emp_no,first_name,last_name,birth_date,from_date,to_date,title
10002,Bezalel,Simmel,6/2/64,8/3/96,1/1/99,Staff
10010,Duangkaew,Piveteau,6/1/63,6/26/00,1/1/99,Engineer
10013,Eberhardt,Terkki,6/7/63,10/20/85,1/1/99,Senior Staff
10027,Divier,Reistad,7/10/62,4/2/95,1/1/99,Senior Engineer
10037,Pradeep,Makrucki,7/22/63,12/5/90,1/1/99,Engineer
10061,Tse,Herber,10/19/62,12/2/89,1/1/99,Senior Staff
10065,Satosi,Awdeh,4/14/63,5/24/98,1/1/99,Engineer
10068,Charlene,Brattka,11/26/62,8/7/87,1/1/99,Staff
10077,Mona,Azuma,4/18/64,12/23/94,1/1/99,Staff
10085,Kenroku,Malabarba,11/7/62,4/9/94,1/1/99,Senior Engineer
10086,Somnath,Foote,11/19/62,2/19/92,1/1/99,Senior Staff
10089,Sudharsan,Flasterstein,3/21/63,1/10/89,1/1/99,Staff
10092,Valdiodio,Niizuma,10/18/64,4/22/96,1/1/99,Engineer
10093,Sailaja,Desikan,6/11/64,6/8/97,1/1/99,Staff
10095,Hilari,Morton,1/3/65,3/10/94,1/1/99,Senior Staff
10111,Hugo,Rosis,8/29/63,12/19/88,1/1/99,Senior Engineer
10112,Yuichiro,Swick,8/13/63,5/1/98,1/1/99,Staff
10113,Jaewon,Syrzycki,11/13/63,9/14/98,1/1/99,Engineer
10121,Guoxiang,Ramsay,7/14/62,5/3/89,1/1/99,Engineer
10122,Ohad,Esposito,1/19/65,8/6/98,1/1/99,Technique Leader
10123,Hinrich,Randi,5/12/62,1/15/93,1/1/99,Assistant Engineer
10124,Geraldo,Marwedel,5/23/62,6/6/99,1/1/99,Engineer
10133,Giri,Isaak,12/12/63,12/15/85,1/1/99,Senior Engineer
10139,Ewing,Foong,3/3/63,3/15/98,1/1/99,Engineer
10147,Kazuhito,Encarnacion,10/13/64,12/18/87,1/1/99,Senior Staff
10156,Sumali,Fargier,9/19/64,5/14/93,1/1/99,Engineer
10168,Dharmaraja,Stassinopoulos,9/11/64,12/6/86,1/1/99,Staff
10173,Shrikanth,Mahmud,10/28/62,3/21/92,1/1/99,Staff
10178,Valery,Litvinov,3/13/63,3/21/94,1/1/99,Staff
10181,Sibyl,Nooteboom,1/22/63,6/22/88,1/1/99,Senior Engineer
10190,Arve,Fairtlough,12/11/64,6/23/86,1/1/99,Engineer
10197,Kasidit,Krzyzanowski,8/6/63,6/28/94,1/1/99,Engineer
10211,Vishu,Strehl,8/5/64,11/22/91,1/1/99,Senior Engineer
10213,Jackson,Kakkad,5/24/64,10/6/94,1/1/99,Staff
10214,Tadahiko,Ciolek,4/14/62,2/29/88,1/1/99,Senior Staff
10222,Tze,Nourani,9/21/62,6/8/86,1/1/99,Engineer
10223,Carrsten,Schmiedel,9/17/63,4/1/98,1/1/99,Engineer
10226,Xinglin,Plessier,12/28/64,1/29/96,1/1/99,Staff
10231,Shaowen,Desikan,7/21/63,9/9/98,1/1/99,Staff
10238,Mototsugu,Gire,11/2/64,5/25/96,1/1/99,Engineer
10242,Lunjin,Ozeri,2/22/64,1/18/88,1/1/99,Senior Engineer
10246,Basem,Teitelbaum,6/23/62,2/1/91,1/1/99,Senior Engineer
10247,Heon,Riefers,6/30/64,8/14/92,1/1/99,Engineer
10270,Bedir,Hartvigsen,1/30/63,9/26/91,1/1/99,Staff
10271,Sham,Eastman,4/24/62,5/23/86,1/1/99,Senior Engineer
10273,Baocai,Lieblein,8/29/62,11/6/85,1/1/99,Staff
10277,Isaac,Schwartzbauer,8/15/64,6/16/85,1/1/99,Staff
10279,Barton,Jumpertz,8/20/64,7/11/99,1/1/99,Engineer
10280,Stabislas,Delgrange,10/29/64,1/27/95,1/1/99,Staff
10287,Marie,Pietracaprina,11/28/63,9/5/97,1/1/99,Staff
10291,Dipayan,Seghrouchni,1/23/65,3/30/87,1/1/99,Senior Staff
10292,Yucel,Ghelli,1/27/63,6/5/89,1/1/99,Staff
10296,Petter,Lorho,5/13/64,9/16/89,1/1/99,Senior Staff
10301,Lucien,Staudhammer,8/26/62,5/23/88,1/1/99,Staff
10309,Prodip,Schusler,11/6/64,5/2/97,1/1/99,Assistant Engineer
10313,Subbu,Riexinger,5/30/62,10/10/94,1/1/99,Staff
10319,Mechthild,Miyakawa,3/9/63,6/18/94,1/1/99,Senior Staff
10335,Toshimori,Bahi,3/13/63,11/7/99,1/1/99,Senior Staff
10351,Tadahiko,Strehl,8/23/63,5/1/95,1/1/99,Staff
10357,Hausi,Sidhu,1/10/64,4/4/94,1/1/99,Senior Engineer
10378,Takahira,Lichtner,9/5/64,8/31/92,1/1/99,Senior Staff
10381,Jiong,Parfitt,3/4/63,12/4/91,1/1/99,Engineer
10383,Leucio,Aumann,11/13/63,6/19/91,1/1/99,Senior Engineer
10392,Jiann,Hainaut,2/17/62,8/9/97,1/1/99,Engineer
10408,Martijn,Kaiser,3/17/64,10/7/98,1/1/99,Staff
10417,Bingning,Bakhtari,2/2/64,6/27/99,1/1/99,Staff
10436,Yahiko,Lammel,6/17/63,1/30/88,1/1/99,Senior Staff
10448,Phule,Oxenboll,12/10/63,3/12/92,1/1/99,Senior Staff
10455,Sverrir,Streng,12/17/63,2/19/95,1/1/99,Staff
10456,Stepehn,Hardjono,1/24/63,1/6/00,1/1/99,Staff
10457,Oddvar,Schlenzig,11/10/63,10/23/99,1/1/99,Senior Engineer
10464,Mang,Maginnis,9/4/62,5/21/91,1/1/99,Senior Staff
10465,Claudi,Shackel,3/13/63,12/11/94,1/1/99,Senior Staff
10469,Munehiko,Ananiadou,12/22/64,12/26/92,1/1/99,Senior Engineer
10471,Jouko,Yamaashi,11/30/63,11/18/90,1/1/99,Senior Engineer
10473,Przemyslawa,Oskamp,10/13/63,9/23/97,1/1/99,Engineer
10474,Kenton,Garnham,2/24/62,2/21/87,1/1/99,Engineer
10476,Kokou,Iisaka,1/1/65,9/20/87,1/1/99,Senior Staff
10491,Garnik,Narahari,9/9/64,1/17/90,1/1/99,Senior Staff
10493,Maris,Haraldson,1/12/62,10/29/98,1/1/99,Senior Staff
10498,Valter,Cappelletti,9/15/64,3/9/94,1/1/99,Engineer
10501,Susuma,Larfeldt,9/9/62,9/8/88,1/1/99,Engineer
10507,Kasidit,Belinskaya,2/18/64,9/30/90,1/1/99,Staff
10508,Kotesh,Liedekerke,6/2/62,5/1/91,1/1/99,Engineer
10511,Khoa,Marrevee,6/18/63,1/27/92,1/1/99,Assistant Engineer
10518,Marin,Lanphier,5/23/63,9/3/93,1/1/99,Technique Leader
10520,Jenwei,Ecklund,3/6/64,9/5/96,1/1/99,Senior Engineer
10526,Kwangho,Theuretzbacher,12/31/63,2/27/88,1/1/99,Senior Engineer
10527,Tetsushi,Barvinok,9/15/64,1/25/96,1/1/99,Technique Leader
10528,Koichi,Lakshmanan,5/16/63,10/28/93,1/1/99,Senior Engineer
10533,Mohamadou,Smailagic,6/25/63,8/17/90,1/1/99,Senior Staff
10536,Yechiam,Sambasivam,10/29/64,10/7/88,1/1/99,Senior Staff
10537,Stella,Benzmuller,6/29/62,9/25/96,1/1/99,Senior Staff
10543,Lein,Lichtman,10/6/62,11/24/98,1/1/99,Staff
10544,Ishfaq,Krzyzanowski,2/1/62,4/29/95,1/1/99,Senior Staff
10545,Hauke,dAstous,1/12/63,6/30/90,1/1/99,Engineer
10551,Jeong,Rijsenbrij,10/7/63,8/6/88,1/1/99,Engineer
10553,Rajmohan,Wallrath,2/8/64,7/22/90,1/1/99,Engineer
10556,JoAnna,Taubman,12/31/62,4/15/92,1/1/99,Senior Staff
10558,Hisao,Famili,10/8/64,4/22/92,1/1/99,Senior Engineer
10562,Shuky,Pearson,4/17/63,7/24/97,1/1/99,Senior Engineer
10569,Sreenivas,Bashian,12/3/62,3/13/87,1/1/99,Staff
10571,Fun,Varman,12/10/63,2/24/85,1/1/99,Senior Engineer
10573,Tetsushi,Speel,2/23/64,8/20/99,1/1/99,Staff
10585,Sajjad,Willoner,11/10/63,8/24/94,1/1/99,Senior Engineer
10587,Behnaam,Srimani,3/4/62,11/20/91,1/1/99,Senior Engineer
10590,Yongqiao,Kalloufi,10/1/63,4/9/86,1/1/99,Senior Staff
10592,Almudena,Alvarado,8/1/64,9/27/93,1/1/99,Staff
10595,Giri,Undy,12/10/64,11/24/89,1/1/99,Senior Engineer
10600,Emran,Rettelbach,8/17/63,4/27/92,1/1/99,Staff
10606,Toshiki,Marakhovsky,3/4/64,5/2/87,1/1/99,Senior Engineer
10607,Rosalyn,Hambrick,11/30/64,1/13/96,1/1/99,Engineer
10611,Karsten,Blokdijk,5/11/64,9/16/89,1/1/99,Senior Engineer
10618,Ranga,Yeung,8/3/63,10/7/94,1/1/99,Engineer
10621,Hinrich,Siepmann,2/3/62,2/10/92,1/1/99,Engineer
10627,Shigeu,Itzfeldt,10/6/62,3/13/95,1/1/99,Staff
10648,Marlo,Ratnaker,1/19/62,2/16/88,1/1/99,Senior Engineer
10656,Sanjay,Litzkow,6/18/62,6/21/88,1/1/99,Engineer
10663,Teunis,Noriega,1/9/65,2/12/99,1/1/99,Technique Leader
10664,Xumin,Peck,6/2/62,12/24/89,1/1/99,Engineer
10666,Zhonghua,Reeker,10/3/64,5/20/89,1/1/99,Senior Staff
10670,Shunichi,McAffer,4/23/62,3/23/88,1/1/99,Staff
10677,Alejandra,Perng,2/20/63,10/13/99,1/1/99,Engineer
10681,Florina,Garnier,12/25/64,1/8/02,1/1/99,Staff
10686,Avishai,Azadmanesh,5/25/63,5/17/87,1/1/99,Senior Engineer
10688,Xiaopeng,Lanphier,2/28/64,4/13/86,1/1/99,Senior Staff
10690,Matt,Jumpertz,9/6/62,10/4/95,1/1/99,Senior Engineer
10695,Zorica,Acton,8/30/62,5/19/98,1/1/99,Engineer
10699,Hatim,Deverell,2/2/64,11/17/85,1/1/99,Senior Engineer
10705,Hironobu,Wynblatt,6/17/63,7/18/90,1/1/99,Staff
10710,Sorina,Kermarrec,12/25/62,7/9/95,1/1/99,Senior Staff
10711,Arvind,DuBourdieux,6/20/63,6/21/91,1/1/99,Senior Engineer
10716,Aiman,Constantine,10/8/63,8/12/87,1/1/99,Senior Engineer
10721,Bernd,Redmiles,7/12/64,7/15/99,1/1/99,Staff
10723,Eckart,Harnett,1/14/64,7/14/97,1/1/99,Technique Leader
10732,Morris,Andreotta,4/22/62,12/21/94,1/1/99,Senior Engineer
10733,Sangeeta,Rodham,4/6/62,2/20/96,1/1/99,Staff
10735,Morrie,Gewali,9/12/64,10/29/85,1/1/99,Senior Staff
10736,Gurbir,Hellwagner,7/9/62,9/26/91,1/1/99,Senior Engineer
10738,Rosita,Oppitz,10/8/63,1/6/92,1/1/99,Technique Leader
10743,Kiyomitsu,Peltason,12/26/63,11/5/99,1/1/99,Staff
10748,Yuchang,Francisci,4/12/64,4/4/92,1/1/99,Staff
10752,Byong,Conde,7/18/64,5/28/93,1/1/99,Senior Engineer
10758,Fumiyo,Boyle,11/26/62,7/1/99,1/1/99,Engineer
10760,Phillip,Dratva,5/27/63,8/22/97,1/1/99,Senior Staff
10762,Lech,Himler,1/19/65,1/21/92,1/1/99,Staff
10763,Giap,Bolsens,4/15/62,2/23/87,1/1/99,Senior Engineer
10766,Nathalie,Standera,6/10/64,9/18/99,1/1/99,Staff
10769,Vishv,Bouloucos,11/2/62,8/30/91,1/1/99,Technique Leader
10783,Moty,Kenevan,11/13/63,5/15/94,1/1/99,Staff
10785,Keiichiro,Marzano,2/9/63,11/11/94,1/1/99,Senior Engineer
10786,Patricia,dAstous,5/19/64,12/10/01,1/1/99,Senior Engineer
10788,Frazer,Ullian,6/28/63,5/29/98,1/1/99,Staff
10789,Aruna,Journel,5/19/64,1/26/98,1/1/99,Staff
10790,Yurij,Schonegge,4/1/62,3/2/99,1/1/99,Engineer
10794,Teunis,Berztiss,6/26/62,5/24/94,1/1/99,Senior Staff
10804,Terresa,Benantar,2/20/64,6/9/97,1/1/99,Staff
10807,Munehiro,Zallocco,6/23/64,10/19/99,1/1/99,Senior Staff
10809,Shim,Feldhoffer,1/6/62,2/25/88,1/1/99,Senior Engineer
10832,Hidde,Bergere,8/29/64,10/11/86,1/1/99,Staff
10839,Gurbir,Katiyar,4/2/64,12/30/96,1/1/99,Assistant Engineer
10853,Yoshinari,Kalloufi,3/22/64,5/3/93,1/1/99,Technique Leader
10863,Byong,Bhattacharjee,8/5/62,12/25/85,1/1/99,Senior Engineer
10877,Subir,Biron,9/11/64,6/6/86,1/1/99,Senior Staff
10880,Weiye,Nitsche,2/11/62,1/11/92,1/1/99,Engineer
10886,Sushant,Begiun,9/30/64,3/26/95,1/1/99,Engineer
10890,Ramzi,Furudate,4/13/63,3/10/90,1/1/99,Senior Staff
10891,Susanne,Jiang,12/15/63,10/6/95,1/1/99,Engineer
10896,Adil,Taubenfeld,4/12/64,11/27/97,1/1/99,Engineer
10899,Valery,Rousseau,5/11/62,4/5/90,1/1/99,Senior Staff
10907,JiYoung,Luks,9/26/63,12/25/88,1/1/99,Senior Staff
10916,Make,Spataro,1/3/62,10/2/98,1/1/99,Engineer
10933,Juyoung,Seghrouchni,1/24/65,8/2/93,1/1/99,Senior Engineer
10937,Anyuan,Nanard,9/11/64,5/3/91,1/1/99,Senior Engineer
10939,Matk,Akazan,7/13/64,12/11/97,1/1/99,Assistant Engineer
10951,Marco,Iisaku,1/20/62,7/6/89,1/1/99,Senior Staff
10954,Ranga,Burnard,11/16/64,12/14/95,1/1/99,Staff
10964,Takushi,Bolsens,4/2/62,5/5/91,1/1/99,Staff
10966,Danel,Pardalos,7/4/62,11/12/99,1/1/99,Staff
10967,Eran,Adachi,10/1/62,8/1/93,1/1/99,Senior Engineer
10970,Gen,Tiemann,8/24/62,11/14/95,1/1/99,Engineer
10975,Peternela,Birnbaum,7/27/62,1/14/97,1/1/99,Senior Engineer
10976,Hitomi,Valette,1/27/63,10/31/98,1/1/99,Technique Leader
10978,Huiqun,Bellone,9/24/62,5/18/85,1/1/99,Senior Engineer
10980,Filipp,Munawer,11/10/63,1/4/89,1/1/99,Engineer
10982,Yishay,Decleir,2/27/64,11/11/89,1/1/99,Staff
10995,Chenye,Hertweck,2/26/63,7/19/97,1/1/99,Senior Staff
11007,Olivera,Maccarone,3/16/62,10/15/96,1/1/99,Engineer
11010,Jaques,Narwekar,3/20/63,12/18/86,1/1/99,Staff
11022,Apostol,Pintelas,2/2/64,10/18/93,1/1/99,Staff
11023,Yifei,Driscoll,1/8/64,6/12/90,1/1/99,Staff
11029,Georgi,Itzfeldt,7/12/62,12/27/92,1/1/99,Senior Staff
11035,Bangqing,Atrawala,9/25/63,7/26/98,1/1/99,Staff
11036,Muzhong,Greenaway,9/4/62,10/24/88,1/1/99,Staff
11041,Stamatina,Matheson,1/12/64,1/29/98,1/1/99,Senior Engineer
11049,Gift,Apsitis,2/12/63,5/12/95,1/1/99,Staff
11058,Shigeaki,Cyre,4/24/62,6/7/85,1/1/99,Senior Staff
11059,Shawna,Jarecki,5/26/62,11/17/86,1/1/99,Senior Engineer
11074,Spyrose,Peak,8/17/63,6/15/95,1/1/99,Staff
11076,Youssef,Schaad,5/15/63,9/17/99,1/1/99,Engineer
11096,Shugo,Zallocco,2/21/62,6/8/94,1/1/99,Senior Engineer
11108,Danae,Grabner,4/15/62,6/12/92,1/1/99,Senior Staff
11109,Chinho,Stamatiou,11/5/64,3/29/85,1/1/99,Senior Staff
11122,Aleksandar,Randi,8/12/64,10/15/95,1/1/99,Staff
11124,Gladys,Porenta,7/12/63,4/16/90,1/1/99,Staff
11136,Gladys,Luiz,6/1/64,12/6/90,1/1/99,Senior Engineer
11142,Moheb,Raney,11/19/64,11/4/93,1/1/99,Engineer
11149,Domenico,Imataki,6/28/64,8/26/87,1/1/99,Senior Staff
11172,Kristian,Sudkamp,6/25/63,6/20/00,1/1/99,Staff
11175,Aksel,Rajaraman,6/30/63,11/29/96,1/1/99,Engineer
11182,Tze,Steinauer,10/29/62,12/6/94,1/1/99,Senior Engineer
11191,Pradeep,Crooks,10/20/63,12/14/91,1/1/99,Staff
11193,Val,Kumaresan,8/13/64,1/28/98,1/1/99,Senior Staff
11198,Leif,Gini,5/12/63,2/7/88,1/1/99,Senior Staff
11200,Renny,Junet,6/5/64,4/8/95,1/1/99,Technique Leader
11202,Marek,Ranon,11/1/64,2/26/96,1/1/99,Senior Staff
11205,Tayeb,Ebeling,2/5/62,11/9/95,1/1/99,Staff
11209,Xuejun,Penn,6/25/64,2/8/00,1/1/99,Engineer
11216,Utz,Perng,2/22/63,5/3/99,1/1/99,Technique Leader
11220,Sahrah,Figueira,6/25/62,10/27/95,1/1/99,Staff
11225,Maria,Schicker,4/25/63,10/17/96,1/1/99,Senior Engineer
11235,Larisa,Schueller,11/13/64,11/9/98,1/1/99,Senior Engineer
11236,Marek,Orlowska,1/27/63,3/23/95,1/1/99,Senior Engineer
11238,Kwan,Chenoweth,12/28/62,2/14/99,1/1/99,Senior Engineer
11246,Maik,Reinhart,11/16/64,6/3/98,1/1/99,Engineer
11260,Ingemar,Schade,6/11/63,5/16/96,1/1/99,Staff
11261,Claudi,Demri,9/5/63,12/6/87,1/1/99,Senior Engineer
11262,Bokyung,Melski,12/24/62,4/30/94,1/1/99,Staff
11264,Uma,Oehlmann,3/15/64,10/9/86,1/1/99,Engineer
11269,Garnik,Slutz,4/2/62,5/30/97,1/1/99,Staff
11270,Gina,Falster,10/10/62,9/4/89,1/1/99,Staff
11282,Josyula,Schaad,1/31/64,6/9/97,1/1/99,Staff
11283,Shmuel,Codenie,2/25/64,6/30/87,1/1/99,Staff
11285,Randy,Koshino,2/23/62,11/23/99,1/1/99,Staff
11286,Joydip,Gini,12/4/64,2/16/88,1/1/99,Senior Staff
11287,Sreenivas,Farrag,8/16/63,8/12/87,1/1/99,Senior Staff
11307,Mohd,Dratva,11/8/63,4/30/95,1/1/99,Senior Staff
11309,Caolyn,Ranai,5/28/63,1/26/99,1/1/99,Staff
11313,Paraskevi,Kusalik,6/21/62,2/28/86,1/1/99,Senior Staff
11316,Ult,Farrar,11/2/63,7/18/97,1/1/99,Assistant Engineer
11318,Gopalakrishnan,Unno,9/9/64,1/25/86,1/1/99,Senior Staff
11345,Youngkon,Maierhofer,8/11/64,11/25/98,1/1/99,Engineer
11346,Jungsoon,Fiebach,4/25/62,6/11/92,1/1/99,Senior Staff
11348,Vishu,Kroll,4/26/62,10/2/91,1/1/99,Senior Staff
11355,Shim,Gecsei,9/12/62,11/30/99,1/1/99,Technique Leader
11361,Zhonghui,Birdsall,12/7/62,1/31/97,1/1/99,Engineer
11362,Tooru,Hockney,11/24/63,10/29/87,1/1/99,Senior Engineer
11363,Jenwei,Milicia,4/27/62,3/16/86,1/1/99,Senior Staff
11367,Christophe,Slobodova,12/7/62,11/4/99,1/1/99,Staff
11382,Akemi,Otillio,4/4/62,6/4/91,1/1/99,Engineer
11383,Billur,Herbst,2/22/64,11/26/99,1/1/99,Staff
11384,Jaana,Veccia,12/17/62,6/3/94,1/1/99,Senior Staff
11391,Jouko,Antonakopoulos,3/26/63,10/14/94,1/1/99,Engineer
11394,Masadi,Uhrik,1/2/64,12/20/88,1/1/99,Staff
11397,Fumiya,Kisuki,9/1/63,12/12/92,1/1/99,Technique Leader
11407,Thanasis,Thebaut,1/11/62,5/6/91,1/1/99,Senior Staff
11411,Shigehito,Giaccio,4/6/62,5/17/92,1/1/99,Staff
11412,Werner,Demeyer,2/25/63,2/2/96,1/1/99,Staff
11424,Lein,Sudkamp,4/7/63,2/14/91,1/1/99,Staff
11427,Haldun,Iisaka,8/15/63,8/4/99,1/1/99,Senior Staff
11435,Utpal,Lichtman,5/29/62,10/15/86,1/1/99,Staff
11440,Lubomir,Jahnichen,12/7/64,3/3/94,1/1/99,Engineer
11443,Szabolcs,Nivat,5/30/62,8/15/89,1/1/99,Senior Staff
11444,Sangeeta,Leuchs,11/17/63,1/1/92,1/1/99,Engineer
11453,Fei,Lakshmanan,11/18/62,7/13/90,1/1/99,Technique Leader
11464,Boutros,Simkin,10/22/62,5/30/92,1/1/99,Engineer
11466,Naftali,Koshino,1/4/64,7/2/89,1/1/99,Engineer
11470,Khalid,Michaels,10/11/62,8/10/99,1/1/99,Engineer
11478,Nidapan,Ginneken,3/18/62,9/10/99,1/1/99,Senior Staff
11482,Uri,Deverell,10/16/64,4/3/91,1/1/99,Senior Staff
11486,Itzchak,Ramaiah,3/5/63,5/31/85,1/1/99,Senior Staff
11487,Arumugam,Cairo,7/11/63,10/14/97,1/1/99,Engineer
11488,Houman,Veldwijk,11/18/62,8/25/87,1/1/99,Engineer
11489,Sandeepan,Yeung,11/12/62,3/24/91,1/1/99,Senior Staff
11492,Menkae,Mikschl,7/2/62,5/22/94,1/1/99,Engineer
11495,Shin,Barriga,1/2/64,9/13/89,1/1/99,Staff
11496,Toshimo,Marakhovsky,8/20/63,7/9/92,1/1/99,Assistant Engineer
11504,Saeed,Ananiadou,6/16/62,9/30/90,1/1/99,Engineer
11505,Shietung,Billingsley,11/15/63,11/15/96,1/1/99,Senior Engineer
11511,Arlette,Mikschl,6/2/64,5/28/97,1/1/99,Assistant Engineer
11512,Nidapan,Hagimont,9/24/62,9/1/87,1/1/99,Engineer
11514,Georgy,Iwayama,8/17/63,5/14/90,1/1/99,Engineer
11544,Elzbieta,Thimonier,9/5/64,10/22/96,1/1/99,Senior Staff
11545,Bartek,Lieblein,8/1/62,9/19/86,1/1/99,Senior Engineer
11546,Duro,Vuskovic,12/22/64,6/30/87,1/1/99,Senior Staff
11550,Divine,Georgakopoulos,8/27/62,12/16/97,1/1/99,Engineer
11551,Subhrajyoti,Gonthier,8/28/62,5/9/86,1/1/99,Senior Engineer
11565,Yoshinari,Sankaranarayanan,9/2/63,2/3/88,1/1/99,Senior Engineer
11566,Martina,Quittner,10/7/64,1/9/95,1/1/99,Engineer
11579,Jinxi,Merel,6/1/62,5/25/97,1/1/99,Staff
11586,Shridhar,Orsini,8/2/63,9/9/97,1/1/99,Staff
11593,Eckart,Gunderson,5/4/63,3/9/99,1/1/99,Engineer
11594,Pradeep,Butner,1/30/62,12/4/94,1/1/99,Senior Staff
11598,Sariel,Ertl,6/7/64,4/2/94,1/1/99,Engineer
11604,Deborah,Baar,7/11/62,12/11/90,1/1/99,Engineer
11610,Eirik,Sidhu,7/17/62,10/18/85,1/1/99,Engineer
11612,Siamak,Baar,1/15/62,12/10/90,1/1/99,Engineer
11618,Gian,Juneja,2/8/64,8/13/01,1/1/99,Staff
11622,Moon,Ginneken,10/14/62,5/11/92,1/1/99,Senior Engineer
11623,Becky,Jullig,3/18/64,3/5/90,1/1/99,Engineer
11627,Zeljko,Schreiter,9/24/64,10/31/98,1/1/99,Engineer
11629,Miquel,Muhlberg,12/5/63,12/16/94,1/1/99,Staff
11635,Nalini,Mahnke,7/13/64,10/13/89,1/1/99,Senior Engineer
11638,JoAnne,Falco,4/28/64,1/17/96,1/1/99,Engineer
11639,Khatoun,Herath,5/2/64,2/18/87,1/1/99,Engineer
11653,Mohammed,Ananiadou,5/6/63,2/26/93,1/1/99,Senior Engineer
11655,Gift,Broomell,10/28/63,9/23/91,1/1/99,Senior Engineer
11656,Aimee,Muniz,1/8/63,1/25/99,1/1/99,Staff
11661,Candida,Moffat,2/5/63,8/24/95,1/1/99,Engineer
11662,Mokhtar,Hofting,4/25/63,2/16/91,1/1/99,Senior Staff
11670,Evgueni,Kroon,9/25/64,5/17/85,1/1/99,Senior Staff
11682,Dante,Zumaque,3/13/63,11/27/86,1/1/99,Staff
11687,Owen,Peak,2/28/63,3/22/92,1/1/99,Senior Engineer
11694,Stamatina,Ozery,8/26/62,3/31/89,1/1/99,Staff
11704,Naftali,Baalen,11/9/64,4/4/99,1/1/99,Engineer
11707,Tooru,Hettesheimer,7/18/64,4/7/94,1/1/99,Senior Engineer
11716,Anneli,Leijenhorst,1/24/62,5/9/89,1/1/99,Senior Engineer
11723,Halsur,Bauknecht,12/22/62,5/18/98,1/1/99,Senior Staff
11734,Ramya,Baezner,7/28/63,8/9/98,1/1/99,Staff
11740,Isaac,Pero,5/21/62,1/19/90,1/1/99,Staff
11741,Valeri,Vigier,5/27/62,2/4/89,1/1/99,Senior Staff
11745,Janche,Bahi,7/3/64,12/12/99,1/1/99,Staff
11752,Bingning,Etalle,11/11/64,11/10/92,1/1/99,Staff
11753,Fayez,Nishimukai,12/7/63,5/1/91,1/1/99,Senior Staff
11757,Jackson,Meriste,5/22/64,4/7/87,1/1/99,Senior Engineer
11759,Feixiong,Cincotta,2/1/62,12/1/96,1/1/99,Assistant Engineer
11761,Bartek,Aamodt,7/17/64,6/12/91,1/1/99,Senior Staff
11766,Nimmagadda,Berztiss,10/10/64,10/27/87,1/1/99,Engineer
11768,Krassimir,Erol,6/9/64,4/25/91,1/1/99,Engineer
11775,Sajjad,Xiaoshan,6/16/63,11/15/88,1/1/99,Engineer
11777,Mayumi,Cooley,12/17/62,6/21/94,1/1/99,Staff
11780,Sugwoo,Sewelson,5/4/63,11/10/99,1/1/99,Senior Engineer
11781,Tua,Pluym,11/29/64,12/4/97,1/1/99,Staff
11782,Tesuro,Lanzelotte,4/2/62,2/1/91,1/1/99,Technique Leader
11786,Sarita,Birch,11/12/63,2/28/96,1/1/99,Staff
11788,Georgy,Gopalakrishnan,4/11/62,2/12/99,1/1/99,Technique Leader
11789,Udi,Khasidashvili,5/12/62,8/18/89,1/1/99,Senior Staff
11794,Atreye,Ghandeharizadeh,10/25/64,9/4/92,1/1/99,Senior Engineer
11796,Sachem,Egerstedt,5/24/63,1/23/89,1/1/99,Staff
11798,Kwan,Quaggetto,8/14/64,12/10/87,1/1/99,Senior Staff
11799,Duro,Silva,3/25/64,3/6/96,1/1/99,Assistant Engineer
11806,Shan,Leivant,1/26/62,4/2/96,1/1/99,Engineer
11808,Morrie,Rosiles,9/3/62,5/17/86,1/1/99,Senior Engineer
11815,Akemi,Sommen,4/9/63,5/3/95,1/1/99,Technique Leader
11816,Masako,Besselaar,4/26/64,8/5/91,1/1/99,Senior Staff
11826,Carrsten,Rotem,2/20/64,7/6/88,1/1/99,Senior Engineer
11831,Udaiprakash,Billingsley,10/23/63,1/27/98,1/1/99,Engineer
11833,Yolla,Levasseur,11/3/63,7/15/99,1/1/99,Staff
11834,Mana,Wegerle,5/20/62,2/5/95,1/1/99,Technique Leader
11839,Navid,Falck,10/24/62,12/14/90,1/1/99,Engineer
11840,Jayson,Hofman,7/27/62,12/21/86,1/1/99,Staff
11850,Bikash,Maginnis,10/23/64,2/10/91,1/1/99,Staff
11852,Zhongwei,Yurek,7/17/63,1/22/95,1/1/99,Staff
11856,Gao,Alpin,12/18/62,5/23/89,1/1/99,Senior Engineer
11858,Slavian,Baik,11/21/62,8/15/96,1/1/99,Staff
11861,Vincent,Claffy,3/12/62,5/28/90,1/1/99,Assistant Engineer
11863,Stella,Peng,7/3/62,12/16/88,1/1/99,Senior Engineer
11884,Patricia,Moehrke,4/10/63,6/18/98,1/1/99,Senior Staff
11885,Sandeepan,Velasco,5/20/62,1/12/97,1/1/99,Technique Leader
11898,Jinya,Piveteau,10/29/64,12/1/96,1/1/99,Engineer
11901,Baoqiu,Plumb,9/5/62,8/1/92,1/1/99,Senior Staff
11904,DeForest,Flasterstein,7/5/62,5/12/98,1/1/99,Staff
11912,Kristian,Giaccio,8/15/64,10/6/94,1/1/99,Senior Engineer
11924,Hirochika,Worfolk,3/19/63,1/9/97,1/1/99,Engineer
11953,Moheb,Baar,9/23/62,3/21/96,1/1/99,Staff
11955,Domenico,Eastman,10/17/64,4/25/95,1/1/99,Senior Engineer
11968,Mitchel,Dayang,8/13/64,8/8/95,1/1/99,Senior Engineer
11974,Vojin,Sabnani,10/13/63,7/23/89,1/1/99,Staff
11979,Abdulah,Akazan,10/9/62,6/7/98,1/1/99,Staff
11981,LiMin,Horswill,4/11/64,9/14/90,1/1/99,Engineer
11984,Vasilii,Luit,6/4/62,5/22/97,1/1/99,Senior Engineer
11986,Reinhard,Azuma,1/12/63,8/6/91,1/1/99,Senior Staff
11990,Chanjung,Matheson,11/24/64,9/5/88,1/1/99,Senior Engineer
12004,Lucien,Schlenzig,2/11/62,1/11/97,1/1/99,Technique Leader
12006,Remco,Erol,8/9/63,5/8/98,1/1/99,Engineer
12009,Sariel,Stifter,9/26/63,9/22/98,1/1/99,Assistant Engineer
12014,Apostol,Lunt,4/30/62,10/11/88,1/1/99,Engineer
12019,Mads,Ossenbruggen,9/5/62,2/17/86,1/1/99,Senior Staff
12027,Zhanqiu,Vuskovic,7/31/62,1/5/92,1/1/99,Technique Leader
12031,Achilleas,Vendrig,1/11/62,2/10/87,1/1/99,Senior Engineer
12039,Kazuhide,Junet,12/3/64,4/4/88,1/1/99,Senior Staff
12045,Mototsugu,Boguraev,2/3/62,3/3/91,1/1/99,Senior Engineer
12056,Nirmal,Genther,9/27/62,6/2/88,1/1/99,Senior Engineer
12057,Vishv,Speckmann,8/14/62,9/22/90,1/1/99,Senior Staff
12058,Qunsheng,Khamsi,2/18/64,8/6/91,1/1/99,Engineer
12064,Heping,Silva,1/22/62,3/14/86,1/1/99,Assistant Engineer
12065,Moto,Roohalamini,4/10/64,6/18/87,1/1/99,Engineer
12066,Junichi,Deville,6/1/63,9/20/85,1/1/99,Staff
12067,Doowon,Kalsbeek,4/19/62,12/17/91,1/1/99,Senior Staff
12072,Rosalie,Larfeldt,3/13/63,12/17/90,1/1/99,Senior Engineer
12084,Morris,Krohm,2/13/62,1/1/97,1/1/99,Engineer
12085,Hugh,Rouquie,4/1/64,7/3/86,1/1/99,Senior Staff
12096,Weiwu,Schlenzig,4/12/64,8/17/94,1/1/99,Senior Staff
12107,Manibrata,Antonisse,10/15/64,1/27/97,1/1/99,Engineer
12108,Akeel,Frezza,6/14/63,12/13/92,1/1/99,Senior Engineer
12111,Shakhar,Oberman,4/11/62,6/13/93,1/1/99,Senior Staff
12121,Gadiel,Vendrig,5/13/63,6/4/90,1/1/99,Senior Engineer
12124,Jingling,Schaaf,8/1/64,7/14/89,1/1/99,Senior Staff
12126,Vugranam,Parveen,10/14/63,12/1/92,1/1/99,Senior Engineer
12139,Guangming,Senzako,10/31/64,3/7/94,1/1/99,Engineer
12150,Dekang,Boissier,9/6/63,6/25/91,1/1/99,Engineer
12151,Takahiro,Sigstam,5/30/63,4/16/90,1/1/99,Staff
12152,Amalendu,Nyrup,1/18/64,8/16/00,1/1/99,Staff
12155,Keiichiro,Glinert,1/21/65,9/16/93,1/1/99,Senior Engineer
12167,Hisao,Kornyak,1/19/62,10/15/92,1/1/99,Senior Staff
12169,Arnd,Broomell,11/30/64,11/29/94,1/1/99,Staff
12176,Christoper,Holburn,12/18/64,7/5/94,1/1/99,Engineer
12178,Miyeon,Chinal,2/4/62,12/30/98,1/1/99,Staff
12182,Kwangho,Beausoleil,8/10/62,10/27/93,1/1/99,Senior Staff
12193,Lucian,Oxman,9/18/63,8/10/89,1/1/99,Senior Staff
12199,Huan,Poupard,11/4/62,6/22/85,1/1/99,Senior Staff
12208,Bartek,Passino,2/20/62,8/24/00,1/1/99,Senior Staff
12224,Nikolaus,Lenart,6/9/62,1/27/95,1/1/99,Staff
12225,Yongqiao,Narahara,7/10/64,1/27/99,1/1/99,Staff
12228,Sreenivas,Melter,2/23/63,4/12/95,1/1/99,Engineer
12243,Lihong,Leivant,11/4/62,4/15/94,1/1/99,Senior Engineer
12245,Christ,Baba,10/31/64,11/27/98,1/1/99,Engineer
12246,Gill,Rehfuss,1/17/64,1/26/90,1/1/99,Senior Staff
12279,Renee,Brookman,6/30/62,3/20/01,1/1/99,Engineer
12285,Stepehn,Erman,12/30/64,2/21/91,1/1/99,Engineer
12292,Wuxu,Farrar,7/2/63,1/5/89,1/1/99,Engineer
12299,Billie,Kushner,4/25/62,1/24/99,1/1/99,Engineer
12301,Oksana,Akazan,2/27/62,3/31/96,1/1/99,Senior Staff
12302,Matt,Plessier,2/14/62,1/28/87,1/1/99,Staff
12307,Sarita,Schlumberger,9/15/64,2/23/85,1/1/99,Senior Engineer
12310,Chandrasekaran,Pettit,8/4/64,12/21/90,1/1/99,Senior Engineer
12315,Haldun,Binding,1/13/63,8/31/89,1/1/99,Senior Staff
12319,Tesuya,Jeansoulin,10/9/62,9/24/92,1/1/99,Senior Staff
12322,Mohammed,Kambil,4/2/62,11/6/96,1/1/99,Senior Engineer
12324,Fun,Delgrange,1/14/63,5/25/90,1/1/99,Senior Engineer
12333,Gino,Peck,5/1/64,4/12/97,1/1/99,Engineer
12334,Mary,Ertl,3/8/62,5/10/98,1/1/99,Engineer
12350,Somnath,Swan,3/12/64,8/25/96,1/1/99,Senior Engineer
12375,Suzette,Heystek,1/3/62,7/17/96,1/1/99,Engineer
12383,Lenore,Pews,1/22/63,3/2/95,1/1/99,Senior Engineer
12386,Godehard,Litecky,1/31/64,10/19/93,1/1/99,Engineer
12389,Percy,Casperson,10/16/63,11/2/99,1/1/99,Staff
12390,Kwangsub,Kilgour,4/22/64,7/9/97,1/1/99,Staff
12402,Shaowei,Speckmann,7/13/63,12/5/97,1/1/99,Staff
12404,Manu,Kulisch,11/16/64,12/14/85,1/1/99,Engineer
12405,Zhanqiu,Kambil,4/6/64,7/16/89,1/1/99,Assistant Engineer
12408,Rasiah,Sudkamp,1/10/65,4/18/95,1/1/99,Senior Engineer
12409,Ebru,Petereit,8/1/63,11/6/98,1/1/99,Engineer
12410,Masanao,Besselaar,8/15/63,4/28/88,1/1/99,Technique Leader
12418,Jongsuk,Lorin,4/6/63,5/8/96,1/1/99,Staff
12429,Patricio,Varman,12/22/62,6/5/99,1/1/99,Engineer
12430,Kristine,Feldmann,3/28/62,1/30/93,1/1/99,Senior Staff
12432,Fumino,Delgrange,8/28/64,7/3/91,1/1/99,Technique Leader
12442,Iara,Lanteri,12/20/63,11/27/89,1/1/99,Senior Engineer
12444,Monique,Reinhard,11/29/62,8/16/87,1/1/99,Senior Staff
12446,Xiaoqiang,Keustermans,1/5/64,11/6/87,1/1/99,Staff
12449,Honesty,Iisaku,4/20/64,6/18/95,1/1/99,Staff
12461,Tesuro,Silva,6/1/64,8/15/98,1/1/99,Senior Engineer
12462,Zhenhua,Schmittgen,5/2/62,11/23/99,1/1/99,Staff
12467,Zhiwei,Bennis,6/18/64,1/7/99,1/1/99,Technique Leader
12472,Leah,Madeira,7/19/62,12/10/85,1/1/99,Engineer
12477,Chiranjit,Chleq,2/23/62,6/25/91,1/1/99,Engineer
12481,Ipke,Uludag,7/9/63,5/11/85,1/1/99,Assistant Engineer
12486,Joydip,Morrin,9/8/64,10/16/96,1/1/99,Senior Engineer
12495,Mooi,Erni,12/28/62,12/13/99,1/1/99,Staff
12511,Frederique,Lueh,11/1/64,2/1/93,1/1/99,Engineer
12519,Suebskul,Ghazalie,8/4/63,9/28/99,1/1/99,Engineer
12532,Tsvetan,Whitcomb,8/12/62,12/12/91,1/1/99,Technique Leader
12535,Kazuhiko,Bergere,11/4/64,2/22/91,1/1/99,Technique Leader
12539,Ramachenga,Kuhnemann,5/7/62,7/7/89,1/1/99,Technique Leader
12544,Kankanahalli,Hartvigsen,10/13/64,4/9/95,1/1/99,Engineer
12546,Luisa,Shobatake,3/10/64,6/5/88,1/1/99,Staff
12548,Chenxi,Baak,6/25/64,6/28/90,1/1/99,Engineer
12549,Krister,Onuegbe,12/19/64,9/15/98,1/1/99,Staff
12565,Theron,Mullainathan,5/19/64,6/16/89,1/1/99,Senior Staff
12572,Sungwon,McConalogue,5/3/64,11/23/95,1/1/99,Engineer
12577,Takushi,Schrift,5/9/64,10/13/00,1/1/99,Engineer
12578,Tamiya,Perin,1/22/64,7/28/86,1/1/99,Senior Staff
12598,Hatem,Farrow,3/2/62,6/27/98,1/1/99,Senior Staff
12604,Minghong,Conti,7/25/62,10/13/90,1/1/99,Staff
12605,Petter,Feldmann,10/26/64,2/19/90,1/1/99,Senior Staff
12611,Guttorm,McAffer,10/31/63,1/7/00,1/1/99,Staff
12618,Honglan,Bridgland,3/15/62,6/3/94,1/1/99,Staff
12625,Goo,Basart,1/12/63,3/3/92,1/1/99,Senior Staff
12633,Garnik,Castellani,10/11/62,7/13/90,1/1/99,Assistant Engineer
12641,Idoia,Azuma,11/13/62,5/1/93,1/1/99,Engineer
12643,Morrie,Schurmann,1/30/65,12/31/98,1/1/99,Staff
12647,Niclas,Sankaranarayanan,4/7/64,8/10/99,1/1/99,Staff
12649,Odinaldo,Luon,8/22/62,10/5/85,1/1/99,Staff
12660,Stamatina,Escriba,1/18/63,11/23/90,1/1/99,Staff
12661,Berry,Lung,3/4/62,12/12/93,1/1/99,Senior Engineer
12669,Caolyn,Roisin,2/9/62,5/30/87,1/1/99,Senior Staff
12673,Jouni,Rajala,11/25/62,6/27/98,1/1/99,Staff
12675,Dekang,Krohm,4/22/63,11/20/87,1/1/99,Senior Staff
12677,Christoper,Yavatkar,1/23/63,2/15/96,1/1/99,Senior Staff
12683,Mana,Chorvat,11/3/62,9/12/01,1/1/99,Senior Engineer
12704,Gino,Tetzlaff,9/8/62,7/16/94,1/1/99,Senior Staff
12706,Akeno,Woycyznski,7/30/62,5/8/94,1/1/99,Senior Staff
12711,Yechiam,Jiafu,8/12/64,11/21/86,1/1/99,Senior Staff
12719,Tomokazu,Riexinger,8/4/63,11/5/96,1/1/99,Engineer
12720,Spyrose,Blokdijk,8/29/62,11/3/95,1/1/99,Staff
12724,Parke,Lammel,7/5/64,2/17/99,1/1/99,Staff
12738,Luigi,Hammerschmidt,9/10/62,9/23/85,1/1/99,Senior Engineer
12745,Ziyad,Passafiume,6/3/63,11/9/91,1/1/99,Senior Staff
12756,Mohit,Braccini,4/26/62,8/12/98,1/1/99,Staff
12757,Karlis,Cooke,10/31/64,6/24/95,1/1/99,Senior Engineer
12762,Jaroslava,Koblitz,4/27/64,9/25/92,1/1/99,Technique Leader
12771,Erez,Luks,2/6/64,6/2/88,1/1/99,Staff
12780,Premal,Puppo,1/24/63,10/21/87,1/1/99,Technique Leader
12783,Mahendra,Ginneken,2/2/62,11/13/85,1/1/99,Senior Engineer
12793,Basil,Covnot,7/8/63,11/11/89,1/1/99,Senior Engineer
12797,Takushi,Turnbull,4/27/64,11/5/91,1/1/99,Senior Engineer
12804,Marlo,Rosti,3/20/62,2/15/87,1/1/99,Senior Staff
12806,Mayuri,Ramamoorthy,12/4/63,3/28/99,1/1/99,Staff
12813,Mack,Schmittgen,6/2/63,10/16/93,1/1/99,Engineer
12817,Bokyung,Rosti,6/17/62,12/24/85,1/1/99,Engineer
12823,Pranav,Lanteri,8/15/62,5/11/85,1/1/99,Senior Engineer
12826,Claude,Mandell,2/13/62,3/26/90,1/1/99,Senior Staff
12832,Mabo,Cusworth,10/24/62,4/25/88,1/1/99,Senior Staff
12833,Jaideep,Tibblin,2/1/62,6/4/87,1/1/99,Senior Engineer
12835,Mats,Krupka,12/14/63,8/14/90,1/1/99,Senior Engineer
12838,Danel,Avouris,12/18/62,9/24/86,1/1/99,Senior Staff
12842,Steen,Stellhorn,4/15/63,9/11/92,1/1/99,Engineer
12845,Florian,Baar,8/25/63,10/25/94,1/1/99,Staff
12859,Cathie,Katiyar,11/19/63,5/17/94,1/1/99,Senior Staff
12860,Zejun,Babb,3/6/63,4/2/94,1/1/99,Engineer
12874,Patricio,Ramamoorthy,3/5/64,2/12/95,1/1/99,Senior Staff
12875,Giri,Validov,3/26/62,2/4/94,1/1/99,Senior Staff
12884,Paddy,Zyda,9/28/64,11/9/88,1/1/99,Engineer
12886,Aimee,Liesche,4/6/62,4/26/93,1/1/99,Senior Staff
12896,Mircea,Delgrande,10/12/63,10/29/86,1/1/99,Senior Engineer
12900,Siamak,Conte,4/18/62,5/11/99,1/1/99,Assistant Engineer
12901,Howell,Narlikar,12/20/62,5/9/97,1/1/99,Staff
12909,Dipankar,Lamba,8/4/62,10/20/97,1/1/99,Staff
12914,Zhenbing,Marsiglia,11/13/63,11/6/92,1/1/99,Engineer
12920,Tetsushi,Legleitner,5/6/64,11/23/98,1/1/99,Senior Engineer
12925,Lijia,Erez,4/21/63,1/23/92,1/1/99,Engineer
12932,Mingsen,Sankaranarayanan,11/18/63,5/3/99,1/1/99,Senior Engineer
12942,Maia,Dalphin,11/9/64,8/17/95,1/1/99,Senior Engineer
12943,Kazuhide,Zucker,1/21/63,12/15/88,1/1/99,Staff
12954,Dinkar,Walston,11/10/64,5/8/86,1/1/99,Staff
12955,Eckart,England,2/10/63,10/9/93,1/1/99,Senior Staff
12956,Seshu,Schusler,11/5/62,10/8/92,1/1/99,Senior Engineer
12963,Kyoichi,Azevdeo,11/22/62,6/9/87,1/1/99,Senior Staff
12966,Willard,Manders,3/27/62,1/3/98,1/1/99,Engineer
12980,Jayson,Delgrange,10/9/62,2/5/88,1/1/99,Engineer
12988,Christoph,Lanzelotte,12/2/62,4/27/99,1/1/99,Engineer
12990,Kristina,Benaini,6/8/64,7/12/85,1/1/99,Engineer
12993,Subhash,Sessa,1/27/62,8/25/86,1/1/99,Staff
12996,Khalil,Madeira,12/7/64,8/26/92,1/1/99,Staff
12999,Taizo,Koyama,10/13/63,11/27/93,1/1/99,Staff
13003,Jinxi,Luft,9/21/63,9/6/91,1/1/99,Technique Leader
13014,Gianluca,Budinsky,6/1/62,1/21/86,1/1/99,Senior Engineer
13018,Toshimi,Moehrke,3/14/64,5/10/87,1/1/99,Senior Staff
13020,Shigeichiro,Suppi,6/26/62,7/6/87,1/1/99,Senior Staff
13022,Georg,Juneja,3/2/62,10/6/95,1/1/99,Engineer
13026,Gina,Itschner,7/7/63,5/23/95,1/1/99,Assistant Engineer
13028,Mayumi,Siksek,8/21/63,10/28/85,1/1/99,Senior Staff
13032,Mohit,Standera,12/12/62,6/10/87,1/1/99,Senior Staff
13035,Waiman,Isaac,7/17/62,12/31/91,1/1/99,Senior Staff
13036,Idoia,Heystek,7/14/64,4/23/98,1/1/99,Staff
13039,Alain,Akazan,8/27/63,10/29/85,1/1/99,Engineer
13041,Kazuhide,Zucker,10/10/63,9/17/96,1/1/99,Staff
13051,Gad,Feinberg,12/20/62,12/11/93,1/1/99,Senior Engineer
13053,Randy,Carrera,4/22/62,10/16/96,1/1/99,Staff
13063,Troy,Shokrollahi,11/17/64,1/2/94,1/1/99,Staff
13072,Jaques,Denis,8/13/63,5/6/93,1/1/99,Senior Engineer
13082,Koldo,DuBourdieux,12/9/62,2/3/97,1/1/99,Staff
13089,Fumiko,Viele,2/20/64,12/29/95,1/1/99,Engineer
13092,Kersti,Bergere,7/3/62,5/16/94,1/1/99,Staff
13094,Sanjay,Servieres,12/19/64,11/19/98,1/1/99,Engineer
13100,Guenter,Roison,4/19/64,1/22/91,1/1/99,Engineer
13109,Stevo,Makrucki,7/2/63,10/15/91,1/1/99,Senior Engineer
13114,Nikolaus,Bressoud,6/28/64,10/13/94,1/1/99,Staff
13115,Jianhua,Comellas,5/6/64,8/21/95,1/1/99,Staff
13116,Constantino,Sury,1/29/63,10/25/87,1/1/99,Staff
13119,Pranav,Anido,8/4/63,10/24/94,1/1/99,Senior Engineer
13121,Gift,Anandan,4/8/63,1/24/92,1/1/99,Engineer
13123,Hatem,Miake,7/26/64,12/19/97,1/1/99,Engineer
13125,Snehasis,Krohn,4/29/63,2/5/92,1/1/99,Technique Leader
13127,Baocai,Itzfeldt,4/7/62,3/29/96,1/1/99,Engineer
13129,Martijn,Sigstam,4/15/64,11/17/97,1/1/99,Senior Staff
13132,Jianhua,Delgrande,8/29/63,1/18/94,1/1/99,Assistant Engineer
13139,Mingdong,Giaccio,10/24/63,12/30/99,1/1/99,Engineer
13141,Guther,Holburn,3/8/63,7/7/93,1/1/99,Engineer
13151,Sadun,Bamford,6/15/63,5/16/94,1/1/99,Technique Leader
13153,Hitofumi,Marakhovsky,8/19/63,10/5/95,1/1/99,Engineer
13154,Shan,Soicher,6/19/63,7/29/88,1/1/99,Senior Staff
13162,Shaw,Goodrum,12/26/64,5/19/89,1/1/99,Senior Staff
13163,Matt,Heping,12/11/63,3/31/87,1/1/99,Engineer
13176,Pranas,Thiria,11/28/64,9/7/90,1/1/99,Staff
13180,Kazuhisa,Dechter,5/24/62,5/4/92,1/1/99,Senior Staff
13190,Stepehn,Kowalchuk,11/8/62,7/17/86,1/1/99,Senior Staff
13195,Toshiki,Baak,6/29/64,3/2/86,1/1/99,Senior Engineer
13212,Thodoros,Boyle,8/3/63,2/5/92,1/1/99,Senior Staff
13217,Taiji,Lamparter,7/8/63,12/16/94,1/1/99,Senior Staff
13218,Junichi,Attimonelli,12/20/63,3/30/99,1/1/99,Senior Engineer
13219,Wojceich,Constantine,11/10/64,6/22/88,1/1/99,Technique Leader
13226,Saeko,Solares,6/26/62,6/24/01,1/1/99,Engineer
13228,Masali,Bonifati,11/11/63,5/22/93,1/1/99,Staff
13231,Pohua,Sessa,5/5/64,10/23/93,1/1/99,Senior Engineer
13242,Kazuhiko,Ecklund,10/17/64,12/6/94,1/1/99,Senior Engineer
13244,Khosrow,Yoshizawa,10/27/64,9/2/96,1/1/99,Staff
13251,Otilia,Lakshmanan,6/28/64,5/24/92,1/1/99,Engineer
13254,Chuanti,Thibadeau,11/8/64,1/20/98,1/1/99,Engineer
13257,Francoise,Poehlman,6/13/63,7/12/86,1/1/99,Staff
13268,Munehiro,Yurov,4/29/64,11/4/92,1/1/99,Senior Staff
13273,Alagu,Iacovou,3/3/62,6/15/90,1/1/99,Senior Engineer
13274,Valery,Anguita,6/11/64,4/24/98,1/1/99,Assistant Engineer
13280,Gunilla,Cappelletti,5/31/63,3/30/85,1/1/99,Senior Staff
13283,Unal,Liedekerke,2/15/62,12/19/00,1/1/99,Senior Engineer
13289,Berni,Baer,8/12/62,9/24/87,1/1/99,Senior Staff
13292,Bokyung,Alpin,4/4/62,8/3/96,1/1/99,Staff
13297,Sadok,Toyoshima,7/6/63,1/19/94,1/1/99,Senior Staff
13310,Moon,Lally,2/26/62,9/8/95,1/1/99,Technique Leader
13311,Remmert,Trumbly,8/18/63,8/26/90,1/1/99,Engineer
13314,Vasilis,Schlegelmilch,1/23/64,4/14/93,1/1/99,Senior Staff
13317,Iara,Magliocco,4/29/64,10/2/99,1/1/99,Engineer
13319,Manton,Schwaller,2/15/64,1/13/98,1/1/99,Engineer
13326,Mario,Comte,2/14/64,6/22/96,1/1/99,Staff
13328,Khedija,Vilarrasa,10/25/64,10/27/97,1/1/99,Staff
13330,Sarita,Litvinov,8/31/64,8/19/93,1/1/99,Senior Engineer
13335,Val,Akaboshi,5/5/64,6/10/97,1/1/99,Staff
13338,Tonny,Gecsel,8/19/63,8/16/85,1/1/99,Engineer
13339,Mart,Koblitz,3/24/62,8/24/90,1/1/99,Senior Staff
13348,Leaf,Wiegley,4/25/64,8/6/89,1/1/99,Senior Staff
13353,Moie,Tsunoo,9/11/62,5/3/91,1/1/99,Senior Engineer
13360,Krassimir,Michaels,9/30/64,2/23/99,1/1/99,Assistant Engineer
13364,Shuzo,Andreotta,6/26/62,3/19/94,1/1/99,Senior Staff
13367,Xumin,Swiler,7/14/62,8/30/87,1/1/99,Senior Staff
13370,Nidapan,Macedo,8/22/64,6/23/90,1/1/99,Staff
13382,Makato,Domenig,10/31/64,12/25/94,1/1/99,Engineer
13391,Jaroslava,Orsini,6/15/63,10/16/93,1/1/99,Senior Staff
13397,Nimmagadda,Wilfing,5/13/64,6/25/87,1/1/99,Staff
13399,Ute,Gischer,4/10/62,4/23/90,1/1/99,Engineer
13400,Shaw,Frezza,3/9/63,5/31/95,1/1/99,Engineer
13419,Bouchung,Leivant,11/6/64,5/25/96,1/1/99,Staff
13428,Sanjai,Kalloufi,11/17/63,10/29/93,1/1/99,Staff
13429,Avishai,Kranzdorf,10/21/62,7/22/97,1/1/99,Staff
13448,Tran,Fiutem,6/1/63,12/28/99,1/1/99,Staff
13459,Eric,Lupu,4/29/62,5/20/88,1/1/99,Staff
13469,Yonghoan,Undy,3/25/62,12/3/99,1/1/99,Engineer
13480,Patricio,Parascandalo,10/24/62,3/16/95,1/1/99,Technique Leader
13483,Arco,Ananiadou,4/20/64,1/9/90,1/1/99,Senior Engineer
13484,Kristina,Setlzner,9/5/64,1/1/93,1/1/99,Senior Staff
13485,Isamu,Perly,8/2/63,7/22/99,1/1/99,Engineer
13487,Geoffrey,Claffy,8/30/62,3/8/87,1/1/99,Senior Staff
13489,Fumino,Itschner,6/3/63,3/9/99,1/1/99,Senior Staff
13494,Domenico,Baca,4/7/64,10/7/85,1/1/99,Senior Engineer
13498,Mohammad,Delaune,5/28/63,9/26/99,1/1/99,Staff
13499,Kazuhiko,Sidou,1/16/65,9/1/91,1/1/99,Technique Leader
13510,Stamatina,Kakkad,11/11/63,4/28/92,1/1/99,Senior Staff
13518,Girolamo,Gill,8/10/64,11/17/93,1/1/99,Staff
13528,Fumitaka,Liesche,2/21/64,2/3/02,1/1/99,Staff
13532,Yannik,Bednarek,3/9/63,7/15/95,1/1/99,Engineer
13533,Lorien,Crouzet,1/29/64,4/21/93,1/1/99,Senior Staff
13534,Shushma,Coullard,4/12/64,12/31/96,1/1/99,Engineer
13541,Pasqua,Peral,1/3/62,5/27/92,1/1/99,Senior Engineer
13542,Fun,Budinsky,1/5/62,9/9/95,1/1/99,Staff
13551,Shuichi,Ducloy,10/30/62,2/13/99,1/1/99,Staff
13555,Lijia,Matteis,8/20/64,11/7/88,1/1/99,Senior Staff
13557,Kwangsub,Eickenmeyer,5/14/63,11/6/00,1/1/99,Engineer
13558,Raimond,Molberg,10/13/64,6/10/87,1/1/99,Senior Staff
13561,Fai,Thebaut,4/30/62,7/5/85,1/1/99,Senior Engineer
13563,Valter,Pashtan,3/11/63,4/17/87,1/1/99,Senior Engineer
13570,Kiyomitsu,Perez,6/5/63,3/15/86,1/1/99,Staff
13572,Honglan,Beutelspacher,3/13/64,9/15/86,1/1/99,Senior Staff
13579,Basem,Passino,10/13/63,3/12/87,1/1/99,Engineer
13585,Sugwoo,Bashian,11/28/63,6/8/97,1/1/99,Assistant Engineer
13590,Sashi,Showalter,2/4/63,3/14/86,1/1/99,Engineer
13594,Bezalel,Spelt,12/24/63,8/6/99,1/1/99,Staff
13595,Feipei,Usery,2/8/63,3/7/91,1/1/99,Senior Staff
13599,Gor,Versino,9/24/64,11/12/92,1/1/99,Senior Staff
13609,Aloke,Muhling,1/2/63,8/14/94,1/1/99,Engineer
13614,Toshimo,Assaf,4/30/62,1/30/92,1/1/99,Staff
13615,Sugwoo,Marrevee,7/12/62,7/14/86,1/1/99,Senior Staff
13619,Fatemeh,Walston,4/29/62,10/12/92,1/1/99,Senior Engineer
13631,Dante,Krider,6/15/62,8/16/91,1/1/99,Senior Engineer
13634,Bezalel,Biros,5/18/62,11/8/97,1/1/99,Senior Engineer
13635,Mani,Lorys,3/2/62,9/14/97,1/1/99,Engineer
13637,Zhigen,Cesareni,7/12/62,12/31/97,1/1/99,Engineer
13644,Shmuel,Spataro,2/25/64,4/25/01,1/1/99,Engineer
13646,Karlis,Chinen,3/16/62,9/3/99,1/1/99,Senior Engineer
13656,Oldrich,Ferretti,8/19/64,7/17/95,1/1/99,Senior Staff
13657,Arie,Ramsey,9/18/62,10/5/94,1/1/99,Engineer
13658,Adamantios,Goodrum,6/11/63,7/6/98,1/1/99,Engineer
13664,Snehasis,Provine,8/5/62,6/6/95,1/1/99,Senior Engineer
13669,Hidde,Peng,11/19/64,11/5/98,1/1/99,Assistant Engineer
13681,Kokou,Toyoshima,8/7/63,5/29/98,1/1/99,Engineer
13686,Parke,Sadowsky,4/18/64,9/16/90,1/1/99,Staff
13692,Yongdong,Kisuki,5/26/62,8/27/96,1/1/99,Staff
13694,Pragnesh,Bodoff,12/30/63,11/7/98,1/1/99,Engineer
13696,Kasturi,Portugali,11/20/62,1/23/90,1/1/99,Assistant Engineer
13699,Zhiguo,Kamber,12/10/62,11/24/99,1/1/99,Senior Engineer
13702,Moie,Mamelak,12/5/62,8/10/95,1/1/99,Engineer
13707,Parviz,Krzyzanowski,4/28/63,12/17/93,1/1/99,Engineer
13712,Olivera,Docker,4/8/63,12/6/87,1/1/99,Senior Staff
13715,Licheng,Range,10/11/63,10/9/93,1/1/99,Senior Staff
13716,Tamiya,Peternell,4/24/63,12/20/95,1/1/99,Senior Engineer
13718,Lein,Gronowski,3/15/63,11/22/86,1/1/99,Staff
13720,Rildo,Braccini,7/13/64,3/1/89,1/1/99,Senior Staff
13723,Magy,Schnelling,1/4/62,9/13/92,1/1/99,Senior Staff
13724,Wuxu,Vrecion,9/6/62,12/23/99,1/1/99,Senior Engineer
13728,Insup,Swab,5/23/64,1/3/86,1/1/99,Engineer
13729,Shahab,Farrel,7/30/64,10/12/88,1/1/99,Engineer
13746,Uwe,Serra,10/24/63,1/3/98,1/1/99,Assistant Engineer
13750,Giao,Fendler,5/25/63,8/22/95,1/1/99,Senior Engineer
13751,Sasan,Litzkow,2/10/63,1/13/97,1/1/99,Staff
13756,Elliott,Benveniste,1/27/62,1/24/90,1/1/99,Senior Engineer
13757,Soenke,Demir,7/13/63,2/22/86,1/1/99,Engineer
13765,Raimond,Mitzlaff,7/27/64,7/18/90,1/1/99,Staff
13767,Sasan,Plessier,4/6/63,8/10/94,1/1/99,Assistant Engineer
13770,Eirik,Koyama,9/20/62,4/26/90,1/1/99,Staff
13771,Franziska,Yavatkar,8/14/62,5/21/90,1/1/99,Staff
13774,Ramzi,Barbanera,4/14/62,10/4/96,1/1/99,Senior Staff
13789,Ramalingam,Ranst,8/12/63,4/17/89,1/1/99,Engineer
13791,Alair,Middleton,11/14/63,12/12/94,1/1/99,Senior Engineer
13793,Mokhtar,Rosar,9/26/64,3/4/90,1/1/99,Engineer
13802,Saniya,Benzmuller,1/8/64,11/18/98,1/1/99,Staff
13806,Abdelwaheb,Nitsch,2/9/64,2/5/90,1/1/99,Engineer
13808,Becky,Stentiford,3/17/63,3/8/86,1/1/99,Senior Staff
13816,Miquel,Maksimenko,3/9/64,9/17/92,1/1/99,Engineer
13820,Zhensheng,Marchesini,11/9/63,8/7/90,1/1/99,Senior Staff
13823,Ebru,Montemayor,7/7/64,7/6/93,1/1/99,Technique Leader
13827,Subbu,Castellani,5/9/62,4/8/89,1/1/99,Senior Staff
13844,Jianhua,Vural,5/24/64,6/28/95,1/1/99,Staff
13845,Alejandro,Ritcey,2/4/63,1/12/97,1/1/99,Staff
13850,Hyuckchul,Kroft,12/20/63,6/4/01,1/1/99,Technique Leader
13851,Anyuan,Gurbaxani,12/22/63,2/17/95,1/1/99,Engineer
13860,Wojceich,Papastamatiou,9/18/64,7/27/88,1/1/99,Senior Staff
13866,Macha,Fargier,2/28/64,12/25/99,1/1/99,Staff
13872,Breannda,Gilg,3/3/63,10/16/95,1/1/99,Engineer
13876,Fatemeh,Swan,9/5/64,5/3/95,1/1/99,Senior Staff
13878,Shigeaki,Eiron,3/19/64,9/11/90,1/1/99,Staff
13879,Valery,Ambroszkiewicz,11/16/64,10/5/89,1/1/99,Engineer
13880,Bedrich,Mandell,8/25/63,12/20/99,1/1/99,Staff
13887,Abdulla,Heydon,9/27/63,6/17/90,1/1/99,Technique Leader
13890,Marin,Antonisse,5/1/63,11/30/85,1/1/99,Staff
13892,Ramzi,Nastansky,6/22/63,11/21/94,1/1/99,Assistant Engineer
13900,Zita,Waterhouse,12/24/63,8/14/99,1/1/99,Engineer
13908,Nechama,Koprowski,12/21/64,11/26/87,1/1/99,Senior Engineer
13912,Niclas,Blokdijk,2/20/63,12/7/88,1/1/99,Assistant Engineer
13929,Kensyu,Reinhart,8/23/63,8/20/99,1/1/99,Engineer
13932,Tommaso,Simmel,8/25/62,10/8/97,1/1/99,Staff
13939,Reinhold,Cherinka,7/25/63,10/30/92,1/1/99,Senior Staff
13950,Palash,Kusakabe,11/19/62,6/21/96,1/1/99,Senior Engineer
13956,Arvind,Kusakabe,2/4/64,6/16/96,1/1/99,Engineer
13961,Munir,Hempstead,6/22/64,10/1/88,1/1/99,Senior Engineer
13967,Ymte,Pettis,5/3/63,2/18/90,1/1/99,Senior Engineer
13968,Selwyn,Unni,9/9/64,9/7/93,1/1/99,Technique Leader
13971,Felicidad,Janetzko,1/14/63,7/15/95,1/1/99,Senior Engineer
13980,Mohammad,Baalen,4/26/63,7/9/94,1/1/99,Staff
13995,Premsyl,Delgrossi,7/18/63,12/2/89,1/1/99,Engineer
14000,Falguni,Engberts,5/5/63,8/20/93,1/1/99,Staff
14010,Sushant,Preusig,12/21/63,3/8/90,1/1/99,Senior Staff
14025,Stevo,Takanami,8/3/64,8/7/01,1/1/99,Staff
14026,Luerbio,Fontan,3/29/63,4/3/89,1/1/99,Senior Engineer
14029,Doohun,Luders,10/20/63,11/11/97,1/1/99,Senior Staff
14036,Bogdan,Schaad,3/20/62,10/7/87,1/1/99,Staff
14043,Manohar,Dulin,6/25/64,1/21/93,1/1/99,Technique Leader
14044,Muneo,Peltason,5/9/63,4/4/88,1/1/99,Senior Engineer
14046,Elzbieta,Perin,2/17/63,9/11/96,1/1/99,Staff
14050,Duangkaew,Botman,11/5/63,10/30/95,1/1/99,Staff
14053,Kazuhiro,Haraldson,1/10/64,5/13/96,1/1/99,Senior Staff
14055,Mircea,Falck,9/26/62,12/5/91,1/1/99,Engineer
14056,Moto,Ferriere,7/19/63,6/21/93,1/1/99,Senior Engineer
14057,Boriana,Beidas,5/16/62,3/24/85,1/1/99,Engineer
14060,Maris,Coorg,9/12/63,9/7/92,1/1/99,Engineer
14062,Khalid,Luon,12/16/64,11/13/00,1/1/99,Engineer
14073,Fumino,Rajcani,11/9/62,7/29/85,1/1/99,Senior Staff
14075,Denny,Tchuente,1/3/65,5/30/91,1/1/99,Engineer
14081,Alain,Fontet,5/4/64,9/4/98,1/1/99,Senior Staff
14082,Siddarth,Krychniak,8/6/63,4/27/90,1/1/99,Staff
14095,Tonia,Underwood,8/4/64,12/3/88,1/1/99,Staff
14097,Khalil,Gniady,3/18/63,4/23/99,1/1/99,Staff
14104,Sudhanshu,Demian,1/3/65,7/23/94,1/1/99,Staff
14115,Francesca,Mayerwieser,7/31/63,10/28/87,1/1/99,Staff
14120,Horward,Rabejac,6/18/63,8/11/85,1/1/99,Engineer
14127,Magdalena,Cannard,1/10/65,4/22/94,1/1/99,Engineer
14133,Gou,Demri,5/26/63,10/3/99,1/1/99,Engineer
14138,Zhigen,Peternell,10/19/63,9/17/87,1/1/99,Senior Engineer
14152,Vishu,Cesareni,10/20/62,1/30/89,1/1/99,Senior Engineer
14154,Susumu,Mapelli,3/17/62,11/14/96,1/1/99,Senior Staff
14155,Krister,Ghelli,10/26/63,1/13/98,1/1/99,Staff
14158,Caolyn,Setiz,1/22/65,2/6/90,1/1/99,Senior Staff
14177,Gino,Stille,8/1/64,3/16/96,1/1/99,Staff
14180,Arumugam,Bernatsky,12/5/63,3/15/93,1/1/99,Engineer
14181,Persi,Gecsel,5/29/62,6/28/94,1/1/99,Staff
14185,Garnik,Swiler,11/6/64,8/1/88,1/1/99,Senior Staff
14188,Taegyun,Bharadwaj,1/5/62,4/24/93,1/1/99,Senior Engineer
14189,Nahla,Tsukuda,8/7/64,9/5/97,1/1/99,Staff
14190,Leon,Tomescu,7/23/64,3/13/89,1/1/99,Engineer
14193,Lucien,Kornyak,2/23/64,3/26/97,1/1/99,Assistant Engineer
14194,Vidya,Schiettecatte,3/6/64,12/27/98,1/1/99,Assistant Engineer
14201,Chirstian,Carrere,7/3/64,7/1/95,1/1/99,Senior Engineer
14210,Arvind,Poujol,12/30/62,6/10/93,1/1/99,Senior Staff
14213,Kinh,Radwan,1/21/62,6/17/96,1/1/99,Engineer
14222,Shaleah,Luders,3/10/63,5/24/88,1/1/99,Senior Staff
14231,Serenella,Madeira,9/15/64,3/12/99,1/1/99,Engineer
14239,Martijn,Wallrath,9/24/64,10/16/89,1/1/99,Senior Staff
14255,Shigeo,Tramer,5/7/64,2/28/94,1/1/99,Senior Staff
14261,Bokyung,Byoun,6/29/63,9/25/93,1/1/99,Senior Engineer
14264,Marco,Dulin,8/10/62,12/29/92,1/1/99,Senior Staff
14266,Bedir,Perry,2/8/63,10/27/97,1/1/99,Technique Leader
14271,Rosita,Bernatsky,5/17/64,2/17/89,1/1/99,Senior Staff
14278,Kazuhiro,Schapiro,10/25/64,11/29/91,1/1/99,Staff
14280,Djelloul,Viele,8/17/62,9/21/99,1/1/99,Staff
14283,Rimli,Kowalchuk,4/22/63,11/26/96,1/1/99,Staff
14284,Aleksander,Thiria,7/20/63,5/9/89,1/1/99,Engineer
14286,Chenxi,Rodite,10/20/64,4/2/99,1/1/99,Engineer
14297,Honglan,Yeung,8/22/63,8/30/00,1/1/99,Engineer
14303,Weicheng,Deverell,7/13/63,3/18/89,1/1/99,Engineer
14305,Duri,Bazelow,6/25/63,6/15/94,1/1/99,Senior Engineer
14312,Demin,Grabner,7/8/63,3/18/89,1/1/99,Senior Engineer
14313,Armond,Muntz,11/17/63,1/17/00,1/1/99,Staff
14325,Qingxiang,Lampe,10/22/62,7/29/99,1/1/99,Staff
14334,Pradeep,Waleschkowski,12/15/64,7/6/88,1/1/99,Engineer
14338,Behnaam,Pelz,9/23/63,11/29/85,1/1/99,Engineer
14343,Pranav,Rotem,4/22/64,6/29/94,1/1/99,Staff
14347,Halsur,McFarlin,7/30/62,7/12/95,1/1/99,Engineer
14352,Sudhanshu,Braccini,7/3/64,10/6/96,1/1/99,Senior Engineer
14356,Remko,Zeidenstein,4/15/64,6/4/85,1/1/99,Senior Engineer
14361,Mizuhito,Pocchiola,3/24/63,5/1/98,1/1/99,Engineer
14362,Michaela,Kleiser,10/28/63,9/30/86,1/1/99,Senior Staff
14371,Yongdong,Rousseau,6/6/62,8/7/98,1/1/99,Senior Engineer
14374,Berthier,Tomescu,12/28/62,3/20/86,1/1/99,Engineer
14375,Tokuyasu,Eickenmeyer,12/18/63,3/19/94,1/1/99,Staff
14381,Danco,Weedon,6/11/64,6/21/98,1/1/99,Staff
14391,Haldon,Pesch,1/8/63,8/18/88,1/1/99,Senior Staff
14396,Charmane,Gubsky,12/17/64,10/26/89,1/1/99,Senior Staff
14401,Shigeichiro,Antonakopoulos,2/9/63,7/16/95,1/1/99,Technique Leader
14402,Mooi,Peac,10/2/63,11/3/88,1/1/99,Technique Leader
14403,Stella,Christ,1/9/63,7/1/92,1/1/99,Senior Staff
14409,Uta,Pettis,5/8/63,12/27/88,1/1/99,Senior Staff
14419,Ennio,Katiyar,10/1/62,2/16/87,1/1/99,Assistant Engineer
14423,Isaac,Hasham,10/25/63,10/26/89,1/1/99,Senior Engineer
14429,Marek,Koblick,10/8/63,3/7/92,1/1/99,Senior Staff
14430,Rayond,Reinhart,1/25/62,6/8/96,1/1/99,Senior Staff
14438,Tokuyasu,Gladwell,10/17/63,8/7/96,1/1/99,Engineer
14443,Kinh,Barriga,1/3/62,10/28/85,1/1/99,Senior Staff
14449,Isaac,Muntz,9/21/63,8/11/88,1/1/99,Senior Engineer
14451,Hirochika,Tagansky,5/20/64,7/19/95,1/1/99,Senior Engineer
14459,Aruna,Boreale,9/21/64,6/4/97,1/1/99,Technique Leader
14462,Marl,Pietrzykowski,2/2/63,4/28/95,1/1/99,Senior Staff
14467,Lena,Broder,2/14/63,2/11/95,1/1/99,Senior Engineer
14468,Unal,Ertl,12/3/64,9/2/92,1/1/99,Senior Staff
14476,Sastry,Marrevee,1/19/65,9/25/99,1/1/99,Engineer
14477,Frederique,Coors,7/21/64,9/30/94,1/1/99,Staff
14479,Thodoros,Suessmith,8/22/64,11/27/91,1/1/99,Senior Staff
14487,Jungsoon,Molenkamp,8/20/63,2/9/87,1/1/99,Senior Staff
14499,Vasilis,Bernardinello,9/1/63,2/12/92,1/1/99,Senior Engineer
14503,Bernd,Beerel,6/4/64,9/7/89,1/1/99,Senior Engineer
14504,Lidong,Sidje,2/27/64,1/12/98,1/1/99,Senior Staff
14506,Marsal,Silva,11/28/63,2/15/98,1/1/99,Engineer
14510,Elzbieta,Peir,12/15/62,8/24/96,1/1/99,Senior Engineer
14517,Kwangho,Hatcliff,2/28/64,4/7/97,1/1/99,Senior Engineer
14519,Xiong,Usery,10/23/64,9/14/96,1/1/99,Staff
14523,Leif,Busillo,6/13/64,7/21/94,1/1/99,Staff
14531,Armond,Ruther,4/21/63,6/2/85,1/1/99,Senior Engineer
14535,Hugh,Maksimenko,9/12/62,10/19/95,1/1/99,Staff
14541,Suebskul,Terwilliger,12/26/64,4/25/96,1/1/99,Senior Staff
14546,Brigham,Moehrke,11/1/62,11/20/89,1/1/99,Senior Engineer
14547,Hongzhu,Stifter,11/11/63,12/16/93,1/1/99,Staff
14565,Edwin,Kroft,3/12/62,4/10/96,1/1/99,Senior Staff
14567,Heping,Lammel,7/20/62,9/28/96,1/1/99,Engineer
14570,Chinho,Bala,7/26/63,11/17/94,1/1/99,Staff
14584,Oldrich,Undy,6/11/64,1/18/99,1/1/99,Engineer
14586,Mabry,Katiyar,8/6/62,7/18/89,1/1/99,Senior Engineer
14592,Paddy,Keohane,3/31/64,10/26/93,1/1/99,Engineer
14598,Brigham,Dusink,4/21/64,7/14/91,1/1/99,Senior Engineer
14604,Paloma,Hammerschmidt,3/22/62,1/6/97,1/1/99,Staff
14605,Kellyn,Cools,8/29/63,1/12/99,1/1/99,Senior Engineer
14617,Tse,Parfitt,10/22/63,1/23/89,1/1/99,Senior Engineer
14618,Cedric,Brlek,9/4/64,12/26/89,1/1/99,Senior Staff
14628,Pranjal,Vandervoorde,5/24/62,2/23/89,1/1/99,Senior Staff
14631,Theirry,Pulkowski,1/18/63,6/10/94,1/1/99,Engineer
14651,Bedrich,Hopewell,2/11/63,2/8/92,1/1/99,Senior Staff
14652,Dannz,Jayawardene,3/1/62,11/14/91,1/1/99,Senior Staff
14653,Franziska,Macedo,5/14/63,5/31/92,1/1/99,Engineer
14658,Mohd,Morton,1/19/63,9/18/99,1/1/99,Staff
14663,Xiaoqiang,Schueller,4/26/63,1/8/97,1/1/99,Technique Leader
14671,Elliott,Perri,2/23/64,8/5/87,1/1/99,Engineer
14672,Parto,Pietracaprina,7/1/64,5/21/95,1/1/99,Senior Staff
14686,Oldrich,Deville,12/21/62,11/29/93,1/1/99,Senior Staff
14694,Nigel,Suessmith,4/23/64,6/27/93,1/1/99,Engineer
14696,Shuky,Binkley,8/17/63,5/1/97,1/1/99,Assistant Engineer
14698,Kirk,Kambil,3/13/64,7/2/92,1/1/99,Senior Staff
14699,Rosalyn,Grabner,11/29/63,2/16/90,1/1/99,Senior Staff
14701,Kwee,Nittel,8/22/63,11/13/01,1/1/99,Engineer
14702,Shrikanth,Keustermans,12/18/64,5/4/98,1/1/99,Engineer
14704,Masato,Maierhofer,5/16/62,12/9/99,1/1/99,Assistant Engineer
14709,Gennady,Gente,11/16/63,6/25/87,1/1/99,Senior Engineer
14711,Bangqing,McDermid,11/8/63,3/5/98,1/1/99,Senior Staff
14720,Shushma,Trystram,8/11/62,11/19/93,1/1/99,Senior Engineer
14729,Zissis,Pusterhofer,11/9/63,10/27/98,1/1/99,Engineer
14731,Hyuckchul,Roccetti,2/27/64,10/5/97,1/1/99,Staff
14733,Adam,Hofting,9/23/62,2/19/95,1/1/99,Senior Staff
14735,Hisao,Kavanagh,1/21/62,3/27/98,1/1/99,Staff
14736,Martial,Bala,1/19/63,12/15/96,1/1/99,Senior Staff
14739,Ute,Piancastelli,3/31/63,1/29/94,1/1/99,Engineer
14744,Uri,Munos,4/2/62,10/12/97,1/1/99,Engineer
14747,Toong,Leppanen,4/26/63,5/27/98,1/1/99,Staff
14754,Leon,Garnham,5/27/64,5/20/98,1/1/99,Engineer
14757,Kerhong,Eiter,1/26/64,6/22/92,1/1/99,Senior Staff
14762,Kayoko,Bolotov,12/19/62,8/15/86,1/1/99,Senior Staff
14769,Paraskevi,Demeyer,1/28/64,8/15/96,1/1/99,Senior Engineer
14775,Rutger,Nitta,4/30/62,5/3/96,1/1/99,Senior Engineer
14779,Xianlong,Benaini,1/12/64,5/2/92,1/1/99,Senior Engineer
14783,Gennadi,Fasbender,7/26/64,8/26/87,1/1/99,Senior Staff
14786,Duke,Hainaut,2/17/62,6/3/88,1/1/99,Staff
14792,Aiichiro,Michaeli,11/23/64,4/13/96,1/1/99,Technique Leader
14795,Dung,Merkl,6/7/64,11/25/95,1/1/99,Technique Leader
14799,Mrinalini,Ponthieu,4/3/63,6/8/98,1/1/99,Technique Leader
14800,Mabry,Camurati,8/29/64,9/14/92,1/1/99,Engineer
14811,Sigeru,Hutton,11/28/62,1/10/96,1/1/99,Engineer
14813,Naftali,Alpin,8/16/64,10/21/85,1/1/99,Senior Staff
14835,Kamakshi,Emmart,5/24/63,9/8/96,1/1/99,Technique Leader
14845,Theron,Homond,8/10/62,12/8/94,1/1/99,Senior Staff
14847,Matk,Perng,8/16/64,9/7/95,1/1/99,Senior Staff
14849,Aluzio,Ashish,4/3/63,4/16/86,1/1/99,Senior Staff
14850,Shigehiro,Tchuente,11/28/63,1/8/00,1/1/99,Staff
14870,Weicheng,Stranks,11/21/64,12/26/92,1/1/99,Senior Engineer
14891,Lalit,Smeets,8/11/63,6/27/88,1/1/99,Senior Staff
14893,Jacqueline,Bael,4/18/64,5/23/88,1/1/99,Engineer
14894,Achilleas,Picaronny,6/30/63,2/17/94,1/1/99,Staff
14903,Shalesh,Poehlman,5/21/62,9/27/92,1/1/99,Senior Staff
14907,Nakhoon,Luga,1/14/65,12/18/86,1/1/99,Staff
14917,Munir,Hofman,2/23/64,9/8/94,1/1/99,Staff
14919,Sajjad,Azumi,2/9/63,2/16/92,1/1/99,Engineer
14929,Mads,Hanratty,8/19/63,9/17/88,1/1/99,Staff
14931,Heeju,Luef,11/15/64,5/23/97,1/1/99,Senior Engineer
14932,JiYoung,Meszaros,3/17/63,7/24/87,1/1/99,Senior Engineer
14938,King,Mitina,1/3/64,4/30/86,1/1/99,Senior Staff
14944,Jixiang,Douceur,1/30/64,9/27/91,1/1/99,Staff
14951,Temple,Goodrum,12/30/64,12/24/91,1/1/99,Staff
14953,Chinya,Wallrath,2/17/64,8/25/86,1/1/99,Engineer
14969,Hongzue,Himler,1/23/64,1/3/86,1/1/99,Senior Staff
14974,Joydip,Adachi,5/21/64,2/12/90,1/1/99,Senior Engineer
14984,Sangeeta,Parhami,2/17/63,11/20/86,1/1/99,Engineer
14992,Yechezkel,Ruemmler,7/20/62,11/7/92,1/1/99,Senior Engineer
14996,Jianhao,Schahn,12/14/62,2/12/85,1/1/99,Engineer
14998,Subir,Brandsma,6/9/63,10/17/97,1/1/99,Engineer
15001,Brewster,Kawashimo,6/19/64,2/2/85,1/1/99,Senior Engineer
15006,Miquel,Cools,1/29/63,6/4/98,1/1/99,Staff
15014,Xiaocheng,Krzyzanowski,11/24/62,9/5/91,1/1/99,Senior Staff
15017,Xiaobin,Thorelli,3/22/63,7/31/87,1/1/99,Senior Engineer
15022,Krisda,Mitchem,8/26/64,9/27/96,1/1/99,Senior Engineer
15023,Sumant,Dredge,10/5/62,7/5/89,1/1/99,Staff
15026,Geoffrey,Manderick,12/12/63,3/24/85,1/1/99,Senior Engineer
15046,Marin,Prochazka,9/22/63,3/7/87,1/1/99,Senior Staff
15047,Tayeb,Chaudhuri,4/3/62,12/16/91,1/1/99,Senior Engineer
15050,Nikolaos,Kruskal,1/18/65,12/17/90,1/1/99,Senior Engineer
15053,Shigeu,Raczkowsky,12/25/64,11/28/96,1/1/99,Staff
15058,Bouchung,Bugrara,1/30/65,6/18/90,1/1/99,Senior Staff
15060,Shigenori,Fairtlough,5/4/62,3/12/90,1/1/99,Engineer
15061,Kwangyoen,Hofmeyr,5/7/63,6/27/88,1/1/99,Engineer
15067,Nidapan,Uhrig,8/2/62,5/4/88,1/1/99,Staff
15074,Arnd,Erie,6/3/63,9/26/89,1/1/99,Senior Engineer
15085,Radhia,Douceur,2/1/62,11/15/90,1/1/99,Technique Leader
15088,Irene,Skrikant,5/26/63,7/14/90,1/1/99,Senior Engineer
15103,Eran,Rosiles,4/5/64,3/19/99,1/1/99,Engineer
15106,Rutger,Gornas,7/1/64,11/1/96,1/1/99,Engineer
15115,Yucel,Stroustrup,1/28/63,1/17/90,1/1/99,Technique Leader
15125,Heather,Brodal,9/13/64,11/20/95,1/1/99,Senior Staff
15126,Khatoun,Zeidenstein,10/29/62,1/12/91,1/1/99,Technique Leader
15140,Yonghong,Schahn,7/31/62,7/4/91,1/1/99,Senior Staff
15141,Takahito,Restivo,8/13/62,8/4/97,1/1/99,Senior Staff
15142,Jahangir,Krogh,2/18/62,1/29/97,1/1/99,Engineer
15149,Erzsebet,Chandrasekhar,2/11/64,3/8/99,1/1/99,Senior Engineer
15153,Kazunori,Nilsson,10/14/62,2/10/96,1/1/99,Technique Leader
15160,Alagu,Iisaka,12/27/62,12/26/95,1/1/99,Senior Engineer
15164,Kiyomitsu,Ghalwash,6/18/63,12/2/95,1/1/99,Engineer
15171,Brigham,Acton,2/5/63,3/5/96,1/1/99,Senior Staff
15173,KayLiang,Naumovich,11/16/64,1/3/93,1/1/99,Engineer
15189,Pascal,Strandh,11/9/64,6/11/88,1/1/99,Senior Engineer
15191,Kazuhiro,Seuren,2/12/64,1/8/89,1/1/99,Technique Leader
15203,Adly,Fontet,12/10/63,12/25/92,1/1/99,Senior Staff
15210,Apostol,Peot,1/21/62,11/19/97,1/1/99,Staff
15211,Abdelaziz,Waterhouse,1/27/62,11/6/87,1/1/99,Engineer
15235,Zhongwei,Luff,5/16/64,10/16/90,1/1/99,Senior Staff
15240,Sudharsan,Rajaraman,5/25/62,8/1/93,1/1/99,Senior Engineer
15244,Gina,Bail,10/11/63,8/22/85,1/1/99,Engineer
15245,Zita,Azulay,11/1/62,2/1/94,1/1/99,Senior Staff
15246,Nechama,Solares,12/14/62,7/1/96,1/1/99,Engineer
15251,Morris,Ranst,8/11/62,5/27/94,1/1/99,Senior Staff
15257,Ishfaq,Schauser,7/3/64,9/16/87,1/1/99,Senior Staff
15261,Katsuyuki,Lenart,9/11/63,10/16/95,1/1/99,Staff
15289,Flemming,Lagarias,2/2/64,8/17/94,1/1/99,Assistant Engineer
15290,Sadegh,Marzano,3/16/63,8/27/98,1/1/99,Engineer
15291,Giao,Teitelbaum,6/29/63,7/5/88,1/1/99,Senior Engineer
15293,Pantung,Puppo,4/29/64,8/9/00,1/1/99,Technique Leader
15299,Jeong,Peac,2/6/62,8/26/98,1/1/99,Engineer
15302,Kwan,Ozery,1/12/63,12/11/99,1/1/99,Staff
15306,Gurbir,Katzenelson,9/26/64,3/8/99,1/1/99,Staff
15309,Zijian,Kambil,6/30/64,10/4/99,1/1/99,Staff
15315,Jayesh,Francisci,9/9/64,1/14/96,1/1/99,Staff
15322,Munehiko,Sidou,12/27/63,2/4/85,1/1/99,Senior Engineer
15327,Jeanne,Vakili,9/21/64,7/10/90,1/1/99,Technique Leader
15339,Zhonghui,Ranai,1/29/64,5/2/92,1/1/99,Assistant Engineer
15348,Kwangsub,Decleir,3/6/62,5/29/97,1/1/99,Engineer
15355,Hisao,Yurov,9/16/64,10/9/87,1/1/99,Senior Engineer
15360,Xianlong,Neiman,1/7/64,2/4/98,1/1/99,Staff
15364,Sakthirel,Quittner,2/19/64,5/6/99,1/1/99,Senior Staff
15368,Seongbin,Lortz,7/18/63,5/18/99,1/1/99,Assistant Engineer
15371,Shih,Kuszyk,11/16/63,11/5/88,1/1/99,Staff
15373,Pascal,Stanger,2/9/62,10/24/96,1/1/99,Staff
15381,Berna,Jervis,10/3/62,5/22/93,1/1/99,Senior Staff
15389,Berry,Farrel,12/28/63,7/1/99,1/1/99,Senior Staff
15393,Fumitaka,Itzigehl,8/8/64,11/25/92,1/1/99,Senior Staff
15397,Remco,Gargeya,2/29/64,8/13/90,1/1/99,Senior Engineer
15405,Richard,Munch,11/19/64,7/19/89,1/1/99,Assistant Engineer
15413,Arvin,Rabejac,1/17/65,1/1/94,1/1/99,Engineer
15418,Gianluca,Neimat,8/10/63,10/25/85,1/1/99,Staff
15430,Aamod,Egerstedt,1/18/63,7/22/96,1/1/99,Engineer
15432,Adib,Simmen,1/13/63,4/16/86,1/1/99,Senior Staff
15436,Kwangsub,Negoita,3/13/64,1/27/99,1/1/99,Senior Staff
15437,Qiwen,Garigliano,1/21/64,4/18/91,1/1/99,Senior Engineer
15444,Shir,Schreiter,8/1/64,3/8/89,1/1/99,Senior Engineer
15449,Yinghua,Kropf,4/17/64,3/27/01,1/1/99,Senior Staff
15457,Boalin,Scallan,7/6/64,12/26/89,1/1/99,Senior Staff
15466,Younwoo,Dichev,2/11/63,2/7/91,1/1/99,Staff
15468,Takanari,Fairtlough,2/18/63,10/18/96,1/1/99,Engineer
15469,Aksel,Sadowski,4/23/63,6/29/91,1/1/99,Staff
15485,Sadun,Comellas,7/16/64,11/7/88,1/1/99,Senior Engineer
15486,Mariangiola,Zhang,6/14/64,2/20/89,1/1/99,Engineer
15487,Jacqueline,Marquardt,8/18/63,4/13/97,1/1/99,Engineer
15495,Sven,Rotem,6/4/64,5/25/88,1/1/99,Staff
15502,Susanne,Rahier,11/10/64,5/14/91,1/1/99,Engineer
15533,Gift,Gien,4/30/64,5/21/89,1/1/99,Staff
15540,Steen,Mullainathan,5/31/63,12/1/88,1/1/99,Senior Engineer
15542,Mariangiola,Hardjono,3/1/64,4/26/88,1/1/99,Senior Engineer
15547,Leandro,Murillo,3/5/64,2/3/87,1/1/99,Engineer
15552,Luerbio,Foote,5/27/62,12/29/95,1/1/99,Senior Engineer
15553,Zdislav,Pardalos,11/22/63,3/29/90,1/1/99,Senior Staff
15557,Subhrajyoti,Krichel,8/17/62,1/23/98,1/1/99,Engineer
15564,Lorien,DiGiano,4/29/63,10/3/99,1/1/99,Senior Staff
15574,Evgueni,Kalloufi,4/24/64,12/19/88,1/1/99,Senior Staff
15579,Fox,Impagliazzo,6/24/63,11/10/99,1/1/99,Engineer
15585,Sham,Sudkamp,11/29/63,3/22/94,1/1/99,Engineer
15588,Gererd,Morrow,10/13/63,10/7/93,1/1/99,Senior Engineer
15591,Vidya,Sridhar,7/28/62,11/14/92,1/1/99,Senior Staff
15592,Mohit,Conde,5/30/63,9/16/92,1/1/99,Senior Engineer
15597,JoAnne,Farris,12/16/62,11/9/85,1/1/99,Staff
15599,Filipe,Piancastelli,11/23/64,2/16/87,1/1/99,Senior Staff
15609,Hongzue,Peha,11/13/62,6/13/98,1/1/99,Engineer
15612,Szabolcs,Serna,5/28/63,12/30/98,1/1/99,Engineer
15615,Teruyuki,Mitzlaff,5/22/62,12/5/93,1/1/99,Senior Staff
15619,Conor,Gyorkos,10/31/62,8/17/99,1/1/99,Senior Engineer
15620,Alejandro,Randi,4/10/64,2/14/87,1/1/99,Staff
15624,Marit,Codenie,4/15/64,5/26/91,1/1/99,Technique Leader
15625,Aria,Munos,7/4/63,1/29/93,1/1/99,Senior Engineer
15627,Chinhyun,Garrabrants,1/8/63,6/8/95,1/1/99,Senior Engineer
15663,Bartek,Maccarone,10/8/64,4/18/90,1/1/99,Senior Engineer
15665,Siddarth,Mattern,11/16/62,1/27/93,1/1/99,Engineer
15670,Kersti,Foong,6/2/63,3/1/97,1/1/99,Assistant Engineer
15679,Goo,Dulli,2/7/63,5/7/97,1/1/99,Staff
15688,Behnaam,Gecsei,8/2/63,10/27/94,1/1/99,Senior Engineer
15697,Valeri,Piancastelli,10/6/62,4/23/95,1/1/99,Engineer
15704,Hisao,Lamba,12/25/64,7/29/96,1/1/99,Engineer
15711,Ferdinand,Pintelas,10/2/62,4/2/97,1/1/99,Engineer
15718,Shmuel,Syrotiuk,8/13/63,12/2/99,1/1/99,Staff
15721,Perla,Denis,5/27/62,4/28/87,1/1/99,Engineer
15722,Tesuro,Giaccio,2/24/63,12/17/87,1/1/99,Engineer
15725,Shuichi,Petersohn,7/4/64,11/4/87,1/1/99,Senior Staff
15741,Baruch,Neiman,12/27/63,6/26/87,1/1/99,Technique Leader
15748,Nikolaus,Garrabrants,6/26/62,11/17/91,1/1/99,Senior Engineer
15749,Unal,Pargas,4/18/63,3/22/87,1/1/99,Senior Engineer
15757,Jordanka,Lamma,8/3/63,8/1/91,1/1/99,Senior Engineer
15775,Gurbir,Scallan,3/10/62,11/17/89,1/1/99,Senior Staff
15779,Abdelwaheb,Zirintsis,3/2/62,1/17/96,1/1/99,Engineer
15784,Gen,Bernatsky,12/2/63,10/31/87,1/1/99,Staff
15786,Kyoichi,Spelt,2/26/62,9/16/98,1/1/99,Technique Leader
15792,Stabislas,Suessmith,9/27/64,2/24/93,1/1/99,Technique Leader
15793,Yannik,Delgrossi,3/9/63,3/24/96,1/1/99,Senior Staff
15794,Serge,Fairtlough,12/14/63,2/28/87,1/1/99,Engineer
15797,Qingxiang,Rosis,11/20/64,4/24/91,1/1/99,Engineer
15798,Heejo,Rajcani,7/23/64,3/2/94,1/1/99,Engineer
15802,Adhemar,Haumacher,11/30/62,4/8/85,1/1/99,Staff
15810,Tesuro,Tiemann,9/21/62,3/7/97,1/1/99,Senior Engineer
15817,Kagan,Frolund,5/19/64,12/4/90,1/1/99,Senior Engineer
15820,Petter,Kaelbling,2/11/64,7/18/98,1/1/99,Engineer
15823,Angus,Langford,2/21/64,10/29/94,1/1/99,Senior Staff
15826,Kayoko,Waterhouse,7/21/63,1/29/97,1/1/99,Senior Engineer
15829,Sailaja,Sinitsyn,7/29/62,4/24/97,1/1/99,Assistant Engineer
15830,Yurij,Narwekar,10/22/63,3/13/97,1/1/99,Senior Staff
15834,Changho,Simkin,6/14/63,6/14/86,1/1/99,Staff
15838,Zissis,Montresor,12/6/63,6/15/92,1/1/99,Senior Staff
15845,Achilleas,Felcyn,4/7/63,11/3/01,1/1/99,Senior Engineer
15849,Miyeon,Morrey,9/30/62,1/22/96,1/1/99,Engineer
15851,Alper,Beerel,1/5/62,4/16/93,1/1/99,Engineer
15852,Nathalie,Bonifati,10/22/64,6/1/88,1/1/99,Senior Engineer
15859,Godehard,Hennings,1/27/62,1/19/98,1/1/99,Staff
15862,Gao,Wrigley,4/24/64,5/5/95,1/1/99,Senior Engineer
15874,Ewing,Fairtlough,10/20/62,10/10/89,1/1/99,Engineer
15881,Ortrun,Luby,5/11/64,9/27/86,1/1/99,Senior Engineer
15883,Jixiang,Rosin,5/27/62,4/2/85,1/1/99,Engineer
15884,Demin,Mahnke,8/3/63,10/17/96,1/1/99,Senior Staff
15888,Salvador,Zumaque,4/14/64,8/7/87,1/1/99,Staff
15890,Feiyu,Bratsberg,9/1/62,11/21/96,1/1/99,Staff
15897,Menkae,Perez,11/8/64,1/7/96,1/1/99,Senior Engineer
15898,Zengping,Bail,3/14/64,4/25/96,1/1/99,Senior Staff
15907,Lidong,Makinen,6/6/62,6/15/96,1/1/99,Staff
15908,Satoru,Reistad,6/6/62,7/10/93,1/1/99,Senior Engineer
15909,Sahrah,Serdy,12/4/62,11/3/90,1/1/99,Senior Engineer
15913,Shigeaki,Mattern,2/9/63,4/21/86,1/1/99,Senior Engineer
15921,Ziyad,Manderick,1/8/63,11/22/01,1/1/99,Senior Staff
15927,Dharmaraja,Swick,9/21/63,4/22/94,1/1/99,Engineer
15931,Heather,Crelier,6/11/63,6/10/89,1/1/99,Engineer
15932,Zijian,Angelopoulos,8/6/63,1/15/02,1/1/99,Staff
15936,Boriana,Perz,9/2/62,9/1/96,1/1/99,Senior Staff
15950,Subir,Baak,1/27/64,8/16/93,1/1/99,Staff
15953,Make,Steinauer,7/26/64,11/4/90,1/1/99,Senior Staff
15957,Steve,Pashtan,8/31/63,7/1/98,1/1/99,Engineer
15959,Yannik,Milicia,3/11/64,1/27/96,1/1/99,Staff
15962,Mooi,Barvinok,7/26/64,3/11/96,1/1/99,Staff
15963,LiMin,Lunt,7/15/63,11/22/99,1/1/99,Senior Staff
15968,Moss,Montemayor,9/30/63,11/7/92,1/1/99,Engineer
15980,Bernardo,Kakkad,10/7/64,10/21/92,1/1/99,Senior Staff
15987,Irena,Ferretti,12/22/62,11/14/95,1/1/99,Staff
15994,Jasminko,Delgrange,11/12/62,5/3/98,1/1/99,Engineer
15997,IEEE,Kruskal,12/3/62,10/4/97,1/1/99,Engineer
15998,Urs,Speel,3/16/64,7/21/95,1/1/99,Senior Staff
16006,Frederique,Matzen,3/7/62,3/25/96,1/1/99,Staff
16007,Premsyl,Dalton,5/30/64,4/15/88,1/1/99,Senior Engineer
16009,Arnould,Denna,12/2/62,1/26/90,1/1/99,Senior Engineer
16015,Oddvar,Schaft,2/18/62,9/28/91,1/1/99,Engineer
16016,Babette,Keustermans,1/29/63,4/4/90,1/1/99,Senior Staff
16020,Wuxu,Chiola,5/26/63,1/4/90,1/1/99,Senior Staff
16021,Mary,Ananiadou,6/4/64,5/21/94,1/1/99,Senior Engineer
16029,Zhilian,Schicker,12/21/63,11/17/94,1/1/99,Senior Engineer
16031,Elliott,Parveen,11/3/64,12/17/93,1/1/99,Staff
16034,Pramod,Conta,3/1/63,3/30/98,1/1/99,Staff
16038,Sreenivas,Schrift,10/16/64,11/1/97,1/1/99,Staff
16047,Josyula,Rosar,8/26/63,1/9/98,1/1/99,Engineer
16048,Rance,Demir,5/13/64,12/13/94,1/1/99,Senior Staff
16055,Akeel,Heyers,4/26/63,8/9/87,1/1/99,Senior Engineer
16060,Apostol,Radhakrishnan,3/25/62,11/11/93,1/1/99,Staff
16061,Sverrir,Luan,2/23/62,2/23/94,1/1/99,Senior Engineer
16062,Jaques,Peak,2/26/63,1/25/86,1/1/99,Senior Staff
16064,Lucian,Murtha,8/16/63,1/21/88,1/1/99,Technique Leader
16065,Kaijung,Karunanithi,7/5/62,8/28/87,1/1/99,Staff
16071,Bedir,Eiron,7/7/63,9/17/89,1/1/99,Senior Staff
16080,Aamod,Domenig,8/20/63,8/7/92,1/1/99,Engineer
16082,Etsuo,Redmiles,1/21/62,9/22/95,1/1/99,Engineer
16091,Yucai,Belinskaya,9/28/64,1/10/87,1/1/99,Senior Engineer
16098,Stella,Fortenbacher,12/11/64,9/30/85,1/1/99,Engineer
16100,Mantis,Petereit,4/20/62,3/31/86,1/1/99,Senior Staff
16107,Feiyu,Luit,12/23/63,3/30/85,1/1/99,Senior Staff
16115,Haldun,Silva,11/30/64,11/14/85,1/1/99,Senior Staff
16122,Mitchel,Rodham,9/24/62,3/7/02,1/1/99,Engineer
16125,Mori,Alpin,8/19/64,11/12/89,1/1/99,Engineer
16128,Guenter,Bain,5/17/64,7/13/94,1/1/99,Senior Engineer
16136,Kamran,Montemayor,3/12/63,2/6/94,1/1/99,Senior Engineer
16144,Yakkov,Yurov,11/4/63,9/18/91,1/1/99,Staff
16152,Ewing,Zuberek,1/24/63,1/9/89,1/1/99,Senior Staff
16153,Shir,Cyre,2/7/63,1/12/01,1/1/99,Staff
16168,JoAnna,Ashish,2/5/64,10/15/86,1/1/99,Engineer
16169,Candida,Dratva,11/5/62,3/19/89,1/1/99,Senior Engineer
16171,Kristinn,Zizka,5/13/63,3/1/90,1/1/99,Senior Engineer
16178,Karsten,Marchegay,9/19/62,1/8/00,1/1/99,Staff
16182,Mantis,Alpay,9/10/63,6/28/87,1/1/99,Technique Leader
16190,Constantine,Fandrianto,4/23/63,8/13/86,1/1/99,Technique Leader
16196,Isamu,Casperson,7/30/62,7/18/97,1/1/99,Engineer
16208,Kish,Krohn,11/15/62,10/7/91,1/1/99,Engineer
16210,Paloma,Hardjono,10/22/64,1/18/91,1/1/99,Senior Staff
16241,Zeydy,Kalloufi,11/3/63,7/23/97,1/1/99,Engineer
16245,Mikhail,Collette,1/24/63,10/25/94,1/1/99,Senior Staff
16248,Tadahiro,Masada,10/21/63,12/16/88,1/1/99,Senior Engineer
16260,Almudena,Schapiro,4/5/63,2/21/93,1/1/99,Senior Engineer
16265,Oksana,Menhoudj,8/15/63,11/6/94,1/1/99,Senior Staff
16275,Maja,Ruemmler,6/8/64,11/25/87,1/1/99,Engineer
16282,Sven,Kleiser,8/17/63,4/24/90,1/1/99,Senior Staff
16285,Ghassan,McFarlan,1/5/62,10/17/94,1/1/99,Senior Staff
16292,Bluma,Lakshmanan,7/21/62,7/15/94,1/1/99,Senior Engineer
16294,Supot,Ballarin,12/7/62,11/9/89,1/1/99,Staff
16303,Jamaludin,VanScheik,2/27/64,3/13/89,1/1/99,Senior Staff
16321,Parviz,Schlenzig,7/16/64,1/13/89,1/1/99,Staff
16339,Luise,Gunderson,9/28/64,7/5/96,1/1/99,Staff
16344,Odoardo,Brlek,3/18/64,3/31/96,1/1/99,Senior Engineer
16348,Xianlong,Lorcy,9/17/62,3/28/93,1/1/99,Engineer
16349,Muneo,dAstous,11/26/63,8/7/99,1/1/99,Staff
16353,Shawna,Denis,8/7/62,9/29/87,1/1/99,Engineer
16354,Maren,Siochi,1/30/63,12/26/90,1/1/99,Senior Engineer
16356,Sibyl,Woycyznski,6/25/64,12/5/88,1/1/99,Senior Staff
16357,Arve,Perl,3/15/63,9/11/88,1/1/99,Engineer
16361,Kazuyasu,Chappelet,7/25/63,8/19/94,1/1/99,Staff
16371,Duri,Danlos,3/25/64,5/12/87,1/1/99,Senior Staff
16374,Holgard,Nergos,5/23/63,5/21/87,1/1/99,Senior Engineer
16375,Zvonko,Begiun,1/15/63,3/6/91,1/1/99,Senior Staff
16376,Mamdouh,Smailagic,1/21/64,4/7/97,1/1/99,Engineer
16385,Houman,Jonsson,11/25/64,5/25/98,1/1/99,Engineer
16386,Munehiko,Hebden,8/8/62,1/18/98,1/1/99,Engineer
16389,Kwangjo,Sadowsky,4/13/63,12/29/94,1/1/99,Senior Staff
16391,Hidekazu,Syrzycki,10/31/63,7/21/86,1/1/99,Engineer
16394,Chinho,Gluchowski,1/16/64,2/3/86,1/1/99,Senior Staff
16395,Masasuke,Heering,4/26/62,4/17/93,1/1/99,Engineer
16401,Boriana,Hoogerwoord,12/15/63,4/2/97,1/1/99,Staff
16409,Khedija,Papadias,5/13/64,7/17/94,1/1/99,Assistant Engineer
16416,Ramzi,Kaltofen,1/30/64,12/29/95,1/1/99,Senior Engineer
16428,Arun,Chinin,9/5/64,6/2/00,1/1/99,Senior Staff
16429,Mitsuyuki,Gulak,2/1/62,5/2/96,1/1/99,Engineer
16435,Renee,Wissmann,10/23/63,5/26/92,1/1/99,Senior Staff
16436,Jackson,Ciolek,12/12/62,9/17/94,1/1/99,Engineer
16458,Lubomir,Ulupinar,8/12/64,12/17/94,1/1/99,Senior Staff
16461,Remmert,Schahn,1/14/65,9/6/86,1/1/99,Senior Staff
16465,Shuji,Yoshizawa,12/23/63,1/3/92,1/1/99,Engineer
16468,Adel,Thiran,1/30/64,9/15/90,1/1/99,Engineer
16476,Mitsuyuki,Huttel,2/15/64,4/22/88,1/1/99,Technique Leader
16489,Junsik,Broder,11/30/62,6/30/87,1/1/99,Engineer
16493,Rafols,Cooley,4/25/62,2/15/95,1/1/99,Staff
16498,Perla,Douceur,8/22/63,11/28/92,1/1/99,Senior Staff
16501,Fayez,Veldwijk,7/14/64,4/13/97,1/1/99,Staff
16507,Yongmao,Gecsel,7/17/62,1/7/92,1/1/99,Staff
16513,Toney,Auria,10/15/64,3/3/87,1/1/99,Senior Staff
16514,Przemyslawa,Luiz,6/20/62,3/7/98,1/1/99,Engineer
16516,Persi,Porenta,4/29/63,5/20/90,1/1/99,Staff
16519,Jeane,Denny,10/10/63,5/26/87,1/1/99,Engineer
16522,Jongsuk,Luks,11/12/64,4/26/97,1/1/99,Staff
16523,Reinhold,Rebaine,1/27/63,11/11/93,1/1/99,Senior Staff
16528,Gaurav,Swick,1/21/65,5/7/96,1/1/99,Assistant Engineer
16548,Ortrun,Baak,2/10/63,7/23/96,1/1/99,Senior Engineer
16552,Susanna,Range,4/8/63,2/3/91,1/1/99,Engineer
16553,Jianhao,Halevi,3/7/62,6/22/88,1/1/99,Staff
16560,Mitchel,Oberman,1/22/62,4/18/91,1/1/99,Senior Staff
16568,Rafols,Gulik,7/14/62,9/28/91,1/1/99,Senior Staff
16571,Francoise,Fiutem,12/9/63,5/25/90,1/1/99,Engineer
16573,Uinam,Swick,1/19/64,6/13/91,1/1/99,Senior Engineer
16574,Nevio,Penz,5/6/63,8/5/93,1/1/99,Staff
16584,Toney,Einsfeld,10/2/62,7/6/90,1/1/99,Senior Staff
16596,Valeri,Wrigley,1/23/62,2/5/00,1/1/99,Staff
16598,Sivanarayana,Hiltgen,12/21/64,5/13/90,1/1/99,Senior Engineer
16602,Zorica,Hinsberger,3/8/64,4/7/98,1/1/99,Staff
16606,Eirik,Erev,1/19/62,12/18/90,1/1/99,Senior Staff
16610,Geoffry,Holburn,6/11/64,8/2/89,1/1/99,Staff
16612,Zhenhua,Rullman,10/29/62,3/3/90,1/1/99,Engineer
16614,Baruch,Ghazalie,4/22/63,6/10/99,1/1/99,Senior Engineer
16618,Sadun,Hebert,3/30/63,5/17/87,1/1/99,Staff
16620,Arco,Basagni,5/6/62,7/22/87,1/1/99,Staff
16621,Parviz,Strehl,5/30/62,6/11/92,1/1/99,Senior Engineer
16626,Van,Otillio,8/16/62,6/21/90,1/1/99,Staff
16628,Sumali,Nollmann,12/3/64,9/23/97,1/1/99,Engineer
16638,Masanao,Rouquie,8/5/64,3/5/92,1/1/99,Staff
16643,Seshu,Picht,7/4/62,6/24/94,1/1/99,Senior Staff
16648,Heather,Kropatsch,2/10/63,9/17/89,1/1/99,Staff
16663,Maja,Radhakrishnan,9/20/63,1/7/00,1/1/99,Assistant Engineer
16675,Gritta,Samarati,2/2/63,8/30/98,1/1/99,Senior Engineer
16676,Oguz,Selenyi,6/6/62,10/27/97,1/1/99,Staff
16687,Berthier,Ginesta,4/21/62,5/22/97,1/1/99,Engineer
16690,Tua,Pashtan,6/8/63,6/5/97,1/1/99,Technique Leader
16694,Jungsoon,Sidhu,6/10/62,11/27/89,1/1/99,Staff
16697,Rasikan,Kavraki,11/24/64,4/29/90,1/1/99,Engineer
16701,Yongqiao,Picht,10/21/64,1/17/00,1/1/99,Staff
16707,Dulce,Naudin,12/15/63,12/25/85,1/1/99,Technique Leader
16710,Arumugam,Escriba,1/10/64,1/31/93,1/1/99,Senior Staff
16722,Torsten,Bain,12/6/63,12/26/98,1/1/99,Senior Staff
16725,Berhard,Rando,1/2/63,4/23/98,1/1/99,Engineer
16727,Saniya,Codenie,11/5/63,9/24/87,1/1/99,Senior Engineer
16732,Anyuan,Takkinen,12/30/63,8/6/99,1/1/99,Engineer
16743,Mario,Zweizig,4/10/62,1/24/00,1/1/99,Technique Leader
16745,Xianlong,Zwicker,2/16/64,7/9/94,1/1/99,Senior Staff
16750,Alejandro,Hinsberger,2/28/63,5/19/92,1/1/99,Staff
16758,Zongyan,Vilarrasa,11/4/62,10/25/87,1/1/99,Senior Engineer
16763,Yishai,Baja,6/22/63,6/23/89,1/1/99,Staff
16765,Reinhard,Begiun,1/27/63,5/3/96,1/1/99,Engineer
16770,Guiseppe,Gonthier,3/26/64,6/20/98,1/1/99,Engineer
16775,Kendra,Fortenbacher,11/12/62,9/7/92,1/1/99,Engineer
16781,Emdad,Cangellaris,4/12/63,10/15/85,1/1/99,Senior Engineer
16791,Peternela,Laurillard,10/4/62,9/25/94,1/1/99,Assistant Engineer
16794,Trygve,Chleq,4/17/63,8/15/95,1/1/99,Senior Staff
16797,Udo,Staylopatis,1/9/62,6/26/92,1/1/99,Senior Engineer
16804,Alain,Wossner,7/17/62,3/25/86,1/1/99,Senior Engineer
16810,Honesty,Verspoor,7/14/63,8/15/87,1/1/99,Engineer
16814,Abdulah,Waymire,4/3/62,6/22/92,1/1/99,Engineer
16816,Mabo,Basawa,8/26/62,6/20/98,1/1/99,Assistant Engineer
16820,Baruch,Mawatari,6/28/62,4/3/93,1/1/99,Senior Engineer
16822,Shen,Spell,1/8/64,3/3/89,1/1/99,Staff
16825,Ziyad,Perri,1/26/62,12/5/86,1/1/99,Engineer
16826,Morris,Rosis,1/30/62,5/17/86,1/1/99,Senior Staff
16837,Angus,Chleq,7/31/63,2/13/92,1/1/99,Staff
16848,Sajjan,Schahn,3/7/62,6/25/97,1/1/99,Staff
16855,Sashi,Berztiss,10/5/62,8/24/98,1/1/99,Staff
16861,Moon,Akaboshi,4/19/63,12/14/85,1/1/99,Assistant Engineer
16865,Gou,Rosin,6/12/64,1/8/86,1/1/99,Staff
16879,Pranjal,Schnabel,11/15/63,2/16/97,1/1/99,Staff
16882,Tetsurou,Danecki,5/4/64,7/24/99,1/1/99,Staff
16886,Wilmer,Sundgren,5/20/63,1/28/90,1/1/99,Senior Staff
16887,Bernardo,Sinitsyn,11/16/62,2/6/85,1/1/99,Senior Engineer
16888,Barun,Renear,2/18/62,2/16/92,1/1/99,Senior Engineer
16899,JiYoung,Camarinopoulos,11/13/62,3/16/01,1/1/99,Staff
16903,Naftali,Kropf,1/23/63,4/21/93,1/1/99,Staff
16907,Yongmao,Karcich,4/10/63,7/2/96,1/1/99,Staff
16913,Yuuichi,Mandelberg,2/2/62,7/19/92,1/1/99,Engineer
16920,Uta,Randt,6/25/62,8/11/98,1/1/99,Senior Engineer
16927,Udaiprakash,Zaiane,10/1/63,4/18/89,1/1/99,Senior Staff
16935,Guenter,Anily,11/10/62,4/22/92,1/1/99,Technique Leader
16936,Vitaly,Baar,10/1/64,9/26/96,1/1/99,Staff
16941,Hironoby,Sadowsky,9/25/63,9/23/96,1/1/99,Assistant Engineer
16942,Tran,Shackel,2/23/62,6/15/94,1/1/99,Senior Staff
16945,Ramzi,McConalogue,10/25/63,2/14/86,1/1/99,Engineer
16946,Owen,Quaggetto,11/2/64,3/3/97,1/1/99,Senior Engineer
16948,Huai,Kamble,9/5/62,4/7/99,1/1/99,Engineer
16956,Tetsurou,Bennet,2/18/64,10/5/98,1/1/99,Staff
16960,Paddy,Ratnaker,5/30/62,11/2/98,1/1/99,Senior Staff
16963,Monique,Lalonde,11/7/64,7/6/88,1/1/99,Senior Engineer
16968,Patricio,Stifter,7/16/64,1/23/91,1/1/99,Senior Engineer
16973,Vidya,Thisen,2/8/63,9/16/93,1/1/99,Senior Staff
16977,Eishiro,Isaac,11/27/63,5/30/95,1/1/99,Assistant Engineer
16984,Macha,Rosenbaum,10/22/63,1/26/94,1/1/99,Senior Engineer
16989,Limsoon,Ruther,11/6/64,3/23/02,1/1/99,Engineer
16991,Oksana,Birke,11/26/63,2/24/86,1/1/99,Senior Staff
16998,Katsuyuki,Weedon,7/14/63,4/8/99,1/1/99,Senior Staff
17000,Atilio,Kugler,3/26/62,12/19/95,1/1/99,Engineer
17001,Yuguang,Herath,1/15/62,1/17/98,1/1/99,Engineer
17003,JiYoung,Vadhan,7/26/63,4/26/92,1/1/99,Senior Engineer
17005,Felicidad,Alpin,11/1/62,7/14/93,1/1/99,Senior Staff
17009,Carrsten,Jansen,7/22/64,11/19/92,1/1/99,Senior Staff
17010,Taiji,Beeson,6/28/62,10/21/01,1/1/99,Staff
17013,Morris,Garigliano,1/15/65,5/24/95,1/1/99,Senior Staff
17020,Xuejun,Homond,2/16/63,10/12/98,1/1/99,Assistant Engineer
17026,Sham,Hockney,11/21/64,5/29/86,1/1/99,Staff
17027,Quingbo,Birge,5/28/64,2/15/93,1/1/99,Staff
17029,Nobuyoshi,Bardell,1/8/62,8/17/86,1/1/99,Senior Engineer
17038,Marco,Guenter,12/13/63,11/8/92,1/1/99,Senior Staff
17050,Koldo,Oppitz,10/25/64,8/19/01,1/1/99,Engineer
17054,Heejo,Vanwelkenhuysen,1/12/62,1/4/95,1/1/99,Senior Staff
17061,Zhigen,Gomatam,5/2/62,11/30/87,1/1/99,Staff
17070,Feiyu,Alvarado,6/11/62,10/27/89,1/1/99,Senior Engineer
17082,Keiichiro,Kragelund,12/22/62,12/20/91,1/1/99,Engineer
17083,Masoud,Gurbaxani,12/17/64,10/11/93,1/1/99,Engineer
17084,Brendon,Benveniste,12/6/62,10/8/95,1/1/99,Staff
17086,Honesty,Berztiss,10/15/63,9/15/89,1/1/99,Senior Engineer
17087,Szabolcs,Ermel,3/17/62,5/21/98,1/1/99,Staff
17094,Nagui,Lorcy,5/26/64,10/5/95,1/1/99,Engineer
17099,Pohua,Jayawardene,5/14/64,4/14/96,1/1/99,Engineer
17108,Jaques,Denny,5/31/63,1/2/93,1/1/99,Engineer
17113,Ymte,Fujisawa,7/21/64,8/14/96,1/1/99,Senior Engineer
17119,Xiaoshan,Buescher,11/3/62,5/14/92,1/1/99,Assistant Engineer
17121,Thanasis,Lorys,2/17/64,1/18/88,1/1/99,Engineer
17135,Masami,Marchegay,8/12/62,6/19/91,1/1/99,Senior Staff
17139,Stein,Cesareni,1/18/63,11/23/87,1/1/99,Senior Engineer
17149,Leen,Griswold,12/12/64,9/3/96,1/1/99,Senior Staff
17161,Xuejun,Makrucki,3/15/63,12/24/96,1/1/99,Staff
17164,Pranjal,Birta,5/30/64,12/17/88,1/1/99,Senior Engineer
17174,Magy,Ligten,2/11/63,11/25/91,1/1/99,Engineer
17177,Garnet,Highland,1/30/64,10/8/87,1/1/99,Engineer
17180,Salvador,Boguraev,5/1/63,9/6/94,1/1/99,Senior Engineer
17186,Susanne,Streit,9/24/62,6/19/99,1/1/99,Engineer
17187,Ortrud,Middleton,4/8/63,8/17/97,1/1/99,Senior Engineer
17188,Boguslaw,Cardazo,6/8/62,9/19/88,1/1/99,Engineer
17190,Huican,Muhling,11/7/62,1/21/91,1/1/99,Technique Leader
17193,Kenroku,Tetzlaff,9/15/63,7/28/97,1/1/99,Engineer
17202,Jayesh,Quittner,3/3/64,12/17/97,1/1/99,Staff
17206,Berry,DeMori,1/2/65,12/27/92,1/1/99,Engineer
17209,Przemyslawa,Merle,4/23/63,7/5/88,1/1/99,Engineer
17217,Christophe,Stenning,4/2/63,6/7/92,1/1/99,Senior Staff
17233,Danny,Nyanchama,6/17/63,12/18/96,1/1/99,Technique Leader
17238,Achilleas,Schach,8/12/64,7/7/85,1/1/99,Senior Staff
17239,Nectarios,Panangaden,2/19/63,10/12/95,1/1/99,Senior Staff
17241,Unal,Polupanov,3/3/63,5/20/01,1/1/99,Senior Staff
17249,Zhiwei,Horswill,8/29/64,7/6/90,1/1/99,Staff
17264,Ibibia,Michaels,6/14/63,7/22/89,1/1/99,Engineer
17273,Aiichiro,Verhaegen,3/5/64,7/6/85,1/1/99,Senior Engineer
17286,Arunachalam,Ermel,8/8/64,7/7/89,1/1/99,Senior Engineer
17310,Florian,Stemann,6/19/64,9/26/96,1/1/99,Senior Engineer
17311,Jouko,Heiserman,9/3/63,1/28/93,1/1/99,Senior Staff
17331,Arfst,Kolvik,12/14/63,5/17/90,1/1/99,Senior Engineer
17332,Valery,Grospietsch,1/9/64,3/2/85,1/1/99,Senior Staff
17348,Jiang,Sifakis,9/12/62,8/18/95,1/1/99,Assistant Engineer
17360,Gunilla,Bridgland,11/28/64,12/5/96,1/1/99,Engineer
17365,Sushant,Nitta,4/15/63,11/17/91,1/1/99,Senior Engineer
17367,Tooru,Parfitt,9/18/64,1/23/92,1/1/99,Senior Staff
17369,Yaghout,Kenevan,1/31/65,9/15/00,1/1/99,Senior Engineer
17372,Adil,Conti,10/5/63,3/13/92,1/1/99,Senior Staff
17376,Moheb,Fadgyas,10/13/64,1/12/88,1/1/99,Senior Engineer
17377,Kien,Ambroszkiewicz,1/1/62,4/10/86,1/1/99,Staff
17381,Maia,Shimshoni,7/10/64,3/27/98,1/1/99,Engineer
17389,Taiji,Kemmerer,11/23/62,2/2/85,1/1/99,Assistant Engineer
17404,Martijn,Penttonen,4/5/64,2/23/89,1/1/99,Technique Leader
17420,Jinpo,Stamatiou,5/22/64,10/13/88,1/1/99,Staff
17421,Adel,Birjandi,12/16/63,2/12/85,1/1/99,Staff
17433,Flemming,Wegerle,5/21/64,9/29/85,1/1/99,Technique Leader
17435,Susanna,Merey,9/21/63,7/26/90,1/1/99,Staff
17441,Nahum,Kropf,2/12/62,3/25/90,1/1/99,Senior Engineer
17447,Zengping,Boreale,1/11/65,12/16/98,1/1/99,Staff
17451,Lobel,Kroon,8/16/62,5/8/98,1/1/99,Staff
17453,Taegyun,Ranst,3/7/63,11/17/97,1/1/99,Engineer
17458,Suzette,Munro,11/10/62,1/18/90,1/1/99,Senior Engineer
17459,Xuejun,Delgrange,5/19/62,4/24/88,1/1/99,Senior Staff
17460,Kannan,Khamsi,1/4/62,11/7/96,1/1/99,Senior Engineer
17461,Karoline,Lampe,11/18/62,4/12/85,1/1/99,Technique Leader
17469,Chiradeep,Khamsi,12/19/64,10/18/91,1/1/99,Staff
17473,Constantine,Ravishankar,5/5/64,10/2/91,1/1/99,Senior Staff
17475,Mingdong,Callaway,4/29/64,2/28/87,1/1/99,Senior Engineer
17477,Rosine,Marquardt,6/30/62,2/12/96,1/1/99,Engineer
17484,Janche,Jakobus,2/16/63,11/27/96,1/1/99,Senior Staff
17491,Manohar,Docker,2/24/62,12/22/93,1/1/99,Staff
17503,Yonghoan,Murillo,5/7/62,6/5/91,1/1/99,Senior Engineer
17504,Nidapan,Comyn,1/8/63,2/27/86,1/1/99,Senior Engineer
17506,Weiyi,Vandervoorde,6/30/62,7/28/90,1/1/99,Engineer
17515,Xuejia,Zykh,12/27/63,2/12/89,1/1/99,Senior Engineer
17530,Martina,Granlund,10/11/64,11/4/86,1/1/99,Engineer
17532,Demin,Krone,8/31/63,2/7/97,1/1/99,Staff
17533,Xuejia,Perin,11/25/64,2/5/00,1/1/99,Technique Leader
17535,Eishiro,Rouquie,5/9/64,9/28/85,1/1/99,Engineer
17537,Jaewoo,Rosay,8/2/64,2/26/88,1/1/99,Engineer
17548,Xuedong,Fujisaki,12/5/62,11/10/98,1/1/99,Staff
17557,Zhensheng,Cichocki,3/10/62,6/26/92,1/1/99,Senior Engineer
17560,Garnik,Giveon,7/15/64,1/23/97,1/1/99,Staff
17569,Susanna,Vickson,10/13/64,12/26/94,1/1/99,Staff
17572,Bingning,Alpay,7/18/64,10/4/88,1/1/99,Senior Engineer
17575,Gor,Duclos,3/4/64,11/11/88,1/1/99,Engineer
17578,Janche,Molenkamp,9/4/64,9/13/94,1/1/99,Engineer
17579,Woody,Koblick,11/11/62,6/27/97,1/1/99,Assistant Engineer
17581,Marl,Kushner,10/23/63,6/19/88,1/1/99,Senior Staff
17585,Dannz,Wixon,2/27/62,4/26/93,1/1/99,Senior Staff
17591,Qingxiang,Brickell,2/22/62,3/4/86,1/1/99,Senior Engineer
17592,Franziska,Bonifati,2/8/62,5/30/87,1/1/99,Staff
17594,Nimmagadda,Munawer,11/13/62,9/15/90,1/1/99,Staff
17595,Sachar,Ghemri,6/14/63,8/1/95,1/1/99,Staff
17602,Jouni,Kusakari,5/12/64,2/19/93,1/1/99,Senior Staff
17614,Aron,Peng,9/15/62,7/3/97,1/1/99,Engineer
17616,Radhia,Gecseg,12/7/62,1/8/98,1/1/99,Senior Staff
17619,Horward,Karunanithi,2/5/63,1/4/99,1/1/99,Staff
17620,Heather,Simkin,10/14/64,2/24/96,1/1/99,Engineer
17622,Eberhardt,Muhlberg,1/31/62,10/3/95,1/1/99,Technique Leader
17624,Isamu,Emiris,8/3/64,8/20/98,1/1/99,Senior Staff
17626,Paraskevi,Cardazo,4/18/63,12/28/90,1/1/99,Engineer
17627,Shigehiro,Sambasivam,8/31/62,3/25/93,1/1/99,Senior Engineer
17633,Neelam,Detkin,11/14/62,11/30/96,1/1/99,Engineer
17641,Jaber,Parhami,12/13/64,5/17/87,1/1/99,Senior Staff
17650,Adly,Lemarechal,6/8/62,1/16/89,1/1/99,Senior Engineer
17654,Syozo,Hanratty,11/14/64,11/12/97,1/1/99,Technique Leader
17656,Divier,Gimbel,8/5/63,12/12/93,1/1/99,Staff
17659,Horward,Yetim,6/29/62,7/9/90,1/1/99,Senior Staff
17661,Leen,Haddadi,8/6/63,2/9/98,1/1/99,Engineer
17664,Vidya,Bodoff,4/11/63,7/24/98,1/1/99,Senior Engineer
17672,Satosi,Setlzner,1/8/63,3/1/89,1/1/99,Engineer
17673,Phuoc,Montresor,4/1/62,8/31/89,1/1/99,Senior Engineer
17679,Khalid,Terlouw,4/16/62,8/20/91,1/1/99,Senior Engineer
17682,Anyuan,Jeansoulin,3/4/62,10/25/89,1/1/99,Engineer
17687,Lucian,Undy,12/14/62,12/22/97,1/1/99,Staff
17689,Sanjay,Clemencon,11/4/63,4/15/90,1/1/99,Senior Staff
17700,Adam,McAlpine,3/28/64,11/23/92,1/1/99,Engineer
17701,Mari,Cherinka,7/21/62,11/25/89,1/1/99,Senior Staff
17703,Marie,Furudate,11/17/63,11/20/91,1/1/99,Senior Engineer
17712,Salvador,Serra,7/17/62,4/4/99,1/1/99,Senior Staff
17713,Richara,Guardalben,2/7/62,9/2/98,1/1/99,Engineer
17714,Udaiprakash,Zastre,7/12/62,8/31/97,1/1/99,Engineer
17724,Zhiguo,Luks,4/29/64,4/18/86,1/1/99,Engineer
17726,Shaibal,Fritzsche,3/31/63,1/3/96,1/1/99,Senior Engineer
17731,Gennady,Roison,1/16/65,12/6/89,1/1/99,Assistant Engineer
17732,Wilmer,Moehrke,11/7/62,6/20/96,1/1/99,Senior Staff
17734,Fox,Matzov,5/24/64,12/12/95,1/1/99,Senior Engineer
17747,Toshimitsu,Mapelli,10/16/63,7/8/98,1/1/99,Staff
17758,Nikolaos,Ranka,2/27/63,7/20/87,1/1/99,Technique Leader
17766,Irene,Oxenboll,11/23/64,11/4/96,1/1/99,Engineer
17773,Joydip,Hebden,12/13/64,5/26/95,1/1/99,Senior Staff
17781,Amstein,Birke,2/10/64,12/20/94,1/1/99,Senior Staff
17784,Ung,Kavvadias,8/5/64,8/9/98,1/1/99,Engineer
17795,Houman,Solares,5/18/64,11/23/92,1/1/99,Senior Engineer
17823,Uriel,Acton,1/11/63,2/21/97,1/1/99,Senior Staff
17831,Boaz,Peha,9/8/64,6/24/96,1/1/99,Engineer
17839,Chuanyi,Yoshimura,1/21/63,7/23/99,1/1/99,Engineer
17846,Falguni,Schieder,5/13/63,10/2/87,1/1/99,Technique Leader
17850,Mabhin,Anily,9/23/64,5/26/97,1/1/99,Engineer
17865,Djenana,Syrotiuk,5/24/64,10/13/92,1/1/99,Senior Engineer
17870,Zhenbing,Viele,7/10/62,6/24/85,1/1/99,Engineer
17876,Perla,Schueller,9/18/64,8/14/94,1/1/99,Staff
17878,Gil,Lanphier,3/4/62,2/23/97,1/1/99,Staff
17898,Lijia,Cooley,7/24/62,9/29/98,1/1/99,Senior Engineer
17901,Yucel,Ohori,3/16/62,7/9/93,1/1/99,Senior Engineer
17905,Wuxu,Vilarrasa,12/19/64,2/11/85,1/1/99,Senior Engineer
17911,Charmane,Terwilliger,11/15/62,4/13/98,1/1/99,Staff
17912,Maik,Bain,8/30/62,8/31/92,1/1/99,Engineer
17918,Constantine,Taubman,3/16/63,2/22/89,1/1/99,Senior Engineer
17920,Yuichiro,Chimia,7/9/62,10/7/98,1/1/99,Senior Engineer
17923,Yunming,Ellozy,4/17/62,9/27/94,1/1/99,Engineer
17924,Mikhail,Mitchem,6/27/64,5/10/95,1/1/99,Senior Staff
17928,Petter,Siprelle,12/8/64,10/20/94,1/1/99,Staff
17929,Nigel,Cusworth,10/26/64,1/11/91,1/1/99,Senior Staff
17933,Morris,Schnabel,1/21/64,9/29/93,1/1/99,Engineer
17934,Bilhanan,Wuwongse,7/12/63,3/19/96,1/1/99,Technique Leader
17944,Munenori,Delaune,5/13/62,10/11/88,1/1/99,Assistant Engineer
17946,Khue,Matheson,3/9/62,5/27/01,1/1/99,Staff
17947,Torsten,Chiodo,4/15/62,8/9/90,1/1/99,Senior Engineer
17952,Gina,Munawer,12/5/63,1/12/93,1/1/99,Senior Staff
17953,Sugwoo,Vesna,10/21/63,9/7/85,1/1/99,Senior Staff
17954,Zhigen,Spelt,5/6/64,5/5/85,1/1/99,Senior Staff
17957,Pranav,Harllee,6/11/62,1/1/97,1/1/99,Senior Engineer
17965,Abdelwaheb,Thummel,7/26/64,1/17/99,1/1/99,Senior Staff
17967,Gunilla,Vendrig,9/18/62,7/20/95,1/1/99,Senior Staff
17969,Ranga,Katalagarianos,3/27/63,2/26/92,1/1/99,Senior Staff
17970,Filipp,Carrere,1/6/65,1/9/89,1/1/99,Technique Leader
17978,Yinghua,Riefers,4/19/62,10/28/87,1/1/99,Senior Staff
17982,Dzung,Stenning,5/24/62,5/12/95,1/1/99,Senior Staff
17988,Mabhin,Calkin,1/31/65,11/30/89,1/1/99,Engineer
17992,Zhonghua,Winter,6/18/62,9/23/98,1/1/99,Senior Staff
17994,Oscar,Msuda,1/31/62,7/15/97,1/1/99,Staff
17998,Arumugam,Benzaken,12/25/62,9/16/91,1/1/99,Staff
18001,Odoardo,Peral,6/23/62,12/11/92,1/1/99,Senior Staff
18002,Munehiko,Kisuki,2/18/63,1/30/87,1/1/99,Senior Engineer
18004,George,Miyakawa,4/16/64,4/1/95,1/1/99,Staff
18010,Aksel,Kropp,8/4/63,12/25/85,1/1/99,Senior Staff
18021,Adil,Matzke,1/7/65,5/8/87,1/1/99,Engineer
18023,Valeri,Chenoweth,5/27/62,5/17/85,1/1/99,Engineer
18026,Vesna,Backhouse,11/25/64,4/18/93,1/1/99,Staff
18028,Florina,Gimarc,11/15/62,11/3/89,1/1/99,Technique Leader
18029,Younwoo,Awdeh,8/22/62,2/8/87,1/1/99,Senior Engineer
18039,Danco,Rubsam,3/3/64,5/31/88,1/1/99,Technique Leader
18043,Yuqun,Harnett,1/4/62,11/3/86,1/1/99,Senior Engineer
18045,Zengping,Wendorf,3/17/62,6/12/87,1/1/99,Engineer
18046,Monique,Ramsay,4/30/62,7/14/89,1/1/99,Staff
18048,Sigeru,Matzke,3/22/64,12/4/91,1/1/99,Staff
18050,Tsuneo,Zizka,6/27/62,3/9/02,1/1/99,Engineer
18052,Hongzue,Samarati,10/9/64,4/9/94,1/1/99,Engineer
18057,Sushant,Krohn,6/6/62,1/27/00,1/1/99,Engineer
18064,Mohd,Valette,1/28/63,11/4/98,1/1/99,Engineer
18066,Yonghong,Vidal,5/28/63,5/27/93,1/1/99,Engineer
18072,Cedric,Kalsbeek,8/29/63,8/11/85,1/1/99,Senior Staff
18076,Mari,Baranowski,5/17/63,8/22/86,1/1/99,Engineer
18083,Aimee,Tiemann,8/14/62,12/13/87,1/1/99,Senior Engineer
18090,Eberhardt,Stemann,8/13/62,9/27/98,1/1/99,Staff
18091,Adly,Ferretti,3/4/63,3/13/95,1/1/99,Senior Staff
18103,Herbert,Fendler,5/25/62,1/18/95,1/1/99,Senior Staff
18104,Kristin,Dayang,7/30/63,10/6/96,1/1/99,Engineer
18107,Augustine,Mondadori,3/29/64,6/13/98,1/1/99,Senior Engineer
18111,Gaetan,Litzkow,1/7/64,10/2/98,1/1/99,Staff
18120,Amabile,Frolund,12/30/62,6/5/88,1/1/99,Senior Staff
18125,Aron,Poehlman,3/31/62,12/22/86,1/1/99,Staff
18128,Muzhong,Polupanov,1/24/62,1/31/00,1/1/99,Staff
18136,Cordelia,Jeong,7/29/63,10/13/85,1/1/99,Engineer
18145,Horward,Boreale,11/29/62,4/4/95,1/1/99,Staff
18147,Mahmut,Bierbaum,11/6/64,8/7/85,1/1/99,Staff
18150,Girolamo,Kulisch,12/1/63,1/21/98,1/1/99,Senior Engineer
18151,Yinghua,Demian,7/19/63,4/17/93,1/1/99,Senior Staff
18152,Pascal,Staudhammer,7/13/62,12/27/87,1/1/99,Engineer
18164,Goetz,Curless,11/7/63,1/17/97,1/1/99,Staff
18167,Constantino,Chaudhuri,6/4/63,4/11/90,1/1/99,Engineer
18168,Shugo,Stassinopoulos,8/9/64,8/26/01,1/1/99,Technique Leader
18179,Owen,Heijenga,11/26/64,5/24/93,1/1/99,Staff
18180,Adam,Murtafg,12/11/62,3/2/86,1/1/99,Staff
18182,Dekang,Aamodt,2/23/63,5/25/88,1/1/99,Senior Staff
18183,Yongdong,Grospietsch,11/21/62,9/4/88,1/1/99,Senior Staff
18184,Basil,Bonifati,2/27/63,11/13/91,1/1/99,Senior Staff
18188,Jagoda,Joslin,7/29/64,4/5/99,1/1/99,Senior Engineer
18192,KayLiang,Bazelow,4/20/64,1/31/87,1/1/99,Senior Engineer
18193,Jianhua,Sommer,9/12/63,8/25/97,1/1/99,Senior Engineer
18197,Lihong,Luks,11/30/64,3/3/94,1/1/99,Senior Staff
18207,Toshimitsu,Eppinger,7/27/63,4/6/86,1/1/99,Engineer
18227,Shugo,Dulay,12/6/64,7/28/85,1/1/99,Senior Staff
18229,Huan,Baranowski,2/28/64,10/5/93,1/1/99,Senior Staff
18232,Genta,Vesel,4/7/63,8/7/88,1/1/99,Senior Engineer
18233,Conrado,Feinberg,11/9/63,11/14/96,1/1/99,Senior Engineer
18236,Marko,Unno,8/13/62,9/23/93,1/1/99,Senior Engineer
18243,Gurbir,Thorelli,2/9/63,4/24/97,1/1/99,Senior Staff
18244,Patricio,Dalton,11/8/62,6/4/93,1/1/99,Senior Staff
18252,Mayuko,Besancenot,9/10/63,9/3/97,1/1/99,Engineer
18257,Conrado,Serra,10/24/64,2/19/93,1/1/99,Senior Staff
18258,Matt,Hiroyama,2/28/64,3/20/92,1/1/99,Staff
18263,Dayanand,Fiutem,9/5/63,8/2/97,1/1/99,Senior Staff
18266,Kiyokazu,Sommen,2/6/64,11/26/94,1/1/99,Assistant Engineer
18281,Torsten,Barbanera,4/3/62,2/5/99,1/1/99,Staff
18289,Nikolaus,Shigei,11/12/63,11/30/99,1/1/99,Engineer
18292,Noritoshi,Auria,7/4/64,10/27/97,1/1/99,Staff
18294,Conor,Hofman,5/12/62,7/7/97,1/1/99,Staff
18304,Moon,Kowalchuk,12/30/64,6/9/01,1/1/99,Staff
18305,Luise,Bratten,1/6/63,10/4/93,1/1/99,Senior Engineer
18307,Barton,Stentiford,8/24/64,9/30/92,1/1/99,Engineer
18309,Miyeon,Tomescu,10/21/63,8/3/87,1/1/99,Assistant Engineer
18319,Jaroslava,Valiente,10/11/63,10/1/89,1/1/99,Senior Staff
18329,Krisda,Busillo,3/15/63,8/18/99,1/1/99,Engineer
18334,Tokuyasu,Nitta,2/24/62,6/9/85,1/1/99,Senior Engineer
18336,Arunachalam,Binding,10/26/64,1/4/94,1/1/99,Engineer
18337,Somnath,Masamoto,1/2/63,1/19/95,1/1/99,Senior Engineer
18342,Zsolt,Michaels,5/21/62,10/29/85,1/1/99,Senior Engineer
18343,Arve,Copas,8/30/63,4/29/92,1/1/99,Senior Engineer
18349,Nidapan,Ranka,2/26/62,1/9/87,1/1/99,Senior Engineer
18351,Serap,Worfolk,3/25/64,1/15/96,1/1/99,Engineer
18352,Eric,Warwick,11/5/63,1/18/91,1/1/99,Senior Engineer
18355,Zeydy,Garrabrants,9/30/63,7/26/99,1/1/99,Staff
18363,Mamdouh,Peres,1/16/64,1/31/99,1/1/99,Staff
18365,Moon,Trachtenberg,10/9/63,12/6/94,1/1/99,Engineer
18367,Masaru,Hagimont,2/24/62,4/6/86,1/1/99,Senior Engineer
18377,Paraskevi,Farris,11/15/64,9/19/97,1/1/99,Staff
18380,Fumino,Whittlesey,4/16/64,9/8/94,1/1/99,Engineer
18391,Valter,Babb,7/6/62,12/28/93,1/1/99,Engineer
18400,Pantung,Schusler,12/1/62,8/14/01,1/1/99,Senior Engineer
18405,Serap,Taubenfeld,7/16/62,10/20/90,1/1/99,Senior Engineer
18411,Yolla,Nooteboom,5/17/64,11/2/98,1/1/99,Senior Staff
18415,Rosli,Karunanithi,9/15/63,7/27/94,1/1/99,Staff
18424,Filipp,Rousseau,1/19/65,6/7/95,1/1/99,Engineer
18434,Martina,Syang,10/11/63,2/5/86,1/1/99,Senior Staff
18437,Jianwen,Gaughan,1/11/64,1/4/87,1/1/99,Senior Staff
18440,Kagan,Schrooten,2/2/64,1/3/97,1/1/99,Staff
18442,Toshimi,Papsdorf,3/21/63,1/9/87,1/1/99,Senior Engineer
18466,Emdad,Morton,4/6/63,10/10/93,1/1/99,Senior Engineer
18470,Subbu,Reeken,1/16/63,1/4/97,1/1/99,Staff
18473,Mabhin,Anily,3/31/62,9/27/97,1/1/99,Senior Staff
18475,Subhrajyoti,Bugaenko,4/18/63,10/4/85,1/1/99,Senior Engineer
18476,Naftali,Molenkamp,9/26/63,10/19/98,1/1/99,Engineer
18477,Krister,Kushnir,4/16/62,3/26/88,1/1/99,Engineer
18479,Mechthild,Gulla,9/17/64,9/10/98,1/1/99,Staff
18481,Martins,Kranzdorf,8/2/62,10/8/93,1/1/99,Engineer
18489,Sadun,McFarlin,1/9/64,5/10/94,1/1/99,Engineer
18490,Hein,Limongiello,12/19/63,7/5/86,1/1/99,Senior Staff
18494,Marlo,Chepyzhov,3/20/64,7/10/98,1/1/99,Staff
18496,Boalin,Pileggi,9/15/62,5/31/99,1/1/99,Senior Staff
18501,Utpal,Shobatake,2/15/63,7/18/90,1/1/99,Engineer
18509,Lillian,Fetvedt,12/31/63,10/4/89,1/1/99,Technique Leader
18510,Laurentiu,Birke,3/19/63,4/20/98,1/1/99,Staff
18515,Francesca,Birta,9/23/63,9/10/91,1/1/99,Staff
18517,Xiaoheng,Marshall,1/10/62,7/30/86,1/1/99,Senior Engineer
18522,Shaw,Mawatari,4/25/64,2/12/91,1/1/99,Assistant Engineer
18523,Masoud,Brender,9/24/62,9/1/99,1/1/99,Staff
18534,Valeska,Unno,2/29/64,11/8/86,1/1/99,Senior Engineer
18544,Beshir,Itzfeldt,10/2/62,3/2/99,1/1/99,Staff
18550,Margo,Marciano,8/7/63,6/7/97,1/1/99,Staff
18552,Hailing,Mapelli,4/12/63,8/21/01,1/1/99,Engineer
18561,Teiji,Unni,2/23/62,4/24/86,1/1/99,Senior Engineer
18567,Jacqueline,Grospietsch,1/31/63,2/25/92,1/1/99,Senior Staff
18574,Tsvetan,Kisuki,9/7/62,4/21/88,1/1/99,Senior Engineer
18575,Gadiel,Petersohn,5/1/62,11/12/86,1/1/99,Senior Staff
18583,Stafford,Honglei,1/3/65,8/16/98,1/1/99,Staff
18587,Bernt,Benantar,3/29/62,4/12/97,1/1/99,Senior Engineer
18588,Temple,Narahara,5/7/64,7/2/86,1/1/99,Senior Staff
18589,Weicheng,Thummel,7/9/64,6/10/95,1/1/99,Engineer
18590,Vasiliy,Laurillard,9/24/63,7/13/00,1/1/99,Staff
18593,Leucio,Sury,7/9/63,11/3/89,1/1/99,Senior Staff
18594,Vasilis,Jayawardene,8/2/62,5/26/93,1/1/99,Senior Engineer
18597,Jayesh,Nergos,7/23/64,5/30/89,1/1/99,Senior Staff
18599,Henk,Barriga,8/21/62,9/4/97,1/1/99,Staff
18603,Xuejia,Rosiles,3/20/64,4/7/92,1/1/99,Staff
18613,Toshiko,Theuretzbacher,3/23/63,7/13/86,1/1/99,Senior Engineer
18614,Genevieve,Aingworth,7/16/63,5/10/91,1/1/99,Senior Engineer
18615,Srinidhi,Holburn,1/28/63,5/28/92,1/1/99,Technique Leader
18617,Surveyors,Crouzet,1/21/65,4/24/89,1/1/99,Senior Staff
18619,Mohammad,Jahnichen,6/5/62,8/15/99,1/1/99,Technique Leader
18622,Barry,Junot,9/5/63,2/3/87,1/1/99,Engineer
18624,Bader,Lindenbaum,10/10/64,4/29/98,1/1/99,Engineer
18625,Tuval,Brodie,11/5/64,10/12/89,1/1/99,Engineer
18626,Mountaz,Janocha,5/6/64,6/1/93,1/1/99,Senior Engineer
18634,Malu,Lampe,6/25/62,1/25/00,1/1/99,Senior Staff
18648,Leif,Brandsma,11/22/63,4/29/96,1/1/99,Senior Engineer
18650,Flemming,Lupu,3/10/63,5/19/90,1/1/99,Senior Staff
18652,Kenroku,Ferretti,8/20/63,6/28/97,1/1/99,Staff
18659,Michaela,Portugali,9/27/63,11/22/92,1/1/99,Senior Staff
18660,Takahito,Blokdijk,5/3/62,6/6/96,1/1/99,Engineer
18674,Cedric,Schaap,9/22/64,11/13/95,1/1/99,Assistant Engineer
18678,Lobel,Maraist,2/5/62,10/17/97,1/1/99,Senior Staff
18680,Siddarth,Oaver,2/1/63,4/10/89,1/1/99,Senior Staff
18683,Masaki,Zizka,2/13/63,3/9/91,1/1/99,Staff
18686,Kwangyoen,Facello,2/23/62,5/2/85,1/1/99,Staff
18688,Uli,Pearson,8/5/63,4/23/90,1/1/99,Senior Staff
18704,Conrado,Siegrist,9/8/63,12/23/97,1/1/99,Staff
18710,Kish,Dayana,4/2/63,3/25/98,1/1/99,Senior Staff
18717,Mohammed,Blokdijk,11/18/63,8/17/99,1/1/99,Assistant Engineer
18736,Kish,Sichman,12/8/64,12/15/87,1/1/99,Engineer
18740,Serap,Zedlitz,8/2/64,10/24/94,1/1/99,Staff
18741,Katsuo,Fordan,5/3/62,2/20/96,1/1/99,Senior Staff
18745,Dekang,Chorvat,6/17/63,2/21/92,1/1/99,Senior Engineer
18746,Troy,Zlotek,8/17/64,12/9/94,1/1/99,Senior Engineer
18750,Suzette,Rodham,2/23/62,8/26/99,1/1/99,Senior Staff
18751,Kien,Bellone,6/29/63,8/30/91,1/1/99,Senior Staff
18753,Chenyi,Hofmeyr,8/16/63,9/10/93,1/1/99,Staff
18758,Randy,Dratva,12/5/64,11/15/88,1/1/99,Engineer
18760,Shigeu,Vidal,2/15/62,11/28/89,1/1/99,Senior Staff
18776,Alper,Desikan,9/27/64,1/28/95,1/1/99,Senior Staff
18777,Adam,Rahier,9/9/64,8/20/85,1/1/99,Senior Staff
18785,Vugranam,Thimonier,9/27/62,9/19/93,1/1/99,Senior Engineer
18800,Baruch,Rosiles,5/21/62,7/6/90,1/1/99,Senior Engineer
18801,Erez,Tsukuda,8/7/64,4/29/99,1/1/99,Staff
18803,Tomokazu,Marchesini,3/22/64,11/24/87,1/1/99,Senior Staff
18810,Taiji,Jarecki,1/9/65,6/27/91,1/1/99,Engineer
18820,Xianlong,Fontan,8/31/63,3/27/95,1/1/99,Staff
18822,Xiaoshan,Samarati,9/12/64,12/12/95,1/1/99,Engineer
18824,Divier,Osgood,8/25/64,6/24/86,1/1/99,Staff
18830,Maris,Panienski,1/23/62,3/14/95,1/1/99,Senior Staff
18831,Mostafa,Garigliano,2/26/64,8/13/91,1/1/99,Engineer
18843,Arch,Thimonier,6/8/62,4/29/88,1/1/99,Senior Staff
18845,Muzhong,Pepe,4/22/62,4/27/92,1/1/99,Senior Engineer
18846,Luise,Vural,2/6/63,4/1/87,1/1/99,Engineer
18852,Gurbir,Cooke,1/10/63,12/14/91,1/1/99,Assistant Engineer
18853,Gonzalo,Ratnaker,6/24/63,5/1/97,1/1/99,Staff
18856,Paddy,Vendrig,5/2/62,10/22/98,1/1/99,Staff
18862,Ramalingam,Antonakopoulos,2/24/64,11/8/97,1/1/99,Senior Staff
18869,Aamod,Debuse,3/24/64,7/11/91,1/1/99,Staff
18878,Tuval,Karner,3/28/63,4/17/93,1/1/99,Staff
18884,Randy,Ertl,10/23/62,8/18/95,1/1/99,Technique Leader
18889,Marsal,Barriga,3/28/62,5/23/89,1/1/99,Senior Staff
18893,Eben,Randi,1/25/64,10/19/97,1/1/99,Staff
18898,Zhilian,Gide,7/17/64,5/10/98,1/1/99,Staff
18901,Mountaz,Loncour,7/28/62,8/25/88,1/1/99,Engineer
18902,Valery,Comellas,5/25/63,10/18/93,1/1/99,Engineer
18904,Karsten,Serov,5/2/63,5/24/91,1/1/99,Engineer
18911,Ortrud,Pena,4/14/64,7/3/89,1/1/99,Engineer
18912,Kristina,Masada,2/11/62,9/20/92,1/1/99,Assistant Engineer
18914,Dharmaraja,Lupu,2/20/64,11/16/91,1/1/99,Engineer
18915,JoAnna,Krone,9/4/64,2/6/98,1/1/99,Staff
18918,Alassane,Ozery,9/10/63,11/30/96,1/1/99,Engineer
18926,Marlo,Qiwen,2/13/63,1/28/97,1/1/99,Staff
18950,Percy,Sessa,11/19/64,8/4/92,1/1/99,Staff
18952,Tonny,Cooman,12/26/64,4/6/91,1/1/99,Senior Engineer
18956,Muzhong,Zizka,8/2/64,1/18/90,1/1/99,Senior Staff
18962,Temple,Hebert,11/10/63,4/18/99,1/1/99,Engineer
18963,Ipke,Rehfuss,12/19/62,11/20/91,1/1/99,Senior Staff
18971,Kiyokazu,Peris,6/25/62,2/5/98,1/1/99,Staff
18976,Vasilis,Jonsson,7/5/62,12/2/90,1/1/99,Senior Engineer
18988,Berry,Reeken,11/28/64,7/2/96,1/1/99,Staff
18990,Maris,Badache,4/29/64,6/20/95,1/1/99,Engineer
18991,Minghong,Apsitis,5/5/62,11/2/91,1/1/99,Senior Engineer
18992,Yongmin,Hedayat,11/20/64,2/11/93,1/1/99,Assistant Engineer
19002,Munehiko,Hoppenstand,1/14/64,9/14/88,1/1/99,Staff
19008,Dharmaraja,Koshino,2/5/62,12/6/98,1/1/99,Staff
19010,Naraig,Schrift,10/1/62,12/25/94,1/1/99,Staff
19015,Harjit,Fiebach,3/14/63,7/21/87,1/1/99,Engineer
19016,Adam,Hiraishi,10/8/64,2/13/98,1/1/99,Senior Engineer
19017,Sibyl,Ducloy,4/28/64,2/21/93,1/1/99,Senior Staff
19022,Adhemar,Birrer,8/9/62,1/21/97,1/1/99,Engineer
19024,Toney,Baca,8/16/63,3/28/93,1/1/99,Assistant Engineer
19026,Zhongwei,Arlazarov,5/1/64,1/7/00,1/1/99,Staff
19030,Rayond,Rabehasaina,7/8/63,3/5/91,1/1/99,Senior Staff
19045,Gio,Zaccaria,5/19/64,12/7/00,1/1/99,Senior Engineer
19059,Cullen,Picci,7/23/62,4/29/87,1/1/99,Senior Staff
19068,Uzi,Rande,1/22/63,2/4/93,1/1/99,Senior Staff
19070,Rutger,Vrecion,5/24/62,8/20/98,1/1/99,Staff
19077,Jouni,Kaelbling,12/6/64,5/6/94,1/1/99,Engineer
19080,Mitchel,Przulj,12/6/62,6/25/87,1/1/99,Engineer
19094,Remmert,Ulupinar,2/24/62,8/22/92,1/1/99,Staff
19100,Mantis,Erev,5/25/64,1/20/97,1/1/99,Staff
19102,Nikolaos,Matzen,12/18/63,1/2/91,1/1/99,Staff
19106,Hidde,Erbe,9/3/63,3/20/95,1/1/99,Staff
19112,Caolyn,Jeansoulin,5/12/64,7/11/91,1/1/99,Senior Staff
19127,Matt,Munawer,11/30/63,2/25/95,1/1/99,Senior Staff
19128,Roddy,Schwartzburd,6/17/64,8/28/87,1/1/99,Senior Staff
19130,Weiwu,Penz,10/21/64,11/23/98,1/1/99,Engineer
19138,Xiadong,Constantine,2/8/63,2/5/99,1/1/99,Staff
19140,JoAnne,Krichel,8/3/63,7/30/86,1/1/99,Senior Engineer
19146,Geraldo,Oxenboll,3/1/63,3/30/85,1/1/99,Staff
19149,Huican,Krogh,6/2/62,4/3/00,1/1/99,Engineer
19152,Xudong,McAffer,3/8/64,8/9/98,1/1/99,Staff
19156,Fumitaka,Mullainathan,10/31/64,6/8/91,1/1/99,Engineer
19158,Mohammed,Gide,10/25/62,5/3/96,1/1/99,Engineer
19161,Charlene,Rosenbaum,10/24/64,9/19/95,1/1/99,Staff
19166,Gonzalo,Kamble,12/15/62,10/15/89,1/1/99,Senior Engineer
19175,Sedat,Pettey,1/25/62,1/3/87,1/1/99,Senior Engineer
19178,Jaideep,Chinal,1/5/64,4/30/86,1/1/99,Staff
19180,Ravishankar,Benveniste,2/8/63,6/18/95,1/1/99,Staff
19184,Makato,Borstler,9/19/63,8/19/85,1/1/99,Engineer
19185,Vishwani,Leonhardt,8/1/62,8/23/99,1/1/99,Senior Engineer
19198,Moty,Remmele,5/11/62,11/15/94,1/1/99,Senior Staff
19203,Ipke,Zlotek,4/7/64,2/20/90,1/1/99,Engineer
19210,Huican,Mondadori,9/2/64,11/25/95,1/1/99,Staff
19211,JiYoung,Oxman,9/13/62,11/3/86,1/1/99,Engineer
19219,Troy,Chorvat,1/20/63,6/19/94,1/1/99,Senior Staff
19232,Chandrasekaran,Bodoff,9/18/62,1/22/92,1/1/99,Senior Staff
19236,Elzbieta,Morris,1/24/65,7/12/88,1/1/99,Engineer
19238,Sarita,Birge,6/6/64,8/14/89,1/1/99,Senior Staff
19241,Vojin,Vernadat,7/15/64,5/15/89,1/1/99,Senior Engineer
19248,Yucel,Kaiser,5/19/63,2/24/85,1/1/99,Staff
19255,Val,Munro,11/30/62,12/16/95,1/1/99,Staff
19262,Hausi,Genin,6/15/64,9/1/92,1/1/99,Senior Engineer
19264,Srinidhi,Collavizza,11/14/64,4/29/93,1/1/99,Senior Engineer
19266,Munehiko,Reutenauer,9/9/64,12/14/94,1/1/99,Staff
19296,Vatsa,Mellouli,4/10/62,2/3/97,1/1/99,Staff
19302,Khue,Farrar,10/24/62,1/30/93,1/1/99,Senior Engineer
19308,Premal,Stamatiou,11/14/62,4/16/95,1/1/99,Senior Engineer
19309,Stein,Schaaf,5/14/62,5/24/98,1/1/99,Technique Leader
19313,Serif,Msuda,1/7/62,3/28/92,1/1/99,Senior Engineer
19314,JoAnna,Aloia,7/7/62,2/19/90,1/1/99,Senior Staff
19316,Gao,Iisaka,4/23/62,12/8/89,1/1/99,Senior Engineer
19325,Danil,Gargeya,4/16/63,5/9/87,1/1/99,Senior Engineer
19331,Geoff,Remmers,12/20/62,12/22/90,1/1/99,Technique Leader
19334,Pascal,Shimshoni,12/31/62,9/17/91,1/1/99,Senior Engineer
19341,Xiping,Murillo,6/12/63,4/17/97,1/1/99,Staff
19344,Jagoda,Moffat,3/7/62,9/25/88,1/1/99,Senior Staff
19350,Satoru,Yoshizawa,1/19/65,3/27/94,1/1/99,Staff
19355,Akeno,Zeleznik,8/9/64,8/1/86,1/1/99,Senior Engineer
19361,Chenye,Kruskal,2/25/62,10/5/99,1/1/99,Engineer
19362,Eirik,Lorho,12/14/64,11/30/93,1/1/99,Senior Staff
19367,Spyrose,McFarlin,4/11/63,11/26/86,1/1/99,Senior Staff
19377,Surveyors,Xiaoshan,12/28/62,3/1/86,1/1/99,Engineer
19379,Nakhoon,Yurek,10/19/63,1/9/90,1/1/99,Senior Engineer
19385,Christ,DuBourdieux,9/27/64,3/20/97,1/1/99,Staff
19387,Aris,Birdsall,1/9/62,5/18/98,1/1/99,Senior Staff
19388,Chriss,Daescu,6/3/63,3/9/99,1/1/99,Engineer
19398,Luisa,Randi,3/6/64,8/13/87,1/1/99,Senior Engineer
19402,Berna,Legleitner,8/23/62,11/28/91,1/1/99,Senior Staff
19403,Pascal,Brookner,3/31/62,7/4/97,1/1/99,Senior Engineer
19407,Jamaludin,Murtafg,10/17/63,2/8/95,1/1/99,Staff
19409,Shietung,Azumi,1/17/64,5/16/91,1/1/99,Engineer
19415,Angel,Genin,9/1/63,2/1/89,1/1/99,Senior Staff
19417,Behnaam,Ghemri,12/15/62,9/4/94,1/1/99,Senior Staff
19427,Deniz,Parhami,3/24/62,11/12/87,1/1/99,Senior Staff
19436,Heping,Vendrig,6/17/62,2/16/97,1/1/99,Staff
19440,Gill,Peha,3/26/64,4/1/91,1/1/99,Senior Engineer
19441,Akhilish,Linares,8/25/62,6/23/90,1/1/99,Senior Engineer
19457,Fusako,Ozeki,8/10/64,5/30/91,1/1/99,Senior Staff
19460,Christfried,Rahier,3/3/64,7/30/85,1/1/99,Senior Staff
19462,Kerhong,Luff,10/17/64,9/9/93,1/1/99,Technique Leader
19466,Chenyi,Rodite,5/4/63,10/17/87,1/1/99,Senior Engineer
19474,Rasikan,Tasistro,8/1/64,12/15/97,1/1/99,Staff
19476,Maha,Viele,10/28/62,11/5/88,1/1/99,Senior Engineer
19477,Persi,Tramer,9/28/63,9/7/98,1/1/99,Staff
19484,Hitomi,Cyne,9/1/64,10/5/97,1/1/99,Senior Staff
19485,Marko,Lamparter,1/5/62,9/20/99,1/1/99,Engineer
19489,Ramzi,Papadias,5/20/63,3/2/89,1/1/99,Staff
19492,Kwun,Hutton,1/29/64,12/23/89,1/1/99,Senior Staff
19494,Theirry,Farrar,8/8/64,1/10/87,1/1/99,Engineer
19500,Shaowen,Plessier,4/29/64,5/13/87,1/1/99,Senior Staff
19507,Eben,Boissier,11/8/63,10/2/89,1/1/99,Staff
19521,Uzi,Cunliffe,4/1/62,2/14/97,1/1/99,Engineer
19524,Emran,Rosis,1/21/62,12/1/95,1/1/99,Staff
19527,Ulf,Chvatal,9/10/64,8/12/96,1/1/99,Senior Engineer
19535,Ottavia,Pintelas,3/24/62,5/3/94,1/1/99,Senior Staff
19538,Rasikan,Angelov,3/28/63,8/8/86,1/1/99,Staff
19539,Premsyl,Ramsak,4/30/62,6/4/00,1/1/99,Staff
19540,Tsvetan,Maliniak,5/19/63,7/5/96,1/1/99,Engineer
19542,Xiaoqiu,Biron,10/16/62,2/19/94,1/1/99,Senior Staff
19554,Sungwon,Viele,6/24/64,1/9/94,1/1/99,Senior Engineer
19560,Premsyl,Byoun,5/18/64,4/10/89,1/1/99,Engineer
19563,Heejo,Bergere,1/29/63,4/11/97,1/1/99,Staff
19564,Shigeu,Atchley,4/15/63,7/19/92,1/1/99,Engineer
19571,Venkatesan,Poehlman,6/10/64,8/13/95,1/1/99,Engineer
19577,Honesty,Haumacher,2/7/62,3/22/89,1/1/99,Senior Staff
19581,Mani,Pell,1/10/62,10/12/87,1/1/99,Staff
19587,Masaru,Narahari,7/7/63,10/28/87,1/1/99,Senior Engineer
19596,Shmuel,Cichocki,7/21/63,7/29/91,1/1/99,Senior Engineer
19598,Kerryn,Lundstrom,1/9/63,10/8/94,1/1/99,Staff
19605,Zhigen,Azuma,3/23/63,3/28/92,1/1/99,Senior Staff
19610,Kristina,Tibblin,6/29/63,6/25/95,1/1/99,Senior Staff
19615,Isaac,Taneja,12/6/63,12/19/85,1/1/99,Senior Engineer
19618,Karlis,Zizka,4/8/63,2/17/94,1/1/99,Senior Staff
19632,Toong,Cincotta,3/19/63,2/26/01,1/1/99,Engineer
19638,Baziley,Fargier,7/5/62,5/21/86,1/1/99,Senior Engineer
19641,Subhrajyoti,Krupka,5/10/64,10/29/98,1/1/99,Engineer
19645,Mokhtar,Decaestecker,2/9/64,12/2/87,1/1/99,Senior Staff
19646,Ingemar,Rosenbaum,4/28/64,7/17/93,1/1/99,Senior Engineer
19647,Zeydy,Melichar,3/9/64,9/13/93,1/1/99,Staff
19655,Arunachalam,Flowers,11/8/62,9/5/93,1/1/99,Senior Staff
19656,Patricia,Lundstrom,2/16/64,1/7/94,1/1/99,Technique Leader
19683,Subhrajyoti,Aseltine,1/14/62,3/27/96,1/1/99,Staff
19685,Kasturi,Frolund,6/3/62,3/7/93,1/1/99,Senior Engineer
19686,Falguni,Terekhov,1/28/64,7/30/94,1/1/99,Senior Engineer
19688,Kinh,Rando,12/13/64,11/28/97,1/1/99,Engineer
19696,Tristan,Stafford,5/1/62,9/1/97,1/1/99,Staff
19707,Yaghout,Fadgyas,3/14/62,7/28/01,1/1/99,Engineer
19711,Leucio,Picco,10/24/64,7/2/91,1/1/99,Staff
19714,Qiwen,Dulli,11/30/64,2/26/99,1/1/99,Engineer
19716,Dines,Laurillard,7/1/64,9/10/98,1/1/99,Staff
19730,Herbert,Bashian,11/29/62,12/6/90,1/1/99,Senior Staff
19739,Stein,Zeidenstein,2/1/64,8/11/87,1/1/99,Senior Engineer
19742,George,Madeira,7/4/62,6/11/87,1/1/99,Engineer
19743,Nimmagadda,Mikschl,5/25/62,3/7/87,1/1/99,Senior Staff
19745,Toshiki,Nollmann,6/24/62,6/13/87,1/1/99,Senior Engineer
19751,Aruna,Madeira,12/24/63,10/1/92,1/1/99,Engineer
19752,Sampalli,Swiler,1/15/63,5/9/92,1/1/99,Staff
19756,Navid,Birsak,3/29/63,7/13/89,1/1/99,Engineer
19759,Ziva,Marchegay,4/18/62,4/24/96,1/1/99,Assistant Engineer
19767,Shen,Levergood,11/10/63,9/20/96,1/1/99,Senior Engineer
19779,Yinghua,Besselaar,3/10/62,4/19/99,1/1/99,Senior Staff
19781,Oldrich,Sudkamp,2/21/62,9/10/86,1/1/99,Staff
19787,Atilio,Perl,4/28/62,11/2/96,1/1/99,Senior Engineer
19789,Subhrajyoti,Porotnikoff,2/25/63,9/26/92,1/1/99,Engineer
19797,Kristen,Merro,12/15/64,5/1/97,1/1/99,Senior Staff
19798,Denis,Schmezko,12/22/62,5/9/94,1/1/99,Senior Staff
19800,Kagan,Heiserman,3/19/62,8/7/94,1/1/99,Senior Engineer
19803,Ziva,Kowalchuk,1/30/65,6/13/87,1/1/99,Senior Engineer
19805,Danco,Clouatre,12/24/63,3/18/85,1/1/99,Engineer
19824,Kinh,Zykh,6/3/63,6/1/96,1/1/99,Senior Staff
19827,Chriss,Bojadziev,2/2/63,11/18/00,1/1/99,Engineer
19833,Bikash,Viele,12/23/62,6/6/95,1/1/99,Senior Engineer
19835,Patricio,Baek,1/22/64,3/29/96,1/1/99,Staff
19840,Danil,Baig,7/24/62,10/4/89,1/1/99,Senior Staff
19846,Dinkar,Feldmann,2/19/63,8/19/85,1/1/99,Senior Staff
19859,Gal,Denis,7/27/63,2/13/99,1/1/99,Staff
19862,Marla,Bouloucos,4/1/62,1/16/96,1/1/99,Engineer
19876,Sreekrishna,Bodoff,7/7/63,1/29/88,1/1/99,Senior Engineer
19877,Elzbieta,Shumilov,1/22/62,9/22/87,1/1/99,Engineer
19879,Pascal,Barvinok,10/22/64,7/11/91,1/1/99,Senior Staff
19891,Rildo,Matzke,4/24/64,9/23/87,1/1/99,Engineer
19894,Bernardo,Ullian,8/12/63,11/8/94,1/1/99,Staff
19897,Shooichi,Narlikar,9/7/64,7/11/94,1/1/99,Assistant Engineer
19902,Sverrir,Mapelli,8/13/64,4/3/94,1/1/99,Assistant Engineer
19910,Ramzi,Syrzycki,6/6/62,3/18/96,1/1/99,Engineer
19915,Mohit,Snedden,6/22/62,7/30/87,1/1/99,Senior Staff
19932,Khaled,Begiun,6/10/63,8/17/97,1/1/99,Engineer
19938,Premal,Rindone,10/24/63,10/22/95,1/1/99,Senior Engineer
19941,Toney,Luef,5/18/62,4/23/93,1/1/99,Senior Engineer
19961,Yagil,Laventhal,7/20/62,2/17/92,1/1/99,Engineer
19963,Luise,Lorys,7/29/63,1/28/00,1/1/99,Engineer
19965,Paloma,Heuter,7/3/62,10/24/99,1/1/99,Assistant Engineer
19969,Heekeun,Cichocki,9/21/62,12/17/94,1/1/99,Engineer
19973,Sorina,Rothe,6/12/62,5/28/97,1/1/99,Senior Engineer
19976,George,Kitsuregawa,7/18/62,10/20/91,1/1/99,Senior Staff
19978,Weicheng,Karunanithi,10/6/62,3/7/91,1/1/99,Senior Staff
19980,Tianruo,Rosen,7/8/63,9/9/90,1/1/99,Senior Engineer
19985,Mario,Schwartzburd,12/22/63,2/7/96,1/1/99,Engineer
19992,Elrique,Pusterhofer,8/17/64,10/7/87,1/1/99,Senior Engineer
19993,Tomofumi,Gadepally,5/7/62,11/23/90,1/1/99,Staff
20001,Atreye,Eppinger,5/16/62,4/18/90,1/1/99,Engineer
20007,Deborah,Setia,6/21/64,6/11/91,1/1/99,Senior Engineer
20014,Zhonghui,Gewali,9/1/63,7/31/89,1/1/99,Engineer
20020,Akeel,Covnot,7/22/62,3/2/96,1/1/99,Assistant Engineer
20025,Yakkov,Peek,2/13/63,1/31/87,1/1/99,Engineer
20030,Nitsan,Hoppenstand,5/9/62,6/22/96,1/1/99,Engineer
20031,Kenton,Bernini,11/20/62,10/1/85,1/1/99,Staff
20045,Muzhong,Staylopatis,2/24/62,4/20/86,1/1/99,Senior Engineer
20046,Eldridge,Yoshimura,8/5/64,8/31/90,1/1/99,Engineer
20061,Jiann,Guting,7/16/63,10/14/91,1/1/99,Staff
20062,Uinam,Heuser,1/4/62,12/28/92,1/1/99,Senior Staff
20076,Jeong,Mellouli,3/18/63,2/21/95,1/1/99,Staff
20080,Odoardo,Heiserman,3/22/62,12/8/98,1/1/99,Senior Engineer
20082,Val,Marchesini,8/17/63,7/7/87,1/1/99,Engineer
20085,Syozo,Syrotiuk,4/10/63,7/1/87,1/1/99,Engineer
20088,Hugh,Panienski,3/29/64,1/10/96,1/1/99,Senior Staff
20094,Abdelwaheb,Chepyzhov,4/21/64,7/5/94,1/1/99,Senior Staff
20095,Georgi,Highland,11/30/62,9/11/88,1/1/99,Engineer
20100,Utz,Heuter,1/18/65,6/15/86,1/1/99,Senior Staff
20103,Hiroyasu,Heusch,3/29/62,4/1/96,1/1/99,Engineer
20108,Marsha,Lamba,9/9/62,8/5/90,1/1/99,Engineer
20110,Rasikan,Munke,9/20/62,4/22/89,1/1/99,Senior Engineer
20128,Kazunori,Peak,1/23/65,8/13/99,1/1/99,Senior Staff
20129,Rafael,Skafidas,1/10/65,3/28/91,1/1/99,Senior Engineer
20132,Danil,Neiman,8/20/63,11/30/89,1/1/99,Senior Staff
20133,Shahaf,Denos,3/19/63,3/24/97,1/1/99,Engineer
20136,Shim,Flexer,9/8/63,1/8/89,1/1/99,Senior Engineer
20141,Nitsan,Swan,12/11/62,7/13/98,1/1/99,Staff
20142,Arumugam,Emmart,10/6/64,11/23/96,1/1/99,Engineer
20146,Jackson,Chinal,2/15/62,5/10/94,1/1/99,Senior Engineer
20162,LiMin,Michaeli,1/29/62,3/23/96,1/1/99,Engineer
20165,Piyawadee,Pietracaprina,8/24/63,1/7/96,1/1/99,Assistant Engineer
20187,Annemarie,Chinen,9/14/62,6/20/94,1/1/99,Senior Staff
20193,Takahito,Yemenis,12/16/63,9/18/94,1/1/99,Staff
20212,Rance,Serra,12/30/62,12/27/97,1/1/99,Staff
20225,Radoslaw,Schnabel,10/7/62,1/13/93,1/1/99,Assistant Engineer
20229,Bezalel,Schaar,11/27/63,10/19/92,1/1/99,Senior Engineer
20241,Kankanahalli,Gilg,7/21/62,5/12/91,1/1/99,Senior Engineer
20244,Surveyors,Sevcikova,9/18/64,3/20/94,1/1/99,Engineer
20248,Vidar,Demri,1/12/65,12/31/99,1/1/99,Staff
20262,Suzette,Ecklund,9/13/64,3/3/92,1/1/99,Senior Engineer
20263,Yunming,Ranon,7/9/64,5/31/91,1/1/99,Senior Engineer
20271,Kenroku,Spieker,9/16/62,12/30/96,1/1/99,Engineer
20276,Percy,Sessa,12/25/62,4/22/99,1/1/99,Senior Engineer
20279,Jiafu,Zielinski,6/8/62,10/24/91,1/1/99,Senior Engineer
20288,Dipayan,Hennebert,2/3/64,1/10/96,1/1/99,Assistant Engineer
20298,Yoshimitsu,Luiz,8/26/62,9/24/99,1/1/99,Staff
20309,Bouchung,Peng,12/21/64,1/25/95,1/1/99,Senior Engineer
20313,Candida,Benveniste,1/24/65,1/20/99,1/1/99,Engineer
20323,Yifei,Wursthorn,8/16/64,9/19/85,1/1/99,Senior Engineer
20326,Serif,Neiman,3/4/63,6/13/85,1/1/99,Technique Leader
20328,Aemilian,Pettis,3/20/63,9/2/98,1/1/99,Engineer
20330,Guadalupe,Auyong,2/15/64,7/26/97,1/1/99,Engineer
20351,Matt,Vanwelkenhuysen,7/3/62,8/28/94,1/1/99,Staff
20359,Xiaoqiu,Litzler,1/1/64,5/12/97,1/1/99,Technique Leader
20360,Uma,Perl,7/14/62,10/31/97,1/1/99,Engineer
20370,Ohad,Garrabrants,5/4/64,7/11/99,1/1/99,Assistant Engineer
20379,Arve,Bain,6/1/62,11/8/89,1/1/99,Engineer
20381,Aron,Schaaf,10/14/62,8/8/89,1/1/99,Senior Engineer
20384,Pantung,Noriega,4/24/63,3/2/85,1/1/99,Senior Engineer
20386,Bedrich,Litzkow,6/13/63,4/16/94,1/1/99,Staff
20390,Bogdan,Meszaros,6/7/64,7/18/92,1/1/99,Senior Engineer
20393,Manu,Saoudi,8/30/62,4/26/97,1/1/99,Engineer
20396,Kerhong,Baumann,2/20/63,3/13/90,1/1/99,Senior Staff
20410,Fumitaka,Schiettecatte,3/12/62,9/1/89,1/1/99,Engineer
20413,Kwee,Syrotiuk,12/22/62,10/20/88,1/1/99,Engineer
20419,Lorien,Luck,10/27/62,12/7/96,1/1/99,Engineer
20420,Along,Alpin,12/25/64,3/15/90,1/1/99,Engineer
20422,Zeydy,Beetstra,3/26/63,6/4/98,1/1/99,Assistant Engineer
20429,Taiji,Ouhyoung,1/10/63,1/20/91,1/1/99,Senior Staff
20446,Niteen,Peroz,12/14/63,10/20/96,1/1/99,Staff
20453,TRUE,Marquardt,7/15/62,4/29/89,1/1/99,Senior Staff
20460,Uri,Swan,4/6/62,6/17/88,1/1/99,Assistant Engineer
20464,Tuval,Stentiford,9/25/63,7/3/95,1/1/99,Engineer
20467,Khoa,Wuwongse,11/25/62,6/4/86,1/1/99,Technique Leader
20468,Arnould,Farrar,3/4/63,3/1/86,1/1/99,Senior Engineer
20469,Christophe,Srimani,3/25/64,2/28/93,1/1/99,Staff
20479,Mohan,Fontan,3/8/62,10/5/89,1/1/99,Senior Staff
20482,Morrie,Servi,12/8/62,2/20/89,1/1/99,Staff
20484,Vitali,Salinas,6/10/63,11/20/97,1/1/99,Engineer
20487,Susanna,Brodie,1/23/62,9/1/85,1/1/99,Senior Staff
20488,Bokyung,Morrey,8/9/62,11/29/87,1/1/99,Staff
20491,Bangqing,Zeilberger,1/31/64,6/9/93,1/1/99,Technique Leader
20497,Yefim,Asser,8/24/63,1/24/99,1/1/99,Senior Engineer
20500,Christoph,Trystram,1/30/65,10/15/93,1/1/99,Staff
20503,Mabhin,Thimonier,7/22/64,3/16/89,1/1/99,Senior Engineer
20505,Shin,Zwicker,2/13/64,7/29/96,1/1/99,Senior Engineer
20508,Yaghout,Nivat,12/7/63,9/4/89,1/1/99,Engineer
20514,Sajjan,Peha,4/11/62,3/29/97,1/1/99,Staff
20518,Ortrun,Oaver,10/23/64,3/17/97,1/1/99,Senior Engineer
20526,Shuky,Yavatkar,10/3/64,3/14/99,1/1/99,Senior Engineer
20527,Gina,Birrer,1/21/64,7/11/90,1/1/99,Senior Staff
20537,Chrisa,Rando,4/18/62,10/3/97,1/1/99,Staff
20539,Poorav,Gecsei,8/2/63,3/23/95,1/1/99,Engineer
20543,Zhonghui,Cronau,8/4/64,4/27/93,1/1/99,Senior Staff
20544,Selwyn,Gecsel,7/7/62,3/26/86,1/1/99,Senior Engineer
20551,Mingdong,Zizka,8/20/63,10/23/92,1/1/99,Engineer
20555,Christophe,Valette,8/4/63,5/26/91,1/1/99,Engineer
20568,Krisda,Lieblein,6/25/62,8/30/87,1/1/99,Senior Engineer
20572,Vishv,Axelband,1/19/62,8/6/99,1/1/99,Staff
20583,Mahendra,Siegrist,1/19/62,4/27/85,1/1/99,Senior Staff
20588,Bilhanan,Ramsak,1/15/62,6/5/86,1/1/99,Staff
20597,Mack,Pero,5/21/63,5/9/95,1/1/99,Senior Staff
20609,Tomokazu,Peek,8/23/63,7/3/92,1/1/99,Engineer
20613,Takahira,Fraisse,2/28/62,1/30/89,1/1/99,Engineer
20617,Valeri,Rosis,8/12/63,3/10/93,1/1/99,Senior Engineer
20633,Tomofumi,Ermel,8/30/63,10/2/97,1/1/99,Staff
20634,Sastry,Kalefeld,7/17/64,4/21/94,1/1/99,Assistant Engineer
20643,Shounak,Portugali,2/17/63,7/31/94,1/1/99,Assistant Engineer
20646,Djenana,Jording,3/25/64,2/5/95,1/1/99,Staff
20652,Mabhin,Brandsma,3/25/63,7/1/92,1/1/99,Senior Engineer
20654,Candido,Adachi,9/29/64,7/30/97,1/1/99,Staff
20660,Seongbin,Kavanagh,10/18/64,2/1/97,1/1/99,Assistant Engineer
20664,Masadi,Cummings,11/8/63,4/30/99,1/1/99,Staff
20668,Rafols,Baer,5/2/63,9/7/95,1/1/99,Senior Staff
20670,Lijie,Siochi,2/17/62,3/2/85,1/1/99,Technique Leader
20676,Woody,Otillio,1/11/63,7/7/97,1/1/99,Engineer
20678,Aamer,Parveen,12/25/63,5/24/93,1/1/99,Senior Staff
20680,Kellyn,Basagni,2/1/63,10/4/88,1/1/99,Staff
20687,Augustine,Angelov,4/29/64,2/26/90,1/1/99,Engineer
20700,Mayuko,Krohm,4/14/64,3/6/95,1/1/99,Engineer
20701,Francesca,Kavraki,9/22/62,8/1/91,1/1/99,Senior Staff
20702,Sanjit,Lovengreen,10/27/64,1/11/86,1/1/99,Senior Engineer
20704,Mizuhito,Antonakopoulos,9/25/63,8/27/94,1/1/99,Staff
20705,Kristian,Michaeli,11/4/63,5/1/02,1/1/99,Technique Leader
20719,Thanasis,Monarch,5/18/62,10/21/99,1/1/99,Staff
20722,Leandro,Anandan,11/4/64,7/19/97,1/1/99,Senior Staff
20723,Masako,Przulj,12/26/63,12/15/90,1/1/99,Senior Engineer
20731,Taegyun,Mahmud,9/10/62,5/8/91,1/1/99,Engineer
20734,Fayez,Rosaz,2/19/64,1/17/87,1/1/99,Senior Staff
20740,Niteen,Jeansoulin,1/18/64,5/30/89,1/1/99,Senior Engineer
20753,Lalit,Lemarechal,4/6/64,10/15/86,1/1/99,Senior Staff
20754,Tadanori,Ossenbruggen,6/6/64,3/4/96,1/1/99,Senior Engineer
20760,Tsz,Curless,9/30/64,4/29/99,1/1/99,Staff
20764,Ibibia,Rosen,12/5/62,10/23/99,1/1/99,Technique Leader
20767,Mari,Crelier,2/21/63,8/8/98,1/1/99,Engineer
20769,Girolamo,Oaver,5/9/64,6/6/96,1/1/99,Senior Staff
20773,Takahiro,Miyakawa,6/2/64,12/13/89,1/1/99,Senior Staff
20774,Jasminko,Janetzko,4/29/62,2/16/87,1/1/99,Staff
20776,Jiann,Geffroy,2/3/63,1/11/99,1/1/99,Senior Staff
20779,Panayotis,Jansen,10/2/63,5/10/87,1/1/99,Engineer
20785,Atilio,Mungall,6/29/64,3/8/96,1/1/99,Engineer
20791,Changho,Heystek,6/13/62,10/29/87,1/1/99,Senior Staff
20792,Kazunori,Trumbly,5/21/64,10/17/98,1/1/99,Staff
20800,Tremaine,Szilard,1/3/64,2/12/94,1/1/99,Engineer
20803,Martine,Baba,12/25/64,1/6/90,1/1/99,Technique Leader
20808,Boguslaw,Hammerschmidt,6/4/63,3/1/85,1/1/99,Staff
20810,Lillian,Androutsos,6/1/64,10/17/94,1/1/99,Senior Staff
20815,Guther,Kavvadias,9/16/62,11/13/88,1/1/99,Engineer
20823,Sham,Impagliazzo,11/4/63,7/19/00,1/1/99,Senior Staff
20826,Herb,Berendt,2/18/64,4/23/96,1/1/99,Engineer
20830,Barton,Kleiser,12/8/64,11/30/98,1/1/99,Engineer
20832,Qiwen,Makrucki,12/21/64,7/30/98,1/1/99,Staff
20834,Valdiodio,Selvestrel,2/18/63,6/23/89,1/1/99,Senior Engineer
20842,Ioana,Schlenzig,7/10/64,5/28/98,1/1/99,Assistant Engineer
20845,Lijia,Makrucki,1/27/62,10/16/91,1/1/99,Senior Engineer
20849,Boguslaw,Kavraki,6/7/63,10/7/93,1/1/99,Senior Staff
20853,Saeko,Aloia,1/1/63,6/5/93,1/1/99,Engineer
20854,Cheong,Fetvedt,8/31/62,12/12/87,1/1/99,Engineer
20858,Kazuhira,Marwedel,5/29/63,3/9/96,1/1/99,Staff
20859,Youngkon,Koshino,9/6/64,5/1/98,1/1/99,Senior Engineer
20865,Kensei,Beerel,2/4/62,8/4/99,1/1/99,Senior Staff
20867,Bernice,Ushiama,1/31/64,10/27/98,1/1/99,Staff
20871,Shigeu,Picci,3/10/62,6/12/02,1/1/99,Senior Staff
20874,Fumiko,Rijckaert,3/15/63,12/11/87,1/1/99,Senior Engineer
20882,Uwe,Ibel,3/7/63,6/1/88,1/1/99,Senior Staff
20885,Otmar,Rothenberg,1/21/65,3/14/89,1/1/99,Senior Engineer
20889,Elzbieta,Sidhu,11/12/63,11/3/95,1/1/99,Senior Staff
20890,Taizo,Hofting,2/25/62,8/31/89,1/1/99,Senior Engineer
20891,Zdislav,Begiun,1/31/64,6/5/88,1/1/99,Staff
20895,Adit,Jarecki,9/22/62,12/16/91,1/1/99,Senior Staff
20906,Saeed,Ranta,4/1/62,7/20/98,1/1/99,Staff
20908,Isamu,Beetstra,7/4/63,9/16/92,1/1/99,Senior Engineer
20911,Susumu,Mayerwieser,1/12/63,8/2/92,1/1/99,Staff
20912,Genki,Mansanne,4/12/62,12/20/92,1/1/99,Staff
20927,Xiong,Stentiford,8/11/63,3/15/86,1/1/99,Senior Staff
20932,Geoff,Eterovic,11/12/62,1/21/87,1/1/99,Senior Staff
20935,Akemi,McClurg,8/9/62,3/13/97,1/1/99,Senior Engineer
20939,Jamaludin,Demizu,11/12/64,6/23/91,1/1/99,Senior Engineer
20946,Bilhanan,Thisen,11/20/64,5/6/92,1/1/99,Senior Staff
20950,Kshitij,Riexinger,3/7/64,11/23/96,1/1/99,Engineer
20954,Dipankar,Kolinko,8/21/64,4/19/92,1/1/99,Senior Staff
20959,Ottavia,Chaudhury,6/4/62,1/6/94,1/1/99,Engineer
20973,Kiyotoshi,Kitai,6/22/64,1/20/86,1/1/99,Engineer
20981,Christoph,Furedi,12/31/63,9/26/88,1/1/99,Senior Staff
20984,Boutros,Iivonen,8/7/64,7/17/98,1/1/99,Senior Staff
20985,Changho,Deyuan,7/5/62,1/24/99,1/1/99,Staff
20992,Jiong,Onuegbe,2/18/62,5/12/89,1/1/99,Senior Engineer
20996,Adin,Chelton,11/4/64,7/2/87,1/1/99,Senior Staff
21002,Koldo,Gustavson,4/21/63,10/6/96,1/1/99,Engineer
21028,Hugo,Jansch,12/23/64,6/11/96,1/1/99,Staff
21033,Gor,Oxenboll,9/14/63,7/9/91,1/1/99,Senior Staff
21035,Parviz,Conia,7/15/64,12/26/91,1/1/99,Senior Engineer
21040,Gunilla,Borovoy,8/3/64,10/20/99,1/1/99,Staff
21042,Quingbo,Orlowska,9/25/62,8/24/86,1/1/99,Senior Engineer
21046,Patricio,Vakili,12/17/63,10/19/94,1/1/99,Engineer
21050,Alper,Penz,1/23/63,8/9/99,1/1/99,Engineer
21052,Emran,Laventhal,1/27/63,10/22/90,1/1/99,Senior Engineer
21060,Leah,Serra,4/4/64,4/29/87,1/1/99,Senior Staff
21062,Mani,Kinley,2/3/63,7/11/95,1/1/99,Staff
21071,Premsyl,Sessa,7/2/63,6/16/98,1/1/99,Engineer
21081,Magy,Rouquie,1/6/62,2/21/85,1/1/99,Senior Staff
21083,Shahid,Penz,11/1/64,1/28/95,1/1/99,Staff
21085,Sanjay,Itzigehl,10/6/64,8/25/92,1/1/99,Staff
21088,Ugo,Gopalakrishnan,1/31/64,3/24/88,1/1/99,Senior Engineer
21091,Claude,Eppinger,2/3/63,9/16/87,1/1/99,Senior Engineer
21093,Zdislav,Worfolk,11/1/63,7/9/93,1/1/99,Senior Staff
21096,Yuichiro,Chepyzhov,12/1/62,9/4/90,1/1/99,Senior Engineer
21097,Kazuhito,Morrin,1/1/64,10/16/95,1/1/99,Senior Engineer
21098,Guenter,Cummings,4/11/63,8/16/96,1/1/99,Senior Staff
21099,Takahiro,Coors,4/24/63,8/24/99,1/1/99,Engineer
21104,Przemyslawa,Schaap,2/6/64,2/10/92,1/1/99,Engineer
21113,Christfried,Bratten,3/27/64,1/18/99,1/1/99,Engineer
21114,Janche,Birrer,3/9/62,5/22/93,1/1/99,Technique Leader
21115,Fei,Luca,7/15/64,10/4/86,1/1/99,Senior Staff
21117,Yongmao,Chiodo,4/6/63,6/16/85,1/1/99,Senior Staff
21118,Eirik,Broomell,6/12/62,6/7/87,1/1/99,Staff
21122,Youpyo,Vecchio,4/11/62,12/20/92,1/1/99,Senior Staff
21128,Pranay,Giarratana,9/17/64,11/1/89,1/1/99,Senior Staff
21136,Rutger,Schrooten,3/6/62,3/11/90,1/1/99,Senior Engineer
21142,Masako,Rusmann,5/23/64,7/8/86,1/1/99,Senior Engineer
21144,Bouchung,Akaboshi,12/11/62,11/12/88,1/1/99,Staff
21151,Mingsen,Kisuki,10/20/63,4/11/97,1/1/99,Senior Engineer
21158,Ziyad,Marshall,6/11/63,7/20/98,1/1/99,Assistant Engineer
21160,Abdelaziz,Kragelund,6/13/63,5/25/87,1/1/99,Engineer
21163,Amabile,Ghelli,6/18/63,3/14/97,1/1/99,Staff
21167,Tzvetan,Cichocki,1/30/63,12/1/96,1/1/99,Technique Leader
21181,Jianhui,Cangellaris,1/21/65,10/6/91,1/1/99,Engineer
21188,Piyush,Danecki,1/21/65,1/8/00,1/1/99,Engineer
21194,Fei,Haumacher,1/12/62,7/27/93,1/1/99,Assistant Engineer
21195,Sadegh,Krider,6/14/64,1/7/00,1/1/99,Staff
21197,Juichirou,Comte,11/28/64,3/30/93,1/1/99,Engineer
21204,Bernice,Cooke,2/5/63,6/30/95,1/1/99,Engineer
21205,JoAnna,Dusink,5/29/62,7/27/94,1/1/99,Engineer
21212,Danae,Heping,11/21/62,4/24/97,1/1/99,Engineer
21222,Akemi,Denis,4/8/64,12/25/86,1/1/99,Senior Staff
21224,George,Kawashimo,8/31/62,8/28/99,1/1/99,Staff
21227,Masasuke,Rosiles,6/12/62,9/29/87,1/1/99,Senior Engineer
21235,Mokhtar,Weedon,2/14/64,9/29/93,1/1/99,Assistant Engineer
21236,Shalesh,Junot,3/24/63,3/29/96,1/1/99,Staff
21243,Marla,Demizu,5/14/62,12/27/95,1/1/99,Engineer
21244,Hitomi,Leivant,7/12/64,2/16/92,1/1/99,Senior Staff
21247,Huican,Larfeldt,12/15/63,6/11/94,1/1/99,Technique Leader
21248,Ronghao,Pappas,1/28/63,9/12/98,1/1/99,Engineer
21252,Manohar,Iwayama,5/18/62,11/28/95,1/1/99,Senior Engineer
21257,Kendra,Jiafu,3/25/63,3/24/85,1/1/99,Engineer
21259,Bowen,Gide,4/5/63,1/17/97,1/1/99,Senior Engineer
21262,Miyeon,Spell,2/14/64,4/16/95,1/1/99,Engineer
21267,Goh,Ulupinar,4/7/63,12/31/89,1/1/99,Senior Engineer
21270,Susanta,Ermel,12/3/63,12/25/94,1/1/99,Engineer
21271,Yongmao,Keirsey,9/20/64,2/22/96,1/1/99,Senior Engineer
21276,Jianhui,Bratten,10/20/63,5/31/88,1/1/99,Senior Engineer
21281,Rutger,Picci,8/7/64,3/31/96,1/1/99,Engineer
21286,Uri,Birta,3/6/64,9/22/88,1/1/99,Engineer
21290,Boaz,Griswold,12/2/63,10/28/87,1/1/99,Senior Staff
21291,Eran,Gubsky,8/10/63,6/18/85,1/1/99,Engineer
21293,Mohammad,Peir,2/9/63,6/7/92,1/1/99,Staff
21296,Danai,Matzke,4/6/64,5/2/95,1/1/99,Engineer
21300,Yuuichi,Rijckaert,4/3/64,12/6/85,1/1/99,Senior Engineer
21301,Gita,Strooper,9/25/63,11/24/99,1/1/99,Senior Engineer
21302,Branimir,Maccarone,4/17/64,6/7/97,1/1/99,Staff
21305,Serenella,Perri,8/2/62,9/21/93,1/1/99,Senior Staff
21307,Nigel,Kalloufi,5/19/63,4/17/92,1/1/99,Senior Staff
21311,Niclas,Smailagic,7/29/62,12/12/01,1/1/99,Staff
21327,Janalee,Litzkow,1/5/63,2/10/87,1/1/99,Senior Engineer
21333,Naftali,Strooper,10/10/64,4/19/89,1/1/99,Engineer
21335,Armond,Jeansoulin,7/22/63,3/1/96,1/1/99,Engineer
21349,Sajjad,Piazza,3/25/64,4/8/86,1/1/99,Senior Engineer
21357,Aruna,Peral,1/15/62,11/2/87,1/1/99,Senior Engineer
21369,Georgi,Kadhim,9/8/62,6/7/94,1/1/99,Staff
21370,Mack,Byoun,2/22/63,4/13/99,1/1/99,Senior Engineer
21377,Doowon,Pokrovskii,2/18/64,12/3/85,1/1/99,Senior Engineer
21378,Yishay,Bierman,1/7/63,12/26/85,1/1/99,Technique Leader
21382,Shuji,Asrin,10/27/64,4/19/00,1/1/99,Engineer
21383,Sandeepan,Luce,2/5/64,6/23/97,1/1/99,Senior Staff
21385,Mikhail,Shiratori,8/10/64,4/17/86,1/1/99,Staff
21390,Zijian,Kambil,11/8/62,6/28/88,1/1/99,Senior Engineer
21392,Shuji,Pettey,1/28/62,12/1/89,1/1/99,Senior Staff
21393,Mohammad,Kaltofen,9/18/63,9/12/87,1/1/99,Engineer
21400,Marke,Valtorta,5/17/62,1/19/91,1/1/99,Staff
21403,Chaosheng,Peternell,1/8/64,12/2/96,1/1/99,Staff
21405,Yuguang,Matteis,12/7/63,7/17/98,1/1/99,Staff
21411,Fox,Pouyioutas,7/24/62,2/3/00,1/1/99,Engineer
21417,Perry,Giaccio,5/10/63,2/10/90,1/1/99,Senior Staff
21428,Shaunak,Swist,10/11/64,11/2/93,1/1/99,Senior Staff
21429,Goh,Gils,3/15/62,11/3/99,1/1/99,Engineer
21433,Chenxi,Ibel,4/6/64,8/16/87,1/1/99,Senior Staff
21438,Mooi,Georg,10/12/63,1/8/95,1/1/99,Engineer
21442,Pintsang,Bakhtari,3/2/62,8/15/96,1/1/99,Senior Staff
21448,Bogdan,DuBourdieux,8/1/63,2/21/94,1/1/99,Engineer
21451,Make,Crooks,4/15/62,4/9/93,1/1/99,Senior Engineer
21456,Vishwani,Mersereau,11/13/62,3/13/96,1/1/99,Staff
21460,Thodoros,Serra,8/4/63,1/9/96,1/1/99,Engineer
21461,Yucai,Merle,4/7/63,7/24/90,1/1/99,Engineer
21473,Youssef,Calkin,4/6/62,11/17/98,1/1/99,Staff
21476,Rajmohan,Gien,6/10/63,9/23/88,1/1/99,Senior Staff
21477,Weiyi,Samarati,12/18/64,6/9/97,1/1/99,Staff
21481,Salvador,Senzako,11/3/63,5/21/89,1/1/99,Staff
21484,Sangeeta,McConalogue,6/18/63,3/27/87,1/1/99,Senior Staff
21485,Amstein,Harllee,12/12/63,4/25/86,1/1/99,Senior Engineer
21490,Abdelkader,Krohm,3/17/64,7/16/94,1/1/99,Senior Engineer
21492,Terresa,Copas,1/25/63,11/18/92,1/1/99,Engineer
21494,Toshimitsu,Zaiane,1/13/62,8/4/94,1/1/99,Technique Leader
21495,Masako,Domenig,4/23/63,9/30/91,1/1/99,Engineer
21500,Ramzi,Erez,9/26/64,9/14/95,1/1/99,Engineer
21506,Gudjon,Felder,6/21/64,9/7/90,1/1/99,Senior Staff
21508,Theirry,Poupard,2/27/63,10/9/00,1/1/99,Senior Staff
21514,Zissis,Kavanagh,5/9/62,4/30/92,1/1/99,Engineer
21520,Tremaine,Ventosa,10/14/62,11/25/97,1/1/99,Engineer
21524,Kayoko,Demizu,9/21/62,7/29/95,1/1/99,Senior Staff
21526,Kazuhide,Alencar,1/30/64,11/12/99,1/1/99,Senior Engineer
21530,Takanari,Slobodova,3/3/62,1/19/86,1/1/99,Technique Leader
21531,Reinhard,Peac,4/8/64,8/21/98,1/1/99,Technique Leader
21535,Filipp,Ramalingam,8/25/63,9/5/87,1/1/99,Staff
21539,Hein,Zlotek,11/3/64,1/31/94,1/1/99,Senior Engineer
21540,Kwangjo,Dengi,7/17/62,11/27/99,1/1/99,Staff
21545,Boguslaw,Markovitch,8/3/64,3/11/96,1/1/99,Staff
21546,Yongmin,Lanteri,1/1/65,3/19/02,1/1/99,Senior Staff
21562,Filipe,Baig,2/11/62,5/31/97,1/1/99,Technique Leader
21569,Marsal,Copas,5/2/62,9/5/90,1/1/99,Assistant Engineer
21570,Serap,Shackel,7/10/63,6/30/91,1/1/99,Senior Staff
21571,Mani,Birsak,5/9/64,9/17/85,1/1/99,Staff
21578,Stein,Pehl,9/23/62,10/22/85,1/1/99,Senior Engineer
21589,Lobel,Klerer,7/7/63,11/7/88,1/1/99,Staff
21592,Supot,Kading,11/30/64,6/15/90,1/1/99,Senior Staff
21596,Tetsurou,Ullian,2/23/62,8/25/94,1/1/99,Senior Staff
21598,Yunming,Vernadat,6/3/64,12/22/94,1/1/99,Senior Staff
21602,Marko,Velardi,10/30/64,5/21/86,1/1/99,Senior Staff
21603,Abdelaziz,Pietracaprina,10/2/64,2/1/98,1/1/99,Engineer
21606,Lena,Radhakrishnan,3/11/63,2/18/87,1/1/99,Senior Staff
21624,Teunis,Iacovou,3/26/62,4/14/86,1/1/99,Senior Staff
21628,Reinhold,Asrin,3/10/64,2/21/96,1/1/99,Engineer
21635,Marla,Negoita,4/25/64,9/17/91,1/1/99,Senior Staff
21637,Yefim,Luby,4/28/64,1/14/00,1/1/99,Senior Staff
21645,Niteen,Perry,11/11/64,5/15/96,1/1/99,Senior Engineer
21654,Jouko,Baig,1/14/64,1/23/94,1/1/99,Senior Engineer
21655,Claude,Assaf,11/28/62,1/28/99,1/1/99,Senior Staff
21659,Rance,Wegerle,11/12/64,10/9/93,1/1/99,Assistant Engineer
21667,Matt,Maquelin,10/28/63,8/23/95,1/1/99,Senior Engineer
21671,Ramya,Emmerich,9/14/64,11/6/96,1/1/99,Staff
21673,Shigehito,Llado,5/19/62,1/20/90,1/1/99,Senior Staff
21678,Divine,Niizuma,4/30/63,8/4/88,1/1/99,Staff
21679,Yuguang,Hedayat,2/1/63,8/20/98,1/1/99,Staff
21681,Masadi,Ellozy,6/12/63,7/1/95,1/1/99,Senior Staff
21682,Arunas,Heinisuo,5/7/63,11/18/92,1/1/99,Staff
21695,Ulises,Furedi,3/9/64,6/29/92,1/1/99,Assistant Engineer
21700,Urs,Plesums,7/12/63,3/7/92,1/1/99,Senior Engineer
21703,Kensei,Kawashima,12/18/64,1/14/02,1/1/99,Staff
21717,Hairong,Bhattacharjee,5/18/64,10/5/86,1/1/99,Senior Staff
21733,Bodo,Schoegge,9/27/63,7/24/90,1/1/99,Senior Engineer
21737,JiYoung,Bodoff,3/28/62,11/25/90,1/1/99,Senior Engineer
21740,Eckart,Mansanne,7/15/62,9/2/94,1/1/99,Senior Staff
21756,Mary,Geffroy,1/11/62,8/14/97,1/1/99,Senior Engineer
21766,Babette,Wilfing,5/17/64,2/9/99,1/1/99,Senior Engineer
21772,Dines,Viele,1/2/62,1/3/99,1/1/99,Staff
21775,Ramalingam,Morrow,1/6/63,12/21/86,1/1/99,Senior Staff
21778,Arup,Melton,12/1/64,10/22/99,1/1/99,Staff
21780,Vasilis,Plumb,12/31/62,7/7/98,1/1/99,Staff
21785,Kazunori,Avouris,12/1/64,10/8/86,1/1/99,Technique Leader
21787,Cristinel,DasSarma,12/5/62,4/27/89,1/1/99,Senior Staff
21789,Serap,Bhattacharjee,11/13/62,11/21/91,1/1/99,Senior Staff
21792,Lech,Rosar,12/7/62,10/6/99,1/1/99,Staff
21795,Mingsen,Penttonen,7/8/64,6/18/93,1/1/99,Senior Staff
21798,Kristof,Katzenelson,7/1/62,1/17/91,1/1/99,Senior Staff
21801,Maya,Stentiford,12/9/63,1/11/94,1/1/99,Senior Engineer
21809,Hugh,Gente,1/22/63,1/27/98,1/1/99,Technique Leader
21816,Xiaoheng,dAstous,12/19/62,8/17/94,1/1/99,Staff
21824,Christoph,Nitsche,7/9/62,11/21/97,1/1/99,Engineer
21836,Yuguang,Lund,8/6/64,8/15/91,1/1/99,Engineer
21838,Vitali,Verhoeff,4/3/64,3/29/93,1/1/99,Senior Staff
21839,Felicidad,Matzat,6/5/63,7/10/94,1/1/99,Engineer
21843,Karsten,Azadmanesh,1/9/65,11/29/85,1/1/99,Senior Engineer
21860,Sudharsan,Detkin,11/24/62,7/25/92,1/1/99,Senior Staff
21865,Lillian,Stiles,10/24/64,7/2/91,1/1/99,Senior Staff
21874,Mariusz,Begiun,4/12/62,10/27/90,1/1/99,Senior Staff
21882,Jianhua,Serra,12/3/63,4/12/96,1/1/99,Senior Staff
21885,Houman,Braccini,1/12/63,5/5/97,1/1/99,Engineer
21896,Ingmar,Leslie,6/5/64,12/9/91,1/1/99,Senior Staff
21903,Haldun,Murtafg,4/9/64,5/9/87,1/1/99,Senior Engineer
21905,Leif,Erie,3/6/63,3/4/88,1/1/99,Senior Engineer
21909,Mohammed,Brizzi,1/4/65,12/28/91,1/1/99,Senior Staff
21913,Tetsurou,Naumovich,7/8/64,5/17/95,1/1/99,Staff
21927,Venkatesan,Basart,7/20/62,10/28/93,1/1/99,Senior Engineer
21935,Giordano,Goodrum,4/3/62,1/21/92,1/1/99,Senior Staff
21937,Niteen,Zeidenstein,7/31/62,9/29/92,1/1/99,Senior Staff
21940,Alair,Hedayat,3/17/62,3/18/91,1/1/99,Senior Engineer
21941,Houman,Swiss,4/11/63,3/5/93,1/1/99,Senior Engineer
21951,Sailaja,Swen,11/12/63,1/15/97,1/1/99,Staff
21952,Shuji,Edelhoff,11/10/62,9/25/99,1/1/99,Engineer
21988,Flemming,Georgakopoulos,11/14/62,9/17/95,1/1/99,Engineer
21993,Eckart,Doering,1/3/64,6/7/92,1/1/99,Senior Engineer
21996,Lalit,McAlpine,4/16/62,9/16/93,1/1/99,Senior Staff
22021,Hironobu,Suessmith,12/1/63,11/18/93,1/1/99,Technique Leader
22029,Toong,Ferretti,3/12/64,11/29/93,1/1/99,Engineer
22031,Kazuhiko,Kornyak,6/1/64,10/8/89,1/1/99,Senior Staff
22041,Arve,Naudin,12/5/62,5/3/01,1/1/99,Engineer
22047,Xumin,Luce,8/9/64,11/14/86,1/1/99,Technique Leader
22051,Bezalel,Validov,3/19/62,2/18/85,1/1/99,Senior Staff
22052,Mohd,Michaeli,3/21/63,5/10/98,1/1/99,Staff
22058,Karsten,Kenevan,10/26/64,4/15/85,1/1/99,Engineer
22061,Marla,Maraist,1/7/64,1/15/87,1/1/99,Senior Engineer
22062,Licheng,Matzen,6/10/62,12/13/92,1/1/99,Assistant Engineer
22067,Hatem,Socorro,6/13/64,4/11/97,1/1/99,Staff
22075,Theron,Llado,11/22/63,9/23/88,1/1/99,Senior Staff
22078,Rafols,Wuwongse,1/14/62,3/10/91,1/1/99,Engineer
22079,Tuval,Debuse,7/11/63,6/10/97,1/1/99,Engineer
22098,Shounak,Tetzlaff,4/19/63,2/16/99,1/1/99,Senior Engineer
22104,Marsja,Eiter,8/15/64,1/21/93,1/1/99,Senior Engineer
22105,Leah,Aamodt,12/10/64,2/7/99,1/1/99,Senior Engineer
22110,Fumitaka,Babb,1/22/62,12/12/99,1/1/99,Assistant Engineer
22117,Yaghout,Baja,5/14/64,1/25/92,1/1/99,Staff
22118,Ramalingam,Ruther,8/17/64,4/7/88,1/1/99,Engineer
22126,Serap,Hiroyama,11/11/62,10/19/91,1/1/99,Staff
22127,Honglan,Magliocco,10/5/62,1/6/89,1/1/99,Senior Staff
22141,Martial,Lenart,9/28/64,4/27/95,1/1/99,Senior Staff
22142,Premal,Gewali,3/12/64,9/6/87,1/1/99,Senior Staff
22144,Wanqing,Baar,12/5/64,3/30/93,1/1/99,Senior Engineer
22145,Kish,Fritzsche,9/17/63,3/17/85,1/1/99,Staff
22147,Yahiko,Zockler,10/6/64,8/2/99,1/1/99,Staff
22152,Rosella,Pargaonkar,11/4/64,4/30/95,1/1/99,Senior Engineer
22158,Kwun,Pettit,11/7/63,6/8/93,1/1/99,Senior Engineer
22162,Xiaoshan,Siochi,10/22/63,12/13/91,1/1/99,Engineer
22174,Morrie,Hofting,4/25/64,6/1/88,1/1/99,Engineer
22177,Arco,Merks,4/23/64,1/16/95,1/1/99,Engineer
22185,Huai,Birch,1/29/65,6/12/02,1/1/99,Assistant Engineer
22186,Duangkaew,Baaz,5/11/63,6/29/98,1/1/99,Staff
22191,Udo,Fontan,6/21/64,9/3/89,1/1/99,Staff
22197,Youpyo,Dalton,12/10/63,10/10/96,1/1/99,Engineer
22199,Alois,Perz,12/25/63,1/20/99,1/1/99,Engineer
22200,Adit,Bahk,10/9/64,9/27/96,1/1/99,Staff
22203,Xiahua,Rehfuss,9/21/64,9/29/01,1/1/99,Senior Staff
22204,Mori,Plumb,3/21/62,4/3/86,1/1/99,Engineer
22215,Hercules,Castellani,12/12/62,3/2/96,1/1/99,Staff
22217,Gennadi,Sigstam,8/12/62,8/22/97,1/1/99,Staff
22223,Inderjeet,Openshaw,7/29/64,7/21/02,1/1/99,Staff
22225,Heon,Harllee,2/18/64,11/30/95,1/1/99,Senior Engineer
22232,Brigham,Akazan,6/4/64,9/4/91,1/1/99,Engineer
22241,Tetsushi,Zirintsis,4/10/63,5/3/97,1/1/99,Staff
22247,Rimli,Muntz,12/24/63,5/6/98,1/1/99,Staff
22249,Bilhanan,Marchesini,8/20/63,11/2/98,1/1/99,Engineer
22250,Fumino,Koblitz,9/9/62,7/5/93,1/1/99,Engineer
22252,Patricio,Karner,10/31/63,6/3/00,1/1/99,Staff
22256,Licheng,Itzfeldt,7/23/64,8/20/88,1/1/99,Senior Staff
22259,Boutros,Whitcomb,1/24/63,5/20/85,1/1/99,Staff
22264,Adam,Lung,7/14/63,9/23/99,1/1/99,Senior Staff
22268,Baoqiu,Zedlitz,11/26/63,1/24/91,1/1/99,Engineer
22277,Tesuya,Cunliffe,4/30/63,3/8/86,1/1/99,Senior Staff
22288,Boriana,Vuskovic,5/19/62,12/20/87,1/1/99,Senior Engineer
22300,Guoxiang,Ballarin,5/12/63,5/9/91,1/1/99,Engineer
22308,JiYoung,Fetvedt,1/30/62,5/22/02,1/1/99,Engineer
22314,DAIDA,Rajala,10/2/63,10/11/97,1/1/99,Assistant Engineer
22317,Heather,Granlund,3/18/62,11/24/95,1/1/99,Staff
22323,Malu,Perelgut,3/26/62,9/21/96,1/1/99,Senior Staff
22335,Kellie,Brandsma,4/7/62,11/10/87,1/1/99,Engineer
22343,Rafael,Luca,10/8/62,10/7/92,1/1/99,Engineer
22350,Gad,Vigier,4/24/63,7/11/92,1/1/99,Senior Engineer
22354,Apostol,Luon,7/11/62,11/12/95,1/1/99,Engineer
22363,Tomofumi,Peot,7/31/62,6/8/96,1/1/99,Senior Engineer
22364,Becky,Poehlman,8/6/62,6/13/88,1/1/99,Senior Staff
22369,Xuejun,Ranum,2/18/63,7/31/85,1/1/99,Staff
22383,Tesuro,Lowrie,7/26/62,3/2/89,1/1/99,Senior Engineer
22384,Billur,Ellozy,8/22/63,6/11/95,1/1/99,Senior Engineer
22388,Shaowen,Quittner,1/25/62,8/21/91,1/1/99,Senior Engineer
22389,Sverrir,Seuren,7/29/64,12/14/95,1/1/99,Senior Engineer
22392,Berhard,Pell,11/1/62,3/26/88,1/1/99,Technique Leader
22397,Alois,Roccetti,10/28/64,11/20/97,1/1/99,Staff
22399,Utz,Cannata,3/6/64,8/25/86,1/1/99,Assistant Engineer
22404,Claude,Masada,5/24/62,6/29/95,1/1/99,Technique Leader
22406,Vincent,Bellmore,2/11/62,8/21/97,1/1/99,Staff
22412,Vivian,Bresenham,8/23/62,6/26/88,1/1/99,Senior Engineer
22415,Perla,Jumpertz,1/20/65,8/24/94,1/1/99,Senior Staff
22417,Quingbo,Lally,8/30/62,6/25/87,1/1/99,Senior Engineer
22421,Breannda,Siepmann,11/28/62,4/29/96,1/1/99,Engineer
22423,Ioana,Ratnakar,4/26/63,11/3/87,1/1/99,Engineer
22430,Sangeeta,Eugenio,9/26/64,6/3/98,1/1/99,Assistant Engineer
22439,Demin,Valiente,2/14/62,1/28/99,1/1/99,Engineer
22451,Jasminko,Bresenham,1/27/65,1/19/94,1/1/99,Senior Staff
22454,Amstein,Katiyar,1/10/63,11/4/94,1/1/99,Engineer
22455,Barry,Unno,1/6/65,11/16/90,1/1/99,Senior Staff
22457,Changho,Fritzsche,2/5/64,2/27/85,1/1/99,Senior Staff
22471,Insup,Pepe,6/10/63,4/29/86,1/1/99,Engineer
22472,Yuguang,Pfau,1/2/64,3/10/88,1/1/99,Senior Staff
22495,Mitsuyuki,Garrabrants,10/25/64,7/18/85,1/1/99,Staff
22501,Surveyors,Barriga,12/21/64,11/19/92,1/1/99,Senior Staff
22503,Weidon,Rohrbach,4/29/63,12/13/93,1/1/99,Senior Staff
22506,Adas,Usery,10/5/62,3/30/94,1/1/99,Senior Staff
22507,Yurii,Broder,12/31/62,3/19/92,1/1/99,Technique Leader
22510,Souichi,Stroustrup,3/17/63,1/26/91,1/1/99,Senior Engineer
22515,Howell,Brendel,9/7/64,4/26/97,1/1/99,Engineer
22519,Arto,Chimia,11/1/63,7/2/93,1/1/99,Staff
22522,Yannis,Cesareni,4/26/62,8/29/98,1/1/99,Senior Engineer
22542,Tayeb,Hiyoshi,4/6/63,2/2/87,1/1/99,Technique Leader
22543,Junichi,Luff,7/10/63,9/25/91,1/1/99,Senior Staff
22548,Marsja,Babu,6/10/63,12/14/87,1/1/99,Senior Staff
22551,Abdelaziz,Matzke,3/21/62,4/28/97,1/1/99,Staff
22552,Howell,Showalter,12/9/64,7/8/93,1/1/99,Staff
22559,Serge,Khalil,10/5/62,5/12/89,1/1/99,Staff
22573,Suzette,Baby,6/24/64,8/1/88,1/1/99,Senior Engineer
22575,Takahiro,Ciolek,5/2/64,6/22/01,1/1/99,Senior Engineer
22586,Hauke,Hasenauer,9/24/62,1/5/96,1/1/99,Staff
22595,Candido,Schusler,5/20/62,4/13/99,1/1/99,Senior Staff
22615,Fumiko,Unno,4/30/63,5/17/98,1/1/99,Senior Engineer
22621,Kazuhiro,Biron,6/24/64,7/13/92,1/1/99,Senior Engineer
22626,Sachin,Uhrig,9/1/64,3/30/96,1/1/99,Staff
22629,Takahira,Loncour,4/23/63,4/26/98,1/1/99,Senior Engineer
22635,Zhaofang,Gyorkos,5/31/62,1/8/87,1/1/99,Engineer
22636,Maik,Gaughan,10/18/63,7/15/93,1/1/99,Senior Staff
22640,Guther,Schueller,2/27/62,2/10/90,1/1/99,Engineer
22651,Mountaz,Morris,3/26/63,10/27/92,1/1/99,Engineer
22653,Koichi,Rubsam,11/12/63,8/21/99,1/1/99,Staff
22654,Christoper,Schaft,8/22/62,12/1/98,1/1/99,Staff
22656,Takanari,Ranai,8/21/63,3/25/88,1/1/99,Senior Staff
22660,Shahab,Ouhyoung,10/12/62,5/25/90,1/1/99,Senior Engineer
22664,Tru,Schahn,5/7/63,5/29/95,1/1/99,Senior Engineer
22665,Arra,Rabejac,12/10/64,11/21/88,1/1/99,Engineer
22670,Murthy,Sinicrope,12/17/64,8/7/98,1/1/99,Engineer
22671,Panayotis,Aloia,8/28/64,9/29/92,1/1/99,Senior Engineer
22674,Xiong,Champarnaud,12/8/62,7/17/87,1/1/99,Technique Leader
22680,Shuichi,Merks,9/15/63,3/12/01,1/1/99,Engineer
22692,Maria,Rando,4/6/62,3/16/99,1/1/99,Engineer
22694,Shuky,Nastansky,2/27/64,1/21/00,1/1/99,Senior Engineer
22705,Pranjal,Melter,9/18/64,10/23/96,1/1/99,Assistant Engineer
22708,Xudong,Piveteau,4/29/64,5/15/90,1/1/99,Senior Staff
22713,Gil,Luff,8/23/62,7/14/97,1/1/99,Engineer
22717,Leif,Anger,6/8/64,7/8/90,1/1/99,Senior Staff
22727,Mori,Gerlach,6/26/63,12/7/96,1/1/99,Staff
22738,Selwyn,Kirkerud,6/13/64,12/30/88,1/1/99,Staff
22739,Willard,Luga,6/16/63,3/15/97,1/1/99,Senior Engineer
22743,Adin,Roohalamini,3/4/64,10/30/99,1/1/99,Engineer
22746,Kwee,Sullins,9/20/64,11/25/92,1/1/99,Staff
22748,Jayesh,Foote,1/14/62,3/6/91,1/1/99,Staff
22750,Dmitry,Farrow,8/29/63,10/3/95,1/1/99,Staff
22752,Filipe,Onuegbe,2/13/62,3/12/99,1/1/99,Staff
22759,Sedat,Ghandeharizadeh,1/9/64,5/31/97,1/1/99,Senior Staff
22777,Kagan,Yurek,9/17/63,5/29/99,1/1/99,Engineer
22782,Toshimitsu,Luca,8/14/64,7/9/89,1/1/99,Engineer
22790,Souichi,Gire,5/28/64,1/28/94,1/1/99,Staff
22797,Marco,Dayang,11/16/62,8/25/95,1/1/99,Senior Engineer
22801,Chuanyi,Hiroyama,7/12/63,9/7/88,1/1/99,Engineer
22803,Pranas,Azevdeo,9/21/64,8/20/97,1/1/99,Engineer
22808,Xuejia,Hitomi,3/5/64,3/18/99,1/1/99,Senior Staff
22818,Arra,Fetvedt,10/29/63,1/11/89,1/1/99,Senior Engineer
22831,Satosi,Vendrig,9/20/62,11/5/90,1/1/99,Engineer
22846,Guoxiang,Ginneken,12/26/62,7/31/86,1/1/99,Engineer
22853,Giordano,Validov,4/28/63,11/14/90,1/1/99,Engineer
22858,Tran,Murthy,4/27/63,3/5/91,1/1/99,Senior Engineer
22864,Ashish,Farrag,5/12/64,9/18/95,1/1/99,Senior Engineer
22866,Shen,Gronowski,4/5/63,11/22/89,1/1/99,Senior Staff
22870,Visit,Georgakopoulos,2/2/62,1/14/95,1/1/99,Engineer
22874,Aimee,Thummel,6/13/64,5/28/90,1/1/99,Senior Engineer
22877,Ashish,Mukaidono,9/22/63,6/1/93,1/1/99,Staff
22890,Rosli,Kroha,12/8/63,12/31/88,1/1/99,Staff
22891,Shichao,Pero,4/15/64,3/31/92,1/1/99,Senior Staff
22898,Masaki,Siprelle,2/25/64,10/29/89,1/1/99,Senior Staff
22912,Ger,Pepe,7/26/64,8/5/86,1/1/99,Senior Engineer
22913,Vincent,Attimonelli,2/29/64,8/25/93,1/1/99,Senior Staff
22915,Filipe,Luders,4/2/62,6/25/97,1/1/99,Staff
22922,Filipp,Straney,2/15/62,2/24/88,1/1/99,Senior Staff
22926,Manibrata,Genther,1/1/65,1/15/88,1/1/99,Engineer
22929,Mircea,Berendt,9/5/62,4/12/94,1/1/99,Engineer
22939,Aloke,Spieker,1/28/64,1/7/02,1/1/99,Engineer
22946,Rimon,Fraisse,10/20/63,3/21/96,1/1/99,Senior Engineer
22948,Uma,Eickenmeyer,12/8/63,3/16/95,1/1/99,Staff
22964,Tetsushi,Cappello,7/27/64,10/13/87,1/1/99,Engineer
22967,Mayuko,Thebaut,4/19/63,6/16/91,1/1/99,Technique Leader
22970,Shuichi,Condotta,12/15/62,1/27/94,1/1/99,Engineer
22979,Subbu,Krohn,3/24/64,10/23/99,1/1/99,Engineer
22991,Clyde,Walston,10/13/62,8/6/95,1/1/99,Engineer
22993,Teruyuki,Carrera,3/21/62,7/8/89,1/1/99,Senior Engineer
23006,Rimon,Harbusch,5/10/64,11/8/98,1/1/99,Staff
23029,Adib,Nooteboom,1/24/63,8/4/97,1/1/99,Senior Engineer
23044,Pintsang,Honglei,5/27/64,7/23/01,1/1/99,Senior Engineer
23045,Xiaocheng,Aingworth,1/27/64,2/4/98,1/1/99,Senior Engineer
23046,Mostafa,Bergere,11/8/62,5/6/95,1/1/99,Engineer
23058,Lene,Ishibashi,10/12/64,2/21/89,1/1/99,Senior Engineer
23071,Bodo,Azumi,8/7/64,10/13/90,1/1/99,Staff
23075,Dines,Braunmuhl,3/3/63,2/15/98,1/1/99,Staff
23081,Arun,Sevcikova,8/17/63,11/28/97,1/1/99,Engineer
23082,Chirstian,McClurg,2/10/62,3/1/02,1/1/99,Assistant Engineer
23083,Alejandro,Garrabrants,11/21/62,9/23/87,1/1/99,Senior Staff
23084,Byong,Maraist,3/23/62,12/30/87,1/1/99,Senior Engineer
23100,Brigham,Erev,10/12/62,5/5/89,1/1/99,Staff
23103,Golgen,Panienski,6/16/64,4/26/95,1/1/99,Senior Engineer
23111,Breannda,Prampolini,6/8/64,4/25/87,1/1/99,Senior Engineer
23112,Barun,Woycyznski,5/24/64,12/16/98,1/1/99,Engineer
23114,Suzette,Taubenfeld,1/10/62,7/27/90,1/1/99,Senior Staff
23115,Dmitry,Tempesti,8/18/64,4/6/99,1/1/99,Engineer
23122,Yahiko,Parascandalo,5/27/63,4/3/86,1/1/99,Staff
23133,Kerryn,Lally,2/6/62,7/18/99,1/1/99,Engineer
23139,Fen,Fritzsche,7/15/64,10/10/93,1/1/99,Engineer
23147,Shin,Fiutem,5/25/62,8/7/92,1/1/99,Senior Engineer
23152,Ingemar,Garnick,6/22/64,2/10/87,1/1/99,Staff
23160,Jinya,Ressouche,10/7/63,4/23/88,1/1/99,Staff
23166,Yuchang,Trelles,12/10/63,12/2/92,1/1/99,Engineer
23175,Teunis,Kawashima,3/21/62,12/8/92,1/1/99,Senior Engineer
23182,Maia,Seiwald,8/1/63,2/2/98,1/1/99,Engineer
23183,Sudhanshu,Stiles,7/11/62,6/27/85,1/1/99,Senior Staff
23189,Marjo,Willoner,10/5/63,2/20/95,1/1/99,Senior Staff
23190,Bikash,Chleq,12/19/64,8/21/87,1/1/99,Senior Staff
23191,Christ,Werthner,2/11/63,8/29/96,1/1/99,Staff
23206,Vasilis,Besselaar,11/3/62,11/12/97,1/1/99,Staff
23207,Mart,Zlotek,5/20/64,7/27/96,1/1/99,Assistant Engineer
23209,Ortrud,Schwaller,3/12/64,10/10/88,1/1/99,Senior Staff
23215,Hatem,Horswill,1/2/62,5/23/86,1/1/99,Senior Engineer
23218,Jianhua,Spieker,10/27/64,8/20/88,1/1/99,Engineer
23223,Radoslaw,Loncour,2/19/64,5/29/97,1/1/99,Staff
23226,Uli,Levasseur,7/3/62,1/5/92,1/1/99,Senior Staff
23227,Sanjit,Preusig,4/3/64,6/20/87,1/1/99,Staff
23233,Jixiang,Lenart,10/31/64,11/22/93,1/1/99,Senior Engineer
23235,Yefim,Reeker,5/20/63,11/22/97,1/1/99,Staff
23239,Kankanahalli,Nitsch,5/9/62,9/16/91,1/1/99,Senior Staff
23241,Leen,Kroll,8/26/64,5/23/87,1/1/99,Senior Engineer
23242,Hongzue,Georg,9/9/63,4/15/94,1/1/99,Senior Staff
23244,Mads,Stanfel,5/9/62,8/29/86,1/1/99,Engineer
23247,Janche,Rabejac,12/14/64,4/2/99,1/1/99,Staff
23254,Ronnie,Peron,9/22/62,12/8/98,1/1/99,Engineer
23255,Mototsugu,Zolotykh,10/7/64,10/30/86,1/1/99,Engineer
23262,Kristin,Tomescu,4/6/64,11/24/97,1/1/99,Senior Staff
23281,Przemyslawa,Asmuth,1/31/63,2/24/93,1/1/99,Engineer
23285,Mats,Bach,9/21/64,1/5/99,1/1/99,Staff
23286,Temple,Marsiglia,8/8/64,2/14/86,1/1/99,Senior Staff
23289,Rayond,Rosti,6/8/62,2/21/91,1/1/99,Engineer
23295,Spyrose,Christianini,11/27/62,10/25/95,1/1/99,Senior Staff
23305,Takahiro,Aloia,5/24/62,3/13/86,1/1/99,Senior Engineer
23309,Roselyn,Dengi,2/4/62,2/10/88,1/1/99,Senior Staff
23325,Dzung,Beetstra,11/16/63,10/5/98,1/1/99,Staff
23326,Yuriy,Nitta,3/23/62,2/23/91,1/1/99,Engineer
23327,Gianluca,Christianini,9/16/62,11/24/99,1/1/99,Engineer
23328,Oscal,Melter,8/16/63,10/3/93,1/1/99,Engineer
23344,Shih,Denti,8/3/63,8/12/86,1/1/99,Senior Engineer
23349,Zorica,Thiria,2/6/64,5/15/88,1/1/99,Engineer
23352,Jaewoo,Krone,3/18/62,9/19/89,1/1/99,Senior Staff
23358,Ashish,Juneja,9/2/63,6/26/96,1/1/99,Senior Staff
23359,Vasilii,Koprowski,9/21/62,12/19/97,1/1/99,Technique Leader
23368,Changho,Stroustrup,7/9/62,3/9/87,1/1/99,Engineer
23373,Jamaludin,Morris,5/6/62,6/15/91,1/1/99,Senior Staff
23381,Pragnesh,Bernardeschi,8/20/64,10/13/95,1/1/99,Senior Staff
23393,Hein,Snedden,9/23/63,12/24/96,1/1/99,Staff
23396,Hilari,Fairtlough,1/2/65,12/15/86,1/1/99,Technique Leader
23402,Zejun,Zobel,10/2/62,1/8/91,1/1/99,Senior Engineer
23405,Tse,Sewelson,2/25/62,11/26/95,1/1/99,Senior Staff
23407,Maha,Ramsey,3/7/62,7/30/90,1/1/99,Senior Staff
23410,Shao,Brattka,5/23/64,11/27/99,1/1/99,Senior Engineer
23412,Reinhard,Covnot,8/25/62,7/31/93,1/1/99,Senior Staff
23424,Uriel,Hainaut,10/17/62,3/13/95,1/1/99,Staff
23429,Shigenori,Poulakidas,2/18/62,11/7/97,1/1/99,Senior Staff
23433,Masaki,Bernatsky,8/2/63,8/19/95,1/1/99,Staff
23434,Tesuya,Suwa,12/15/62,12/15/89,1/1/99,Senior Engineer
23436,Jaihie,Hardjono,2/7/62,5/29/92,1/1/99,Senior Staff
23438,Eran,Besancenot,12/29/64,8/23/97,1/1/99,Staff
23440,Sadun,Hanratty,9/28/64,6/9/00,1/1/99,Technique Leader
23445,Jayson,Laventhal,5/5/64,4/6/99,1/1/99,Engineer
23453,Chandrasekaran,Domenig,6/25/63,6/18/89,1/1/99,Assistant Engineer
23456,Sanjai,Feldhoffer,1/15/62,2/26/99,1/1/99,Senior Engineer
23457,Manohar,Kakkar,5/23/63,10/21/94,1/1/99,Engineer
23473,Toshimori,Zeleznik,3/28/63,6/25/96,1/1/99,Engineer
23479,Filipp,Merey,12/17/63,4/15/96,1/1/99,Technique Leader
23485,Gregory,Nyrup,12/19/63,1/21/01,1/1/99,Staff
23488,Raimond,Birsak,2/16/64,9/26/98,1/1/99,Engineer
23489,Boguslaw,Mawatari,8/24/62,1/27/87,1/1/99,Senior Staff
23492,Gennady,Rattan,9/13/62,3/9/99,1/1/99,Engineer
23494,Gino,Deyuan,6/12/62,12/13/01,1/1/99,Senior Staff
23509,Xiong,Tanemo,10/20/62,5/25/92,1/1/99,Senior Engineer
23512,Xiaoheng,Sury,6/10/62,2/27/85,1/1/99,Senior Engineer
23513,Szabolcs,Segond,1/8/62,7/24/97,1/1/99,Senior Staff
23516,Xiaoqiu,Oskamp,10/19/62,4/20/88,1/1/99,Senior Engineer
23525,Nirmal,Biran,10/15/62,6/23/01,1/1/99,Staff
23534,Lidong,Cangellaris,12/5/64,7/26/96,1/1/99,Engineer
23544,Hailing,Vilarrasa,12/26/62,11/2/97,1/1/99,Senior Staff
23552,Yinlin,Pashtan,12/19/63,12/18/92,1/1/99,Senior Staff
23553,Nagui,Rodham,5/25/64,5/4/91,1/1/99,Senior Engineer
23574,Bangqing,Schmezko,7/23/62,8/11/94,1/1/99,Staff
23575,Mani,Remmers,9/12/62,10/28/86,1/1/99,Senior Engineer
23585,Tamiya,Back,10/8/64,10/29/88,1/1/99,Senior Engineer
23587,Sadok,Gimarc,12/9/63,10/22/97,1/1/99,Engineer
23596,Mabry,Docker,11/20/64,11/10/90,1/1/99,Senior Engineer
23602,Yagil,Segond,5/18/64,1/16/98,1/1/99,Technique Leader
23603,Sandeepan,Kohling,10/4/64,3/22/94,1/1/99,Senior Staff
23607,Samphel,Melski,12/13/62,2/12/85,1/1/99,Technique Leader
23608,Shahab,Schusler,1/5/64,12/8/86,1/1/99,Senior Staff
23610,Shay,Siochi,12/6/62,7/30/92,1/1/99,Staff
23612,Otmar,Portugali,8/26/64,7/8/85,1/1/99,Engineer
23615,Hyuncheol,Matheson,9/21/63,9/23/95,1/1/99,Staff
23617,Ramachenga,Itzfeldt,9/30/64,2/24/94,1/1/99,Senior Staff
23631,Jaber,Servieres,5/22/64,7/15/95,1/1/99,Assistant Engineer
23638,Flemming,Dymetman,12/11/64,1/18/94,1/1/99,Senior Staff
23641,Rosalyn,Poulakidas,6/4/64,5/24/93,1/1/99,Senior Engineer
23651,Uta,Nishimukai,10/25/64,3/26/91,1/1/99,Engineer
23665,Xiahua,Honiden,8/8/63,2/22/90,1/1/99,Staff
23680,Mary,Navazio,7/14/62,9/13/99,1/1/99,Senior Engineer
23684,Leni,Nishimukai,12/28/63,11/30/91,1/1/99,Engineer
23697,Pohua,Covnot,9/4/63,6/5/94,1/1/99,Senior Staff
23706,Bilhanan,Trystram,5/9/64,8/14/89,1/1/99,Senior Engineer
23711,Alassane,Serre,5/18/63,10/13/85,1/1/99,Engineer
23729,Urs,Trystram,3/6/62,9/27/96,1/1/99,Staff
23732,Jianwen,Burnard,9/20/64,7/9/96,1/1/99,Staff
23737,Duke,Murillo,1/29/63,5/27/98,1/1/99,Staff
23746,Ymte,Mersereau,1/26/62,7/2/93,1/1/99,Senior Engineer
23750,Uma,Bratsberg,11/9/62,11/23/90,1/1/99,Engineer
23763,Jacqueline,Gopalakrishnan,6/2/62,11/16/95,1/1/99,Staff
23770,Holgard,Sidou,2/10/64,8/9/90,1/1/99,Technique Leader
23773,Moto,Baer,3/27/63,7/31/96,1/1/99,Engineer
23780,Breannda,Terwilliger,1/9/63,9/28/97,1/1/99,Engineer
23789,Lein,Basagni,3/11/64,2/12/99,1/1/99,Senior Staff
23790,Geoffrey,Albarhamtoshy,7/21/62,12/4/94,1/1/99,Engineer
23793,Teiji,Biros,11/6/64,4/9/99,1/1/99,Engineer
23821,Chandrasekaran,Schoegge,5/9/63,4/20/90,1/1/99,Staff
23831,Theron,Talmor,4/18/63,8/10/92,1/1/99,Senior Staff
23832,Franziska,Hooghiemstra,2/3/63,6/27/94,1/1/99,Engineer
23837,Arun,Orlowska,6/10/63,10/26/89,1/1/99,Assistant Engineer
23838,Manton,Sadowsky,10/7/63,2/2/99,1/1/99,Staff
23844,George,Ladret,8/23/63,2/17/94,1/1/99,Engineer
23852,Irena,Stafford,9/14/64,7/22/87,1/1/99,Senior Staff
23856,Lena,Lamba,5/27/64,6/27/98,1/1/99,Staff
23858,Aloke,Chachaty,7/21/64,10/1/91,1/1/99,Staff
23863,Eben,Keustermans,10/28/64,1/18/00,1/1/99,Engineer
23865,Conrado,Selenyi,10/14/62,10/11/99,1/1/99,Staff
23882,Kenroku,Candan,6/11/62,1/24/94,1/1/99,Engineer
23888,Shuho,Uchoa,4/29/62,8/31/88,1/1/99,Senior Staff
23889,Shin,Bain,2/2/63,2/17/88,1/1/99,Senior Staff
23896,Berthier,Docker,12/11/63,6/18/94,1/1/99,Staff
23898,Leucio,Braccini,6/17/63,9/9/91,1/1/99,Senior Staff
23908,Arlette,Tyugu,6/14/64,4/27/99,1/1/99,Engineer
23915,Roded,Bolotov,9/27/63,4/7/96,1/1/99,Staff
23918,Dines,Taubman,12/19/62,2/24/99,1/1/99,Senior Engineer
23923,Kiyotoshi,Frolund,5/16/64,7/31/00,1/1/99,Senior Staff
23927,Mariangiola,Poehlman,10/27/63,7/28/90,1/1/99,Engineer
23937,Aruna,Heuter,3/15/63,1/31/86,1/1/99,Engineer
23939,Abdelghani,Perz,7/5/62,12/23/93,1/1/99,Engineer
23954,Dante,Poupard,8/5/64,12/25/98,1/1/99,Senior Engineer
23961,Vatsa,Demizu,1/4/64,11/10/88,1/1/99,Senior Staff
23973,Sanjai,Malabarba,6/23/64,3/12/99,1/1/99,Senior Engineer
23979,Bilhanan,Griswold,1/29/63,10/23/86,1/1/99,Senior Engineer
23986,Beshir,Alameldin,3/11/64,9/4/97,1/1/99,Engineer
23999,Vatsa,Narahara,10/31/62,3/19/89,1/1/99,Senior Engineer
24002,Younwoo,Kleiser,9/16/62,5/10/97,1/1/99,Senior Engineer
24005,Arco,Suppi,5/12/63,5/26/97,1/1/99,Technique Leader
24010,Pranjal,Lundstrom,5/23/64,8/1/97,1/1/99,Senior Staff
24016,Dhritiman,Gecseg,7/7/62,12/31/98,1/1/99,Senior Staff
24018,Oddvar,Lamparter,11/23/63,12/31/91,1/1/99,Staff
24024,Tze,Ecklund,7/21/64,3/14/93,1/1/99,Technique Leader
24025,Alselm,Katalagarianos,8/5/62,10/13/89,1/1/99,Senior Staff
24028,Amstein,Huxford,6/3/64,12/4/96,1/1/99,Senior Engineer
24030,Khue,Stemann,1/7/64,6/10/93,1/1/99,Staff
24036,Shir,Falck,9/18/62,3/23/86,1/1/99,Staff
24039,Yishay,Michaels,5/31/62,6/6/90,1/1/99,Senior Engineer
24042,Szabolcs,Pfau,7/6/64,1/22/98,1/1/99,Technique Leader
24054,Shietung,Kroon,1/22/62,7/21/87,1/1/99,Senior Staff
24057,Gal,Fasbender,5/18/62,12/17/00,1/1/99,Assistant Engineer
24058,Renee,Kroon,6/21/63,5/6/98,1/1/99,Engineer
24073,Huiqun,Klerer,1/19/63,6/13/99,1/1/99,Senior Staff
24080,Jaana,Perez,1/26/65,3/11/96,1/1/99,Technique Leader
24081,Yuriy,Wursthorn,3/21/62,5/16/90,1/1/99,Engineer
24083,Cullen,Beetstra,7/26/63,2/1/91,1/1/99,Technique Leader
24086,Thanasis,Gluchowski,7/8/63,8/31/94,1/1/99,Senior Engineer
24100,Frazer,Billingsley,1/6/63,1/9/00,1/1/99,Assistant Engineer
24104,Chaosheng,Sankaranarayanan,11/16/64,7/16/01,1/1/99,Technique Leader
24113,Raimond,Peral,6/3/64,4/13/89,1/1/99,Staff
24119,Kirk,Senzako,9/9/62,11/6/86,1/1/99,Staff
24129,Bilhanan,Schurmann,9/14/63,11/16/85,1/1/99,Senior Staff
24139,Hugo,Bade,6/17/63,8/13/97,1/1/99,Senior Staff
24141,Dmitry,Garnier,2/8/64,6/24/94,1/1/99,Senior Engineer
24146,Danai,Ferretti,9/22/64,6/2/97,1/1/99,Technique Leader
24150,Ramachenga,Birta,11/13/64,1/27/98,1/1/99,Senior Staff
24157,Pintsang,Zobel,5/7/64,4/16/99,1/1/99,Staff
24158,Pintsang,Bojadziev,8/21/64,8/18/88,1/1/99,Senior Staff
24159,Ziva,Rindone,9/19/62,9/23/85,1/1/99,Senior Staff
24167,Xuejun,Kamble,1/1/63,9/1/86,1/1/99,Engineer
24170,Alain,Birrer,1/11/63,5/22/89,1/1/99,Senior Engineer
24181,Yongdong,Lung,10/27/64,8/5/96,1/1/99,Engineer
24191,Van,Erdi,11/20/64,2/17/88,1/1/99,Senior Engineer
24195,Koldo,Uludag,2/11/63,4/11/91,1/1/99,Senior Engineer
24198,Ewing,Rettelbach,8/26/63,6/17/98,1/1/99,Engineer
24201,Shahid,Yeung,5/2/62,1/25/92,1/1/99,Senior Staff
24205,Roddy,Rubsam,1/25/65,9/19/93,1/1/99,Senior Engineer
24216,Zine,Swick,10/20/62,3/20/86,1/1/99,Senior Engineer
24218,Abdelwaheb,Bain,3/9/62,10/2/01,1/1/99,Engineer
24220,Toshimi,Bahr,4/3/64,1/5/92,1/1/99,Senior Engineer
24222,Ayakannu,Oskamp,12/11/63,9/22/95,1/1/99,Engineer
24236,Sadok,Hempstead,9/9/63,5/11/97,1/1/99,Staff
24242,Richara,Heusch,10/16/62,10/19/89,1/1/99,Senior Engineer
24243,Adel,Demri,9/30/62,4/18/97,1/1/99,Staff
24257,Bojan,Krider,12/26/63,1/4/97,1/1/99,Engineer
24271,Brigham,Schurmann,4/6/63,8/20/99,1/1/99,Staff
24274,Palash,Highland,5/24/62,11/8/87,1/1/99,Senior Staff
24275,Fen,Lorch,2/17/63,1/19/86,1/1/99,Engineer
24279,Krister,Hinsberger,1/7/63,4/11/90,1/1/99,Staff
24285,Ronghao,Cronan,10/22/64,8/28/99,1/1/99,Staff
24291,Owen,Kobuchi,11/17/64,5/20/85,1/1/99,Staff
24318,Arie,Cannane,3/7/64,7/29/92,1/1/99,Engineer
24322,Yishay,McFarlan,7/10/64,5/24/91,1/1/99,Technique Leader
24328,Muneo,Silva,5/31/63,3/26/93,1/1/99,Staff
24333,Gila,DasSarma,1/30/64,12/29/89,1/1/99,Senior Engineer
24336,Guiseppe,Basawa,9/28/62,10/9/94,1/1/99,Engineer
24337,Berry,Cronan,10/1/64,1/19/94,1/1/99,Engineer
24348,Herb,Nannarelli,7/26/62,3/7/86,1/1/99,Staff
24349,Badri,Shinomoto,9/29/64,3/1/91,1/1/99,Engineer
24351,Heeju,Olivero,5/18/62,7/9/96,1/1/99,Engineer
24354,Shiv,Cmelik,6/23/64,6/10/96,1/1/99,Staff
24355,Kauko,Iwayama,6/28/62,2/26/96,1/1/99,Senior Engineer
24356,Tetsushi,Ventosa,8/20/63,7/10/92,1/1/99,Senior Engineer
24359,Aron,Beerel,10/3/64,7/24/97,1/1/99,Engineer
24375,Fei,DuBourdieux,3/22/64,2/27/92,1/1/99,Staff
24377,Lubomir,Wroclawski,1/25/65,7/25/93,1/1/99,Engineer
24378,Mads,Argence,1/7/62,5/24/85,1/1/99,Senior Engineer
24382,Patricio,Billingsley,8/10/64,5/14/87,1/1/99,Senior Staff
24385,Alain,Basawa,10/9/63,9/7/97,1/1/99,Staff
24386,Khalil,Ecklund,1/5/62,8/19/97,1/1/99,Staff
24394,Zhonghui,Conta,1/4/65,9/10/94,1/1/99,Staff
24395,Odinaldo,Krohm,11/20/64,4/14/88,1/1/99,Staff
24405,Shaowei,Pluym,7/8/63,6/20/95,1/1/99,Staff
24406,Mang,Bernatsky,5/15/63,8/22/85,1/1/99,Senior Staff
24410,Morrie,Wossner,6/30/64,12/29/88,1/1/99,Senior Staff
24411,Shaw,Lanteri,4/11/63,4/24/95,1/1/99,Staff
24415,Aleksander,Veeraraghavan,1/6/63,12/23/93,1/1/99,Senior Engineer
24417,Yefim,Stentiford,7/22/64,2/8/96,1/1/99,Staff
24419,Xiaoshan,Assaf,7/2/62,2/18/88,1/1/99,Staff
24422,Anwar,Taubman,8/21/62,10/31/01,1/1/99,Staff
24425,Bernice,Vingron,6/25/64,12/22/93,1/1/99,Engineer
24426,Ziva,Foote,5/12/62,5/28/97,1/1/99,Engineer
24427,Jungsoon,Bashian,3/6/62,2/28/87,1/1/99,Technique Leader
24436,Hironobu,Pelz,10/29/62,9/4/92,1/1/99,Senior Engineer
24437,Tzu,Peir,2/4/64,8/29/92,1/1/99,Senior Engineer
24438,Huiqun,Plessier,4/13/63,7/25/88,1/1/99,Senior Engineer
24439,Byong,Leijenhorst,9/17/64,3/30/97,1/1/99,Technique Leader
24447,Bernardo,Vuskovic,3/21/63,2/14/89,1/1/99,Engineer
24450,Tuval,Peron,12/4/62,6/29/87,1/1/99,Engineer
24453,Weiwu,Turnbull,8/4/64,4/8/97,1/1/99,Engineer
24454,Boalin,Baaz,5/29/62,3/17/91,1/1/99,Senior Staff
24468,Djelloul,Claffy,1/31/62,2/17/92,1/1/99,Engineer
24470,Gift,Delgrande,7/19/63,11/1/95,1/1/99,Senior Engineer
24474,Maren,Vandervoorde,12/11/64,12/6/95,1/1/99,Engineer
24476,Ekawit,Spataro,4/11/63,3/9/88,1/1/99,Senior Engineer
24488,Toong,Nollmann,1/4/63,9/27/90,1/1/99,Senior Engineer
24494,Anestis,Gini,4/12/62,2/13/97,1/1/99,Engineer
24514,Masato,Gien,4/28/63,2/27/92,1/1/99,Engineer
24516,Maia,Randi,5/24/63,1/8/91,1/1/99,Staff
24517,Nahum,Isard,8/6/63,8/16/92,1/1/99,Engineer
24521,Shawna,Ertl,1/1/63,1/5/92,1/1/99,Senior Engineer
24523,Vincent,Erbe,12/11/63,10/11/92,1/1/99,Engineer
24528,TRUE,Luan,10/24/62,7/22/98,1/1/99,Engineer
24532,Sachin,Lores,12/8/62,2/25/85,1/1/99,Senior Staff
24540,Christ,Michaels,4/20/63,2/9/99,1/1/99,Engineer
24542,Mori,Cochrane,6/11/62,9/4/99,1/1/99,Engineer
24553,Anwar,Passafiume,1/12/65,1/30/87,1/1/99,Staff
24568,Along,Shrader,11/18/62,2/11/96,1/1/99,Staff
24570,Chikako,Kobuchi,1/1/64,8/30/99,1/1/99,Engineer
24571,Cordelia,Gischer,1/20/65,3/14/89,1/1/99,Engineer
24576,Tommaso,Erde,9/3/63,12/23/88,1/1/99,Senior Staff
24577,Bedir,Sinicrope,8/24/62,11/14/92,1/1/99,Senior Staff
24578,Mani,Vigier,12/10/63,7/15/86,1/1/99,Senior Staff
24585,Jaques,Rullman,7/31/64,7/28/95,1/1/99,Staff
24586,Erzsebet,Akazan,12/6/63,10/28/98,1/1/99,Engineer
24587,Elzbieta,Warwick,5/2/62,11/29/85,1/1/99,Staff
24589,Saniya,Borstler,4/26/63,8/4/97,1/1/99,Staff
24602,Chenyi,Lunn,1/6/64,9/19/93,1/1/99,Engineer
24607,Golgen,Lagarias,11/16/62,4/11/86,1/1/99,Senior Engineer
24610,Pranay,Brandsma,12/3/64,11/25/97,1/1/99,Engineer
24611,Shigehiro,Rodier,11/25/63,1/8/86,1/1/99,Senior Engineer
24616,Dmitry,Kawashimo,2/21/64,10/6/86,1/1/99,Senior Engineer
24622,Moheb,Matzov,11/7/64,6/3/97,1/1/99,Engineer
24626,Zhilian,Giarratana,4/23/63,11/23/86,1/1/99,Senior Staff
24628,Xiadong,Marchegay,8/10/64,7/25/90,1/1/99,Engineer
24635,Kyoichi,Cochrane,8/12/64,3/19/94,1/1/99,Senior Staff
24640,Oguz,Panangaden,5/7/64,8/6/91,1/1/99,Senior Engineer
24643,Jaana,Miyakawa,1/24/64,2/1/98,1/1/99,Staff
24650,Arvin,Gornas,5/30/64,9/29/89,1/1/99,Engineer
24651,Karlis,Zastre,8/12/62,4/18/96,1/1/99,Senior Staff
24658,Vasiliy,Rattan,3/11/63,4/4/00,1/1/99,Senior Staff
24664,Maha,Marchesini,10/21/64,8/7/95,1/1/99,Staff
24665,Shaowei,Cannata,1/7/63,9/20/95,1/1/99,Staff
24670,Claudi,Coorg,10/6/63,6/15/95,1/1/99,Senior Engineer
24675,Arumugam,Vieri,10/6/64,2/18/86,1/1/99,Staff
24676,Roddy,Bolotov,8/6/62,8/10/91,1/1/99,Staff
24677,Boaz,Escriba,4/6/62,10/17/97,1/1/99,Senior Staff
24681,Zhensheng,Aingworth,10/17/62,10/8/87,1/1/99,Senior Staff
24686,Naftaly,Jumpertz,3/8/63,3/27/01,1/1/99,Staff
24691,Navid,Basawa,4/14/63,4/18/95,1/1/99,Staff
24693,Ayakannu,Kitai,1/12/62,8/27/92,1/1/99,Senior Staff
24697,Francoise,Denti,11/4/62,1/5/01,1/1/99,Senior Engineer
24702,Yishay,Einsfeld,12/22/64,6/9/95,1/1/99,Senior Staff
24703,Richard,Vecchio,2/1/64,7/25/86,1/1/99,Staff
24704,Toshimitsu,Kriebel,8/19/64,1/12/93,1/1/99,Engineer
24707,Mabo,Rosis,9/24/62,7/20/92,1/1/99,Senior Staff
24711,Gritta,Melton,3/12/63,5/25/96,1/1/99,Senior Staff
24712,Zhiwei,Speer,3/6/62,2/13/96,1/1/99,Senior Staff
24716,Candido,VanScheik,8/14/63,4/15/89,1/1/99,Senior Staff
24730,Lillian,Norsworthy,5/10/64,5/23/97,1/1/99,Staff
24732,Fatemeh,Verhoeff,5/20/62,9/6/95,1/1/99,Engineer
24735,Mori,Chiodo,11/21/62,4/9/96,1/1/99,Staff
24737,Saeko,Ouhyoung,4/27/62,4/13/89,1/1/99,Senior Staff
24738,Minghong,Schlegelmilch,2/26/63,7/10/99,1/1/99,Staff
24744,Larisa,DasSarma,2/17/62,3/29/95,1/1/99,Staff
24747,Sadun,Pagter,7/27/64,8/21/92,1/1/99,Engineer
24749,Jayson,Esteva,11/9/62,12/17/90,1/1/99,Assistant Engineer
24750,Gadiel,Sichman,12/19/64,3/1/89,1/1/99,Senior Engineer
24759,Chaosheng,Sommen,4/25/63,2/2/85,1/1/99,Staff
24772,Gill,Malinowski,7/30/63,10/12/88,1/1/99,Staff
24778,Anneke,Vilarrasa,3/10/64,4/3/96,1/1/99,Staff
24786,Odysseas,Collavizza,9/6/63,6/5/85,1/1/99,Senior Engineer
24792,Rasikan,Casperson,5/8/64,4/17/93,1/1/99,Senior Engineer
24795,Ulf,Chachaty,4/30/64,6/23/93,1/1/99,Senior Staff
24799,Karlis,Hockney,11/13/63,3/29/91,1/1/99,Senior Staff
24809,Kersti,Luan,10/22/64,4/5/93,1/1/99,Engineer
24820,Dipayan,Chorvat,1/24/64,10/28/99,1/1/99,Engineer
24835,Rildo,Boyle,11/24/64,5/14/97,1/1/99,Technique Leader
24838,Atilio,Vanwelkenhuysen,11/26/63,6/19/90,1/1/99,Senior Engineer
24840,Gill,Jeong,5/5/63,6/15/93,1/1/99,Senior Engineer
24843,Khosrow,Chenoweth,11/28/64,8/19/88,1/1/99,Engineer
24845,Masadi,Beznosov,12/19/64,9/16/93,1/1/99,Engineer
24874,Kolar,Marrakchi,2/27/63,5/13/02,1/1/99,Engineer
24883,Mang,Wixon,12/16/62,1/9/02,1/1/99,Senior Staff
24884,Shaowei,Hanratty,1/29/63,10/20/96,1/1/99,Senior Engineer
24889,Luigi,Morris,8/27/62,2/9/85,1/1/99,Senior Staff
24892,Sham,Fasbender,10/26/64,2/11/93,1/1/99,Senior Staff
24897,Yurij,Chiola,1/24/63,6/29/98,1/1/99,Staff
24901,Herbert,Bernardeschi,9/12/63,12/29/90,1/1/99,Senior Staff
24903,Mokhtar,Binkley,3/29/62,5/25/90,1/1/99,Senior Staff
24908,Odinaldo,Beetstra,3/6/63,4/1/96,1/1/99,Senior Staff
24913,Shaowen,Chenney,1/9/64,3/7/95,1/1/99,Engineer
24922,Rosalie,Penttonen,10/10/64,9/7/96,1/1/99,Engineer
24928,Brendon,Ambroszkiewicz,8/24/63,7/16/99,1/1/99,Technique Leader
24929,Akemi,Caine,10/4/64,5/2/89,1/1/99,Senior Engineer
24935,Kersti,Staudhammer,1/3/63,5/28/98,1/1/99,Staff
24941,Yifei,Collavizza,9/20/63,10/26/99,1/1/99,Technique Leader
24942,Atilio,Stasinski,12/29/62,4/12/95,1/1/99,Senior Staff
24952,Hidefumi,Pouyioutas,10/26/64,5/11/98,1/1/99,Engineer
24958,Xudong,Vendrig,10/18/64,7/3/95,1/1/99,Engineer
24960,Kristina,Comellas,2/10/63,7/15/90,1/1/99,Senior Staff
24965,Mayuri,Fraisse,12/7/63,9/14/97,1/1/99,Staff
24970,Dmitri,Asmuth,7/24/64,7/23/91,1/1/99,Senior Engineer
24971,Heekeun,Huhdanpaa,10/13/64,2/24/95,1/1/99,Staff
24977,Terresa,Curless,1/8/62,10/28/95,1/1/99,Engineer
24993,Ohad,Pouyioutas,5/2/64,11/20/89,1/1/99,Engineer
24995,Bodo,Penttonen,10/23/64,11/26/90,1/1/99,Senior Staff
24998,Koichi,Molenkamp,5/24/64,8/2/89,1/1/99,Senior Staff
25009,DeForest,Stentiford,2/11/62,11/10/93,1/1/99,Senior Engineer
25010,Gou,Gecsei,3/10/62,12/11/95,1/1/99,Engineer
25011,Alair,McClurg,5/2/62,7/29/92,1/1/99,Senior Engineer
25015,Jovan,Bach,8/8/64,5/19/95,1/1/99,Senior Staff
25032,Wojceich,Atrawala,3/25/62,5/21/86,1/1/99,Staff
25038,Abdelghani,Ghalwash,12/20/63,6/10/94,1/1/99,Senior Engineer
25043,Jixiang,Pelc,9/23/63,3/9/85,1/1/99,Engineer
25044,Mototsugu,Gyorkos,5/17/63,5/22/86,1/1/99,Senior Staff
25047,Vatsa,Eldridge,10/3/64,7/15/00,1/1/99,Staff
25053,Halsur,Brookman,4/9/64,8/20/90,1/1/99,Senior Engineer
25062,Baocai,Peyn,7/17/64,5/22/98,1/1/99,Senior Engineer
25066,Ortrun,Fujisawa,8/1/64,2/13/01,1/1/99,Senior Staff
25068,Vugranam,Yurek,6/10/64,1/21/92,1/1/99,Engineer
25071,Yolla,Jeansoulin,12/7/63,10/24/86,1/1/99,Engineer
25080,Adly,Yavatkar,7/28/63,10/31/96,1/1/99,Engineer
25091,Josyula,Cronan,7/11/64,10/18/86,1/1/99,Senior Engineer
25098,Adel,Shiratori,6/8/64,6/26/99,1/1/99,Staff
25100,Bangqing,Esteva,4/8/63,4/27/98,1/1/99,Staff
25104,Radhia,Tagansky,4/12/63,11/22/87,1/1/99,Senior Staff
25111,Zejun,Collette,4/7/62,3/10/95,1/1/99,Engineer
25115,Gopalakrishnan,Coney,2/4/62,8/7/93,1/1/99,Staff
25126,Weiye,Ressouche,7/4/62,3/22/89,1/1/99,Senior Staff
25129,Ingmar,Bridgland,6/17/63,11/6/88,1/1/99,Engineer
25131,Lokesh,Baja,12/16/62,2/9/91,1/1/99,Staff
25141,Conrado,Rahier,4/24/64,8/7/85,1/1/99,Senior Staff
25142,Maria,Vieth,11/6/63,2/17/01,1/1/99,Senior Engineer
25146,Anestis,Hatcliff,4/22/62,2/6/94,1/1/99,Engineer
25147,Mayuri,Zastre,5/11/62,3/13/93,1/1/99,Senior Staff
25149,Wonhee,Luks,2/12/64,1/14/87,1/1/99,Senior Staff
25150,Bodh,Shigei,6/29/63,9/14/91,1/1/99,Senior Engineer
25151,Leandro,Veevers,4/7/62,2/5/91,1/1/99,Senior Staff
25155,Shushma,Benveniste,10/31/62,4/26/87,1/1/99,Senior Engineer
25157,Koichi,Tsukune,11/30/62,3/6/96,1/1/99,Technique Leader
25164,Khun,Bakhtari,10/29/63,3/10/85,1/1/99,Engineer
25166,Uriel,Kadhim,3/2/62,5/14/92,1/1/99,Senior Staff
25176,Claude,Mandell,9/15/63,2/15/95,1/1/99,Senior Staff
25177,Yurij,Marrevee,5/19/62,12/10/90,1/1/99,Senior Staff
25180,Muneo,Macedo,9/10/63,10/22/98,1/1/99,Assistant Engineer
25187,Muneo,Massonet,6/9/62,4/4/92,1/1/99,Senior Engineer
25193,Frazer,Picco,3/3/62,5/26/86,1/1/99,Senior Staff
25199,Matt,Erman,6/2/62,10/3/85,1/1/99,Senior Staff
25201,Barton,Kandlur,12/4/64,1/6/98,1/1/99,Staff
25205,Lokesh,Takkinen,7/10/63,2/2/85,1/1/99,Senior Engineer
25206,Berna,Zyda,10/23/62,7/31/99,1/1/99,Senior Staff
25208,Matk,Gecsei,3/6/64,2/15/96,1/1/99,Senior Engineer
25228,Honesty,Rosen,3/20/64,6/27/92,1/1/99,Technique Leader
25230,Xiping,Kuzuoka,5/12/63,8/25/93,1/1/99,Technique Leader
25232,Niranjan,Hasenauer,3/27/64,9/18/91,1/1/99,Staff
25235,Deborah,Schaaf,1/11/63,7/3/92,1/1/99,Senior Staff
25242,Thanasis,Erev,8/14/62,5/22/92,1/1/99,Technique Leader
25243,Abdelwaheb,Koblitz,12/14/63,8/10/88,1/1/99,Senior Engineer
25251,Menkae,Clouatre,4/24/63,4/12/97,1/1/99,Senior Engineer
25258,Jiang,Delaune,10/15/64,11/10/86,1/1/99,Senior Staff
25260,Gao,Dolinsky,12/6/64,8/10/86,1/1/99,Staff
25262,Quingbo,Hanabata,5/1/62,10/18/97,1/1/99,Staff
25270,Munehiro,Geffroy,3/26/63,6/22/90,1/1/99,Senior Engineer
25275,Shuichi,Gopalakrishnan,3/21/63,3/15/93,1/1/99,Senior Engineer
25279,Kazuhira,Adachi,4/8/63,5/5/92,1/1/99,Senior Staff
25283,Aluzio,Anandan,9/16/63,6/5/94,1/1/99,Engineer
25288,Aral,Bala,11/22/63,11/4/92,1/1/99,Senior Staff
25292,Hidde,Isaac,7/28/62,8/8/89,1/1/99,Engineer
25293,Boalin,Leonhardt,7/30/63,6/5/96,1/1/99,Staff
25294,Berna,Manders,7/18/63,1/28/99,1/1/99,Staff
25300,Hilari,Murillo,2/21/62,8/9/85,1/1/99,Engineer
25309,Hilary,Detkin,10/27/62,6/20/89,1/1/99,Senior Staff
25316,Leen,Unni,7/13/63,11/8/88,1/1/99,Engineer
25326,Yonghong,Snedden,8/31/62,11/30/88,1/1/99,Senior Engineer
25328,Youssef,Schmittgen,6/23/62,2/2/93,1/1/99,Staff
25332,Gila,Schwaller,8/19/62,12/19/94,1/1/99,Senior Engineer
25338,Kotesh,Broomell,9/3/64,3/25/99,1/1/99,Engineer
25348,Odysseas,Soicher,10/18/62,9/18/86,1/1/99,Engineer
25359,Oscar,Birrer,4/27/63,9/28/86,1/1/99,Engineer
25384,Boalin,Binkley,8/18/64,1/22/91,1/1/99,Engineer
25385,Joydip,Tsukuda,7/30/64,10/3/94,1/1/99,Senior Engineer
25387,Zejun,Itzigehl,12/11/63,4/4/89,1/1/99,Senior Staff
25403,Shimshon,Dredge,8/3/63,9/10/97,1/1/99,Assistant Engineer
25404,Vesna,Angot,7/29/62,2/20/90,1/1/99,Staff
25405,Baruch,Rosti,1/4/62,10/22/90,1/1/99,Senior Engineer
25408,Nikolaus,Swiler,11/4/64,6/12/93,1/1/99,Staff
25411,Mohamadou,Godskesen,5/5/64,8/20/94,1/1/99,Senior Staff
25414,Leandro,Haraldson,9/2/63,12/9/87,1/1/99,Staff
25416,Yoshimitsu,Dratva,12/12/63,5/22/93,1/1/99,Senior Staff
25417,Shahid,Gornas,4/30/64,2/21/89,1/1/99,Senior Staff
25418,Premsyl,Bernatsky,4/14/63,5/2/91,1/1/99,Engineer
25419,Rafols,Yetim,2/14/64,12/13/98,1/1/99,Senior Engineer
25421,Yuping,Luon,9/14/64,9/28/85,1/1/99,Senior Staff
25428,Ung,Christ,2/13/62,7/4/97,1/1/99,Engineer
25431,Candido,Landherr,9/27/62,9/19/92,1/1/99,Senior Engineer
25442,Bezalel,Adachi,12/30/64,6/3/97,1/1/99,Engineer
25443,Akemi,Schneeberger,1/22/62,2/15/99,1/1/99,Senior Staff
25445,Chikako,Azuma,5/3/63,3/4/95,1/1/99,Staff
25447,Vishwani,Cichocki,5/3/62,9/20/88,1/1/99,Staff
25451,Koldo,Beausoleil,4/30/64,9/1/91,1/1/99,Senior Staff
25455,Pantung,Jiafu,1/8/64,11/24/98,1/1/99,Senior Staff
25457,Pramod,Buchter,9/11/62,10/1/88,1/1/99,Technique Leader
25460,Xumin,Prampolini,3/2/62,4/20/88,1/1/99,Engineer
25464,Yechiam,Ladret,4/16/63,10/9/90,1/1/99,Senior Engineer
25466,Chiranjit,Herber,12/27/64,4/23/01,1/1/99,Staff
25469,Jinya,Anick,12/28/62,3/12/85,1/1/99,Senior Staff
25472,Shrikanth,Hettesheimer,1/1/63,4/16/92,1/1/99,Staff
25474,Sasan,Lyonns,5/11/62,5/29/88,1/1/99,Senior Engineer
25476,Marsal,Leonhardt,7/25/64,3/17/99,1/1/99,Staff
25488,Ingmar,Basawa,1/19/65,11/9/91,1/1/99,Senior Staff
25490,Junsik,Raczkowsky,9/17/64,11/30/86,1/1/99,Senior Staff
25492,Nigel,Trachtenberg,7/4/62,1/17/91,1/1/99,Senior Engineer
25505,Utz,Salverda,7/6/62,2/4/98,1/1/99,Staff
25509,Ortrun,Pokrovskii,5/18/62,3/3/96,1/1/99,Staff
25526,Richara,Kowalchuk,11/1/62,8/4/93,1/1/99,Engineer
25527,Ranga,Jansch,5/27/62,1/18/95,1/1/99,Senior Staff
25528,Masato,Milicia,2/15/62,8/15/87,1/1/99,Engineer
25530,Yinlin,Chimia,8/17/64,12/26/87,1/1/99,Technique Leader
25532,Peternela,Shrader,7/11/64,5/21/96,1/1/99,Senior Staff
25534,Jongsuk,Cappelli,3/8/62,11/22/86,1/1/99,Staff
25539,Sven,Hiyoshi,11/20/62,4/28/97,1/1/99,Engineer
25542,Oksana,Schrooten,7/10/63,7/3/85,1/1/99,Senior Engineer
25553,Martins,Dichev,10/5/63,5/7/93,1/1/99,Senior Engineer
25556,Hausi,Crelier,11/24/63,4/27/85,1/1/99,Staff
25557,Gianluca,Morton,5/30/64,5/21/97,1/1/99,Assistant Engineer
25558,Feipei,Junet,5/11/63,5/26/02,1/1/99,Engineer
25568,Adam,Michaels,7/4/62,7/21/92,1/1/99,Senior Staff
25569,Wuxu,Sluis,6/21/62,1/29/02,1/1/99,Senior Engineer
25570,Lansing,Karunanithi,4/28/62,11/22/93,1/1/99,Senior Staff
25571,Gennadi,Pappas,8/7/62,1/2/97,1/1/99,Staff
25574,Remzi,Whitcomb,12/20/63,4/27/86,1/1/99,Senior Engineer
25577,Tomokazu,Gihr,8/10/63,4/7/88,1/1/99,Engineer
25579,Erzsebet,Cheshire,6/15/64,10/6/95,1/1/99,Engineer
25586,Heng,Waeselynck,3/17/63,1/21/94,1/1/99,Senior Staff
25591,Mingsen,Melton,6/2/63,2/26/93,1/1/99,Engineer
25595,Bodo,Siprelle,10/12/62,1/16/90,1/1/99,Senior Staff
25602,Odoardo,Ventosa,7/2/63,4/4/97,1/1/99,Staff
25609,Gully,Foong,2/25/63,1/30/98,1/1/99,Engineer
25612,Tomofumi,Mawatari,1/20/62,2/19/98,1/1/99,Staff
25618,Yechiam,Lindenbaum,2/6/62,8/13/91,1/1/99,Engineer
25619,Adamantios,Chaudhury,8/1/62,1/22/90,1/1/99,Assistant Engineer
25626,Mariusz,Axelband,11/8/63,2/25/86,1/1/99,Staff
25631,Christoph,Pena,9/18/63,9/16/86,1/1/99,Senior Engineer
25635,Paddy,Pezzoli,2/18/62,5/29/91,1/1/99,Staff
25641,Sven,Michaeli,1/28/62,10/7/96,1/1/99,Staff
25642,Stafford,Cochrane,9/2/63,11/26/91,1/1/99,Technique Leader
25647,Kannan,Rikino,1/12/63,8/18/96,1/1/99,Engineer
25650,Sanjit,Vrecion,6/11/64,7/28/92,1/1/99,Senior Staff
25652,Ramachenga,Suwa,11/20/62,11/14/89,1/1/99,Senior Engineer
25655,Dung,Theuretzbacher,6/10/62,8/19/91,1/1/99,Senior Staff
25658,Torsten,Kuszyk,10/16/64,10/13/89,1/1/99,Staff
25661,Saddek,Beausoleil,9/14/64,3/20/02,1/1/99,Senior Staff
25662,Arie,Schrift,5/20/64,2/24/87,1/1/99,Staff
25677,Eran,Hofmeyr,12/2/63,5/14/86,1/1/99,Senior Staff
25681,Weiru,Papastamatiou,2/17/62,5/17/87,1/1/99,Engineer
25687,Malu,Kuzuoka,1/6/64,12/24/97,1/1/99,Engineer
25695,Radhika,Erdi,8/25/64,8/9/89,1/1/99,Senior Staff
25712,Srinidhi,Marsiglia,10/10/63,6/11/92,1/1/99,Staff
25723,Lalit,Rijckaert,6/11/62,3/20/95,1/1/99,Staff
25729,Augustine,Vidya,2/8/62,12/11/94,1/1/99,Assistant Engineer
25735,Hidekazu,Petereit,9/6/63,10/21/98,1/1/99,Engineer
25751,Elgin,Brendel,5/7/63,9/4/90,1/1/99,Staff
25756,Ohad,Trumbly,1/16/64,3/11/96,1/1/99,Engineer
25760,Shuho,Baaleh,6/3/62,11/22/90,1/1/99,Engineer
25762,Souichi,Heping,11/8/63,2/23/96,1/1/99,Staff
25763,Insup,Highland,11/20/62,2/9/00,1/1/99,Senior Engineer
25766,Garnet,Bain,6/11/63,9/12/92,1/1/99,Staff
25767,Elvis,Willoner,10/13/64,9/8/91,1/1/99,Senior Staff
25769,Huai,Koyama,4/11/63,3/12/86,1/1/99,Senior Engineer
25770,Mizuhito,Oxenboll,10/11/62,8/18/95,1/1/99,Engineer
25775,Patricia,Gustavson,1/5/62,6/13/95,1/1/99,Senior Engineer
25776,Aluzio,Lunt,5/16/63,4/27/90,1/1/99,Senior Staff
25778,Yucai,Speel,5/28/62,2/4/97,1/1/99,Staff
25784,Valeska,Zeleznik,10/5/62,12/10/88,1/1/99,Senior Staff
25786,Ulf,Leppanen,10/12/62,1/13/98,1/1/99,Engineer
25788,Nadjib,Antonakopoulos,6/18/62,5/6/92,1/1/99,Senior Staff
25796,Fun,Improta,3/10/62,5/26/85,1/1/99,Senior Engineer
25803,Berto,Bahl,6/1/64,2/2/86,1/1/99,Technique Leader
25809,Shao,Huhdanpaa,12/12/62,12/31/90,1/1/99,Assistant Engineer
25823,Kazuhide,Perry,2/21/63,10/2/90,1/1/99,Senior Engineer
25827,Sangeeta,Iivonen,5/30/62,8/11/93,1/1/99,Engineer
25831,Xiping,Levasseur,4/5/62,2/25/90,1/1/99,Staff
25833,Pasqua,Picel,3/28/63,11/4/98,1/1/99,Staff
25838,Srinidhi,Panwar,9/10/62,7/26/95,1/1/99,Engineer
25843,Gian,Murtha,2/27/63,4/5/98,1/1/99,Engineer
25845,Abdelwaheb,Duclos,1/9/63,8/31/94,1/1/99,Senior Engineer
25846,Waiman,Eppinger,9/18/64,9/8/94,1/1/99,Staff
25855,Guadalupe,Karcich,1/19/62,10/30/97,1/1/99,Engineer
25856,Shiv,Reghbati,1/14/62,2/29/88,1/1/99,Staff
25861,Valdiodio,Stamatiou,5/25/64,5/4/91,1/1/99,Assistant Engineer
25877,Xinglin,Demke,5/12/63,2/4/93,1/1/99,Senior Staff
25878,Munir,Shumilov,1/24/64,12/5/99,1/1/99,Staff
25879,Branimir,Takanami,9/14/64,7/16/93,1/1/99,Senior Engineer
25881,Sven,Pettis,5/28/62,6/3/86,1/1/99,Senior Staff
25894,Wojceich,Schueller,2/3/63,4/3/92,1/1/99,Senior Staff
25899,Huan,Nitsch,9/27/63,10/22/86,1/1/99,Senior Staff
25903,Claudi,Schwartzburd,10/12/63,6/21/99,1/1/99,Engineer
25911,Jinpo,Ushiama,10/12/63,9/7/90,1/1/99,Engineer
25927,Shooichi,Furedi,5/28/63,4/1/99,1/1/99,Staff
25928,Mayuko,Plotkin,11/23/63,9/17/97,1/1/99,Senior Engineer
25931,Eldridge,Stamatiou,9/26/64,11/9/91,1/1/99,Senior Staff
25932,Guttorm,Riesenhuber,8/15/64,9/18/89,1/1/99,Senior Engineer
25940,Nikolaos,Navazio,1/24/64,3/14/99,1/1/99,Staff
25941,Hideo,Busillo,12/13/64,9/3/85,1/1/99,Assistant Engineer
25946,Dietrich,Chinin,3/14/64,7/26/98,1/1/99,Staff
25953,Mori,Felder,5/4/63,6/13/96,1/1/99,Senior Staff
25955,Christoph,Facello,10/9/62,8/21/95,1/1/99,Technique Leader
25956,Abdelkader,Lanteri,10/20/64,10/2/89,1/1/99,Senior Staff
25960,Dietrich,Oskamp,4/22/62,1/4/89,1/1/99,Engineer
25964,Hideo,Karlin,12/21/64,4/2/98,1/1/99,Staff
25968,Huican,Christ,9/18/62,1/18/97,1/1/99,Senior Engineer
25970,Mantis,Lorin,4/6/63,10/17/96,1/1/99,Staff
25973,Mitchel,Cummings,9/11/64,10/28/96,1/1/99,Engineer
25976,Weiwu,Thibadeau,5/18/63,4/10/99,1/1/99,Assistant Engineer
25981,Nechama,Chinal,11/23/63,3/10/90,1/1/99,Engineer
25982,Lihong,Gunderson,2/25/62,4/9/94,1/1/99,Senior Staff
25991,Siddarth,Velardi,7/29/64,3/6/85,1/1/99,Senior Engineer
25997,Steen,Boreale,6/14/64,5/9/88,1/1/99,Senior Staff
26009,Morris,Peternell,12/30/64,10/1/94,1/1/99,Senior Engineer
26016,Tomokazu,Birta,4/20/62,4/19/92,1/1/99,Engineer
26018,Moni,Veccia,11/6/62,10/15/91,1/1/99,Senior Engineer
26030,Sanjoy,Erva,12/3/64,3/7/98,1/1/99,Engineer
26034,Volkmar,Veeraraghavan,2/2/62,3/11/99,1/1/99,Engineer
26046,Sanjiv,Kornatzky,8/18/62,1/11/00,1/1/99,Staff
26050,Jovan,Caine,9/17/64,9/11/95,1/1/99,Senior Staff
26054,Chrisa,Haldar,3/27/63,6/11/86,1/1/99,Senior Engineer
26062,Ingemar,Ranft,9/16/63,7/25/95,1/1/99,Staff
26070,Tonia,Mamelak,6/27/63,2/19/96,1/1/99,Senior Staff
26075,Shooichi,Brender,2/5/63,8/16/90,1/1/99,Senior Staff
26077,Nalini,Stifter,1/15/63,12/18/91,1/1/99,Engineer
26081,Kitty,Luef,6/15/62,12/30/95,1/1/99,Technique Leader
26082,Zine,Leslie,6/13/63,10/19/87,1/1/99,Senior Staff
26099,Kerryn,Beerel,1/23/64,3/15/94,1/1/99,Staff
26100,Kenroku,Vasanthakumar,11/7/62,3/1/91,1/1/99,Staff
26103,Vishv,Simkin,12/14/64,6/13/91,1/1/99,Senior Engineer
26105,Dung,Sgarro,11/27/64,12/14/94,1/1/99,Senior Engineer
26118,Xiaopeng,Monkewich,4/13/64,1/10/99,1/1/99,Technique Leader
26124,Ramzi,Gips,7/3/64,9/20/89,1/1/99,Engineer
26138,Jungsoon,Oaver,4/14/62,3/27/86,1/1/99,Senior Engineer
26145,Rafols,Sommen,11/1/62,10/12/93,1/1/99,Engineer
26146,Zhiwei,Onuegbe,12/20/63,4/1/88,1/1/99,Senior Engineer
26152,Billur,Radhakrishnan,9/21/63,11/3/86,1/1/99,Senior Staff
26155,Anyuan,Garnick,2/20/64,12/16/97,1/1/99,Staff
26156,Dietrich,Nyrup,4/22/64,5/9/96,1/1/99,Engineer
26157,Richard,Stemann,1/1/64,3/2/97,1/1/99,Engineer
26159,Anneke,Tempesti,7/7/63,9/27/93,1/1/99,Senior Engineer
26165,Heather,Rohrbach,9/10/62,4/8/00,1/1/99,Senior Engineer
26173,Takahiro,Orsini,11/17/64,3/15/90,1/1/99,Senior Engineer
26174,Mara,Hashii,10/26/62,3/26/90,1/1/99,Engineer
26175,Sibyl,Rullman,3/23/62,8/17/85,1/1/99,Senior Engineer
26176,Waiman,Garnier,12/3/64,8/29/85,1/1/99,Staff
26177,Anwar,Soicher,5/14/64,4/14/95,1/1/99,Senior Engineer
26189,Yongdong,Chorvat,6/15/62,10/7/90,1/1/99,Senior Engineer
26195,Luerbio,Janocha,6/15/62,9/26/89,1/1/99,Technique Leader
26196,Bokyung,Cannard,12/3/62,2/4/85,1/1/99,Engineer
26199,Vatsa,Wegerle,2/3/62,3/14/92,1/1/99,Assistant Engineer
26200,Hyuckchul,Einsfeld,9/15/63,12/6/99,1/1/99,Senior Staff
26201,Arie,Bahl,1/15/64,1/11/99,1/1/99,Staff
26206,Akhilish,Koshino,10/19/63,12/13/85,1/1/99,Staff
26209,Luerbio,Gadepally,8/21/64,9/13/00,1/1/99,Senior Engineer
26210,Almudena,Erol,1/31/63,8/24/98,1/1/99,Senior Engineer
26212,Tze,Beetstra,8/24/64,12/3/89,1/1/99,Senior Engineer
26217,Arvin,Portugali,7/1/63,7/28/90,1/1/99,Senior Staff
26220,Murthy,Champarnaud,1/30/62,5/11/88,1/1/99,Senior Staff
26225,Gina,Ertl,12/20/63,9/10/90,1/1/99,Senior Staff
26228,Shigehiro,Christianini,3/8/64,12/3/97,1/1/99,Staff
26229,Mohammed,Egerstedt,8/12/63,11/13/99,1/1/99,Staff
26244,Djenana,Syrotiuk,8/6/62,5/3/96,1/1/99,Staff
26246,Shiv,Speer,7/10/62,10/25/98,1/1/99,Senior Engineer
26258,Etsuo,Heyers,6/1/63,1/23/99,1/1/99,Engineer
26260,Babette,Narlikar,5/8/64,2/7/94,1/1/99,Senior Staff
26262,Mong,Levergood,9/22/63,3/18/99,1/1/99,Technique Leader
26265,Zsolt,Hanabata,1/1/63,11/4/96,1/1/99,Engineer
26273,Mary,Angiulli,10/9/64,5/30/94,1/1/99,Engineer
26281,Hatem,Ruther,3/17/62,3/23/90,1/1/99,Senior Engineer
26287,Koldo,Varman,9/25/64,6/22/90,1/1/99,Senior Engineer
26292,Fayez,Bruckman,12/15/63,12/14/88,1/1/99,Engineer
26293,Greger,Peyn,2/6/63,10/18/97,1/1/99,Engineer
26294,Gianluca,Hertweck,3/24/62,3/14/96,1/1/99,Senior Engineer
26310,Suebskul,Barvinok,6/11/63,8/20/95,1/1/99,Senior Staff
26311,Kazuhiro,Przulj,5/27/63,9/17/92,1/1/99,Engineer
26318,Shin,Rotem,11/26/64,11/6/85,1/1/99,Staff
26319,Mingdong,Walston,2/6/63,4/20/93,1/1/99,Senior Engineer
26322,Conal,Koyama,10/10/63,1/12/98,1/1/99,Engineer
26324,Nimmagadda,Wuwongse,5/24/63,4/24/87,1/1/99,Senior Engineer
26327,Georgy,Lanphier,4/20/62,9/9/98,1/1/99,Engineer
26330,Ziya,Rosin,7/11/64,4/1/91,1/1/99,Engineer
26332,Mohua,Taubman,11/24/64,9/15/92,1/1/99,Engineer
26347,Lakshmi,Speckmann,10/19/63,6/1/88,1/1/99,Engineer
26357,Van,Dredge,11/11/62,10/8/90,1/1/99,Engineer
26358,Tomoyuki,Hiltgen,10/24/62,3/15/89,1/1/99,Senior Engineer
26361,Minghong,Gimbel,1/29/64,4/21/99,1/1/99,Assistant Engineer
26365,Hercules,Veevers,2/25/62,1/1/86,1/1/99,Senior Staff
26371,Van,Champarnaud,10/17/63,6/6/94,1/1/99,Engineer
26377,Koichi,Chenney,10/13/64,4/30/86,1/1/99,Staff
26387,Domenico,Chaudhury,4/5/62,4/9/86,1/1/99,Senior Staff
26389,Subir,Bratten,5/20/63,4/30/95,1/1/99,Staff
26393,Tomofumi,Delaune,3/25/62,9/7/01,1/1/99,Senior Staff
26397,Teiji,Beausoleil,3/9/64,1/12/95,1/1/99,Senior Staff
26400,Rasikan,Zwicker,5/9/63,4/24/96,1/1/99,Engineer
26403,Aria,Skogmar,4/29/62,11/14/88,1/1/99,Staff
26405,Adas,Koshiba,6/14/64,9/21/97,1/1/99,Staff
26412,Kristinn,Uehara,2/2/64,5/16/85,1/1/99,Assistant Engineer
26415,Jongsuk,Kitsuregawa,3/30/62,5/22/90,1/1/99,Senior Engineer
26423,Shaw,Khalil,9/29/63,7/28/89,1/1/99,Senior Staff
26434,Gaurav,Birjandi,12/18/62,7/8/94,1/1/99,Senior Staff
26439,Zengping,Lung,7/22/64,11/15/98,1/1/99,Staff
26440,Seongbae,Lakshmanan,1/4/63,10/13/89,1/1/99,Staff
26448,Giri,Muhlberg,3/19/64,10/26/93,1/1/99,Senior Engineer
26452,Billur,Vecchio,2/7/63,7/20/88,1/1/99,Senior Staff
26456,Pradeep,Swick,6/29/64,7/3/85,1/1/99,Senior Engineer
26457,Uinam,Bridgland,4/19/62,6/20/86,1/1/99,Engineer
26461,Erzsebet,Mitzlaff,8/2/63,11/22/89,1/1/99,Senior Engineer
26464,Navin,Condotta,11/1/63,6/2/99,1/1/99,Engineer
26466,Giri,Koblick,7/3/64,7/26/99,1/1/99,Staff
26471,Mack,Uhrik,11/7/62,2/3/95,1/1/99,Engineer
26473,Frederique,Beilner,4/7/62,8/24/98,1/1/99,Staff
26480,Flemming,Denis,2/16/62,3/20/88,1/1/99,Senior Staff
26494,Unal,Ramras,4/18/63,3/27/85,1/1/99,Engineer
26497,Hitofumi,Eppinger,1/24/63,12/27/00,1/1/99,Staff
26498,Arfst,Michaels,4/2/62,7/21/94,1/1/99,Senior Staff
26501,Mandell,Chaudhury,9/5/63,1/31/96,1/1/99,Engineer
26513,Mingdong,DuCasse,1/19/62,7/12/96,1/1/99,Staff
26516,Maia,Menyhert,9/10/63,7/16/95,1/1/99,Senior Engineer
26523,Hyuckchul,Prampolini,1/14/62,8/10/97,1/1/99,Senior Staff
26524,Fay,Validov,4/27/64,9/3/87,1/1/99,Senior Staff
26527,Chriss,Brizzi,7/22/63,10/26/90,1/1/99,Senior Engineer
26528,Basem,Gecsei,6/24/63,10/14/93,1/1/99,Senior Staff
26531,Sarita,Matzat,6/2/64,6/4/93,1/1/99,Staff
26532,Elrique,Paciorek,11/10/62,1/6/92,1/1/99,Technique Leader
26544,Danai,Peyn,11/22/62,5/23/93,1/1/99,Senior Engineer
26554,Martien,Garnick,2/28/64,6/6/91,1/1/99,Senior Engineer
26561,Susumu,Naudin,1/3/63,2/19/85,1/1/99,Senior Engineer
26563,Itzchak,Raoux,10/4/63,7/20/90,1/1/99,Senior Staff
26564,Jinya,Sidhu,9/14/62,5/3/97,1/1/99,Staff
26572,Xiaoshan,Haraldson,10/29/64,11/21/91,1/1/99,Senior Staff
26574,Adit,Negoita,4/6/64,7/18/98,1/1/99,Engineer
26578,Sumali,Matzke,8/23/64,6/5/97,1/1/99,Engineer
26580,Zissis,Borstler,3/4/64,1/14/90,1/1/99,Senior Staff
26589,Weidon,Cooman,7/7/63,12/27/90,1/1/99,Engineer
26595,Shuky,Prenel,12/19/64,5/22/92,1/1/99,Senior Engineer
26600,Hidekazu,Staylopatis,8/11/63,2/13/93,1/1/99,Senior Staff
26602,Yongmin,Nitsche,5/5/64,10/8/92,1/1/99,Senior Engineer
26608,Caolyn,Savasere,9/7/63,7/18/85,1/1/99,Senior Engineer
26622,Nechama,Matzke,9/5/63,1/6/01,1/1/99,Senior Staff
26628,Freyja,Oskamp,2/19/62,4/30/97,1/1/99,Engineer
26629,Nevin,Rodham,1/28/65,12/14/98,1/1/99,Senior Staff
26636,Moni,Tiemann,8/2/62,11/7/92,1/1/99,Senior Staff
26645,Zhilian,Bala,3/27/63,7/1/97,1/1/99,Engineer
26647,Lansing,Velardi,11/4/64,8/22/97,1/1/99,Staff
26649,Debaprosad,Parhami,12/27/62,1/6/00,1/1/99,Senior Engineer
26650,Hitofumi,Keustermans,11/23/63,5/20/93,1/1/99,Engineer
26657,Oscar,Ginneken,12/23/62,11/6/98,1/1/99,Technique Leader
26663,Duangkaew,Bierman,9/14/63,7/14/93,1/1/99,Senior Staff
26665,Licheng,Bugrara,3/16/64,10/6/90,1/1/99,Senior Staff
26671,Jiakeng,Kalorkoti,1/21/65,12/25/94,1/1/99,Senior Engineer
26677,Sumant,Champarnaud,11/4/62,5/11/91,1/1/99,Engineer
26678,Tran,Lunt,8/26/64,11/19/85,1/1/99,Staff
26681,Abdulla,Rodier,11/13/63,3/3/96,1/1/99,Staff
26686,Sastry,Anily,7/23/62,11/21/99,1/1/99,Assistant Engineer
26699,Val,Doering,6/6/64,10/1/90,1/1/99,Engineer
26700,Poornachandra,Rindone,8/9/64,12/5/95,1/1/99,Senior Engineer
26701,Lillian,Suessmith,4/12/64,10/12/97,1/1/99,Senior Engineer
26703,Tua,Haddadi,8/7/62,10/31/88,1/1/99,Senior Engineer
26704,Nakhoon,Flexer,6/1/64,5/12/93,1/1/99,Senior Staff
26713,Cheong,Angiulli,3/16/64,12/17/89,1/1/99,Senior Engineer
26718,Dulce,Merro,10/7/62,9/14/99,1/1/99,Senior Engineer
26719,Sumali,Luit,3/15/63,2/9/89,1/1/99,Engineer
26724,Shuichi,Weedman,10/16/64,8/21/88,1/1/99,Senior Engineer
26725,Aleksander,Dolinsky,6/12/62,8/1/93,1/1/99,Engineer
26738,Mohammed,Schrift,6/23/62,5/13/99,1/1/99,Senior Engineer
26743,Jordanka,Snedden,3/15/64,1/24/89,1/1/99,Senior Engineer
26746,Tomokazu,Parveen,6/7/63,5/25/97,1/1/99,Engineer
26748,Xinyu,Uehara,12/9/62,6/13/94,1/1/99,Staff
26755,Arun,Jarecki,5/22/63,5/20/93,1/1/99,Senior Engineer
26757,Masanao,Albarhamtoshy,6/27/62,5/11/90,1/1/99,Staff
26759,Niclas,Rullman,12/4/63,4/23/96,1/1/99,Staff
26764,Mitsuyuki,Tischendorf,7/18/62,8/1/98,1/1/99,Staff
26766,Aran,Francisci,8/23/63,1/11/91,1/1/99,Technique Leader
26768,Phillip,Zwicker,11/16/64,2/11/88,1/1/99,Engineer
26772,Nigel,Luft,11/26/62,11/25/00,1/1/99,Senior Staff
26787,Saddek,Gire,12/14/63,6/20/88,1/1/99,Senior Engineer
26788,Zongyan,Dalphin,1/25/65,4/23/88,1/1/99,Senior Engineer
26796,Ohad,Skafidas,6/7/62,4/29/85,1/1/99,Senior Staff
26801,Shaleah,Shanbhogue,10/12/62,10/12/94,1/1/99,Staff
26804,Atreye,Heuser,2/27/63,7/24/85,1/1/99,Senior Engineer
26810,Ugo,Hagimont,9/24/64,10/7/92,1/1/99,Senior Engineer
26814,Jaroslava,Selvestrel,10/26/64,12/11/88,1/1/99,Engineer
26816,Valeska,Swab,12/16/63,3/1/97,1/1/99,Senior Staff
26823,Alejandra,Schiper,4/12/62,6/2/98,1/1/99,Staff
26824,Elvia,Stiles,1/11/62,2/20/88,1/1/99,Senior Staff
26830,Vidya,Baek,11/21/63,1/23/88,1/1/99,Engineer
26832,Yifei,Bergere,8/4/63,8/23/91,1/1/99,Senior Staff
26838,Aris,Kakkad,1/9/64,11/6/87,1/1/99,Engineer
26839,Maria,Gulik,8/24/64,7/22/99,1/1/99,Engineer
26841,Moni,Birge,8/9/64,2/21/85,1/1/99,Engineer
26845,Byong,Kaltofen,12/4/64,1/19/93,1/1/99,Engineer
26852,Shaowen,Cyre,11/14/64,1/4/97,1/1/99,Senior Staff
26861,Candida,Falck,6/17/64,10/9/89,1/1/99,Technique Leader
26864,Yinghua,Strooper,9/4/64,6/5/95,1/1/99,Senior Engineer
26866,Denis,Gecseg,2/3/62,2/9/96,1/1/99,Staff
26877,Ramzi,Tramer,5/26/64,11/2/90,1/1/99,Senior Engineer
26878,Fumitaka,Rodier,4/24/63,7/31/95,1/1/99,Staff
26879,Percy,Mattern,7/19/62,8/8/95,1/1/99,Engineer
26880,Goetz,Krybus,5/2/63,11/28/98,1/1/99,Engineer
26883,Mohua,Versino,2/1/64,11/7/98,1/1/99,Senior Staff
26888,Rosella,Stentiford,6/5/63,11/24/93,1/1/99,Senior Engineer
26890,Greger,Sadowski,4/8/63,6/24/87,1/1/99,Senior Engineer
26895,Taiji,Erie,12/20/63,5/23/94,1/1/99,Senior Engineer
26899,Mary,Luders,12/21/63,5/21/93,1/1/99,Senior Engineer
26900,Jongsuk,Gronowski,10/7/62,5/23/90,1/1/99,Senior Engineer
26909,Kristin,Bisiani,6/26/62,7/1/88,1/1/99,Senior Staff
26910,Dines,Vigier,11/23/64,10/20/90,1/1/99,Assistant Engineer
26912,Elvia,Cools,2/4/63,7/18/98,1/1/99,Engineer
26918,Niteen,Hutter,10/12/64,1/17/92,1/1/99,Senior Engineer
26919,Hatem,Danlos,7/30/64,2/13/89,1/1/99,Technique Leader
26922,Sven,Emmerich,10/8/63,9/7/91,1/1/99,Staff
26931,Chriss,Fioravanti,11/12/64,1/15/02,1/1/99,Engineer
26938,Manton,Tanemo,12/7/62,12/10/93,1/1/99,Engineer
26941,Shigeu,Masamoto,12/2/63,8/27/89,1/1/99,Senior Engineer
26942,Selwyn,Carrera,7/19/62,11/5/85,1/1/99,Senior Staff
26945,Badri,Granlund,7/1/63,5/6/85,1/1/99,Engineer
26948,Morris,Kropp,1/17/63,4/15/92,1/1/99,Staff
26951,Isamu,Brodie,10/16/64,3/30/89,1/1/99,Staff
26954,Dayanand,Crabtree,5/22/63,4/19/88,1/1/99,Senior Staff
26965,Hatsukazu,Camurati,5/3/63,8/6/91,1/1/99,Staff
26967,Geoff,Engberts,12/16/63,12/19/92,1/1/99,Senior Engineer
26975,Kokou,Nitto,3/26/63,4/21/99,1/1/99,Staff
26980,Zhaofang,Gargeya,8/25/64,12/12/89,1/1/99,Senior Engineer
26981,Tristan,Benzaken,2/28/62,8/18/99,1/1/99,Assistant Engineer
26984,Leaf,Itzigehl,1/31/63,5/29/94,1/1/99,Staff
26991,Bilhanan,Christianini,3/26/62,11/15/85,1/1/99,Engineer
26997,Jungsoon,Millington,6/24/64,10/12/85,1/1/99,Senior Engineer
26998,Arif,Meriste,12/28/63,10/31/99,1/1/99,Engineer
27012,Hironobu,Cyne,1/3/63,7/11/94,1/1/99,Engineer
27014,Etsuo,Gips,5/20/62,5/21/90,1/1/99,Senior Staff
27017,Arra,Przulj,5/14/63,5/23/90,1/1/99,Senior Staff
27021,Lidong,Garnham,8/22/62,1/5/87,1/1/99,Engineer
27026,Goncalo,Olivero,10/8/63,5/21/92,1/1/99,Senior Engineer
27028,Magdalena,Cooman,11/30/62,10/30/88,1/1/99,Senior Engineer
27032,Rosella,Ernst,1/31/63,4/11/92,1/1/99,Engineer
27035,Pascal,Dulay,12/13/62,6/1/96,1/1/99,Senior Staff
27040,Janalee,Engelmann,9/27/62,6/13/97,1/1/99,Senior Engineer
27042,Shridhar,Bail,8/17/64,4/25/85,1/1/99,Technique Leader
27050,Kousuke,Muhlberg,4/18/64,9/27/89,1/1/99,Engineer
27058,Bangqing,Olano,3/1/64,3/30/98,1/1/99,Senior Engineer
27061,Moto,Oxman,4/4/63,9/25/99,1/1/99,Staff
27062,Franziska,Glinert,8/12/62,1/1/97,1/1/99,Senior Staff
27067,Kazuhiko,Alencar,8/12/62,10/23/90,1/1/99,Engineer
27074,Terresa,Lamma,12/30/64,1/1/92,1/1/99,Senior Engineer
27076,Amalendu,Kinley,12/25/62,8/18/88,1/1/99,Senior Engineer
27077,Uwe,Peak,2/15/62,12/19/85,1/1/99,Engineer
27081,Chiranjit,Lalonde,3/20/62,7/17/86,1/1/99,Senior Staff
27085,Irena,Simmen,9/24/62,3/13/88,1/1/99,Senior Staff
27090,Bernd,Ashish,6/8/62,10/18/88,1/1/99,Senior Staff
27095,Annemarie,Marrevee,11/9/63,4/26/90,1/1/99,Senior Engineer
27097,Pranav,Boudaillier,11/14/62,3/4/96,1/1/99,Senior Engineer
27100,Shrikanth,Horswill,7/2/64,2/3/86,1/1/99,Senior Staff
27103,Manibrata,Dalphin,6/28/62,6/19/96,1/1/99,Engineer
27106,Sampalli,Stenning,12/14/62,10/15/96,1/1/99,Engineer
27111,Saniya,Dratva,4/21/62,3/29/93,1/1/99,Engineer
27113,Kerryn,Picci,2/15/62,7/20/01,1/1/99,Technique Leader
27122,Honesty,Morris,2/2/64,11/6/99,1/1/99,Staff
27125,Soenke,Munck,9/8/64,2/13/85,1/1/99,Engineer
27127,Tzu,Heinisuo,1/8/63,8/27/91,1/1/99,Technique Leader
27132,Hsiangchu,Chimia,6/26/63,8/27/99,1/1/99,Staff
27136,Hatim,Prampolini,7/6/63,12/10/91,1/1/99,Senior Engineer
27144,Richara,Ambroszkiewicz,4/27/63,11/27/90,1/1/99,Engineer
27145,Magdalena,Zedlitz,5/22/64,2/11/90,1/1/99,Senior Engineer
27148,Ferdinand,Randt,7/10/64,1/26/86,1/1/99,Engineer
27149,Barton,Hasham,4/6/63,10/7/89,1/1/99,Senior Staff
27152,Ashish,Vieri,12/4/64,12/23/99,1/1/99,Staff
27155,Feiyu,Remmele,11/12/63,6/2/87,1/1/99,Senior Engineer
27160,Mansur,Picht,9/21/62,11/18/99,1/1/99,Engineer
27170,Shigeaki,Brookman,10/31/62,12/20/99,1/1/99,Engineer
27173,Shen,DeMori,4/10/64,4/10/93,1/1/99,Engineer
27174,Jinya,Trumbly,7/8/62,12/9/89,1/1/99,Senior Engineer
27176,Shounak,Hammerschmidt,10/25/62,11/11/97,1/1/99,Staff
27181,Piyawadee,Katalagarianos,9/13/62,7/24/87,1/1/99,Senior Engineer
27183,Deborah,Bultermann,9/11/63,4/21/93,1/1/99,Senior Staff
27189,Hatem,Lanteri,5/7/64,11/28/90,1/1/99,Engineer
27191,Atilio,Muhlberg,9/29/64,10/19/91,1/1/99,Senior Staff
27192,Jahangir,Genin,6/22/63,6/6/99,1/1/99,Senior Engineer
27201,Soenke,Acton,6/12/62,4/14/89,1/1/99,Engineer
27204,Jacqueline,Michaels,7/3/64,5/22/91,1/1/99,Engineer
27211,Yahiko,Prenel,11/21/64,6/15/97,1/1/99,Staff
27213,Menkae,Randt,5/12/62,7/11/97,1/1/99,Engineer
27224,Eckart,Farris,12/4/62,2/23/91,1/1/99,Senior Engineer
27225,Soenke,Schreiter,8/7/63,10/9/88,1/1/99,Senior Staff
27226,Yishay,Conry,10/7/64,1/16/98,1/1/99,Engineer
27227,Heng,Kalorkoti,3/25/63,4/7/85,1/1/99,Senior Engineer
27231,Fay,Merlo,11/5/62,4/3/97,1/1/99,Senior Engineer
27242,Dines,Kornatzky,10/26/63,5/25/92,1/1/99,Staff
27246,Sanjiv,McAffer,9/4/64,4/16/93,1/1/99,Engineer
27250,Peer,Stanger,12/1/63,1/26/97,1/1/99,Technique Leader
27256,Insup,Luks,9/19/64,1/1/88,1/1/99,Senior Engineer
27258,Jeong,Hmelo,6/17/64,12/12/86,1/1/99,Senior Staff
27260,Giap,Harnett,10/12/64,12/10/92,1/1/99,Engineer
27285,Tesuro,Brodie,4/15/63,8/31/99,1/1/99,Engineer
27286,Roddy,Pollock,5/10/63,6/8/95,1/1/99,Staff
27289,Nagui,Shimshoni,12/25/62,6/18/89,1/1/99,Senior Engineer
27292,Siddarth,Mandell,9/16/62,4/1/96,1/1/99,Engineer
27297,Erez,Munck,1/16/64,5/17/93,1/1/99,Senior Engineer
27302,Eishiro,Sankaranarayanan,10/23/63,10/8/97,1/1/99,Staff
27304,Mandell,Rodham,8/8/64,10/14/96,1/1/99,Staff
27309,Rasikan,Ghandeharizadeh,6/9/62,4/21/95,1/1/99,Senior Engineer
27313,Szabolcs,Lenart,11/7/63,11/13/85,1/1/99,Staff
27314,Mohan,Cooley,9/22/64,1/8/94,1/1/99,Engineer
27323,Vishu,Peek,6/19/64,5/29/89,1/1/99,Staff
27326,Yucel,Kushnir,6/10/63,9/13/93,1/1/99,Senior Staff
27328,Lunjin,Schueller,1/3/63,2/28/88,1/1/99,Assistant Engineer
27329,Mang,Rajaraman,11/15/62,8/29/98,1/1/99,Senior Engineer
27331,Wanqing,Krohm,1/19/65,1/22/91,1/1/99,Staff
27333,Surveyors,Wynblatt,9/16/64,5/5/92,1/1/99,Senior Staff
27346,Huiqun,Siksek,9/12/64,5/1/90,1/1/99,Senior Staff
27349,Akeel,Assaf,11/30/62,3/21/95,1/1/99,Senior Staff
27352,Baziley,Apsitis,4/25/64,8/25/93,1/1/99,Senior Engineer
27355,Jiakeng,Katzenelson,2/16/63,12/19/87,1/1/99,Senior Engineer
27362,Hironoby,Reghbati,9/30/62,5/20/85,1/1/99,Staff
27378,Piyawadee,Leppanen,1/28/65,2/25/99,1/1/99,Senior Staff
27382,Khosrow,Zambonelli,1/21/64,5/6/97,1/1/99,Staff
27392,Woody,Marsiglia,2/1/63,4/21/90,1/1/99,Engineer
27394,Sushant,Auyong,3/10/63,9/28/92,1/1/99,Technique Leader
27401,Maya,Schwartzburd,1/18/63,4/6/94,1/1/99,Senior Staff
27402,Poornachandra,Arlazarov,11/14/64,6/9/97,1/1/99,Technique Leader
27405,Leon,Riesenhuber,5/22/63,5/19/93,1/1/99,Senior Staff
27421,Danil,Picel,5/21/62,9/9/95,1/1/99,Senior Engineer
27427,Mariusz,Harbusch,3/3/64,8/6/89,1/1/99,Engineer
27430,Jahangir,Piazza,7/12/64,11/17/93,1/1/99,Senior Engineer
27432,Sham,Zeilberger,10/13/63,2/2/96,1/1/99,Senior Staff
27444,Juichirou,Hoogerwoord,10/2/62,1/21/92,1/1/99,Senior Staff
27445,Yongmin,Angiulli,1/17/62,5/5/85,1/1/99,Senior Staff
27450,Snehasis,Kieras,11/3/62,12/11/86,1/1/99,Engineer
27455,Haldun,Kuzuoka,1/29/64,5/4/97,1/1/99,Technique Leader
27456,Danil,Hoppenstand,8/1/63,5/31/86,1/1/99,Staff
27466,Gennady,Hempstead,8/3/63,9/9/87,1/1/99,Staff
27478,Geoffrey,Waymire,10/17/63,7/26/88,1/1/99,Staff
27479,Jaideep,Chaudhuri,6/20/63,9/8/94,1/1/99,Senior Staff
27484,Tse,Llado,8/23/63,10/3/86,1/1/99,Senior Staff
27486,Juichirou,Honglei,5/25/63,10/13/95,1/1/99,Engineer
27487,Lidong,Schlumberger,3/13/62,8/4/97,1/1/99,Engineer
27507,Navin,Tsunoo,1/21/64,8/27/97,1/1/99,Staff
27509,Gian,Pettis,4/11/63,1/19/89,1/1/99,Senior Engineer
27515,Yakkov,Suessmith,1/3/62,3/23/86,1/1/99,Staff
27517,Lihong,Iacovou,3/22/63,5/13/00,1/1/99,Senior Staff
27524,Heeju,Miara,4/15/62,6/26/96,1/1/99,Senior Engineer
27525,Alejandra,Jiang,12/31/63,5/21/86,1/1/99,Senior Staff
27526,Margareta,Lubachevsky,12/9/63,11/13/85,1/1/99,Senior Staff
27530,Val,Backhouse,2/11/64,10/27/88,1/1/99,Senior Engineer
27535,Arunas,Fabrizio,8/30/63,11/15/88,1/1/99,Senior Staff
27537,Kristof,Luby,9/16/63,9/3/87,1/1/99,Senior Engineer
27554,Mooi,Ranon,5/21/64,9/25/93,1/1/99,Senior Staff
27558,Kensei,Pargas,7/29/64,3/1/01,1/1/99,Senior Engineer
27567,Khalid,Basawa,7/28/63,12/28/90,1/1/99,Senior Staff
27575,Jianhua,Makinen,10/27/64,6/6/89,1/1/99,Engineer
27585,Hatem,Litzler,7/23/62,3/1/92,1/1/99,Engineer
27590,Halsur,Couchot,4/21/62,8/27/98,1/1/99,Staff
27592,Ymte,Mateescu,5/2/64,12/15/99,1/1/99,Engineer
27594,Fuqing,Nanard,1/22/62,7/23/92,1/1/99,Engineer
27605,JoAnna,Bruckman,5/14/63,8/21/91,1/1/99,Engineer
27608,Hauke,Weedman,12/9/62,7/4/02,1/1/99,Staff
27611,Susanne,Syrotiuk,6/3/63,7/28/88,1/1/99,Senior Engineer
27618,Yuriy,Dichev,1/2/62,5/13/01,1/1/99,Senior Engineer
27620,Shuji,Kandlur,1/25/65,3/2/90,1/1/99,Engineer
27621,Xuejia,Emiris,7/12/62,4/29/90,1/1/99,Senior Engineer
27623,Nahid,Merlo,5/30/62,10/20/93,1/1/99,Senior Engineer
27625,Hairong,Rodiger,10/23/63,9/4/97,1/1/99,Senior Engineer
27630,Rutger,Schwartzburd,9/10/63,3/21/85,1/1/99,Staff
27645,Wojceich,Kusakari,5/25/64,4/2/90,1/1/99,Engineer
27665,Hairong,Bressoud,12/29/62,11/23/95,1/1/99,Staff
27673,Hatem,Jonsson,3/27/62,4/13/91,1/1/99,Senior Staff
27682,Kwee,Edelhoff,1/27/62,7/19/85,1/1/99,Senior Engineer
27685,Gay,Lores,8/11/63,8/13/96,1/1/99,Engineer
27686,Manu,Rosiles,1/28/65,3/3/98,1/1/99,Senior Staff
27691,Suzette,Rubsam,3/22/62,12/7/88,1/1/99,Senior Engineer
27699,Falguni,Pezzoli,1/15/65,12/23/96,1/1/99,Engineer
27702,Janalee,Broder,9/8/62,2/17/97,1/1/99,Senior Engineer
27704,Kazuhira,Denna,4/17/64,2/14/87,1/1/99,Staff
27707,Yolla,Birdsall,4/15/62,6/6/92,1/1/99,Senior Engineer
27713,Demin,Azadmanesh,3/5/64,10/21/97,1/1/99,Staff
27717,Turgut,Kowalchuk,9/26/62,9/17/85,1/1/99,Staff
27720,Phule,Picaronny,4/28/63,3/12/98,1/1/99,Senior Staff
27737,Saeed,Bugrara,10/11/62,5/17/86,1/1/99,Engineer
27746,Mark,Lunn,11/29/64,8/29/01,1/1/99,Senior Staff
27751,Nadjib,Templeman,6/26/62,2/5/90,1/1/99,Senior Engineer
27754,Brigham,Teitelbaum,3/9/63,7/8/96,1/1/99,Engineer
27763,Stein,Paludetto,6/20/63,5/11/99,1/1/99,Engineer
27766,Khue,Samarati,3/20/62,6/18/97,1/1/99,Engineer
27767,Tooru,Veldwijk,1/27/65,11/21/93,1/1/99,Senior Staff
27794,Huei,Angelov,4/5/62,11/12/98,1/1/99,Staff
27795,Anneli,Alpay,4/28/62,2/15/98,1/1/99,Staff
27799,Mariusz,Msuda,8/1/63,7/20/99,1/1/99,Senior Engineer
27802,Kasturi,Lieblein,4/28/64,7/23/90,1/1/99,Senior Staff
27804,Spyrose,Onuegbe,1/15/62,9/10/94,1/1/99,Senior Engineer
27812,Vojin,Osgood,11/7/62,10/29/87,1/1/99,Engineer
27816,Pradeep,Kossowski,9/4/64,5/24/92,1/1/99,Assistant Engineer
27818,Hatsukazu,Lindqvist,2/6/64,8/3/95,1/1/99,Senior Staff
27821,Ung,Hellwagner,3/8/62,5/3/85,1/1/99,Engineer
27823,Michaela,Schlegelmilch,9/22/63,7/22/87,1/1/99,Engineer
27824,Remzi,Sevcikova,3/15/64,10/20/95,1/1/99,Senior Engineer
27825,Gully,Heiserman,1/28/63,9/22/95,1/1/99,Staff
27828,Munehiro,Pietracaprina,6/6/62,7/11/87,1/1/99,Senior Staff
27834,Jagoda,Orsini,2/28/62,4/7/91,1/1/99,Senior Engineer
27841,Gift,Loncour,4/30/63,4/1/96,1/1/99,Assistant Engineer
27855,Shay,Lipner,11/29/64,6/18/91,1/1/99,Staff
27858,Matt,Puppe,10/30/64,6/4/92,1/1/99,Senior Staff
27860,Adam,Asrin,9/11/63,8/31/85,1/1/99,Senior Engineer
27869,Nitsan,Streit,3/3/64,4/27/85,1/1/99,Senior Staff
27871,Herbert,Kemmerer,11/27/63,10/3/97,1/1/99,Senior Engineer
27881,Poornachandra,Prochazka,4/5/62,10/25/98,1/1/99,Engineer
27890,Matk,Chandrasekhar,3/28/63,12/7/97,1/1/99,Engineer
27906,Udi,Gniady,1/7/62,6/12/99,1/1/99,Senior Staff
27923,Aruna,Zedlitz,7/13/64,9/1/98,1/1/99,Engineer
27924,Marie,Kushner,2/19/63,7/7/86,1/1/99,Senior Engineer
27928,Val,Rousseau,3/9/64,3/16/98,1/1/99,Staff
27931,Magy,Bolotov,1/4/62,6/8/97,1/1/99,Engineer
27932,Jianwen,Schonegge,12/7/63,10/10/94,1/1/99,Engineer
27934,Berto,Bresenham,3/16/63,11/20/98,1/1/99,Senior Engineer
27937,Saeed,Isard,8/30/62,1/12/90,1/1/99,Senior Staff
27940,Berhard,Jumpertz,5/25/63,6/11/88,1/1/99,Staff
27951,Jongsuk,Wursthorn,1/8/63,6/27/99,1/1/99,Senior Staff
27952,Collette,Leuchs,7/2/62,12/6/88,1/1/99,Engineer
27954,Martine,Jiafu,4/21/63,9/1/85,1/1/99,Senior Engineer
27960,Martina,Bazelow,2/13/64,11/21/94,1/1/99,Senior Engineer
27984,Kazuhiro,Kranzdorf,6/12/63,11/4/90,1/1/99,Engineer
28003,Tayeb,Macedo,7/19/62,4/7/99,1/1/99,Staff
28006,Mats,Birnbaum,5/1/63,1/16/98,1/1/99,Engineer
28007,Hirochika,Danley,12/27/63,2/21/94,1/1/99,Senior Staff
28011,Boguslaw,Schlegelmilch,3/10/63,7/27/97,1/1/99,Engineer
28023,Sumali,Auyong,2/11/64,10/3/95,1/1/99,Engineer
28025,Jeanna,Jansen,6/6/62,2/20/87,1/1/99,Technique Leader
28031,Uma,Camurati,6/11/62,8/19/98,1/1/99,Engineer
28034,Nirmal,Compeau,9/7/62,10/22/87,1/1/99,Senior Staff
28041,Taegyun,Emmart,11/9/64,2/20/95,1/1/99,Senior Staff
28047,Soenke,Sundgren,9/8/64,11/14/92,1/1/99,Staff
28057,Barna,Picco,5/21/64,1/13/86,1/1/99,Assistant Engineer
28062,Ramalingam,Vidal,8/17/64,10/26/00,1/1/99,Engineer
28065,Holgard,Serot,1/25/64,5/24/91,1/1/99,Staff
28066,Christ,Vernadat,5/22/64,12/27/91,1/1/99,Staff
28068,Taisook,Simmen,2/28/64,7/5/94,1/1/99,Senior Staff
28069,Rimli,Saoudi,6/30/64,8/31/94,1/1/99,Staff
28075,Zhensheng,Lupu,2/6/63,10/4/89,1/1/99,Senior Staff
28081,Vidya,Linnainmaa,4/24/63,8/14/94,1/1/99,Engineer
28088,Nirmal,Kavanagh,7/10/62,8/5/90,1/1/99,Engineer
28092,Yongmao,Tetzlaff,7/16/62,10/20/85,1/1/99,Engineer
28097,Jaber,Ghelli,6/16/63,4/17/98,1/1/99,Assistant Engineer
28106,Tomoyuki,Garigliano,8/5/62,4/3/98,1/1/99,Engineer
28108,Toshiki,Remmele,10/28/63,4/6/97,1/1/99,Senior Engineer
28110,Yuuichi,Yoshizawa,1/29/63,5/22/98,1/1/99,Engineer
28113,Zhiwei,Rosis,4/29/64,12/26/99,1/1/99,Staff
28115,Jenwei,Lindenbaum,7/14/64,8/30/91,1/1/99,Staff
28119,Yannik,Luce,6/16/62,2/10/87,1/1/99,Assistant Engineer
28130,Prodip,Crooks,2/17/62,6/24/87,1/1/99,Senior Engineer
28134,Xiaopeng,Birch,12/11/62,2/17/91,1/1/99,Senior Staff
28135,Claude,Brlek,1/14/62,2/16/96,1/1/99,Senior Staff
28140,Przemyslawa,Nollmann,6/21/64,8/27/90,1/1/99,Engineer
28141,Shigehito,Senzako,5/4/64,1/29/94,1/1/99,Senior Staff
28145,Genevieve,McAffer,3/29/62,1/28/95,1/1/99,Staff
28158,Oguz,Kalloufi,7/30/64,12/30/89,1/1/99,Engineer
28163,Vesna,Guerreiro,10/16/64,6/25/87,1/1/99,Senior Staff
28164,Sudharsan,Fabrizio,4/10/63,3/18/98,1/1/99,Staff
28170,Jiong,Bamford,5/19/64,5/3/97,1/1/99,Engineer
28177,Turgut,Vickson,2/19/64,10/20/92,1/1/99,Senior Engineer
28182,Wuxu,Begiun,10/29/63,9/28/87,1/1/99,Senior Engineer
28193,Xinglin,Mitsuhashi,1/29/65,12/14/88,1/1/99,Senior Engineer
28194,Indrajit,Vanwelkenhuysen,4/8/63,11/30/95,1/1/99,Senior Engineer
28195,Hidde,Gulla,8/22/63,8/4/98,1/1/99,Engineer
28201,Uinam,Chorvat,3/4/63,3/4/85,1/1/99,Senior Engineer
28202,Tzvetan,Biron,6/14/62,3/12/87,1/1/99,Engineer
28205,Mechthild,Ghazalie,2/20/62,3/10/85,1/1/99,Senior Staff
28206,Elvia,Spataro,7/19/64,5/1/01,1/1/99,Engineer
28212,Yongmin,Streng,5/19/62,1/22/94,1/1/99,Senior Engineer
28215,Gita,Baig,3/7/64,6/8/96,1/1/99,Engineer
28216,Arun,Reeken,9/8/63,6/6/02,1/1/99,Engineer
28218,Lihong,Ghemri,9/5/64,4/7/99,1/1/99,Staff
28227,Pranas,Perez,4/19/62,6/5/90,1/1/99,Assistant Engineer
28231,Shuky,Anger,1/3/63,2/7/88,1/1/99,Engineer
28244,Gopalakrishnan,Lunt,10/21/63,9/13/97,1/1/99,Staff
28259,Christophe,Baik,1/20/62,6/3/94,1/1/99,Senior Engineer
28260,Shigeu,Katzenelson,9/5/64,5/22/87,1/1/99,Senior Engineer
28269,Mariangiola,Ghazalie,2/13/62,2/20/86,1/1/99,Engineer
28270,Leaf,Gyorkos,6/19/62,3/28/96,1/1/99,Engineer
28297,Salvador,Mahnke,12/11/64,6/6/92,1/1/99,Assistant Engineer
28299,Tse,Matheson,8/31/62,6/11/97,1/1/99,Engineer
28304,Shirish,Murtafg,8/31/63,1/13/97,1/1/99,Staff
28307,Zeydy,Ghelli,4/19/62,9/25/95,1/1/99,Staff
28310,Prasadram,Parfitt,3/4/62,4/24/92,1/1/99,Engineer
28311,Sumant,Laurillard,8/23/62,3/10/97,1/1/99,Engineer
28333,Kannan,Awdeh,7/20/64,12/16/89,1/1/99,Staff
28334,Masadi,Camurati,10/4/62,9/8/94,1/1/99,Senior Engineer
28338,Morrie,Aseltine,8/16/64,1/30/95,1/1/99,Senior Staff
28346,Willard,Sommer,3/27/62,2/12/97,1/1/99,Assistant Engineer
28349,Atreyi,Biron,5/30/62,7/9/97,1/1/99,Engineer
28353,Kendra,Syang,1/17/63,10/24/89,1/1/99,Engineer
28356,Sachar,Uhrik,6/3/64,10/12/89,1/1/99,Senior Staff
28363,Guttorm,Mikschl,11/29/63,12/30/98,1/1/99,Senior Staff
28371,Valeri,Kalsbeek,5/5/63,2/8/98,1/1/99,Engineer
28376,Brewster,Mungall,11/15/62,3/11/98,1/1/99,Senior Staff
28389,Hisao,Camurati,7/13/62,5/6/97,1/1/99,Senior Engineer
28398,Kamran,Journel,2/12/63,7/22/91,1/1/99,Senior Staff
28399,Aloys,Rodier,5/23/62,8/8/88,1/1/99,Senior Engineer
28423,Marc,Lanphier,6/27/62,3/4/85,1/1/99,Staff
28445,Chrisa,Feldmann,8/31/63,2/13/97,1/1/99,Staff
28446,Stabislas,Bade,12/23/62,12/26/93,1/1/99,Senior Engineer
28452,Doohun,Sgarro,1/6/64,9/15/92,1/1/99,Staff
28454,Ugo,Nitto,1/11/62,10/29/86,1/1/99,Engineer
28458,Mohit,Garnham,11/1/63,3/9/98,1/1/99,Staff
28461,Carrsten,Willoner,2/22/64,1/6/96,1/1/99,Senior Engineer
28462,Boalin,Mayerwieser,4/14/62,7/14/94,1/1/99,Staff
28466,Sastry,Monarch,3/27/64,6/30/94,1/1/99,Senior Engineer
28485,Hatem,Valiente,12/31/62,9/21/90,1/1/99,Senior Staff
28488,Uta,Broomell,12/22/63,5/25/94,1/1/99,Engineer
28489,Basant,Montemayor,2/20/63,6/2/98,1/1/99,Staff
28493,Ebbe,Silva,5/13/62,10/11/86,1/1/99,Staff
28502,Thodoros,Azevdeo,12/10/62,12/13/93,1/1/99,Senior Engineer
28508,Moie,Gonthier,7/18/64,8/29/88,1/1/99,Engineer
28513,Waiman,Raney,2/10/64,2/23/99,1/1/99,Senior Engineer
28519,Ipke,Heydon,9/4/62,4/22/90,1/1/99,Senior Staff
28520,Marco,Giarratana,12/20/63,5/25/99,1/1/99,Senior Staff
28524,Yishay,Kropp,12/6/62,5/3/89,1/1/99,Senior Engineer
28532,Sariel,Bugrara,10/11/63,2/13/93,1/1/99,Staff
28534,Zhonghui,Levasseur,12/1/63,5/14/85,1/1/99,Staff
28537,Keung,Luff,6/15/63,1/24/87,1/1/99,Senior Staff
28543,Aimee,Grandbois,9/27/63,9/25/88,1/1/99,Senior Staff
28544,Doohun,Plotkin,3/11/63,5/14/92,1/1/99,Staff
28547,Moon,Bage,1/26/64,4/24/89,1/1/99,Senior Staff
28557,Bluma,Moehrke,6/17/62,9/26/98,1/1/99,Staff
28566,Hyuckchul,Lunt,10/1/63,7/12/87,1/1/99,Staff
28588,Manton,Lyonns,4/16/63,2/10/93,1/1/99,Engineer
28591,Jianwen,Kalsbeek,12/29/64,4/4/97,1/1/99,Senior Staff
28597,Shigehiro,Mateescu,3/17/64,10/25/87,1/1/99,Senior Engineer
28605,Gil,Imataki,6/29/63,12/21/92,1/1/99,Staff
28607,Lorien,Buchter,1/20/63,9/12/93,1/1/99,Senior Staff
28609,Prasadram,Nitto,1/9/64,3/8/98,1/1/99,Engineer
28630,Satyanarayana,Neimat,10/7/63,7/10/96,1/1/99,Engineer
28637,Moto,Kenevan,9/29/63,4/2/88,1/1/99,Senior Staff
28640,Serge,Peir,11/29/63,7/25/92,1/1/99,Senior Staff
28643,Rosine,Schaad,9/18/63,2/3/89,1/1/99,Senior Staff
28644,Marla,Heiserman,6/12/64,3/13/95,1/1/99,Engineer
28649,Koichi,Acton,1/16/63,4/11/97,1/1/99,Senior Staff
28651,Lenore,Kieras,1/11/62,6/16/89,1/1/99,Staff
28663,Toshiki,Shackel,5/12/64,1/14/86,1/1/99,Staff
28664,Mizuhito,Baik,5/2/64,3/2/93,1/1/99,Senior Staff
28666,Cheong,Kusalik,9/4/63,7/18/91,1/1/99,Engineer
28672,Kazuhiro,Brender,10/20/62,1/19/96,1/1/99,Senior Engineer
28675,Taegyun,Karnin,10/22/62,9/30/96,1/1/99,Staff
28678,Zhiguo,Bolsens,1/7/63,7/2/97,1/1/99,Engineer
28679,Janalee,Beerel,10/12/62,9/6/01,1/1/99,Senior Staff
28680,Kristine,Copas,1/2/64,7/22/96,1/1/99,Senior Engineer
28682,Martina,Garnier,11/20/62,1/8/00,1/1/99,Staff
28683,Taegyun,Gonthier,10/15/64,2/11/87,1/1/99,Senior Staff
28690,Spyrose,Yoshizawa,7/27/64,6/21/92,1/1/99,Staff
28691,Ziya,Etalle,3/30/63,1/17/86,1/1/99,Senior Staff
28693,Leni,Merro,5/24/63,12/27/92,1/1/99,Senior Engineer
28704,Manohar,Huhdanpaa,6/24/64,12/11/97,1/1/99,Senior Engineer
28706,Alselm,Hitomi,4/13/62,9/30/85,1/1/99,Senior Staff
28707,Karsten,Bail,12/1/63,3/26/85,1/1/99,Senior Staff
28713,Radoslaw,Jenevein,9/22/62,12/8/86,1/1/99,Senior Staff
28719,Jacopo,Sabnani,3/8/64,5/28/86,1/1/99,Senior Engineer
28729,Marla,Verspoor,12/26/64,9/3/86,1/1/99,Engineer
28733,Arup,Spell,3/14/64,10/10/99,1/1/99,Engineer
28747,Jiang,Etalle,9/27/64,2/7/85,1/1/99,Technique Leader
28749,Paraskevi,Angelopoulos,8/5/64,7/13/85,1/1/99,Senior Engineer
28759,Arup,Linares,5/17/62,6/14/94,1/1/99,Engineer
28762,Bernice,Birnbaum,11/29/64,5/24/98,1/1/99,Engineer
28764,Qunsheng,Luca,7/20/63,10/7/96,1/1/99,Staff
28766,Phuoc,Pulkowski,12/6/63,9/15/85,1/1/99,Senior Staff
28769,Huican,Remmers,10/6/64,11/19/95,1/1/99,Technique Leader
28771,Emdad,Steenbeek,8/2/63,7/6/89,1/1/99,Engineer
28790,Ronghao,Vesel,11/16/62,12/5/96,1/1/99,Staff
28796,Diederik,Crelier,10/6/62,1/2/91,1/1/99,Staff
28801,Kristine,Peltason,1/17/62,7/31/97,1/1/99,Technique Leader
28809,Poornachandra,Serot,4/2/64,7/26/89,1/1/99,Engineer
28810,Yishay,Couchot,8/15/63,4/15/96,1/1/99,Engineer
28829,Valery,Hellwagner,4/15/62,12/29/86,1/1/99,Engineer
28832,Arto,Bednarek,10/13/62,11/23/88,1/1/99,Staff
28839,Mandell,Azuma,6/3/64,6/5/98,1/1/99,Staff
28840,Francesca,Lichtman,1/3/64,1/29/00,1/1/99,Engineer
28849,Youpyo,Tsukune,2/4/62,1/22/91,1/1/99,Senior Staff
28850,Malu,Motley,3/7/64,2/7/87,1/1/99,Senior Engineer
28856,Aruna,Soloway,5/15/62,6/25/95,1/1/99,Staff
28860,Ioana,Birjandi,8/6/62,12/31/00,1/1/99,Senior Staff
28870,Chikara,Birnbaum,11/3/63,5/3/96,1/1/99,Senior Engineer
28877,Constantine,Cronau,8/18/62,7/10/93,1/1/99,Senior Engineer
28879,Nahla,Baca,7/25/63,1/5/96,1/1/99,Senior Engineer
28901,Mingsen,Shiratori,11/23/64,12/11/99,1/1/99,Assistant Engineer
28914,Hausi,Paludetto,2/2/63,9/27/98,1/1/99,Technique Leader
28917,Hatim,Waleschkowski,5/21/64,5/15/94,1/1/99,Engineer
28920,Froduald,Gist,2/15/63,1/31/96,1/1/99,Staff
28926,Nikolaos,Keustermans,8/19/62,8/1/98,1/1/99,Engineer
28931,Fun,Melton,8/19/64,6/28/90,1/1/99,Engineer
28936,Stein,Horswill,12/18/64,6/8/86,1/1/99,Senior Staff
28940,Ugo,Lorie,3/25/62,3/22/94,1/1/99,Technique Leader
28948,Zhanqiu,Atchley,3/31/64,4/23/92,1/1/99,Senior Staff
28950,Yakichi,Maierhofer,6/27/62,5/7/97,1/1/99,Staff
28953,Persi,Menhardt,5/8/62,9/8/86,1/1/99,Staff
28961,Alois,Panienski,4/25/63,12/20/98,1/1/99,Engineer
28963,Luisa,Vidya,2/7/64,6/9/97,1/1/99,Staff
28964,Djelloul,Cannard,10/22/63,3/6/02,1/1/99,Staff
28970,Chanjung,Iisaka,6/15/62,9/29/91,1/1/99,Technique Leader
28974,Chenxi,Sundgren,1/9/65,9/2/86,1/1/99,Senior Engineer
28979,Hironobu,Candan,2/15/64,10/15/88,1/1/99,Senior Staff
28984,Mitchel,Wixon,9/26/63,7/10/90,1/1/99,Engineer
28988,Tua,Giveon,1/18/65,9/9/98,1/1/99,Technique Leader
28989,Gadiel,Gips,10/24/64,12/21/98,1/1/99,Senior Engineer
28998,Ennio,Khasidashvili,9/28/63,9/12/95,1/1/99,Senior Engineer
28999,Alassane,Raczkowsky,1/14/63,3/23/00,1/1/99,Engineer
29002,Chinya,Zaiane,6/1/62,9/17/99,1/1/99,Senior Staff
29006,Masako,Klerer,1/12/63,3/31/93,1/1/99,Technique Leader
29007,Mihalis,Sinicrope,2/25/63,11/7/99,1/1/99,Technique Leader
29012,Kauko,Lalonde,8/9/62,3/4/96,1/1/99,Engineer
29037,Pascal,Lunt,4/22/63,11/24/88,1/1/99,Engineer
29041,JoAnne,Vakili,10/19/63,1/20/97,1/1/99,Engineer
29049,Sampalli,Armand,4/21/62,6/30/96,1/1/99,Senior Engineer
29051,Ibibia,Herbst,4/16/62,9/9/92,1/1/99,Technique Leader
29066,Lubomir,Farrag,9/13/62,4/27/99,1/1/99,Staff
29068,Vitaly,Lindqvist,9/4/62,10/18/85,1/1/99,Senior Engineer
29072,Dines,Msuda,11/24/64,2/6/91,1/1/99,Senior Staff
29085,Berni,Wegerle,9/2/62,3/26/86,1/1/99,Senior Engineer
29086,Vasilis,Smeets,10/9/64,11/20/91,1/1/99,Staff
29091,Yongqiao,Motley,11/19/62,9/13/97,1/1/99,Senior Staff
29096,Mori,Cronan,2/18/64,8/28/94,1/1/99,Engineer
29106,Mabry,Roison,12/8/62,1/21/92,1/1/99,Senior Engineer
29115,Shiv,Furedi,10/20/64,11/13/87,1/1/99,Senior Engineer
29117,Vidar,Journel,11/6/64,6/28/93,1/1/99,Senior Staff
29130,Xumin,Thorensen,1/6/65,4/26/98,1/1/99,Staff
29139,Eldridge,Merli,10/24/64,1/4/88,1/1/99,Senior Staff
29140,Valter,Uludag,8/4/64,12/20/95,1/1/99,Staff
29144,Nikolaus,Pileggi,6/3/63,12/11/88,1/1/99,Assistant Engineer
29148,Abdelghani,Sullins,6/19/64,9/29/91,1/1/99,Engineer
29150,Olivera,Ouhyoung,2/5/64,6/13/86,1/1/99,Staff
29152,Poorav,Randt,11/15/62,7/29/99,1/1/99,Assistant Engineer
29154,Jouko,Yetto,9/11/63,6/29/98,1/1/99,Engineer
29157,Jinxi,Prampolini,2/5/64,7/13/00,1/1/99,Assistant Engineer
29163,Krassimir,Heijenga,9/16/62,5/2/93,1/1/99,Assistant Engineer
29165,Dannz,Talmon,5/20/63,5/15/96,1/1/99,Senior Engineer
29166,Tonny,Maierhofer,8/23/64,4/3/90,1/1/99,Senior Staff
29172,Dines,Comte,9/5/63,6/27/86,1/1/99,Senior Staff
29181,Hisao,Mamelak,11/23/64,8/2/95,1/1/99,Engineer
29186,Dannz,Waymire,8/14/64,2/5/86,1/1/99,Staff
29193,Toshimori,Porotnikoff,7/6/64,8/29/91,1/1/99,Senior Engineer
29196,Werner,Chinin,1/15/64,10/6/96,1/1/99,Staff
29213,Izaskun,Gustavson,12/23/64,6/25/95,1/1/99,Staff
29219,Subir,Hellwagner,9/10/64,9/3/97,1/1/99,Engineer
29221,Xinyu,Schiper,7/11/63,5/12/91,1/1/99,Senior Staff
29225,Hyuckchul,Kropatsch,6/20/63,4/30/96,1/1/99,Engineer
29231,Van,Sury,6/22/63,6/15/92,1/1/99,Senior Staff
29235,Ennio,Papastamatiou,5/19/64,7/18/87,1/1/99,Senior Staff
29246,Kiyokazu,Stafford,3/8/63,3/30/97,1/1/99,Staff
29258,Georgi,Radhakrishnan,1/23/64,5/14/88,1/1/99,Staff
29260,Uinam,Karcich,9/29/62,3/19/87,1/1/99,Engineer
29264,Seongbin,Wroclawski,6/2/64,4/5/97,1/1/99,Senior Engineer
29265,Gilbert,Calkin,1/14/65,3/21/88,1/1/99,Staff
29268,Jianhui,Neiman,6/16/64,9/22/98,1/1/99,Staff
29274,Sariel,Hebden,2/28/64,3/26/91,1/1/99,Senior Engineer
29275,Subhash,Ishibashi,12/31/63,12/9/89,1/1/99,Engineer
29277,Paddy,Chimia,12/21/64,4/28/85,1/1/99,Senior Engineer
29278,Krister,Encarnacion,4/8/64,3/13/92,1/1/99,Engineer
29279,Jiong,Penz,5/9/63,9/14/98,1/1/99,Engineer
29283,Mohan,Benner,6/13/64,12/23/97,1/1/99,Staff
29287,Yishai,Impagliazzo,9/21/64,6/20/87,1/1/99,Senior Staff
29288,Raimond,Schieder,11/2/63,4/3/88,1/1/99,Senior Engineer
29292,Magy,Botman,1/10/64,2/13/94,1/1/99,Senior Staff
29298,Sergi,Unno,12/8/63,5/26/85,1/1/99,Senior Staff
29300,Adamantios,Escriba,4/17/62,9/9/86,1/1/99,Senior Staff
29303,Kazuhito,Kroha,7/23/62,7/6/93,1/1/99,Senior Engineer
29304,Otilia,Benantar,7/3/63,11/2/90,1/1/99,Senior Staff
29306,Perla,Akazan,12/26/63,7/4/89,1/1/99,Staff
29307,Aleksander,Dulin,10/15/62,5/9/88,1/1/99,Senior Engineer
29315,Janche,Edelhoff,12/15/62,2/28/99,1/1/99,Staff
29327,Jouko,Bernardeschi,11/14/64,11/20/98,1/1/99,Staff
29333,Gretta,Fritzsche,5/18/63,5/18/87,1/1/99,Senior Staff
29336,Keiichiro,Foong,3/23/63,11/14/96,1/1/99,Engineer
29337,Yuguang,Michaels,5/15/64,5/12/90,1/1/99,Engineer
29341,Douadi,Biros,3/20/64,1/22/96,1/1/99,Senior Staff
29346,Rimon,Kolvik,12/10/62,6/4/91,1/1/99,Staff
29351,Pascal,Marzano,8/12/63,7/28/89,1/1/99,Senior Engineer
29358,Kolar,Nishimukai,5/2/62,1/27/98,1/1/99,Engineer
29360,Mechthild,Yamaashi,8/12/63,12/31/91,1/1/99,Engineer
29369,Danil,Hempstead,1/6/64,11/7/96,1/1/99,Engineer
29374,Tadahiro,Zweizig,8/8/63,3/31/96,1/1/99,Engineer
29375,Mohammed,Cmelik,7/16/64,4/15/98,1/1/99,Staff
29380,Satoru,Vidal,1/30/65,5/2/98,1/1/99,Assistant Engineer
29388,Anwar,Delaune,7/9/64,4/29/89,1/1/99,Staff
29394,Lihong,Kawashimo,7/3/63,10/20/92,1/1/99,Engineer
29400,Divier,Collavizza,6/1/64,8/3/95,1/1/99,Senior Engineer
29402,Mariangiola,Quittner,3/15/63,9/16/94,1/1/99,Technique Leader
29405,Poornachandra,Viele,3/20/64,9/4/95,1/1/99,Staff
29413,Basem,Highland,8/4/62,11/20/92,1/1/99,Senior Staff
29416,Dietrich,Butterworth,10/11/64,4/10/85,1/1/99,Senior Engineer
29418,Valery,Mersereau,1/22/65,7/1/98,1/1/99,Assistant Engineer
29421,Chanjung,Guerreiro,5/5/64,10/12/90,1/1/99,Assistant Engineer
29426,Ranga,Wallrath,6/1/62,8/28/95,1/1/99,Engineer
29433,Ranga,Avouris,5/8/64,8/23/92,1/1/99,Engineer
29440,Gad,Gubsky,10/5/64,11/13/93,1/1/99,Engineer
29461,Shridhar,Krychniak,1/23/62,8/17/93,1/1/99,Engineer
29464,Boaz,Garnier,8/11/62,1/10/97,1/1/99,Senior Staff
29467,Wayne,Mansanne,7/2/64,9/19/96,1/1/99,Senior Staff
29473,Lansing,Falby,8/18/64,8/15/01,1/1/99,Staff
29481,Yechiam,Kropp,1/31/64,3/27/93,1/1/99,Engineer
29493,Brewster,Heering,3/7/63,1/25/96,1/1/99,Staff
29498,DAIDA,Furudate,3/20/62,5/17/92,1/1/99,Engineer
29503,Anoosh,Camurati,12/19/63,7/16/94,1/1/99,Senior Staff
29505,Guangming,Braccini,3/28/64,7/24/98,1/1/99,Staff
29525,Spyrose,Zirintsis,10/10/62,5/31/89,1/1/99,Senior Engineer
29530,Juichirou,Demian,7/8/63,5/23/87,1/1/99,Engineer
29532,Adhemar,Parfitt,4/1/62,8/1/98,1/1/99,Senior Engineer
29533,Fumitaka,Cappelletti,3/28/64,3/20/94,1/1/99,Staff
29535,Val,Kropp,5/27/64,12/26/93,1/1/99,Senior Staff
29538,Hidekazu,Flanders,3/12/64,8/18/98,1/1/99,Staff
29543,Collette,Schwartzbauer,8/21/62,4/15/85,1/1/99,Senior Engineer
29544,Kerryn,Onuegbe,3/11/64,7/2/99,1/1/99,Engineer
29546,Jiang,Erva,8/23/64,5/22/93,1/1/99,Senior Engineer
29549,Sudhanshu,Pavlopoulou,5/22/63,7/3/85,1/1/99,Senior Staff
29555,Masadi,Baalen,4/28/63,11/28/98,1/1/99,Staff
29560,Hisao,Mundy,7/31/64,5/1/93,1/1/99,Engineer
29571,Youngkon,Bardell,2/24/63,6/8/86,1/1/99,Senior Staff
29572,Yoshinari,Zielinski,12/29/63,3/21/85,1/1/99,Senior Staff
29584,Pranjal,Awdeh,1/27/64,7/9/97,1/1/99,Engineer
29591,Shuji,Frijda,7/26/63,10/10/86,1/1/99,Senior Engineer
29600,Nimmagadda,Meriste,2/16/64,8/10/95,1/1/99,Staff
29607,Rayond,Gluchowski,2/6/63,11/10/91,1/1/99,Staff
29608,Zita,Erez,6/23/62,8/20/88,1/1/99,Senior Engineer
29613,Gudjon,Zhang,9/16/62,12/19/98,1/1/99,Engineer
29620,Persi,Rajaraman,8/22/64,2/17/88,1/1/99,Senior Engineer
29642,Gopalakrishnan,Conta,1/11/64,5/10/91,1/1/99,Senior Staff
29643,Yishay,Staelin,10/3/62,2/17/85,1/1/99,Engineer
29665,Mayuko,Waterhouse,11/6/63,1/6/94,1/1/99,Engineer
29679,Kolar,Steenbeek,1/17/65,10/18/86,1/1/99,Senior Engineer
29680,Cathie,Yamaashi,8/22/63,3/26/96,1/1/99,Staff
29686,Jiafu,Lovengreen,10/14/64,3/26/98,1/1/99,Staff
29688,Nikolaos,Luke,12/29/63,12/12/90,1/1/99,Senior Engineer
29691,Guadalupe,Gargeya,3/4/63,7/8/98,1/1/99,Senior Engineer
29694,Vivian,Demeyer,3/6/63,5/8/91,1/1/99,Engineer
29695,Gunilla,Kushnir,6/7/63,6/15/89,1/1/99,Senior Staff
29707,Anneke,Biron,4/28/64,11/1/86,1/1/99,Assistant Engineer
29708,Sachar,Undy,5/7/62,9/11/89,1/1/99,Engineer
29709,Souichi,Streng,11/24/63,3/23/96,1/1/99,Staff
29711,Mong,Baar,5/24/62,1/16/96,1/1/99,Engineer
29732,Richard,Nicolson,1/14/64,6/18/87,1/1/99,Senior Staff
29737,Udaiprakash,Suessmith,3/20/63,12/24/87,1/1/99,Senior Staff
29742,Randy,Bridgland,10/26/63,4/4/95,1/1/99,Engineer
29743,Petter,Braunmuhl,9/29/62,7/20/86,1/1/99,Senior Engineer
29752,Basil,Strooper,7/20/63,1/17/95,1/1/99,Senior Staff
29764,Foong,Stranks,10/23/63,9/27/93,1/1/99,Staff
29770,Prodip,Petersohn,7/9/62,1/2/92,1/1/99,Senior Staff
29776,Mizuhito,Wrigley,5/1/63,8/16/86,1/1/99,Technique Leader
29778,Gil,Cannane,2/11/64,4/25/96,1/1/99,Staff
29779,Gudjon,Katzenelson,1/20/64,6/15/88,1/1/99,Senior Staff
29781,Chinho,Brookner,8/16/62,11/28/93,1/1/99,Senior Engineer
29782,Jouko,Hellwagner,1/29/65,10/23/00,1/1/99,Senior Engineer
29783,Yakkov,Penn,5/14/63,11/10/90,1/1/99,Engineer
29793,Behnaam,Trumbly,4/27/62,10/13/85,1/1/99,Senior Staff
29801,Rosine,Kornyak,10/13/64,4/4/89,1/1/99,Senior Staff
29818,Szabolcs,Fontet,5/13/64,8/22/90,1/1/99,Senior Staff
29820,Nidapan,Segond,11/5/64,10/15/89,1/1/99,Senior Staff
29821,Doowon,Erman,7/24/64,8/1/87,1/1/99,Engineer
29840,Adhemar,Covnot,12/2/63,2/23/96,1/1/99,Technique Leader
29844,Yinlin,Veevers,9/8/62,11/29/95,1/1/99,Senior Engineer
29847,Yolla,Cooke,12/13/62,11/17/99,1/1/99,Technique Leader
29852,Chinya,Lammel,7/31/63,4/19/86,1/1/99,Senior Engineer
29857,Stein,Lichtner,11/18/63,8/13/87,1/1/99,Senior Staff
29858,Atreyi,Trelles,1/25/64,8/17/85,1/1/99,Senior Engineer
29883,Toney,Cronan,2/21/64,10/15/85,1/1/99,Staff
29884,Masali,Denti,11/11/63,1/1/93,1/1/99,Senior Staff
29888,Mostafa,Veeraraghavan,6/1/64,11/30/88,1/1/99,Engineer
29889,Aksel,Codenie,4/12/64,2/19/96,1/1/99,Engineer
29891,Xuejia,Dayang,9/28/63,2/1/98,1/1/99,Engineer
29893,Ayakannu,Sichman,1/7/64,12/11/87,1/1/99,Technique Leader
29906,Mostafa,Yoshimura,4/11/63,2/17/85,1/1/99,Engineer
29928,Hatsukazu,Perry,5/26/62,9/2/91,1/1/99,Senior Staff
29932,Babette,Eldridge,1/1/64,6/18/92,1/1/99,Technique Leader
29937,Lorien,Verhaegen,10/20/63,2/8/85,1/1/99,Senior Staff
29943,Olivera,Jording,1/12/62,6/3/91,1/1/99,Senior Engineer
29944,Gopalakrishnan,Karlin,9/3/63,2/13/93,1/1/99,Staff
29954,Pranay,Giarratana,1/27/65,9/29/92,1/1/99,Senior Engineer
29957,Nathan,Murtafg,1/31/64,2/25/90,1/1/99,Engineer
29958,Arfst,Veccia,2/27/63,9/21/90,1/1/99,Staff
29964,Jolita,Sadowski,7/11/62,11/5/87,1/1/99,Senior Staff
29966,Jianwen,Perna,9/18/64,10/26/96,1/1/99,Staff
29967,Oddvar,Terwilliger,5/3/62,9/16/98,1/1/99,Staff
29984,Zdislav,Butterworth,1/10/62,10/23/95,1/1/99,Staff
29986,Stamatina,Bugaenko,1/23/63,11/3/89,1/1/99,Senior Staff
30007,Kousuke,Vecchio,1/24/65,2/23/90,1/1/99,Senior Engineer
30009,Georg,Terekhov,6/23/63,5/3/86,1/1/99,Technique Leader
30010,Pramod,Marrakchi,3/27/63,1/9/91,1/1/99,Senior Staff
30017,Rasikan,Usdin,6/9/64,2/24/87,1/1/99,Staff
30027,Narain,Tetzlaff,5/17/63,9/17/85,1/1/99,Senior Staff
30031,Duro,Mondadori,8/13/64,1/3/99,1/1/99,Engineer
30035,Tetsushi,Conta,1/8/65,7/4/95,1/1/99,Senior Staff
30037,Sergi,Stamatiou,5/3/64,10/10/97,1/1/99,Staff
30042,Hercules,Pena,2/3/63,3/22/88,1/1/99,Senior Engineer
30045,Rosine,Kranzdorf,1/20/64,8/27/96,1/1/99,Senior Engineer
30048,Jayson,Speer,8/1/62,1/29/89,1/1/99,Senior Engineer
30064,Tomofumi,Bruckman,2/15/63,11/27/97,1/1/99,Engineer
30079,Teunis,Comellas,6/2/63,11/8/99,1/1/99,Engineer
30098,Khedija,Dengi,3/12/63,2/9/89,1/1/99,Senior Staff
30099,Ortrud,Siegrist,5/7/62,7/15/90,1/1/99,Engineer
30112,Shir,Bruckman,2/4/63,2/19/85,1/1/99,Staff
30113,Sanjiv,Malinowski,10/30/62,11/13/97,1/1/99,Staff
30116,Anneli,Bruckman,2/27/64,4/23/99,1/1/99,Staff
30117,Suebskul,Mungall,10/19/64,1/29/89,1/1/99,Senior Staff
30122,Chenyi,McDermid,11/10/63,9/13/97,1/1/99,Engineer
30126,Jacopo,Mungall,1/20/62,6/24/95,1/1/99,Engineer
30128,Selwyn,Jansch,6/29/62,7/13/93,1/1/99,Senior Staff
30134,Ghassan,Narahari,11/9/63,2/8/94,1/1/99,Engineer
30135,Salvador,Bonifati,7/9/63,1/12/92,1/1/99,Senior Engineer
30137,Padma,Stroustrup,10/4/62,8/8/88,1/1/99,Engineer
30142,Larisa,Coney,1/4/63,1/7/91,1/1/99,Senior Engineer
30146,Chikako,Cardazo,1/5/63,9/27/85,1/1/99,Engineer
30154,Mayuko,Skafidas,1/26/65,4/19/99,1/1/99,Technique Leader
30156,Guenter,Wegerle,4/30/64,4/11/89,1/1/99,Assistant Engineer
30159,Shem,Rosaz,11/29/62,6/24/95,1/1/99,Staff
30164,Sreekrishna,Klyachko,12/2/64,10/1/99,1/1/99,Engineer
30168,Odysseas,Dredge,9/25/62,3/5/86,1/1/99,Engineer
30182,Leon,Potthoff,1/26/65,12/8/85,1/1/99,Senior Engineer
30183,Dietrich,Highland,2/7/63,3/27/93,1/1/99,Engineer
30194,Khun,Hellwagner,10/17/63,12/17/86,1/1/99,Senior Engineer
30195,Arumugam,Qiwen,3/6/63,1/20/97,1/1/99,Assistant Engineer
30196,Sven,Erva,12/15/63,12/29/93,1/1/99,Staff
30207,Zhenbing,Levergood,4/30/64,5/30/98,1/1/99,Engineer
30224,Ewing,Morrin,9/23/62,5/16/96,1/1/99,Staff
30245,Niranjan,Valtorta,7/9/64,5/24/92,1/1/99,Staff
30249,Aran,Bridgland,1/15/63,3/31/85,1/1/99,Engineer
30250,Chiradeep,Cesareni,3/29/62,11/15/85,1/1/99,Senior Engineer
30255,Ronghao,Desikan,7/12/64,2/13/99,1/1/99,Staff
30256,Yonghong,Codenie,9/28/62,3/20/95,1/1/99,Staff
30257,Sushant,Kamble,2/14/63,2/23/88,1/1/99,Engineer
30267,Kristof,Liedekerke,4/12/63,8/7/93,1/1/99,Senior Staff
30277,Divier,Sinicrope,12/22/62,10/31/89,1/1/99,Senior Staff
30284,Mara,Boguraev,7/11/64,2/19/90,1/1/99,Senior Engineer
30296,Xumin,Strandh,4/22/63,11/20/91,1/1/99,Senior Staff
30323,Martien,Pavlopoulou,7/4/62,6/10/85,1/1/99,Engineer
30326,Sanjai,Perko,5/6/64,9/27/85,1/1/99,Engineer
30328,Gino,Farrow,11/25/64,8/24/91,1/1/99,Engineer
30336,Marjo,Gubsky,8/29/62,7/22/94,1/1/99,Senior Staff
30343,Valeri,Coors,12/26/62,4/4/99,1/1/99,Staff
30345,Alper,Schaad,4/5/64,10/15/89,1/1/99,Engineer
30366,Horward,Thibadeau,2/22/62,4/24/99,1/1/99,Engineer
30367,Kerryn,Mitchem,10/9/63,6/5/89,1/1/99,Senior Staff
30370,Kaijung,Landherr,4/14/62,4/30/98,1/1/99,Engineer
30377,Shmuel,Khasidashvili,12/28/63,9/18/91,1/1/99,Engineer
30379,Stabislas,Puppo,12/26/62,3/12/95,1/1/99,Staff
30382,Jamaludin,Krider,10/29/62,6/27/85,1/1/99,Engineer
30383,Sverrir,Gist,12/9/62,7/4/85,1/1/99,Staff
30388,Gregory,Gente,7/28/62,3/18/94,1/1/99,Senior Engineer
30389,Conrado,Marwedel,10/7/64,1/17/89,1/1/99,Staff
30391,Brendon,Junot,5/5/62,12/14/90,1/1/99,Technique Leader
30393,Gita,Samarati,6/7/62,8/7/93,1/1/99,Staff
30395,Miyeon,Poujol,1/4/64,12/25/95,1/1/99,Senior Engineer
30400,Kannan,Mukaidono,10/1/62,6/2/93,1/1/99,Staff
30405,Anneli,Herbst,9/21/62,6/22/95,1/1/99,Senior Staff
30412,Yurii,Roohalamini,11/1/62,9/2/95,1/1/99,Senior Staff
30413,Sangeeta,Crelier,9/23/63,10/16/97,1/1/99,Engineer
30415,Dinah,Lowrie,8/4/63,10/14/98,1/1/99,Engineer
30416,Herb,Fairtlough,3/2/63,5/9/91,1/1/99,Senior Staff
30420,Niteen,Hmelo,6/19/64,11/29/95,1/1/99,Engineer
30421,Arch,Llado,6/28/64,11/26/87,1/1/99,Senior Engineer
30429,Eirik,Fadgyas,9/25/62,4/5/93,1/1/99,Engineer
30458,Serap,Maraist,1/3/62,3/30/91,1/1/99,Staff
30459,Alejandro,Stamatiou,5/25/62,8/21/91,1/1/99,Senior Engineer
30461,Badri,Jervis,1/16/62,9/12/91,1/1/99,Staff
30464,Kerryn,Billingsley,4/1/64,8/20/01,1/1/99,Technique Leader
30465,Randi,Avouris,1/28/65,7/16/86,1/1/99,Engineer
30469,Fai,Baek,2/26/63,10/29/96,1/1/99,Staff
30471,Chirstian,Selvestrel,5/31/63,10/19/85,1/1/99,Senior Engineer
30477,Sachio,Gerlach,4/20/64,12/11/93,1/1/99,Staff
30481,Shin,Miculan,1/18/62,2/23/95,1/1/99,Senior Engineer
30484,Sailaja,Chvatal,1/11/65,5/18/99,1/1/99,Staff
30487,Emdad,Crelier,5/31/63,8/24/95,1/1/99,Technique Leader
30490,Shir,Wursthorn,9/30/63,11/19/96,1/1/99,Senior Staff
30502,Hitofumi,Borovoy,6/27/62,3/22/85,1/1/99,Senior Staff
30504,Mantis,Daescu,2/2/64,1/22/92,1/1/99,Senior Engineer
30518,Eran,Mandelberg,2/28/62,10/24/96,1/1/99,Staff
30526,Yinlin,Schurmann,11/13/63,8/3/91,1/1/99,Senior Engineer
30536,Bezalel,Beerel,11/29/63,6/11/88,1/1/99,Senior Engineer
30538,Matk,Thisen,4/26/63,5/12/93,1/1/99,Senior Engineer
30539,Alassane,Swen,5/29/63,2/12/95,1/1/99,Staff
30541,Juyoung,Varman,9/3/63,4/9/91,1/1/99,Senior Engineer
30543,Yishay,Fontet,4/21/62,2/22/85,1/1/99,Senior Engineer
30544,Fumiya,Worfolk,8/10/62,6/21/99,1/1/99,Staff
30545,Marin,Schach,12/21/63,8/11/85,1/1/99,Senior Staff
30551,Souichi,Breugel,2/10/63,10/30/95,1/1/99,Staff
30566,Morrie,Eickenmeyer,6/6/64,2/28/91,1/1/99,Senior Staff
30568,Eldridge,Lodder,1/14/62,11/8/96,1/1/99,Staff
30574,Guiseppe,Bresenham,10/19/63,9/5/86,1/1/99,Engineer
30579,Chriss,Androutsos,2/25/63,8/17/96,1/1/99,Staff
30584,Anneli,Gornas,9/13/64,12/14/86,1/1/99,Engineer
30591,Zijian,Ambroszkiewicz,11/26/63,6/23/97,1/1/99,Staff
30594,Hitomi,Picel,2/12/62,8/1/96,1/1/99,Staff
30595,Kazuhira,Rohrbach,11/30/64,2/28/94,1/1/99,Staff
30597,Sadun,Hutton,3/29/64,4/10/86,1/1/99,Senior Staff
30603,Gal,Kleiser,5/29/64,8/16/98,1/1/99,Engineer
30605,Bingning,Gelosh,4/26/64,7/15/92,1/1/99,Staff
30619,Jianhua,Dengi,10/25/63,1/11/86,1/1/99,Engineer
30625,Margo,Mattern,4/22/62,1/2/95,1/1/99,Senior Engineer
30628,Hidekazu,Gerlach,1/13/63,10/24/85,1/1/99,Senior Staff
30631,Arfst,Demeyer,1/28/64,3/12/99,1/1/99,Senior Staff
30638,Ioana,Kamber,5/22/62,12/15/90,1/1/99,Staff
30650,Achilleas,Radwan,5/29/64,7/15/92,1/1/99,Staff
30654,Tremaine,Porotnikoff,2/3/63,10/19/88,1/1/99,Senior Engineer
30660,Wonhee,Schrift,7/11/63,5/20/89,1/1/99,Senior Engineer
30669,Toshimi,Rosiles,6/28/64,7/23/86,1/1/99,Senior Staff
30675,Toshiki,Speckmann,8/5/64,8/22/88,1/1/99,Assistant Engineer
30681,Bernice,Baak,9/14/64,11/15/94,1/1/99,Senior Staff
30684,Licheng,Liedekerke,7/10/62,7/29/85,1/1/99,Engineer
30688,Richard,Eldridge,4/20/62,5/29/98,1/1/99,Engineer
30695,Gudjon,Majewski,1/8/65,10/26/99,1/1/99,Senior Engineer
30700,Rosine,Bahl,10/26/62,8/11/88,1/1/99,Senior Staff
30704,Otilia,Wiegley,8/22/64,8/17/88,1/1/99,Senior Engineer
30707,Gill,Luck,1/7/63,9/10/88,1/1/99,Staff
30709,Keung,Oppitz,10/8/63,11/4/95,1/1/99,Senior Engineer
30710,Aamer,Crabtree,2/7/62,10/6/91,1/1/99,Senior Engineer
30718,Arvind,Zeilberger,8/9/64,9/27/97,1/1/99,Staff
30720,Arun,Ushiama,5/5/62,4/23/89,1/1/99,Senior Engineer
30726,Sumali,Sigstam,3/11/62,5/18/97,1/1/99,Engineer
30729,Munehiro,Templeman,7/4/64,2/2/94,1/1/99,Engineer
30732,Uriel,Strehl,4/5/64,1/3/02,1/1/99,Staff
30735,Naftaly,Taneja,6/30/62,10/28/85,1/1/99,Senior Engineer
30750,Trygve,Angel,12/1/64,6/8/95,1/1/99,Staff
30755,Denny,Trystram,6/18/62,8/5/94,1/1/99,Engineer
30759,Rafols,Mapelli,12/7/63,11/14/88,1/1/99,Engineer
30771,Noritoshi,Buescher,8/13/64,5/11/97,1/1/99,Engineer
30773,Otilia,Greenaway,7/27/63,7/30/88,1/1/99,Senior Staff
30779,Junichi,Mansanne,8/29/62,5/22/95,1/1/99,Engineer
30790,Boriana,Burnard,1/7/63,1/22/98,1/1/99,Staff
30797,Jeane,Hebert,1/24/62,4/22/89,1/1/99,Staff
30798,Prasadram,Rullman,6/4/62,8/12/87,1/1/99,Staff
30799,Masali,Cusworth,11/22/63,4/11/96,1/1/99,Staff
30812,Guozhong,Ballarin,2/28/64,9/19/91,1/1/99,Senior Engineer
30813,Weiwu,Scallan,9/27/63,10/31/96,1/1/99,Engineer
30816,Pintsang,Gilg,5/1/64,11/26/87,1/1/99,Technique Leader
30818,Sanjit,Rubsam,1/27/62,3/26/98,1/1/99,Staff
30822,Divine,Woycyznski,9/6/64,3/10/89,1/1/99,Senior Staff
30823,Francoise,Cooley,3/2/64,7/19/02,1/1/99,Engineer
30827,Lene,Miculan,6/26/62,1/8/97,1/1/99,Engineer
30839,Ute,Imataki,1/25/64,1/6/90,1/1/99,Senior Staff
30841,Holgard,Dulay,4/3/64,9/4/99,1/1/99,Senior Staff
30847,Arno,Billingsley,4/1/63,7/17/87,1/1/99,Senior Staff
30848,Valeska,Baez,1/22/63,8/14/96,1/1/99,Senior Staff
30850,Wayne,Zhiwei,1/3/64,3/19/92,1/1/99,Senior Engineer
30852,Chenye,Giarratana,6/30/62,7/17/85,1/1/99,Senior Engineer
30855,Emran,Senzako,6/20/62,3/10/91,1/1/99,Senior Engineer
30860,Karlis,Mapelli,10/13/62,6/26/85,1/1/99,Senior Staff
30863,Hugo,Perna,2/5/62,11/25/97,1/1/99,Staff
30866,Baocai,Wursthorn,2/19/62,6/28/98,1/1/99,Engineer
30868,Heon,Docker,11/26/62,7/12/88,1/1/99,Senior Engineer
30869,Dannz,Gladwell,10/16/64,4/14/90,1/1/99,Senior Engineer
30870,Foong,Stenning,10/11/63,6/21/97,1/1/99,Senior Staff
30876,Arve,Cannard,2/26/63,12/10/96,1/1/99,Staff
30878,Gennadi,Demizu,4/14/64,9/3/87,1/1/99,Assistant Engineer
30881,Eric,Glowinski,10/25/64,10/19/00,1/1/99,Staff
30890,Yinghua,Menhardt,9/21/64,7/5/97,1/1/99,Engineer
30894,Kristian,Turnbull,1/6/62,2/19/87,1/1/99,Staff
30901,Pramod,Rossi,5/16/63,11/19/00,1/1/99,Engineer
30904,Fen,Tchuente,9/21/63,9/9/88,1/1/99,Senior Staff
30909,Renee,Vanwelkenhuysen,6/30/63,11/3/01,1/1/99,Staff
30911,Mayuko,Stenning,5/30/63,6/21/97,1/1/99,Engineer
30917,Theirry,Nooteboom,8/1/62,7/6/95,1/1/99,Senior Engineer
30918,Panayotis,Christ,10/20/62,11/12/01,1/1/99,Staff
30920,Niteen,Gini,3/14/62,5/2/85,1/1/99,Senior Engineer
30925,Randi,Vandervoorde,7/21/62,12/10/91,1/1/99,Staff
30927,Kristen,Coullard,5/17/63,5/26/01,1/1/99,Staff
30928,Arun,Suppi,6/1/62,9/10/91,1/1/99,Senior Staff
30929,Alenka,Puppo,7/17/64,8/31/94,1/1/99,Engineer
30932,Moni,Esposito,10/30/62,11/29/93,1/1/99,Senior Staff
30934,Kensei,Rossi,3/26/63,7/1/88,1/1/99,Senior Engineer
30938,Yakkov,Samarati,1/6/65,10/10/97,1/1/99,Staff
30945,Conal,Tramer,5/14/64,12/16/98,1/1/99,Staff
30946,Adit,Penttonen,7/21/64,7/6/87,1/1/99,Staff
30954,Keung,Hutter,7/14/63,3/1/90,1/1/99,Engineer
30974,Yunming,Anily,9/7/62,3/5/86,1/1/99,Senior Staff
30975,Kwok,Chandrasekhar,11/4/62,4/20/85,1/1/99,Senior Staff
30977,JiYoung,Warwick,8/4/64,4/23/98,1/1/99,Senior Staff
30986,Kensei,Matzke,10/20/62,3/14/00,1/1/99,Staff
30995,Richara,Renear,9/29/64,2/2/88,1/1/99,Engineer
30997,Zhonghua,Cummings,8/21/64,6/2/89,1/1/99,Engineer
31003,Odoardo,Karunanithi,4/15/64,7/11/96,1/1/99,Senior Staff
31009,Achilleas,Birge,8/18/63,9/23/88,1/1/99,Senior Engineer
31013,Ohad,Covnot,3/11/62,1/30/86,1/1/99,Staff
31039,Marko,Hiraishi,9/19/64,12/7/94,1/1/99,Engineer
31048,Randy,Majewski,6/12/62,8/18/88,1/1/99,Engineer
31056,Divine,Comellas,7/23/62,4/26/93,1/1/99,Senior Staff
31057,Halsur,Wixon,8/7/63,3/9/95,1/1/99,Staff
31061,Irene,Flowers,8/27/64,6/7/96,1/1/99,Senior Engineer
31069,Mingzeng,Mukaidono,11/9/63,4/26/99,1/1/99,Staff
31074,Sigeru,Luck,5/28/64,10/4/97,1/1/99,Staff
31076,Manu,Puoti,1/1/63,7/11/92,1/1/99,Senior Staff
31078,Aram,Schneeberger,3/19/63,8/31/85,1/1/99,Engineer
31080,Basem,Setia,8/14/64,8/20/89,1/1/99,Senior Staff
31096,Maria,Randt,4/17/62,8/23/96,1/1/99,Assistant Engineer
31099,Suvo,Grandbois,8/12/63,5/22/91,1/1/99,Senior Engineer
31100,Mostafa,Monkewich,4/3/63,7/22/95,1/1/99,Senior Staff
31101,Kankanahalli,Cochrane,8/20/64,10/2/95,1/1/99,Senior Staff
31107,Fai,Facello,10/13/62,2/3/96,1/1/99,Staff
31108,Nagui,Polupanov,8/5/63,9/29/91,1/1/99,Staff
31109,Kankanahalli,Mersereau,7/17/62,4/5/88,1/1/99,Senior Staff
31110,Emdad,Binding,6/29/64,6/7/97,1/1/99,Staff
31134,Persi,Schlumberger,12/7/63,12/31/90,1/1/99,Senior Engineer
31137,Yolla,Ratnaker,11/15/64,11/25/92,1/1/99,Senior Staff
31139,Shuzo,Wendorf,7/28/63,4/3/91,1/1/99,Engineer
31141,Serif,Talmon,7/21/62,6/22/85,1/1/99,Engineer
31143,Filipp,Peak,10/12/64,1/10/96,1/1/99,Engineer
31147,Divine,Sidhu,1/4/65,7/5/89,1/1/99,Senior Staff
31148,Saddek,Famili,9/16/63,10/6/92,1/1/99,Senior Staff
31156,Steen,Benantar,4/24/62,7/14/99,1/1/99,Staff
31159,Berto,Brandsma,2/8/63,1/6/86,1/1/99,Senior Staff
31165,Sachin,Impagliazzo,11/8/64,12/26/92,1/1/99,Senior Staff
31166,Mingsen,Melton,10/27/63,12/23/91,1/1/99,Senior Staff
31175,Uwe,Bhattacharjee,8/13/64,5/2/85,1/1/99,Senior Engineer
31178,Subhrajyoti,Kaiser,4/1/64,12/3/85,1/1/99,Senior Staff
31182,Shushma,Stellhorn,7/7/64,7/18/88,1/1/99,Staff
31188,Leandro,Gist,1/12/65,2/3/93,1/1/99,Technique Leader
31200,Dannz,Leslie,11/22/62,12/7/98,1/1/99,Staff
31201,Brigham,Bain,3/4/62,8/4/99,1/1/99,Assistant Engineer
31207,Abdelwaheb,Dulin,1/30/65,8/5/93,1/1/99,Senior Engineer
31218,Shounak,Vernadat,9/7/64,9/5/94,1/1/99,Staff
31238,Uwe,Alvarado,2/2/62,7/17/86,1/1/99,Senior Staff
31245,Woody,Maliniak,7/1/64,11/14/00,1/1/99,Staff
31246,Yongqiao,Einsfeld,1/29/62,3/16/94,1/1/99,Staff
31254,Kankanahalli,Docker,6/5/62,6/29/97,1/1/99,Engineer
31256,Jingling,Erez,1/27/63,5/3/98,1/1/99,Assistant Engineer
31259,Rildo,Zyda,9/16/63,9/8/93,1/1/99,Staff
31275,Macha,Mitina,8/3/63,4/6/98,1/1/99,Engineer
31281,Zongyan,Collavizza,6/14/63,4/21/92,1/1/99,Technique Leader
31291,Pasqua,Varman,9/18/62,11/30/89,1/1/99,Senior Staff
31303,Taizo,Gist,3/27/62,6/19/90,1/1/99,Technique Leader
31307,Souichi,Vendrig,5/2/63,8/12/93,1/1/99,Staff
31308,Masako,Swiss,6/28/63,2/4/97,1/1/99,Engineer
31309,Deniz,Monarch,2/6/63,1/8/95,1/1/99,Senior Staff
31315,Pramod,Herath,8/1/62,8/12/85,1/1/99,Senior Staff
31325,Shahid,Liedekerke,8/22/64,2/26/85,1/1/99,Engineer
31327,Shirish,Smailagic,7/23/62,6/5/97,1/1/99,Engineer
31334,Angel,Hiyoshi,1/19/62,12/30/87,1/1/99,Senior Staff
31336,Shichao,Ciolek,11/5/63,5/12/99,1/1/99,Staff
31341,Oksana,Zultner,1/1/65,3/23/91,1/1/99,Senior Staff
31347,Jaewon,Yurek,8/26/64,10/21/90,1/1/99,Senior Staff
31351,Jaana,Puppo,11/10/64,6/14/99,1/1/99,Engineer
31357,Izaskun,Ghalwash,9/23/62,5/25/91,1/1/99,Engineer
31359,Lunjin,Cullers,9/1/63,10/9/85,1/1/99,Engineer
31364,Zhanqiu,Oppitz,10/8/63,10/22/87,1/1/99,Engineer
31366,Giri,Mitzlaff,7/30/62,7/25/86,1/1/99,Senior Staff
31383,Huan,Mapelli,8/19/64,2/6/96,1/1/99,Engineer
31396,Noritoshi,Ratzlaff,6/11/64,10/12/90,1/1/99,Technique Leader
31399,Berry,Heuter,12/8/63,7/23/89,1/1/99,Senior Engineer
31400,Joydip,Mitchem,10/29/62,8/23/97,1/1/99,Engineer
31415,Kasturi,Litecky,4/24/62,2/11/98,1/1/99,Senior Engineer
31419,Panayotis,Eterovic,9/10/64,10/16/01,1/1/99,Engineer
31420,Basem,Emden,7/11/62,1/6/91,1/1/99,Staff
31424,Dulce,Lamparter,10/17/64,5/12/93,1/1/99,Senior Staff
31432,Christoper,Horswill,7/12/63,1/4/93,1/1/99,Senior Staff
31434,Kwangjo,Miculan,11/8/63,4/24/85,1/1/99,Senior Staff
31438,Sadok,Waschkowski,2/8/63,4/27/87,1/1/99,Engineer
31451,Luerbio,Heystek,5/29/64,8/23/90,1/1/99,Senior Staff
31452,Manu,Panwar,9/30/64,8/6/98,1/1/99,Staff
31459,Utz,Schonegge,10/16/62,11/23/88,1/1/99,Staff
31461,Sanjay,Ginesta,6/22/62,5/1/98,1/1/99,Senior Staff
31465,Bowen,Wiegley,10/11/62,9/17/85,1/1/99,Senior Engineer
31469,Jaewoo,Iisaka,7/8/64,10/22/91,1/1/99,Senior Staff
31474,Akeel,Gustavson,9/23/62,6/30/85,1/1/99,Senior Staff
31479,Gennadi,Taneja,12/5/63,7/26/00,1/1/99,Staff
31480,Adin,Atrawala,9/22/64,1/9/99,1/1/99,Engineer
31481,IEEE,Maliniak,12/11/62,6/29/94,1/1/99,Staff
31486,Fumitaka,Klassen,8/22/63,2/21/85,1/1/99,Senior Staff
31498,Hailing,Cooke,12/7/64,1/5/93,1/1/99,Engineer
31514,Harngdar,Schapire,1/13/65,11/9/96,1/1/99,Engineer
31521,Stevo,Ariola,9/7/63,9/1/91,1/1/99,Senior Staff
31522,Anestis,Munawer,2/22/63,12/3/91,1/1/99,Staff
31523,Gennady,Plump,6/21/64,1/4/94,1/1/99,Senior Staff
31525,Ingemar,Rosay,5/25/64,7/23/90,1/1/99,Senior Staff
31532,Zongyan,Erol,5/13/64,6/7/90,1/1/99,Senior Engineer
31535,Mong,Sidou,5/12/64,3/22/93,1/1/99,Senior Staff
31538,Fen,Swiler,8/14/63,10/26/85,1/1/99,Engineer
31555,Eran,Jiang,7/1/62,12/20/96,1/1/99,Senior Staff
31561,Gudjon,Poulakidas,5/2/62,1/29/96,1/1/99,Engineer
31568,Mark,Lalonde,1/10/65,11/24/96,1/1/99,Staff
31570,Takahiro,Merle,9/17/64,4/5/93,1/1/99,Senior Engineer
31573,Venkatesan,Steenbeek,4/5/63,2/27/93,1/1/99,Senior Staff
31579,Mountaz,Marsiglia,5/5/64,1/2/89,1/1/99,Engineer
31592,Tomokazu,Peak,12/17/62,5/21/86,1/1/99,Staff
31597,Gina,Pepe,7/10/63,9/16/96,1/1/99,Engineer
31603,Mechthild,Penn,3/11/62,12/7/89,1/1/99,Senior Staff
31605,Kwok,Valiente,11/10/63,9/7/97,1/1/99,Staff
31611,Nahla,Krogh,8/22/63,8/3/92,1/1/99,Senior Staff
31612,Nectarios,Malinowski,12/11/62,1/2/90,1/1/99,Engineer
31616,Mantis,Schoegge,2/23/62,9/10/96,1/1/99,Engineer
31619,JoAnne,Wegerle,12/29/62,1/28/89,1/1/99,Senior Engineer
31637,Sanjeeva,Cappelli,6/16/64,6/5/95,1/1/99,Technique Leader
31640,Conor,Rosiles,6/25/64,1/17/00,1/1/99,Engineer
31642,Elgin,Tomescu,8/13/63,4/12/92,1/1/99,Senior Staff
31646,Aamer,Matzel,8/10/62,3/3/92,1/1/99,Staff
31648,Adib,Etalle,1/26/62,3/24/90,1/1/99,Staff
31655,Hein,Schmiedel,12/23/62,9/7/85,1/1/99,Senior Engineer
31660,Pragnesh,Valette,11/26/64,6/21/88,1/1/99,Staff
31668,Vatsa,Wiegley,4/29/63,5/6/90,1/1/99,Senior Staff
31670,Hinrich,Plesums,11/6/62,12/9/94,1/1/99,Engineer
31693,Berna,Bernatsky,6/2/62,8/3/99,1/1/99,Engineer
31696,Brewster,Dayana,8/21/63,7/11/97,1/1/99,Engineer
31699,Arie,Kambil,9/14/64,8/21/98,1/1/99,Engineer
31705,Frazer,Garigliano,9/28/64,10/7/95,1/1/99,Staff
31720,Magdalena,Thibadeau,7/26/62,10/15/89,1/1/99,Engineer
31722,Kamakshi,Schieder,8/15/63,5/11/89,1/1/99,Staff
31737,Sreenivas,Winter,1/18/64,5/17/97,1/1/99,Engineer
31746,Michaela,Schaap,7/29/62,12/7/86,1/1/99,Engineer
31748,Kenroku,Stanger,8/6/63,1/17/94,1/1/99,Engineer
31762,Shaowen,Beeson,3/4/64,4/30/87,1/1/99,Senior Staff
31768,Hidde,Caine,10/4/63,1/27/90,1/1/99,Senior Engineer
31772,Aloys,Soicher,5/21/62,8/18/94,1/1/99,Senior Staff
31773,Mooi,Mitsuhashi,2/25/64,6/5/89,1/1/99,Senior Staff
31776,Zhensheng,Pepe,3/11/63,12/22/91,1/1/99,Senior Engineer
31788,Jeanna,Danlos,10/23/63,12/2/88,1/1/99,Senior Engineer
31808,Zijian,Ferriere,1/31/62,12/24/99,1/1/99,Assistant Engineer
31813,Aloys,Hiyoshi,3/16/64,3/21/99,1/1/99,Engineer
31817,Zijian,Danner,8/9/63,7/6/91,1/1/99,Senior Staff
31820,Adel,Cunliffe,10/8/62,7/27/87,1/1/99,Senior Engineer
31826,Arnould,Miara,4/3/62,4/27/01,1/1/99,Staff
31827,Kristine,Zeilberger,3/22/62,8/28/89,1/1/99,Senior Staff
31830,Angel,Ossenbruggen,12/7/63,5/22/88,1/1/99,Staff
31831,Vivian,Swiss,9/17/64,11/2/92,1/1/99,Staff
31838,Willard,Baalen,11/7/64,3/29/93,1/1/99,Technique Leader
31840,Fusako,Sommen,12/5/64,1/4/95,1/1/99,Senior Staff
31846,Kristof,Deyuan,4/6/63,4/4/92,1/1/99,Staff
31848,Perry,Trystram,12/24/63,3/9/89,1/1/99,Engineer
31856,Garnet,Tsunoo,2/22/64,11/11/95,1/1/99,Engineer
31869,Ingmar,Birge,5/5/63,11/15/96,1/1/99,Staff
31870,Deborah,Keustermans,5/16/62,8/26/92,1/1/99,Senior Staff
31874,Sakthirel,Hinsberger,1/28/62,1/8/95,1/1/99,Senior Engineer
31875,Chriss,Merks,11/21/62,1/27/88,1/1/99,Engineer
31878,Divine,Pelc,10/29/62,11/10/89,1/1/99,Staff
31879,Vitali,Schach,9/26/64,5/3/93,1/1/99,Senior Staff
31883,Danny,Salvesen,6/7/62,1/1/94,1/1/99,Senior Staff
31887,Anoosh,Shihab,7/22/63,7/26/89,1/1/99,Senior Engineer
31899,Cedric,Ozeki,1/2/63,5/17/93,1/1/99,Senior Engineer
31901,Hilary,Melter,1/18/64,1/28/99,1/1/99,Staff
31903,Kolar,Czap,7/15/64,11/25/89,1/1/99,Engineer
31904,Marke,Zschoche,8/9/64,5/18/93,1/1/99,Senior Engineer
31905,Weidon,Hartvigsen,1/30/63,1/19/95,1/1/99,Senior Staff
31909,Murthy,Peek,1/10/65,10/30/00,1/1/99,Engineer
31911,Berni,Gire,4/7/62,7/19/89,1/1/99,Senior Engineer
31920,Jeane,Perfilyeva,4/5/62,1/8/92,1/1/99,Engineer
31923,Yucai,Raney,7/29/62,1/27/94,1/1/99,Senior Engineer
31924,Jaana,Rando,2/19/64,11/11/96,1/1/99,Engineer
31943,Patricia,Kragelund,10/21/64,5/31/87,1/1/99,Engineer
31948,Shounak,Hoppenstand,1/19/62,8/21/97,1/1/99,Engineer
31964,Piyush,Mellouli,1/31/62,4/2/95,1/1/99,Engineer
31965,Lubomir,Nannarelli,8/26/62,10/21/97,1/1/99,Senior Staff
31969,Susuma,Jiang,4/3/62,5/30/90,1/1/99,Staff
31974,Vitali,Polajnar,4/3/62,1/22/93,1/1/99,Engineer
31978,Sadegh,Itschner,7/23/64,2/3/02,1/1/99,Senior Engineer
31981,Nalini,Flowers,12/12/63,4/26/90,1/1/99,Senior Engineer
31984,Supot,Cronan,1/11/63,6/19/95,1/1/99,Senior Engineer
31986,Emran,Sommer,2/19/64,2/9/97,1/1/99,Staff
31997,Rosella,Delgrande,8/31/64,7/25/94,1/1/99,Senior Staff
31998,Sailaja,Flasterstein,7/26/63,7/4/90,1/1/99,Staff
32013,Bader,Fendler,6/16/63,2/27/02,1/1/99,Staff
32014,Maria,Tasistro,2/29/64,6/30/87,1/1/99,Senior Engineer
32021,Jeanne,Yurek,11/28/62,5/24/95,1/1/99,Engineer
32022,Peternela,Ashish,6/11/64,3/17/91,1/1/99,Engineer
32028,Shuky,Mandell,11/3/63,3/3/91,1/1/99,Senior Engineer
32035,Chiradeep,Steinauer,12/25/63,7/22/91,1/1/99,Staff
32040,Yucai,Shimshoni,10/12/62,8/23/94,1/1/99,Senior Engineer
32052,Yefim,Maliniak,9/11/64,12/8/95,1/1/99,Staff
32060,Anneke,Hambrick,5/7/63,9/30/93,1/1/99,Senior Staff
32066,Faiza,Stentiford,10/30/63,4/1/87,1/1/99,Senior Staff
32074,Bezalel,Unni,5/23/62,4/16/89,1/1/99,Staff
32076,Jiang,Ellozy,7/26/63,7/14/95,1/1/99,Technique Leader
32098,Bogdan,Selvestrel,5/25/63,7/14/85,1/1/99,Senior Staff
32100,Douadi,Suermann,7/30/62,4/26/93,1/1/99,Engineer
32102,Quingbo,Zlotek,3/15/64,6/4/91,1/1/99,Senior Staff
32107,Augustine,Lunt,7/23/64,10/17/89,1/1/99,Technique Leader
32108,Beshir,Juneja,10/7/63,7/31/97,1/1/99,Senior Engineer
32116,Tsz,Kroon,8/29/63,1/12/97,1/1/99,Senior Staff
32119,Sadok,Breugel,7/3/64,4/19/95,1/1/99,Senior Engineer
32120,Mingdong,Byoun,12/16/62,9/17/86,1/1/99,Staff
32123,Otilia,Ritzmann,12/27/62,6/22/86,1/1/99,Senior Staff
32124,Dulce,Condotta,12/21/62,10/29/95,1/1/99,Senior Staff
32125,Anneke,Terkki,12/25/63,2/16/96,1/1/99,Senior Engineer
32126,Barun,Coors,4/1/62,10/4/89,1/1/99,Senior Engineer
32127,Harngdar,Perng,7/11/62,4/27/95,1/1/99,Senior Staff
32129,Szabolcs,Hellwagner,3/20/62,6/27/86,1/1/99,Staff
32132,Bikash,Juneja,1/25/62,10/24/88,1/1/99,Staff
32145,Jinxi,Kruskal,11/1/62,3/3/94,1/1/99,Staff
32154,Masaki,Attimonelli,7/27/62,1/10/92,1/1/99,Senior Engineer
32165,Doohun,Peltason,5/3/63,10/5/97,1/1/99,Engineer
32173,Irena,Harbusch,2/25/62,9/22/99,1/1/99,Staff
32178,Gita,Redmiles,9/24/64,5/17/99,1/1/99,Staff
32185,Kinh,DiGiano,3/4/64,1/20/00,1/1/99,Senior Engineer
32188,KayLiang,Leuchs,12/2/63,7/20/86,1/1/99,Staff
32202,Zhiwei,Pena,1/17/64,12/3/87,1/1/99,Senior Staff
32207,Marsal,Angiulli,7/25/64,7/15/87,1/1/99,Staff
32218,Utz,Badr,10/23/64,6/15/87,1/1/99,Engineer
32224,Giri,Laventhal,3/1/64,9/12/89,1/1/99,Senior Engineer
32225,Reuven,Biron,1/31/62,1/3/90,1/1/99,Senior Staff
32227,Atreye,Suri,5/1/63,5/22/99,1/1/99,Senior Staff
32232,Yongmao,Serre,1/29/62,11/15/01,1/1/99,Senior Engineer
32235,Sumali,Zobel,6/14/64,5/26/87,1/1/99,Staff
32238,Saddek,Lindenbaum,4/5/63,3/4/98,1/1/99,Staff
32240,Arunachalam,Siegrist,11/24/64,2/5/93,1/1/99,Senior Engineer
32241,Weiru,Braunschweig,7/4/63,10/9/92,1/1/99,Senior Engineer
32243,Mohit,Thiria,9/29/64,6/1/86,1/1/99,Senior Engineer
32245,Hiroyasu,Halevi,9/27/62,9/23/94,1/1/99,Engineer
32250,Moto,Ranze,3/21/64,10/4/90,1/1/99,Senior Staff
32255,Harngdar,Reinhard,1/27/63,1/4/92,1/1/99,Engineer
32264,Heather,Siepmann,6/11/62,4/30/91,1/1/99,Engineer
32271,Jouni,Auyong,10/6/64,3/7/97,1/1/99,Engineer
32274,Kagan,Wossner,10/17/63,3/6/87,1/1/99,Technique Leader
32281,Yinlin,Toyoshima,3/22/64,6/4/97,1/1/99,Senior Staff
32282,Yurij,Dolinsky,6/21/64,12/3/94,1/1/99,Senior Staff
32283,Phule,Middleton,2/4/62,2/2/89,1/1/99,Staff
32286,Chiradeep,Minakawa,7/29/62,1/14/87,1/1/99,Technique Leader
32288,Denis,Rossi,8/26/64,12/12/90,1/1/99,Senior Engineer
32294,Arfst,Trelles,9/28/62,11/28/89,1/1/99,Staff
32295,Froduald,Vasanthakumar,8/2/64,8/25/95,1/1/99,Senior Engineer
32302,Narain,Stasinski,5/14/63,10/20/95,1/1/99,Staff
32306,Masamitsu,Panangaden,10/31/64,3/27/90,1/1/99,Senior Engineer
32314,Sachar,Honiden,4/20/63,7/3/96,1/1/99,Senior Engineer
32320,Tze,Zweizig,12/2/64,7/6/93,1/1/99,Senior Staff
32322,Froduald,Larfeldt,3/20/63,4/3/97,1/1/99,Staff
32327,Divine,Cesareni,8/1/64,1/2/00,1/1/99,Engineer
32330,Aamod,Rosar,5/31/62,10/28/87,1/1/99,Senior Engineer
32331,Chikara,Ananiadou,5/12/63,4/10/86,1/1/99,Senior Staff
32332,Zito,Stiles,9/1/63,2/14/90,1/1/99,Senior Engineer
32337,Fumitake,Ghalwash,9/23/63,9/23/91,1/1/99,Senior Staff
32347,Terresa,Peres,1/8/65,9/15/90,1/1/99,Staff
32348,Uriel,Heijenga,8/16/64,6/1/93,1/1/99,Senior Staff
32353,Lene,Bressoud,9/22/62,6/13/90,1/1/99,Engineer
32357,Kazuhito,Kossowski,6/29/63,4/29/87,1/1/99,Senior Engineer
32358,Fumiko,Meszaros,8/3/62,11/25/90,1/1/99,Staff
32363,Hailing,Kolinko,5/16/64,2/24/99,1/1/99,Engineer
32374,Shahaf,Dalphin,3/2/64,1/10/99,1/1/99,Staff
32375,Guttorm,Bellone,6/28/64,9/25/99,1/1/99,Senior Engineer
32376,Conal,Radhakrishnan,1/13/64,5/7/86,1/1/99,Senior Engineer
32378,Rosine,Choobineh,7/18/64,11/27/88,1/1/99,Technique Leader
32399,Kish,Spataro,1/5/62,8/28/93,1/1/99,Senior Engineer
32411,Kyoichi,Uhrig,4/17/64,12/10/95,1/1/99,Staff
32422,Yakichi,Schmezko,2/4/64,8/19/91,1/1/99,Senior Staff
32423,Fumitaka,Rehfuss,5/31/62,2/10/99,1/1/99,Senior Staff
32429,Jiafu,Junet,9/4/63,11/4/97,1/1/99,Engineer
32431,Eberhardt,Wendorf,6/30/64,3/27/97,1/1/99,Staff
32435,Yunming,Morrey,10/24/62,1/21/95,1/1/99,Engineer
32440,Gaetan,Wossner,6/1/62,4/27/86,1/1/99,Senior Engineer
32448,Tomokazu,Kropatsch,12/7/64,7/12/92,1/1/99,Senior Engineer
32453,Jaber,Pluym,2/6/64,4/20/85,1/1/99,Senior Engineer
32457,Trygve,Emden,9/11/64,1/5/99,1/1/99,Engineer
32469,Kristin,Cannard,3/9/62,4/19/88,1/1/99,Staff
32476,Alagu,Dulay,6/8/64,4/13/88,1/1/99,Engineer
32484,Adly,Janocha,1/27/64,1/31/00,1/1/99,Engineer
32489,Ingemar,Gecsei,6/25/62,8/5/94,1/1/99,Senior Engineer
32492,Debaprosad,Pehl,8/6/64,6/30/94,1/1/99,Assistant Engineer
32500,Lucien,Yamaashi,9/15/63,10/30/87,1/1/99,Staff
32510,Make,Ferriere,3/14/64,5/14/91,1/1/99,Senior Staff
32514,Yuqun,Giarratana,7/22/63,11/24/86,1/1/99,Senior Staff
32519,Constantino,Loncour,1/19/62,2/25/85,1/1/99,Senior Staff
32524,Nevio,Katzenelson,9/23/63,2/8/86,1/1/99,Senior Engineer
32534,Gill,Lund,1/3/62,12/24/85,1/1/99,Senior Engineer
32538,Kamran,Ariola,5/3/64,9/16/97,1/1/99,Engineer
32543,Kendra,Sudbeck,9/17/64,2/14/88,1/1/99,Senior Engineer
32545,Uta,Lamparter,3/3/63,1/30/98,1/1/99,Engineer
32548,Gilbert,Kolvik,5/31/63,11/29/99,1/1/99,Staff
32549,Elrique,Bierman,11/15/64,3/18/99,1/1/99,Senior Engineer
32552,Atreye,Stanger,1/17/65,9/10/93,1/1/99,Assistant Engineer
32555,Duangkaew,Parveen,9/5/64,4/29/91,1/1/99,Senior Engineer
32558,Snehasis,Zyda,4/22/63,6/20/98,1/1/99,Staff
32565,Parto,Pleszkun,11/9/64,5/16/90,1/1/99,Senior Engineer
32576,Qiwen,Auria,1/4/62,7/15/01,1/1/99,Staff
32582,Ferdinand,Gimbel,4/30/62,1/1/89,1/1/99,Engineer
32585,Luise,Danner,11/9/64,10/15/98,1/1/99,Staff
32586,Susanta,Andreotta,11/22/64,11/27/88,1/1/99,Senior Staff
32589,Kristinn,Servi,11/27/64,9/25/90,1/1/99,Engineer
32602,Aimee,Merey,1/16/63,8/28/97,1/1/99,Engineer
32605,Aimee,Stanfel,11/18/64,2/28/85,1/1/99,Staff
32611,Sadok,Baar,2/18/63,11/22/90,1/1/99,Senior Staff
32613,Koichi,Asrin,3/15/64,4/23/93,1/1/99,Senior Staff
32621,Sumant,Masada,2/11/63,6/17/90,1/1/99,Senior Staff
32628,Xinglin,Gladwell,4/12/62,3/9/88,1/1/99,Senior Staff
32636,Zhigen,Doering,7/8/62,10/2/86,1/1/99,Senior Staff
32647,Ung,Barbanera,7/30/64,11/5/94,1/1/99,Senior Staff
32649,Ingmar,Nannarelli,1/12/65,6/10/88,1/1/99,Senior Staff
32650,Valeri,Sinitsyn,9/23/64,10/8/93,1/1/99,Technique Leader
32651,Berhard,Claffy,9/20/64,1/10/01,1/1/99,Staff
32654,Fumino,Motley,10/13/63,12/23/92,1/1/99,Engineer
32658,Morrie,Unni,4/30/64,12/1/95,1/1/99,Staff
32659,Nigel,Hofstetter,10/10/64,12/10/96,1/1/99,Senior Staff
32660,Augustine,Tsukuda,5/19/62,12/27/87,1/1/99,Senior Engineer
32661,Satoru,Rodham,12/13/63,8/15/93,1/1/99,Staff
32670,Duro,Baba,4/3/63,12/9/95,1/1/99,Engineer
32673,Avishai,Puppe,2/6/63,4/21/98,1/1/99,Engineer
32679,Muneo,Dulay,5/21/63,5/2/96,1/1/99,Staff
32681,LiMin,Marsiglia,8/14/62,8/10/92,1/1/99,Assistant Engineer
32683,Dekang,Rikino,5/22/63,12/6/97,1/1/99,Engineer
32684,Adil,Weedon,1/6/63,10/26/91,1/1/99,Assistant Engineer
32697,Harngdar,Bail,10/6/64,9/2/92,1/1/99,Senior Staff
32699,Arfst,Seiwald,6/23/63,3/6/85,1/1/99,Senior Engineer
32700,Cathie,Rissanen,7/19/62,1/16/95,1/1/99,Senior Staff
32702,Marl,Thambidurai,9/5/63,8/26/87,1/1/99,Technique Leader
32706,Chikako,Oppitz,12/4/64,5/24/89,1/1/99,Technique Leader
32709,Eirik,Kaiser,4/10/64,1/17/98,1/1/99,Assistant Engineer
32714,Radoslaw,Maliniak,1/16/65,9/18/01,1/1/99,Staff
32719,Kagan,Maginnis,4/1/64,7/14/86,1/1/99,Senior Staff
32754,Waiman,Coombs,5/29/62,7/8/96,1/1/99,Staff
32773,Werner,Bail,3/11/64,3/13/95,1/1/99,Staff
32774,Margareta,Katzenelson,1/4/62,8/5/88,1/1/99,Senior Staff
32782,Masanao,Veeraraghavan,8/1/64,5/28/88,1/1/99,Engineer
32795,Ugo,Perl,8/4/63,12/4/86,1/1/99,Senior Staff
32805,Hideyuki,Zlotek,6/8/62,10/7/85,1/1/99,Senior Staff
32808,Teunis,Linares,7/31/64,9/9/94,1/1/99,Senior Engineer
32810,Yongmao,Scallan,8/14/63,4/20/86,1/1/99,Senior Engineer
32813,Mang,Luke,8/28/63,12/28/92,1/1/99,Senior Staff
32817,Hinrich,Bolsens,6/11/63,4/13/87,1/1/99,Engineer
32824,Shaibal,Haumacher,3/2/64,12/26/92,1/1/99,Senior Engineer
32827,Armond,Antonisse,12/6/64,3/14/88,1/1/99,Senior Staff
32828,Masoud,Passafiume,4/1/64,7/31/92,1/1/99,Engineer
32831,Vasiliy,Esposito,7/5/64,10/6/88,1/1/99,Senior Staff
32832,Valdiodio,Bage,4/5/63,4/19/97,1/1/99,Engineer
32839,Chikara,Greenaway,6/26/63,7/12/97,1/1/99,Staff
32844,Tadahiko,Melton,1/23/65,1/7/95,1/1/99,Engineer
32855,Supot,Melter,2/5/64,9/4/87,1/1/99,Senior Staff
32859,Karsten,Taubenfeld,1/17/63,8/11/89,1/1/99,Senior Staff
32860,Radhakrishnan,Esteva,1/21/63,12/17/92,1/1/99,Senior Engineer
32869,Ranan,Meszaros,2/24/62,2/7/96,1/1/99,Senior Engineer
32873,JoAnne,Pearson,10/5/64,12/6/91,1/1/99,Senior Engineer
32877,Qiwen,Boudaillier,3/4/63,5/16/90,1/1/99,Staff
32885,Georgi,Khasidashvili,8/3/63,8/12/98,1/1/99,Senior Engineer
32897,Cathie,Krider,1/14/64,2/17/85,1/1/99,Engineer
32908,Ramzi,Thiria,8/2/63,12/14/86,1/1/99,Senior Engineer
32911,Faiza,Breugel,3/24/64,1/11/96,1/1/99,Staff
32915,Jianwen,Conta,6/3/62,10/31/95,1/1/99,Engineer
32916,Angus,Wynblatt,5/25/64,1/21/89,1/1/99,Engineer
32921,Behnaam,Samarati,2/29/64,1/24/93,1/1/99,Engineer
32927,Shigeaki,Baba,7/3/64,7/4/89,1/1/99,Engineer
32934,Christfried,Warwick,11/17/63,3/29/93,1/1/99,Assistant Engineer
32941,Taiji,Percebois,4/9/62,9/18/88,1/1/99,Senior Engineer
32943,Nectarios,Naudin,12/18/63,4/25/88,1/1/99,Senior Engineer
32944,Kiyotoshi,Crelier,3/30/63,5/18/97,1/1/99,Engineer
32946,Rasiah,Provine,3/17/62,2/20/95,1/1/99,Senior Staff
32966,Yuuichi,Denti,10/12/63,12/14/99,1/1/99,Staff
32968,Sachar,Kropp,5/30/63,5/25/93,1/1/99,Staff
32969,Jiong,Belinskaya,5/20/63,8/20/99,1/1/99,Senior Engineer
32970,Chinya,Camurati,7/17/63,11/7/96,1/1/99,Senior Staff
32984,Yuchang,Deville,8/22/63,9/5/88,1/1/99,Senior Staff
32987,Ohad,Krychniak,6/9/63,1/15/92,1/1/99,Senior Staff
32988,Takanari,Matzov,6/19/63,10/23/92,1/1/99,Engineer
33002,Jeane,Moffat,2/21/64,3/1/98,1/1/99,Assistant Engineer
33004,Przemyslawa,Mikschl,1/11/64,4/16/87,1/1/99,Senior Staff
33007,Hatsukazu,Taneja,12/3/63,7/10/95,1/1/99,Senior Staff
33012,Ipke,Luit,1/11/64,7/25/91,1/1/99,Engineer
33025,Jessie,Thorelli,1/12/65,12/16/99,1/1/99,Senior Staff
33026,Candida,Erdi,1/30/63,1/29/91,1/1/99,Engineer
33034,Spyrose,Lorie,6/24/62,7/2/91,1/1/99,Engineer
33039,Teruyuki,Boyle,9/2/62,7/20/89,1/1/99,Staff
33050,Jungsoon,Majewski,12/13/62,2/9/88,1/1/99,Staff
33055,Maik,Menhoudj,3/17/62,7/21/96,1/1/99,Senior Staff
33059,Zhilian,Schmiedel,11/18/62,5/1/90,1/1/99,Staff
33074,Martins,Condotta,7/7/63,8/6/87,1/1/99,Senior Engineer
33108,Mabo,Esposito,12/24/63,3/26/98,1/1/99,Staff
33116,Kinh,Raczkowsky,5/25/64,9/25/90,1/1/99,Senior Engineer
33132,Takahito,Krone,4/25/62,8/14/87,1/1/99,Assistant Engineer
33133,Seongbae,Bernick,1/19/62,12/8/97,1/1/99,Engineer
33146,Cathie,Luck,3/1/64,10/4/91,1/1/99,Senior Engineer
33149,Pascal,Veccia,9/27/62,10/20/94,1/1/99,Engineer
33150,Shawna,Goodrum,6/30/64,5/24/95,1/1/99,Senior Engineer
33152,Shridhar,Melter,8/23/64,9/17/88,1/1/99,Senior Staff
33154,Kwangjo,Katzenelson,3/18/64,11/26/99,1/1/99,Staff
33156,Mantis,Servieres,3/23/63,9/5/93,1/1/99,Senior Engineer
33162,Annemarie,Rosenbaum,2/3/62,11/20/93,1/1/99,Engineer
33163,Marjo,Rahier,1/15/64,3/26/92,1/1/99,Senior Staff
33166,Christoper,Carrere,7/13/63,6/18/87,1/1/99,Staff
33167,Saeko,Worfolk,1/10/63,7/22/94,1/1/99,Senior Staff
33174,Munenori,Hegner,12/22/63,1/2/95,1/1/99,Senior Engineer
33181,Kiyomitsu,Oxenboll,6/8/63,2/12/89,1/1/99,Engineer
33189,Barton,Poehlman,2/14/64,10/9/85,1/1/99,Engineer
33200,Mariusz,Baar,9/3/64,4/12/94,1/1/99,Senior Staff
33206,Zhiwei,Barreiro,7/9/64,4/18/93,1/1/99,Senior Staff
33209,Vasilis,Hambrick,12/1/62,7/30/92,1/1/99,Staff
33213,Sigeru,Lueh,10/26/64,6/9/89,1/1/99,Assistant Engineer
33214,Gor,Peternell,1/12/64,12/7/99,1/1/99,Engineer
33215,Steen,Fasbender,1/29/65,2/14/93,1/1/99,Technique Leader
33224,Genevieve,Candan,7/24/64,8/23/87,1/1/99,Technique Leader
33227,Khosrow,Chiola,2/8/64,7/15/85,1/1/99,Engineer
33229,Adib,Hennebert,5/19/64,2/5/99,1/1/99,Staff
33247,Neelam,Leijenhorst,8/29/63,8/17/93,1/1/99,Staff
33253,Muzhong,Socorro,2/18/63,7/30/86,1/1/99,Senior Engineer
33264,Kwangyoen,Uhrik,7/30/63,2/19/87,1/1/99,Senior Staff
33266,Ronnie,Greibach,2/4/63,7/29/95,1/1/99,Engineer
33273,Debatosh,Ernst,4/4/62,1/28/95,1/1/99,Engineer
33277,Huican,Tempesti,6/29/64,5/22/99,1/1/99,Engineer
33284,Erez,Parveen,5/31/62,7/27/96,1/1/99,Senior Engineer
33285,Boriana,Maquelin,5/16/64,4/22/85,1/1/99,Senior Engineer
33291,Adas,Fetvedt,10/11/63,2/19/90,1/1/99,Senior Staff
33295,Vugranam,Shackell,12/13/63,8/6/85,1/1/99,Senior Engineer
33297,Achilleas,Rodiger,3/5/62,3/1/96,1/1/99,Staff
33300,Etsuo,Koshiba,9/19/62,8/12/92,1/1/99,Staff
33304,Gurbir,Radhakrishnan,5/1/64,2/9/86,1/1/99,Technique Leader
33305,Sachio,Nitsch,6/25/63,7/28/86,1/1/99,Senior Staff
33308,Murthy,Ozeri,3/31/64,1/11/86,1/1/99,Senior Engineer
33311,Jouni,Azumi,2/4/63,2/15/98,1/1/99,Senior Engineer
33314,Jiakeng,Cangellaris,8/15/63,6/29/92,1/1/99,Senior Engineer
33318,Jeanne,Yurov,9/24/62,9/11/85,1/1/99,Senior Engineer
33319,Minghong,Yetim,3/25/63,12/9/89,1/1/99,Senior Staff
33329,Caolyn,Lorin,11/9/64,9/4/98,1/1/99,Engineer
33346,Herbert,Roohalamini,1/6/64,2/26/92,1/1/99,Staff
33347,Abdelwaheb,Chenoweth,2/13/63,12/28/94,1/1/99,Senior Engineer
33357,Rimli,Heusch,6/26/64,12/7/87,1/1/99,Senior Staff
33360,JoAnna,Nergos,8/9/63,2/1/97,1/1/99,Senior Staff
33365,Nalini,Koyama,12/24/64,8/31/99,1/1/99,Engineer
33366,Billie,Henseler,2/5/64,11/11/94,1/1/99,Engineer
33379,Yucai,Zeidenstein,11/7/63,10/31/88,1/1/99,Senior Engineer
33385,Nalini,Feldhoffer,12/31/64,8/4/90,1/1/99,Engineer
33387,Gal,Asmuth,7/20/62,4/22/92,1/1/99,Senior Staff
33415,Jianwen,Kobara,3/10/62,3/11/97,1/1/99,Staff
33418,Jaewon,Peck,12/15/62,7/14/93,1/1/99,Senior Staff
33421,Kinh,Fraisse,3/30/63,7/6/87,1/1/99,Staff
33425,Bojan,Ouhyoung,8/27/64,1/13/87,1/1/99,Senior Engineer
33428,Sarita,Peir,7/22/63,7/3/92,1/1/99,Senior Engineer
33432,Gift,Gladwell,2/22/64,10/7/91,1/1/99,Senior Engineer
33438,Oldrich,Narahara,9/23/64,12/10/96,1/1/99,Assistant Engineer
33440,Eishiro,Munoz,12/9/62,12/9/89,1/1/99,Senior Staff
33448,Jouko,Kobuchi,8/21/64,8/19/88,1/1/99,Engineer
33454,Yongqiao,Dichev,1/1/64,10/2/97,1/1/99,Staff
33455,Shounak,Merlo,7/26/63,4/16/85,1/1/99,Staff
33457,Arumugam,Merlo,1/25/62,9/15/97,1/1/99,Senior Engineer
33459,Yongmao,Rosch,8/3/64,9/26/95,1/1/99,Staff
33460,Yongdong,Dratva,2/17/63,7/11/88,1/1/99,Engineer
33465,Kwangho,Cochrane,12/10/62,1/13/00,1/1/99,Staff
33474,Rajmohan,Magalhaes,1/25/63,4/10/88,1/1/99,Senior Engineer
33476,Anestis,Legleitner,3/26/63,12/26/91,1/1/99,Staff
33478,Moss,Lindenbaum,4/25/63,1/2/01,1/1/99,Engineer
33484,Ebbe,Copas,6/15/62,8/20/97,1/1/99,Assistant Engineer
33490,Tomofumi,Vural,1/29/63,7/22/93,1/1/99,Senior Engineer
33492,Mari,Speckmann,3/7/63,4/21/94,1/1/99,Staff
33495,Masaki,Pellegrinelli,9/11/63,10/29/97,1/1/99,Engineer
33498,Elrique,Woycyznski,3/4/64,1/9/98,1/1/99,Staff
33508,Godehard,Lindenbaum,4/29/63,9/29/96,1/1/99,Technique Leader
33514,Eirik,Klerer,12/17/63,8/18/95,1/1/99,Engineer
33516,Yongmao,Birnbaum,1/25/64,7/16/94,1/1/99,Senior Staff
33519,Berna,Cromarty,6/11/62,5/26/85,1/1/99,Senior Staff
33534,Francoise,Validov,10/12/64,9/13/99,1/1/99,Staff
33540,Adib,Keustermans,9/7/64,12/21/99,1/1/99,Engineer
33544,Djenana,Bakhtari,5/2/62,10/16/92,1/1/99,Engineer
33550,Olivera,Ginneken,2/29/64,3/19/97,1/1/99,Engineer
33554,Kazuhiko,Bottner,8/9/62,3/17/00,1/1/99,Technique Leader
33564,Youjian,Deyuan,11/4/63,6/14/86,1/1/99,Senior Engineer
33570,Sajjad,Mitsuhashi,1/12/62,8/18/90,1/1/99,Senior Staff
33582,Gil,Standera,8/7/64,10/31/97,1/1/99,Senior Staff
33592,Akhilish,Willoner,6/28/62,6/12/99,1/1/99,Senior Engineer
33594,Dung,Whitcomb,5/27/64,4/19/91,1/1/99,Engineer
33600,Tuval,Dayana,3/24/62,6/7/00,1/1/99,Senior Engineer
33601,Vitaly,Hertweck,8/22/64,12/18/96,1/1/99,Staff
33608,Ranan,Pell,3/29/62,7/24/95,1/1/99,Engineer
33613,Kenroku,Hofman,1/3/63,2/15/97,1/1/99,Staff
33617,Niranjan,Lamma,8/12/63,12/30/87,1/1/99,Staff
33623,Murthy,Uhrik,4/14/62,12/14/94,1/1/99,Engineer
33624,Mary,Babu,8/31/63,5/5/92,1/1/99,Engineer
33627,Arif,Duclos,12/14/62,2/25/94,1/1/99,Senior Staff
33629,Dzung,Kamber,12/15/64,3/3/96,1/1/99,Staff
33630,Karlis,Schrift,9/19/64,3/16/85,1/1/99,Staff
33634,Akhilish,Wallrath,9/9/63,7/25/97,1/1/99,Engineer
33635,Niteen,Legleitner,5/25/64,5/6/93,1/1/99,Staff
33638,Tze,Hoppenstand,9/8/64,4/28/96,1/1/99,Senior Staff
33642,Sungwon,Nannarelli,7/24/63,11/6/97,1/1/99,Senior Engineer
33645,Maria,Lorho,3/25/63,5/13/98,1/1/99,Assistant Engineer
33653,Waiman,Antonisse,12/2/64,7/1/89,1/1/99,Engineer
33656,Fuqing,Whittlesey,5/30/63,10/2/95,1/1/99,Engineer
33659,Claudi,Matzel,4/15/62,7/4/93,1/1/99,Senior Staff
33662,Mari,Caine,9/17/64,11/22/99,1/1/99,Staff
33670,Beshir,Borstler,1/1/62,12/6/87,1/1/99,Engineer
33683,Susanne,Bail,6/16/63,8/15/88,1/1/99,Senior Staff
33684,Maik,Berendt,3/3/63,10/18/96,1/1/99,Engineer
33689,Chenye,Zedlitz,8/16/64,3/21/98,1/1/99,Staff
33693,Giao,Syrzycki,6/17/62,12/3/97,1/1/99,Senior Engineer
33694,Isamu,Poujol,11/17/63,6/20/01,1/1/99,Engineer
33699,Kiam,Kuszyk,7/20/64,1/9/86,1/1/99,Senior Engineer
33704,Guoxiang,Kragelund,9/6/64,9/11/94,1/1/99,Engineer
33706,Manibrata,Ghandeharizadeh,10/29/62,3/1/90,1/1/99,Senior Engineer
33710,Yongmao,Erdi,4/10/63,4/28/97,1/1/99,Engineer
33714,Arvin,Falster,8/19/64,9/5/88,1/1/99,Engineer
33718,Gennady,Heiserman,6/2/64,12/24/91,1/1/99,Senior Staff
33721,Stevo,Mellouli,1/18/63,11/9/95,1/1/99,Staff
33722,Anwar,Collette,1/15/65,2/3/01,1/1/99,Senior Engineer
33724,Junsik,Hempstead,5/21/62,6/16/99,1/1/99,Staff
33730,Akemi,Bahk,11/1/63,3/19/86,1/1/99,Senior Engineer
33746,Sudhanshu,Albarhamtoshy,3/15/62,9/11/94,1/1/99,Engineer
33747,Yakkov,Bojadziev,12/1/62,11/1/85,1/1/99,Staff
33773,Huan,Rusterholz,1/3/64,3/14/96,1/1/99,Assistant Engineer
33774,Tomoyuki,Fraisse,8/23/64,11/19/87,1/1/99,Engineer
33777,Petter,Meszaros,9/25/62,10/4/87,1/1/99,Staff
33796,Vidar,Claffy,5/10/62,10/11/99,1/1/99,Staff
33808,Van,Miara,10/2/64,6/20/85,1/1/99,Engineer
33814,Hairong,Androutsos,8/27/62,7/27/01,1/1/99,Staff
33815,Tokuyasu,Barriga,3/18/62,7/28/89,1/1/99,Senior Engineer
33820,Hisao,Suwa,5/9/62,2/13/98,1/1/99,Staff
33822,Sanjoy,Strehl,4/2/63,5/8/91,1/1/99,Senior Staff
33829,Subbu,Matzel,12/26/64,1/13/96,1/1/99,Staff
33834,Lobel,Preusig,5/27/63,5/26/95,1/1/99,Engineer
33835,Duke,Koyama,10/29/63,5/8/85,1/1/99,Technique Leader
33845,Danai,Neimat,5/10/63,3/24/93,1/1/99,Staff
33848,Masaki,Szemeredi,11/24/63,1/11/96,1/1/99,Engineer
33851,Hercules,Mapelli,7/9/64,7/28/98,1/1/99,Engineer
33853,Clyde,Ramras,2/20/62,7/4/99,1/1/99,Staff
33859,Weiye,Improta,9/30/64,3/31/96,1/1/99,Senior Staff
33860,Tetsurou,Coullard,2/3/62,2/15/88,1/1/99,Engineer
33863,Barton,Murrill,1/18/64,10/31/90,1/1/99,Senior Engineer
33870,Arne,Flasterstein,7/1/63,1/1/96,1/1/99,Engineer
33874,Alper,Ferretti,10/23/64,4/9/99,1/1/99,Senior Staff
33890,Poornachandra,Rohrbach,11/23/63,3/4/91,1/1/99,Engineer
33892,Yifei,Kitsuregawa,1/21/62,9/28/91,1/1/99,Senior Staff
33895,Vitali,Rosca,4/14/62,9/2/90,1/1/99,Senior Staff
33903,Baoqiu,Socorro,1/2/62,7/3/85,1/1/99,Engineer
33912,Rimli,Welham,12/9/64,4/23/93,1/1/99,Engineer
33915,Pranay,Wossner,6/16/62,10/28/91,1/1/99,Senior Staff
33929,Nahla,Crabtree,3/21/63,3/3/88,1/1/99,Staff
33935,Jaewoo,Morris,3/23/63,6/12/96,1/1/99,Senior Staff
33938,Ingemar,Broder,10/4/63,12/11/92,1/1/99,Senior Engineer
33944,Duro,Lorin,8/2/62,3/23/94,1/1/99,Senior Engineer
33948,Tokuyasu,Sridhar,3/28/63,11/29/88,1/1/99,Engineer
33949,Dayanand,Seiwald,9/29/63,10/31/99,1/1/99,Staff
33952,Jaideep,DasSarma,8/1/64,9/16/87,1/1/99,Staff
33960,Weijing,Sessa,11/20/63,8/8/98,1/1/99,Engineer
33964,Shaleah,Bottner,10/10/63,7/24/85,1/1/99,Technique Leader
33968,Steen,Hasham,3/25/62,1/17/99,1/1/99,Senior Staff
33970,Srinidhi,DiGiano,2/20/62,12/4/86,1/1/99,Engineer
33971,Kaijung,Shiratori,7/8/63,2/28/92,1/1/99,Staff
33972,Divier,Gniady,3/23/64,4/22/97,1/1/99,Senior Engineer
33974,Hyuckchul,Slutz,4/29/64,9/21/98,1/1/99,Senior Engineer
33976,Shrikanth,Luke,6/21/63,1/8/99,1/1/99,Senior Staff
33982,Phuoc,Puppo,3/10/63,8/3/88,1/1/99,Senior Engineer
33986,Bedir,Radwan,9/17/64,3/21/91,1/1/99,Senior Engineer
34009,Boaz,Akazan,6/25/64,6/30/86,1/1/99,Senior Staff
34015,Shim,Rouquie,12/22/64,11/4/99,1/1/99,Engineer
34023,Monique,Zeilberger,8/2/63,12/10/94,1/1/99,Senior Engineer
34024,Sven,Range,4/3/62,10/4/98,1/1/99,Staff
34027,Vitaly,Bael,6/10/62,6/10/95,1/1/99,Engineer
34036,Rosita,Gips,3/4/63,6/4/98,1/1/99,Engineer
34041,Anwar,Baik,6/27/62,9/4/96,1/1/99,Engineer
34043,Kristian,Chimia,8/11/64,2/11/97,1/1/99,Staff
34058,Chiranjit,Zeilberger,4/7/64,6/21/95,1/1/99,Engineer
34061,Jinpo,Zumaque,10/30/63,7/21/96,1/1/99,Staff
34063,Yolla,Homond,5/17/63,12/4/87,1/1/99,Senior Engineer
34067,Hongzue,Pollacia,11/6/62,10/30/90,1/1/99,Senior Engineer
34073,Xiaobin,Krupka,6/26/64,11/13/85,1/1/99,Engineer
34077,Angel,Sichman,1/8/65,11/16/88,1/1/99,Staff
34078,Remzi,Bale,11/9/63,5/8/99,1/1/99,Engineer
34085,Wuxu,Oaver,11/23/63,9/8/87,1/1/99,Engineer
34089,Kazunori,Erdmenger,8/24/63,5/18/99,1/1/99,Engineer
34094,Jaber,Cronau,1/20/63,1/2/99,1/1/99,Engineer
34098,Danel,Randt,3/11/62,2/28/94,1/1/99,Senior Engineer
34099,Avishai,Bennis,9/21/64,7/9/89,1/1/99,Senior Engineer
34119,Arfst,Janocha,7/9/62,9/5/87,1/1/99,Engineer
34127,Zsolt,Grospietsch,6/6/64,3/12/01,1/1/99,Senior Engineer
34128,Uma,Krychniak,8/19/64,12/9/89,1/1/99,Staff
34134,Shietung,Stasinski,1/27/62,8/26/86,1/1/99,Staff
34140,Ebbe,Fairtlough,2/18/62,3/29/87,1/1/99,Senior Engineer
34148,Gou,Eastman,1/23/62,8/29/88,1/1/99,Staff
34149,Kensei,Hoogerwoord,2/10/64,9/4/86,1/1/99,Senior Staff
34155,Basant,Ruemmler,7/3/63,10/26/99,1/1/99,Engineer
34185,Lakshmi,Kropp,4/28/64,12/1/98,1/1/99,Staff
34199,Patricio,Shackel,3/25/64,5/7/02,1/1/99,Engineer
34200,Jinxi,Marletta,3/21/63,7/25/90,1/1/99,Engineer
34204,Feixiong,Siepmann,7/21/62,3/6/93,1/1/99,Staff
34206,Kiam,Cangellaris,12/19/64,3/12/94,1/1/99,Engineer
34209,Nevio,Cardazo,5/24/62,10/13/92,1/1/99,Engineer
34217,Brewster,Ballarin,3/31/64,3/2/85,1/1/99,Senior Staff
34220,Duri,Barriga,12/3/62,2/25/94,1/1/99,Engineer
34225,Marie,Servi,12/30/62,1/11/98,1/1/99,Staff
34227,Gritta,Pfau,2/4/62,8/18/92,1/1/99,Engineer
34232,Nadjib,Billawala,9/6/64,5/20/94,1/1/99,Senior Engineer
34240,Qunsheng,Katzenelson,1/15/62,5/16/88,1/1/99,Senior Staff
34252,Jasminko,Veldwijk,8/9/62,1/22/93,1/1/99,Senior Staff
34253,Temple,Holburn,1/23/62,8/27/96,1/1/99,Engineer
34261,Kyoichi,Callaway,1/5/65,12/30/90,1/1/99,Senior Staff
34270,Jackson,Erde,1/15/64,12/16/97,1/1/99,Engineer
34278,Padma,Cunliffe,4/13/62,1/6/88,1/1/99,Senior Staff
34280,Danel,Kusakabe,1/18/62,4/18/91,1/1/99,Staff
34281,Munenori,Schaft,4/13/63,12/9/97,1/1/99,Staff
34293,Hirochika,Biron,6/16/64,8/10/85,1/1/99,Senior Staff
34296,Rajmohan,Fadgyas,1/7/62,2/18/99,1/1/99,Engineer
34307,Masasuke,Maraist,12/25/63,8/28/88,1/1/99,Technique Leader
34311,Zhanqiu,Chandrasekhar,12/13/63,7/7/92,1/1/99,Engineer
34312,Edwin,Quittner,8/5/64,4/10/86,1/1/99,Senior Engineer
34328,Dzung,Gonthier,8/7/63,12/2/92,1/1/99,Senior Staff
34340,TRUE,Kalafatis,5/13/63,8/29/94,1/1/99,Senior Engineer
34341,Shuji,Brookman,5/3/63,6/15/97,1/1/99,Staff
34346,Shounak,Hiraishi,10/14/62,10/15/89,1/1/99,Staff
34351,Chenye,Jervis,3/31/63,7/26/85,1/1/99,Senior Engineer
34353,Mingdong,Snyers,5/8/64,3/13/93,1/1/99,Senior Staff
34359,Tsuneo,Baer,3/15/62,8/14/98,1/1/99,Senior Staff
34363,Shem,Codenie,3/6/62,5/29/97,1/1/99,Senior Engineer
34387,Aiichiro,Picht,7/29/64,11/4/88,1/1/99,Staff
34390,Jaewoo,Oaver,10/27/63,1/11/92,1/1/99,Engineer
34408,Renny,Lunt,2/25/62,7/12/99,1/1/99,Engineer
34410,Miomir,Angot,7/11/63,11/5/00,1/1/99,Staff
34428,Giri,Zhang,7/13/63,1/5/87,1/1/99,Engineer
34430,Magdalena,Rosch,1/14/64,6/9/97,1/1/99,Engineer
34431,Kasturi,Szemeredi,12/6/62,10/19/96,1/1/99,Staff
34438,Rimon,Gornas,4/9/62,4/27/97,1/1/99,Staff
34446,Chinhyun,Bauknecht,1/31/65,12/19/86,1/1/99,Senior Engineer
34448,Miomir,Guenter,6/17/64,5/13/92,1/1/99,Assistant Engineer
34452,Naftaly,Foong,1/8/65,5/10/91,1/1/99,Engineer
34454,Danai,Kugler,9/24/64,7/6/96,1/1/99,Senior Engineer
34460,Ulises,Cairo,12/1/63,10/14/94,1/1/99,Senior Engineer
34465,Marek,Unni,7/19/64,11/17/00,1/1/99,Senior Staff
34467,Harjit,Irland,6/8/64,8/16/97,1/1/99,Staff
34477,Nimmagadda,Morton,7/16/62,6/23/97,1/1/99,Senior Staff
34478,Hinrich,Peral,5/11/62,2/24/92,1/1/99,Senior Engineer
34494,Mari,Condotta,7/19/63,11/6/90,1/1/99,Senior Staff
34497,Mihalis,Botman,8/4/64,2/26/90,1/1/99,Assistant Engineer
34498,Goncalo,Hammerschmidt,3/26/64,4/18/97,1/1/99,Engineer
34504,Tadahiko,Fortenbacher,2/12/63,10/2/98,1/1/99,Staff
34505,Felicidad,Kumaresan,1/28/65,9/6/94,1/1/99,Senior Staff
34508,Giri,Setiz,4/27/64,9/19/87,1/1/99,Senior Engineer
34513,Foong,Halevi,3/8/62,12/25/99,1/1/99,Staff
34515,Chrisa,Versino,4/12/64,6/9/99,1/1/99,Staff
34525,Youssef,Ossenbruggen,6/12/63,6/21/93,1/1/99,Engineer
34526,Mitsuyuki,Zykh,9/11/64,4/5/89,1/1/99,Senior Staff
34528,Chiranjit,Limongiello,2/20/62,10/18/87,1/1/99,Senior Staff
34531,Erez,Picaronny,4/10/64,12/22/86,1/1/99,Engineer
34533,Erzsebet,Shigei,1/10/65,1/16/95,1/1/99,Senior Engineer
34535,Gaetan,Milicic,3/15/62,9/8/89,1/1/99,Senior Staff
34546,Toney,Anido,10/20/63,7/16/86,1/1/99,Senior Staff
34553,Xiaocheng,Ertl,9/16/63,11/11/85,1/1/99,Staff
34554,LiMin,Constantine,5/3/63,9/20/89,1/1/99,Senior Staff
34566,Jahangir,Billingsley,7/20/63,3/16/89,1/1/99,Engineer
34572,Arunachalam,Ramamoorthy,10/29/64,12/15/87,1/1/99,Staff
34575,Subir,Denos,12/15/64,8/29/90,1/1/99,Assistant Engineer
34577,Mountaz,Veevers,7/10/64,4/26/94,1/1/99,Staff
34580,Sasan,Assaf,7/18/63,10/4/94,1/1/99,Senior Engineer
34596,Fox,Monkewich,9/24/63,6/16/91,1/1/99,Senior Engineer
34598,Itzchak,Butterworth,10/24/62,5/25/95,1/1/99,Senior Staff
34604,Arnd,Keohane,7/30/63,12/16/95,1/1/99,Staff
34608,Amabile,Terwilliger,10/15/62,8/27/95,1/1/99,Engineer
34612,Mayuri,Niizuma,2/13/64,11/18/89,1/1/99,Staff
34614,Maik,Yurek,12/15/63,3/28/89,1/1/99,Engineer
34617,Khue,Leslie,6/12/64,10/18/85,1/1/99,Engineer
34624,Maia,Borstler,12/19/64,2/18/99,1/1/99,Senior Staff
34633,Youpyo,Erdmenger,8/25/63,1/6/95,1/1/99,Staff
34636,Dulce,Baezner,11/4/62,7/31/96,1/1/99,Senior Staff
34639,Xinglin,Fortenbacher,11/5/64,2/10/98,1/1/99,Staff
34643,Shaowei,Boissier,6/29/63,6/18/88,1/1/99,Senior Engineer
34650,Val,Slaats,4/6/63,1/14/94,1/1/99,Staff
34660,Uwe,Murrill,8/31/63,3/20/90,1/1/99,Engineer
34663,Mayuri,Munch,11/13/62,8/29/96,1/1/99,Senior Staff
34676,Shigehiro,Salvesen,3/24/63,12/31/89,1/1/99,Senior Staff
34678,Parto,Ladret,1/28/63,11/12/93,1/1/99,Senior Staff
34688,Olivera,Whittlesey,7/2/64,3/14/96,1/1/99,Engineer
34705,Naftali,Oskamp,11/10/63,6/4/88,1/1/99,Staff
34714,Claude,Bultermann,7/1/64,9/12/98,1/1/99,Engineer
34722,Tze,Angel,9/21/63,9/13/87,1/1/99,Senior Staff
34728,Quingbo,Peroz,4/15/62,2/29/92,1/1/99,Staff
34745,Sushant,Lodder,3/8/64,9/13/97,1/1/99,Staff
34751,Ziva,Goldhammer,11/28/63,3/18/85,1/1/99,Staff
34753,Somnath,Uchoa,1/18/62,4/7/85,1/1/99,Senior Engineer
34760,Tsz,Auyong,11/7/64,9/22/95,1/1/99,Engineer
34765,Heping,Hanabata,11/19/64,5/2/86,1/1/99,Engineer
34766,Kiam,Shackell,12/30/62,2/11/87,1/1/99,Engineer
34777,Ennio,Winter,8/24/64,9/6/87,1/1/99,Staff
34780,Moni,Kohling,1/16/65,9/18/01,1/1/99,Staff
34781,Martine,Swist,7/18/64,7/26/93,1/1/99,Engineer
34782,Eishiro,Hardjono,10/3/64,1/7/00,1/1/99,Staff
34786,Valeska,Thiria,5/25/63,3/25/92,1/1/99,Staff
34788,Ennio,Babu,1/27/65,8/31/94,1/1/99,Senior Engineer
34792,Arlette,Rebaine,6/29/63,2/5/87,1/1/99,Engineer
34807,Munenori,Beeson,1/18/63,2/26/94,1/1/99,Senior Staff
34815,Zita,Matzat,11/1/63,9/18/86,1/1/99,Engineer
34821,Gila,Suomi,7/15/62,4/12/88,1/1/99,Senior Engineer
34825,Kellie,Comte,4/25/62,9/16/89,1/1/99,Technique Leader
34826,Annemarie,Mamelak,9/21/63,6/14/93,1/1/99,Staff
34828,Kendra,Hockney,9/10/63,10/18/98,1/1/99,Senior Staff
34830,Kinh,Maksimenko,3/5/62,8/8/88,1/1/99,Staff
34840,Fuqing,Valiente,2/3/63,5/17/94,1/1/99,Engineer
34841,Lijia,Tempesti,7/19/62,4/14/98,1/1/99,Engineer
34848,Mrinalini,Ranze,10/1/64,6/23/97,1/1/99,Staff
34854,Arnould,Bahk,2/10/62,2/26/94,1/1/99,Senior Staff
34867,Wojceich,Maraist,7/5/64,12/31/92,1/1/99,Senior Staff
34868,Shounak,Roisin,7/26/62,4/15/86,1/1/99,Engineer
34871,Sadun,Ramamoorthy,5/19/62,5/6/88,1/1/99,Engineer
34874,Katsuo,Beetstra,10/21/62,1/20/00,1/1/99,Engineer
34875,Yefim,Sethi,9/11/62,10/6/88,1/1/99,Technique Leader
34892,Gal,Yavatkar,12/17/62,4/22/89,1/1/99,Senior Engineer
34894,Xinan,Ossenbruggen,5/27/62,5/23/88,1/1/99,Engineer
34898,Valeska,Spinelli,9/28/62,10/22/89,1/1/99,Staff
34903,Chinho,Servi,5/1/64,9/26/00,1/1/99,Engineer
34914,Vesna,Sundgren,4/18/62,7/17/93,1/1/99,Senior Staff
34919,Jaana,Hegner,10/27/63,4/7/93,1/1/99,Senior Staff
34931,Susumu,Yeung,5/18/62,1/13/97,1/1/99,Senior Engineer
34933,Marin,Kawashima,4/26/63,1/2/96,1/1/99,Senior Engineer
34934,Mansur,Salinas,10/14/63,2/6/92,1/1/99,Senior Staff
34935,Bernardo,Brookman,1/6/62,8/9/96,1/1/99,Senior Engineer
34936,Bokyung,Stamatiou,1/12/65,2/12/91,1/1/99,Technique Leader
34948,Shan,Ramalingam,6/21/64,2/27/93,1/1/99,Senior Staff
34967,Sasan,Gornas,10/14/62,9/12/92,1/1/99,Senior Engineer
34968,Adamantios,Vickson,9/13/62,9/27/92,1/1/99,Senior Staff
34973,Shuji,Gunderson,11/24/63,6/29/95,1/1/99,Staff
34974,Bokyung,Restivo,10/26/64,2/25/97,1/1/99,Senior Staff
34976,Chuanti,Comte,5/23/64,11/21/85,1/1/99,Technique Leader
34977,Mats,Cronan,10/15/64,5/14/85,1/1/99,Senior Engineer
34978,Gao,Kragelund,7/22/63,2/4/93,1/1/99,Staff
34982,Yongdong,Yoshizawa,3/15/63,4/4/99,1/1/99,Engineer
34983,Ronghao,Falster,10/22/63,2/25/99,1/1/99,Technique Leader
34986,Geoffrey,Henders,8/14/62,8/25/88,1/1/99,Senior Engineer
34993,Ronghao,Riesenhuber,1/2/63,12/10/89,1/1/99,Senior Staff
34997,Niclas,Ebeling,2/19/64,5/7/89,1/1/99,Engineer
35014,Maya,Rodham,1/30/64,11/23/91,1/1/99,Staff
35017,Nikolaus,Hoppenstand,7/21/62,4/22/86,1/1/99,Senior Engineer
35019,Conal,Chaudhuri,12/18/62,12/24/98,1/1/99,Staff
35024,Baziley,Callaway,7/17/64,2/17/90,1/1/99,Staff
35029,Adam,Picel,9/3/62,2/26/97,1/1/99,Engineer
35032,Fox,Ginesta,1/29/63,12/19/86,1/1/99,Staff
35033,Howell,Griswold,1/13/63,10/7/95,1/1/99,Senior Staff
35036,Shaunak,Chappelet,7/3/64,11/7/97,1/1/99,Staff
35039,KayLiang,Fortenbacher,12/2/64,11/8/92,1/1/99,Engineer
35043,Fumitaka,Koblick,3/13/64,12/31/89,1/1/99,Assistant Engineer
35044,Jiang,Waschkowski,1/4/65,5/27/89,1/1/99,Senior Engineer
35052,Anneke,Ladret,7/9/63,1/13/91,1/1/99,Staff
35054,Khaled,Heyers,11/26/64,11/28/93,1/1/99,Senior Engineer
35055,Weiwu,Erdi,11/4/64,5/16/00,1/1/99,Engineer
35057,Gro,Lorho,1/20/62,7/29/99,1/1/99,Staff
35058,Marke,Berztiss,5/23/63,2/15/93,1/1/99,Senior Engineer
35060,Gopalakrishnan,Laurillard,4/11/64,12/11/88,1/1/99,Staff
35071,Sajjad,Usdin,4/11/64,8/11/86,1/1/99,Staff
35074,Atilio,Maksimenko,8/13/64,3/3/93,1/1/99,Staff
35076,Brewster,Falco,5/28/64,1/10/00,1/1/99,Senior Staff
35081,Hailing,Legleitner,12/15/64,3/4/92,1/1/99,Senior Staff
35084,Leaf,Conti,9/2/64,3/30/96,1/1/99,Staff
35087,Leif,Ashish,1/17/65,10/14/94,1/1/99,Staff
35088,Moti,Pouyioutas,2/14/64,2/11/90,1/1/99,Staff
35099,Sajjad,Guenter,12/26/64,10/6/95,1/1/99,Staff
35102,Harjit,Luon,3/1/63,10/30/94,1/1/99,Engineer
35109,Arup,Xiaoshan,5/19/63,1/5/86,1/1/99,Engineer
35117,Stabislas,Theuretzbacher,3/30/62,9/23/87,1/1/99,Engineer
35121,Achilleas,Hockney,7/25/62,6/3/93,1/1/99,Engineer
35125,Mats,Milicia,4/27/64,8/1/87,1/1/99,Engineer
35130,Aria,Baig,4/3/63,3/2/99,1/1/99,Senior Engineer
35144,Constantino,Tagansky,3/26/64,9/25/95,1/1/99,Senior Staff
35145,Aria,Dredge,11/28/63,9/20/86,1/1/99,Senior Staff
35150,Deborah,Roisin,11/18/62,6/8/01,1/1/99,Senior Staff
35152,Khaled,Lubachevsky,1/28/64,12/5/93,1/1/99,Staff
35157,Elliott,Picci,2/5/63,10/16/92,1/1/99,Senior Staff
35160,Sanjeeva,Capobianchi,1/22/63,5/9/95,1/1/99,Senior Engineer
35164,Herb,Pietrzykowski,10/22/63,8/9/95,1/1/99,Technique Leader
35167,Frederique,Zaumen,1/31/63,2/19/95,1/1/99,Senior Staff
35177,Barna,Douceur,8/26/64,9/14/00,1/1/99,Senior Engineer
35183,Jaihie,Impagliazzo,8/8/62,4/22/90,1/1/99,Senior Staff
35185,Junichi,Lanteri,3/28/63,12/26/95,1/1/99,Staff
35197,Tonny,Krohm,4/1/64,12/21/96,1/1/99,Senior Engineer
35202,Bedir,Hebden,6/11/64,10/15/90,1/1/99,Technique Leader
35203,Tadanori,Schoegge,1/24/63,9/27/98,1/1/99,Technique Leader
35204,Vasiliy,Crouzet,1/28/62,6/21/99,1/1/99,Assistant Engineer
35220,Zhiwei,Schieder,6/7/62,9/19/90,1/1/99,Senior Engineer
35224,Zeljko,Schrift,1/6/63,6/12/96,1/1/99,Staff
35228,Susanne,Chaudhuri,4/13/63,10/20/85,1/1/99,Senior Engineer
35230,Basem,Ramras,12/13/62,1/25/97,1/1/99,Assistant Engineer
35231,Horward,Eterovic,3/8/63,2/18/97,1/1/99,Engineer
35232,Prodip,Vingron,4/19/64,5/22/89,1/1/99,Senior Engineer
35233,Pradeep,Tasistro,1/4/62,12/12/97,1/1/99,Staff
35241,Akhilish,Fendler,11/9/62,5/1/88,1/1/99,Engineer
35242,Ingmar,Flasterstein,6/14/63,11/12/93,1/1/99,Senior Staff
35246,Foong,Gaughan,2/19/64,4/4/88,1/1/99,Senior Engineer
35247,Nadjib,Grabner,1/9/62,6/13/98,1/1/99,Engineer
35251,Sudhanshu,Gustavson,12/31/64,7/8/91,1/1/99,Senior Staff
35254,Stamatina,Roohalamini,10/8/63,5/3/96,1/1/99,Assistant Engineer
35257,Hsiangchu,Champarnaud,4/12/64,3/29/98,1/1/99,Senior Staff
35259,Stevo,Leppanen,4/6/63,12/10/92,1/1/99,Engineer
35261,Shir,Steinauer,4/10/63,3/17/90,1/1/99,Senior Staff
35262,Abdulla,Flasterstein,11/28/63,6/12/94,1/1/99,Senior Staff
35266,Armond,Lyonns,5/12/63,12/21/91,1/1/99,Staff
35281,Yongqiao,Poujol,8/30/62,2/14/97,1/1/99,Senior Staff
35282,Wonhee,Shiratori,3/17/63,11/29/91,1/1/99,Senior Staff
35294,Yechiam,Merro,8/23/63,12/28/85,1/1/99,Senior Staff
35295,Christfried,Dymetman,2/6/64,2/15/93,1/1/99,Engineer
35309,Leah,Boreale,4/24/62,2/3/95,1/1/99,Engineer
35312,Jovan,Androutsos,7/20/63,1/3/90,1/1/99,Engineer
35315,Ronnie,Huttel,10/20/63,9/2/88,1/1/99,Senior Staff
35318,Arco,Aseltine,7/14/62,1/7/98,1/1/99,Engineer
35320,Mara,Fiutem,6/6/62,5/10/98,1/1/99,Engineer
35332,Xiaoqiu,Assaf,3/25/62,7/15/86,1/1/99,Senior Engineer
35338,Thanasis,Edelhoff,3/17/62,8/12/91,1/1/99,Senior Engineer
35339,Yongdong,Vidya,9/3/62,9/16/92,1/1/99,Senior Staff
35340,Shigehiro,Schach,8/7/62,3/20/89,1/1/99,Staff
35344,Jaber,Demeyer,7/17/64,4/10/95,1/1/99,Staff
35356,Shugo,Gips,11/28/64,6/5/90,1/1/99,Technique Leader
35359,Satosi,Heuter,11/30/62,12/2/94,1/1/99,Engineer
35362,Sumant,Schonegge,12/20/64,3/7/96,1/1/99,Engineer
35366,Nechama,Bednarek,7/22/62,12/23/98,1/1/99,Assistant Engineer
35369,Yannis,Hitomi,5/13/63,11/17/88,1/1/99,Engineer
35370,Eben,Poulakidas,7/6/64,3/29/90,1/1/99,Senior Engineer
35380,Susanna,Marsiglia,1/1/63,3/23/88,1/1/99,Technique Leader
35382,Kiam,Shigei,9/22/64,2/7/93,1/1/99,Senior Staff
35384,Yonghong,Kornatzky,1/24/64,12/10/99,1/1/99,Staff
35390,Bojan,Reistad,1/11/63,7/16/97,1/1/99,Staff
35400,Marko,Klassen,4/17/64,8/11/86,1/1/99,Engineer
35405,Anwar,Reutenauer,8/2/64,6/7/98,1/1/99,Engineer
35406,Lalit,Mawatari,5/1/62,4/21/87,1/1/99,Engineer
35407,Shem,Lorie,1/22/62,4/12/90,1/1/99,Senior Staff
35409,Yuchang,Nergos,10/11/63,6/18/88,1/1/99,Technique Leader
35414,Shaowen,Fadgyas,3/11/63,3/24/85,1/1/99,Staff
35419,Vidar,Braunschweig,3/25/64,10/2/92,1/1/99,Senior Engineer
35433,Udo,Harllee,8/13/63,8/26/99,1/1/99,Engineer
35435,Irene,Nitta,6/5/64,3/19/95,1/1/99,Senior Engineer
35438,Samphel,Berztiss,7/10/63,9/12/87,1/1/99,Engineer
35441,Chandrasekaran,Peek,1/31/65,9/17/90,1/1/99,Engineer
35442,Masaki,Vilarrasa,10/1/63,4/11/89,1/1/99,Senior Staff
35445,Masako,Bellone,11/5/63,9/24/85,1/1/99,Engineer
35459,Adib,Armand,10/11/62,11/25/97,1/1/99,Senior Engineer
35462,Younwoo,Pettis,5/6/63,2/22/92,1/1/99,Senior Engineer
35463,Baocai,Masamoto,2/12/63,12/17/85,1/1/99,Senior Engineer
35478,Yoshinari,Skafidas,9/16/64,1/26/95,1/1/99,Senior Staff
35483,Shuji,Mateescu,6/9/64,4/29/90,1/1/99,Senior Staff
35488,Uno,Hatcliff,1/2/63,11/9/85,1/1/99,Senior Engineer
35494,Rosli,McAlpine,2/2/64,7/28/94,1/1/99,Technique Leader
35504,George,Peek,1/30/63,2/26/94,1/1/99,Engineer
35511,Karsten,Servieres,9/15/62,5/16/99,1/1/99,Engineer
35512,Lihong,Gien,11/12/64,3/6/96,1/1/99,Engineer
35513,Aamod,Waleschkowski,10/14/63,7/21/91,1/1/99,Engineer
35516,Nigel,Bugaenko,3/12/63,7/16/87,1/1/99,Senior Engineer
35519,Xinglin,Fujisawa,11/24/63,6/8/91,1/1/99,Senior Staff
35520,Lillian,Wiegley,3/4/62,3/17/86,1/1/99,Senior Staff
35529,Pragnesh,Aingworth,2/16/64,9/16/96,1/1/99,Senior Staff
35534,Tuval,Kambil,1/9/62,11/2/87,1/1/99,Senior Engineer
35537,Slavian,Cromarty,2/3/63,2/24/90,1/1/99,Senior Staff
35542,Masako,Skrikant,2/8/63,12/29/99,1/1/99,Senior Staff
35551,Gererd,Zambonelli,4/7/62,12/10/97,1/1/99,Senior Engineer
35561,Changho,Picel,3/27/62,6/25/94,1/1/99,Senior Staff
35564,Chenye,Slaats,12/6/64,11/14/92,1/1/99,Staff
35573,Shuky,Boyle,7/23/62,12/20/94,1/1/99,Senior Engineer
35586,Adhemar,Rosay,9/10/63,12/25/90,1/1/99,Senior Staff
35595,Mona,Khalid,11/10/62,2/8/87,1/1/99,Senior Staff
35596,Dmitri,Sluis,4/5/62,11/12/86,1/1/99,Engineer
35600,Parviz,Benzaken,7/29/62,3/30/99,1/1/99,Engineer
35601,Gurbir,Sigstam,8/19/64,5/15/95,1/1/99,Engineer
35605,Golgen,Penn,1/10/63,6/11/99,1/1/99,Staff
35620,Przemyslawa,Cardazo,7/17/64,12/2/92,1/1/99,Senior Staff
35627,Kwangjo,Rothe,10/27/63,10/23/88,1/1/99,Staff
35642,Ashish,Talmon,1/30/65,2/28/99,1/1/99,Engineer
35650,Youjian,Schicker,8/18/64,10/20/95,1/1/99,Engineer
35665,Adin,Crouzet,5/6/62,5/18/91,1/1/99,Senior Engineer
35670,Kamran,Gruenwald,10/14/63,2/11/91,1/1/99,Senior Engineer
35672,Pranas,Petersohn,10/8/62,7/27/89,1/1/99,Engineer
35688,Matk,Kalorkoti,6/9/63,9/28/89,1/1/99,Senior Staff
35697,Pradeep,Lowrie,8/2/64,10/7/99,1/1/99,Senior Engineer
35699,Divine,Blokdijk,8/5/62,12/31/86,1/1/99,Senior Staff
35708,Clyde,Gill,7/10/62,11/18/85,1/1/99,Senior Staff
35710,Shuji,Yoshimura,9/24/63,10/20/87,1/1/99,Staff
35714,Odysseas,Maraist,10/8/62,9/4/86,1/1/99,Senior Staff
35718,Achilleas,Bahk,6/14/64,7/26/87,1/1/99,Senior Engineer
35724,Martien,Sevcikova,5/22/62,2/25/99,1/1/99,Staff
35739,Dipankar,Auria,8/15/64,3/1/89,1/1/99,Senior Engineer
35741,Flemming,Peltason,8/6/62,6/7/90,1/1/99,Senior Staff
35742,Fuqing,Hiltgen,2/5/62,7/11/85,1/1/99,Senior Engineer
35744,Leen,Puppo,1/22/62,1/10/92,1/1/99,Senior Engineer
35745,Mani,Cappelletti,3/20/62,10/4/96,1/1/99,Senior Engineer
35758,Kwee,Hambrick,2/14/64,2/18/86,1/1/99,Senior Engineer
35759,Becky,Granlund,12/29/63,10/23/85,1/1/99,Senior Engineer
35764,Shooichi,Callaway,3/23/63,4/16/94,1/1/99,Engineer
35767,Goh,Christianini,1/24/62,3/13/94,1/1/99,Senior Engineer
35769,Evgueni,Zockler,7/16/64,2/1/91,1/1/99,Senior Staff
35777,Mohamadou,Siepmann,6/9/64,10/20/92,1/1/99,Senior Staff
35781,Kazuhiro,Sadowsky,9/26/64,4/23/87,1/1/99,Technique Leader
35787,Kauko,Shanbhogue,6/9/64,8/20/95,1/1/99,Staff
35793,Oscar,Kusalik,1/1/65,5/11/91,1/1/99,Senior Staff
35798,Ulf,Oberman,1/29/65,3/15/97,1/1/99,Senior Engineer
35799,Xumin,Hofmeyr,3/11/62,2/6/85,1/1/99,Engineer
35800,Margo,Suwa,3/17/64,9/18/90,1/1/99,Staff
35804,Giao,Badache,3/30/62,3/16/94,1/1/99,Senior Staff
35806,Tomoyuki,Armand,11/6/63,11/11/87,1/1/99,Engineer
35807,Mohan,Koblitz,2/8/62,3/29/89,1/1/99,Staff
35809,Nagui,Bratsberg,4/8/64,4/21/96,1/1/99,Engineer
35813,Gay,Bardell,2/24/63,7/17/98,1/1/99,Technique Leader
35814,Maik,Gurbaxani,6/20/63,11/15/99,1/1/99,Staff
35816,Valery,Kroft,12/22/62,2/17/90,1/1/99,Senior Engineer
35818,Stein,Gajiwala,3/7/62,6/26/93,1/1/99,Senior Staff
35838,Luigi,Bierbaum,12/1/64,6/2/93,1/1/99,Senior Engineer
35843,Emran,Androutsos,12/4/64,6/25/94,1/1/99,Staff
35849,Herbert,Herath,11/9/64,6/17/91,1/1/99,Senior Engineer
35856,Alejandra,Levergood,11/23/62,12/13/94,1/1/99,Engineer
35857,Kayoko,Bratten,7/9/62,2/29/96,1/1/99,Staff
35862,Srinidhi,Laventhal,4/11/62,7/21/90,1/1/99,Senior Staff
35864,Bokyung,Kavvadias,4/17/64,11/29/92,1/1/99,Staff
35881,Claude,Terekhov,1/24/63,8/30/92,1/1/99,Senior Engineer
35890,Miyeon,Birta,3/16/62,12/3/96,1/1/99,Staff
35893,Sadok,Hettesheimer,1/19/63,8/21/90,1/1/99,Engineer
35897,Poorav,Baaz,9/6/64,8/16/96,1/1/99,Staff
35909,Kamran,Pelz,4/11/63,3/9/88,1/1/99,Engineer
35910,Henk,Engelmann,1/6/62,9/30/97,1/1/99,Engineer
35913,Guangming,Gihr,9/2/63,2/10/94,1/1/99,Engineer
35921,Ebbe,Mukaidono,4/14/63,9/25/88,1/1/99,Technique Leader
35927,Seongbae,Verspoor,3/16/64,2/17/88,1/1/99,Senior Engineer
35929,Juyoung,Ranze,2/26/62,6/20/97,1/1/99,Staff
35941,Jeanne,Crooks,5/25/64,11/13/94,1/1/99,Senior Engineer
35942,Yuguang,Raoux,4/9/63,10/25/95,1/1/99,Staff
35949,Christophe,Koprowski,5/10/62,4/24/89,1/1/99,Senior Staff
35950,Qingxiang,Gerteisen,4/27/64,6/25/91,1/1/99,Senior Engineer
35954,Slavian,Kusakabe,10/23/62,7/22/92,1/1/99,Technique Leader
35956,Frederique,Bottner,11/22/64,5/15/86,1/1/99,Senior Engineer
35958,Sadok,Besselaar,7/15/63,5/30/90,1/1/99,Senior Engineer
35975,Eldridge,Greibach,10/24/64,12/28/98,1/1/99,Staff
35984,Tianruo,Jarecki,10/20/64,10/1/98,1/1/99,Senior Engineer
35993,Gill,Kawashima,3/26/62,10/17/96,1/1/99,Staff
35998,Jaber,Deyuan,8/13/64,7/5/88,1/1/99,Engineer
36001,Padma,Stiles,4/22/62,6/12/96,1/1/99,Staff
36011,Yahiko,Czaja,8/26/63,10/12/99,1/1/99,Engineer
36016,Deborah,Sichman,8/26/64,11/16/87,1/1/99,Senior Engineer
36021,Manohar,Schaft,3/7/62,4/24/98,1/1/99,Engineer
36026,Cheong,Georg,4/18/64,9/16/99,1/1/99,Staff
36027,Abdulla,Backhouse,4/30/63,10/14/87,1/1/99,Senior Engineer
36031,Sailaja,Kaltofen,9/14/63,10/9/89,1/1/99,Senior Engineer
36035,Alejandro,Malinowski,9/15/63,10/15/95,1/1/99,Senior Staff
36036,Girolamo,Brodal,7/30/62,2/2/93,1/1/99,Engineer
36038,Marl,Katzenelson,4/29/62,1/2/93,1/1/99,Senior Engineer
36039,Gurbir,Orlowski,10/1/64,6/7/89,1/1/99,Engineer
36049,Chenxi,Peltason,2/20/64,7/28/96,1/1/99,Engineer
36050,Gonzalo,Gadepally,9/11/63,4/5/89,1/1/99,Senior Staff
36068,Kazuhiro,Benaini,2/13/62,2/9/89,1/1/99,Engineer
36069,Mariangiola,Garigliano,11/16/63,3/20/96,1/1/99,Staff
36070,Becky,Hagimont,3/27/64,11/22/88,1/1/99,Staff
36076,Yuchang,Farrag,3/5/63,4/17/96,1/1/99,Staff
36078,Ulises,Vakili,7/22/63,3/20/98,1/1/99,Senior Staff
36087,Youpyo,Percebois,4/1/62,5/1/97,1/1/99,Senior Engineer
36115,Kiam,Begiun,3/8/64,9/8/88,1/1/99,Engineer
36116,Barna,Fendler,7/6/62,11/24/88,1/1/99,Senior Engineer
36121,Mohua,Guerreiro,9/1/64,10/25/98,1/1/99,Staff
36122,Guttorm,Negoita,8/31/62,12/13/87,1/1/99,Assistant Engineer
36123,Sreenivas,Gajiwala,10/8/63,10/13/86,1/1/99,Senior Staff
36130,Prodip,Naudin,8/6/62,4/20/97,1/1/99,Senior Engineer
36136,Sadok,Oxman,7/5/62,5/26/98,1/1/99,Engineer
36142,Pranay,Kenevan,12/4/64,11/21/90,1/1/99,Senior Staff
36145,Zeydy,Picci,2/24/63,3/13/87,1/1/99,Engineer
36152,Deniz,Peir,9/27/64,11/29/98,1/1/99,Senior Staff
36157,Subhash,Hennings,2/6/64,5/27/97,1/1/99,Senior Staff
36160,Mohua,Buescher,8/11/62,6/19/87,1/1/99,Engineer
36163,Rosine,Panienski,8/26/63,6/4/89,1/1/99,Engineer
36165,Rafail,Waeselynck,2/3/63,3/6/89,1/1/99,Technique Leader
36166,Lenore,Pettit,11/24/63,4/21/89,1/1/99,Senior Staff
36171,Aiman,Jahnichen,3/4/63,10/7/90,1/1/99,Engineer
36177,Xinglin,Fontan,4/4/63,5/10/01,1/1/99,Engineer
36182,Jasminko,Peltason,1/10/62,5/16/85,1/1/99,Senior Engineer
36184,Ramzi,Trogemann,11/8/62,4/6/92,1/1/99,Engineer
36191,Martijn,Schusler,5/13/62,9/8/91,1/1/99,Senior Engineer
36199,Faiza,Alameldin,5/13/63,3/28/98,1/1/99,Assistant Engineer
36200,Pohua,Brodie,6/9/62,3/10/86,1/1/99,Senior Engineer
36203,Ohad,Michaels,7/28/62,5/7/89,1/1/99,Senior Engineer
36209,Chenyi,Biron,8/16/64,12/22/91,1/1/99,Senior Staff
36211,Cathie,Etalle,11/11/64,9/16/95,1/1/99,Senior Staff
36217,Kankanahalli,Sabnani,11/23/63,11/1/92,1/1/99,Technique Leader
36219,Vivian,Minakawa,10/9/64,7/29/87,1/1/99,Staff
36221,Dmitry,Farris,5/22/63,12/9/97,1/1/99,Staff
36224,Ziya,Wrigley,4/21/62,7/13/95,1/1/99,Engineer
36226,Kwun,Bauknecht,9/25/64,9/16/86,1/1/99,Senior Staff
36231,Chinhyun,Cherinka,4/7/63,5/22/92,1/1/99,Engineer
36239,Phule,Luit,4/9/63,10/5/86,1/1/99,Staff
36247,Aleksander,Kolinko,12/2/63,6/16/92,1/1/99,Assistant Engineer
36249,Atreyi,Hasham,1/4/62,11/15/99,1/1/99,Engineer
36254,Shrikanth,Rodham,12/8/63,2/6/96,1/1/99,Senior Engineer
36255,Fumiyo,Straney,11/3/62,7/28/91,1/1/99,Senior Staff
36257,Sastry,Majewski,7/3/63,9/12/94,1/1/99,Technique Leader
36260,Jungsoon,Domenig,11/16/64,2/4/91,1/1/99,Engineer
36261,Noritoshi,Terlouw,3/19/62,5/25/87,1/1/99,Engineer
36265,Subhankar,Zolotykh,4/4/64,2/5/86,1/1/99,Senior Engineer
36275,Hairong,Chaudhuri,11/14/64,6/19/95,1/1/99,Engineer
36282,Lunjin,Liesche,11/17/64,11/7/89,1/1/99,Technique Leader
36283,Gunilla,Kohling,1/26/62,8/28/90,1/1/99,Senior Staff
36285,Karsten,Jording,11/29/63,11/16/99,1/1/99,Engineer
36286,Gen,Lamba,4/20/64,5/7/97,1/1/99,Engineer
36287,Lihong,Kolinko,3/5/63,6/24/90,1/1/99,Senior Staff
36288,Tonia,Guardalben,10/9/64,4/6/91,1/1/99,Senior Staff
36291,Youngkon,Krone,9/10/64,12/24/89,1/1/99,Senior Engineer
36307,Sreenivas,Yoshizawa,1/29/63,5/1/98,1/1/99,Staff
36319,Volkmar,Chenoweth,12/17/63,4/28/01,1/1/99,Senior Engineer
36324,Jingling,Chandrasekhar,10/21/64,9/26/97,1/1/99,Engineer
36326,Baoqiu,Rosch,12/23/64,3/14/87,1/1/99,Senior Engineer
36327,Falguni,Sadowsky,5/20/63,3/18/86,1/1/99,Senior Staff
36328,Nahid,Luff,1/2/64,3/20/94,1/1/99,Staff
36329,Zhenhua,Talmor,6/8/63,4/8/95,1/1/99,Senior Staff
36330,Xinyu,Frolund,7/19/63,10/19/88,1/1/99,Senior Staff
36336,Yoshimitsu,Mitzlaff,7/26/63,8/19/89,1/1/99,Senior Staff
36337,Elgin,Suppi,9/29/62,8/29/93,1/1/99,Senior Engineer
36343,Gila,Sidje,12/23/63,10/24/90,1/1/99,Assistant Engineer
36347,Barna,Bruckman,6/21/64,11/1/93,1/1/99,Engineer
36348,Masamitsu,Cooke,12/6/63,4/15/91,1/1/99,Senior Staff
36350,Yoshimitsu,Rossi,3/20/64,9/18/87,1/1/99,Staff
36354,Manu,Kaiserswerth,5/30/64,4/23/95,1/1/99,Staff
36363,Mechthild,Kroha,1/19/64,11/27/96,1/1/99,Technique Leader
36379,Gretta,Maccarone,5/27/64,9/24/93,1/1/99,Senior Staff
36384,Cordelia,Quaggetto,11/19/63,1/28/02,1/1/99,Staff
36385,Takanari,Champarnaud,7/31/62,5/24/94,1/1/99,Engineer
36396,Christoph,Thebaut,7/14/62,5/22/91,1/1/99,Senior Engineer
36408,Aloys,Benner,12/30/62,3/27/96,1/1/99,Senior Staff
36416,Hyuckchul,Bhattacharjee,4/16/62,1/6/93,1/1/99,Senior Staff
36419,Arumugam,Cheshire,9/29/64,1/28/93,1/1/99,Engineer
36420,Beshir,Valtorta,1/19/62,5/25/94,1/1/99,Senior Engineer
36422,Danae,Kalafatis,12/13/64,5/18/94,1/1/99,Engineer
36424,Morrie,Nooteboom,10/6/63,5/26/01,1/1/99,Staff
36431,Wanqing,Lanzelotte,2/25/63,2/25/87,1/1/99,Staff
36435,Herb,Baca,11/1/63,3/29/91,1/1/99,Senior Staff
36442,Jianwen,Pelz,1/26/63,9/1/87,1/1/99,Staff
36443,Jiang,Zirintsis,8/5/62,9/26/98,1/1/99,Engineer
36449,Masamitsu,Verhoeff,4/14/63,12/20/88,1/1/99,Senior Engineer
36450,Jinpo,Eiter,9/16/64,5/28/98,1/1/99,Senior Staff
36454,Froduald,Merel,3/29/62,8/20/85,1/1/99,Senior Staff
36460,Toshimitsu,Pollock,10/31/63,7/31/92,1/1/99,Senior Engineer
36474,Kerryn,Schwartzburd,9/11/63,7/21/93,1/1/99,Engineer
36476,Weiye,Bugrara,6/22/62,7/7/96,1/1/99,Staff
36477,Mang,Yavatkar,8/1/64,11/12/92,1/1/99,Senior Engineer
36478,Chiranjit,Syrzycki,12/20/64,10/14/89,1/1/99,Engineer
36479,Bojan,Kambil,7/5/63,7/12/90,1/1/99,Staff
36482,Sudharsan,Nourani,7/15/64,8/25/91,1/1/99,Senior Staff
36483,Hausi,Heystek,9/4/64,7/27/89,1/1/99,Senior Staff
36492,Tadanori,Akazan,3/17/63,10/28/97,1/1/99,Staff
36499,Fei,Crabtree,2/17/62,8/11/93,1/1/99,Engineer
36504,Fen,Brickell,8/17/64,6/6/99,1/1/99,Assistant Engineer
36505,Gio,Frijda,9/19/64,10/27/92,1/1/99,Senior Engineer
36506,Arco,Munke,4/2/64,8/12/94,1/1/99,Staff
36510,Jiong,Serov,7/24/64,10/27/99,1/1/99,Engineer
36511,Hailing,Chappelet,8/4/62,5/9/89,1/1/99,Senior Staff
36512,Manton,Thibadeau,8/25/63,1/18/92,1/1/99,Assistant Engineer
36513,Ymte,Cooman,6/7/62,3/3/99,1/1/99,Staff
36520,Makato,Luke,6/1/63,8/14/91,1/1/99,Assistant Engineer
36521,Serif,Gladwell,1/21/65,3/6/87,1/1/99,Staff
36523,Tadahiro,Schrooten,1/18/64,10/17/97,1/1/99,Engineer
36524,Khedija,Casley,9/22/63,3/14/91,1/1/99,Senior Staff
36527,Kersti,Joslin,9/17/62,3/20/00,1/1/99,Engineer
36530,Odoardo,Stasinski,9/1/63,10/11/95,1/1/99,Senior Staff
36540,Djenana,Verspoor,2/15/64,3/1/86,1/1/99,Senior Staff
36541,Gila,Covnot,6/8/63,3/4/90,1/1/99,Senior Engineer
36544,Mabry,Cyre,12/4/62,2/3/98,1/1/99,Staff
36545,Shim,Pehl,11/27/63,3/11/96,1/1/99,Engineer
36548,Val,Ghelli,5/30/62,6/10/92,1/1/99,Staff
36549,Vesna,Fioravanti,6/7/64,10/20/99,1/1/99,Staff
36550,Kensyu,Schwaller,12/15/62,11/16/90,1/1/99,Staff
36558,Spyrose,Kalsbeek,9/25/64,11/6/91,1/1/99,Senior Engineer
36559,Roded,Rabejac,12/15/62,11/29/96,1/1/99,Engineer
36569,Freyja,Erdi,1/11/64,2/25/99,1/1/99,Engineer
36570,Breannda,Simmen,2/9/63,11/12/92,1/1/99,Engineer
36572,Kshitij,Boyle,5/7/63,11/20/93,1/1/99,Engineer
36574,Cheong,Bernick,1/15/62,4/20/99,1/1/99,Staff
36576,Manu,Pfau,8/16/62,5/1/89,1/1/99,Senior Engineer
36578,Radoslaw,Rindone,6/18/64,12/31/95,1/1/99,Senior Engineer
36581,Conal,Syrzycki,6/22/62,12/21/90,1/1/99,Senior Engineer
36588,Sariel,Honiden,8/22/64,12/23/88,1/1/99,Engineer
36596,Anoosh,Rodham,10/12/63,8/8/89,1/1/99,Senior Engineer
36606,Dipankar,Peltason,6/21/62,2/22/90,1/1/99,Senior Staff
36613,Leandro,Servi,1/13/63,1/18/91,1/1/99,Senior Staff
36615,Ewing,Szemeredi,10/27/62,3/30/88,1/1/99,Senior Engineer
36618,Fayez,Koshiba,10/31/63,6/9/89,1/1/99,Senior Engineer
36619,Halsur,Giarratana,6/12/64,11/11/85,1/1/99,Staff
36626,Fen,Genin,1/2/65,5/9/86,1/1/99,Senior Staff
36628,Hailing,Welham,4/19/63,11/11/99,1/1/99,Engineer
36635,Susuma,Oberman,10/10/62,4/7/90,1/1/99,Technique Leader
36642,Kiyotoshi,Verhaegen,5/19/63,12/15/85,1/1/99,Senior Staff
36643,Jahangir,Bail,10/31/62,11/17/99,1/1/99,Staff
36652,Marsal,Aumann,10/31/64,6/30/87,1/1/99,Staff
36666,Nechama,Marwedel,10/27/62,11/4/88,1/1/99,Assistant Engineer
36669,Anneli,Birdsall,12/14/62,12/24/98,1/1/99,Staff
36674,Duke,Zeleznik,3/26/62,12/15/97,1/1/99,Engineer
36691,Peternela,Karner,12/10/63,11/7/92,1/1/99,Senior Engineer
36693,Brigham,Parveen,2/11/64,12/10/90,1/1/99,Senior Staff
36697,Bluma,Solares,1/11/64,7/13/92,1/1/99,Senior Staff
36700,Neven,Nooteboom,5/21/64,1/15/87,1/1/99,Senior Staff
36703,Carrsten,Capobianchi,3/9/62,5/30/97,1/1/99,Engineer
36704,Khun,Fasbender,4/28/64,12/30/92,1/1/99,Technique Leader
36733,Uma,Reinhard,1/4/65,11/1/97,1/1/99,Staff
36736,Uri,Sherertz,6/18/64,12/8/85,1/1/99,Senior Engineer
36744,Toong,Msuda,1/15/62,11/20/94,1/1/99,Senior Staff
36751,Hsiangchu,Kolinko,11/11/62,2/27/99,1/1/99,Staff
36753,Shahid,Sommer,9/29/64,7/1/91,1/1/99,Engineer
36755,Kristian,Sadowsky,4/30/64,12/12/96,1/1/99,Engineer
36758,Fatemeh,Hofstetter,10/20/64,11/15/95,1/1/99,Engineer
36763,Mitsuyuki,Chelton,10/27/62,1/18/92,1/1/99,Engineer
36764,Bojan,Lagarias,12/30/62,7/10/90,1/1/99,Senior Staff
36771,Byong,Ghemri,9/19/63,2/27/97,1/1/99,Staff
36772,Dante,Hanabata,12/21/63,1/10/88,1/1/99,Engineer
36776,Sushant,Maliniak,3/7/64,1/29/87,1/1/99,Senior Staff
36782,Jeong,Mellouli,11/20/62,3/4/91,1/1/99,Senior Engineer
36784,Henk,Emiris,11/29/62,8/21/89,1/1/99,Senior Engineer
36789,Remzi,Famili,2/5/63,12/21/96,1/1/99,Senior Engineer
36792,Kiam,Morrey,7/28/63,4/27/96,1/1/99,Engineer
36807,Pramod,Rattan,1/18/64,10/1/97,1/1/99,Senior Staff
36812,Jacopo,Slobodova,4/11/62,9/27/94,1/1/99,Engineer
36816,Masoud,Mondadori,2/15/63,10/5/91,1/1/99,Senior Staff
36818,Marsal,Lovengreen,10/4/64,9/29/86,1/1/99,Staff
36824,Zeydy,Genther,6/21/63,10/15/01,1/1/99,Staff
36825,Georgi,Bahr,10/13/63,10/22/95,1/1/99,Staff
36827,Beshir,Stamatiou,1/10/63,10/18/94,1/1/99,Staff
36829,Shin,Khalil,4/9/64,1/20/91,1/1/99,Senior Staff
36831,Jongsuk,Badache,10/1/62,4/5/89,1/1/99,Assistant Engineer
36832,Ranga,Baaz,12/7/62,1/20/88,1/1/99,Senior Engineer
36833,Jiong,Encarnacion,10/18/63,2/5/95,1/1/99,Staff
36839,Youssef,Winter,7/20/63,1/8/90,1/1/99,Senior Staff
36840,Persi,Peot,8/19/64,3/3/99,1/1/99,Engineer
36844,Hailing,Levergood,1/1/65,1/12/00,1/1/99,Staff
36849,Xiaopeng,Cronau,8/14/62,4/18/92,1/1/99,Senior Staff
36855,Xuedong,Chartres,3/5/64,11/23/99,1/1/99,Staff
36863,Elgin,Vecchio,8/12/64,11/3/92,1/1/99,Senior Staff
36864,Vitali,Lanteri,4/26/64,2/11/92,1/1/99,Engineer
36865,Toshiki,Mahnke,5/17/63,1/1/91,1/1/99,Engineer
36866,Zeydy,Hutton,9/1/63,2/9/93,1/1/99,Engineer
36867,Kasturi,Mandell,5/8/63,10/22/92,1/1/99,Staff
36872,Sivanarayana,Trumbly,5/8/62,3/17/85,1/1/99,Engineer
36889,Margareta,Luft,11/18/64,10/13/90,1/1/99,Engineer
36890,Basim,Capobianchi,5/9/62,11/4/98,1/1/99,Senior Engineer
36891,Gregory,Plump,7/11/63,7/11/86,1/1/99,Staff
36901,Margareta,Nergos,9/15/62,8/4/91,1/1/99,Senior Staff
36902,Zeljko,Molenaar,6/3/64,4/14/85,1/1/99,Senior Engineer
36904,Hailing,Usdin,4/17/64,8/12/94,1/1/99,Senior Staff
36908,Nahid,Alblas,6/6/62,12/17/87,1/1/99,Senior Staff
36911,Jaewoo,Suessmith,1/16/63,7/3/90,1/1/99,Senior Staff
36927,Valeri,Pashtan,9/8/64,5/21/99,1/1/99,Staff
36943,Aram,Skafidas,2/21/64,3/5/99,1/1/99,Engineer
36945,Shawna,Suri,6/4/64,5/11/87,1/1/99,Senior Engineer
36950,Guenter,Huttel,12/14/63,12/11/99,1/1/99,Engineer
36955,Lidong,Morrin,4/9/62,3/30/93,1/1/99,Staff
36957,Mayumi,Karcich,5/29/62,5/29/89,1/1/99,Senior Staff
36958,Hyuckchul,Taubman,5/7/62,4/14/88,1/1/99,Senior Staff
36972,Paloma,Taubman,11/24/62,11/30/85,1/1/99,Engineer
36975,Peternela,Antonakopoulos,1/3/63,3/16/94,1/1/99,Assistant Engineer
36978,Francoise,Caine,1/16/64,4/24/98,1/1/99,Assistant Engineer
36982,Kotesh,Rajala,1/22/65,6/23/92,1/1/99,Senior Engineer
36988,Wayne,Pepe,12/30/64,5/14/86,1/1/99,Senior Staff
36989,Uriel,Demian,8/15/63,7/27/90,1/1/99,Senior Engineer
36991,Gadiel,Baalen,7/14/64,9/29/90,1/1/99,Engineer
36992,Aiman,Gyimothy,12/10/63,6/29/97,1/1/99,Senior Staff
36996,Tamiya,Schwabacher,6/23/63,12/3/98,1/1/99,Staff
37002,Yakichi,Simmen,2/3/62,12/10/98,1/1/99,Technique Leader
37003,Mohd,Furudate,7/28/62,11/16/99,1/1/99,Engineer
37005,Flemming,Cooley,3/3/64,2/1/90,1/1/99,Staff
37018,Sakthirel,Joslin,7/15/63,1/31/97,1/1/99,Engineer
37025,Constantino,Snedden,2/14/62,9/18/96,1/1/99,Engineer
37029,Fumitaka,Msuda,2/4/62,11/11/91,1/1/99,Staff
37032,Zorica,Tsukuda,6/29/62,12/15/01,1/1/99,Staff
37034,Mohua,Bierman,6/24/63,1/19/91,1/1/99,Engineer
37035,Dipayan,Vidal,6/28/63,9/20/99,1/1/99,Senior Engineer
37037,Mahendra,Litecky,3/3/63,3/3/94,1/1/99,Engineer
37038,Eldridge,Maraist,5/1/63,10/12/96,1/1/99,Senior Staff
37054,Poorav,Pluym,3/21/62,6/28/94,1/1/99,Engineer
37056,Lucian,Cairo,7/6/63,9/3/99,1/1/99,Engineer
37061,Piyawadee,Herbst,6/25/64,4/12/90,1/1/99,Staff
37065,Sangeeta,Lyonns,4/9/62,7/13/88,1/1/99,Senior Engineer
37067,Kristinn,Luft,5/26/62,5/10/99,1/1/99,Assistant Engineer
37070,Jeong,Undy,1/22/65,2/13/85,1/1/99,Senior Staff
37073,Perry,Jahnichen,11/12/63,11/15/85,1/1/99,Engineer
37079,Val,Barriga,1/18/64,8/13/89,1/1/99,Senior Engineer
37089,Abdelghani,Foong,9/1/62,12/27/96,1/1/99,Senior Engineer
37092,Ung,Laurillard,5/12/62,3/6/89,1/1/99,Senior Engineer
37094,Wuxu,Whittlesey,12/22/64,8/23/98,1/1/99,Engineer
37097,Sven,Pettit,12/26/63,11/15/94,1/1/99,Engineer
37107,Sigeru,Kropatsch,6/20/62,4/23/99,1/1/99,Engineer
37136,Pramod,Argence,9/4/62,5/10/93,1/1/99,Senior Staff
37139,Doowon,Valtorta,7/13/64,12/28/99,1/1/99,Staff
37160,Subbu,Montresor,6/7/63,8/9/93,1/1/99,Senior Engineer
37177,Yagil,Angiulli,8/2/64,10/27/88,1/1/99,Senior Staff
37182,Takushi,Orlowski,6/10/62,10/25/87,1/1/99,Engineer
37183,Sachar,Kilgour,3/11/63,10/28/00,1/1/99,Senior Staff
37187,Nathan,Pell,7/18/63,12/8/89,1/1/99,Staff
37190,Yifei,Schoegge,6/21/63,1/13/87,1/1/99,Senior Staff
37191,Elzbieta,Castellani,10/21/64,3/1/00,1/1/99,Staff
37199,Rance,Itschner,2/1/64,1/14/91,1/1/99,Engineer
37201,Pragnesh,Dulay,9/18/63,10/9/96,1/1/99,Staff
37202,Rosine,Uehara,7/12/64,5/17/98,1/1/99,Staff
37204,Cedric,Carrere,6/29/64,8/6/93,1/1/99,Engineer
37206,Leen,Ermel,11/29/63,10/7/93,1/1/99,Senior Staff
37207,Nirmal,Birge,10/17/63,6/29/91,1/1/99,Senior Staff
37211,Pradeep,Daescu,11/8/63,7/22/98,1/1/99,Engineer
37240,Kasidit,Kusalik,4/13/64,5/27/92,1/1/99,Staff
37247,Krassimir,Mullainathan,4/3/63,6/13/90,1/1/99,Engineer
37252,Vidya,Melton,2/23/63,5/22/92,1/1/99,Senior Engineer
37253,Kazuhisa,Anily,3/31/63,7/30/90,1/1/99,Senior Staff
37254,Yuguang,Michaels,3/11/63,10/6/93,1/1/99,Senior Engineer
37256,Zorica,Compeau,3/25/63,1/17/94,1/1/99,Engineer
37257,Ipke,Marciano,3/30/62,5/16/02,1/1/99,Staff
37276,Vatsa,Garnier,8/19/64,6/1/99,1/1/99,Staff
37277,Hugo,Lorho,5/2/64,10/29/96,1/1/99,Engineer
37278,Jahangir,Egerstedt,12/4/63,6/9/88,1/1/99,Staff
37282,Jiann,Schaad,5/23/64,8/26/94,1/1/99,Senior Staff
37286,Geoff,Barvinok,12/29/64,2/2/93,1/1/99,Senior Staff
37294,Elvis,Heping,2/13/64,8/10/86,1/1/99,Engineer
37299,Kwangyoen,Gerlach,4/6/64,5/18/91,1/1/99,Senior Staff
37304,Chinhyun,Uehara,4/20/63,12/21/89,1/1/99,Staff
37323,Mohan,Sanella,4/21/62,10/6/94,1/1/99,Staff
37324,Adil,Dusink,5/20/62,2/16/89,1/1/99,Engineer
37326,Mohit,Nanard,6/2/62,7/12/98,1/1/99,Senior Staff
37329,Takanari,Hoppenstand,4/27/62,12/26/98,1/1/99,Engineer
37333,Hirochika,Maksimenko,4/28/62,8/24/90,1/1/99,Senior Staff
37335,Chandrasekaran,Curless,6/9/63,1/15/00,1/1/99,Staff
37338,Abdelghani,Kuszyk,11/12/64,9/13/90,1/1/99,Engineer
37344,Stafford,Remmers,12/23/63,8/2/92,1/1/99,Senior Engineer
37349,Shan,Angiulli,5/12/64,4/22/93,1/1/99,Staff
37357,Eben,Basagni,12/16/63,6/3/95,1/1/99,Senior Staff
37364,Raimond,Tiemann,4/10/64,7/25/94,1/1/99,Senior Engineer
37371,Nevin,Prampolini,4/8/64,7/1/96,1/1/99,Staff
37376,Samphel,Erni,9/2/63,6/13/85,1/1/99,Senior Engineer
37395,Erzsebet,Chartres,6/6/64,6/25/96,1/1/99,Staff
37398,Satosi,Peyn,6/17/64,1/12/94,1/1/99,Staff
37405,Gully,Bernick,7/31/62,9/2/87,1/1/99,Staff
37411,Lene,Arlazarov,4/16/63,8/16/96,1/1/99,Technique Leader
37416,Tamiya,Raczkowsky,12/31/63,1/11/87,1/1/99,Senior Staff
37430,Jaber,Ambroszkiewicz,9/27/64,6/4/91,1/1/99,Assistant Engineer
37433,Candido,Borstler,4/26/63,9/5/95,1/1/99,Staff
37436,Remco,Tagansky,1/31/63,3/13/86,1/1/99,Technique Leader
37439,Kerryn,Whitcomb,4/17/63,2/7/99,1/1/99,Engineer
37443,Bokyung,Ranft,4/19/62,3/3/98,1/1/99,Staff
37445,Shem,Asser,11/26/64,9/18/94,1/1/99,Senior Engineer
37447,Cullen,Rebaine,4/28/63,5/10/89,1/1/99,Senior Engineer
37456,Shih,Quaggetto,6/23/64,1/22/86,1/1/99,Senior Engineer
37458,Uri,Masamoto,3/18/62,5/16/95,1/1/99,Senior Engineer
37460,Bedrich,Wursthorn,6/22/62,8/6/85,1/1/99,Staff
37468,Gila,Nicolson,11/17/64,2/13/02,1/1/99,Senior Engineer
37472,Carrsten,Schueller,10/8/64,7/5/88,1/1/99,Engineer
37477,Byong,Babu,1/22/63,3/17/00,1/1/99,Staff
37487,Idoia,Syang,1/15/64,1/30/92,1/1/99,Technique Leader
37490,Sreekrishna,Schneeberger,3/23/62,10/21/93,1/1/99,Senior Engineer
37492,Panayotis,Molberg,7/12/63,9/24/95,1/1/99,Engineer
37493,Collette,Doering,6/25/62,4/18/86,1/1/99,Engineer
37497,Danil,Hooghiemstra,7/26/62,1/22/94,1/1/99,Senior Staff
37508,Nahum,Schwartzburd,8/30/63,5/4/98,1/1/99,Engineer
37519,Mandell,Munro,1/16/64,8/30/99,1/1/99,Staff
37532,Mani,Eickenmeyer,4/10/63,9/27/89,1/1/99,Technique Leader
37533,Trygve,Feldhoffer,8/9/62,7/16/90,1/1/99,Senior Staff
37541,Jongsuk,Czap,9/11/62,9/24/91,1/1/99,Senior Engineer
37543,Rosine,Matheson,11/27/63,3/13/95,1/1/99,Engineer
37558,Juichirou,Thambidurai,8/16/63,2/23/89,1/1/99,Staff
37560,Gift,Kakkar,3/10/63,3/16/97,1/1/99,Staff
37563,Alper,Awdeh,1/26/64,10/17/94,1/1/99,Technique Leader
37574,Dulce,Falster,5/20/64,4/20/02,1/1/99,Senior Staff
37575,Jaroslava,Speckmann,2/6/64,2/27/88,1/1/99,Senior Staff
37578,Arto,Etalle,9/25/63,5/28/97,1/1/99,Engineer
37590,Mohammad,Borstler,4/2/64,10/22/96,1/1/99,Engineer
37594,Hercules,Tanemo,3/5/64,8/29/99,1/1/99,Staff
37595,Serif,Salverda,8/22/64,3/7/86,1/1/99,Senior Engineer
37598,Xiaoheng,Slaats,7/24/63,1/26/92,1/1/99,Senior Staff
37603,Fumiya,Zschoche,9/28/62,9/24/93,1/1/99,Engineer
37604,Hugh,McClure,11/20/64,10/23/88,1/1/99,Staff
37605,Shigeaki,Wixon,3/9/63,2/2/97,1/1/99,Staff
37607,Toshiko,Serre,2/8/64,4/24/98,1/1/99,Staff
37609,Bogdan,Gustavson,8/9/63,12/22/88,1/1/99,Senior Engineer
37610,Katsuo,Gunderson,7/24/62,4/28/89,1/1/99,Senior Engineer
37618,Boriana,Schwartzbauer,5/8/64,11/13/90,1/1/99,Senior Engineer
37634,Surveyors,Pellegrinelli,7/4/64,4/15/88,1/1/99,Engineer
37638,Marin,Manderick,11/6/63,5/7/99,1/1/99,Staff
37639,Stafford,Lindqvist,10/25/64,10/8/93,1/1/99,Senior Engineer
37641,Pranjal,Jahnichen,8/28/63,8/26/94,1/1/99,Engineer
37670,Fumiyo,Schapiro,4/27/63,1/1/96,1/1/99,Engineer
37682,Sigeru,Akiyama,1/28/62,9/17/90,1/1/99,Senior Engineer
37684,Zhongwei,Orsini,12/25/63,3/27/96,1/1/99,Staff
37694,Moni,Peng,4/13/64,3/24/90,1/1/99,Staff
37697,Eldridge,Spelt,12/12/64,5/23/98,1/1/99,Engineer
37699,Bokyung,Mateescu,11/25/63,4/20/93,1/1/99,Engineer
37707,Moti,Usdin,1/17/63,5/10/88,1/1/99,Assistant Engineer
37715,Jackson,Cummings,5/13/63,8/7/96,1/1/99,Engineer
37718,Goncalo,Nyrup,5/22/62,11/17/85,1/1/99,Engineer
37750,Bernt,Akazan,1/10/64,10/24/92,1/1/99,Senior Engineer
37758,Hairong,Wilharm,6/26/62,3/27/98,1/1/99,Staff
37767,Siamak,Roohalamini,8/4/62,11/23/86,1/1/99,Senior Engineer
37769,Susanna,Skrikant,12/21/62,1/16/91,1/1/99,Technique Leader
37775,Kristian,Flexer,6/9/63,6/8/92,1/1/99,Senior Engineer
37780,Ohad,Cappello,10/26/63,8/17/99,1/1/99,Staff
37781,Fan,Menyhert,11/2/63,8/28/88,1/1/99,Senior Staff
37784,Noritoshi,Kakkad,1/17/64,4/20/89,1/1/99,Staff
37790,Ayakannu,Christianini,4/30/64,5/26/01,1/1/99,Engineer
37825,Tran,Schaaf,6/8/62,8/27/99,1/1/99,Senior Staff
37826,Zhongwei,Baba,11/24/63,6/21/88,1/1/99,Engineer
37827,Olivera,Zwicker,3/27/63,8/1/86,1/1/99,Staff
37836,Bokyung,Coullard,10/2/64,5/10/97,1/1/99,Staff
37837,Ranan,Hettesheimer,9/9/62,11/23/88,1/1/99,Staff
37843,Shirish,Sudbeck,6/3/64,8/30/94,1/1/99,Staff
37847,George,Botman,9/20/62,8/4/91,1/1/99,Engineer
37859,Suvo,Erdi,5/7/64,4/13/86,1/1/99,Senior Staff
37868,Rosine,Yoshimura,9/26/64,6/29/99,1/1/99,Staff
37874,Murthy,Lovengreen,3/19/64,3/3/92,1/1/99,Staff
37889,Chinho,Bruckman,7/28/62,3/15/92,1/1/99,Staff
37905,Gaurav,Gimbel,1/25/64,5/31/90,1/1/99,Engineer
37906,Yuqun,Decaestecker,10/4/64,10/19/97,1/1/99,Engineer
37933,Guoxiang,Solares,8/19/62,1/20/88,1/1/99,Senior Engineer
37936,Nevin,Mandell,1/18/62,2/23/87,1/1/99,Assistant Engineer
37938,Xudong,Melton,7/14/63,10/10/93,1/1/99,Staff
37939,Bouchung,Soloway,4/25/63,12/21/99,1/1/99,Staff
37940,Rafael,Shimshoni,4/9/64,2/4/96,1/1/99,Senior Staff
37945,Suzette,Butterworth,1/2/65,2/19/94,1/1/99,Senior Engineer
37946,Padma,Coney,3/19/64,5/14/99,1/1/99,Staff
37956,Sadok,Iwayama,1/3/63,8/7/97,1/1/99,Senior Engineer
37963,Danny,Alblas,12/21/62,10/18/95,1/1/99,Engineer
37964,Deborah,Paciorek,7/15/64,9/22/89,1/1/99,Senior Staff
37965,Stafford,Heiserman,7/23/63,10/7/98,1/1/99,Senior Staff
37979,Anyuan,Porotnikoff,8/21/62,8/20/89,1/1/99,Senior Staff
37984,Ferdinand,Pappas,6/29/62,5/15/87,1/1/99,Senior Engineer
37986,Emran,Boreale,10/31/62,9/25/85,1/1/99,Staff
37990,Bernt,Matzov,4/10/63,1/11/95,1/1/99,Senior Staff
38006,Shuichi,Schlenzig,5/3/62,8/11/85,1/1/99,Engineer
38012,Quingbo,Beznosov,6/7/64,11/26/86,1/1/99,Staff
38013,Gio,Heydon,7/8/63,12/18/95,1/1/99,Technique Leader
38023,Lunjin,Desikan,1/13/62,4/6/94,1/1/99,Staff
38026,Tokuyasu,Jiang,6/16/62,11/10/97,1/1/99,Engineer
38031,Haldun,Heijenga,7/12/63,12/21/85,1/1/99,Senior Staff
38032,Emdad,Trumbly,12/21/63,8/10/91,1/1/99,Senior Staff
38033,Mari,Emiris,4/4/64,3/3/89,1/1/99,Staff
38034,Jianhao,Wissmann,4/25/63,12/6/93,1/1/99,Staff
38039,Pranjal,Perin,7/14/64,9/23/86,1/1/99,Engineer
38040,Chinhyun,Dalphin,6/4/62,1/27/91,1/1/99,Engineer
38042,Uriel,Kemmerer,11/15/62,9/23/85,1/1/99,Senior Engineer
38043,Michaela,Randi,1/5/65,11/23/85,1/1/99,Senior Engineer
38045,Shawna,Zallocco,5/12/63,8/5/85,1/1/99,Senior Engineer
38049,Guther,Shrader,8/19/62,1/26/99,1/1/99,Senior Engineer
38062,Shuho,Vrecion,7/31/63,3/14/87,1/1/99,Senior Engineer
38069,Youjian,Verspoor,11/20/64,12/10/01,1/1/99,Assistant Engineer
38079,Georgi,Constantine,12/5/64,9/1/97,1/1/99,Senior Engineer
38092,Shuichi,Shinomoto,3/13/62,10/26/89,1/1/99,Senior Engineer
38097,Jiong,Curless,4/20/63,12/2/92,1/1/99,Engineer
38099,Clyde,Perelgut,5/2/64,3/8/90,1/1/99,Staff
38100,Weiru,Isaak,2/23/63,2/21/88,1/1/99,Senior Staff
38102,Jianhao,Harllee,8/14/64,12/31/87,1/1/99,Senior Staff
38103,Masasuke,Babu,1/12/65,3/31/88,1/1/99,Engineer
38106,Ennio,Conte,3/29/64,3/27/86,1/1/99,Senior Staff
38108,Falguni,Gustavson,11/27/62,4/12/92,1/1/99,Senior Staff
38110,Mariangiola,Francisci,4/20/64,4/3/86,1/1/99,Senior Staff
38111,Subhada,Grospietsch,7/25/64,6/17/98,1/1/99,Technique Leader
38119,Dulce,Wilharm,4/2/63,4/10/96,1/1/99,Senior Engineer
38125,Kiyokazu,Jumpertz,12/18/62,1/26/90,1/1/99,Senior Engineer
38127,Manibrata,Schapire,4/28/62,7/30/85,1/1/99,Senior Staff
38130,Teunis,Simkin,12/23/64,5/19/94,1/1/99,Staff
38131,Sugwoo,Spieker,1/6/64,4/18/95,1/1/99,Senior Staff
38133,TRUE,Brlek,12/8/63,4/26/94,1/1/99,Engineer
38135,Yechezkel,Restivo,4/1/62,5/26/97,1/1/99,Engineer
38138,Hyuncheol,Fritzsche,4/11/64,7/9/89,1/1/99,Engineer
38141,Marek,Baby,3/28/64,12/22/94,1/1/99,Assistant Engineer
38150,Oksana,Gammage,5/19/62,10/3/98,1/1/99,Senior Engineer
38161,Hercules,Baer,10/12/64,2/17/88,1/1/99,Senior Staff
38162,Sakthirel,Dichev,9/26/63,2/20/85,1/1/99,Senior Staff
38164,Nidapan,Larfeldt,12/30/62,11/9/88,1/1/99,Senior Engineer
38168,Fumiko,Deverell,1/14/65,8/15/87,1/1/99,Senior Staff
38173,Jagoda,Luck,7/28/63,9/4/97,1/1/99,Staff
38176,Isamu,Zeleznik,3/10/62,11/15/98,1/1/99,Senior Staff
38179,Jinya,Pfau,1/3/63,6/6/95,1/1/99,Engineer
38188,Hitofumi,Rothenberg,7/29/63,4/28/92,1/1/99,Senior Engineer
38199,Jacopo,Shimshoni,9/12/62,4/14/99,1/1/99,Engineer
38203,Aiichiro,Pehl,8/4/64,8/7/91,1/1/99,Senior Engineer
38205,Mori,Bahl,12/2/63,7/5/92,1/1/99,Senior Staff
38206,Ugo,Jeansoulin,5/25/62,12/30/00,1/1/99,Engineer
38210,Kristen,Hockney,10/4/62,8/14/88,1/1/99,Senior Staff
38213,Gregory,Taneja,11/27/62,11/12/97,1/1/99,Senior Staff
38218,Nimmagadda,Mahnke,1/28/63,12/26/99,1/1/99,Staff
38232,Garnik,Ginesta,5/4/62,1/17/94,1/1/99,Senior Staff
38242,Nahid,Schiper,2/23/64,5/3/96,1/1/99,Staff
38255,Zine,Flexer,5/12/62,8/28/90,1/1/99,Senior Staff
38262,Khedija,Tanemo,3/11/62,12/12/88,1/1/99,Senior Engineer
38265,Tzu,Soicher,4/12/63,8/22/99,1/1/99,Staff
38280,Lunjin,Farris,5/1/63,11/11/87,1/1/99,Staff
38285,Jixiang,Eastman,10/12/62,6/25/92,1/1/99,Senior Staff
38295,JoAnne,Perfilyeva,11/9/62,4/10/91,1/1/99,Senior Staff
38308,Adit,Alvarado,5/8/62,11/12/86,1/1/99,Senior Engineer
38314,Moty,Ranta,9/25/62,8/8/92,1/1/99,Senior Engineer
38324,Isaac,Halevi,11/6/62,10/12/97,1/1/99,Engineer
38337,Ulises,Boguraev,8/25/63,4/15/86,1/1/99,Senior Engineer
38348,Annemarie,Neiman,3/15/64,12/29/89,1/1/99,Senior Staff
38352,Feiyu,Kranzdorf,6/25/62,6/7/98,1/1/99,Senior Engineer
38361,Tonia,Comyn,12/31/64,11/30/89,1/1/99,Staff
38371,DAIDA,Zolotykh,12/2/64,11/9/88,1/1/99,Senior Staff
38374,Douadi,Rosen,6/26/62,3/11/02,1/1/99,Technique Leader
38375,Tiina,Teitelbaum,6/21/62,4/3/91,1/1/99,Staff
38380,Gio,Holburn,4/7/64,1/23/96,1/1/99,Engineer
38382,Susanna,Usdin,9/7/63,1/20/00,1/1/99,Engineer
38387,Jianhui,Coney,2/1/63,4/27/98,1/1/99,Staff
38389,Zita,Picht,12/16/64,1/20/93,1/1/99,Senior Engineer
38391,Martial,Syrotiuk,3/15/63,3/31/97,1/1/99,Engineer
38393,Yechiam,Waleschkowski,7/14/64,12/8/88,1/1/99,Senior Staff
38396,Kazuhiko,Parveen,4/25/63,1/12/00,1/1/99,Engineer
38398,Kristina,Magliocco,7/10/63,2/6/93,1/1/99,Senior Engineer
38401,Vesna,Kisuki,8/10/63,2/5/95,1/1/99,Engineer
38404,Atilio,Selvestrel,2/19/63,11/18/01,1/1/99,Engineer
38405,Haldun,Frezza,3/7/63,7/9/94,1/1/99,Staff
38407,Chinya,Pfau,8/26/64,11/25/99,1/1/99,Engineer
38409,Nobuyoshi,Schach,5/24/63,8/18/96,1/1/99,Senior Engineer
38419,Shahar,Geffroy,4/21/63,9/19/85,1/1/99,Senior Staff
38420,Tsuneo,Tischendorf,6/28/63,11/6/97,1/1/99,Staff
38423,Kamakshi,Jayawardene,2/18/64,3/20/97,1/1/99,Engineer
38424,Deniz,Rissanen,5/3/62,10/9/96,1/1/99,Senior Staff
38429,Magy,Nitta,8/30/62,10/12/91,1/1/99,Senior Engineer
38439,Dannz,Zongker,11/30/64,5/18/89,1/1/99,Staff
38454,Pranas,Serra,4/9/63,10/12/91,1/1/99,Senior Engineer
38459,Yongdong,Eugenio,3/3/62,1/3/99,1/1/99,Engineer
38460,Chuanyi,Vanwelkenhuysen,4/1/63,7/13/99,1/1/99,Technique Leader
38462,Insup,Zaccaria,8/30/64,3/21/98,1/1/99,Engineer
38465,Nalini,Jonsson,11/2/64,10/1/96,1/1/99,Engineer
38466,Phuoc,Geffroy,10/29/63,9/5/95,1/1/99,Staff
38467,Leandro,Langford,12/23/63,11/7/85,1/1/99,Senior Staff
38470,Kagan,Yamaashi,10/15/64,3/10/95,1/1/99,Senior Staff
38490,Susanna,Koshino,11/19/63,9/3/87,1/1/99,Engineer
38493,Shuho,Bahk,5/3/64,8/5/89,1/1/99,Senior Engineer
38496,Tesuya,Rubsam,7/25/64,7/17/96,1/1/99,Engineer
38504,Gila,Uehara,9/23/64,10/16/98,1/1/99,Technique Leader
38505,Erez,Marciano,6/2/62,10/20/87,1/1/99,Senior Staff
38509,Angus,Armand,6/20/64,4/3/90,1/1/99,Engineer
38515,Djenana,Botman,9/24/62,9/5/94,1/1/99,Engineer
38522,Aksel,Joslin,9/27/62,10/25/96,1/1/99,Senior Staff
38528,Stabislas,Pellegrinelli,8/8/63,6/20/93,1/1/99,Senior Staff
38530,Sariel,Merey,8/10/62,1/28/96,1/1/99,Engineer
38531,Keung,Herath,11/7/62,12/15/88,1/1/99,Senior Engineer
38534,Arvin,Verhaegen,2/15/62,7/31/99,1/1/99,Staff
38538,Janalee,Gammage,6/29/62,11/1/98,1/1/99,Staff
38544,Berni,Harllee,2/11/63,3/31/87,1/1/99,Senior Staff
38549,Otmar,Zucker,5/18/63,12/22/88,1/1/99,Staff
38550,JoAnne,Baez,1/14/65,2/16/87,1/1/99,Senior Engineer
38559,Weiyi,Bhattacharjee,8/2/62,2/12/87,1/1/99,Engineer
38560,Froduald,Gornas,2/18/62,4/10/97,1/1/99,Senior Staff
38563,Satosi,Garigliano,6/26/63,4/14/99,1/1/99,Staff
38565,Susanna,Uludag,7/27/62,11/25/99,1/1/99,Senior Engineer
38572,Yishai,Unni,9/25/62,9/18/85,1/1/99,Engineer
38577,Shan,Ranon,12/27/64,9/22/90,1/1/99,Engineer
38579,Ortrun,Olivero,5/5/62,5/18/86,1/1/99,Senior Engineer
38584,Yuichiro,Uchoa,11/25/63,6/17/94,1/1/99,Engineer
38588,Krister,Knightly,2/17/62,3/12/97,1/1/99,Staff
38593,Huei,Orsini,1/14/65,6/4/86,1/1/99,Senior Engineer
38605,Maia,Fioravanti,7/11/62,5/5/90,1/1/99,Senior Engineer
38606,Yishay,Kroll,11/3/62,9/14/93,1/1/99,Senior Engineer
38607,Mohamadou,Talmor,5/3/62,10/18/89,1/1/99,Senior Engineer
38627,Denis,Angelov,8/25/64,11/22/89,1/1/99,Staff
38630,Khaled,Zlotek,9/6/63,4/16/92,1/1/99,Senior Staff
38632,Yechiam,Simmen,12/3/64,6/3/88,1/1/99,Senior Staff
38640,Berry,Trumbly,6/11/62,5/15/91,1/1/99,Engineer
38642,Zejun,Birge,7/11/63,6/12/94,1/1/99,Staff
38647,Sandeepan,Codenie,10/18/64,11/22/93,1/1/99,Staff
38650,Shuji,Krzyzanowski,2/10/63,1/25/94,1/1/99,Engineer
38655,Zhonghua,Oaver,5/2/63,12/24/90,1/1/99,Engineer
38660,Jayesh,Sudbeck,9/11/62,12/3/01,1/1/99,Staff
38662,Weiru,Fandrianto,9/12/63,11/16/97,1/1/99,Technique Leader
38667,Xiaobin,Terekhov,12/11/63,4/26/91,1/1/99,Senior Staff
38668,Clyde,Kroha,6/22/64,12/9/99,1/1/99,Staff
38673,Tomoyuki,Sethi,1/16/64,11/3/93,1/1/99,Senior Engineer
38675,Mong,DasSarma,5/28/62,12/23/94,1/1/99,Senior Engineer
38685,Jordanka,Borovoy,1/27/62,2/15/86,1/1/99,Staff
38686,Aral,Spinelli,4/11/64,1/25/96,1/1/99,Staff
38690,Ipke,Schnabel,2/28/62,7/7/95,1/1/99,Senior Staff
38698,Tommaso,Marwedel,8/20/64,7/26/88,1/1/99,Staff
38699,Sudharsan,Kakkad,5/15/64,9/11/97,1/1/99,Senior Staff
38712,Sanjoy,Lanphier,8/10/63,11/24/85,1/1/99,Engineer
38713,Dmitry,Kading,8/29/64,5/19/95,1/1/99,Senior Engineer
38714,Uri,Thombley,12/27/62,9/23/89,1/1/99,Senior Engineer
38726,Emdad,Seiwald,5/3/63,2/13/95,1/1/99,Engineer
38731,Ingmar,VanScheik,4/13/62,7/23/99,1/1/99,Staff
38736,Xudong,Ranum,7/23/62,4/9/85,1/1/99,Technique Leader
38737,Owen,Herbst,7/13/62,9/25/89,1/1/99,Senior Staff
38739,Bedrich,VanScheik,7/1/63,4/7/98,1/1/99,Senior Staff
38744,Richard,DasSarma,4/10/63,5/11/90,1/1/99,Senior Engineer
38746,Saeko,Salvesen,2/20/62,9/6/85,1/1/99,Senior Engineer
38750,Thanasis,Pesch,4/11/62,10/6/97,1/1/99,Staff
38752,Josyula,Conde,1/27/62,11/22/98,1/1/99,Technique Leader
38757,Qingxiang,Asrin,8/6/64,5/17/92,1/1/99,Senior Staff
38758,Kerhong,Antonakopoulos,8/15/62,4/1/87,1/1/99,Engineer
38769,Pasqua,Sethi,1/13/64,5/20/97,1/1/99,Assistant Engineer
38775,Mariangiola,Zobel,4/2/64,7/14/91,1/1/99,Engineer
38777,Qunsheng,Kobuchi,1/5/62,4/16/94,1/1/99,Staff
38778,Fumiko,Srimani,8/13/64,2/20/99,1/1/99,Assistant Engineer
38780,Kenroku,Aloia,10/12/63,8/14/87,1/1/99,Senior Staff
38786,Cordelia,Denna,10/31/62,6/10/02,1/1/99,Senior Engineer
38788,Ferdinand,Stasinski,10/8/64,1/2/99,1/1/99,Senior Staff
38792,Hitomi,Milicia,1/5/64,6/18/85,1/1/99,Senior Staff
38795,Claudi,Gyimothy,11/22/64,2/26/92,1/1/99,Senior Engineer
38817,Douadi,Pashtan,7/4/64,8/21/98,1/1/99,Staff
38819,Shaowei,Barbanera,6/28/62,9/8/85,1/1/99,Senior Engineer
38823,Jaana,Staelin,7/12/63,7/23/95,1/1/99,Senior Engineer
38826,Paris,Wrigley,1/3/63,8/1/85,1/1/99,Senior Engineer
38828,Ronghao,Baar,7/31/64,5/16/94,1/1/99,Staff
38829,Anestis,Staelin,11/25/62,1/28/88,1/1/99,Technique Leader
38831,Miyeon,Denny,5/25/64,2/23/97,1/1/99,Staff
38832,Kerhong,Klyachko,10/16/63,12/10/91,1/1/99,Engineer
38839,Lunjin,Kirkerud,1/17/63,3/5/98,1/1/99,Staff
38856,Tse,Broder,6/26/64,6/27/89,1/1/99,Staff
38861,Pasqua,Masand,3/19/64,3/24/89,1/1/99,Senior Engineer
38864,Vincent,Gill,8/10/63,1/13/98,1/1/99,Engineer
38872,Nakhoon,Cyre,9/7/63,8/22/85,1/1/99,Senior Staff
38874,Shahar,Bernick,9/23/63,7/8/95,1/1/99,Staff
38877,Guadalupe,Pollock,6/11/63,1/1/97,1/1/99,Senior Engineer
38882,Aemilian,Gimarc,1/21/62,10/30/96,1/1/99,Engineer
38892,Khoa,Ghazalie,7/7/64,5/6/95,1/1/99,Technique Leader
38894,Martijn,Schach,12/28/62,10/19/92,1/1/99,Senior Staff
38895,Alair,Mapelli,12/4/62,12/21/95,1/1/99,Staff
38896,Mayuri,Ratnakar,9/12/63,5/1/93,1/1/99,Staff
38904,Surveyors,Ghelli,11/13/63,9/27/97,1/1/99,Senior Staff
38920,Pintsang,Manders,11/2/64,4/20/88,1/1/99,Senior Engineer
38926,Wanqing,Perl,5/8/64,8/1/92,1/1/99,Senior Staff
38927,Adit,Schapiro,10/18/62,3/5/97,1/1/99,Engineer
38945,Kazuhito,Olivero,3/28/63,5/7/87,1/1/99,Engineer
38947,Shuichi,Ruemmler,1/25/65,4/8/98,1/1/99,Staff
38950,Stella,Aseltine,6/9/64,3/19/85,1/1/99,Senior Engineer
38954,Huan,Luff,12/14/64,11/2/90,1/1/99,Staff
38956,Tesuro,Flanders,12/4/64,2/24/00,1/1/99,Staff
38957,Brewster,Ramsay,1/28/63,1/7/89,1/1/99,Senior Staff
38966,Sanjai,Schoegge,7/30/62,7/6/99,1/1/99,Staff
38973,Bartek,Anily,12/27/62,2/28/97,1/1/99,Staff
38985,Kellie,Braunschweig,7/3/63,3/22/90,1/1/99,Senior Staff
38994,Yucai,Apsitis,6/4/63,2/2/92,1/1/99,Staff
38996,Berry,Panwar,3/5/62,12/10/96,1/1/99,Senior Engineer
39000,Martijn,Vendrig,1/8/65,3/3/97,1/1/99,Staff
39002,Wojceich,Peek,8/10/64,9/9/88,1/1/99,Senior Staff
39003,Mayuri,Honiden,4/24/63,3/14/97,1/1/99,Engineer
39006,Lillian,Fabrizio,3/9/63,6/11/92,1/1/99,Senior Engineer
39029,Arto,Farrel,9/21/62,10/6/85,1/1/99,Senior Engineer
39030,Stepehn,Luon,5/4/62,2/10/87,1/1/99,Engineer
39033,Fun,Lung,1/22/62,6/1/02,1/1/99,Staff
39036,Changho,Cappelli,1/8/65,5/4/96,1/1/99,Staff
39037,TRUE,Fortenbacher,3/4/62,2/13/96,1/1/99,Engineer
39045,Abdelwaheb,Noriega,7/27/62,3/6/88,1/1/99,Senior Engineer
39053,Lalit,Grospietsch,3/27/63,7/18/93,1/1/99,Staff
39057,Rafail,Ferriere,1/7/64,1/12/00,1/1/99,Technique Leader
39062,Remmert,Baar,3/22/62,10/13/99,1/1/99,Engineer
39066,Fun,Dichev,7/16/63,4/23/96,1/1/99,Senior Staff
39067,Phillip,Christianini,6/6/62,4/16/93,1/1/99,Engineer
39073,Abdulah,Hiltgen,3/24/62,9/3/90,1/1/99,Senior Staff
39074,Subbu,Conry,8/22/64,8/14/91,1/1/99,Engineer
39091,Ugo,Merli,7/8/62,1/8/90,1/1/99,Staff
39095,Jeane,Linares,9/17/62,2/2/96,1/1/99,Staff
39101,Nalini,Leivant,11/13/64,2/11/92,1/1/99,Senior Staff
39102,Seongbae,Goodrum,5/31/62,2/5/98,1/1/99,Senior Engineer
39103,Barna,Smailagic,4/17/62,4/20/95,1/1/99,Staff
39110,Ramalingam,Navazio,11/22/64,11/2/95,1/1/99,Technique Leader
39115,Subir,Mungall,10/15/63,6/14/96,1/1/99,Senior Staff
39117,Lunjin,Setia,5/1/64,6/25/86,1/1/99,Engineer
39133,Chriss,Perin,2/9/62,12/10/96,1/1/99,Engineer
39142,Hyuckchul,Holburn,2/2/63,12/24/89,1/1/99,Senior Engineer
39146,Satoru,Anger,11/10/62,8/4/96,1/1/99,Staff
39147,Marl,Slaats,12/26/63,11/10/97,1/1/99,Staff
39148,Eirik,Mayerwieser,8/24/64,7/6/97,1/1/99,Senior Staff
39149,Genevieve,Argence,3/3/63,12/23/96,1/1/99,Senior Engineer
39154,Eric,Chepyzhov,9/8/63,6/11/86,1/1/99,Senior Engineer
39157,Qingxiang,Lamparter,4/15/62,8/1/90,1/1/99,Staff
39160,Masaki,Apsitis,1/16/64,4/10/96,1/1/99,Senior Staff
39161,Basim,Panangaden,1/12/64,7/27/86,1/1/99,Senior Engineer
39170,Moriyoshi,Oxman,3/27/64,6/3/93,1/1/99,Senior Staff
39177,Zhanqiu,Nooteboom,6/29/62,10/23/96,1/1/99,Senior Staff
39180,Lidong,Morrey,1/11/62,5/5/93,1/1/99,Engineer
39183,Anneke,Khasidashvili,7/24/63,5/4/90,1/1/99,Senior Engineer
39187,Hatem,Paciorek,10/2/62,12/16/94,1/1/99,Engineer
39198,Christoper,Zockler,10/8/62,7/27/85,1/1/99,Staff
39202,Kayoko,Zockler,11/14/62,5/26/90,1/1/99,Senior Staff
39213,Alselm,Morrow,8/8/62,6/5/94,1/1/99,Senior Engineer
39214,Duke,Birsak,6/10/64,4/13/00,1/1/99,Staff
39223,Monique,Fetvedt,7/25/62,10/4/85,1/1/99,Staff
39233,Zsolt,Impagliazzo,10/6/63,3/31/93,1/1/99,Senior Staff
39245,Mabhin,Juneja,11/20/64,7/24/90,1/1/99,Engineer
39250,Somnath,Schlumberger,10/7/62,1/27/88,1/1/99,Staff
39257,Youjian,Narahara,8/25/62,4/18/96,1/1/99,Technique Leader
39273,Niclas,Benantar,10/19/63,12/1/88,1/1/99,Staff
39277,Feipei,Hasenauer,1/27/62,7/11/91,1/1/99,Engineer
39287,Takahito,Arlazarov,2/22/63,12/20/89,1/1/99,Staff
39288,Unal,Angiulli,12/16/62,4/8/99,1/1/99,Staff
39299,Xiaoqiang,Quadeer,12/25/64,6/29/85,1/1/99,Senior Engineer
39301,Rimon,Kawashima,1/7/65,2/6/92,1/1/99,Senior Staff
39306,Hidefumi,Fasbender,5/12/64,1/18/98,1/1/99,Staff
39307,KayLiang,Ibel,9/16/64,6/12/86,1/1/99,Senior Engineer
39310,Ronghao,Gargeya,3/24/62,11/5/95,1/1/99,Assistant Engineer
39311,Tamiya,Thombley,11/9/62,6/23/99,1/1/99,Engineer
39312,Goh,Cmelik,12/14/63,2/21/88,1/1/99,Senior Staff
39327,Tristan,Suri,6/29/64,1/8/93,1/1/99,Senior Engineer
39329,Yuichiro,Benveniste,3/11/63,6/23/98,1/1/99,Senior Staff
39335,Katsuyuki,Setlzner,9/14/64,8/20/99,1/1/99,Staff
39341,Mahmut,Lampe,1/1/65,5/11/85,1/1/99,Engineer
39343,Prodip,Kossowski,6/3/63,6/12/86,1/1/99,Senior Engineer
39348,Shaleah,Gerlach,12/8/62,2/26/85,1/1/99,Senior Staff
39350,Fumitaka,Chenney,7/13/63,4/18/99,1/1/99,Staff
39357,Achilleas,Ushiama,10/2/62,6/24/97,1/1/99,Staff
39358,Zongyan,Flasterstein,11/21/64,12/17/86,1/1/99,Technique Leader
39362,Shugo,Feldhoffer,6/26/64,3/14/87,1/1/99,Senior Engineer
39370,Seongbin,Morrow,2/23/62,9/3/00,1/1/99,Senior Staff
39372,Sanjay,Luon,11/7/62,7/2/94,1/1/99,Staff
39378,Kristen,Parhami,11/5/62,3/27/94,1/1/99,Senior Engineer
39379,Zhiwei,Krzyzanowski,10/12/64,8/22/97,1/1/99,Senior Staff
39385,Eben,Molenaar,2/28/63,5/11/99,1/1/99,Staff
39389,Mary,Wroclawski,8/2/63,7/22/86,1/1/99,Senior Engineer
39390,Toong,Dalphin,1/4/62,8/2/90,1/1/99,Staff
39393,Deborah,Melichar,10/20/64,6/29/97,1/1/99,Engineer
39395,Kwok,Sommer,5/5/62,4/26/97,1/1/99,Staff
39397,Ioana,Spinelli,9/28/63,7/19/97,1/1/99,Assistant Engineer
39398,Jinpo,Genin,12/12/64,12/21/91,1/1/99,Senior Staff
39404,Susumu,Gide,10/2/63,8/21/90,1/1/99,Senior Engineer
39410,Heng,Lortz,12/23/63,3/3/86,1/1/99,Engineer
39414,Bouchung,Litecky,12/22/62,3/13/85,1/1/99,Engineer
39432,Ymte,Leivant,9/2/64,1/8/00,1/1/99,Engineer
39437,Goncalo,Haldar,1/20/62,10/7/93,1/1/99,Staff
39440,Tzvetan,Aloisi,6/20/62,8/10/98,1/1/99,Engineer
39446,Vishwani,Baik,8/24/64,8/21/92,1/1/99,Senior Engineer
39448,Yunming,Ushiama,11/22/62,1/27/88,1/1/99,Senior Staff
39449,Xiahua,Litzler,4/7/64,12/15/88,1/1/99,Senior Staff
39451,Yuriy,Manderick,6/8/63,2/19/99,1/1/99,Staff
39452,Shen,Schmezko,3/19/63,4/8/85,1/1/99,Assistant Engineer
39459,Bojan,Coorg,3/8/63,11/20/98,1/1/99,Staff
39461,Reinhard,Liesche,8/21/63,5/4/85,1/1/99,Senior Engineer
39467,Behnaam,Msuda,6/12/62,5/8/86,1/1/99,Senior Engineer
39490,Shietung,Decaestecker,1/19/64,1/4/91,1/1/99,Staff
39496,Subhankar,Comte,3/1/62,9/22/94,1/1/99,Senior Staff
39498,Parke,Borstler,11/25/62,9/23/97,1/1/99,Engineer
39508,Denny,Meszaros,10/11/63,3/24/85,1/1/99,Senior Staff
39509,Seongbae,Hainaut,10/18/62,2/22/98,1/1/99,Engineer
39520,Danny,Auyong,10/14/64,4/25/94,1/1/99,Engineer
39521,Sajjad,Garnham,5/24/64,3/22/94,1/1/99,Senior Staff
39540,Leandro,Maginnis,8/14/63,5/9/86,1/1/99,Engineer
39541,Pradeep,Cappelli,5/9/64,8/8/99,1/1/99,Engineer
39546,Rafael,Terlouw,11/17/62,7/31/92,1/1/99,Engineer
39548,Ger,Iivonen,12/3/64,12/7/01,1/1/99,Engineer
39550,Mariusz,Holburn,12/3/64,12/21/99,1/1/99,Staff
39558,Shichao,Frolund,7/15/64,9/11/85,1/1/99,Senior Engineer
39561,Basim,Koyama,4/9/62,10/28/97,1/1/99,Staff
39565,Mircea,Kisuki,6/15/64,7/15/01,1/1/99,Senior Staff
39567,Francesca,Kragelund,9/6/63,10/5/99,1/1/99,Staff
39574,Sorina,Ponthieu,8/14/63,2/5/00,1/1/99,Staff
39576,Uri,Edelhoff,11/6/64,8/28/95,1/1/99,Engineer
39578,Florina,Muniz,9/1/63,7/12/91,1/1/99,Senior Engineer
39581,Juichirou,Pews,1/8/63,5/9/98,1/1/99,Engineer
39584,Vincent,Cools,7/28/63,8/14/99,1/1/99,Senior Engineer
39588,Pragnesh,Klerer,9/6/62,2/28/94,1/1/99,Assistant Engineer
39596,Toshimori,Kadhim,11/7/64,1/28/97,1/1/99,Staff
39598,Behnaam,Docker,10/9/64,11/24/92,1/1/99,Assistant Engineer
39602,Fatemeh,Coorg,12/4/63,10/9/96,1/1/99,Engineer
39606,Lakshmi,Peir,9/17/62,3/19/92,1/1/99,Engineer
39617,Ziva,Christ,1/31/63,5/4/98,1/1/99,Assistant Engineer
39620,Geraldo,Matheson,3/1/62,11/22/92,1/1/99,Senior Staff
39622,Mansur,Dayana,4/17/64,7/28/95,1/1/99,Senior Engineer
39625,JiYoung,Thiran,10/26/64,5/23/88,1/1/99,Senior Engineer
39626,Shigehito,Busillo,4/16/62,10/8/98,1/1/99,Senior Engineer
39628,Itzchak,Demri,1/4/62,4/18/95,1/1/99,Staff
39632,Xuejun,Oxman,4/1/62,9/9/92,1/1/99,Senior Engineer
39635,Junsik,Keirsey,12/9/63,3/17/88,1/1/99,Senior Engineer
39639,Leen,Fordan,12/7/62,10/18/00,1/1/99,Senior Staff
39643,Olivera,Langford,12/6/62,2/19/86,1/1/99,Engineer
39645,Deniz,Nicolson,3/25/62,4/13/90,1/1/99,Senior Staff
39660,Goo,Hammerschmidt,9/29/63,12/20/96,1/1/99,Senior Staff
39661,Hercules,Eiter,8/5/62,10/2/93,1/1/99,Senior Engineer
39665,Hidekazu,Demian,11/7/62,8/9/87,1/1/99,Staff
39670,Marie,Cullers,11/14/62,5/11/97,1/1/99,Engineer
39680,Jagoda,Schrooten,11/23/62,12/1/90,1/1/99,Senior Staff
39681,Aiman,Pulkowski,1/9/62,8/22/95,1/1/99,Senior Staff
39685,Gudjon,Leonhardt,3/10/64,7/27/92,1/1/99,Staff
39699,Masami,Merro,2/6/64,10/31/89,1/1/99,Senior Engineer
39700,Christfried,Arlazarov,4/4/64,5/11/89,1/1/99,Senior Engineer
39710,Byong,Barbanera,9/18/62,11/3/95,1/1/99,Staff
39714,Kolar,Dehkordi,3/14/63,4/3/87,1/1/99,Senior Engineer
39728,Dekang,Fadgyas,7/19/62,9/7/88,1/1/99,Senior Staff
39740,Lucien,Hainaut,6/30/64,6/15/88,1/1/99,Engineer
39741,Nalini,Paciorek,11/22/63,5/12/96,1/1/99,Senior Staff
39745,Otilia,Vidal,10/27/63,7/2/93,1/1/99,Engineer
39750,Jingling,Klyachko,2/28/63,10/25/91,1/1/99,Senior Engineer
39761,Marie,Laventhal,11/17/63,7/8/91,1/1/99,Senior Engineer
39763,Sedat,Rattan,1/8/62,11/6/89,1/1/99,Senior Engineer
39764,Woody,Schapire,8/4/62,9/9/86,1/1/99,Senior Staff
39768,Kristen,Serna,4/16/64,11/21/97,1/1/99,Senior Engineer
39771,Tzvetan,Ramsay,4/28/63,6/11/88,1/1/99,Technique Leader
39776,Steen,Rossi,3/15/64,12/13/89,1/1/99,Senior Staff
39781,Feiyu,Comte,10/5/63,6/25/94,1/1/99,Engineer
39786,Maris,Compeau,2/2/63,2/6/96,1/1/99,Staff
39788,Chuanyi,Kalafatis,3/25/63,1/20/96,1/1/99,Staff
39790,Kiyotoshi,Henders,7/27/62,8/29/85,1/1/99,Engineer
39792,Susanne,Bage,3/20/62,1/28/94,1/1/99,Engineer
39799,Sariel,Garnham,9/22/62,1/19/96,1/1/99,Engineer
39800,Takushi,Randt,10/5/64,8/25/91,1/1/99,Staff
39805,Wanqing,Velasco,6/8/62,11/14/96,1/1/99,Staff
39814,Kristen,Tomescu,5/7/64,1/4/91,1/1/99,Senior Staff
39823,Khalid,Caine,10/12/63,3/22/86,1/1/99,Senior Engineer
39824,Eran,Yavatkar,4/23/64,4/30/94,1/1/99,Staff
39828,Youjian,Menyhert,12/15/64,3/20/92,1/1/99,Senior Engineer
39829,Holgard,Trelles,4/21/64,3/3/85,1/1/99,Staff
39832,Wilmer,Antonakopoulos,9/28/62,5/24/85,1/1/99,Senior Staff
39838,Shimshon,Pillow,8/18/64,8/2/99,1/1/99,Engineer
39845,Mart,Pavlopoulou,9/16/63,2/5/91,1/1/99,Engineer
39850,Mabo,Plump,9/28/63,5/11/99,1/1/99,Engineer
39855,Heather,Pagter,4/25/63,1/14/89,1/1/99,Senior Engineer
39856,Goo,Barinka,9/29/63,5/28/98,1/1/99,Staff
39860,Pramod,Rosaz,10/22/64,5/17/99,1/1/99,Engineer
39862,Shmuel,Narahara,2/20/62,4/14/91,1/1/99,Staff
39865,Candida,Hebden,5/19/63,6/18/92,1/1/99,Technique Leader
39874,Hinrich,Herath,4/15/62,3/26/91,1/1/99,Senior Staff
39877,Uli,Strandh,10/31/64,12/8/00,1/1/99,Engineer
39885,Sergi,Malabarba,2/15/64,12/30/94,1/1/99,Assistant Engineer
39894,Shietung,Improta,5/15/63,8/27/90,1/1/99,Senior Engineer
39899,Danil,Decleir,9/19/63,2/7/90,1/1/99,Engineer
39907,Avishai,Akiyama,1/24/62,7/4/87,1/1/99,Senior Engineer
39911,Paddy,Levergood,12/12/63,12/3/89,1/1/99,Staff
39913,Abdelwaheb,Menyhert,11/20/62,7/12/99,1/1/99,Staff
39916,Hiroyasu,Anger,6/30/63,12/30/93,1/1/99,Engineer
39920,Malu,Macedo,8/4/62,7/5/85,1/1/99,Senior Staff
39921,Yucai,Collavizza,5/10/63,1/22/93,1/1/99,Engineer
39922,Duangkaew,Frijda,9/16/62,9/19/88,1/1/99,Senior Engineer
39931,Chenxi,Rodiger,2/6/63,6/3/98,1/1/99,Staff
39932,Berthier,Esposito,2/24/62,7/18/94,1/1/99,Staff
39935,Sanjoy,Georg,10/2/62,5/26/90,1/1/99,Engineer
39943,Rafael,Benaini,2/15/64,12/21/98,1/1/99,Staff
39948,Gino,Rotem,1/16/64,12/31/86,1/1/99,Senior Staff
39952,Otmar,Sudbeck,1/2/65,7/22/98,1/1/99,Staff
39956,Haldun,Monkewich,6/27/64,5/29/85,1/1/99,Senior Engineer
39957,Kazuhisa,Ananiadou,12/26/64,11/4/88,1/1/99,Senior Staff
39964,Almudena,Dratva,5/8/63,4/6/91,1/1/99,Senior Staff
39965,Yagil,Weedman,12/26/64,6/29/87,1/1/99,Senior Staff
39977,Xumin,Renear,6/1/62,1/22/90,1/1/99,Engineer
39997,Kamran,Chachaty,10/4/63,9/28/85,1/1/99,Engineer
39999,Uri,Erez,6/17/63,10/2/99,1/1/99,Engineer
40006,Basim,Panienski,11/7/62,1/13/00,1/1/99,Engineer
40016,Kristinn,Staudhammer,1/1/64,9/27/94,1/1/99,Senior Engineer
40020,Aria,Perng,3/2/64,2/13/87,1/1/99,Engineer
40024,Jackson,Schaar,7/2/62,6/1/97,1/1/99,Staff
40034,Kayoko,Pews,3/27/62,12/10/86,1/1/99,Senior Staff
40037,Divine,Verhoeff,8/15/63,1/15/96,1/1/99,Engineer
40038,Kristin,Zaumen,1/9/64,2/21/97,1/1/99,Staff
40061,Keiichiro,Murthy,4/12/64,4/9/97,1/1/99,Staff
40064,Koichi,Holburn,11/14/63,2/6/91,1/1/99,Senior Staff
40065,Randy,Reutenauer,9/19/64,5/7/95,1/1/99,Engineer
40066,Ger,Merel,10/15/63,4/3/88,1/1/99,Senior Engineer
40074,Gio,Speek,8/19/62,1/11/98,1/1/99,Senior Engineer
40077,Carrsten,Vidya,6/9/62,4/8/89,1/1/99,Senior Engineer
40079,Shahid,Peltason,11/3/62,3/19/95,1/1/99,Senior Engineer
40081,Djelloul,Fadgyas,5/10/62,1/10/91,1/1/99,Senior Staff
40090,Hilary,Pero,8/1/64,10/4/95,1/1/99,Engineer
40092,Berhard,Waymire,5/23/63,11/18/92,1/1/99,Senior Staff
40099,Radhakrishnan,Smailagic,4/5/64,11/9/87,1/1/99,Senior Staff
40100,Sanjit,Decleir,8/29/64,9/25/99,1/1/99,Staff
40115,Mingdong,Underwood,8/21/63,10/5/91,1/1/99,Senior Engineer
40121,Moni,Lindenbaum,11/11/64,3/21/94,1/1/99,Engineer
40125,Diederik,Warwick,5/14/64,9/2/93,1/1/99,Engineer
40130,Marjo,Baaz,11/8/64,9/20/91,1/1/99,Staff
40132,Radhika,Karner,2/21/62,12/8/95,1/1/99,Engineer
40138,Youjian,Wroclawski,6/7/62,5/24/00,1/1/99,Senior Staff
40140,Sachin,Pesch,11/1/63,12/16/91,1/1/99,Senior Staff
40143,Babette,Tsukune,3/28/63,8/14/96,1/1/99,Senior Staff
40146,Masaru,Badache,1/15/64,7/4/99,1/1/99,Engineer
40153,Djenana,Backhouse,3/1/62,4/28/97,1/1/99,Engineer
40155,Arno,Eppinger,5/14/62,12/13/86,1/1/99,Staff
40162,Chuanyi,Selenyi,7/21/62,3/15/94,1/1/99,Senior Staff
40163,Luisa,Usery,5/24/63,6/25/96,1/1/99,Staff
40176,Falguni,Nyanchama,1/20/62,11/4/98,1/1/99,Staff
40179,Bowen,Rosis,12/12/62,2/1/00,1/1/99,Engineer
40180,Masato,Serot,5/23/64,6/5/97,1/1/99,Staff
40184,Zvonko,Aamodt,2/27/62,7/5/96,1/1/99,Senior Engineer
40190,Giao,Baek,8/2/64,6/10/99,1/1/99,Senior Engineer
40192,Zeydy,Heystek,8/19/64,9/11/87,1/1/99,Senior Staff
40194,Mohamadou,Munoz,9/17/62,9/21/97,1/1/99,Engineer
40201,Zhonghua,Taneja,8/11/64,11/20/94,1/1/99,Staff
40202,Ingmar,Nastansky,12/26/62,9/6/95,1/1/99,Senior Engineer
40206,Alassane,Kowalchuk,11/21/62,9/23/86,1/1/99,Senior Engineer
40207,Weiye,Muhling,3/2/63,7/27/89,1/1/99,Senior Engineer
40211,Laurentiu,Zielinski,6/29/62,8/31/93,1/1/99,Senior Engineer
40215,Chuanti,Erbe,12/5/63,3/20/90,1/1/99,Assistant Engineer
40218,Petter,Muchinsky,8/25/63,1/24/88,1/1/99,Staff
40223,Guangming,Lindenbaum,12/24/64,6/14/89,1/1/99,Senior Staff
40236,Kerryn,Vecchio,7/26/63,8/11/87,1/1/99,Senior Staff
40239,Zeljko,Suwa,1/26/64,1/31/97,1/1/99,Staff
40269,Toshiki,Ghazalie,1/10/65,12/5/91,1/1/99,Staff
40271,Shigeaki,Decaestecker,7/29/64,5/29/96,1/1/99,Staff
40277,Nadjib,Pargaonkar,7/6/62,7/16/87,1/1/99,Engineer
40278,Sandeepan,Ligten,5/27/63,4/6/85,1/1/99,Senior Engineer
40280,Abdelaziz,Juneja,4/17/62,5/9/96,1/1/99,Engineer
40283,Sudhanshu,Boissier,1/7/65,5/11/85,1/1/99,Engineer
40287,Gurbir,Feldmann,6/18/64,9/15/90,1/1/99,Senior Staff
40292,Perry,Smailagic,2/23/64,6/4/92,1/1/99,Senior Engineer
40295,Marsja,Vernadat,4/24/62,12/27/86,1/1/99,Senior Staff
40297,Ingemar,Hagimont,12/10/63,2/21/96,1/1/99,Staff
40299,Uwe,Minakawa,12/10/64,8/20/97,1/1/99,Senior Engineer
40301,Spyrose,Felder,1/20/65,10/20/97,1/1/99,Senior Engineer
40304,Leon,Luan,9/17/62,9/1/91,1/1/99,Senior Staff
40330,Jiafu,Hinsberger,7/25/63,12/14/97,1/1/99,Engineer
40339,Aleksandar,Lammel,11/22/64,5/18/95,1/1/99,Senior Staff
40346,Frederique,Masada,3/26/62,7/11/98,1/1/99,Technique Leader
40349,Kristof,Weisert,2/10/64,4/24/97,1/1/99,Engineer
40352,Mack,Felder,9/15/63,12/18/98,1/1/99,Staff
40355,Mostafa,Weedman,11/1/63,11/12/98,1/1/99,Staff
40356,Gregory,Xiaoshan,6/8/63,6/9/88,1/1/99,Technique Leader
40357,Chaosheng,Mandell,5/8/62,6/21/87,1/1/99,Technique Leader
40363,Aksel,Swen,3/24/63,7/31/99,1/1/99,Assistant Engineer
40370,Ioana,Dulli,4/29/62,8/12/88,1/1/99,Engineer
40378,Khalil,Baak,4/18/64,10/2/93,1/1/99,Engineer
40385,Phuoc,Gulak,6/8/62,6/12/98,1/1/99,Senior Engineer
40386,Parto,Chiola,5/16/62,8/26/92,1/1/99,Senior Engineer
40390,Hausi,Aloisi,4/1/64,3/20/85,1/1/99,Engineer
40410,Keiichiro,Esposito,4/11/64,4/7/96,1/1/99,Assistant Engineer
40411,Ute,Stifter,6/22/63,7/26/89,1/1/99,Staff
40418,Teruyuki,Christianini,7/3/64,4/9/90,1/1/99,Engineer
40425,Fay,Zucker,1/10/63,6/9/88,1/1/99,Engineer
40443,Yinlin,Rissland,7/24/62,5/20/92,1/1/99,Senior Engineer
40445,Gererd,Nishimukai,9/24/62,12/3/96,1/1/99,Engineer
40446,Xiaocheng,Peyn,9/15/63,2/14/00,1/1/99,Senior Staff
40448,Marjo,Wynblatt,9/13/64,8/8/89,1/1/99,Senior Engineer
40452,Mokhtar,Desikan,5/25/62,1/15/90,1/1/99,Engineer
40457,Kazuhiro,Matheson,2/6/62,3/16/90,1/1/99,Engineer
40460,Koichi,Gulak,5/15/62,5/27/88,1/1/99,Senior Staff
40470,Fan,Broomell,5/9/64,8/26/96,1/1/99,Senior Engineer
40472,Sajjan,Georgatos,9/3/62,12/24/94,1/1/99,Engineer
40488,Sampalli,Heping,6/11/64,1/30/94,1/1/99,Staff
40490,Gill,Domenig,1/9/63,7/14/94,1/1/99,Engineer
40492,Sverrir,Waterhouse,12/25/63,7/25/89,1/1/99,Senior Staff
40496,Kyoichi,Argence,6/9/63,12/3/87,1/1/99,Engineer
40502,Hausi,Rosiles,1/5/63,8/31/87,1/1/99,Assistant Engineer
40505,Mona,Syrzycki,5/21/63,12/20/99,1/1/99,Staff
40525,Dannz,Huhdanpaa,10/10/63,11/6/86,1/1/99,Engineer
40529,Mingzeng,Uchoa,4/26/64,5/26/94,1/1/99,Engineer
40535,Sailaja,Kobuchi,10/14/62,10/10/97,1/1/99,Staff
40536,Harngdar,Bernardinello,1/20/65,2/29/88,1/1/99,Senior Engineer
40537,Hironobu,Yurov,12/28/62,11/30/88,1/1/99,Staff
40538,Ulf,Krybus,4/4/62,7/10/95,1/1/99,Engineer
40544,Masamitsu,Lortz,12/24/63,4/11/91,1/1/99,Senior Engineer
40545,Ortrun,Remmele,12/30/64,5/5/85,1/1/99,Senior Engineer
40546,Prasadram,Edelhoff,5/13/62,7/25/88,1/1/99,Senior Engineer
40557,Arfst,Asrin,11/26/63,11/20/87,1/1/99,Senior Staff
40558,Barun,Poulakidas,2/18/64,12/10/88,1/1/99,Engineer
40560,Shawna,Lores,1/30/62,12/24/93,1/1/99,Engineer
40565,Zeydy,Nastansky,8/4/62,4/27/97,1/1/99,Engineer
40577,Shim,Unno,11/29/64,12/27/99,1/1/99,Engineer
40578,Hailing,Bardell,8/14/62,5/13/91,1/1/99,Senior Staff
40579,Fumino,Himler,1/1/63,9/18/98,1/1/99,Senior Engineer
40582,Bedrich,Siksek,1/2/64,1/14/99,1/1/99,Senior Staff
40603,Kiyotoshi,Delgrossi,11/21/64,12/2/96,1/1/99,Engineer
40605,Peer,Nooteboom,8/22/63,11/9/96,1/1/99,Engineer
40606,Janche,Ranta,5/28/64,7/25/86,1/1/99,Senior Engineer
40610,Amalendu,Dulay,2/5/63,9/24/99,1/1/99,Assistant Engineer
40613,Xiaoqiu,Waschkowski,8/25/62,8/9/95,1/1/99,Staff
40620,Shietung,Jervis,4/4/63,5/23/91,1/1/99,Senior Staff
40625,Jaroslava,Jahnichen,11/30/64,6/17/94,1/1/99,Senior Staff
40632,Duri,Fasbender,1/1/64,12/16/93,1/1/99,Assistant Engineer
40636,Froduald,Sambasivam,6/15/63,7/11/96,1/1/99,Staff
40637,Marjo,Luiz,8/29/62,8/11/96,1/1/99,Senior Staff
40638,Jagoda,Pouyioutas,10/12/62,1/24/91,1/1/99,Senior Engineer
40642,Chinho,Chappelet,6/22/62,5/14/96,1/1/99,Engineer
40643,Wojceich,Milicia,11/1/62,1/29/00,1/1/99,Engineer
40655,KayLiang,Rattan,9/30/64,2/8/94,1/1/99,Engineer
40657,Gennady,Auyong,6/12/64,7/15/86,1/1/99,Staff
40662,Morris,Leuchs,8/15/64,11/3/96,1/1/99,Engineer
40663,Kristine,Delgrande,4/26/63,10/22/96,1/1/99,Engineer
40665,Shushma,Murillo,3/2/64,10/27/88,1/1/99,Engineer
40669,Sreenivas,Narahara,3/14/64,10/5/92,1/1/99,Technique Leader
40677,Kankanahalli,Mitina,12/13/62,1/2/93,1/1/99,Senior Engineer
40689,Ortrun,Leppanen,6/6/62,9/26/93,1/1/99,Senior Staff
40692,Masato,Rande,9/18/64,1/20/90,1/1/99,Senior Staff
40695,Geoffry,Feldhoffer,6/11/63,1/19/92,1/1/99,Staff
40701,Vitaly,Holburn,11/21/64,6/19/89,1/1/99,Engineer
40706,Jamaludin,Pettey,7/10/62,5/1/91,1/1/99,Senior Engineer
40709,Nishit,Roison,7/20/64,5/30/98,1/1/99,Engineer
40713,Zhonghui,Brlek,8/1/64,4/29/86,1/1/99,Engineer
40716,Tze,Orlowski,7/6/62,8/12/92,1/1/99,Engineer
40717,Joydip,Lichtner,4/10/64,6/28/89,1/1/99,Senior Engineer
40719,Zhensheng,Ladret,10/25/63,2/22/98,1/1/99,Engineer
40721,Gurbir,Kamble,9/12/64,9/19/91,1/1/99,Engineer
40725,Jeanne,Matzel,11/3/63,4/10/92,1/1/99,Technique Leader
40727,Hisao,Ishibashi,1/14/63,11/28/91,1/1/99,Staff
40731,Margo,DasSarma,10/22/62,8/29/90,1/1/99,Senior Engineer
40734,Baoqiu,Perko,12/17/64,10/8/94,1/1/99,Senior Staff
40740,Ingmar,Jullig,2/15/64,11/2/88,1/1/99,Engineer
40745,Kellyn,Nivat,3/26/63,4/10/87,1/1/99,Engineer
40754,Evgueni,Schade,11/21/62,9/17/88,1/1/99,Senior Staff
40757,Christ,Fadgyas,9/14/63,8/9/92,1/1/99,Senior Staff
40759,Xiahua,Cannard,2/18/64,5/7/96,1/1/99,Staff
40761,Serge,Beeson,12/28/63,4/9/91,1/1/99,Senior Staff
40765,Michaela,Ramsak,1/1/65,12/21/92,1/1/99,Senior Staff
40771,Shietung,Chorvat,8/2/62,3/2/91,1/1/99,Senior Engineer
40773,Shimshon,Aingworth,1/9/65,4/13/86,1/1/99,Senior Staff
40792,Gay,Shanbhogue,8/22/62,1/12/89,1/1/99,Staff
40805,Heeju,Ritzmann,4/5/63,6/7/97,1/1/99,Engineer
40809,Dharmaraja,Deverell,4/19/64,6/18/97,1/1/99,Engineer
40817,Jungsoon,Luft,10/17/64,10/8/86,1/1/99,Technique Leader
40821,Genevieve,Herath,6/3/64,8/8/85,1/1/99,Senior Staff
40827,Yinghua,Bouloucos,6/3/62,2/28/98,1/1/99,Senior Staff
40828,Aamod,Usery,11/21/64,11/3/89,1/1/99,Engineer
40831,Morrie,Encarnacion,5/3/63,7/3/87,1/1/99,Senior Staff
40835,Elrique,Bade,1/5/62,6/7/93,1/1/99,Engineer
40836,Weiye,Junet,12/6/63,1/29/93,1/1/99,Engineer
40837,Mayuri,Merey,11/29/62,4/16/95,1/1/99,Senior Staff
40846,Mitchel,Alameldin,4/26/62,1/14/00,1/1/99,Senior Staff
40850,Selwyn,Kampfer,3/15/62,7/18/93,1/1/99,Senior Engineer
40860,Reuven,Muhling,5/3/63,3/23/91,1/1/99,Engineer
40864,Ulises,Pusterhofer,7/25/63,3/4/99,1/1/99,Staff
40870,Feixiong,Oppitz,9/1/64,7/19/86,1/1/99,Senior Engineer
40873,Arie,Ghalwash,8/23/64,4/8/97,1/1/99,Senior Engineer
40874,Takushi,Luff,7/13/63,1/9/92,1/1/99,Senior Staff
40876,Radhika,Marsiglia,8/12/64,7/2/94,1/1/99,Engineer
40877,Bedrich,Esposito,8/20/64,4/16/91,1/1/99,Senior Staff
40882,Nimmagadda,Auyong,7/1/62,12/3/97,1/1/99,Staff
40884,Youpyo,Melton,8/3/62,7/25/97,1/1/99,Engineer
40888,Changho,Laurillard,6/5/64,3/31/98,1/1/99,Senior Engineer
40894,Rasikan,Antonakopoulos,8/11/63,2/25/85,1/1/99,Senior Engineer
40903,Sibyl,Nooteboom,11/22/63,4/25/96,1/1/99,Engineer
40905,Radhia,Matzen,7/23/62,6/5/95,1/1/99,Engineer
40908,Hidde,Acton,9/14/63,8/10/86,1/1/99,Senior Engineer
40909,Reinhold,Nooteboom,9/3/64,10/16/96,1/1/99,Assistant Engineer
40912,Hyuncheol,Munro,11/29/62,9/20/86,1/1/99,Senior Staff
40916,Gudjon,Rothenberg,2/2/63,2/6/90,1/1/99,Technique Leader
40919,Dante,Armand,5/3/63,8/6/96,1/1/99,Staff
40926,Wilmer,Ritcey,12/14/62,7/14/94,1/1/99,Engineer
40929,Kendra,McClure,12/1/64,6/20/89,1/1/99,Engineer
40931,Shai,Nittel,8/6/62,3/3/96,1/1/99,Assistant Engineer
40941,Hatim,Koblick,6/19/64,3/14/95,1/1/99,Senior Engineer
40945,Fox,Krzyzanowski,4/2/62,5/14/95,1/1/99,Senior Staff
40959,Becky,Takanami,4/18/62,5/20/98,1/1/99,Staff
40960,Hein,Krohm,8/23/62,8/14/89,1/1/99,Engineer
40975,Danai,Nishimukai,3/22/64,5/6/99,1/1/99,Staff
40981,Xiadong,Melski,5/22/62,5/13/02,1/1/99,Technique Leader
40983,Marla,Cherinka,1/17/65,12/1/86,1/1/99,Technique Leader
40986,Deborah,Schaar,1/22/63,11/19/96,1/1/99,Senior Staff
40988,Kwun,Zaccaria,5/5/63,12/22/85,1/1/99,Senior Engineer
40992,Rosita,Segond,6/6/62,5/10/93,1/1/99,Engineer
40999,Zvonko,Cmelik,8/12/63,7/6/95,1/1/99,Senior Staff
41003,Younwoo,Aloisi,11/23/63,11/12/86,1/1/99,Assistant Engineer
41010,Kristian,Sudbeck,11/12/63,4/8/89,1/1/99,Engineer
41012,Alejandro,Braunmuhl,6/5/63,2/21/87,1/1/99,Engineer
41017,Shigenori,Litzler,7/30/62,3/3/92,1/1/99,Senior Engineer
41023,Joydip,Georgakopoulos,10/29/64,6/3/93,1/1/99,Senior Engineer
41025,Jinpo,Suessmith,10/7/62,3/18/98,1/1/99,Engineer
41028,Augustine,Miara,5/25/64,11/22/01,1/1/99,Staff
41031,Yuuichi,Demian,7/24/63,5/12/89,1/1/99,Staff
41035,Radhika,Morton,12/11/62,1/17/89,1/1/99,Engineer
41044,Alassane,Rahimi,7/23/63,3/23/89,1/1/99,Engineer
41048,Itzchak,Gimbel,5/6/63,11/24/92,1/1/99,Engineer
41052,Dannz,Heusch,6/8/62,5/8/91,1/1/99,Engineer
41057,Aiichiro,Ozeki,10/31/63,4/6/97,1/1/99,Engineer
41058,Sanjai,Czap,4/13/63,8/23/94,1/1/99,Senior Engineer
41060,Alagu,Wallrath,12/30/62,6/17/96,1/1/99,Senior Staff
41068,Yucel,Valtorta,10/14/63,11/10/00,1/1/99,Staff
41070,Giap,Waterhouse,8/16/64,8/28/92,1/1/99,Senior Engineer
41073,Arup,Zaccaria,8/12/64,9/17/94,1/1/99,Staff
41088,Pohua,Simkin,7/4/62,3/8/99,1/1/99,Engineer
41090,Badri,Puppo,12/5/62,8/30/87,1/1/99,Engineer
41094,Yuuichi,Vasanthakumar,3/22/62,4/11/89,1/1/99,Engineer
41096,Ranga,Kroha,1/25/63,3/14/93,1/1/99,Engineer
41102,Moti,Engelmann,9/3/62,8/18/90,1/1/99,Senior Engineer
41103,Christfried,Sudkamp,1/11/64,11/25/99,1/1/99,Staff
41104,Mircea,Demian,9/22/62,1/22/91,1/1/99,Senior Staff
41105,Arup,Carrere,5/9/63,6/9/86,1/1/99,Senior Staff
41114,Petter,Thummel,1/25/65,12/24/95,1/1/99,Technique Leader
41117,Ramachenga,Luck,12/21/63,2/24/93,1/1/99,Senior Engineer
41125,Yahiko,Cyne,10/31/62,8/28/92,1/1/99,Senior Engineer
41130,Pranas,Nishimukai,9/11/63,9/5/98,1/1/99,Staff
41133,Garnet,Chvatal,2/25/62,11/19/85,1/1/99,Senior Engineer
41134,Wilmer,Ouhyoung,11/30/63,6/16/97,1/1/99,Engineer
41136,Jeane,Ramsay,6/1/62,5/9/85,1/1/99,Engineer
41137,Bikash,Buchter,1/20/65,1/8/96,1/1/99,Staff
41148,Gritta,Cherinka,1/13/62,7/22/91,1/1/99,Senior Engineer
41151,Satoru,Khalil,9/25/64,4/19/85,1/1/99,Assistant Engineer
41152,Tonny,Biran,8/11/64,12/13/98,1/1/99,Technique Leader
41153,Subhash,Lamba,10/10/64,12/24/99,1/1/99,Engineer
41154,Danil,Pluym,12/25/62,5/22/96,1/1/99,Engineer
41160,Shaowei,Kavraki,4/1/62,4/19/96,1/1/99,Senior Staff
41161,Ebbe,Speek,12/12/63,8/14/91,1/1/99,Senior Staff
41164,Anyuan,Tibblin,8/4/63,7/25/86,1/1/99,Engineer
41182,Khalid,Leppanen,4/5/64,5/28/91,1/1/99,Senior Staff
41199,Brewster,Ouhyoung,10/31/64,8/11/95,1/1/99,Staff
41209,Goncalo,Murrill,8/13/63,6/3/96,1/1/99,Engineer
41222,Alejandro,Papastamatiou,1/6/64,9/18/98,1/1/99,Senior Engineer
41224,Shigeaki,Braunmuhl,7/3/64,9/12/91,1/1/99,Senior Engineer
41235,Valeska,Roisin,11/24/63,3/20/98,1/1/99,Engineer
41243,Luigi,Stentiford,4/16/64,3/1/96,1/1/99,Staff
41255,Garnet,Jakobus,5/6/62,2/20/93,1/1/99,Engineer
41271,Christoper,Kroll,1/26/64,9/29/91,1/1/99,Engineer
41285,Ennio,Dayana,12/4/62,8/7/95,1/1/99,Senior Engineer
41295,Marlo,Maginnis,11/29/62,11/2/94,1/1/99,Staff
41300,Shuji,Bakhtari,2/13/62,10/28/90,1/1/99,Staff
41303,Gil,Junot,5/13/63,11/3/97,1/1/99,Senior Engineer
41307,Marke,Hasham,10/4/63,2/11/86,1/1/99,Senior Staff
41308,Munehiko,Rathonyi,10/1/63,3/2/86,1/1/99,Senior Staff
41311,Bokyung,Perri,7/27/62,6/2/95,1/1/99,Staff
41316,Toshiko,Winter,6/15/62,1/3/98,1/1/99,Staff
41329,Bodh,Rodite,9/29/63,10/1/94,1/1/99,Staff
41330,Lokesh,Chinen,6/10/64,10/23/87,1/1/99,Senior Engineer
41333,Barna,Vilarrasa,4/6/64,7/27/90,1/1/99,Senior Staff
41337,Kiyokazu,Copas,11/6/62,8/24/86,1/1/99,Senior Staff
41340,Herbert,Bharadwaj,8/16/64,1/27/87,1/1/99,Senior Staff
41347,Oscar,Stenning,6/21/62,6/23/86,1/1/99,Technique Leader
41352,Douadi,Demeyer,8/14/63,12/5/86,1/1/99,Engineer
41355,Rosalie,Codenie,7/3/63,10/8/94,1/1/99,Senior Engineer
41357,Willard,Vernadat,1/6/65,3/4/97,1/1/99,Engineer
41360,Haldon,Cronan,8/9/62,9/10/96,1/1/99,Engineer
41361,Jinya,Einsfeld,5/15/64,6/2/94,1/1/99,Senior Engineer
41362,Uno,Rabejac,8/14/62,12/6/96,1/1/99,Engineer
41366,Nathalie,Matteis,8/27/63,7/24/93,1/1/99,Senior Engineer
41380,Gen,Muntz,3/15/62,6/23/91,1/1/99,Senior Staff
41382,Flemming,Luby,11/7/62,3/16/89,1/1/99,Engineer
41384,Trygve,Eiron,7/23/64,3/15/87,1/1/99,Senior Staff
41391,Moie,Ibel,8/23/62,5/20/85,1/1/99,Senior Staff
41397,Yongmin,Poupard,12/29/63,2/26/87,1/1/99,Staff
41414,Subhada,Calkin,1/18/62,7/26/95,1/1/99,Staff
41417,Masaki,Zyda,5/28/62,8/27/89,1/1/99,Staff
41418,Jacqueline,Masada,1/12/63,1/7/93,1/1/99,Senior Engineer
41421,Lidong,Cardazo,11/10/63,6/3/97,1/1/99,Senior Staff
41424,Saniya,Lakshmanan,2/2/64,9/21/87,1/1/99,Engineer
41429,Irena,Tagansky,2/24/62,2/24/93,1/1/99,Staff
41446,Ramya,Dulay,8/14/62,8/18/97,1/1/99,Senior Engineer
41450,Djenana,Sury,8/27/63,10/22/97,1/1/99,Senior Staff
41452,Uwe,Selenyi,9/16/64,7/28/89,1/1/99,Senior Staff
41456,Eirik,VanScheik,4/20/64,5/9/95,1/1/99,Senior Engineer
41458,Niteen,Raney,10/6/64,4/10/89,1/1/99,Staff
41459,Gretta,Orlowski,6/5/63,10/30/87,1/1/99,Staff
41469,Gao,Bakhtari,6/18/62,4/10/93,1/1/99,Senior Staff
41471,Subhankar,Pargaonkar,10/16/64,1/21/95,1/1/99,Engineer
41473,Ohad,Angelov,8/30/63,7/28/00,1/1/99,Senior Engineer
41474,Hidde,Barbanera,10/3/64,3/27/95,1/1/99,Senior Staff
41475,Chenyi,Kermarrec,7/26/63,2/3/93,1/1/99,Engineer
41479,Danco,Lupu,1/21/63,11/7/85,1/1/99,Senior Engineer
41484,Masaru,Besselaar,5/5/62,11/17/93,1/1/99,Technique Leader
41493,Kyoichi,Casperson,5/3/64,3/20/88,1/1/99,Staff
41494,Takahito,Pesch,4/9/62,5/20/99,1/1/99,Staff
41505,Jiang,Erbe,2/5/62,7/31/92,1/1/99,Technique Leader
41506,Reinhold,Montemayor,11/11/63,12/9/87,1/1/99,Senior Staff
41512,George,Keirsey,9/11/63,3/11/93,1/1/99,Engineer
41513,Adly,Angelopoulos,3/5/64,9/25/88,1/1/99,Senior Staff
41518,Keung,Schapiro,1/11/65,2/8/01,1/1/99,Senior Engineer
41520,Xiong,Uhrik,1/20/65,3/21/88,1/1/99,Senior Engineer
41522,Rasikan,Madeira,11/13/64,2/17/95,1/1/99,Senior Staff
41525,Torsten,Baalen,2/2/62,11/15/97,1/1/99,Assistant Engineer
41537,Stella,Budinsky,5/7/64,12/11/90,1/1/99,Senior Staff
41539,Dulce,Turnbull,6/18/62,10/13/92,1/1/99,Senior Staff
41546,Dharmaraja,Hagimont,2/19/62,12/31/97,1/1/99,Technique Leader
41550,Mizuhito,Gladwell,2/22/64,1/9/88,1/1/99,Senior Staff
41555,Kazuhiro,Schrooten,8/4/62,8/4/97,1/1/99,Staff
41561,King,Smeets,5/29/62,11/23/87,1/1/99,Staff
41569,Claudi,Baumann,2/15/64,11/19/90,1/1/99,Engineer
41570,Shaunak,Poupard,7/7/64,4/6/93,1/1/99,Staff
41591,Martins,Asser,2/2/64,10/5/97,1/1/99,Staff
41594,Yonghoan,Remmers,7/18/64,7/27/92,1/1/99,Senior Staff
41595,Sham,Mayerwieser,5/9/64,10/10/92,1/1/99,Senior Engineer
41596,Palash,Kleiser,5/19/62,2/26/86,1/1/99,Senior Engineer
41600,Adly,Vigier,9/13/63,11/19/94,1/1/99,Staff
41601,Kazuhito,Kitsuregawa,10/5/64,10/17/97,1/1/99,Senior Staff
41602,Evgueni,Perl,6/10/64,7/9/92,1/1/99,Senior Staff
41609,Yucai,Simmen,1/4/65,10/13/87,1/1/99,Senior Staff
41614,Barun,Yamaashi,3/27/62,7/10/99,1/1/99,Senior Engineer
41616,Nevin,Minakawa,4/14/64,7/22/89,1/1/99,Engineer
41617,Rosella,Chaudhuri,6/20/62,12/23/91,1/1/99,Senior Staff
41630,Odoardo,Narahara,5/18/64,6/15/89,1/1/99,Technique Leader
41631,Mizuhito,Bernatsky,2/9/63,2/16/94,1/1/99,Engineer
41646,Gro,Ibel,3/15/64,12/11/85,1/1/99,Senior Engineer
41650,Basem,Pietrzykowski,11/23/63,8/21/85,1/1/99,Senior Engineer
41664,Leaf,Khamsi,3/21/64,5/24/96,1/1/99,Staff
41670,Syozo,Pettey,7/13/64,3/20/88,1/1/99,Staff
41676,Yechiam,Mattern,2/26/64,8/23/85,1/1/99,Engineer
41679,Juichirou,Sethi,3/25/63,3/13/97,1/1/99,Engineer
41680,Berni,Mahnke,7/14/62,7/2/97,1/1/99,Staff
41684,Yakkov,Parascandalo,4/12/63,5/10/85,1/1/99,Senior Staff
41689,Nobuyoshi,Whittlesey,6/3/63,3/13/87,1/1/99,Senior Engineer
41691,Vishu,Bugaenko,1/6/63,5/9/98,1/1/99,Engineer
41694,Greger,Vingron,8/22/62,6/27/92,1/1/99,Engineer
41695,Constantine,Stamatiou,11/12/62,8/10/93,1/1/99,Staff
41711,Denny,Gurbaxani,4/26/62,11/20/96,1/1/99,Senior Staff
41713,Jeanna,Aumann,8/25/62,5/22/86,1/1/99,Senior Staff
41720,Ugo,VanScheik,11/30/64,11/4/97,1/1/99,Engineer
41721,Abdelwaheb,Setia,9/8/63,10/4/88,1/1/99,Engineer
41728,Shigehito,Rahimi,11/13/64,9/7/99,1/1/99,Staff
41730,Mohamadou,Rosen,9/30/62,4/10/94,1/1/99,Senior Staff
41733,Tse,Roisin,8/23/63,10/31/96,1/1/99,Staff
41742,Pranay,Servi,7/2/64,12/14/91,1/1/99,Staff
41745,Manu,Fabrizio,4/15/63,8/29/92,1/1/99,Engineer
41747,Monique,Jansch,4/6/62,10/25/85,1/1/99,Senior Staff
41768,Sreenivas,Hertweck,1/8/63,1/26/00,1/1/99,Engineer
41771,Ramachenga,Karcich,9/5/62,11/27/90,1/1/99,Senior Staff
41780,Ebru,Gurbaxani,2/7/63,11/3/90,1/1/99,Senior Staff
41781,Zito,Cooley,9/11/62,11/29/86,1/1/99,Senior Staff
41782,Fayez,Brizzi,7/6/63,7/10/97,1/1/99,Senior Engineer
41785,Kerryn,Coney,2/8/62,9/3/97,1/1/99,Staff
41791,Zhonghui,Kampfer,8/19/62,5/7/93,1/1/99,Assistant Engineer
41797,Shooichi,Angelopoulos,8/21/63,12/8/98,1/1/99,Assistant Engineer
41813,Fen,Lorho,12/26/62,9/6/90,1/1/99,Engineer
41816,Gila,Pettit,12/15/62,10/10/87,1/1/99,Senior Staff
41821,Owen,Shanbhogue,7/14/62,5/15/89,1/1/99,Staff
41827,Parke,Constantine,2/1/63,7/31/85,1/1/99,Engineer
41832,Leah,Laurillard,10/27/62,8/29/99,1/1/99,Engineer
41834,Emran,Castellani,3/5/64,7/14/96,1/1/99,Senior Engineer
41838,Sedat,Plesums,12/20/64,4/28/90,1/1/99,Engineer
41839,Tsvetan,Kilgour,12/27/63,9/18/87,1/1/99,Engineer
41843,Qingxiang,Brodal,10/31/64,10/4/92,1/1/99,Technique Leader
41859,Hironoby,Speer,4/27/62,3/17/92,1/1/99,Staff
41873,Bokyung,Lorys,6/27/62,7/29/87,1/1/99,Senior Staff
41880,Fox,Tokunaga,1/22/62,2/24/86,1/1/99,Senior Staff
41882,Ranan,Tibblin,5/14/64,8/5/95,1/1/99,Staff
41884,Marek,Kavanagh,1/21/62,3/19/99,1/1/99,Senior Staff
41898,Yannis,Stranks,3/29/62,6/7/91,1/1/99,Senior Staff
41900,Xinglin,Ossenbruggen,12/28/63,6/16/90,1/1/99,Engineer
41904,Masaki,Asser,9/25/62,9/3/87,1/1/99,Engineer
41915,Moss,Reinhard,12/11/63,11/21/91,1/1/99,Senior Engineer
41924,Duro,Trystram,3/23/64,12/16/91,1/1/99,Assistant Engineer
41926,Maren,Marrevee,6/16/62,8/3/99,1/1/99,Staff
41946,Shaowei,Naudin,7/17/64,11/21/98,1/1/99,Engineer
41954,Ravishankar,Plessier,6/9/63,5/18/98,1/1/99,Engineer
41987,Yahiko,Radivojevic,10/5/62,9/11/99,1/1/99,Staff
41992,Candida,Hatcliff,5/1/64,6/26/97,1/1/99,Senior Staff
42003,Jianhua,Pfau,6/29/64,6/9/93,1/1/99,Senior Engineer
42011,Heejo,Simkin,12/24/62,6/25/85,1/1/99,Staff
42012,Gina,Eterovic,3/14/63,2/3/94,1/1/99,Senior Engineer
42018,Val,Langford,8/3/64,10/28/96,1/1/99,Senior Engineer
42023,Gadiel,Christianini,10/28/63,6/30/85,1/1/99,Senior Staff
42028,Francesca,Aloisi,5/16/63,1/22/94,1/1/99,Engineer
42030,Arto,Chelton,12/8/63,10/20/87,1/1/99,Staff
42039,Jiong,Aloisi,7/17/62,7/6/95,1/1/99,Engineer
42041,Jaroslava,Lalonde,8/22/64,6/23/96,1/1/99,Senior Engineer
42043,Franziska,Daescu,5/1/64,2/5/02,1/1/99,Engineer
42050,Hideo,Chinen,3/15/62,10/18/92,1/1/99,Senior Engineer
42054,Feipei,Bierman,2/16/63,5/27/86,1/1/99,Senior Engineer
42065,Dipankar,Rabejac,12/30/64,7/17/90,1/1/99,Senior Engineer
42067,Naftali,Kaminger,9/25/62,9/30/91,1/1/99,Staff
42070,Kousuke,Skafidas,8/21/64,4/6/96,1/1/99,Senior Engineer
42076,Valeska,Chartres,5/26/63,8/13/97,1/1/99,Staff
42077,Claudi,Coullard,9/30/64,3/26/88,1/1/99,Senior Staff
42081,Xiaocheng,Bellmore,1/8/62,9/11/86,1/1/99,Staff
42086,Dines,Parfitt,10/29/62,2/11/98,1/1/99,Senior Staff
42090,Niclas,Chaudhuri,2/12/62,12/12/94,1/1/99,Senior Staff
42099,Niranjan,Jervis,1/17/62,6/17/94,1/1/99,Technique Leader
42110,Jaewoo,Zeleznik,2/4/64,8/15/01,1/1/99,Staff
42111,Temple,Hoogerwoord,1/12/64,7/26/89,1/1/99,Senior Engineer
42117,Palash,Ladret,1/25/63,11/28/85,1/1/99,Senior Staff
42119,Yonghong,Waymire,10/16/63,10/6/99,1/1/99,Engineer
42130,Pramod,Ashish,10/7/64,12/26/95,1/1/99,Senior Engineer
42133,Yagil,Hockney,12/16/62,3/4/88,1/1/99,Senior Engineer
42134,Zhongwei,Schaar,3/3/64,6/3/85,1/1/99,Engineer
42137,Taiji,Chimia,5/10/62,5/15/87,1/1/99,Senior Staff
42138,Felicidad,Leslie,1/17/64,4/30/02,1/1/99,Staff
42141,Diederik,Onuegbe,2/15/62,5/21/92,1/1/99,Staff
42143,Tsutomu,Lanteri,11/27/62,8/24/92,1/1/99,Engineer
42152,Leen,Ossenbruggen,7/12/62,3/19/99,1/1/99,Engineer
42162,Noritoshi,Ranum,7/1/63,5/2/86,1/1/99,Engineer
42164,Mats,Bael,6/3/64,3/27/85,1/1/99,Engineer
42166,Breannda,Harbusch,3/3/63,6/17/99,1/1/99,Engineer
42167,Jayesh,Isaak,2/9/64,7/7/87,1/1/99,Engineer
42178,Shir,Cummings,6/19/63,9/9/89,1/1/99,Engineer
42187,Hirochika,Malabarba,7/4/62,12/14/94,1/1/99,Assistant Engineer
42189,Persi,Hardjono,6/25/64,5/30/91,1/1/99,Engineer
42190,Stella,Perry,12/24/64,6/10/88,1/1/99,Senior Staff
42213,Troy,Serna,11/26/64,6/10/93,1/1/99,Assistant Engineer
42222,Aemilian,Bamford,7/9/63,10/26/88,1/1/99,Assistant Engineer
42224,Serge,Sullins,10/28/62,1/22/88,1/1/99,Staff
42226,Somnath,Zyda,9/4/64,3/2/98,1/1/99,Staff
42228,Adin,Lally,2/21/64,10/20/97,1/1/99,Engineer
42231,Adil,Luft,9/4/64,12/25/91,1/1/99,Senior Engineer
42240,Hatsukazu,Brender,12/24/64,9/28/93,1/1/99,Senior Engineer
42250,Giri,Peternell,3/20/62,12/19/90,1/1/99,Staff
42257,Kwee,Koblick,2/12/63,2/18/91,1/1/99,Senior Engineer
42258,Narain,Kakkar,3/30/63,8/3/93,1/1/99,Staff
42279,Shaowen,Busillo,3/25/64,5/10/92,1/1/99,Engineer
42282,Kazuhiko,Naumovich,5/31/63,6/29/87,1/1/99,Senior Staff
42283,Shen,Chinal,8/28/64,2/2/86,1/1/99,Technique Leader
42290,Shaibal,Pfau,11/8/62,4/3/97,1/1/99,Engineer
42294,Udi,Chinal,9/26/64,9/25/99,1/1/99,Engineer
42303,Utz,Heping,2/11/62,7/14/85,1/1/99,Staff
42308,Herb,Erni,2/29/64,8/11/86,1/1/99,Senior Engineer
42312,Susuma,Desikan,7/19/62,9/8/95,1/1/99,Staff
42313,Fumino,Gilg,6/1/64,6/10/00,1/1/99,Senior Engineer
42315,Alper,Rohrbach,5/2/62,3/5/96,1/1/99,Engineer
42316,Nevin,Passino,8/24/63,4/28/96,1/1/99,Staff
42319,Sadok,Mitina,2/3/62,10/3/98,1/1/99,Assistant Engineer
42321,Pranav,Perri,5/11/62,9/11/92,1/1/99,Senior Staff
42329,Sahrah,Beerel,1/30/64,8/5/98,1/1/99,Senior Engineer
42334,Gaurav,Delaune,8/12/62,6/20/00,1/1/99,Senior Staff
42338,Masamitsu,Bael,12/24/64,10/20/89,1/1/99,Engineer
42347,Marlo,Rothenberg,9/4/63,3/31/94,1/1/99,Engineer
42348,Masami,Fontan,9/13/62,9/18/95,1/1/99,Staff
42349,Mizuhito,Conte,12/23/62,6/27/89,1/1/99,Engineer
42350,Christoper,Hofmeyr,8/10/64,3/31/86,1/1/99,Senior Staff
42356,Shao,Merel,9/28/64,9/19/92,1/1/99,Engineer
42357,Sachio,Passino,2/13/63,11/12/92,1/1/99,Engineer
42370,Kankanahalli,Ginesta,7/27/62,7/30/93,1/1/99,Assistant Engineer
42374,Fei,Zlotek,7/23/64,5/2/93,1/1/99,Senior Staff
42381,Danai,Trelles,8/4/62,3/18/93,1/1/99,Senior Staff
42383,Margo,Kaiser,8/15/63,2/4/95,1/1/99,Engineer
42388,Larisa,Babb,7/2/62,12/24/93,1/1/99,Senior Staff
42390,Boalin,Parveen,11/29/63,8/14/94,1/1/99,Senior Engineer
42395,Conrado,Schauser,9/26/63,1/28/88,1/1/99,Senior Staff
42396,Shem,Merkl,10/9/63,3/21/94,1/1/99,Staff
42407,Mahendra,Pelz,12/15/62,6/30/98,1/1/99,Staff
42409,Hailing,Nitto,2/26/64,8/15/92,1/1/99,Staff
42416,Susanta,Syang,9/13/62,4/11/89,1/1/99,Staff
42421,Inderjeet,Bugaenko,4/23/62,3/18/94,1/1/99,Senior Engineer
42427,Dzung,Mapelli,5/6/62,9/5/89,1/1/99,Staff
42428,Goo,Staelin,12/11/64,7/13/00,1/1/99,Staff
42436,Shay,Uludag,6/6/63,9/15/85,1/1/99,Staff
42439,Nevin,Alencar,11/22/62,8/21/94,1/1/99,Technique Leader
42446,Munehiko,Dahlbom,1/9/64,10/22/91,1/1/99,Engineer
42455,Ziyad,Paciorek,9/2/62,9/20/87,1/1/99,Senior Engineer
42456,Kenton,Antonakopoulos,11/18/63,10/26/89,1/1/99,Staff
42462,Zongyan,Dengi,5/9/63,5/6/93,1/1/99,Engineer
42475,Sachio,Leslie,8/8/62,10/27/99,1/1/99,Senior Engineer
42476,Hauke,Swift,7/1/64,1/12/91,1/1/99,Senior Staff
42477,Chenxi,Harllee,9/9/62,6/2/90,1/1/99,Senior Staff
42489,Weiyi,Schwabacher,1/1/64,1/27/97,1/1/99,Technique Leader
42490,Yurij,Ruther,9/2/63,8/5/90,1/1/99,Senior Engineer
42492,Zita,Chenney,2/15/64,1/19/93,1/1/99,Senior Staff
42497,Eran,Talmor,10/13/62,12/8/85,1/1/99,Senior Staff
42502,Kauko,Hardjono,9/15/63,3/18/96,1/1/99,Engineer
42503,Pranav,Skogmar,11/5/63,3/26/85,1/1/99,Senior Staff
42525,Lena,Papadias,5/14/62,1/14/95,1/1/99,Senior Engineer
42526,Aiman,Wilfing,7/20/63,12/12/91,1/1/99,Engineer
42528,Toshimi,Bratten,8/31/64,12/4/99,1/1/99,Technique Leader
42531,Kiyokazu,Haddadi,4/3/62,2/6/94,1/1/99,Senior Staff
42532,Jixiang,Acton,1/10/63,2/7/90,1/1/99,Engineer
42538,Bogdan,Selenyi,11/18/63,2/21/93,1/1/99,Assistant Engineer
42539,Martial,Swist,7/2/64,10/9/85,1/1/99,Senior Engineer
42542,Xiaopeng,Taubenfeld,4/8/62,6/13/98,1/1/99,Senior Engineer
42548,Samphel,Conta,10/31/63,3/15/99,1/1/99,Engineer
42558,Mingzeng,Bodoff,9/3/62,9/9/86,1/1/99,Engineer
42563,Nechama,Baar,5/5/62,3/4/99,1/1/99,Senior Staff
42565,Yuguang,Zlotek,2/13/63,1/13/88,1/1/99,Engineer
42573,Mana,Pavlopoulou,11/3/64,5/29/89,1/1/99,Engineer
42577,Lalit,Moehrke,6/7/62,7/16/91,1/1/99,Senior Engineer
42585,Petter,Besancenot,1/17/62,4/3/87,1/1/99,Senior Staff
42586,Jeane,Matheson,8/18/63,7/22/86,1/1/99,Engineer
42595,Gennadi,Ramsay,11/12/62,4/30/98,1/1/99,Engineer
42599,Domenico,Chinin,6/21/64,6/6/97,1/1/99,Engineer
42604,Panayotis,Miake,9/7/63,4/16/92,1/1/99,Senior Staff
42608,Conal,Hofman,4/15/62,3/25/85,1/1/99,Staff
42610,Chenyi,Swist,4/2/64,1/29/99,1/1/99,Senior Engineer
42612,Yefim,Mitzlaff,5/10/62,8/21/98,1/1/99,Engineer
42640,Takahito,Veeraraghavan,7/12/63,7/16/98,1/1/99,Staff
42644,Yuichiro,Cappelletti,6/21/64,8/9/93,1/1/99,Senior Engineer
42645,Siamak,Menhardt,4/2/62,12/23/96,1/1/99,Engineer
42651,Fen,Nitto,10/25/62,11/5/92,1/1/99,Engineer
42664,Jongsuk,Cooke,5/4/63,9/28/97,1/1/99,Senior Engineer
42682,Moto,Muhlberg,10/30/62,8/25/95,1/1/99,Staff
42685,Xinyu,Kenevan,12/2/64,5/20/89,1/1/99,Senior Engineer
42688,Mario,Mawatari,7/13/64,11/28/99,1/1/99,Technique Leader
42702,Kauko,Stenning,4/6/64,9/25/86,1/1/99,Senior Engineer
42703,Zissis,Schrift,1/12/63,2/19/93,1/1/99,Senior Staff
42704,Fumiko,Reinhart,2/23/62,10/24/99,1/1/99,Staff
42710,Nakhoon,Veldwijk,7/23/63,2/23/88,1/1/99,Engineer
42720,Gou,Pepe,12/9/63,12/2/95,1/1/99,Staff
42722,Hatem,Nitsche,3/8/62,6/18/89,1/1/99,Senior Staff
42730,Matt,Benantar,8/27/63,4/11/86,1/1/99,Engineer
42732,Anyuan,Busillo,7/30/64,7/21/96,1/1/99,Assistant Engineer
42738,Stein,Bouloucos,6/16/62,1/20/89,1/1/99,Senior Engineer
42744,Freyja,Huhdanpaa,8/19/63,12/2/99,1/1/99,Assistant Engineer
42763,Hugo,Anick,12/27/62,6/25/91,1/1/99,Senior Staff
42767,Yongqiao,Ecklund,7/17/64,1/5/90,1/1/99,Senior Staff
42777,Christfried,Improta,9/2/62,11/13/89,1/1/99,Staff
42778,Shuji,Remmers,1/19/65,12/18/87,1/1/99,Staff
42779,Rosita,Bain,10/23/62,9/8/87,1/1/99,Staff
42782,Bezalel,Vakili,12/4/64,9/18/93,1/1/99,Engineer
42791,Bedrich,Nicolson,11/29/62,5/22/99,1/1/99,Senior Staff
42792,Elvia,Molberg,8/30/63,4/16/88,1/1/99,Engineer
42796,Jaques,Kossowski,8/29/62,9/29/90,1/1/99,Engineer
42800,Peer,Rebaine,10/9/64,7/20/86,1/1/99,Technique Leader
42803,Premsyl,Otillio,5/9/63,10/24/95,1/1/99,Staff
42808,Jinpo,Veevers,6/1/63,8/27/85,1/1/99,Engineer
42810,Oscal,Rehfuss,2/12/62,6/9/02,1/1/99,Senior Engineer
42829,Mats,Panangaden,12/12/63,4/6/85,1/1/99,Senior Staff
42835,Sudhanshu,Pettey,10/12/63,10/3/86,1/1/99,Technique Leader
42845,Angus,Rando,5/5/62,10/10/85,1/1/99,Senior Engineer
42853,Vishv,Malabarba,2/22/64,2/5/94,1/1/99,Engineer
42859,Kiam,Marakhovsky,2/13/64,10/7/98,1/1/99,Engineer
42860,Jiann,Butterworth,3/8/63,8/1/90,1/1/99,Engineer
42900,Insup,Lanzelotte,7/9/63,1/24/90,1/1/99,Engineer
42911,Brigham,Eterovic,1/29/65,10/8/94,1/1/99,Engineer
42923,Gro,Magalhaes,8/21/63,11/12/89,1/1/99,Senior Engineer
42937,Sreenivas,Monarch,7/25/64,3/10/94,1/1/99,Senior Engineer
42941,Mani,Polajnar,6/9/62,8/20/92,1/1/99,Staff
42945,Sakthirel,Gist,1/26/62,2/19/98,1/1/99,Engineer
42950,Shaleah,Eickenmeyer,1/22/65,10/9/93,1/1/99,Senior Staff
42952,Xiaobin,Horswill,7/30/62,6/18/92,1/1/99,Assistant Engineer
42955,Yucel,Lortz,1/12/65,2/21/95,1/1/99,Engineer
42957,Niteen,Feinberg,9/12/63,2/20/89,1/1/99,Engineer
42961,Naftali,Rosaz,8/26/64,10/25/96,1/1/99,Engineer
42962,Arun,Encarnacion,10/13/64,2/7/93,1/1/99,Engineer
42965,Danae,Furudate,1/16/63,10/1/86,1/1/99,Senior Engineer
42967,Saddek,Szemeredi,4/5/62,8/27/96,1/1/99,Staff
42974,Mark,Brookman,7/27/62,7/2/91,1/1/99,Senior Staff
42975,Vincent,Smeets,8/10/63,3/20/97,1/1/99,Staff
42977,Mountaz,Schaar,4/21/64,6/17/97,1/1/99,Senior Staff
42985,Kristen,Radwan,3/9/64,12/20/99,1/1/99,Staff
42995,Arunachalam,Yemenis,3/19/62,6/16/88,1/1/99,Senior Engineer
43000,Pranay,Smeets,3/6/64,2/17/87,1/1/99,Senior Staff
43001,Val,Bennet,2/12/64,12/10/88,1/1/99,Senior Engineer
43003,Shaleah,Picco,6/21/62,5/31/90,1/1/99,Engineer
43010,Alselm,Tramer,2/21/64,9/4/94,1/1/99,Senior Staff
43012,Mohamadou,Percebois,5/30/64,1/16/97,1/1/99,Staff
43016,Jayson,Barbanera,9/28/62,11/10/88,1/1/99,Staff
43017,Leszek,Ulupinar,6/24/63,5/23/90,1/1/99,Engineer
43024,Erez,Erbe,9/4/63,10/4/91,1/1/99,Senior Staff
43027,Aloys,Lorie,7/15/63,7/15/85,1/1/99,Senior Staff
43030,Ramalingam,Boguraev,1/16/64,11/7/85,1/1/99,Senior Engineer
43031,Marek,Grabner,10/7/62,5/31/92,1/1/99,Senior Engineer
43037,Ennio,Champarnaud,8/3/63,4/23/95,1/1/99,Senior Staff
43048,Menkae,Zucker,3/16/63,7/30/94,1/1/99,Senior Engineer
43055,Francoise,Leaver,5/16/64,5/2/89,1/1/99,Engineer
43063,Boguslaw,Uhrik,11/19/63,4/7/95,1/1/99,Staff
43070,Oksana,Attimonelli,12/12/64,6/28/92,1/1/99,Senior Staff
43102,Suvo,Lieberherr,6/13/62,12/6/90,1/1/99,Senior Engineer
43105,Masami,Gadepally,6/15/64,8/15/95,1/1/99,Senior Engineer
43106,Shen,Ermel,2/12/62,6/24/98,1/1/99,Engineer
43120,Arno,Ghandeharizadeh,8/17/62,6/16/99,1/1/99,Engineer
43130,Kamakshi,Kugler,8/8/64,11/8/96,1/1/99,Senior Engineer
43135,Steve,Antonakopoulos,2/15/63,10/17/87,1/1/99,Technique Leader
43142,Tse,Luce,4/23/62,11/24/98,1/1/99,Staff
43148,Lobel,Syrotiuk,4/12/64,3/23/95,1/1/99,Staff
43151,Alexius,Perin,12/30/64,3/19/95,1/1/99,Senior Engineer
43152,Leif,Junet,9/15/64,9/2/86,1/1/99,Engineer
43153,Mark,McConalogue,8/27/63,8/11/97,1/1/99,Engineer
43154,Maha,Waterhouse,1/13/65,7/4/97,1/1/99,Senior Staff
43155,Mohit,Beetstra,2/29/64,6/19/95,1/1/99,Senior Engineer
43163,Rasikan,Conti,6/18/63,11/30/95,1/1/99,Engineer
43173,Venkatesan,Molenkamp,8/12/62,3/23/95,1/1/99,Staff
43176,Karsten,Lorin,7/24/62,10/6/95,1/1/99,Senior Staff
43187,Ult,Brookner,9/4/63,4/13/86,1/1/99,Senior Engineer
43204,Shahaf,Lund,10/3/62,6/20/99,1/1/99,Engineer
43211,Danil,Osgood,4/16/63,5/14/89,1/1/99,Staff
43223,Shuji,Merel,1/22/62,7/15/87,1/1/99,Senior Engineer
43225,Wojceich,Kragelund,7/2/64,5/13/98,1/1/99,Staff
43227,Gou,Peltason,7/30/62,10/20/89,1/1/99,Staff
43235,Remco,Liesche,7/2/63,2/6/94,1/1/99,Staff
43238,Avishai,Garnham,6/12/62,5/10/97,1/1/99,Technique Leader
43240,Zhongwei,Luce,6/19/63,4/20/93,1/1/99,Senior Engineer
43243,Xiadong,Gladwell,10/3/63,9/12/87,1/1/99,Senior Staff
43258,Turgut,Schnabel,1/7/62,8/16/96,1/1/99,Technique Leader
43263,Nahla,Serna,6/12/62,6/17/01,1/1/99,Staff
43264,Feiyu,Ciolek,2/21/62,12/16/97,1/1/99,Assistant Engineer
43269,Evgueni,Hedayat,9/24/62,5/26/96,1/1/99,Engineer
43270,Carrsten,Iacovou,3/5/63,12/29/99,1/1/99,Staff
43272,Huai,Marwedel,8/10/62,12/6/91,1/1/99,Senior Engineer
43280,Sanjit,Waterhouse,3/30/63,9/5/96,1/1/99,Staff
43283,Rutger,Heering,6/4/62,12/10/94,1/1/99,Technique Leader
43285,Anwar,Szemeredi,1/12/64,4/10/95,1/1/99,Technique Leader
43291,Pragnesh,Angel,4/2/62,6/2/91,1/1/99,Staff
43294,Zhanqiu,England,4/24/64,8/30/85,1/1/99,Engineer
43299,Kamakshi,Cochrane,7/6/63,3/3/92,1/1/99,Technique Leader
43316,Kazuhisa,Shigei,7/24/64,8/5/86,1/1/99,Senior Staff
43322,Edwin,Liedekerke,5/2/62,11/12/91,1/1/99,Staff
43331,Taisook,Besselaar,11/28/62,5/10/87,1/1/99,Assistant Engineer
43332,Shuichi,Varman,9/21/63,1/14/94,1/1/99,Senior Engineer
43347,Remco,Bratsberg,2/24/63,4/6/99,1/1/99,Engineer
43350,Sham,Awdeh,1/9/62,10/23/87,1/1/99,Senior Engineer
43352,Luise,Schiettecatte,9/2/64,5/12/92,1/1/99,Engineer
43359,Gadiel,Sidou,10/2/63,3/29/89,1/1/99,Engineer
43362,Doowon,Litvinov,7/15/63,12/29/95,1/1/99,Senior Staff
43364,Tadahiko,Rubsam,8/22/64,10/23/90,1/1/99,Senior Engineer
43375,Mariusz,Lindqvist,2/11/64,1/30/96,1/1/99,Engineer
43378,Pragnesh,Braccini,1/21/62,11/21/94,1/1/99,Engineer
43394,Eran,Fujisaki,1/7/63,1/17/88,1/1/99,Technique Leader
43395,Premsyl,Cincotta,4/5/63,10/4/87,1/1/99,Senior Engineer
43397,Palash,Dolinsky,1/14/62,6/15/95,1/1/99,Engineer
43408,Pradeep,Snyers,10/8/62,4/19/94,1/1/99,Technique Leader
43426,Bartek,Ruther,9/22/62,6/28/96,1/1/99,Engineer
43433,Jouni,Montemayor,7/9/64,10/8/96,1/1/99,Staff
43443,Vivian,Lindenbaum,11/20/63,4/9/94,1/1/99,Staff
43449,Shuzo,DiGiano,9/11/64,9/23/89,1/1/99,Technique Leader
43450,Halsur,Nollmann,10/21/63,11/1/92,1/1/99,Staff
43453,Kazuhiro,Senzako,7/6/64,9/17/93,1/1/99,Engineer
43464,Jaewon,Gide,4/10/64,2/9/97,1/1/99,Engineer
43465,Kiyotoshi,Rossi,3/16/63,9/25/88,1/1/99,Technique Leader
43469,Jasminko,Spell,2/3/62,3/30/97,1/1/99,Engineer
43471,Mechthild,Gihr,1/10/64,5/28/98,1/1/99,Engineer
43477,Guoxiang,Erev,1/18/64,3/7/98,1/1/99,Senior Staff
43478,Angel,Murtafg,10/13/63,1/26/91,1/1/99,Senior Engineer
43480,Arco,Anandan,7/5/62,10/19/85,1/1/99,Staff
43483,Gretta,Hockney,9/20/63,7/31/90,1/1/99,Assistant Engineer
43484,Hisao,Miyakawa,1/13/63,5/11/95,1/1/99,Senior Staff
43488,Muzhong,Raczkowsky,11/17/62,2/19/93,1/1/99,Engineer
43502,Menkae,Dredge,9/23/63,1/29/00,1/1/99,Staff
43503,Weiye,Milicia,7/17/63,3/14/85,1/1/99,Technique Leader
43505,Shan,Molenaar,1/17/63,10/19/90,1/1/99,Senior Engineer
43515,Billie,Deville,12/19/62,7/17/97,1/1/99,Senior Staff
43528,Paris,Anguita,3/23/63,4/4/93,1/1/99,Staff
43530,Willard,Weedon,2/1/62,6/5/93,1/1/99,Senior Staff
43538,Chinhyun,Knightly,5/13/64,7/25/94,1/1/99,Engineer
43565,Morris,Ratzlaff,8/10/62,4/16/99,1/1/99,Engineer
43569,Kiyokazu,Randt,9/2/62,10/12/96,1/1/99,Engineer
43575,Tonia,Petersohn,3/24/64,4/7/90,1/1/99,Engineer
43586,Basil,Laventhal,1/3/63,7/10/97,1/1/99,Senior Staff
43588,Giao,Coors,1/8/63,9/25/92,1/1/99,Technique Leader
43592,Oscar,Lorin,4/8/64,1/20/95,1/1/99,Staff
43596,Abdelkader,Masaki,6/20/63,8/3/90,1/1/99,Engineer
43600,Siddarth,Ghelli,9/13/63,9/18/92,1/1/99,Engineer
43602,Shooichi,Otillio,4/27/64,5/30/85,1/1/99,Senior Staff
43608,Anoosh,Angiulli,9/12/64,10/26/95,1/1/99,Staff
43614,Hideo,Luef,5/8/62,10/7/95,1/1/99,Technique Leader
43617,Nirmal,Pesch,7/10/64,6/24/93,1/1/99,Staff
43630,Florian,Haddadi,1/22/63,10/16/95,1/1/99,Engineer
43631,Venkatesan,Swick,1/26/63,4/7/99,1/1/99,Staff
43638,Mamdouh,Vidya,3/3/64,12/23/91,1/1/99,Staff
43643,Khoa,Hofstetter,3/9/63,10/8/89,1/1/99,Senior Engineer
43670,JoAnna,Randi,12/20/62,11/8/89,1/1/99,Senior Staff
43671,Cullen,Improta,11/14/62,1/1/00,1/1/99,Engineer
43677,Xiaoqiang,Remmers,12/5/64,1/22/93,1/1/99,Senior Engineer
43681,Abdelwaheb,Yoshizawa,4/27/63,11/23/98,1/1/99,Staff
43688,Tetsushi,Masada,7/14/64,2/14/00,1/1/99,Engineer
43696,Changho,Jarecki,4/13/62,4/22/98,1/1/99,Engineer
43697,Zdislav,Soicher,12/30/64,11/30/97,1/1/99,Staff
43701,Dannz,Hofman,4/24/62,10/3/93,1/1/99,Staff
43705,Roddy,Awdeh,9/27/64,3/11/90,1/1/99,Senior Staff
43707,Gudjon,Fritzsche,8/26/64,11/6/96,1/1/99,Staff
43718,Kerhong,Parveen,5/28/62,10/2/85,1/1/99,Senior Staff
43722,Angel,Rattan,11/28/63,6/28/99,1/1/99,Senior Engineer
43725,Ortrud,Gill,10/14/64,6/5/88,1/1/99,Technique Leader
43730,Wayne,Dengi,9/25/62,6/21/96,1/1/99,Senior Engineer
43733,Huei,Boguraev,1/26/65,12/31/93,1/1/99,Staff
43739,Youpyo,Narlikar,8/11/62,10/5/96,1/1/99,Staff
43743,Jungsoon,Petersohn,3/3/64,3/12/86,1/1/99,Engineer
43755,Mabry,Sidje,12/28/63,3/4/88,1/1/99,Engineer
43759,Garnet,Antonisse,9/28/64,6/29/93,1/1/99,Senior Engineer
43766,IEEE,Picci,7/9/64,5/1/88,1/1/99,Staff
43768,Isaac,Flasterstein,10/28/62,2/9/95,1/1/99,Assistant Engineer
43770,Mansur,Deverell,2/6/63,9/4/98,1/1/99,Senior Staff
43775,Susumu,Whittlesey,11/6/62,7/10/91,1/1/99,Staff
43777,Nathalie,Pollock,10/23/64,6/23/97,1/1/99,Technique Leader
43778,Greger,Genther,7/16/64,2/12/91,1/1/99,Engineer
43790,Eckart,Sidhu,10/15/63,4/4/90,1/1/99,Staff
43792,Dmitry,Huhdanpaa,12/15/63,3/25/87,1/1/99,Senior Staff
43801,Kwok,Ozery,5/28/63,1/15/87,1/1/99,Senior Staff
43803,Marco,Matzen,3/30/64,9/30/92,1/1/99,Staff
43804,Pragnesh,Tischendorf,7/20/64,1/24/97,1/1/99,Engineer
43812,Anneke,Perly,8/30/64,2/1/96,1/1/99,Technique Leader
43821,Soenke,Lubachevsky,2/15/63,11/10/92,1/1/99,Senior Staff
43822,Kwok,Naudin,4/19/64,8/2/93,1/1/99,Staff
43827,Basant,Matteis,6/11/64,11/12/92,1/1/99,Senior Engineer
43837,Jianwen,Nergos,11/27/64,1/8/95,1/1/99,Staff
43848,Phillip,Oxenboll,1/11/65,5/26/99,1/1/99,Engineer
43864,Zita,Gulak,1/16/62,12/31/98,1/1/99,Engineer
43867,Aemilian,Mitina,1/1/64,4/8/91,1/1/99,Staff
43870,Aemilian,Chappelet,3/2/63,9/10/96,1/1/99,Engineer
43873,Eirik,Eugenio,8/29/62,10/12/92,1/1/99,Staff
43874,Niteen,Naumovich,8/3/64,2/15/91,1/1/99,Staff
43879,Teiji,Iacovou,1/14/63,1/14/97,1/1/99,Staff
43880,Pasqua,Petersohn,7/18/62,11/4/97,1/1/99,Engineer
43882,Ebru,Llado,2/8/64,11/12/93,1/1/99,Engineer
43885,Marco,Picht,5/5/62,1/1/96,1/1/99,Senior Staff
43891,Bartek,Rosaz,1/27/62,10/17/00,1/1/99,Staff
43895,Szabolcs,Speckmann,3/18/62,2/24/90,1/1/99,Staff
43896,Xinyu,Pileggi,2/26/63,7/10/97,1/1/99,Engineer
43897,Mari,Breugel,5/30/64,9/14/98,1/1/99,Technique Leader
43908,Steve,Leijenhorst,2/1/62,4/7/92,1/1/99,Senior Engineer
43920,Rajmohan,Simkin,5/17/64,2/23/86,1/1/99,Senior Engineer
43922,Aram,Jeansoulin,10/3/62,7/14/96,1/1/99,Assistant Engineer
43923,Jiann,Pena,10/24/64,2/7/86,1/1/99,Assistant Engineer
43924,Howell,Mahnke,5/6/64,9/19/92,1/1/99,Engineer
43925,Xiadong,Vandervoorde,12/4/63,1/9/98,1/1/99,Staff
43931,Kenroku,Peris,5/31/64,10/26/90,1/1/99,Senior Engineer
43933,Yoshinari,Castellani,11/7/62,12/17/91,1/1/99,Engineer
43936,Yucel,Lally,10/31/64,12/9/88,1/1/99,Engineer
43937,Nigel,Nyanchama,1/18/63,8/22/88,1/1/99,Senior Engineer
43938,Erzsebet,Munch,9/24/62,8/7/98,1/1/99,Staff
43949,Mokhtar,Parhami,1/10/62,7/2/99,1/1/99,Engineer
43954,Ennio,Heiserman,8/17/63,12/12/93,1/1/99,Staff
43957,Bilhanan,Nastansky,3/30/64,3/2/95,1/1/99,Staff
43974,Evgueni,Koyama,12/30/62,1/17/96,1/1/99,Senior Engineer
43976,Uinam,Ohori,12/10/62,8/24/85,1/1/99,Staff
43980,Yonghoan,Denos,1/26/63,8/30/90,1/1/99,Senior Engineer
43984,Yechezkel,Zhiwei,11/21/63,6/13/86,1/1/99,Senior Engineer
43985,Mohammed,Hanratty,11/30/62,7/10/01,1/1/99,Staff
43991,Poornachandra,Vitiello,5/30/62,2/3/87,1/1/99,Senior Engineer
43999,Leah,Manderick,6/25/62,2/12/89,1/1/99,Senior Engineer
44001,Paris,Boyle,12/16/62,3/3/98,1/1/99,Engineer
44004,Shigeo,Delgrange,5/24/64,10/21/97,1/1/99,Staff
44008,Junichi,Porenta,3/1/62,4/3/99,1/1/99,Staff
44017,Yongqiao,Maierhofer,4/19/63,2/3/92,1/1/99,Senior Staff
44026,Vidya,Theuretzbacher,5/6/62,3/6/89,1/1/99,Engineer
44030,Giao,Pettis,7/31/62,6/28/01,1/1/99,Senior Staff
44045,Stevo,Argence,10/15/62,6/6/90,1/1/99,Technique Leader
44049,Sergi,Cochrane,9/28/64,1/3/00,1/1/99,Staff
44052,Sugwoo,Hiltgen,1/11/63,9/21/85,1/1/99,Senior Staff
44054,Alenka,Ritcey,1/18/65,2/9/97,1/1/99,Engineer
44064,Elvia,Rosay,7/21/64,10/1/88,1/1/99,Senior Engineer
44065,Tua,Erde,7/3/62,10/1/89,1/1/99,Senior Engineer
44072,Aamod,Assaf,3/7/62,7/26/97,1/1/99,Staff
44079,Candida,Weisert,2/11/62,10/26/88,1/1/99,Senior Engineer
44081,JoAnna,Matheson,10/27/62,7/1/85,1/1/99,Senior Staff
44084,Apostol,Pelc,6/12/64,5/13/91,1/1/99,Staff
44093,Chaitali,Varman,11/10/64,4/29/91,1/1/99,Senior Engineer
44094,Leaf,Escriba,4/28/63,8/24/96,1/1/99,Technique Leader
44105,Denis,Thombley,5/30/63,6/29/87,1/1/99,Staff
44106,Abdelwaheb,England,2/12/64,7/24/86,1/1/99,Engineer
44109,Phillip,Heuser,3/27/64,6/6/96,1/1/99,Senior Engineer
44114,Nirmal,Wegerle,4/13/64,1/23/95,1/1/99,Engineer
44116,Sanjai,Slaats,6/21/64,2/15/97,1/1/99,Staff
44118,Shaleah,Zumaque,2/17/64,1/15/91,1/1/99,Senior Engineer
44124,Emdad,Hofstetter,12/16/62,5/26/98,1/1/99,Staff
44128,Vidar,Babu,7/18/62,1/1/95,1/1/99,Technique Leader
44144,Guozhong,Baik,10/7/62,11/1/94,1/1/99,Staff
44147,Ulises,Oppitz,8/20/63,12/16/00,1/1/99,Staff
44156,Renny,Hiyoshi,8/12/64,9/4/91,1/1/99,Senior Engineer
44159,Shao,Langford,9/23/62,3/14/90,1/1/99,Senior Staff
44170,Kiyokazu,Bach,7/14/63,2/4/85,1/1/99,Technique Leader
44173,Kamran,Gopalakrishnan,2/28/64,5/31/99,1/1/99,Staff
44174,Alexius,Ranta,5/26/62,11/29/99,1/1/99,Senior Staff
44175,Sanjai,Laurillard,12/27/62,12/23/89,1/1/99,Staff
44176,Arun,Gewali,4/17/64,2/24/85,1/1/99,Engineer
44185,Troy,Schwaller,4/17/63,11/4/91,1/1/99,Staff
44187,Bangqing,Haddadi,7/5/63,1/13/96,1/1/99,Senior Engineer
44200,Sachio,Morrin,11/5/63,11/12/85,1/1/99,Engineer
44204,Alexius,Adachi,4/29/62,5/16/91,1/1/99,Senior Engineer
44214,Rutger,Muniz,6/1/64,9/19/99,1/1/99,Senior Engineer
44218,Goh,Jeong,3/24/64,12/14/87,1/1/99,Staff
44222,Leandro,Demir,1/25/62,3/2/99,1/1/99,Staff
44228,Tamiya,Lueh,1/15/62,9/26/99,1/1/99,Senior Engineer
44233,Genki,Sadowsky,4/23/64,4/12/85,1/1/99,Engineer
44242,Mong,Denos,4/15/62,7/5/89,1/1/99,Senior Engineer
44243,Jaana,Kuhnemann,6/11/63,10/5/00,1/1/99,Technique Leader
44248,Itzchak,Petereit,8/29/64,4/22/94,1/1/99,Staff
44250,Sumant,Bernatsky,1/1/62,3/4/95,1/1/99,Engineer
44252,Yurij,Gist,9/24/63,7/2/92,1/1/99,Engineer
44255,Shahid,Stroustrup,1/25/62,3/30/88,1/1/99,Senior Engineer
44257,Inderjeet,Bakhtari,1/2/63,5/7/95,1/1/99,Senior Engineer
44259,Khun,Schwaller,5/29/62,7/8/96,1/1/99,Staff
44265,Maria,Eppinger,1/24/65,1/30/97,1/1/99,Engineer
44266,Mori,Stanfel,8/29/62,8/15/89,1/1/99,Senior Engineer
44267,Armond,Duclos,2/4/64,10/17/97,1/1/99,Engineer
44268,Sadok,Hofting,10/20/63,7/18/90,1/1/99,Senior Staff
44269,Shalesh,Debuse,8/15/62,9/26/99,1/1/99,Engineer
44271,Mingsen,Detkin,11/1/62,11/6/94,1/1/99,Senior Staff
44272,Kersti,Montemayor,11/3/62,11/28/91,1/1/99,Senior Engineer
44275,Otmar,Sinicrope,10/27/63,1/30/94,1/1/99,Senior Staff
44280,Cullen,Stille,12/7/62,3/16/98,1/1/99,Senior Staff
44282,Rajmohan,Crabtree,9/1/64,7/17/91,1/1/99,Staff
44290,Prasadram,Babu,12/18/63,3/15/87,1/1/99,Senior Staff
44299,Shih,Feldhoffer,1/1/63,3/1/88,1/1/99,Senior Staff
44305,Xiahua,Rosiles,5/25/64,2/14/98,1/1/99,Senior Engineer
44313,Shugo,Georg,2/10/62,8/5/97,1/1/99,Engineer
44319,Freyja,Bressoud,10/20/62,5/2/85,1/1/99,Senior Engineer
44322,Demin,Byoun,9/30/64,9/20/92,1/1/99,Senior Staff
44328,Kolar,Renear,7/2/62,5/5/96,1/1/99,Staff
44338,Xiadong,Kieras,12/16/64,6/19/93,1/1/99,Senior Engineer
44349,Evgueni,Lanphier,4/1/64,10/2/98,1/1/99,Senior Staff
44350,Waiman,Piveteau,10/10/63,4/28/97,1/1/99,Staff
44355,Subbu,Gulla,12/6/63,6/8/97,1/1/99,Engineer
44357,Youngkon,Gonthier,6/6/63,10/26/91,1/1/99,Assistant Engineer
44361,Jaewon,Cichocki,3/9/62,6/26/87,1/1/99,Senior Staff
44369,Aleksander,Spataro,5/16/64,10/16/90,1/1/99,Engineer
44370,Jaana,Hardjono,1/28/64,9/25/85,1/1/99,Engineer
44377,Gro,Pehl,1/9/63,2/1/91,1/1/99,Senior Engineer
44385,Bernice,Karnin,3/10/63,4/5/98,1/1/99,Assistant Engineer
44386,Kazuyasu,Iisaku,12/13/62,8/28/85,1/1/99,Staff
44387,Somnath,Ashish,1/27/64,3/16/91,1/1/99,Technique Leader
44391,Shaowei,Karner,5/24/62,9/29/98,1/1/99,Staff
44402,Rildo,Lorie,2/21/62,12/29/99,1/1/99,Senior Engineer
44408,Marc,Gubsky,7/27/64,3/25/93,1/1/99,Senior Engineer
44409,Gladys,Gerlach,2/12/64,10/10/93,1/1/99,Engineer
44412,Yakkov,Marwedel,7/8/63,9/4/94,1/1/99,Staff
44413,Arra,Ashish,10/27/64,6/27/85,1/1/99,Senior Staff
44417,Leen,Randt,3/13/62,9/5/92,1/1/99,Senior Staff
44421,Uri,Panienski,8/1/62,6/14/90,1/1/99,Senior Staff
44432,Ult,Baumann,8/17/62,8/31/89,1/1/99,Engineer
44440,Jenwei,Caine,12/31/63,10/27/99,1/1/99,Engineer
44452,Itzchak,Haumacher,5/31/62,11/6/90,1/1/99,Senior Staff
44453,Alois,Radhakrishnan,12/17/64,11/22/91,1/1/99,Senior Staff
44458,Irena,Cincotta,8/2/63,11/26/89,1/1/99,Senior Engineer
44460,Eric,Schapiro,7/11/62,4/12/93,1/1/99,Staff
44464,Tran,Marquardt,6/28/63,2/6/01,1/1/99,Engineer
44473,Tadahiko,Kalloufi,4/16/64,4/28/85,1/1/99,Senior Staff
44475,Hirochika,Waschkowski,2/12/62,7/21/99,1/1/99,Engineer
44478,Fumiko,Luck,11/2/64,7/15/97,1/1/99,Engineer
44482,Leandro,Pusterhofer,12/1/63,11/11/88,1/1/99,Staff
44489,Kien,Sommen,10/6/62,9/2/94,1/1/99,Senior Engineer
44499,Boguslaw,Verspoor,11/25/63,3/22/91,1/1/99,Engineer
44500,Rasiah,Emden,8/30/63,8/20/87,1/1/99,Senior Engineer
44501,Syozo,Katalagarianos,6/4/63,2/17/87,1/1/99,Senior Engineer
44506,Kazuhira,Angiulli,2/4/63,9/3/92,1/1/99,Engineer
44526,Constantino,Azadmanesh,8/6/63,5/6/98,1/1/99,Engineer
44527,Alexius,Landherr,9/22/64,7/1/93,1/1/99,Engineer
44540,Mingzeng,Sadowski,1/16/65,11/12/89,1/1/99,Senior Engineer
44549,Gregory,Cooke,12/26/63,6/10/96,1/1/99,Senior Staff
44556,Chanjung,Krybus,5/12/63,9/9/93,1/1/99,Engineer
44567,Hairong,Ushiama,4/7/64,9/6/85,1/1/99,Engineer
44574,Larisa,Brookner,11/25/63,1/2/86,1/1/99,Senior Staff
44577,Sadok,Babb,8/16/64,10/3/90,1/1/99,Technique Leader
44579,Yoshinari,Skogmar,2/26/64,8/27/91,1/1/99,Staff
44580,Perry,Valiente,4/8/63,6/4/87,1/1/99,Senior Engineer
44582,Lillian,Suermann,3/14/64,9/9/90,1/1/99,Senior Staff
44583,Becky,McAffer,5/1/63,5/9/96,1/1/99,Senior Staff
44584,Gopalakrishnan,Krohn,8/2/63,4/1/92,1/1/99,Staff
44585,Udaiprakash,Erman,7/28/63,4/15/00,1/1/99,Engineer
44592,Youssef,Felder,2/27/62,10/13/90,1/1/99,Senior Engineer
44595,Roselyn,Apsitis,6/21/63,7/13/95,1/1/99,Senior Engineer
44596,Niclas,Heinisuo,3/9/62,5/11/96,1/1/99,Senior Staff
44600,Giao,Itschner,5/31/62,11/16/87,1/1/99,Senior Staff
44601,Demos,Kroon,8/18/64,1/21/93,1/1/99,Engineer
44611,Jaques,Baalen,5/28/63,1/24/90,1/1/99,Engineer
44617,Amabile,Verhoeff,7/26/64,7/9/96,1/1/99,Engineer
44629,Sungwon,Shanbhogue,7/8/62,10/24/96,1/1/99,Senior Staff
44650,Augustine,Brodal,7/6/63,10/27/96,1/1/99,Assistant Engineer
44655,Arto,Plump,8/4/64,2/10/02,1/1/99,Staff
44659,Hatem,Scallan,4/27/64,11/2/88,1/1/99,Senior Engineer
44660,Masadi,Benantar,2/20/64,2/19/92,1/1/99,Senior Engineer
44665,Raimond,Peac,5/6/64,4/8/87,1/1/99,Staff
44668,Weidon,Curless,8/29/64,7/12/97,1/1/99,Technique Leader
44669,Neven,Ginesta,1/26/63,10/18/95,1/1/99,Engineer
44674,Shaowei,Skafidas,3/15/64,2/7/90,1/1/99,Senior Engineer
44676,Teiji,Armand,9/20/63,8/10/85,1/1/99,Senior Engineer
44680,Danny,Delgrange,7/20/63,6/13/85,1/1/99,Senior Engineer
44681,Shigeichiro,Grospietsch,7/16/62,6/20/92,1/1/99,Engineer
44684,Sandeepan,Felder,9/29/63,7/8/95,1/1/99,Senior Engineer
44687,Fumitake,Siprelle,3/9/62,8/19/90,1/1/99,Engineer
44696,Trygve,Levasseur,8/3/62,4/27/96,1/1/99,Staff
44702,Sariel,Isaak,11/6/62,8/6/96,1/1/99,Senior Staff
44705,Akeno,Sifakis,4/23/63,8/30/89,1/1/99,Senior Staff
44711,Yurij,Nergos,4/23/63,2/9/01,1/1/99,Staff
44718,Mohan,Farris,1/20/62,5/16/86,1/1/99,Senior Engineer
44723,Lidong,Masada,6/10/63,6/22/99,1/1/99,Staff
44729,Spyrose,Dehkordi,5/16/64,9/21/92,1/1/99,Senior Engineer
44732,Maren,Perko,1/9/62,11/21/94,1/1/99,Senior Engineer
44742,Shan,Gunderson,9/5/63,5/4/96,1/1/99,Senior Engineer
44751,Hailing,Erbe,1/9/63,3/11/85,1/1/99,Senior Engineer
44755,Becky,Garnier,7/3/62,9/10/98,1/1/99,Engineer
44757,Poorav,Cannard,8/27/64,7/25/95,1/1/99,Staff
44761,Aiichiro,Itzfeldt,6/30/63,7/19/98,1/1/99,Senior Staff
44762,Fei,Scallan,10/20/63,9/13/88,1/1/99,Staff
44766,Pantung,Minakawa,5/28/62,11/1/91,1/1/99,Senior Staff
44768,Michaela,Junot,7/26/64,12/4/95,1/1/99,Engineer
44769,Stevo,Denti,12/2/62,3/19/87,1/1/99,Staff
44788,Shahaf,Birdsall,6/28/64,5/3/94,1/1/99,Staff
44792,Somnath,Ratnaker,4/5/62,8/19/96,1/1/99,Senior Engineer
44798,Alenka,Rehfuss,11/14/64,10/3/89,1/1/99,Senior Engineer
44804,Steen,Millington,10/5/62,11/26/99,1/1/99,Technique Leader
44813,Bokyung,Baaleh,5/6/63,1/27/91,1/1/99,Senior Staff
44815,Idoia,Goodrum,9/22/64,10/12/87,1/1/99,Senior Engineer
44817,Gopalakrishnan,Rodier,1/25/62,11/19/94,1/1/99,Engineer
44824,Hideo,Bierbaum,7/28/62,8/31/93,1/1/99,Senior Staff
44826,Saeed,Garrabrants,10/13/63,7/2/99,1/1/99,Staff
44831,Khalil,Vuskovic,3/26/63,1/25/93,1/1/99,Engineer
44834,Vivian,Denna,4/4/63,12/7/95,1/1/99,Staff
44847,Rayond,Rossi,9/28/62,12/24/95,1/1/99,Assistant Engineer
44852,Eirik,Kornyak,11/6/62,11/6/95,1/1/99,Engineer
44878,Debaprosad,Kakkar,6/7/63,4/1/92,1/1/99,Engineer
44879,Mokhtar,Aseltine,7/31/64,8/21/90,1/1/99,Staff
44880,Siamak,Schapiro,12/24/62,3/25/93,1/1/99,Staff
44892,Jouko,Chinin,2/19/64,8/16/99,1/1/99,Engineer
44896,Toshimori,Staylopatis,4/18/62,7/17/94,1/1/99,Senior Engineer
44897,Arie,Baek,6/14/62,6/9/94,1/1/99,Senior Engineer
44899,Nadjib,Harnett,1/25/62,12/9/95,1/1/99,Senior Staff
44900,Mark,Schwaller,1/5/65,8/10/94,1/1/99,Staff
44903,Spyrose,Ghazalie,12/9/64,9/19/99,1/1/99,Engineer
44909,Taegyun,Hertweck,3/4/64,2/13/99,1/1/99,Engineer
44910,Berthier,Narahara,12/22/63,5/26/98,1/1/99,Technique Leader
44918,Shuzo,Perko,10/20/63,12/12/88,1/1/99,Senior Staff
44920,Sarita,Schreiter,1/30/64,5/21/93,1/1/99,Engineer
44921,Joydip,Antonakopoulos,8/1/62,3/24/88,1/1/99,Engineer
44922,Kellyn,Levasseur,7/18/62,12/23/90,1/1/99,Senior Engineer
44925,Martien,Kawashima,11/21/62,4/6/89,1/1/99,Senior Staff
44926,Koichi,Breugel,1/29/62,7/6/96,1/1/99,Senior Engineer
44930,Xumin,Trogemann,2/19/63,5/7/90,1/1/99,Staff
44931,Seongbin,Gomatam,7/16/62,6/27/98,1/1/99,Senior Engineer
44940,Luisa,Buchter,11/14/62,11/16/87,1/1/99,Senior Staff
44946,Parviz,Porenta,7/6/63,12/30/87,1/1/99,Senior Staff
44956,Tzu,Nyanchama,11/2/64,6/24/85,1/1/99,Senior Engineer
44959,Volkmar,Uhrik,1/21/65,1/16/88,1/1/99,Senior Engineer
44962,Sariel,Wynblatt,1/16/65,5/18/96,1/1/99,Assistant Engineer
44969,Arup,Georg,9/24/64,2/14/00,1/1/99,Engineer
44970,Atilio,Lorho,7/29/63,8/28/93,1/1/99,Senior Staff
44972,Weiru,Azadmanesh,6/5/62,10/16/93,1/1/99,Senior Engineer
44980,Jahangir,Maierhofer,8/11/62,10/19/96,1/1/99,Senior Engineer
44982,Xianlong,Erdi,10/27/64,8/19/90,1/1/99,Staff
44993,Hairong,Weiland,3/7/64,7/4/99,1/1/99,Engineer
45003,Udo,Pulkowski,6/4/63,9/7/89,1/1/99,Staff
45008,Fumiko,Bakhtari,6/28/63,11/19/88,1/1/99,Senior Engineer
45010,Macha,Willoner,8/3/63,11/5/94,1/1/99,Senior Engineer
45013,Emdad,Chiola,4/11/63,3/6/87,1/1/99,Engineer
45050,Richara,Anandan,9/20/64,2/21/96,1/1/99,Technique Leader
45051,Girolamo,Billawala,12/31/64,6/9/95,1/1/99,Senior Engineer
45052,Cullen,Luft,8/10/64,9/25/88,1/1/99,Senior Engineer
45067,Doohun,Cheshire,1/7/63,5/13/87,1/1/99,Engineer
45075,Wilmer,Denis,3/30/62,12/21/94,1/1/99,Staff
45084,Maren,Luan,11/24/64,2/6/96,1/1/99,Senior Engineer
45094,Otilia,Ramaiah,10/24/62,5/8/97,1/1/99,Senior Engineer
45101,Moriyoshi,Tischendorf,3/26/63,4/27/85,1/1/99,Senior Engineer
45102,Sugwoo,McAlpine,2/27/63,2/3/92,1/1/99,Senior Staff
45108,Xiaoshan,Birdsall,11/18/63,8/17/98,1/1/99,Engineer
45116,Hauke,Stentiford,8/2/62,11/20/95,1/1/99,Engineer
45118,Leen,Hebert,6/27/64,8/8/01,1/1/99,Senior Engineer
45124,Snehasis,Schaaf,8/2/62,3/2/98,1/1/99,Technique Leader
45125,Kaijung,Raney,4/18/64,4/16/94,1/1/99,Senior Staff
45131,Arve,Assaf,9/6/63,7/22/87,1/1/99,Staff
45137,Serap,Scallan,7/28/62,8/1/89,1/1/99,Senior Staff
45144,Jouni,Ciolek,2/17/63,11/23/86,1/1/99,Assistant Engineer
45153,Zeljko,Ginneken,8/12/62,11/2/92,1/1/99,Engineer
45156,Rildo,Takkinen,4/13/63,1/30/95,1/1/99,Engineer
45158,Chenxi,Marshall,6/30/64,4/11/01,1/1/99,Senior Staff
45162,Dulce,Speel,1/11/65,10/19/87,1/1/99,Senior Engineer
45165,Mahmut,Erva,2/15/63,1/17/96,1/1/99,Staff
45167,Hironobu,Andreotta,3/8/62,5/27/91,1/1/99,Senior Staff
45187,Padma,Swan,5/20/63,12/31/88,1/1/99,Engineer
45191,Kazunori,Rothenberg,8/22/64,2/9/94,1/1/99,Senior Staff
45194,Tsz,Baek,6/13/64,5/23/94,1/1/99,Senior Staff
45199,Toshimi,Adachi,6/15/62,11/14/87,1/1/99,Engineer
45202,Xudong,Hebden,10/17/63,6/28/90,1/1/99,Senior Staff
45211,Chikako,Improta,7/20/63,6/3/95,1/1/99,Engineer
45214,JoAnne,Zlotek,3/27/63,7/18/91,1/1/99,Senior Staff
45220,Caolyn,Senzako,10/4/64,12/9/99,1/1/99,Engineer
45224,Tomoyuki,Candan,1/29/62,3/9/98,1/1/99,Staff
45231,Ziva,Schicker,1/20/62,11/21/97,1/1/99,Senior Engineer
45236,Becky,Percebois,5/12/62,3/19/91,1/1/99,Senior Staff
45238,Constantine,Emmerich,1/6/63,6/27/99,1/1/99,Engineer
45240,Shai,Dusink,1/13/64,2/2/96,1/1/99,Senior Staff
45241,Goncalo,Setia,1/11/64,8/6/85,1/1/99,Senior Engineer
45242,Nishit,Openshaw,9/12/62,7/14/85,1/1/99,Senior Engineer
45250,Djenana,Hoogerwoord,11/17/63,12/6/98,1/1/99,Engineer
45255,Guangming,Rosar,12/8/63,7/22/95,1/1/99,Staff
45258,Ayonca,Underwood,5/20/64,11/14/94,1/1/99,Technique Leader
45271,Suzette,Dredge,8/31/63,11/25/97,1/1/99,Senior Staff
45282,Tuval,Compeau,8/4/62,8/19/91,1/1/99,Staff
45283,Hideyuki,Staelin,9/29/64,5/22/93,1/1/99,Senior Engineer
45285,Hauke,Khalid,1/27/62,11/14/95,1/1/99,Engineer
45295,Boutros,Bednarek,5/29/62,10/3/91,1/1/99,Senior Staff
45296,Shimshon,Gustavson,3/18/64,3/6/97,1/1/99,Assistant Engineer
45299,Rasikan,Aumann,6/2/64,5/25/85,1/1/99,Engineer
45304,Mitsuyuki,Journel,1/11/64,2/16/93,1/1/99,Staff
45308,Toong,Coullard,5/7/63,6/19/85,1/1/99,Senior Staff
45315,Atreye,Pintelas,12/8/64,4/22/95,1/1/99,Senior Staff
45316,Kwangyoen,Taneja,3/30/64,12/3/98,1/1/99,Senior Engineer
45319,Marie,Moffat,6/2/63,7/15/85,1/1/99,Senior Staff
45325,Leandro,Marzano,9/27/62,3/4/98,1/1/99,Engineer
45339,Chikako,Piazza,1/1/62,4/8/93,1/1/99,Senior Staff
45346,Mamdouh,Stasinski,1/30/63,8/16/96,1/1/99,Engineer
45348,Georgi,Nivat,8/22/62,8/28/98,1/1/99,Staff
45353,Ghassan,Ferretti,2/4/63,1/26/86,1/1/99,Senior Engineer
45354,Taizo,Kriebel,10/10/62,1/3/87,1/1/99,Senior Engineer
45359,Kazuhira,Speek,8/26/64,12/30/93,1/1/99,Engineer
45362,Ipke,Fujisaki,6/11/62,11/17/93,1/1/99,Senior Staff
45365,Gadiel,Middleton,10/15/63,3/21/95,1/1/99,Senior Staff
45374,Yuchang,Kohling,11/5/63,2/7/91,1/1/99,Staff
45391,Wonhee,Manders,4/7/62,2/16/92,1/1/99,Engineer
45392,Sanjoy,Eiter,2/28/62,11/1/90,1/1/99,Senior Staff
45398,Etsuo,Vural,1/31/64,9/27/89,1/1/99,Senior Engineer
45404,Uzi,Biros,8/9/62,1/8/00,1/1/99,Senior Staff
45407,Terresa,Mitchem,5/6/62,8/6/99,1/1/99,Engineer
45411,Kazuhide,Baig,6/1/62,3/31/87,1/1/99,Engineer
45415,Jianhua,Grandbois,8/1/62,11/10/89,1/1/99,Senior Staff
45424,Zhanqiu,Hutton,8/12/63,6/24/93,1/1/99,Senior Staff
45438,Arumugam,Sundgren,8/12/62,5/19/97,1/1/99,Senior Engineer
45447,Mokhtar,Makinen,1/29/62,9/29/99,1/1/99,Senior Engineer
45448,Nalini,Whittlesey,11/12/63,4/27/97,1/1/99,Engineer
45459,Lech,Ranta,6/4/63,3/13/87,1/1/99,Senior Engineer
45461,Hitofumi,Otillio,2/18/63,9/4/98,1/1/99,Staff
45472,Sadok,Bamford,11/12/64,7/24/99,1/1/99,Senior Staff
45475,Mingdong,Sanella,8/12/63,1/9/94,1/1/99,Senior Engineer
45477,Xudong,Paciorek,8/10/63,1/12/90,1/1/99,Senior Engineer
45491,Saddek,Neiman,4/2/63,12/4/86,1/1/99,Senior Staff
45492,Pasqua,Bennis,10/31/62,9/1/87,1/1/99,Engineer
45500,Randy,Panwar,9/19/63,8/7/98,1/1/99,Staff
45505,Yoshimitsu,Schwartzbauer,11/19/64,5/11/97,1/1/99,Engineer
45513,Kristinn,Daescu,5/1/62,1/31/96,1/1/99,Senior Engineer
45523,Ferdinand,Ruther,6/19/62,2/17/00,1/1/99,Engineer
45529,Uta,Ramsey,9/13/62,6/20/88,1/1/99,Staff
45532,Parke,Picco,5/2/63,8/24/97,1/1/99,Engineer
45535,Danco,Nilsson,1/4/63,1/29/96,1/1/99,Staff
45538,Kankanahalli,Schlenzig,10/27/63,9/17/95,1/1/99,Engineer
45540,Tran,Nannarelli,6/2/62,3/21/86,1/1/99,Engineer
45547,Nectarios,Hmelo,7/16/62,9/28/96,1/1/99,Technique Leader
45548,Toong,Mellouli,12/16/63,7/2/93,1/1/99,Senior Engineer
45549,Tooru,Langford,12/11/62,11/5/89,1/1/99,Technique Leader
45559,Filipe,Radivojevic,1/17/62,5/21/91,1/1/99,Engineer
45560,Jeanna,Coorg,11/16/64,5/7/90,1/1/99,Senior Engineer
45562,Uinam,Ferriere,2/27/63,3/14/93,1/1/99,Senior Engineer
45563,Phillip,Boissier,12/6/64,1/6/91,1/1/99,Staff
45565,Babette,Ananiadou,4/10/63,3/3/86,1/1/99,Engineer
45569,Radhakrishnan,Kohling,3/24/64,6/20/93,1/1/99,Engineer
45573,DAIDA,Birge,3/20/64,3/17/99,1/1/99,Senior Engineer
45576,Tua,Sewelson,6/10/63,4/2/86,1/1/99,Senior Staff
45578,Constantijn,Kossowski,12/16/64,4/10/90,1/1/99,Senior Engineer
45583,Tristan,Rousseau,10/24/62,6/14/90,1/1/99,Senior Staff
45596,Adib,Frijda,4/20/62,3/8/99,1/1/99,Engineer
45597,Yongqiao,Braccini,2/19/64,8/28/94,1/1/99,Senior Engineer
45606,Ewing,Krohm,3/26/62,9/28/85,1/1/99,Assistant Engineer
45609,Subir,Savasere,5/15/64,11/16/90,1/1/99,Technique Leader
45615,Kellie,Herath,6/8/62,2/13/88,1/1/99,Senior Staff
45616,Moheb,Cmelik,12/22/62,5/3/89,1/1/99,Senior Staff
45627,Faiza,Vitiello,8/14/62,7/9/92,1/1/99,Senior Staff
45631,Shigeichiro,Goldhammer,12/21/64,10/24/88,1/1/99,Senior Engineer
45642,Vishu,Bultermann,7/20/64,6/15/97,1/1/99,Engineer
45647,Xudong,Reinhart,6/26/62,11/4/95,1/1/99,Senior Staff
45648,Munehiko,Zambonelli,3/3/63,4/23/90,1/1/99,Assistant Engineer
45653,Reuven,Sadowsky,1/21/64,2/14/85,1/1/99,Senior Staff
45659,Anneke,Hasham,8/4/63,8/19/85,1/1/99,Staff
45661,Licheng,Lorho,1/19/62,4/23/98,1/1/99,Senior Staff
45673,Shushma,Douceur,10/5/64,6/13/87,1/1/99,Staff
45677,Duro,Yeung,4/3/64,3/6/96,1/1/99,Staff
45680,Yahiko,Yoshimura,9/2/63,6/27/00,1/1/99,Senior Staff
45694,Thanasis,Oxenboll,6/16/62,8/26/99,1/1/99,Staff
45700,Kazuhira,Bennet,9/25/64,3/28/88,1/1/99,Senior Staff
45704,Gilbert,Binding,1/29/62,2/20/94,1/1/99,Senior Engineer
45708,Moie,Rosiles,1/8/62,3/22/94,1/1/99,Engineer
45711,Yinghua,Schmezko,1/20/62,9/19/87,1/1/99,Staff
45713,Georg,Conta,7/15/63,6/26/87,1/1/99,Senior Engineer
45714,Yaghout,Backhouse,2/28/64,6/26/94,1/1/99,Senior Staff
45715,Tremaine,Muhlberg,11/23/62,3/1/87,1/1/99,Senior Engineer
45718,Bernd,Asrin,8/1/62,10/5/96,1/1/99,Staff
45721,Menkae,Leslie,1/5/64,1/23/95,1/1/99,Staff
45723,Marco,Trumbly,5/18/63,2/17/89,1/1/99,Senior Engineer
45724,Cordelia,Perry,4/5/64,2/24/86,1/1/99,Engineer
45725,Ebbe,Eppinger,6/23/63,9/6/89,1/1/99,Senior Staff
45729,Yongdong,McFarlin,12/10/64,3/18/85,1/1/99,Senior Engineer
45730,Gad,Birch,8/24/64,2/20/88,1/1/99,Engineer
45738,Akeno,Farrag,10/10/62,9/17/86,1/1/99,Senior Engineer
45740,Froduald,Homond,3/28/64,3/27/95,1/1/99,Engineer
45741,Houman,Strehl,9/17/63,11/12/95,1/1/99,Senior Engineer
45749,Yurij,Hofting,6/20/63,7/19/99,1/1/99,Senior Engineer
45764,Shigeichiro,Chachaty,11/5/64,2/26/02,1/1/99,Engineer
45770,Bodh,Orlowski,11/1/64,7/6/94,1/1/99,Engineer
45772,Fumitaka,Sidou,11/9/63,8/25/90,1/1/99,Engineer
45774,Alassane,Wrigley,2/25/63,8/16/91,1/1/99,Staff
45782,Mountaz,Tagansky,1/9/63,8/29/85,1/1/99,Senior Engineer
45794,Kensyu,Beausoleil,10/6/63,7/27/85,1/1/99,Senior Engineer
45801,Dietrich,Liesche,1/20/64,9/13/95,1/1/99,Technique Leader
45818,Lenore,Rabehasaina,3/19/64,8/31/85,1/1/99,Staff
45819,Valery,Sudkamp,3/13/62,9/29/94,1/1/99,Senior Engineer
45823,Morris,Esposito,5/11/62,3/30/92,1/1/99,Engineer
45831,Hilari,Luca,12/19/64,8/25/92,1/1/99,Senior Engineer
45832,Eldridge,Herath,3/20/63,12/23/90,1/1/99,Assistant Engineer
45833,Toshimi,Doering,12/5/62,6/2/88,1/1/99,Engineer
45835,Zine,Talmon,8/29/62,6/13/92,1/1/99,Engineer
45839,Inderjeet,Huttel,1/1/64,3/31/87,1/1/99,Staff
45843,Shaibal,Thambidurai,10/23/63,6/29/88,1/1/99,Engineer
45846,Uzi,Docker,12/16/62,2/5/88,1/1/99,Engineer
45848,JiYoung,Sherertz,1/6/62,9/29/98,1/1/99,Senior Staff
45856,Haldon,Hinsberger,9/7/62,2/10/88,1/1/99,Senior Staff
45857,Gennadi,Sudkamp,5/26/63,6/26/99,1/1/99,Engineer
45858,Cheong,Collette,12/19/64,5/13/95,1/1/99,Senior Engineer
45860,Gully,Undy,1/6/64,12/17/88,1/1/99,Senior Engineer
45870,Lene,Felder,1/15/64,5/26/98,1/1/99,Staff
45873,Shan,Azulay,11/14/63,1/27/96,1/1/99,Senior Staff
45874,Takahito,Speek,8/30/63,1/9/00,1/1/99,Senior Engineer
45881,Slavian,Kaelbling,5/15/63,5/21/93,1/1/99,Senior Engineer
45896,Mitsuyuki,Biran,10/14/64,10/6/86,1/1/99,Staff
45911,Aleksander,Bojadziev,4/30/63,3/28/00,1/1/99,Staff
45921,Juichirou,Flanders,7/3/64,2/17/92,1/1/99,Engineer
45932,Martial,Wolniewicz,8/28/62,8/30/88,1/1/99,Staff
45934,Khosrow,Kinley,9/11/62,9/26/90,1/1/99,Senior Engineer
45937,Takahira,Wissmann,4/9/62,7/23/85,1/1/99,Senior Engineer
45944,Shigehito,Leppanen,10/6/63,9/23/93,1/1/99,Technique Leader
45948,Zejun,Chenney,8/10/64,2/23/90,1/1/99,Engineer
45953,Chenxi,Viele,2/19/62,10/23/97,1/1/99,Engineer
45954,Toong,Khamsi,6/23/63,9/20/92,1/1/99,Senior Engineer
45957,Hein,Schwartzburd,2/13/62,8/24/96,1/1/99,Engineer
45958,Chaitali,Rosay,4/23/63,12/14/90,1/1/99,Engineer
45963,Matt,Ligten,1/29/64,4/17/93,1/1/99,Staff
45964,Augustine,Feldmann,10/11/62,6/19/97,1/1/99,Senior Staff
45975,Yongqiao,Iacovou,1/29/64,4/2/85,1/1/99,Engineer
45978,Anwar,Kroll,8/11/64,7/26/90,1/1/99,Staff
45984,Gio,Cairo,4/10/63,11/29/89,1/1/99,Engineer
45986,Jouni,Wallrath,5/26/62,5/24/96,1/1/99,Staff
45991,Monique,Pelz,7/14/63,6/11/86,1/1/99,Engineer
45995,Saddek,Heinisuo,6/7/64,4/19/92,1/1/99,Senior Engineer
46000,Zhaofang,Penn,1/26/65,7/24/97,1/1/99,Senior Staff
46007,Satosi,Kuszyk,5/23/62,4/3/90,1/1/99,Engineer
46016,Arunas,Milicic,8/22/63,12/22/86,1/1/99,Senior Engineer
46017,Feixiong,Syrzycki,1/31/62,9/29/01,1/1/99,Engineer
46018,Goo,Skogmar,2/6/64,1/8/95,1/1/99,Engineer
46029,Elvia,Schaaf,11/8/64,5/16/90,1/1/99,Senior Engineer
46033,Shigeo,Dayana,3/26/63,12/28/98,1/1/99,Staff
46035,Chiranjit,Thisen,10/17/62,12/20/89,1/1/99,Technique Leader
46043,Aran,Peha,4/18/62,7/24/97,1/1/99,Assistant Engineer
46050,Elvia,Sambasivam,8/4/64,1/29/97,1/1/99,Staff
46053,Snehasis,Shimshoni,10/25/64,11/23/93,1/1/99,Engineer
46057,Niteen,Crooks,9/20/63,6/13/89,1/1/99,Engineer
46067,Pascal,Deverell,6/2/62,11/19/89,1/1/99,Engineer
46092,Demin,Gerteisen,11/5/64,7/6/94,1/1/99,Engineer
46098,Arnd,Reeker,7/29/62,11/22/96,1/1/99,Senior Engineer
46099,Ingemar,Lieblein,10/10/63,5/9/97,1/1/99,Engineer
46101,Souichi,Colorni,7/30/63,11/21/99,1/1/99,Senior Engineer
46107,Taegyun,Pappas,12/13/63,12/28/96,1/1/99,Engineer
46115,Xiadong,Thimonier,11/29/63,1/26/94,1/1/99,Staff
46116,Snehasis,Swiss,10/31/63,4/24/99,1/1/99,Staff
46117,Constantino,Karunanithi,12/24/63,5/15/99,1/1/99,Staff
46121,Luisa,Karcich,9/3/63,5/1/92,1/1/99,Technique Leader
46125,Bojan,Reghbati,5/16/64,7/18/87,1/1/99,Senior Engineer
46126,Fusako,Heusch,12/29/62,6/3/02,1/1/99,Staff
46128,Pintsang,Bratten,5/15/64,10/29/85,1/1/99,Staff
46138,Chanjung,Schade,5/4/62,11/20/86,1/1/99,Senior Engineer
46139,Maia,Tomescu,8/8/62,2/3/88,1/1/99,Senior Staff
46148,Roddy,Zallocco,8/5/64,6/19/92,1/1/99,Senior Staff
46150,Guiseppe,Openshaw,12/13/62,5/18/99,1/1/99,Engineer
46151,Munehiko,Fontan,11/17/63,6/8/86,1/1/99,Staff
46153,Hitomi,Lubachevsky,9/10/64,10/21/95,1/1/99,Staff
46155,Lobel,Schlumberger,7/25/62,4/4/96,1/1/99,Senior Engineer
46157,Xianlong,Valiente,6/23/62,5/17/90,1/1/99,Staff
46160,Shahid,Xiaoshan,11/17/63,8/8/95,1/1/99,Staff
46163,Nigel,Muhlberg,12/6/62,1/13/88,1/1/99,Senior Staff
46186,Jeong,Ginneken,1/10/62,11/25/93,1/1/99,Technique Leader
46196,Oscal,Pero,6/29/62,12/20/89,1/1/99,Staff
46197,Munehiko,Orlowska,6/6/62,9/22/93,1/1/99,Assistant Engineer
46212,Munehiko,Deyuan,10/27/63,12/10/98,1/1/99,Staff
46218,Arra,Terlouw,2/15/62,8/27/97,1/1/99,Senior Engineer
46223,Kendra,Falck,7/3/62,6/24/85,1/1/99,Senior Engineer
46227,Nagui,Monkewich,12/24/62,12/13/89,1/1/99,Senior Engineer
46228,Ghassan,Pena,9/10/62,8/25/85,1/1/99,Senior Staff
46238,Rafols,Wiegley,2/26/62,8/19/93,1/1/99,Senior Engineer
46246,Katsuo,Michaeli,12/16/64,8/5/87,1/1/99,Staff
46256,Marl,Hedayat,1/28/64,1/9/97,1/1/99,Staff
46257,Kristina,Katiyar,12/23/62,7/6/92,1/1/99,Staff
46264,Sergi,Engberts,11/2/64,8/12/00,1/1/99,Assistant Engineer
46277,Eckart,Woycyznski,1/18/64,12/19/92,1/1/99,Senior Staff
46279,Khedija,Limongiello,12/3/63,5/14/88,1/1/99,Engineer
46280,Tsuneo,Karnin,5/21/64,3/20/93,1/1/99,Engineer
46288,Naftali,Genther,1/13/64,6/7/92,1/1/99,Staff
46301,Bartek,Bennis,7/4/64,3/22/95,1/1/99,Staff
46310,Thodoros,Shobatake,11/8/63,4/10/95,1/1/99,Technique Leader
46313,King,Detkin,7/13/62,7/1/96,1/1/99,Senior Engineer
46315,Stepehn,Henders,2/9/62,9/15/88,1/1/99,Engineer
46328,Wuxu,Trogemann,1/5/65,1/27/97,1/1/99,Senior Staff
46330,Aran,Walstra,11/24/62,3/12/86,1/1/99,Senior Engineer
46333,Arif,Reeker,7/25/64,7/1/91,1/1/99,Engineer
46348,Phule,Kroon,12/20/63,1/15/98,1/1/99,Senior Engineer
46350,Josyula,Sabnani,12/19/62,4/26/98,1/1/99,Engineer
46357,Sahrah,Lodder,11/3/62,9/2/00,1/1/99,Technique Leader
46361,Mang,Engberts,8/30/64,12/24/98,1/1/99,Senior Staff
46365,Nigel,Champarnaud,9/23/64,1/14/96,1/1/99,Staff
46366,Wayne,Feldhoffer,2/12/62,7/22/96,1/1/99,Engineer
46369,Genta,Waschkowski,8/27/62,3/9/93,1/1/99,Senior Staff
46371,Xuedong,Swick,4/14/64,4/18/95,1/1/99,Senior Engineer
46373,Roddy,dAstous,10/12/62,8/15/87,1/1/99,Senior Engineer
46380,Yechiam,Birjandi,9/6/64,6/9/85,1/1/99,Staff
46390,Make,Nitsch,5/23/62,1/17/94,1/1/99,Engineer
46393,Panayotis,Zschoche,3/11/63,8/8/98,1/1/99,Engineer
46396,Matk,Larfeldt,12/12/62,6/2/90,1/1/99,Senior Staff
46397,Larisa,Varman,1/29/64,10/31/99,1/1/99,Engineer
46401,Janalee,Baby,6/8/64,3/8/97,1/1/99,Staff
46418,Akemi,Dengi,11/3/63,7/20/95,1/1/99,Senior Staff
46428,Florina,Tischendorf,3/30/63,11/27/89,1/1/99,Staff
46436,Maia,Maierhofer,2/2/63,9/14/85,1/1/99,Senior Engineer
46441,Lidong,Millington,10/28/63,1/1/89,1/1/99,Staff
46443,Luerbio,Heping,4/22/64,7/11/99,1/1/99,Engineer
46447,Gaurav,Unno,10/12/64,11/23/98,1/1/99,Engineer
46448,Xudong,Flowers,6/18/62,7/12/86,1/1/99,Senior Engineer
46450,Arnd,Zschoche,12/23/62,9/7/93,1/1/99,Staff
46453,Raimond,Grandbois,5/22/64,3/25/92,1/1/99,Senior Engineer
46468,Navid,Onuegbe,8/11/63,7/24/94,1/1/99,Senior Staff
46478,Pragnesh,Birta,12/13/63,4/3/91,1/1/99,Technique Leader
46481,Jeanne,Senzako,11/23/63,1/17/97,1/1/99,Senior Staff
46483,Gino,Snyers,11/2/64,1/24/88,1/1/99,Senior Staff
46487,Conrado,Sgarro,12/6/63,11/30/92,1/1/99,Technique Leader
46493,Izaskun,Peot,12/10/63,12/25/98,1/1/99,Staff
46495,Ashish,Erie,7/8/62,6/1/88,1/1/99,Senior Staff
46497,Genki,Falster,5/26/62,5/15/88,1/1/99,Senior Engineer
46503,Mohamadou,Mansanne,9/7/64,7/15/94,1/1/99,Senior Staff
46504,Chaitali,Yurov,9/21/62,2/15/87,1/1/99,Senior Engineer
46512,Jaroslava,Suri,3/12/63,3/4/01,1/1/99,Engineer
46513,Cordelia,Benveniste,9/3/62,6/17/85,1/1/99,Senior Staff
46520,Alois,Dalphin,3/23/64,9/25/90,1/1/99,Engineer
46521,Shuzo,Tetzlaff,5/3/64,11/21/95,1/1/99,Senior Engineer
46523,Ramya,Wynblatt,4/3/62,1/27/86,1/1/99,Staff
46526,Evgueni,Maccarone,4/18/62,4/19/96,1/1/99,Staff
46528,Ottavia,Plavsic,6/1/63,9/23/87,1/1/99,Senior Engineer
46534,Felicidad,Taubman,12/11/63,7/26/92,1/1/99,Senior Engineer
46549,Amstein,Reistad,8/2/62,8/1/98,1/1/99,Staff
46550,Mikhail,Peir,9/22/63,4/20/02,1/1/99,Engineer
46552,Mitsuyuki,Cappelletti,7/13/63,8/17/89,1/1/99,Senior Engineer
46557,Berna,Prochazka,12/7/62,9/1/94,1/1/99,Staff
46566,Gro,Baby,10/2/63,11/5/97,1/1/99,Senior Staff
46577,Fusako,Sambasivam,3/22/63,5/14/99,1/1/99,Senior Staff
46579,Nidapan,Eiron,9/13/64,1/11/98,1/1/99,Technique Leader
46581,Elzbieta,Pezzoli,12/24/64,11/12/91,1/1/99,Senior Engineer
46582,Aksel,Atrawala,3/3/64,4/17/85,1/1/99,Technique Leader
46583,Alenka,Willoner,3/1/62,3/21/98,1/1/99,Engineer
46584,Kerhong,Sessa,12/26/64,5/6/90,1/1/99,Senior Staff
46605,Lucien,Cusworth,5/23/62,11/27/93,1/1/99,Technique Leader
46606,Demin,Peltason,2/16/62,12/27/99,1/1/99,Staff
46607,Phule,Peres,4/16/62,10/11/90,1/1/99,Senior Staff
46612,Aloke,Pfau,7/3/64,11/5/99,1/1/99,Staff
46615,Edwin,Sewelson,4/4/62,6/30/98,1/1/99,Technique Leader
46626,Miyeon,Merro,8/7/62,7/14/89,1/1/99,Technique Leader
46631,Aris,Perelgut,11/26/62,3/12/86,1/1/99,Senior Staff
46637,Mayuko,Shackel,8/21/62,7/11/86,1/1/99,Staff
46643,Toney,Pell,8/8/62,1/19/00,1/1/99,Staff
46648,Wilmer,Yoshizawa,1/1/62,6/17/92,1/1/99,Senior Staff
46650,Mabhin,Hedayat,2/10/64,8/22/96,1/1/99,Senior Staff
46653,Honesty,Pardalos,7/24/63,9/27/91,1/1/99,Technique Leader
46663,Yinlin,Auria,7/6/64,8/16/91,1/1/99,Senior Staff
46669,Fumino,Cmelik,7/8/64,1/25/94,1/1/99,Staff
46689,Weiyi,Schurmann,8/25/62,11/3/97,1/1/99,Senior Staff
46690,Moon,Krichel,9/20/64,12/26/88,1/1/99,Engineer
46691,Kazuhito,Dayang,10/30/64,4/20/92,1/1/99,Senior Staff
46697,Gal,Baba,6/7/64,5/22/94,1/1/99,Senior Staff
46698,Xinan,Ritcey,2/27/63,11/24/98,1/1/99,Staff
46699,Ramalingam,Gaughan,3/16/62,10/15/90,1/1/99,Senior Engineer
46701,Jiakeng,Tyugu,3/24/62,12/3/89,1/1/99,Senior Staff
46705,Visit,Rusmann,2/8/62,6/28/96,1/1/99,Senior Staff
46720,Mark,Sethi,7/4/64,3/27/86,1/1/99,Senior Engineer
46736,Arnd,Soloway,9/2/63,5/28/86,1/1/99,Engineer
46738,Qunsheng,dAstous,11/21/62,1/29/91,1/1/99,Senior Staff
46743,Achilleas,Shimshoni,4/8/62,1/10/87,1/1/99,Senior Engineer
46747,Pasqua,Biran,9/12/64,4/5/94,1/1/99,Engineer
46748,Kerhong,Decaestecker,12/22/64,12/1/97,1/1/99,Engineer
46751,Navin,Schauser,3/22/64,10/19/86,1/1/99,Senior Engineer
46756,Jeane,McDermid,7/21/62,5/13/88,1/1/99,Engineer
46765,Bedir,Schapiro,9/2/63,10/24/93,1/1/99,Senior Engineer
46774,Sedat,Zschoche,3/4/63,7/26/86,1/1/99,Senior Staff
46776,Abdelwaheb,Deyuan,10/31/62,3/12/92,1/1/99,Assistant Engineer
46779,Alselm,Zeleznik,12/27/63,11/17/94,1/1/99,Staff
46785,Dannz,Brodie,10/22/64,2/4/00,1/1/99,Engineer
46789,Elgin,Puppo,10/4/64,4/4/96,1/1/99,Senior Engineer
46807,Yunming,Coullard,3/5/63,9/28/93,1/1/99,Staff
46811,Junsik,Berendt,1/10/65,4/27/88,1/1/99,Senior Engineer
46819,Frederique,Garigliano,11/9/62,8/31/87,1/1/99,Staff
46826,Christoper,Ladret,11/24/62,10/26/98,1/1/99,Staff
46830,Kirk,Schlegelmilch,11/5/63,1/9/90,1/1/99,Senior Staff
46831,Vugranam,Ishibashi,9/13/64,1/15/88,1/1/99,Staff
46834,Tooru,Daescu,1/22/65,3/20/98,1/1/99,Senior Staff
46837,Jordanka,Billawala,6/5/63,6/3/95,1/1/99,Engineer
46842,Alper,Sullins,11/25/62,12/30/95,1/1/99,Technique Leader
46849,Tamiya,Showalter,4/22/62,6/9/92,1/1/99,Engineer
46857,Elgin,Suppi,9/10/62,1/12/97,1/1/99,Senior Staff
46870,Teiji,Ernst,1/4/64,7/26/98,1/1/99,Staff
46871,Amalendu,Byoun,1/30/63,4/13/89,1/1/99,Senior Staff
46873,Alselm,Lindenbaum,10/2/64,1/20/90,1/1/99,Assistant Engineer
46875,Adin,Frolund,5/10/64,1/8/95,1/1/99,Senior Staff
46877,Erzsebet,Angelopoulos,9/2/64,5/21/88,1/1/99,Senior Engineer
46878,Subhankar,Ebeling,12/4/64,3/3/91,1/1/99,Senior Engineer
46885,Jaihie,McClurg,3/25/62,2/2/97,1/1/99,Staff
46889,Akeno,Schiper,9/23/63,8/18/90,1/1/99,Senior Staff
46902,Lena,Brender,4/25/64,9/17/96,1/1/99,Senior Staff
46911,Conal,Beetstra,10/15/62,7/21/86,1/1/99,Engineer
46914,Ymte,Fargier,1/10/64,8/9/95,1/1/99,Senior Engineer
46917,Hatim,Rothe,5/8/63,3/27/85,1/1/99,Senior Staff
46918,Yakkov,Tagansky,11/23/62,1/13/88,1/1/99,Engineer
46924,Anneke,Coorg,5/27/62,1/5/99,1/1/99,Engineer
46925,Eran,Janetzko,10/22/64,7/23/99,1/1/99,Staff
46929,Odinaldo,Angot,12/21/63,4/19/99,1/1/99,Engineer
46930,Giordano,Ashish,4/25/63,9/2/98,1/1/99,Staff
46933,Sachin,Vieth,1/31/64,7/5/86,1/1/99,Technique Leader
46938,Garnik,Khalil,10/10/62,10/18/93,1/1/99,Engineer
46943,Pasqua,Maraist,1/31/65,12/6/93,1/1/99,Engineer
46945,Zengping,Mandelberg,12/17/63,10/27/99,1/1/99,Senior Engineer
46947,Aemilian,Gammage,4/15/64,4/7/95,1/1/99,Engineer
46956,Halsur,Spieker,3/18/64,5/21/90,1/1/99,Senior Staff
46957,Munehiro,Koyama,5/29/63,4/6/96,1/1/99,Senior Engineer
46973,Manibrata,Peron,10/8/64,1/21/87,1/1/99,Senior Staff
46986,Irena,Acton,10/15/64,7/11/92,1/1/99,Senior Engineer
46994,Basim,Borstler,4/11/64,10/17/87,1/1/99,Senior Engineer
46999,Ulises,Comte,2/20/64,2/4/99,1/1/99,Senior Staff
47000,Fumino,Rosti,12/10/62,12/30/88,1/1/99,Senior Engineer
47001,Kristof,Uchoa,2/2/63,2/3/88,1/1/99,Technique Leader
47003,Jeong,Gunderson,9/21/63,3/2/96,1/1/99,Senior Engineer
47004,Mabhin,Melichar,2/21/62,8/12/99,1/1/99,Staff
47012,Djenana,Escriba,5/26/63,5/24/90,1/1/99,Senior Staff
47014,Harjit,Birnbaum,11/4/64,8/11/98,1/1/99,Staff
47016,Toong,Litecky,1/3/65,3/1/89,1/1/99,Senior Staff
47029,Maya,Melski,9/30/63,3/3/91,1/1/99,Senior Staff
47031,Neven,Vesel,8/28/62,7/27/86,1/1/99,Senior Engineer
47036,Vishwani,Yoshimura,4/14/62,8/19/88,1/1/99,Senior Engineer
47037,Jagoda,Docker,11/4/63,4/24/93,1/1/99,Senior Staff
47040,Shawna,Zumaque,7/20/63,2/11/88,1/1/99,Senior Engineer
47041,Howell,Heping,3/30/62,2/11/94,1/1/99,Assistant Engineer
47053,Yonghong,Fabrizio,7/20/64,12/26/94,1/1/99,Senior Staff
47060,Satyanarayana,Weiland,5/1/64,6/13/98,1/1/99,Senior Staff
47069,Idoia,Homond,2/6/64,9/15/92,1/1/99,Staff
47071,Marin,Hiltgen,9/13/62,4/27/00,1/1/99,Engineer
47074,Falguni,Serdy,5/27/62,9/1/91,1/1/99,Engineer
47086,Irena,Journel,3/1/62,3/19/89,1/1/99,Senior Engineer
47093,Munir,Munch,2/11/64,8/24/86,1/1/99,Staff
47097,Otmar,Ambroszkiewicz,1/30/63,1/28/00,1/1/99,Engineer
47098,Marin,Matheson,2/13/63,9/28/88,1/1/99,Senior Staff
47101,Mayuri,Milicia,3/19/63,7/21/96,1/1/99,Engineer
47102,Boaz,Quadeer,4/1/64,4/28/94,1/1/99,Staff
47105,Weiye,Maierhofer,9/10/62,2/2/88,1/1/99,Senior Staff
47106,George,Chiola,8/2/62,6/24/90,1/1/99,Senior Engineer
47128,Kinh,Ullian,4/20/63,5/3/89,1/1/99,Staff
47132,Freyja,Alvarado,3/27/64,7/9/88,1/1/99,Senior Staff
47139,Marco,Usdin,1/25/65,10/29/96,1/1/99,Engineer
47143,Hideyuki,Acton,4/5/64,7/14/95,1/1/99,Assistant Engineer
47150,Ute,Figueira,1/29/64,2/25/91,1/1/99,Senior Engineer
47153,Premsyl,Rotem,2/1/62,2/16/94,1/1/99,Senior Staff
47155,Leen,Fiebach,9/13/62,6/19/98,1/1/99,Engineer
47161,Masako,Syrzycki,11/2/62,7/26/89,1/1/99,Staff
47167,Sham,Bach,3/5/63,11/23/94,1/1/99,Senior Staff
47170,Mong,Nicolson,2/28/64,8/20/97,1/1/99,Engineer
47189,Shigenori,Coney,12/30/64,4/12/88,1/1/99,Engineer
47194,Valery,Foong,1/23/63,3/8/97,1/1/99,Engineer
47196,Youjian,Conta,1/14/64,10/2/99,1/1/99,Senior Staff
47198,Sarita,Ibel,3/23/62,5/9/99,1/1/99,Senior Engineer
47204,Stepehn,Kusalik,9/6/63,9/3/95,1/1/99,Engineer
47213,Kristine,Rijckaert,11/29/64,3/27/94,1/1/99,Senior Staff
47214,Toshimo,Sewelson,6/27/64,2/6/87,1/1/99,Senior Engineer
47241,Gio,Muntz,2/27/62,1/13/88,1/1/99,Senior Staff
47243,Hugo,Gadepally,1/7/62,8/31/91,1/1/99,Staff
47253,Branimir,Picht,1/13/63,2/19/92,1/1/99,Senior Staff
47257,Werner,Raney,10/28/63,10/13/88,1/1/99,Senior Engineer
47260,Marjo,Mungall,1/10/64,8/13/90,1/1/99,Engineer
47262,Gonzalo,Binkley,1/10/65,8/16/85,1/1/99,Engineer
47264,Huican,Rosin,3/23/64,3/25/92,1/1/99,Assistant Engineer
47267,Iara,Cyne,5/5/64,6/13/90,1/1/99,Staff
47284,Pradeep,Sichman,9/26/64,2/28/94,1/1/99,Engineer
47292,Frederique,Tagansky,5/26/63,12/17/89,1/1/99,Technique Leader
47296,Uriel,Gornas,10/9/64,4/11/99,1/1/99,Staff
47303,Junsik,Azevdeo,1/20/63,3/27/96,1/1/99,Staff
47304,Rosita,Angel,11/12/64,9/14/91,1/1/99,Staff
47309,Munehiko,Constantine,10/12/63,1/22/95,1/1/99,Senior Engineer
47322,Sanjeeva,Spinelli,9/2/62,7/16/99,1/1/99,Assistant Engineer
47328,Poorav,Langford,6/19/62,5/10/88,1/1/99,Senior Engineer
47339,Ayakannu,Koblitz,2/3/64,12/13/89,1/1/99,Senior Staff
47341,Jeanna,Domenig,11/9/62,8/8/92,1/1/99,Staff
47356,Ramalingam,Ananiadou,9/30/64,1/27/91,1/1/99,Technique Leader
47386,Mountaz,Tyugu,11/6/63,3/1/85,1/1/99,Engineer
47395,Fabrizio,Wrigley,9/11/64,3/29/02,1/1/99,Senior Engineer
47399,Suebskul,Eugenio,9/6/63,11/21/88,1/1/99,Engineer
47405,Khoa,Lamba,5/25/64,8/22/90,1/1/99,Senior Engineer
47411,Barun,Baalen,11/21/64,10/2/97,1/1/99,Staff
47412,Arnould,Navazio,11/30/63,7/13/89,1/1/99,Engineer
47417,Hilari,Snyers,10/2/62,8/17/89,1/1/99,Senior Staff
47435,Tianruo,Mahnke,5/12/62,12/30/87,1/1/99,Senior Staff
47437,Kazuhira,Conti,2/4/63,8/20/87,1/1/99,Staff
47450,Wonhee,Egerstedt,11/11/62,5/14/95,1/1/99,Staff
47454,Udaiprakash,Peyn,6/8/62,1/29/02,1/1/99,Senior Engineer
47459,Mototsugu,Rosenbaum,1/9/64,4/7/91,1/1/99,Engineer
47472,Vincent,Karnin,7/29/64,5/21/99,1/1/99,Engineer
47473,Hauke,Peak,12/5/62,10/12/87,1/1/99,Technique Leader
47481,Ottavia,Lung,2/16/63,5/13/97,1/1/99,Staff
47482,Kazuhide,Kobuchi,10/22/62,7/31/96,1/1/99,Senior Staff
47485,Munehiko,Christ,6/13/62,12/12/87,1/1/99,Senior Engineer
47487,Sachem,Vakili,11/17/63,4/4/94,1/1/99,Assistant Engineer
47492,Mokhtar,Hammerschmidt,8/15/63,8/15/91,1/1/99,Senior Staff
47496,Badri,Conti,2/11/64,4/29/86,1/1/99,Staff
47499,Abdelkader,Hatcliff,8/8/62,6/15/85,1/1/99,Senior Engineer
47509,Salvador,Radwan,10/26/63,11/20/85,1/1/99,Senior Engineer
47510,Hyuncheol,Menhoudj,9/6/62,3/22/93,1/1/99,Senior Engineer
47514,Noritoshi,Narwekar,12/6/64,12/4/91,1/1/99,Senior Engineer
47515,Naraig,Jenevein,1/26/65,1/18/87,1/1/99,Senior Engineer
47522,Chuanti,Klyachko,10/17/63,10/8/93,1/1/99,Senior Staff
47524,Leucio,Anido,12/20/64,2/12/99,1/1/99,Engineer
47526,Van,Kading,1/19/63,8/23/99,1/1/99,Engineer
47533,Shugo,Zielinski,11/7/62,10/22/89,1/1/99,Engineer
47536,Weidon,Cromarty,8/31/62,2/13/97,1/1/99,Engineer
47540,Toney,Siochi,3/11/63,5/28/99,1/1/99,Staff
47544,Kellyn,Heiserman,5/27/64,10/4/96,1/1/99,Staff
47559,Paloma,Reeken,10/22/64,6/14/96,1/1/99,Engineer
47560,Rimli,Schahn,3/12/64,6/25/92,1/1/99,Senior Staff
47561,Kenton,Radwan,3/11/63,6/17/99,1/1/99,Engineer
47566,Dekang,Levergood,3/25/62,9/17/96,1/1/99,Technique Leader
47574,Shai,Farrar,7/9/63,3/27/98,1/1/99,Engineer
47576,Rildo,Francisci,9/18/63,2/27/86,1/1/99,Technique Leader
47578,Krister,Alpin,7/24/64,10/3/94,1/1/99,Staff
47580,Uno,Brendel,7/12/62,4/8/86,1/1/99,Senior Engineer
47585,Lenore,Conti,7/24/62,10/11/91,1/1/99,Senior Staff
47590,Takahito,Buchter,5/2/64,1/12/88,1/1/99,Engineer
47594,Hugo,Rettelbach,3/25/62,11/1/90,1/1/99,Assistant Engineer
47615,Peer,Jenevein,4/15/62,5/13/94,1/1/99,Senior Staff
47619,Mohamadou,Swift,9/28/63,5/22/98,1/1/99,Staff
47621,Zhiwei,Motley,9/3/64,10/5/93,1/1/99,Technique Leader
47628,Hiroyasu,Waeselynck,12/1/62,1/12/00,1/1/99,Staff
47638,Jinpo,DiGiano,11/2/64,1/15/98,1/1/99,Engineer
47639,Leah,Piancastelli,9/25/62,3/26/99,1/1/99,Engineer
47648,Parviz,Tomescu,3/22/62,12/11/97,1/1/99,Engineer
47652,Rutger,Cullers,11/11/63,3/17/90,1/1/99,Technique Leader
47660,Bedir,Kakkar,8/11/63,5/14/97,1/1/99,Engineer
47663,Sven,Marwedel,3/31/62,10/26/90,1/1/99,Senior Staff
47664,Volkmar,Cappelletti,6/4/63,5/10/85,1/1/99,Senior Staff
47666,Tristan,Jarecki,2/25/63,8/29/93,1/1/99,Technique Leader
47667,Oddvar,Shobatake,4/6/62,9/26/98,1/1/99,Technique Leader
47674,Jianwen,Thambidurai,5/1/62,9/13/95,1/1/99,Senior Staff
47675,Danco,Shimshoni,4/12/63,8/24/85,1/1/99,Senior Staff
47676,Kiyomitsu,Negoita,6/19/63,8/29/97,1/1/99,Senior Engineer
47680,Jinpo,Lueh,7/23/63,10/12/95,1/1/99,Staff
47681,Shunichi,Lorho,8/22/63,5/11/89,1/1/99,Senior Engineer
47684,Jessie,Swab,11/13/63,10/18/99,1/1/99,Staff
47694,Mari,Ferriere,7/28/63,1/11/86,1/1/99,Technique Leader
47700,Rasiah,Poulakidas,1/18/62,12/28/95,1/1/99,Staff
47702,Juyoung,Vieri,1/21/65,8/12/91,1/1/99,Senior Staff
47705,Sudhanshu,Marshall,8/7/64,6/18/93,1/1/99,Senior Engineer
47707,Hyuncheol,Huhdanpaa,3/11/64,10/7/93,1/1/99,Staff
47708,Edwin,Haldar,1/5/65,7/12/95,1/1/99,Senior Staff
47712,Guozhong,Denny,6/13/63,10/15/00,1/1/99,Senior Engineer
47714,Kristinn,Openshaw,9/22/64,7/9/90,1/1/99,Staff
47722,Atreye,Worfolk,9/11/63,3/2/02,1/1/99,Staff
47728,Lansing,Ranze,2/28/62,9/14/92,1/1/99,Senior Engineer
47738,Dines,Spinelli,7/12/64,4/11/88,1/1/99,Staff
47743,Bokyung,Quittner,4/18/64,5/24/97,1/1/99,Engineer
47747,Charmane,Cappelli,10/13/63,4/30/86,1/1/99,Staff
47753,Anneke,Ranka,5/16/62,4/29/98,1/1/99,Staff
47754,Yakkov,Sankaranarayanan,7/24/64,5/24/94,1/1/99,Engineer
47755,Mihalis,Hasham,8/24/64,2/26/86,1/1/99,Senior Staff
47756,Kristina,Reeken,9/24/62,5/1/98,1/1/99,Engineer
47760,Kensei,Pollock,12/1/62,1/23/99,1/1/99,Staff
47768,Salvador,Chelton,8/14/63,4/23/88,1/1/99,Senior Engineer
47782,Heejo,Remmele,5/21/62,8/21/91,1/1/99,Senior Staff
47786,Kellie,Lung,12/20/63,10/26/93,1/1/99,Engineer
47795,Kousuke,Jiang,5/17/63,6/25/88,1/1/99,Senior Engineer
47803,Avishai,Peltason,2/16/64,8/30/90,1/1/99,Senior Engineer
47826,Temple,Hooghiemstra,7/15/64,5/18/00,1/1/99,Senior Staff
47833,Lucien,Atchley,10/18/63,2/22/86,1/1/99,Senior Staff
47835,Apostol,Strandh,3/12/64,2/4/02,1/1/99,Senior Engineer
47838,Nevio,Masamoto,7/24/62,8/30/91,1/1/99,Assistant Engineer
47854,Takushi,Halevi,8/31/62,12/15/96,1/1/99,Senior Staff
47856,Moss,Stanger,4/26/64,3/25/87,1/1/99,Senior Staff
47870,Tsz,Molberg,3/5/62,10/6/87,1/1/99,Senior Engineer
47871,Mari,Atchley,11/14/63,11/15/90,1/1/99,Senior Staff
47874,Berry,Deville,11/22/64,11/29/87,1/1/99,Senior Engineer
47875,Unal,Range,5/26/63,9/26/99,1/1/99,Engineer
47879,Sandeepan,Pelc,5/14/62,8/22/90,1/1/99,Engineer
47885,Xinan,Wissmann,6/15/63,7/14/97,1/1/99,Senior Engineer
47890,Katsuyuki,Mondadori,8/10/62,1/28/97,1/1/99,Senior Staff
47893,Nishit,Marletta,1/22/62,11/21/86,1/1/99,Staff
47896,Mohan,Atrawala,12/2/64,1/11/96,1/1/99,Engineer
47900,Kwok,Hedayat,1/11/62,4/15/89,1/1/99,Senior Engineer
47901,Serap,Aseltine,5/28/63,5/16/99,1/1/99,Engineer
47911,Herbert,Kornatzky,5/4/63,2/2/86,1/1/99,Senior Staff
47913,Maria,Bennet,8/13/62,7/25/97,1/1/99,Staff
47919,Subhash,Sichman,9/4/63,7/12/98,1/1/99,Staff
47922,Danel,Lorin,7/20/62,7/16/90,1/1/99,Senior Engineer
47934,Pranjal,Qiwen,10/17/63,12/8/95,1/1/99,Technique Leader
47935,Kazuhito,Serdy,5/30/63,10/29/93,1/1/99,Engineer
47938,Macha,Denny,1/23/62,12/2/94,1/1/99,Engineer
47944,Fei,Zeleznik,10/17/63,11/8/01,1/1/99,Engineer
47946,Mang,Wilfing,5/15/63,2/1/95,1/1/99,Engineer
47949,Tuval,Carrera,5/11/63,10/3/85,1/1/99,Senior Staff
47962,Berthier,Farrag,8/2/64,11/19/98,1/1/99,Senior Engineer
47963,Luigi,Plavsic,10/5/62,12/1/97,1/1/99,Staff
47972,Feixiong,Merks,5/26/64,6/16/94,1/1/99,Senior Staff
47975,Ekawit,Szemeredi,11/9/64,10/17/98,1/1/99,Senior Engineer
47984,Huican,Stafford,12/31/62,2/23/99,1/1/99,Engineer
47987,Chandrasekaran,Farrag,8/3/63,12/11/90,1/1/99,Staff
47990,Siamak,Takanami,12/18/62,3/21/95,1/1/99,Engineer
47993,Xiahua,Azuma,9/22/63,7/14/00,1/1/99,Senior Engineer
47995,Rutger,Dayana,5/18/63,1/5/94,1/1/99,Senior Engineer
48002,Richard,Buchter,6/29/63,10/7/86,1/1/99,Senior Staff
48004,Faiza,Foong,11/15/63,1/23/94,1/1/99,Senior Staff
48012,Maris,Staudhammer,1/30/64,7/26/99,1/1/99,Assistant Engineer
48013,Uinam,Ratzlaff,7/23/64,4/24/87,1/1/99,Engineer
48022,Mohua,Chaudhuri,9/26/62,1/23/98,1/1/99,Staff
48025,Gianluca,Melton,11/20/62,6/15/99,1/1/99,Senior Engineer
48032,Serap,Validov,7/22/63,5/14/94,1/1/99,Senior Staff
48036,Charmane,Ecklund,10/6/64,4/18/91,1/1/99,Senior Staff
48042,Jianhui,Salvesen,5/29/63,4/27/94,1/1/99,Technique Leader
48046,Suebskul,Flowers,9/3/62,9/29/85,1/1/99,Senior Engineer
48052,Sreekrishna,Genther,11/26/64,8/9/88,1/1/99,Engineer
48053,Susanne,Sethi,10/18/63,5/1/90,1/1/99,Senior Engineer
48054,Fumiyo,Bolsens,8/27/63,7/1/88,1/1/99,Senior Staff
48076,Weidon,Zhiwei,3/15/63,5/1/92,1/1/99,Senior Staff
48079,Angel,Rindone,3/2/62,3/25/87,1/1/99,Senior Staff
48085,Venkatesan,Gilg,1/19/64,6/28/93,1/1/99,Staff
48088,Hironobu,Argence,4/29/62,3/19/94,1/1/99,Engineer
48093,Shirish,Uchoa,9/14/63,6/8/94,1/1/99,Engineer
48115,Kristina,Gaughan,7/16/62,10/30/92,1/1/99,Staff
48130,Bartek,Picht,9/15/62,8/13/97,1/1/99,Staff
48132,Poorav,Lunt,5/19/63,12/18/88,1/1/99,Senior Engineer
48133,Kazuhira,Perfilyeva,2/7/64,7/6/88,1/1/99,Staff
48136,Gudjon,Cummings,8/23/63,1/30/98,1/1/99,Staff
48140,Berthier,Morrin,11/9/64,7/25/94,1/1/99,Senior Staff
48145,Moie,Preusig,5/31/63,3/2/86,1/1/99,Assistant Engineer
48152,Yagil,Fortenbacher,8/9/62,11/8/85,1/1/99,Technique Leader
48153,Fumino,Uludag,11/18/64,10/29/97,1/1/99,Technique Leader
48163,Szabolcs,Usdin,11/24/63,11/14/92,1/1/99,Staff
48166,Angel,Spataro,9/18/64,12/3/91,1/1/99,Senior Engineer
48189,Jaewon,Legleitner,5/16/64,5/4/97,1/1/99,Staff
48200,Tetsurou,Swan,9/5/62,6/14/01,1/1/99,Engineer
48210,Carrsten,Wilharm,10/24/64,3/30/91,1/1/99,Senior Engineer
48218,Murthy,Wendorf,4/27/62,7/28/95,1/1/99,Senior Staff
48219,Marl,Rindone,7/15/63,2/20/89,1/1/99,Senior Staff
48224,Shen,Androutsos,11/28/64,11/1/93,1/1/99,Senior Staff
48226,Serge,Poulakidas,9/13/62,11/8/94,1/1/99,Senior Engineer
48227,Odoardo,Budinsky,2/7/64,1/21/97,1/1/99,Senior Engineer
48234,Christ,Oxenboll,4/3/62,5/3/88,1/1/99,Technique Leader
48239,Hongzue,Angiulli,10/8/64,6/29/90,1/1/99,Senior Staff
48244,Karlis,Tokunaga,3/6/62,9/15/91,1/1/99,Staff
48246,Kristine,Thummel,2/10/62,12/30/92,1/1/99,Engineer
48248,Pradeep,Vigier,4/27/63,1/17/95,1/1/99,Senior Staff
48256,Kshitij,Remmers,10/14/64,7/22/98,1/1/99,Senior Engineer
48264,Leandro,Gulik,12/21/63,5/14/88,1/1/99,Engineer
48275,Sariel,Massonet,1/29/65,11/20/87,1/1/99,Senior Staff
48279,Ramzi,Lund,1/3/62,7/21/86,1/1/99,Technique Leader
48280,Tayeb,Shrader,10/3/64,11/5/94,1/1/99,Staff
48284,Divine,Rehfuss,7/24/64,8/1/97,1/1/99,Staff
48288,Narain,Pileggi,9/18/64,3/5/98,1/1/99,Engineer
48289,Inderjeet,Back,6/25/64,12/26/87,1/1/99,Staff
48293,Arnould,Giarratana,4/30/64,6/5/96,1/1/99,Engineer
48295,Yannik,Weedon,12/25/64,9/28/90,1/1/99,Senior Staff
48299,Abdelaziz,Krychniak,3/15/64,6/9/86,1/1/99,Staff
48303,Mona,Ranft,3/27/64,8/18/92,1/1/99,Senior Staff
48304,Shuky,Reinhard,7/8/64,10/29/94,1/1/99,Staff
48307,Janche,Vingron,3/5/63,4/8/90,1/1/99,Senior Staff
48309,Janalee,Haldar,10/19/63,10/17/92,1/1/99,Senior Engineer
48311,Munehiro,Gniady,2/18/63,7/31/94,1/1/99,Engineer
48312,Hidekazu,Ciolek,9/17/64,2/24/91,1/1/99,Engineer
48313,Fox,Alameldin,7/20/63,10/29/99,1/1/99,Staff
48317,Fumiyo,Mandelberg,12/11/62,1/11/89,1/1/99,Senior Staff
48319,Genta,Facello,9/22/62,12/2/89,1/1/99,Staff
48328,Adil,Emmart,4/29/64,3/4/97,1/1/99,Engineer
48342,Sugwoo,Demke,7/9/64,7/6/88,1/1/99,Engineer
48347,Feipei,Isaak,3/13/62,10/9/96,1/1/99,Engineer
48348,Geoff,Rohrbach,10/13/63,1/6/88,1/1/99,Senior Engineer
48352,Rajmohan,Sankaranarayanan,1/19/63,5/31/93,1/1/99,Engineer
48354,Cordelia,Zschoche,6/15/64,12/14/98,1/1/99,Engineer
48355,Parke,Marakhovsky,4/13/64,10/29/97,1/1/99,Engineer
48359,Xinan,Tasistro,9/23/63,12/24/89,1/1/99,Senior Engineer
48364,Insup,Shihab,1/26/63,3/31/99,1/1/99,Engineer
48369,Rimon,Shimshoni,11/15/64,6/28/98,1/1/99,Staff
48372,Shaw,Pelc,5/9/64,2/8/93,1/1/99,Staff
48380,Seongbae,Hitomi,11/24/62,1/11/89,1/1/99,Senior Staff
48384,Leszek,Speer,8/29/63,4/15/90,1/1/99,Senior Staff
48385,Georg,Baig,8/31/64,7/18/88,1/1/99,Senior Engineer
48390,Charmane,Cyre,6/28/64,7/15/99,1/1/99,Engineer
48404,Yinlin,Baja,1/20/63,11/2/90,1/1/99,Technique Leader
48422,Luerbio,Dulay,1/10/62,6/22/95,1/1/99,Staff
48430,Babette,Beidas,1/23/62,8/10/95,1/1/99,Engineer
48431,Fuqing,Gluchowski,10/18/63,10/18/87,1/1/99,Assistant Engineer
48432,Feipei,Wilharm,8/13/62,4/9/88,1/1/99,Engineer
48442,Leni,Shrader,8/11/63,12/8/93,1/1/99,Senior Staff
48445,Harngdar,Peng,6/23/63,1/25/88,1/1/99,Engineer
48449,Seshu,Bodoff,2/18/62,2/6/93,1/1/99,Engineer
48453,Felicidad,Guenter,12/15/62,2/27/87,1/1/99,Senior Engineer
48455,Matt,Buescher,7/14/64,3/27/97,1/1/99,Staff
48458,Yuuichi,Poujol,11/10/63,4/14/87,1/1/99,Staff
48460,Teiji,Reistad,1/9/64,4/26/97,1/1/99,Engineer
48461,Uma,Albarhamtoshy,6/11/63,8/28/89,1/1/99,Engineer
48463,Kwangyoen,Cunliffe,10/29/63,3/9/87,1/1/99,Senior Engineer
48464,Mary,Heemskerk,1/26/62,6/1/93,1/1/99,Senior Engineer
48468,Teunis,Luby,3/16/64,5/21/95,1/1/99,Senior Engineer
48483,Alejandra,Munch,4/12/64,8/30/93,1/1/99,Senior Staff
48485,Geoff,Birnbaum,7/6/62,1/31/96,1/1/99,Engineer
48489,Danae,Nyanchama,6/23/62,1/1/86,1/1/99,Senior Staff
48492,Kankanahalli,Feinberg,6/14/64,7/12/97,1/1/99,Technique Leader
48494,Kazuhira,Akazan,6/4/62,12/21/91,1/1/99,Senior Engineer
48498,Adin,Highland,3/11/62,3/7/89,1/1/99,Senior Staff
48506,Sangeeta,Maksimenko,1/7/63,6/15/92,1/1/99,Senior Staff
48508,Weicheng,Bultermann,3/26/62,7/8/96,1/1/99,Engineer
48527,Seshu,Erol,1/9/63,8/9/94,1/1/99,Engineer
48538,Yinlin,Thummel,9/13/62,5/29/90,1/1/99,Senior Staff
48550,Xiaoqiu,Herbst,4/13/63,2/8/89,1/1/99,Staff
48566,Fan,Beerel,10/20/63,6/10/99,1/1/99,Engineer
48569,Neven,Perri,12/8/62,10/14/89,1/1/99,Engineer
48579,Jaihie,Dichev,11/1/63,4/12/91,1/1/99,Staff
48580,Minghong,Pusterhofer,3/2/62,8/14/94,1/1/99,Senior Engineer
48592,Duke,Suessmith,5/12/63,9/21/99,1/1/99,Engineer
48595,Shan,Encarnacion,5/3/63,1/4/86,1/1/99,Senior Staff
48601,Ramachenga,Hanabata,4/15/62,2/21/86,1/1/99,Staff
48603,Baocai,Bergere,8/4/63,12/8/96,1/1/99,Engineer
48605,Reinhold,Lieblein,7/14/64,7/18/97,1/1/99,Staff
48611,Akeno,Haldar,1/31/63,5/20/98,1/1/99,Staff
48616,Branimir,Hiraishi,3/9/64,11/19/91,1/1/99,Senior Staff
48617,Gill,Suppi,8/12/63,10/18/88,1/1/99,Senior Engineer
48624,Shalesh,Eiron,4/10/62,3/1/99,1/1/99,Engineer
48634,Heejo,Bondorf,6/28/62,8/17/95,1/1/99,Engineer
48635,Emran,Belinskaya,9/17/64,7/31/98,1/1/99,Senior Engineer
48639,Gennadi,Demian,6/22/64,1/7/88,1/1/99,Engineer
48640,Boaz,Rajcani,4/5/63,4/3/85,1/1/99,Senior Engineer
48642,Kauko,Rahimi,10/7/64,7/19/91,1/1/99,Senior Engineer
48660,Serenella,Validov,7/26/63,8/2/85,1/1/99,Engineer
48661,Danel,Uludag,6/5/62,10/28/98,1/1/99,Engineer
48674,Ziyad,Ariola,11/27/64,4/16/85,1/1/99,Senior Staff
48690,Hitomi,Schaap,1/12/65,9/27/99,1/1/99,Staff
48692,Arif,Covnot,4/28/63,8/15/89,1/1/99,Technique Leader
48695,Valeri,Orlowski,6/23/62,11/8/93,1/1/99,Engineer
48715,Serif,Gajiwala,11/6/62,5/22/93,1/1/99,Senior Staff
48728,Marin,Sethi,1/7/63,2/24/87,1/1/99,Senior Staff
48730,Inderjeet,Baez,1/24/62,7/4/98,1/1/99,Senior Engineer
48733,Quingbo,Gerteisen,6/16/63,4/13/94,1/1/99,Senior Staff
48737,TRUE,Rothenberg,10/7/63,4/3/92,1/1/99,Senior Engineer
48747,Janche,Cronan,4/18/62,2/24/91,1/1/99,Engineer
48771,Takahito,Marrakchi,9/4/63,1/4/95,1/1/99,Senior Engineer
48776,Nirmal,Ranon,4/13/63,5/14/92,1/1/99,Senior Engineer
48777,Christ,Copas,10/25/64,2/27/99,1/1/99,Senior Staff
48781,Pragnesh,Speel,10/6/64,2/2/89,1/1/99,Senior Staff
48790,Ewing,Buescher,1/28/62,8/29/97,1/1/99,Engineer
48792,Pantung,Munawer,4/19/62,8/29/94,1/1/99,Engineer
48798,Chiradeep,Cools,5/11/64,6/2/86,1/1/99,Staff
48800,Elgin,Ranta,9/4/62,7/11/89,1/1/99,Senior Staff
48801,Willard,Meriste,9/5/63,9/17/97,1/1/99,Engineer
48810,Kien,Chorvat,6/24/62,2/23/97,1/1/99,Senior Engineer
48812,Zsolt,Pardalos,5/29/62,1/31/96,1/1/99,Engineer
48819,Shooichi,Dulay,6/19/63,8/24/87,1/1/99,Senior Staff
48823,Jeong,Zlotek,2/16/63,2/7/91,1/1/99,Senior Staff
48829,Abdelwaheb,Serdy,8/16/64,4/3/99,1/1/99,Senior Engineer
48833,Kamran,Waeselynck,4/28/64,4/18/96,1/1/99,Senior Staff
48843,Nigel,Keirsey,11/22/64,3/29/93,1/1/99,Senior Staff
48857,Leszek,Restivo,3/23/63,5/27/98,1/1/99,Staff
48868,Tran,Casperson,7/31/63,8/4/89,1/1/99,Staff
48870,Luigi,Zallocco,4/3/63,2/23/99,1/1/99,Senior Staff
48873,Ohad,Ranum,10/27/62,11/20/97,1/1/99,Senior Staff
48875,Lalit,Serra,10/31/63,9/10/96,1/1/99,Engineer
48880,Bodh,Kuszyk,10/22/62,12/18/93,1/1/99,Staff
48882,Leen,Lamparter,1/28/65,6/7/93,1/1/99,Engineer
48890,Gererd,Bennis,3/6/63,1/18/88,1/1/99,Staff
48891,Baocai,Kushner,4/4/62,1/15/98,1/1/99,Staff
48892,Tzvetan,Swan,7/16/62,3/2/95,1/1/99,Senior Engineer
48894,Moie,Huxford,12/10/64,11/25/85,1/1/99,Engineer
48899,Vishu,Seiwald,11/21/62,4/13/96,1/1/99,Senior Staff
48904,Yuichiro,Malabarba,1/23/65,3/7/94,1/1/99,Senior Staff
48914,Nagui,Iisaku,11/3/63,7/13/85,1/1/99,Senior Engineer
48918,Lidong,Sadowsky,11/11/64,4/4/93,1/1/99,Staff
48922,Suebskul,Back,4/18/64,9/21/91,1/1/99,Senior Staff
48924,Moie,Dayana,8/27/63,6/19/93,1/1/99,Senior Staff
48927,Golgen,Weedman,9/7/63,8/21/95,1/1/99,Senior Engineer
48930,Arto,Ghandeharizadeh,10/13/63,12/24/95,1/1/99,Technique Leader
48931,Chenxi,Vidya,9/26/63,8/14/90,1/1/99,Senior Engineer
48947,Filipp,Akaboshi,1/5/65,5/20/92,1/1/99,Senior Staff
48959,Gennadi,Penttonen,5/12/64,12/5/91,1/1/99,Staff
48965,Arlette,Perri,9/8/62,12/5/91,1/1/99,Senior Engineer
48968,Harngdar,Panienski,6/17/64,5/27/89,1/1/99,Staff
48973,Armond,Stellhorn,6/11/64,11/2/98,1/1/99,Staff
48976,Suebskul,Coullard,7/19/64,6/30/93,1/1/99,Senior Staff
48979,Yucai,Merle,2/7/62,12/11/92,1/1/99,Senior Staff
48983,Mitchel,Pargaonkar,9/10/63,12/14/86,1/1/99,Senior Staff
48992,Zengping,Ramaiah,6/22/62,9/20/94,1/1/99,Senior Engineer
48994,Xiaocheng,Gente,10/22/64,6/20/92,1/1/99,Engineer
49001,Chinya,Conti,1/4/62,9/14/86,1/1/99,Senior Engineer
49010,Kazuhisa,Benantar,1/16/65,3/30/90,1/1/99,Staff
49017,Filipp,Flanders,1/7/65,11/26/90,1/1/99,Senior Engineer
49018,Yishay,Riesenhuber,1/17/62,10/1/99,1/1/99,Engineer
49022,Ortrun,Luit,6/22/62,5/28/99,1/1/99,Engineer
49024,Rutger,Denti,3/26/64,9/26/90,1/1/99,Senior Staff
49045,Krassimir,Erie,4/10/64,1/3/99,1/1/99,Senior Engineer
49059,Subhrajyoti,Masada,12/29/64,5/19/89,1/1/99,Senior Staff
49060,Vivian,Karcich,4/12/63,11/5/01,1/1/99,Staff
49066,Kolar,Schmezko,11/3/63,11/5/95,1/1/99,Staff
49071,TRUE,Taubenfeld,6/2/64,7/14/99,1/1/99,Staff
49072,Shuichi,Kulisch,6/13/63,9/6/86,1/1/99,Senior Staff
49083,Shaowei,Nations,4/22/62,8/8/85,1/1/99,Senior Staff
49084,Aruna,Wursthorn,3/16/62,8/10/91,1/1/99,Senior Staff
49101,Chiranjit,Besancenot,6/9/63,1/14/86,1/1/99,Senior Staff
49102,Tiina,Thombley,12/3/62,11/1/89,1/1/99,Senior Engineer
49104,Akemi,Birnbaum,10/27/62,5/31/88,1/1/99,Senior Engineer
49108,Christophe,Butterworth,1/16/64,8/16/01,1/1/99,Staff
49111,Kristian,Krychniak,6/27/63,8/14/88,1/1/99,Senior Engineer
49117,Mohit,Lienhardt,5/23/64,5/10/98,1/1/99,Senior Engineer
49119,Lena,Peek,1/9/65,5/16/91,1/1/99,Senior Engineer
49123,Nikolaos,Stroustrup,6/3/64,6/20/95,1/1/99,Technique Leader
49142,Izaskun,Landherr,9/28/62,10/22/97,1/1/99,Staff
49144,Weicheng,Broder,10/13/62,12/19/95,1/1/99,Technique Leader
49145,Florian,Kruskal,11/27/64,1/17/97,1/1/99,Engineer
49151,Padma,Zaccaria,9/5/62,1/13/95,1/1/99,Staff
49161,Elvia,Speel,4/1/64,7/17/99,1/1/99,Staff
49166,Fabrizio,Barriga,12/30/62,10/23/94,1/1/99,Staff
49170,Giri,Ravishankar,9/21/62,12/9/97,1/1/99,Senior Engineer
49171,Tiina,Esteva,4/9/62,5/31/95,1/1/99,Staff
49177,Tze,Bach,1/3/65,3/9/99,1/1/99,Engineer
49180,Fusako,Gelosh,4/11/62,11/17/85,1/1/99,Senior Engineer
49187,Qunsheng,Schoegge,2/22/62,9/6/99,1/1/99,Senior Staff
49189,Gianluca,Quittner,4/9/63,12/8/91,1/1/99,Engineer
49192,Shigeo,Bain,1/12/63,2/8/95,1/1/99,Engineer
49195,Zhongwei,Salvesen,5/15/62,2/12/97,1/1/99,Assistant Engineer
49200,Yucel,Schmittgen,6/10/62,1/15/93,1/1/99,Senior Engineer
49209,Edwin,Kossowski,3/25/62,6/29/99,1/1/99,Staff
49214,Ugo,Stellhorn,9/14/62,4/21/94,1/1/99,Staff
49216,Manu,Hoppenstand,3/5/63,12/19/97,1/1/99,Staff
49229,Mamdouh,Madeira,9/10/64,4/26/94,1/1/99,Senior Staff
49230,Dante,Swab,7/4/63,5/24/87,1/1/99,Senior Engineer
49231,Marie,Dymetman,9/12/64,12/20/86,1/1/99,Senior Engineer
49232,Yishai,Luiz,10/20/62,12/25/85,1/1/99,Senior Staff
49233,Nikolaus,Shobatake,12/21/64,8/17/94,1/1/99,Senior Staff
49234,Sachio,Peres,2/17/64,11/30/87,1/1/99,Senior Engineer
49239,Fumiya,Unno,1/18/62,9/18/92,1/1/99,Senior Staff
49260,Shounak,Delaune,7/17/62,12/22/97,1/1/99,Assistant Engineer
49268,Huiqun,Reinhard,5/24/64,1/11/95,1/1/99,Engineer
49271,Arno,Berendt,9/11/62,2/2/99,1/1/99,Assistant Engineer
49272,Jianwen,Pfau,3/30/63,8/16/92,1/1/99,Assistant Engineer
49277,Anyuan,Birch,6/27/63,11/5/85,1/1/99,Senior Staff
49285,Marsal,Waterhouse,5/30/62,5/11/86,1/1/99,Senior Engineer
49286,Mara,Cronan,5/21/63,7/29/92,1/1/99,Engineer
49307,Masali,Fortenbacher,6/8/64,6/14/95,1/1/99,Staff
49309,Herb,Vecchio,4/16/62,6/16/98,1/1/99,Senior Engineer
49312,Abdelghani,Bressoud,10/30/64,3/30/99,1/1/99,Engineer
49316,Rayond,Lubachevsky,1/28/63,2/7/91,1/1/99,Senior Engineer
49338,Gritta,Ranai,5/26/62,1/14/98,1/1/99,Senior Staff
49344,Takahito,Hiltgen,9/17/64,5/4/87,1/1/99,Senior Staff
49345,Idoia,Larfeldt,5/28/63,6/7/99,1/1/99,Staff
49362,Lein,Juneja,8/19/62,5/13/97,1/1/99,Staff
49363,Yannik,Perry,6/29/63,10/6/89,1/1/99,Staff
49369,Berna,Ecklund,7/9/64,10/2/87,1/1/99,Staff
49370,Sangeeta,Fabrizio,8/26/63,4/19/86,1/1/99,Senior Engineer
49375,Gennady,Danner,10/14/64,4/11/92,1/1/99,Senior Staff
49380,Emran,Hiyoshi,3/18/62,6/11/90,1/1/99,Senior Staff
49388,Shigehito,Dehkordi,10/16/63,5/10/85,1/1/99,Senior Engineer
49397,Maia,Koblitz,11/17/63,2/19/85,1/1/99,Engineer
49400,Elvis,Hutter,12/20/64,9/1/91,1/1/99,Senior Engineer
49402,Lijie,Marrevee,7/8/62,5/26/02,1/1/99,Engineer
49403,Arif,Munke,2/2/63,6/6/94,1/1/99,Senior Engineer
49406,Unal,Weedon,9/1/64,3/18/95,1/1/99,Engineer
49407,Petter,Feinberg,2/28/62,12/9/96,1/1/99,Assistant Engineer
49410,Magdalena,Plotkin,9/18/62,3/22/95,1/1/99,Engineer
49419,Mrinalini,Plavsic,7/26/63,4/1/90,1/1/99,Senior Engineer
49421,Susanna,Boudaillier,5/3/64,1/10/02,1/1/99,Senior Staff
49426,Huican,Aamodt,8/13/63,11/1/93,1/1/99,Senior Engineer
49427,Mrinalini,Polajnar,12/20/64,9/7/92,1/1/99,Engineer
49439,Turgut,Speek,3/19/63,5/6/99,1/1/99,Senior Staff
49441,Luerbio,Thebaut,4/9/63,5/4/98,1/1/99,Engineer
49456,Sanjai,Marshall,1/3/63,1/14/87,1/1/99,Technique Leader
49460,Jasminko,Schaap,9/16/63,1/21/98,1/1/99,Senior Engineer
49464,Siddarth,Cappelletti,1/14/65,9/10/99,1/1/99,Staff
49466,Chuanyi,Gulik,3/30/63,7/18/94,1/1/99,Staff
49470,Gennadi,Braunschweig,10/6/64,5/16/99,1/1/99,Engineer
49472,Dipankar,Hitomi,6/20/62,1/6/86,1/1/99,Senior Staff
49474,Lijie,Docker,1/26/62,11/21/97,1/1/99,Staff
49477,Baocai,Leaver,1/14/65,8/5/98,1/1/99,Senior Staff
49483,Huai,Murtafg,2/23/62,5/8/93,1/1/99,Engineer
49493,Premsyl,Berstel,2/15/63,3/16/91,1/1/99,Senior Engineer
49494,Kristof,Stenning,8/2/62,9/17/97,1/1/99,Staff
49495,Snehasis,Christ,1/15/64,5/24/85,1/1/99,Senior Engineer
49497,Supot,Birge,10/19/63,11/11/86,1/1/99,Senior Engineer
49507,Bernardo,Hashii,3/2/62,8/5/92,1/1/99,Assistant Engineer
49508,Yurii,Suppi,9/22/64,12/24/94,1/1/99,Engineer
49512,Mizuhito,Gurbaxani,9/22/63,11/19/98,1/1/99,Engineer
49514,Mahendra,Delgrande,1/27/64,9/19/93,1/1/99,Senior Engineer
49518,Miquel,Serre,10/21/64,4/6/90,1/1/99,Engineer
49520,Evgueni,Spieker,1/7/63,2/9/91,1/1/99,Senior Staff
49540,Elzbieta,Baar,11/30/62,8/13/93,1/1/99,Senior Engineer
49549,Shaowen,Litvinov,7/21/63,4/26/89,1/1/99,Staff
49564,Chinhyun,Beerel,1/21/63,2/25/93,1/1/99,Senior Engineer
49573,Przemyslawa,Vidal,4/24/63,7/16/95,1/1/99,Senior Staff
49579,Lene,Aumann,7/8/64,12/8/91,1/1/99,Senior Engineer
49592,Zhongwei,Kobuchi,8/1/64,9/20/85,1/1/99,Engineer
49606,Chinho,Merey,7/30/64,10/18/92,1/1/99,Technique Leader
49616,Ipke,Heemskerk,9/1/64,4/10/97,1/1/99,Staff
49618,Shigeaki,Ligten,10/29/62,9/2/90,1/1/99,Engineer
49623,Jiafu,Ghemri,10/16/62,9/4/92,1/1/99,Engineer
49627,Sajjad,Rindone,6/26/64,1/29/92,1/1/99,Senior Engineer
49634,Padma,Cooke,12/11/63,12/20/95,1/1/99,Senior Staff
49640,Aris,Wixon,10/14/64,9/8/99,1/1/99,Staff
49654,Zhilian,Stemann,9/21/62,12/24/91,1/1/99,Technique Leader
49655,Mart,Luff,9/24/64,1/3/93,1/1/99,Senior Staff
49657,Sven,Heydon,6/17/63,8/9/91,1/1/99,Senior Engineer
49663,Danai,Edelhoff,2/3/64,12/18/93,1/1/99,Senior Staff
49664,Uriel,Iivonen,3/11/62,11/8/96,1/1/99,Engineer
49665,Mototsugu,Hanabata,5/21/63,12/15/95,1/1/99,Staff
49666,Udi,Hertweck,3/22/64,7/27/98,1/1/99,Staff
49671,Mohamadou,Terlouw,8/13/62,5/17/85,1/1/99,Staff
49672,Jiafu,Rosay,11/9/62,12/17/86,1/1/99,Senior Engineer
49676,Laurentiu,Naumovich,7/21/63,1/2/00,1/1/99,Staff
49686,Roddy,Gonthier,4/16/64,12/2/96,1/1/99,Senior Engineer
49690,Fai,Cooman,10/22/62,5/11/99,1/1/99,Senior Engineer
49695,Yonghoan,Morton,12/29/64,10/23/88,1/1/99,Staff
49711,Duangkaew,Schmittgen,5/16/62,6/28/92,1/1/99,Staff
49713,Yinlin,Peot,8/28/64,3/21/89,1/1/99,Staff
49718,Xudong,Tchuente,10/25/63,11/1/93,1/1/99,Technique Leader
49719,Arch,Granlund,11/29/63,3/12/95,1/1/99,Senior Engineer
49720,Basim,Schwabacher,7/1/62,9/20/98,1/1/99,Staff
49724,Poorav,Bazzichi,9/2/62,9/7/90,1/1/99,Senior Staff
49726,Manu,Iisaka,5/6/64,10/18/94,1/1/99,Senior Engineer
49730,Guangming,Junet,7/6/64,7/27/01,1/1/99,Senior Engineer
49734,Candida,Rindone,5/6/63,9/4/89,1/1/99,Senior Engineer
49749,Rayond,Preusig,7/3/64,11/22/89,1/1/99,Engineer
49750,Kellyn,Steinauer,2/17/63,8/22/85,1/1/99,Senior Engineer
49751,Genevieve,Birnbaum,12/18/63,1/2/95,1/1/99,Staff
49755,Xiaobin,Benantar,11/26/64,4/2/90,1/1/99,Staff
49757,Christoper,Akaboshi,12/11/63,12/22/99,1/1/99,Senior Engineer
49770,Dipankar,Akazan,4/13/62,9/26/92,1/1/99,Senior Engineer
49776,Yongdong,Ulupinar,12/28/63,9/9/85,1/1/99,Senior Staff
49799,Krisda,Randi,1/25/64,5/21/93,1/1/99,Senior Staff
49801,Shao,Syrzycki,11/18/64,5/13/95,1/1/99,Assistant Engineer
49802,Randy,Huttel,6/8/64,2/17/92,1/1/99,Technique Leader
49809,Achilleas,Thorensen,5/3/63,3/21/85,1/1/99,Senior Staff
49810,Muneo,Remmers,6/7/63,9/16/92,1/1/99,Senior Engineer
49812,Weiyi,Slobodova,2/5/62,12/16/92,1/1/99,Engineer
49822,Adamantios,Luiz,11/24/62,4/30/91,1/1/99,Staff
49831,Kwan,Rathonyi,12/4/64,7/30/91,1/1/99,Senior Engineer
49832,Magdalena,Fetvedt,11/25/64,2/13/85,1/1/99,Staff
49836,Jovan,Hmelo,2/17/64,7/29/86,1/1/99,Engineer
49837,Kolar,Gimarc,3/3/62,1/10/98,1/1/99,Staff
49841,Martins,Terekhov,12/29/63,1/2/89,1/1/99,Engineer
49844,Yaghout,Ertl,9/30/64,6/10/96,1/1/99,Engineer
49845,Alois,Percebois,11/3/64,11/13/89,1/1/99,Staff
49847,Parto,Encarnacion,1/23/62,3/21/92,1/1/99,Senior Engineer
49852,Palash,Penttonen,8/11/64,5/29/99,1/1/99,Assistant Engineer
49854,Uli,Luon,4/16/64,2/23/93,1/1/99,Senior Engineer
49855,Boalin,Montemayor,1/27/62,12/9/93,1/1/99,Senior Engineer
49856,Naftali,Papastamatiou,11/22/62,4/27/98,1/1/99,Senior Staff
49865,Zhenhua,Sevcikova,10/29/64,11/24/88,1/1/99,Staff
49868,Slavian,Billawala,6/2/64,11/11/94,1/1/99,Senior Engineer
49871,Toong,Nishimukai,6/29/62,12/21/93,1/1/99,Senior Staff
49872,Shichao,Turnbull,5/19/63,4/1/89,1/1/99,Senior Engineer
49875,Pasqua,Besselaar,11/11/62,5/20/92,1/1/99,Engineer
49877,Maja,Hashii,4/15/63,11/28/91,1/1/99,Staff
49882,Utpal,Eiron,1/11/64,11/21/91,1/1/99,Engineer
49887,Eric,Covnot,3/3/62,3/31/97,1/1/99,Staff
49892,Claudi,Meriste,11/15/64,4/3/87,1/1/99,Engineer
49898,Erez,Rosar,4/14/62,5/3/86,1/1/99,Senior Engineer
49903,Charmane,Bultermann,2/28/62,1/23/98,1/1/99,Engineer
49911,Satoru,Roisin,11/5/62,4/19/90,1/1/99,Engineer
49926,Leszek,Suri,12/26/62,4/11/92,1/1/99,Senior Engineer
49932,Gil,Veldwijk,11/1/64,5/16/89,1/1/99,Engineer
49938,Aral,Falco,8/9/62,9/7/94,1/1/99,Senior Staff
49948,Spyrose,Vendrig,11/13/62,8/21/90,1/1/99,Senior Staff
49952,Djenana,Badr,4/14/64,5/7/85,1/1/99,Senior Engineer
49958,Subhankar,Esposito,4/27/64,4/3/89,1/1/99,Senior Staff
49962,Marlo,Otillio,2/3/64,5/9/85,1/1/99,Senior Engineer
49965,Chinhyun,Hennings,5/23/64,5/3/01,1/1/99,Staff
49966,Pradeep,Meszaros,8/1/62,10/7/91,1/1/99,Senior Engineer
49969,Xinan,Chinal,8/6/62,3/25/91,1/1/99,Staff
49973,Stabislas,Billawala,10/28/63,9/14/87,1/1/99,Staff
49976,Miyeon,Peternell,10/25/64,4/2/98,1/1/99,Senior Staff
49978,Sreekrishna,Leijenhorst,3/27/62,10/7/89,1/1/99,Senior Engineer
49985,Phuoc,Bazzichi,6/17/64,11/19/89,1/1/99,Staff
49987,Toney,Shimshoni,8/24/63,12/7/86,1/1/99,Senior Staff
49997,Sashi,Henders,10/29/63,1/10/92,1/1/99,Senior Engineer
50001,Boguslaw,Karcich,11/21/63,8/28/87,1/1/99,Senior Engineer
50004,Kish,Quittner,6/11/64,6/29/90,1/1/99,Staff
50005,Kendra,Bernardinello,2/25/62,3/2/91,1/1/99,Assistant Engineer
50017,Kaijung,Bratsberg,3/13/63,7/27/97,1/1/99,Engineer
50018,King,Bahl,12/17/62,12/30/99,1/1/99,Engineer
50021,Moti,Goodrum,12/11/64,7/10/98,1/1/99,Staff
50025,Susumu,Olano,6/15/63,3/14/96,1/1/99,Staff
50028,Matk,Alameldin,4/2/62,5/14/87,1/1/99,Engineer
50029,Rosine,Colorni,11/6/63,2/14/97,1/1/99,Senior Engineer
50047,Subhash,Pusterhofer,12/16/63,12/15/01,1/1/99,Senior Staff
50052,Basem,Madeira,3/7/62,11/21/99,1/1/99,Senior Staff
50056,Ung,Jiafu,5/28/64,4/16/90,1/1/99,Senior Engineer
50063,Aemilian,Trogemann,8/19/63,1/23/92,1/1/99,Senior Staff
50067,Hidefumi,Morrow,10/23/64,5/11/90,1/1/99,Senior Engineer
50090,Uriel,Siprelle,2/15/62,12/12/86,1/1/99,Senior Staff
50092,Kwun,Riefers,3/8/62,6/9/85,1/1/99,Senior Engineer
50095,Vishu,Nanard,3/31/63,5/25/96,1/1/99,Senior Staff
50110,Toshiki,Erie,6/3/63,6/15/96,1/1/99,Engineer
50113,Shooichi,Demke,6/12/63,5/4/99,1/1/99,Engineer
50116,Kristinn,Foote,8/10/64,12/11/98,1/1/99,Engineer
50118,Serap,Poehlman,9/28/63,4/27/86,1/1/99,Staff
50129,Geoff,Lagarias,5/7/63,1/4/90,1/1/99,Senior Engineer
50131,Kayoko,Haldar,2/5/62,4/5/94,1/1/99,Engineer
50138,Aram,Fraisse,1/12/63,12/3/88,1/1/99,Senior Engineer
50141,Tesuya,Vendrig,9/26/62,11/5/85,1/1/99,Senior Staff
50142,Billur,Demir,10/1/63,8/22/88,1/1/99,Senior Engineer
50164,Boriana,Zlotek,12/26/62,6/9/86,1/1/99,Technique Leader
50169,Elvia,Marciano,6/5/63,4/25/85,1/1/99,Staff
50172,Eran,Henseler,5/12/62,7/4/99,1/1/99,Engineer
50173,Claude,Begiun,4/1/64,1/23/97,1/1/99,Engineer
50178,Mang,Swen,9/14/62,4/16/99,1/1/99,Staff
50188,Becky,Sambasivam,2/24/62,7/20/92,1/1/99,Engineer
50192,Elzbieta,Litzler,3/26/64,1/6/88,1/1/99,Senior Engineer
50194,Rafail,Chepyzhov,4/20/63,11/25/93,1/1/99,Engineer
50200,Sadegh,Kuszyk,3/28/63,6/26/99,1/1/99,Engineer
50202,Saddek,Hofman,4/25/64,6/27/87,1/1/99,Engineer
50208,Jianhui,Goodrum,5/18/64,9/29/88,1/1/99,Engineer
50212,Zengping,Carrera,10/21/64,7/3/92,1/1/99,Engineer
50217,Claude,Markovitch,5/10/62,4/30/95,1/1/99,Assistant Engineer
50221,Dung,Wroclawski,5/15/62,8/25/87,1/1/99,Staff
50227,Navin,Camarinopoulos,1/20/64,3/20/86,1/1/99,Senior Staff
50228,Bernice,Servieres,10/20/63,2/9/87,1/1/99,Senior Engineer
50233,Feiyu,Dulay,2/12/64,2/5/94,1/1/99,Senior Staff
50237,Ymte,Gunderson,2/7/63,2/4/99,1/1/99,Staff
50243,Peternela,Terlouw,11/1/63,12/18/91,1/1/99,Senior Staff
50252,Niclas,Terekhov,4/29/64,5/15/96,1/1/99,Engineer
50254,Aiman,Servi,11/2/63,12/20/86,1/1/99,Senior Staff
50258,Brewster,Bergere,4/25/64,6/10/96,1/1/99,Assistant Engineer
50261,Candido,Limongiello,6/17/62,6/13/98,1/1/99,Senior Engineer
50264,Mohamadou,Vieth,10/26/64,7/23/90,1/1/99,Senior Staff
50265,Sven,Strehl,9/20/64,7/31/88,1/1/99,Senior Engineer
50272,Parto,Peris,2/8/63,4/24/90,1/1/99,Senior Engineer
50276,Eldridge,Shigei,2/2/64,6/8/87,1/1/99,Staff
50278,Sarita,Luon,10/3/62,7/25/00,1/1/99,Senior Engineer
50286,Jordanka,Zizka,9/17/64,8/7/97,1/1/99,Engineer
50292,Mizuhito,Schrooten,4/12/63,2/27/89,1/1/99,Engineer
50293,Xinan,Rindone,1/26/65,10/8/96,1/1/99,Engineer
50299,Moheb,Landherr,11/13/63,7/25/88,1/1/99,Technique Leader
50311,Mooi,Stafford,1/24/65,10/6/96,1/1/99,Senior Engineer
50313,Fen,Cappello,7/25/64,6/9/91,1/1/99,Engineer
50314,Gererd,Baby,4/7/63,12/27/89,1/1/99,Senior Engineer
50319,Maia,Schwaller,8/12/63,4/11/98,1/1/99,Staff
50329,Hinrich,Bardell,5/31/64,12/17/94,1/1/99,Senior Engineer
50335,Chandrasekaran,Bail,3/30/62,5/19/98,1/1/99,Engineer
50340,Souichi,Ramsay,6/18/62,8/1/91,1/1/99,Technique Leader
50341,DAIDA,Baig,9/25/64,3/8/88,1/1/99,Senior Engineer
50353,Brendon,Sluis,3/29/64,6/17/92,1/1/99,Staff
50354,Karlis,Farrow,3/24/63,7/29/91,1/1/99,Assistant Engineer
50357,Tremaine,Karnin,12/30/63,1/11/96,1/1/99,Staff
50359,Mark,Feldmann,9/23/63,1/28/96,1/1/99,Staff
50368,Taizo,Ghalwash,3/8/62,7/14/93,1/1/99,Senior Staff
50374,Godehard,Czap,3/18/63,3/6/85,1/1/99,Senior Engineer
50381,Annemarie,Mamelak,2/17/63,4/25/86,1/1/99,Senior Engineer
50385,Kish,Malinowski,7/14/63,1/25/89,1/1/99,Senior Engineer
50390,Aemilian,Katiyar,12/6/62,3/28/00,1/1/99,Senior Engineer
50403,Nalini,Merks,3/15/62,11/26/91,1/1/99,Engineer
50417,Akemi,Juneja,11/28/62,2/23/86,1/1/99,Senior Staff
50426,Kristen,Raczkowsky,2/10/63,12/17/90,1/1/99,Senior Staff
50430,Stein,Hashii,12/22/62,4/18/96,1/1/99,Engineer
50432,Ulf,Ginneken,8/31/62,3/24/87,1/1/99,Senior Staff
50434,Taegyun,Mondadori,4/12/64,5/5/94,1/1/99,Engineer
50438,Cheong,Ramsay,3/29/62,7/12/95,1/1/99,Senior Staff
50445,Baoqiu,Wrigley,1/15/63,3/20/88,1/1/99,Technique Leader
50451,Fumiya,Leijenhorst,10/30/64,7/22/01,1/1/99,Staff
50453,Aron,Harbusch,1/12/65,10/2/97,1/1/99,Staff
50458,Tamiya,Monarch,11/29/63,5/15/99,1/1/99,Staff
50465,Shahid,Hebden,6/14/62,7/27/94,1/1/99,Staff
50470,Doohun,Farrel,7/29/62,6/10/99,1/1/99,Staff
50472,Hercules,Melton,4/11/62,3/24/99,1/1/99,Staff
50482,Gian,Wiegley,1/27/64,12/10/96,1/1/99,Engineer
50483,Adas,Skafidas,4/9/62,6/27/97,1/1/99,Senior Staff
50497,Zsolt,Yetim,2/29/64,9/25/00,1/1/99,Staff
50506,Tayeb,Lally,2/11/64,8/26/87,1/1/99,Senior Engineer
50508,Basim,Driscoll,12/24/63,5/9/90,1/1/99,Senior Engineer
50515,Wonhee,Camurati,2/23/64,2/4/02,1/1/99,Engineer
50521,Zito,dAstous,12/5/62,1/26/88,1/1/99,Staff
50527,Yongmin,Mahnke,9/1/62,1/27/98,1/1/99,Staff
50528,Kerhong,Herath,1/24/62,10/13/92,1/1/99,Assistant Engineer
50531,Mototsugu,Farrag,9/5/62,10/11/92,1/1/99,Senior Engineer
50533,Zeydy,Szemeredi,3/16/63,2/27/99,1/1/99,Technique Leader
50540,Aloys,Braunmuhl,11/30/63,7/31/86,1/1/99,Senior Staff
50545,Giordano,Fairtlough,2/4/62,1/4/00,1/1/99,Senior Staff
50557,Kazuyasu,Savasere,1/20/64,7/12/91,1/1/99,Senior Engineer
50561,Behnaam,Zambonelli,5/2/62,3/26/97,1/1/99,Technique Leader
50564,Nikolaos,Siegrist,12/10/62,10/22/00,1/1/99,Senior Engineer
50573,Marit,Pelc,7/31/63,8/21/94,1/1/99,Senior Engineer
50586,Etsuo,Hainaut,1/26/63,12/5/90,1/1/99,Technique Leader
50595,Gro,Rohrbach,2/9/63,10/29/92,1/1/99,Senior Engineer
50598,Tayeb,Danley,3/17/63,4/22/99,1/1/99,Staff
50608,Olivera,Compeau,11/6/64,5/6/93,1/1/99,Engineer
50609,Janalee,Birjandi,10/4/63,4/15/94,1/1/99,Engineer
50623,Berna,Domenig,3/30/63,3/4/88,1/1/99,Senior Engineer
50624,Hirochika,Rassart,12/28/64,12/14/88,1/1/99,Engineer
50629,Hironoby,Brookman,11/21/62,12/13/94,1/1/99,Technique Leader
50631,Tooru,Birge,3/7/62,10/9/98,1/1/99,Senior Staff
50637,Eric,Butterworth,6/30/62,11/11/99,1/1/99,Staff
50644,Kasidit,Cincotta,4/26/64,4/11/91,1/1/99,Senior Engineer
50647,Leon,Siochi,3/29/63,11/14/96,1/1/99,Senior Staff
50648,Parviz,Kisuki,10/6/63,4/29/97,1/1/99,Senior Engineer
50653,Kamran,Beeson,8/11/63,5/9/99,1/1/99,Engineer
50669,Naftali,Hooghiemstra,3/14/63,1/19/01,1/1/99,Senior Staff
50670,Boguslaw,Snedden,1/30/65,2/20/85,1/1/99,Senior Staff
50674,Marsal,Deverell,4/5/64,1/15/97,1/1/99,Senior Staff
50681,Koldo,Itschner,2/19/63,4/6/85,1/1/99,Staff
50686,Sungwon,Solares,10/21/64,6/3/88,1/1/99,Senior Engineer
50690,Marko,Serna,2/26/62,2/26/96,1/1/99,Technique Leader
50692,Sanjoy,Cronau,11/29/63,2/5/93,1/1/99,Senior Engineer
50695,Yongmao,Quittner,7/29/62,5/11/85,1/1/99,Senior Staff
50697,Arto,Rissanen,9/9/64,1/9/91,1/1/99,Engineer
50706,Geoffry,Chinal,2/11/62,4/18/91,1/1/99,Senior Engineer
50709,Sangeeta,Sambasivam,10/18/63,8/4/90,1/1/99,Senior Engineer
50710,Jiakeng,Rohrbach,8/24/62,10/22/88,1/1/99,Engineer
50711,Matk,Krybus,3/15/64,5/24/87,1/1/99,Senior Staff
50714,Eran,Fiebach,8/22/62,5/25/89,1/1/99,Technique Leader
50716,Jaideep,Boissier,9/29/62,2/18/90,1/1/99,Senior Staff
50724,Anneli,Strehl,4/26/63,12/30/85,1/1/99,Staff
50728,Aria,Gerlach,3/25/63,10/19/98,1/1/99,Staff
50743,Saeko,Petereit,4/22/62,11/2/88,1/1/99,Senior Staff
50744,Kaijung,Falby,1/6/62,11/27/99,1/1/99,Staff
50745,Nagui,Lieberherr,3/15/63,10/26/98,1/1/99,Engineer
50753,Arvind,Herber,6/13/64,7/25/86,1/1/99,Assistant Engineer
50754,Valeska,Aseltine,4/5/62,5/9/02,1/1/99,Assistant Engineer
50756,Ishfaq,Rettelbach,5/17/64,11/3/89,1/1/99,Senior Engineer
50759,Marl,Ducloy,12/7/62,5/26/90,1/1/99,Senior Staff
50762,Oksana,Kalefeld,2/22/63,8/16/87,1/1/99,Senior Engineer
50766,Ramzi,Limongiello,9/1/64,10/29/95,1/1/99,Senior Engineer
50769,Jiafu,Chenney,4/22/64,3/30/96,1/1/99,Engineer
50770,Yucel,Bugaenko,9/15/63,1/7/99,1/1/99,Engineer
50776,Khatoun,Schahn,12/26/62,2/14/87,1/1/99,Staff
50778,Suvo,Preusig,10/6/64,2/14/94,1/1/99,Senior Staff
50799,Maja,Schmiedel,6/26/62,1/24/93,1/1/99,Senior Engineer
50811,Goo,Schrift,5/25/64,5/25/00,1/1/99,Staff
50817,Gretta,Smeets,11/23/64,7/19/87,1/1/99,Engineer
50819,Syozo,Woycyznski,3/9/62,10/12/91,1/1/99,Senior Engineer
50820,Shuzo,Marquardt,7/28/63,8/27/91,1/1/99,Engineer
50821,Vishv,Jullig,7/4/63,10/10/96,1/1/99,Engineer
50822,Tremaine,Kitai,3/28/63,9/30/88,1/1/99,Senior Staff
50825,Odoardo,Rohrbach,12/31/62,7/2/99,1/1/99,Senior Engineer
50826,Heping,Oppitz,10/9/64,5/17/95,1/1/99,Senior Staff
50831,Marie,Khalid,1/6/65,6/11/96,1/1/99,Senior Engineer
50835,Cristinel,Edelhoff,3/4/64,5/9/92,1/1/99,Engineer
50841,Reinhard,Crabtree,7/12/63,11/16/94,1/1/99,Staff
50845,Shichao,Hemaspaandra,11/2/64,3/21/96,1/1/99,Senior Engineer
50850,Yannik,Lunt,9/12/63,12/11/85,1/1/99,Senior Engineer
50851,Sakthirel,Otillio,10/1/63,12/7/88,1/1/99,Senior Engineer
50855,Dharmaraja,Nilsson,9/27/64,10/3/87,1/1/99,Staff
50861,Shaibal,Lorie,4/20/63,1/15/93,1/1/99,Senior Engineer
50864,Yuguang,Hagimont,12/14/63,12/19/91,1/1/99,Senior Staff
50870,Jouni,Chinin,8/8/63,9/4/87,1/1/99,Staff
50874,Kish,Lanzelotte,7/13/63,6/7/98,1/1/99,Staff
50882,Przemyslawa,Peternell,6/18/64,6/18/90,1/1/99,Senior Engineer
50894,Tianruo,Snyers,8/3/64,10/31/96,1/1/99,Staff
50907,Florina,Georgatos,7/17/62,5/15/95,1/1/99,Engineer
50914,Tommaso,Fraisse,11/3/64,6/8/97,1/1/99,Senior Engineer
50915,Kwangyoen,Vanwelkenhuysen,2/15/63,12/1/94,1/1/99,Staff
50920,Kwan,Kilgore,3/15/64,8/8/98,1/1/99,Senior Staff
50928,Ziva,Bellone,5/1/62,6/23/91,1/1/99,Senior Engineer
50929,Mohua,Ariola,3/24/63,9/10/87,1/1/99,Senior Engineer
50930,Alair,Stranks,10/23/62,7/9/89,1/1/99,Assistant Engineer
50935,Katsuyuki,Esposito,8/9/63,4/6/93,1/1/99,Senior Engineer
50944,Kokou,Hockney,7/17/62,7/10/90,1/1/99,Senior Staff
50951,Subhada,Comellas,2/20/62,12/8/97,1/1/99,Staff
50955,Susuma,Plump,4/15/62,10/28/01,1/1/99,Staff
50956,Gregory,Erva,9/18/63,8/6/98,1/1/99,Engineer
50964,Hidefumi,Gide,6/25/64,1/17/88,1/1/99,Technique Leader
50970,Xiping,Vandervoorde,12/12/63,1/25/98,1/1/99,Assistant Engineer
50976,Nectarios,Kropp,4/28/64,12/2/92,1/1/99,Senior Staff
50992,Ult,Benzaken,2/19/64,7/20/98,1/1/99,Senior Staff
50993,Bartek,Reutenauer,4/14/64,8/31/87,1/1/99,Staff
50996,Lokesh,Vuskovic,8/2/64,6/28/96,1/1/99,Engineer
51000,Jingling,England,2/12/62,9/19/90,1/1/99,Senior Staff
51002,Zsolt,Picel,9/4/64,2/6/87,1/1/99,Engineer
51003,Achilleas,Geffroy,9/13/63,9/25/86,1/1/99,Staff
51012,Toshiki,Back,1/30/62,3/23/91,1/1/99,Engineer
51013,Brigham,Lorch,12/7/64,12/29/98,1/1/99,Staff
51017,Collette,Baar,5/20/63,8/24/85,1/1/99,Senior Staff
51019,Fusako,Tomescu,6/30/62,11/26/93,1/1/99,Senior Engineer
51022,Sumali,Percebois,5/14/63,3/5/93,1/1/99,Senior Staff
51028,Tonia,Shobatake,8/1/63,7/28/99,1/1/99,Engineer
51036,Chriss,Fasbender,1/29/65,5/23/95,1/1/99,Staff
51044,Sorina,Baer,2/4/63,2/18/95,1/1/99,Senior Staff
51048,Nectarios,Bresenham,7/12/64,1/17/95,1/1/99,Senior Staff
51051,Feipei,Chaudhury,8/9/64,7/25/88,1/1/99,Senior Staff
51057,Theirry,Albarhamtoshy,1/29/65,9/27/91,1/1/99,Senior Staff
51060,Youngkon,Rohrbach,1/15/65,10/20/89,1/1/99,Senior Engineer
51061,Mack,Debuse,12/20/64,1/4/97,1/1/99,Engineer
51068,Rosine,Zolotykh,3/16/64,7/30/97,1/1/99,Senior Staff
51070,Xiaobin,Kropatsch,7/27/62,1/20/00,1/1/99,Engineer
51073,Toshimo,Merli,2/15/62,3/12/85,1/1/99,Senior Engineer
51085,Yurij,Socorro,2/7/63,11/14/90,1/1/99,Senior Engineer
51090,Xiaopeng,Roccetti,12/11/63,6/9/85,1/1/99,Staff
51097,Mitsuyuki,Wilfing,1/5/62,2/21/85,1/1/99,Senior Engineer
51102,Stevo,Maraist,8/25/63,3/23/86,1/1/99,Engineer
51122,Dekang,Ashish,6/26/64,12/31/90,1/1/99,Engineer
51127,Mohan,Lorie,8/17/63,9/23/99,1/1/99,Staff
51129,Divier,Guting,7/31/63,4/21/85,1/1/99,Senior Staff
51141,Ronghao,Vesna,3/8/62,4/29/87,1/1/99,Senior Engineer
51142,Rosine,Lakshmanan,1/29/65,1/31/86,1/1/99,Engineer
51164,Sangeeta,Khasidashvili,2/9/64,10/30/98,1/1/99,Senior Staff
51172,Niranjan,Ramalingam,10/16/63,1/25/00,1/1/99,Staff
51174,Shugo,Erol,3/19/64,1/2/97,1/1/99,Senior Staff
51179,Sasan,Barreiro,10/6/63,4/8/91,1/1/99,Engineer
51183,Giordano,Jayawardene,5/24/62,10/3/91,1/1/99,Senior Engineer
51184,Phillip,Schach,8/30/63,1/27/99,1/1/99,Staff
51186,Chenxi,Sluis,5/9/64,3/13/86,1/1/99,Senior Staff
51193,Sergi,Leppanen,3/1/64,4/10/87,1/1/99,Engineer
51200,Gaurav,Ozeri,12/19/62,9/16/95,1/1/99,Staff
51216,Lena,Vernadat,10/23/63,8/27/90,1/1/99,Engineer
51217,Doohun,Harllee,7/26/63,5/21/86,1/1/99,Senior Engineer
51235,Hideyuki,Michaels,11/20/63,4/26/95,1/1/99,Engineer
51242,Shietung,Grabner,10/5/64,11/17/99,1/1/99,Engineer
51248,Bernt,Ratnakar,9/24/64,2/21/90,1/1/99,Senior Engineer
51257,Kinh,Fiutem,8/12/62,4/20/87,1/1/99,Engineer
51262,Mohit,Mullainathan,6/30/62,5/23/90,1/1/99,Senior Engineer
51268,Berhard,Selenyi,8/18/62,7/16/89,1/1/99,Senior Staff
51277,Sampalli,Azuma,3/14/63,4/26/98,1/1/99,Staff
51291,Gila,Schreiter,8/12/62,4/7/98,1/1/99,Engineer
51292,Charmane,Ermel,2/20/64,10/3/98,1/1/99,Staff
51305,Leen,Miake,10/12/64,9/12/92,1/1/99,Engineer
51312,Francesca,Mawatari,1/11/62,12/11/86,1/1/99,Senior Engineer
51314,Manton,Ranum,9/21/62,10/2/91,1/1/99,Senior Staff
51320,Nevin,Oberman,8/22/62,9/11/98,1/1/99,Staff
51321,Paraskevi,Geffroy,5/1/63,2/12/97,1/1/99,Engineer
51328,Paloma,Schieder,6/29/62,9/29/86,1/1/99,Engineer
51330,Sanjiv,Kaelbling,4/3/63,10/8/88,1/1/99,Senior Engineer
51345,Tetsushi,Segond,7/21/64,10/18/89,1/1/99,Senior Staff
51348,Masamitsu,Rousseau,11/16/63,3/24/99,1/1/99,Staff
51349,Yuichiro,Perin,4/12/63,1/29/93,1/1/99,Senior Engineer
51354,Gina,Ariola,11/4/64,7/22/92,1/1/99,Technique Leader
51365,Leucio,Stranks,8/25/64,12/5/95,1/1/99,Senior Engineer
51374,Alper,Belinskaya,4/4/62,12/6/91,1/1/99,Assistant Engineer
51383,Zvonko,Ermel,8/15/63,1/24/94,1/1/99,Senior Engineer
51390,Duri,Candan,7/7/63,5/21/01,1/1/99,Engineer
51392,Sailaja,Lung,7/19/62,12/13/92,1/1/99,Senior Staff
51397,Minghong,Apsitis,2/9/64,2/1/98,1/1/99,Engineer
51399,Sashi,Macedo,12/30/63,9/21/88,1/1/99,Senior Engineer
51401,Manu,Thimonier,4/27/62,10/16/85,1/1/99,Senior Engineer
51406,Lucian,Baig,7/24/63,6/14/86,1/1/99,Engineer
51409,Cedric,Sichman,5/11/63,12/29/88,1/1/99,Engineer
51411,Kristian,Bonifati,4/13/63,5/4/93,1/1/99,Technique Leader
51422,Roded,Gecsel,10/17/64,9/28/93,1/1/99,Staff
51423,Weiwu,Niizuma,1/28/63,8/13/90,1/1/99,Senior Staff
51424,Aruna,Deville,7/13/64,12/11/89,1/1/99,Senior Staff
51425,Weijing,Msuda,3/25/63,1/19/87,1/1/99,Engineer
51430,Kazuhira,Mellouli,4/25/63,12/31/98,1/1/99,Senior Staff
51437,Hidefumi,Aingworth,12/3/63,5/19/96,1/1/99,Engineer
51441,Jovan,Kobara,7/15/62,9/9/99,1/1/99,Senior Staff
51442,Lakshmi,Petersohn,10/13/64,6/30/92,1/1/99,Senior Engineer
51447,Steve,Crabtree,12/20/64,12/19/93,1/1/99,Engineer
51458,Margo,Angot,9/12/62,8/4/86,1/1/99,Senior Engineer
51460,Basant,Schlegelmilch,8/10/63,5/21/87,1/1/99,Senior Engineer
51463,Munir,Navazio,6/17/62,8/7/94,1/1/99,Engineer
51482,Martina,England,1/21/63,1/31/00,1/1/99,Assistant Engineer
51489,Werner,Kolvik,10/12/62,8/1/92,1/1/99,Senior Engineer
51499,Geoffry,Rosaz,11/8/62,2/2/95,1/1/99,Senior Engineer
51508,Angel,Fujisaki,3/28/63,4/22/85,1/1/99,Senior Engineer
51509,Gregory,Acton,12/18/63,2/26/94,1/1/99,Engineer
51511,Akemi,Mitsuhashi,6/19/64,3/31/01,1/1/99,Staff
51512,Nitsan,Cusworth,8/22/63,5/25/86,1/1/99,Senior Staff
51524,Ohad,Halloran,1/10/63,10/2/93,1/1/99,Senior Engineer
51532,Dmitri,Zobel,7/25/62,11/3/91,1/1/99,Senior Engineer
51533,Gully,Benveniste,1/2/63,7/3/93,1/1/99,Senior Engineer
51538,Mahmut,McClure,3/21/64,5/23/97,1/1/99,Senior Engineer
51539,Tsutomu,Seuren,7/13/64,1/21/89,1/1/99,Senior Staff
51544,Abdulah,Toyoshima,7/31/63,6/29/87,1/1/99,Senior Staff
51547,Waiman,Stanger,7/3/63,3/11/02,1/1/99,Assistant Engineer
51549,Jamaludin,Shimshoni,6/7/63,1/21/99,1/1/99,Assistant Engineer
51554,Sariel,Babb,8/3/63,7/10/86,1/1/99,Senior Staff
51556,Tsz,Lamma,11/30/63,5/10/88,1/1/99,Senior Staff
51558,Jaewon,Prenel,6/21/63,11/20/99,1/1/99,Senior Engineer
51562,Hailing,Hasenauer,5/10/62,10/26/86,1/1/99,Engineer
51564,KayLiang,Vural,9/12/63,12/19/89,1/1/99,Staff
51567,Subir,Leonhardt,7/7/63,6/13/99,1/1/99,Senior Staff
51570,Arno,Bodoff,5/14/64,4/29/88,1/1/99,Engineer
51572,Mahmut,Kobara,3/20/64,7/4/96,1/1/99,Senior Staff
51577,Arfst,Trumbly,5/4/63,5/29/87,1/1/99,Engineer
51582,Adel,Zambonelli,6/14/64,5/13/97,1/1/99,Senior Engineer
51584,Jeong,Suppi,3/16/64,8/17/91,1/1/99,Senior Staff
51585,Udi,Siepmann,2/15/62,12/8/92,1/1/99,Senior Staff
51610,Constantino,Waschkowski,10/12/63,10/18/86,1/1/99,Technique Leader
51614,Ziya,Biron,7/22/63,12/6/97,1/1/99,Technique Leader
51617,Houman,Yamaashi,3/6/64,7/27/99,1/1/99,Engineer
51630,Zijian,Bellone,7/13/63,3/8/90,1/1/99,Senior Staff
51641,Terresa,Farrow,5/9/64,10/17/87,1/1/99,Senior Staff
51642,Vitali,Argence,2/12/63,11/3/97,1/1/99,Engineer
51648,Yongqiao,Nicolson,10/9/63,9/27/01,1/1/99,Engineer
51654,Alassane,Braccini,7/9/63,7/31/86,1/1/99,Senior Engineer
51656,Mads,Parveen,2/16/63,10/11/96,1/1/99,Staff
51659,Visit,Eickenmeyer,11/29/62,4/3/88,1/1/99,Engineer
51663,Shuky,Nitta,10/13/63,1/9/00,1/1/99,Senior Staff
51671,Cedric,Schapiro,8/26/64,11/13/93,1/1/99,Assistant Engineer
51674,Bernt,Limongiello,4/8/62,2/7/98,1/1/99,Engineer
51682,Waiman,Paludetto,6/28/64,7/27/86,1/1/99,Engineer
51685,Jiong,Neiman,9/12/63,11/20/88,1/1/99,Senior Engineer
51693,Yolla,Kopetz,12/24/64,10/24/88,1/1/99,Senior Engineer
51697,Unal,Fiebach,3/28/62,9/24/99,1/1/99,Engineer
51704,Frazer,Hebden,12/4/62,4/23/86,1/1/99,Senior Engineer
51706,Uinam,Schapiro,10/2/63,12/21/91,1/1/99,Senior Engineer
51714,Brendon,Gurbaxani,11/26/62,10/23/94,1/1/99,Staff
51715,Weicheng,Bahi,10/2/63,8/12/96,1/1/99,Staff
51719,Kokou,Kaiser,9/11/64,8/31/92,1/1/99,Senior Engineer
51722,Giap,Mattern,6/20/63,6/21/97,1/1/99,Staff
51725,Leif,Radivojevic,5/16/64,3/27/99,1/1/99,Technique Leader
51726,Dmitri,Mitzlaff,11/7/63,5/22/89,1/1/99,Senior Staff
51728,Frazer,Kuszyk,4/27/63,3/25/88,1/1/99,Senior Engineer
51729,Ranga,Miara,1/19/62,6/24/98,1/1/99,Assistant Engineer
51732,Xinan,Ghalwash,6/20/62,10/29/93,1/1/99,Senior Engineer
51745,Sukumar,Merks,3/13/64,7/12/95,1/1/99,Senior Engineer
51762,Kousuke,Moehrke,12/29/64,9/17/00,1/1/99,Senior Staff
51763,Jianhui,Garigliano,11/14/64,11/19/88,1/1/99,Senior Engineer
51767,Boguslaw,Kaiser,1/19/62,7/18/97,1/1/99,Senior Staff
51771,Heng,Budinsky,1/28/64,3/19/98,1/1/99,Staff
51773,Eric,Piazza,6/8/63,2/2/85,1/1/99,Senior Staff
51775,Hisao,Keirsey,5/16/63,10/30/86,1/1/99,Senior Engineer
51783,Keiichiro,Zhang,8/26/64,2/25/85,1/1/99,Engineer
51785,Navid,Pietracaprina,4/25/63,8/3/96,1/1/99,Engineer
51786,Amalendu,Vakili,1/9/62,9/20/94,1/1/99,Senior Engineer
51787,Yuriy,Christianini,5/23/64,8/20/97,1/1/99,Engineer
51789,Shim,Vingron,5/30/63,12/2/96,1/1/99,Staff
51795,Dmitri,Steenbeek,3/7/64,8/2/96,1/1/99,Staff
51796,Leucio,Bojadziev,11/16/63,6/28/85,1/1/99,Senior Engineer
51802,Maja,Bain,4/10/63,7/7/93,1/1/99,Senior Staff
51803,Tamiya,Orsini,6/11/63,1/3/94,1/1/99,Senior Engineer
51809,Bokyung,Rodiger,11/13/62,12/28/01,1/1/99,Staff
51820,George,Grandbois,3/29/64,9/5/86,1/1/99,Senior Engineer
51823,Serif,Kohling,9/27/62,6/18/88,1/1/99,Senior Staff
51824,Anneli,Kusakabe,1/12/64,7/13/90,1/1/99,Engineer
51828,Nevin,Barvinok,12/3/62,5/7/90,1/1/99,Senior Staff
51846,Fumitake,Jiang,5/14/63,9/23/90,1/1/99,Senior Engineer
51852,Mohammed,Steenbeek,8/6/63,4/18/95,1/1/99,Engineer
51853,Aloke,Pleszkun,6/9/63,11/8/92,1/1/99,Staff
51859,Paddy,Riefers,4/5/64,8/13/96,1/1/99,Staff
51871,Duro,Ishibashi,2/15/62,5/18/92,1/1/99,Staff
51872,Susumu,Puppe,6/30/63,5/29/91,1/1/99,Senior Engineer
51879,Brendon,Spelt,3/11/63,2/18/87,1/1/99,Technique Leader
51883,Kwee,Blokdijk,6/18/64,4/19/96,1/1/99,Engineer
51887,Francesca,Shigei,1/21/63,5/4/86,1/1/99,Engineer
51889,Shawna,Hatcliff,2/11/64,3/23/91,1/1/99,Staff
51899,Eckart,Uhrik,3/19/63,1/24/99,1/1/99,Staff
51900,Kwangho,Dalphin,5/18/63,3/24/98,1/1/99,Engineer
51915,Dannz,Usdin,2/5/64,10/31/97,1/1/99,Engineer
51920,Alexius,Guenter,11/14/63,1/13/91,1/1/99,Senior Staff
51925,Bader,Conia,3/9/64,9/10/89,1/1/99,Staff
51931,Ramachenga,Harnett,5/28/62,8/7/01,1/1/99,Senior Staff
51934,Mohan,Cappelletti,5/24/63,3/24/89,1/1/99,Engineer
51937,TRUE,Neiman,1/20/64,1/1/91,1/1/99,Engineer
51950,Kazuyasu,Maraist,2/27/63,9/4/94,1/1/99,Staff
51951,Hilari,Stifter,6/24/64,11/4/93,1/1/99,Senior Engineer
51952,Kinh,Carrera,1/30/62,1/13/88,1/1/99,Senior Staff
51955,Xuejun,Lunt,6/14/63,6/19/90,1/1/99,Senior Staff
51957,Nevin,Borovoy,6/1/63,10/18/93,1/1/99,Technique Leader
51962,Soenke,Rohrbach,10/13/64,9/17/87,1/1/99,Staff
51964,Nobuyoshi,Sethi,3/16/63,9/6/85,1/1/99,Senior Engineer
51970,Poornachandra,Merli,6/27/62,5/26/89,1/1/99,Senior Engineer
51972,Shem,Litzkow,3/1/63,3/13/89,1/1/99,Engineer
51976,Florian,Vidya,12/13/64,1/4/94,1/1/99,Senior Staff
51983,Arra,Facello,4/30/63,12/12/91,1/1/99,Engineer
51985,Panayotis,Suermann,4/16/63,11/30/94,1/1/99,Senior Staff
51997,Hugo,Chappelet,6/7/63,8/13/92,1/1/99,Senior Staff
51999,Katsuo,Vendrig,4/30/64,12/13/89,1/1/99,Engineer
52011,Godehard,Sundgren,8/15/64,7/26/93,1/1/99,Senior Staff
52013,Halsur,Cooman,3/18/63,6/22/98,1/1/99,Engineer
52014,Mark,Peres,7/5/62,9/23/94,1/1/99,Engineer
52024,Nagui,Eiter,3/1/62,2/21/94,1/1/99,Staff
52025,Takushi,Hammerschmidt,1/27/62,11/5/90,1/1/99,Technique Leader
52026,Zhiguo,Khamsi,10/20/62,2/11/90,1/1/99,Engineer
52027,Uli,Janocha,3/8/64,7/5/97,1/1/99,Engineer
52032,Mingzeng,Badr,11/21/62,4/11/99,1/1/99,Senior Engineer
52035,Shridhar,Sigstam,5/8/64,3/19/97,1/1/99,Engineer
52038,Chikako,Armand,1/13/65,5/18/85,1/1/99,Senior Engineer
52040,Phule,Heijenga,1/14/65,12/8/96,1/1/99,Senior Staff
52044,Hilary,Swist,1/20/62,12/30/92,1/1/99,Engineer
52047,Gita,Mapelli,12/7/64,10/22/88,1/1/99,Staff
52048,Breannda,Emden,9/18/63,3/30/97,1/1/99,Staff
52051,Emran,Knightly,7/24/63,8/20/94,1/1/99,Senior Engineer
52052,Lunjin,Buescher,4/26/62,8/2/95,1/1/99,Staff
52055,Guoxiang,Clouatre,5/28/62,12/13/89,1/1/99,Technique Leader
52061,Jayesh,Dusink,1/12/64,11/30/97,1/1/99,Senior Engineer
52070,Cullen,Vandervoorde,7/9/63,3/25/98,1/1/99,Senior Staff
52072,Zeydy,Georg,12/25/62,3/7/92,1/1/99,Senior Staff
52077,Rosella,Streit,12/14/64,2/24/88,1/1/99,Senior Engineer
52078,Wilmer,Kusakabe,12/22/62,9/8/94,1/1/99,Senior Staff
52081,Renee,Hiraishi,3/7/64,11/30/88,1/1/99,Technique Leader
52093,Gretta,Lowrie,1/30/64,12/3/99,1/1/99,Engineer
52096,Tomokazu,Yetim,11/25/64,7/6/86,1/1/99,Senior Staff
52102,Halsur,Hellwagner,3/18/64,8/5/98,1/1/99,Engineer
52104,Tomokazu,Zastre,1/29/64,6/4/88,1/1/99,Senior Engineer
52109,Basant,Ariola,3/6/62,4/9/85,1/1/99,Staff
52118,Laurentiu,Kruskal,5/16/64,7/11/93,1/1/99,Senior Engineer
52128,Goo,Versino,2/14/62,3/12/87,1/1/99,Senior Staff
52129,Tokuyasu,Schiettecatte,5/31/64,2/11/91,1/1/99,Senior Engineer
52136,Munehiko,Meszaros,12/13/64,3/30/96,1/1/99,Senior Engineer
52140,Val,Suppi,10/20/63,1/5/88,1/1/99,Engineer
52150,Siddarth,Vakili,6/1/63,10/28/92,1/1/99,Engineer
52153,Shigeichiro,Perl,9/29/63,1/30/99,1/1/99,Staff
52157,Jiong,Maquelin,8/1/63,3/31/96,1/1/99,Staff
52159,Basant,Scallan,11/16/62,10/30/97,1/1/99,Staff
52169,Serif,Limongiello,11/15/62,3/11/93,1/1/99,Engineer
52171,Nakhoon,Cangellaris,1/31/62,11/26/96,1/1/99,Staff
52176,Jasminko,Macedo,11/8/64,11/2/90,1/1/99,Senior Engineer
52184,Yongmao,Rusmann,12/18/62,8/27/95,1/1/99,Engineer
52189,Gennadi,DuCasse,8/21/64,8/7/96,1/1/99,Senior Engineer
52197,Lunjin,Thisen,1/28/64,8/3/93,1/1/99,Senior Engineer
52199,Chikako,Figueira,9/12/64,11/25/89,1/1/99,Engineer
52202,Honesty,Openshaw,3/7/63,8/15/89,1/1/99,Senior Staff
52205,Arne,Raczkowsky,6/29/62,3/7/92,1/1/99,Staff
52209,Dante,Plessier,5/1/62,12/1/96,1/1/99,Technique Leader
52212,Uno,Piancastelli,12/20/64,11/20/89,1/1/99,Senior Engineer
52215,Flemming,Uhrik,4/2/64,5/9/89,1/1/99,Senior Engineer
52225,Aamer,Homond,3/15/64,1/29/99,1/1/99,Engineer
52236,Nishit,Tchuente,12/20/62,1/6/94,1/1/99,Staff
52242,Seshu,Zizka,8/21/63,6/19/88,1/1/99,Engineer
52243,Zhiguo,Swen,9/19/64,10/22/87,1/1/99,Senior Engineer
52245,Zhigen,Rabehasaina,6/17/62,7/8/89,1/1/99,Technique Leader
52251,Uri,Jonsson,12/20/64,12/8/95,1/1/99,Senior Staff
52253,Limsoon,Gurbaxani,9/25/63,2/8/90,1/1/99,Engineer
52254,Yuguang,Nations,6/30/62,7/1/94,1/1/99,Staff
52266,Kristen,Ernst,10/21/64,9/4/98,1/1/99,Staff
52269,Ortrud,Kroft,8/14/63,1/23/86,1/1/99,Staff
52272,Yurii,Cappelletti,1/29/63,4/24/91,1/1/99,Technique Leader
52276,Ulises,Leslie,12/10/62,7/20/92,1/1/99,Senior Staff
52283,Trygve,Krupka,1/20/65,3/11/94,1/1/99,Staff
52284,Tran,Shackell,9/2/64,9/26/87,1/1/99,Senior Staff
52285,Apostol,Cappelli,7/7/63,12/23/96,1/1/99,Senior Staff
52287,Maren,Petersohn,7/21/62,10/19/94,1/1/99,Senior Staff
52300,Elliott,Crelier,12/22/63,8/3/97,1/1/99,Engineer
52316,Kotesh,Piazza,1/9/64,3/31/87,1/1/99,Senior Engineer
52325,Adas,Heinisuo,8/9/64,10/14/00,1/1/99,Staff
52327,Branimir,Pews,8/26/62,7/17/96,1/1/99,Engineer
52333,Oguz,Granlund,3/12/62,8/29/85,1/1/99,Staff
52349,Ipke,Lorcy,2/24/64,6/27/87,1/1/99,Senior Engineer
52359,Val,Maliniak,9/11/62,6/22/91,1/1/99,Engineer
52362,Pradeep,Narahari,9/5/63,6/4/95,1/1/99,Staff
52371,Make,Waterhouse,1/4/63,7/29/97,1/1/99,Senior Staff
52375,Lucien,Ciolek,5/19/63,11/6/95,1/1/99,Engineer
52382,Vidar,Paludetto,12/11/63,5/31/94,1/1/99,Staff
52385,Shigeu,Oehlmann,2/8/62,8/20/95,1/1/99,Staff
52386,Adas,Denti,1/28/65,5/30/86,1/1/99,Staff
52389,Sajjad,Schiettecatte,9/2/64,1/6/93,1/1/99,Senior Staff
52405,Ibibia,Qiwen,7/30/64,7/24/95,1/1/99,Senior Engineer
52407,Miomir,Ferriere,10/5/64,7/24/95,1/1/99,Staff
52408,Munir,Stroustrup,12/20/63,6/19/91,1/1/99,Engineer
52424,Panayotis,Wielonsky,7/15/63,5/4/97,1/1/99,Staff
52426,Mabo,Auyong,2/24/62,1/6/98,1/1/99,Staff
52427,Hatsukazu,Schnelling,10/15/63,8/18/88,1/1/99,Staff
52437,Eckart,Hiyoshi,6/6/64,3/16/85,1/1/99,Staff
52438,Kousuke,Suermann,7/2/64,6/20/86,1/1/99,Technique Leader
52439,Shem,Lorho,8/8/64,6/2/93,1/1/99,Engineer
52443,Mitsuyuki,Scharstein,10/4/62,6/13/96,1/1/99,Staff
52444,Tiina,Serna,7/14/64,5/3/85,1/1/99,Senior Staff
52451,Faiza,Botman,9/26/63,3/17/90,1/1/99,Senior Staff
52455,Kinh,Takkinen,3/24/64,3/6/92,1/1/99,Senior Engineer
52474,Chaosheng,Selvestrel,12/18/62,9/27/96,1/1/99,Technique Leader
52482,Avishai,Horswill,4/21/62,3/1/97,1/1/99,Engineer
52486,Hugh,Mateescu,5/10/62,9/12/92,1/1/99,Senior Engineer
52501,Yagil,Waleschkowski,9/10/62,10/29/97,1/1/99,Engineer
52508,Mats,Rindone,8/25/63,3/21/94,1/1/99,Engineer
52510,Shunichi,Merlo,11/24/63,1/27/94,1/1/99,Technique Leader
52517,Itzchak,Sooriamurthi,6/12/63,9/4/85,1/1/99,Senior Engineer
52519,Rafail,Gargeya,4/11/64,11/19/01,1/1/99,Senior Staff
52522,Sukumar,Veeraraghavan,10/5/64,10/22/85,1/1/99,Staff
52533,Bikash,Bolsens,8/2/63,1/18/00,1/1/99,Staff
52561,Rafael,Dehkordi,1/26/62,2/16/86,1/1/99,Senior Engineer
52569,Duri,Manders,4/5/62,7/9/98,1/1/99,Engineer
52575,Gio,Vernadat,4/1/63,5/9/86,1/1/99,Senior Staff
52578,Radhika,Kitsuregawa,6/15/63,2/28/85,1/1/99,Senior Engineer
52586,Shen,Yoshizawa,4/18/63,5/21/87,1/1/99,Engineer
52588,Sanjay,Eppinger,5/22/62,10/21/87,1/1/99,Staff
52590,Jouni,Munoz,1/21/65,10/7/96,1/1/99,Staff
52592,Fuqing,Pesch,8/12/62,8/11/89,1/1/99,Senior Staff
52594,Uta,Driscoll,6/24/64,11/27/91,1/1/99,Senior Engineer
52599,Augustine,Mungall,1/25/65,1/13/94,1/1/99,Senior Engineer
52614,Changho,Vigier,1/31/62,2/17/91,1/1/99,Engineer
52615,Ghassan,Baak,12/17/64,3/11/86,1/1/99,Staff
52617,Kamakshi,Hoogerwoord,12/26/63,9/16/88,1/1/99,Engineer
52618,Brendon,Badr,7/31/63,12/8/89,1/1/99,Senior Engineer
52622,Anyuan,Swan,6/20/62,2/17/91,1/1/99,Technique Leader
52627,Subir,Rajala,4/16/62,11/28/93,1/1/99,Senior Engineer
52638,Aleksandar,Linares,7/9/63,9/10/98,1/1/99,Engineer
52639,Arup,Colorni,1/9/65,2/5/96,1/1/99,Senior Staff
52643,Shooichi,Ermel,11/12/63,10/31/96,1/1/99,Engineer
52650,Shooichi,Makinen,3/30/64,1/15/87,1/1/99,Staff
52660,Djenana,Khamsi,10/11/64,5/1/92,1/1/99,Engineer
52664,Godehard,Schnelling,2/23/64,8/7/95,1/1/99,Senior Engineer
52678,Lijie,Bratten,6/17/64,7/17/87,1/1/99,Engineer
52684,Manu,Kushnir,5/25/63,7/16/87,1/1/99,Senior Engineer
52692,Domenico,Debuse,5/26/62,1/1/86,1/1/99,Senior Engineer
52707,Trygve,Merel,11/15/64,1/10/90,1/1/99,Senior Engineer
52720,Ishfaq,Hebert,8/22/64,3/4/91,1/1/99,Engineer
52721,Marek,Kemmerer,10/22/63,8/15/95,1/1/99,Staff
52722,Youssef,Zeidenstein,8/14/63,7/29/95,1/1/99,Senior Staff
52739,Chaoyi,Ullian,4/21/64,11/13/95,1/1/99,Staff
52742,Sashi,Farris,8/20/63,6/26/86,1/1/99,Senior Engineer
52745,Gudjon,Merlo,3/27/62,8/13/91,1/1/99,Senior Staff
52750,Koichi,Ibel,4/7/64,3/14/95,1/1/99,Engineer
52753,Xudong,Leppanen,12/20/64,8/6/87,1/1/99,Senior Staff
52754,Howell,Mandell,9/23/64,12/12/86,1/1/99,Staff
52760,Arve,Bain,11/17/63,7/2/91,1/1/99,Technique Leader
52763,Tristan,Vandervoorde,11/10/62,5/30/85,1/1/99,Staff
52764,Manu,Simkin,3/7/63,4/14/93,1/1/99,Senior Engineer
52766,Eirik,Honglei,10/9/62,5/18/99,1/1/99,Staff
52770,Shugo,Yurek,1/31/65,8/28/92,1/1/99,Staff
52772,Masami,Karner,6/4/64,2/15/86,1/1/99,Senior Staff
52778,Alain,Penn,1/15/65,5/3/86,1/1/99,Technique Leader
52782,Janche,Orlowska,12/21/63,4/8/94,1/1/99,Staff
52786,Ger,Bergere,12/30/63,1/17/87,1/1/99,Staff
52795,Jiang,Plotkin,8/1/63,1/1/00,1/1/99,Senior Staff
52816,Shounak,Petersohn,6/14/62,9/11/93,1/1/99,Senior Staff
52831,Chiranjit,Simmen,9/20/64,2/9/86,1/1/99,Engineer
52833,Stafford,Ranon,4/4/63,8/12/90,1/1/99,Senior Engineer
52834,Mats,Brandsma,2/20/64,8/5/97,1/1/99,Engineer
52843,Juyoung,Androutsos,7/15/64,1/19/91,1/1/99,Engineer
52845,Ramalingam,Schmezko,2/26/62,11/20/98,1/1/99,Senior Staff
52854,Saddek,Luit,8/10/64,4/15/92,1/1/99,Staff
52860,Boriana,Colorni,4/29/62,4/12/94,1/1/99,Senior Staff
52862,Noritoshi,Tiemann,3/6/62,9/6/94,1/1/99,Senior Engineer
52870,Candida,Bernatsky,1/5/63,11/14/98,1/1/99,Staff
52872,Perry,Soicher,11/15/64,7/11/90,1/1/99,Senior Staff
52888,Francoise,Rehfuss,2/14/64,10/20/94,1/1/99,Engineer
52889,Rance,Backhouse,6/8/62,2/16/88,1/1/99,Staff
52892,Hinrich,Guenter,10/26/63,9/10/98,1/1/99,Senior Engineer
52903,Maja,Werthner,11/7/63,7/14/96,1/1/99,Senior Staff
52914,Mabo,Bolsens,5/19/64,1/29/97,1/1/99,Senior Engineer
52915,Kiyotoshi,Atrawala,4/5/63,1/3/94,1/1/99,Senior Engineer
52927,Anestis,Vasanthakumar,4/2/63,1/12/87,1/1/99,Assistant Engineer
52928,Rutger,Falster,8/8/62,10/24/97,1/1/99,Senior Engineer
52935,Ung,Babb,8/23/63,3/8/91,1/1/99,Staff
52940,Heping,Siochi,8/4/64,7/10/92,1/1/99,Senior Engineer
52941,Rafail,Seiwald,9/7/64,6/16/93,1/1/99,Staff
52942,Alain,Levasseur,8/13/63,4/15/98,1/1/99,Technique Leader
52946,Tsuneo,Matheson,10/16/62,3/27/95,1/1/99,Engineer
52948,Steve,Georgakopoulos,12/6/64,1/7/88,1/1/99,Engineer
52953,Jianhua,Nooteboom,7/29/64,2/18/91,1/1/99,Engineer
52956,Khalil,Picci,1/31/65,11/24/98,1/1/99,Engineer
52966,Geoffrey,Stroustrup,1/30/64,12/4/95,1/1/99,Assistant Engineer
52967,Anneli,Cardazo,3/31/63,8/24/96,1/1/99,Staff
52968,Oksana,Kuhnemann,7/19/62,8/14/85,1/1/99,Staff
52970,Lobel,Werthner,1/22/65,3/17/88,1/1/99,Senior Engineer
52972,Luerbio,Kirkerud,7/12/64,6/20/91,1/1/99,Staff
52984,Arvind,Velardi,4/30/64,11/10/86,1/1/99,Engineer
52985,Mayumi,Luby,3/18/63,7/31/92,1/1/99,Senior Engineer
52989,Adit,Raney,7/18/64,8/29/98,1/1/99,Senior Engineer
52999,Marin,Bierbaum,5/3/63,4/15/02,1/1/99,Assistant Engineer
53000,Goo,Kobara,11/4/62,12/7/89,1/1/99,Staff
53011,Hidde,Alencar,6/10/63,1/31/93,1/1/99,Senior Engineer
53017,Zhonghui,Simkin,7/22/64,3/5/95,1/1/99,Senior Staff
53019,Goo,Polajnar,4/5/62,2/12/93,1/1/99,Assistant Engineer
53032,Yechezkel,Oberman,12/2/63,8/25/99,1/1/99,Engineer
53033,Maja,Gaughan,7/6/63,11/20/97,1/1/99,Engineer
53034,Shigenori,Bojadziev,3/20/64,3/12/93,1/1/99,Engineer
53036,Ipke,Thambidurai,12/31/62,12/20/90,1/1/99,Senior Staff
53041,Paris,Oskamp,3/23/63,1/7/89,1/1/99,Engineer
53042,Aksel,Sudkamp,5/2/62,5/24/94,1/1/99,Engineer
53044,Hinrich,Schaad,1/23/64,5/3/87,1/1/99,Engineer
53045,Mihalis,Sambasivam,1/28/63,7/16/99,1/1/99,Assistant Engineer
53055,Caolyn,Mukaidono,4/25/63,1/10/97,1/1/99,Senior Staff
53063,Kolar,Journel,11/1/62,8/15/98,1/1/99,Staff
53071,Weiyi,Baek,11/12/64,4/24/89,1/1/99,Senior Staff
53075,Kenton,Rosch,5/7/64,11/29/97,1/1/99,Staff
53085,Ziyad,Melter,6/22/64,5/16/96,1/1/99,Senior Staff
53087,Zhensheng,Georgatos,7/26/63,8/23/98,1/1/99,Engineer
53094,Ulises,Brizzi,9/6/62,2/5/97,1/1/99,Staff
53095,Utpal,Riesenhuber,11/5/64,1/15/92,1/1/99,Senior Engineer
53096,Kerryn,Bala,1/7/62,11/26/94,1/1/99,Senior Staff
53102,Sreekrishna,Muchinsky,12/30/64,10/30/85,1/1/99,Senior Staff
53104,Etsuo,Lemarechal,3/6/63,11/1/93,1/1/99,Senior Engineer
53107,Shahar,Sommen,11/2/63,11/1/88,1/1/99,Senior Staff
53108,Eishiro,DasSarma,12/27/63,3/27/88,1/1/99,Senior Staff
53118,Maja,Gurbaxani,5/4/63,10/12/94,1/1/99,Senior Engineer
53129,Sampalli,dAstous,7/18/62,7/23/97,1/1/99,Staff
53132,Yolla,Swist,10/2/64,9/17/91,1/1/99,Senior Engineer
53142,Fumiya,Aloia,8/18/64,10/20/86,1/1/99,Senior Engineer
53144,Marke,Stroustrup,4/21/64,6/10/86,1/1/99,Senior Engineer
53148,Tonny,Benantar,3/18/63,4/11/90,1/1/99,Senior Engineer
53176,Changho,Zockler,5/21/64,4/2/96,1/1/99,Senior Staff
53183,Gill,Erez,6/19/63,1/3/92,1/1/99,Senior Staff
53187,Ziyad,Seuren,10/13/63,7/26/02,1/1/99,Engineer
53193,Basim,Trachtenberg,8/25/62,4/2/89,1/1/99,Engineer
53212,Arch,Mungall,6/8/63,12/3/85,1/1/99,Senior Engineer
53219,Dannz,Iivonen,4/7/63,9/15/85,1/1/99,Senior Engineer
53222,Gianluca,Koshino,11/1/63,7/28/93,1/1/99,Assistant Engineer
53225,Deniz,Sidou,9/21/63,10/27/93,1/1/99,Senior Staff
53226,Yurij,Koyama,9/22/64,6/4/92,1/1/99,Senior Staff
53227,Shugo,Jenevein,10/20/62,10/2/96,1/1/99,Senior Staff
53240,Zvonko,Luga,9/8/64,2/15/97,1/1/99,Engineer
53248,Jordanka,Baaleh,7/7/62,11/27/96,1/1/99,Staff
53253,Renny,Rousseau,7/19/64,7/30/88,1/1/99,Senior Engineer
53254,Tetsurou,Sudbeck,6/12/62,6/29/92,1/1/99,Staff
53256,Huan,Chenoweth,11/24/62,7/13/92,1/1/99,Senior Staff
53261,Jaideep,Braunschweig,11/10/64,6/20/96,1/1/99,Staff
53264,Jolita,Yemenis,3/17/62,5/21/99,1/1/99,Staff
53267,Honglan,Bugaenko,7/18/63,6/13/87,1/1/99,Senior Engineer
53278,Premsyl,Lortz,1/31/65,2/1/93,1/1/99,Staff
53281,Marjo,Beerel,5/3/63,11/7/99,1/1/99,Staff
53287,Youngkon,Walstra,7/20/64,3/2/98,1/1/99,Senior Engineer
53292,Lena,Kavanagh,2/17/62,12/19/88,1/1/99,Senior Engineer
53293,Frazer,Vieth,10/3/63,10/7/97,1/1/99,Engineer
53314,Eberhardt,Carrera,1/6/65,2/23/99,1/1/99,Staff
53319,Bowen,Erbe,4/25/62,4/9/88,1/1/99,Senior Staff
53327,Doowon,Penttonen,5/10/63,5/21/89,1/1/99,Senior Engineer
53332,Niteen,Birsak,3/15/64,9/14/90,1/1/99,Engineer
53348,Gor,Fandrianto,11/9/62,10/21/87,1/1/99,Engineer
53351,Uinam,Kalorkoti,11/25/64,7/20/94,1/1/99,Senior Engineer
53357,Adil,Pramanik,5/1/64,1/15/99,1/1/99,Engineer
53360,Mohit,Spinelli,11/11/63,12/28/98,1/1/99,Staff
53370,Susanne,Serna,2/24/63,3/3/95,1/1/99,Senior Staff
53371,Hideyuki,Guenter,1/28/63,11/16/93,1/1/99,Staff
53378,Navid,Fiebach,4/30/63,12/22/95,1/1/99,Engineer
53382,Bedrich,Barriga,11/15/63,5/5/92,1/1/99,Staff
53385,Kenton,Melter,5/1/64,4/12/95,1/1/99,Senior Staff
53387,Wojceich,Zyda,7/2/64,1/18/87,1/1/99,Senior Staff
53399,Turgut,Baba,9/13/62,11/18/87,1/1/99,Engineer
53404,Danai,Fandrianto,11/8/63,8/11/98,1/1/99,Staff
53407,Alois,Zlotek,7/21/63,11/26/89,1/1/99,Senior Staff
53409,Masali,Kemmerer,4/15/62,5/28/97,1/1/99,Engineer
53425,Luerbio,Karcich,1/14/63,9/26/88,1/1/99,Assistant Engineer
53427,Elvia,Moehrke,11/3/62,5/27/92,1/1/99,Senior Staff
53431,Sham,Vasanthakumar,1/12/65,5/24/93,1/1/99,Senior Staff
53433,Danai,Cools,11/27/63,4/1/93,1/1/99,Engineer
53445,Khatoun,Babu,12/14/62,5/24/90,1/1/99,Senior Engineer
53454,Mototsugu,Matzen,12/13/62,10/19/97,1/1/99,Senior Staff
53458,Xuedong,Monarch,10/10/64,5/9/99,1/1/99,Staff
53472,Chenxi,Farrel,10/6/63,1/8/01,1/1/99,Technique Leader
53479,Tzu,Hanratty,2/28/62,6/28/97,1/1/99,Senior Engineer
53481,Kristina,Selenyi,2/26/63,6/21/85,1/1/99,Senior Engineer
53483,Guangming,Luby,8/29/64,5/10/94,1/1/99,Staff
53487,Aleksander,Hopewell,5/23/64,4/12/98,1/1/99,Engineer
53488,Yuqun,Hambrick,5/1/62,6/16/00,1/1/99,Engineer
53492,Makato,Melski,4/14/63,8/23/89,1/1/99,Senior Staff
53496,Mario,Crabtree,2/19/62,9/22/89,1/1/99,Engineer
53499,Zdislav,Mandelberg,1/20/65,9/11/94,1/1/99,Senior Engineer
53502,Jenwei,Verhoeff,3/11/63,11/1/93,1/1/99,Engineer
53513,Chanjung,Erdi,9/21/63,5/4/85,1/1/99,Engineer
53517,Ronghao,Rahimi,7/12/62,2/15/96,1/1/99,Senior Engineer
53541,Arve,Zucker,8/2/64,12/5/99,1/1/99,Staff
53568,Shuky,Buescher,11/26/62,5/9/89,1/1/99,Senior Staff
53575,Premal,Gill,2/26/64,12/27/90,1/1/99,Senior Engineer
53578,Waiman,Valiente,8/16/63,3/26/89,1/1/99,Staff
53582,Bilhanan,Bauknecht,12/13/62,3/26/90,1/1/99,Staff
53587,Tristan,Pagter,4/11/62,6/7/98,1/1/99,Engineer
53597,Jiafu,Marchegay,1/30/65,3/2/85,1/1/99,Engineer
53600,Masoud,Zielinski,12/17/62,4/4/92,1/1/99,Senior Engineer
53605,Mantis,Szilard,9/5/63,11/24/89,1/1/99,Senior Engineer
53620,Chanjung,Rosen,5/23/63,7/3/89,1/1/99,Engineer
53625,Leen,Worfolk,7/24/64,12/2/01,1/1/99,Assistant Engineer
53630,Aluzio,Paludetto,11/13/64,10/17/92,1/1/99,Engineer
53631,Yuriy,Kaiserswerth,1/13/63,9/5/89,1/1/99,Engineer
53643,Kyoichi,Lemarechal,4/17/63,8/28/99,1/1/99,Technique Leader
53647,Karsten,Munoz,6/3/64,9/14/90,1/1/99,Senior Staff
53650,Kannan,Orlowska,8/1/63,7/1/86,1/1/99,Senior Staff
53653,Martial,Narahara,7/11/64,7/29/00,1/1/99,Staff
53656,Nagui,Chappelet,4/20/64,12/4/88,1/1/99,Senior Staff
53667,Tokuyasu,Matteis,1/1/64,5/8/87,1/1/99,Technique Leader
53683,Shichao,Cangellaris,3/30/62,9/5/90,1/1/99,Technique Leader
53687,Jahangir,Zobel,4/4/62,12/10/89,1/1/99,Engineer
53693,Otmar,Bridgland,5/1/63,4/26/96,1/1/99,Engineer
53698,Nimmagadda,Cronau,9/2/64,8/8/94,1/1/99,Senior Engineer
53703,Rafail,Bahl,10/30/63,4/22/86,1/1/99,Senior Staff
53707,Steen,Hatcliff,7/3/62,3/21/90,1/1/99,Senior Staff
53714,Radhia,Hofting,10/30/64,9/20/91,1/1/99,Technique Leader
53720,Gladys,Denny,12/29/62,12/2/95,1/1/99,Engineer
53722,Nikolaus,Fetvedt,7/24/64,10/23/93,1/1/99,Staff
53723,Pohua,Harnett,10/18/63,7/17/88,1/1/99,Engineer
53724,Prodip,Suermann,12/21/63,12/8/93,1/1/99,Technique Leader
53733,Genevieve,Perfilyeva,7/24/63,7/24/94,1/1/99,Senior Engineer
53737,Masami,Kaminger,11/5/64,9/7/92,1/1/99,Senior Engineer
53738,Shigeaki,Panwar,5/29/62,11/8/93,1/1/99,Senior Engineer
53742,Chinya,Narahara,1/1/63,10/24/85,1/1/99,Staff
53744,Holgard,Luff,12/8/62,4/14/89,1/1/99,Senior Engineer
53750,Zhigen,Masand,1/22/64,10/28/92,1/1/99,Senior Staff
53761,Shooichi,Litzkow,5/6/62,7/3/93,1/1/99,Senior Staff
53772,Zorica,Desikan,12/20/63,12/12/96,1/1/99,Technique Leader
53774,Nectarios,Wuwongse,6/19/63,4/26/91,1/1/99,Engineer
53784,Dhritiman,Ullian,2/16/63,11/11/87,1/1/99,Staff
53806,Troy,Beidas,9/16/64,3/25/99,1/1/99,Senior Staff
53810,Martien,Vadhan,12/17/62,9/25/88,1/1/99,Staff
53820,Jixiang,Mullainathan,5/19/63,8/16/87,1/1/99,Senior Engineer
53821,Mayuko,Harnett,12/4/62,6/5/85,1/1/99,Senior Staff
53825,Hidde,Rijckaert,5/21/62,10/4/87,1/1/99,Engineer
53836,Genta,Khalid,1/24/63,3/15/97,1/1/99,Engineer
53841,Vasilii,Pezzoli,1/11/63,10/1/97,1/1/99,Technique Leader
53844,Moon,Mitzlaff,7/27/64,6/17/94,1/1/99,Engineer
53854,Roddy,Miara,12/8/62,5/21/92,1/1/99,Engineer
53874,Bodo,Schade,1/23/65,2/14/86,1/1/99,Senior Staff
53876,Tomoyuki,Melski,7/24/64,3/2/95,1/1/99,Engineer
53879,Fatemeh,Thorensen,6/2/63,5/19/90,1/1/99,Staff
53881,Miyeon,Suermann,1/9/62,4/23/94,1/1/99,Technique Leader
53885,Tsutomu,Docker,5/14/62,10/9/89,1/1/99,Senior Engineer
53889,Elvia,Oberman,4/3/62,8/16/90,1/1/99,Assistant Engineer
53890,Lenore,Beetstra,8/12/64,4/5/89,1/1/99,Engineer
53902,Adil,Bala,6/15/62,12/25/91,1/1/99,Senior Staff
53905,Zsolt,Wendorf,2/1/63,2/3/94,1/1/99,Assistant Engineer
53908,Steen,Itzfeldt,11/18/64,2/23/94,1/1/99,Engineer
53911,Maria,Peyn,6/6/64,1/31/97,1/1/99,Staff
53917,Youpyo,Babb,7/30/63,9/27/89,1/1/99,Staff
53924,Arnould,Gaughan,1/27/65,1/23/91,1/1/99,Engineer
53929,Guenter,Schiettecatte,10/15/63,10/11/86,1/1/99,Senior Engineer
53945,Aiman,Renear,3/4/62,11/26/85,1/1/99,Engineer
53948,Harjit,Kirkerud,10/21/63,10/11/94,1/1/99,Senior Engineer
53959,Christoph,Stellhorn,9/6/63,7/11/00,1/1/99,Staff
53965,Martial,Marwedel,6/27/62,7/20/90,1/1/99,Engineer
53968,Weiye,Burnard,8/13/64,10/3/96,1/1/99,Senior Engineer
53975,Sverrir,Ghalwash,4/18/62,2/9/99,1/1/99,Engineer
53979,Weicheng,Lung,4/11/64,1/22/94,1/1/99,Staff
53983,Sailaja,Garnier,4/19/62,5/18/85,1/1/99,Staff
53997,Terresa,Wursthorn,2/13/64,10/18/93,1/1/99,Technique Leader
54000,Geraldo,Rusterholz,11/9/64,3/23/91,1/1/99,Engineer
54009,Golgen,Capobianchi,10/11/62,11/21/97,1/1/99,Staff
54022,Chenye,Hasham,9/11/63,7/23/90,1/1/99,Assistant Engineer
54024,Byong,Gustavson,10/29/62,1/6/96,1/1/99,Senior Engineer
54026,Zijian,Toyoshima,7/5/64,1/14/93,1/1/99,Staff
54028,Masadi,Czaja,7/11/62,2/23/93,1/1/99,Senior Staff
54030,Vidya,Mitsuhashi,11/9/63,5/13/87,1/1/99,Senior Staff
54031,Katsuo,Speek,6/14/63,6/6/91,1/1/99,Senior Staff
54035,Ziva,Matzov,10/20/62,1/24/02,1/1/99,Senior Staff
54040,Demin,Lindqvist,11/2/62,12/10/91,1/1/99,Senior Staff
54043,Ebru,McFarlin,8/20/63,12/24/93,1/1/99,Senior Staff
54051,Nechama,DiGiano,3/4/64,1/26/96,1/1/99,Assistant Engineer
54056,Nathan,Hofmeyr,5/21/62,4/21/87,1/1/99,Senior Staff
54059,Shakhar,Danley,7/8/64,4/22/93,1/1/99,Senior Engineer
54068,Przemyslawa,Kroll,6/7/62,1/4/96,1/1/99,Senior Staff
54069,Mahendra,Mikschl,4/13/63,5/31/95,1/1/99,Senior Staff
54078,Fuqing,Perko,3/19/63,9/18/88,1/1/99,Engineer
54080,Hyuncheol,Conta,6/17/64,7/3/95,1/1/99,Staff
54081,Akhilish,Gubsky,7/24/63,6/22/87,1/1/99,Engineer
54092,Steve,Brendel,4/30/63,12/29/95,1/1/99,Staff
54093,Berni,Ossenbruggen,5/10/63,10/19/94,1/1/99,Senior Engineer
54100,Remmert,Rosaz,4/25/63,7/4/98,1/1/99,Staff
54106,Arun,Speek,5/30/64,11/30/90,1/1/99,Senior Engineer
54117,Jagoda,Kuhnemann,10/1/64,12/7/99,1/1/99,Senior Staff
54121,Pragnesh,Chelton,9/9/63,7/9/95,1/1/99,Engineer
54125,Nevin,Bratsberg,11/27/63,3/21/89,1/1/99,Senior Engineer
54135,Candido,Schusler,3/26/62,4/2/87,1/1/99,Senior Staff
54145,Elgin,Deyuan,2/1/64,6/15/96,1/1/99,Senior Staff
54153,Zito,Gyorkos,10/5/63,7/24/88,1/1/99,Engineer
54161,Achilleas,Pluym,1/28/62,8/1/99,1/1/99,Engineer
54167,Arie,Brodal,10/3/63,1/11/93,1/1/99,Senior Staff
54172,Josyula,Marwedel,7/31/63,9/7/92,1/1/99,Senior Staff
54173,Kristina,Mattern,7/28/62,6/23/94,1/1/99,Technique Leader
54175,Jeanne,Thiria,5/13/63,6/10/98,1/1/99,Engineer
54176,Matt,Cannane,2/25/63,2/4/90,1/1/99,Senior Staff
54179,Fumitake,Capobianchi,12/17/63,5/14/94,1/1/99,Assistant Engineer
54187,Perry,Molenaar,12/17/63,10/14/01,1/1/99,Senior Engineer
54195,Gift,Fiebach,5/25/62,10/30/98,1/1/99,Engineer
54198,Shaowen,Segond,1/1/65,1/6/86,1/1/99,Senior Engineer
54209,Torsten,Lakshmanan,2/13/63,1/9/93,1/1/99,Engineer
54210,Taizo,Buchter,11/11/63,8/26/93,1/1/99,Engineer
54212,Mikhail,Swick,12/13/62,6/30/92,1/1/99,Staff
54215,Branimir,Nivat,11/6/64,11/27/96,1/1/99,Senior Engineer
54221,Youssef,Negoita,2/28/63,4/12/97,1/1/99,Staff
54222,Georgy,Gluchowski,6/18/63,11/18/88,1/1/99,Senior Engineer
54228,Debatosh,Krogh,5/29/62,11/16/85,1/1/99,Staff
54229,Limsoon,Yemenis,8/7/64,4/23/86,1/1/99,Staff
54230,Snehasis,Pollock,1/18/63,10/18/93,1/1/99,Senior Staff
54233,Stabislas,Nivat,11/15/62,1/12/97,1/1/99,Senior Staff
54235,Bedir,Asrin,8/29/62,4/12/94,1/1/99,Senior Engineer
54249,Sadegh,Bultermann,7/29/64,5/3/85,1/1/99,Senior Staff
54252,Shuky,Fontan,6/30/64,8/9/00,1/1/99,Engineer
54258,Sumali,Suwa,2/8/64,2/19/96,1/1/99,Engineer
54261,Spyrose,Marsiglia,3/21/64,2/8/88,1/1/99,Senior Staff
54262,Dannz,Garigliano,9/5/63,5/19/85,1/1/99,Engineer
54265,Jiong,Melton,10/30/62,6/29/96,1/1/99,Staff
54273,Jackson,Demri,10/15/63,11/28/89,1/1/99,Engineer
54288,Sanjai,Roison,12/31/62,1/5/00,1/1/99,Senior Engineer
54290,Heeju,Castellani,7/13/62,2/3/96,1/1/99,Engineer
54299,Temple,Lally,11/9/63,5/26/85,1/1/99,Engineer
54310,Jovan,Eldridge,4/17/64,9/15/96,1/1/99,Staff
54315,Doohun,Ligten,3/11/62,5/18/89,1/1/99,Senior Staff
54317,Abdulla,Krider,5/27/64,4/16/02,1/1/99,Staff
54333,Radhika,Crabtree,2/20/64,8/13/95,1/1/99,Staff
54341,Toshimi,Lorcy,11/9/62,2/12/86,1/1/99,Technique Leader
54349,Jayson,Zaumen,7/26/62,10/12/99,1/1/99,Engineer
54356,Shigeaki,Rothenberg,1/5/63,8/2/95,1/1/99,Staff
54364,Mantis,Lorin,9/23/63,1/6/91,1/1/99,Senior Staff
54365,Shugo,Schaft,9/2/63,6/16/95,1/1/99,Senior Engineer
54378,Wanqing,McAlpine,3/30/64,12/10/89,1/1/99,Senior Staff
54390,Tesuya,Sury,4/20/63,9/22/88,1/1/99,Engineer
54392,Apostol,Kuhnemann,8/5/63,1/11/88,1/1/99,Senior Engineer
54399,Xiaobin,Llado,5/8/62,8/6/99,1/1/99,Engineer
54401,Goo,Boudaillier,6/20/62,1/19/89,1/1/99,Senior Engineer
54403,Tayeb,Dulli,8/5/62,4/24/85,1/1/99,Technique Leader
54404,Khedija,Merle,6/26/64,7/2/90,1/1/99,Senior Staff
54422,Spyrose,Famili,10/2/64,11/10/92,1/1/99,Engineer
54431,Debatosh,Munch,5/3/62,1/15/97,1/1/99,Engineer
54433,Bedrich,Angiulli,6/18/63,7/22/89,1/1/99,Engineer
54449,Duri,Gien,10/21/64,2/21/89,1/1/99,Senior Staff
54454,Reuven,Falby,4/24/62,3/23/98,1/1/99,Senior Engineer
54455,Arfst,Vrecion,4/29/62,1/30/95,1/1/99,Senior Engineer
54464,Chaosheng,Melter,3/24/63,4/24/96,1/1/99,Engineer
54475,Dinkar,Staylopatis,9/4/64,11/28/97,1/1/99,Staff
54478,Alair,Bondorf,4/20/64,10/9/95,1/1/99,Staff
54479,Yuguang,Zockler,12/19/63,9/27/96,1/1/99,Staff
54482,Hsiangchu,Ravishankar,8/11/62,11/25/90,1/1/99,Staff
54491,Roselyn,Falck,4/30/63,2/11/98,1/1/99,Staff
54498,Fun,Waschkowski,6/26/63,7/4/85,1/1/99,Staff
54502,Martins,Swen,8/27/64,10/28/99,1/1/99,Engineer
54508,Bilhanan,Tsukuda,1/31/63,1/11/88,1/1/99,Staff
54521,Jessie,Gunderson,4/7/62,2/15/97,1/1/99,Senior Engineer
54531,Lene,Cmelik,5/13/63,5/5/85,1/1/99,Technique Leader
54534,Maik,Erni,2/22/62,1/2/87,1/1/99,Senior Staff
54537,Takanari,Pulkowski,11/7/62,6/30/99,1/1/99,Staff
54538,Irene,Lienhardt,11/13/63,3/6/93,1/1/99,Senior Staff
54544,Diederik,Kandlur,3/25/64,6/19/89,1/1/99,Senior Staff
54546,Shuichi,Lodder,8/4/62,7/15/98,1/1/99,Staff
54564,Mingdong,Bruckman,6/18/62,5/26/93,1/1/99,Senior Staff
54568,Moon,Lorys,6/24/64,4/1/95,1/1/99,Engineer
54586,Sadok,Krychniak,3/3/63,8/1/99,1/1/99,Engineer
54601,Hongzhu,Usery,5/7/64,12/13/88,1/1/99,Senior Engineer
54604,Francesca,Menhardt,2/12/62,8/5/95,1/1/99,Technique Leader
54605,Munenori,Feldhoffer,2/26/62,11/5/90,1/1/99,Senior Engineer
54626,Mingsen,Cooman,8/28/63,6/20/89,1/1/99,Senior Staff
54632,Etsuo,Serot,1/19/65,6/14/89,1/1/99,Staff
54633,Arch,Cooke,2/21/63,12/19/86,1/1/99,Senior Staff
54637,Vojin,Trogemann,4/15/63,3/31/90,1/1/99,Senior Staff
54640,Jinya,Lindqvist,10/25/64,2/20/87,1/1/99,Senior Staff
54650,Bokyung,Brickell,3/25/64,9/25/95,1/1/99,Senior Staff
54657,Jixiang,Gurbaxani,5/6/63,5/21/97,1/1/99,Staff
54671,Shigehiro,Luiz,2/24/63,5/27/99,1/1/99,Staff
54672,Aluzio,Poehlman,3/15/62,4/5/86,1/1/99,Senior Staff
54673,Kensei,Cappelli,6/26/64,9/18/98,1/1/99,Engineer
54678,Tonny,Marchesini,7/3/64,3/1/87,1/1/99,Staff
54688,Nirmal,Penttonen,10/21/64,10/30/95,1/1/99,Engineer
54694,Ebru,Melton,6/27/64,2/17/88,1/1/99,Engineer
54723,Shay,Bellmore,5/24/64,1/10/02,1/1/99,Senior Staff
54725,Holgard,Anido,7/23/64,12/1/87,1/1/99,Senior Engineer
54730,Lokesh,Jayawardene,7/2/62,1/7/98,1/1/99,Staff
54732,Lena,Binkley,3/17/63,4/22/97,1/1/99,Staff
54733,Shawna,Cannata,1/4/63,11/4/91,1/1/99,Senior Staff
54734,Howell,Bonifati,6/23/63,5/10/97,1/1/99,Engineer
54737,Yinghua,Maliniak,8/24/62,4/18/97,1/1/99,Engineer
54744,Bogdan,Syrotiuk,7/18/62,1/27/88,1/1/99,Senior Staff
54750,Zhanqiu,Beilner,10/9/64,9/20/94,1/1/99,Senior Staff
54756,Dulce,Ruther,5/22/62,9/13/97,1/1/99,Assistant Engineer
54757,Reinhold,Birjandi,10/1/63,11/9/96,1/1/99,Staff
54760,Shir,Conti,5/16/62,2/13/87,1/1/99,Engineer
54771,Tetsurou,Peir,10/8/64,6/9/92,1/1/99,Senior Engineer
54776,Hyuckchul,Rossi,2/22/64,11/25/88,1/1/99,Senior Staff
54779,Zine,Baar,12/9/62,11/29/93,1/1/99,Staff
54780,Tsuneo,Demke,8/15/64,9/21/87,1/1/99,Technique Leader
54785,Huai,Conte,3/25/64,6/8/98,1/1/99,Engineer
54791,Valdiodio,Hockney,7/18/64,12/20/87,1/1/99,Staff
54792,Gurbir,Thummel,5/18/62,11/24/98,1/1/99,Senior Engineer
54794,Candida,Conde,4/2/64,2/24/95,1/1/99,Engineer
54795,Sumant,Nergos,1/29/65,3/2/94,1/1/99,Staff
54798,Minghong,Lammel,2/19/63,6/15/96,1/1/99,Engineer
54800,Breannda,Cangellaris,1/13/65,1/27/00,1/1/99,Staff
54801,Uri,Chinal,5/12/63,7/8/85,1/1/99,Senior Staff
54802,Anestis,Perly,3/14/63,6/13/90,1/1/99,Engineer
54810,Dharmaraja,Bojadziev,4/27/63,11/1/91,1/1/99,Senior Staff
54814,Wilmer,Akazan,8/25/64,1/16/88,1/1/99,Senior Engineer
54822,Shuzo,Avouris,7/20/62,7/19/91,1/1/99,Senior Engineer
54835,Parke,Broder,1/10/62,4/7/02,1/1/99,Assistant Engineer
54836,Nidapan,Cooley,7/16/62,2/28/92,1/1/99,Staff
54838,Arvin,Hainaut,9/12/64,12/18/92,1/1/99,Staff
54848,Fay,Chappelet,12/9/62,11/29/92,1/1/99,Staff
54852,Kiyokazu,Slaats,8/13/64,5/23/93,1/1/99,Staff
54861,Huiqun,Ratzlaff,10/19/64,9/25/87,1/1/99,Senior Engineer
54864,Ayonca,Niizuma,1/28/62,1/16/00,1/1/99,Senior Engineer
54866,Paloma,Nergos,6/5/63,5/21/97,1/1/99,Senior Staff
54872,Cheong,Narahara,1/14/62,2/7/94,1/1/99,Engineer
54874,Gurbir,Munos,2/1/62,10/8/99,1/1/99,Staff
54876,Branimir,Tempesti,3/30/63,10/12/85,1/1/99,Staff
54883,Fatemeh,Gips,1/21/63,11/10/89,1/1/99,Engineer
54887,Shooichi,Vandervoorde,6/8/62,7/21/86,1/1/99,Senior Staff
54891,Willard,Bresenham,2/11/62,6/10/98,1/1/99,Engineer
54894,Palash,Pews,3/20/64,9/22/98,1/1/99,Staff
54900,Khalil,Stemann,2/22/64,7/3/86,1/1/99,Senior Staff
54909,Guozhong,Wegerle,2/21/63,1/9/97,1/1/99,Assistant Engineer
54911,Muneo,Verspoor,8/23/64,2/19/94,1/1/99,Engineer
54916,Gita,Perng,8/15/64,8/15/97,1/1/99,Staff
54922,Parviz,Thimonier,6/6/62,9/3/86,1/1/99,Staff
54925,Junsik,Perri,1/16/62,1/3/90,1/1/99,Senior Staff
54938,Yakkov,Tempesti,4/9/64,7/3/96,1/1/99,Engineer
54940,Luise,Muniz,6/15/62,12/8/85,1/1/99,Senior Engineer
54941,Ipke,Pietrzykowski,1/3/63,12/27/96,1/1/99,Assistant Engineer
54958,Pradeep,Mellouli,2/21/63,9/4/85,1/1/99,Engineer
54964,TRUE,Conde,3/5/63,6/7/93,1/1/99,Senior Engineer
54975,Maris,Katiyar,2/12/62,4/22/93,1/1/99,Senior Staff
54978,Aloys,Godskesen,9/7/62,3/28/97,1/1/99,Staff
54980,Sadok,Cannata,9/30/62,6/2/96,1/1/99,Staff
54982,Henk,Ducloy,11/13/62,10/3/87,1/1/99,Senior Engineer
54986,Samphel,Henseler,10/17/63,6/23/88,1/1/99,Senior Staff
54988,Lucien,Welham,11/1/62,4/12/95,1/1/99,Senior Staff
55006,Elliott,Tchuente,6/28/64,10/10/94,1/1/99,Senior Engineer
55013,Tetsurou,Docker,11/21/62,8/17/97,1/1/99,Senior Engineer
55019,Toshimori,Azumi,1/21/62,10/18/90,1/1/99,Senior Engineer
55021,Youngkon,Zaumen,7/25/64,11/15/85,1/1/99,Senior Staff
55025,Kazuhiro,Beilner,12/4/64,5/12/85,1/1/99,Senior Engineer
55031,Katsuyuki,Zongker,12/25/64,10/29/89,1/1/99,Senior Staff
55033,Aiichiro,Lorho,9/27/64,5/9/87,1/1/99,Staff
55035,Jordanka,Nollmann,3/7/63,4/21/93,1/1/99,Engineer
55040,Ayonca,Dayang,2/22/62,7/11/97,1/1/99,Engineer
55041,Tetsurou,Eastman,11/10/62,4/11/85,1/1/99,Senior Engineer
55045,Kersti,Ibel,1/12/62,2/9/92,1/1/99,Engineer
55051,Conal,Beznosov,12/24/64,9/6/93,1/1/99,Engineer
55066,Chenxi,Fetvedt,3/17/63,11/22/97,1/1/99,Engineer
55072,Yakkov,Spataro,12/8/64,8/10/92,1/1/99,Engineer
55088,Heng,Businaro,4/3/64,9/19/96,1/1/99,Senior Staff
55092,Moheb,Gimarc,8/23/63,9/9/92,1/1/99,Senior Engineer
55097,Roded,Waymire,5/5/63,4/20/90,1/1/99,Staff
55119,Idoia,Reistad,2/11/63,5/18/90,1/1/99,Engineer
55134,Somnath,Miyakawa,5/28/62,7/2/95,1/1/99,Engineer
55136,Shiv,Cyne,3/14/64,7/1/97,1/1/99,Staff
55145,Saddek,Delgrossi,11/12/62,8/11/86,1/1/99,Senior Engineer
55147,Syozo,Versino,5/17/62,5/21/90,1/1/99,Senior Engineer
55148,Aimee,Yetim,3/31/64,7/22/94,1/1/99,Engineer
55150,Moto,Monkewich,1/4/63,9/16/94,1/1/99,Engineer
55155,Kazuhito,Harllee,4/15/63,9/20/96,1/1/99,Engineer
55156,Conrado,Hiroyama,7/11/62,1/20/93,1/1/99,Senior Engineer
55160,Matt,Lichtman,11/16/63,8/31/95,1/1/99,Staff
55165,Ebbe,Srimani,10/2/63,11/9/88,1/1/99,Engineer
55167,Haldon,Boudaillier,4/29/63,1/22/94,1/1/99,Senior Staff
55170,Mani,Pavlopoulou,4/26/63,8/30/89,1/1/99,Senior Engineer
55172,Mingzeng,Raoux,8/12/63,1/30/95,1/1/99,Senior Engineer
55173,Chiradeep,Luce,3/21/62,8/20/91,1/1/99,Senior Engineer
55176,Behnaam,Akazan,9/26/63,2/4/99,1/1/99,Staff
55177,Paraskevi,Mapelli,3/17/63,4/11/98,1/1/99,Engineer
55186,Zongyan,Radivojevic,9/9/62,1/13/91,1/1/99,Senior Engineer
55202,Ranga,Tsukuda,5/5/64,10/11/98,1/1/99,Engineer
55203,KayLiang,Valtorta,12/10/63,10/11/86,1/1/99,Technique Leader
55211,Jingling,Stellhorn,12/17/63,6/21/92,1/1/99,Senior Engineer
55212,Yuguang,Juneja,4/11/62,12/18/93,1/1/99,Senior Staff
55213,Martina,Stenning,11/11/62,1/13/99,1/1/99,Staff
55222,Huican,Danecki,8/22/64,12/11/95,1/1/99,Staff
55224,Weiye,Uhrig,12/16/62,3/31/86,1/1/99,Engineer
55234,Georgy,Selenyi,9/26/62,8/12/97,1/1/99,Staff
55236,Zhensheng,Ghalwash,5/3/62,6/1/88,1/1/99,Senior Staff
55243,Menkae,Rothe,12/22/62,2/27/97,1/1/99,Engineer
55244,Changho,Merlo,6/24/64,1/16/92,1/1/99,Senior Staff
55245,Zhonghui,Seghrouchni,4/1/62,1/30/00,1/1/99,Assistant Engineer
55247,Ymte,Karlin,6/18/63,9/5/85,1/1/99,Staff
55250,Aiichiro,Hanratty,4/25/62,5/28/89,1/1/99,Senior Engineer
55252,Rimon,Vasanthakumar,12/30/63,12/16/88,1/1/99,Senior Staff
55253,Olivera,Birjandi,3/19/63,3/2/94,1/1/99,Engineer
55254,Mads,Marciano,8/27/63,8/13/93,1/1/99,Senior Staff
55259,Susanne,Penz,8/11/62,2/8/87,1/1/99,Engineer
55260,Spyrose,Schaad,12/17/63,4/24/91,1/1/99,Engineer
55262,Mansur,Christ,9/6/62,2/12/85,1/1/99,Senior Staff
55263,Jongsuk,Bondorf,3/5/62,2/9/95,1/1/99,Assistant Engineer
55270,Christophe,Chenoweth,1/20/62,11/27/93,1/1/99,Engineer
55286,Armond,Wroclawski,9/2/62,4/24/98,1/1/99,Technique Leader
55287,Tomofumi,Rusterholz,1/27/62,9/8/94,1/1/99,Staff
55292,Anneke,Bennet,6/10/64,12/23/00,1/1/99,Assistant Engineer
55293,Nalini,Bazzichi,8/3/64,12/12/90,1/1/99,Senior Staff
55313,Sudharsan,Bolotov,6/27/62,3/6/91,1/1/99,Technique Leader
55315,Constantino,Undy,10/24/63,8/16/97,1/1/99,Senior Engineer
55316,Yuping,Marwedel,12/21/62,5/20/92,1/1/99,Senior Staff
55322,Garnik,Heijenga,3/15/64,9/9/85,1/1/99,Senior Engineer
55333,Aamod,Lundstrom,8/23/63,6/16/94,1/1/99,Senior Engineer
55334,Wanqing,Harnett,1/13/62,3/16/96,1/1/99,Senior Staff
55359,Domenico,Keohane,7/24/63,12/8/86,1/1/99,Staff
55360,Aemilian,Mitzlaff,1/16/64,6/25/98,1/1/99,Senior Engineer
55361,Christoper,Prenel,9/9/63,10/13/95,1/1/99,Engineer
55372,Qunsheng,Cheshire,2/4/62,9/12/97,1/1/99,Engineer
55376,Kristen,Pezzoli,9/13/64,1/27/92,1/1/99,Senior Engineer
55381,Masadi,Sluis,8/20/62,8/2/91,1/1/99,Staff
55384,Adib,Miake,8/2/62,10/6/91,1/1/99,Senior Engineer
55387,Tran,Birsak,4/25/64,6/25/98,1/1/99,Staff
55394,JiYoung,Thorelli,5/2/62,7/2/99,1/1/99,Staff
55396,Miomir,Rahier,3/25/63,5/14/85,1/1/99,Staff
55398,Nobuyoshi,Lupu,3/31/62,1/19/87,1/1/99,Senior Engineer
55401,Mechthild,Aloia,4/2/62,11/16/93,1/1/99,Engineer
55411,Gennadi,Codenie,7/30/62,7/4/99,1/1/99,Technique Leader
55425,Arvin,Lubachevsky,10/8/63,4/29/96,1/1/99,Senior Engineer
55436,Dines,Kumaresan,4/19/63,10/21/91,1/1/99,Staff
55443,Mingsen,Snedden,8/11/62,12/15/88,1/1/99,Engineer
55447,Conrado,Aloia,7/18/62,4/8/96,1/1/99,Senior Staff
55455,Baoqiu,Heemskerk,4/27/62,1/1/96,1/1/99,Engineer
55457,Xiahua,Rusterholz,1/11/64,10/20/89,1/1/99,Senior Staff
55482,Satoru,Leivant,2/20/63,7/22/87,1/1/99,Assistant Engineer
55486,Bedir,Bashian,5/27/62,10/5/86,1/1/99,Senior Staff
55490,Hugh,Waleschkowski,9/13/62,5/16/01,1/1/99,Senior Engineer
55492,Gaetan,Kisuki,12/7/62,1/24/94,1/1/99,Staff
55495,Billur,Lodder,2/23/64,2/17/97,1/1/99,Engineer
55500,Uwe,Matzel,7/13/63,3/25/96,1/1/99,Senior Engineer
55509,Bodh,Wynblatt,3/2/62,3/8/98,1/1/99,Engineer
55513,Yaghout,Gulak,6/22/64,12/12/94,1/1/99,Staff
55523,Giordano,Feinberg,9/20/62,3/15/88,1/1/99,Technique Leader
55533,Subir,Worfolk,2/3/63,1/5/91,1/1/99,Engineer
55535,Kristian,Jarecki,7/19/63,3/19/99,1/1/99,Staff
55536,Jungsoon,Baba,1/11/64,2/7/87,1/1/99,Senior Staff
55547,Jeong,Gente,8/11/64,1/17/95,1/1/99,Technique Leader
55549,Tristan,Suermann,8/26/62,9/15/97,1/1/99,Engineer
55550,Boaz,Alpay,7/28/63,8/27/98,1/1/99,Engineer
55555,Sachin,Kandlur,12/15/62,6/15/88,1/1/99,Engineer
55562,Nikolaos,Schrift,6/14/64,5/13/97,1/1/99,Staff
55564,Danil,Akazan,4/30/64,6/15/94,1/1/99,Assistant Engineer
55566,Satoru,Panienski,5/20/63,9/24/92,1/1/99,Staff
55573,Sachio,Pocchiola,5/9/64,5/16/93,1/1/99,Engineer
55586,Brewster,Janetzko,1/15/63,2/15/98,1/1/99,Senior Staff
55587,Kauko,Feinberg,2/1/62,2/20/88,1/1/99,Staff
55597,Jamaludin,Koshiba,10/3/62,4/26/88,1/1/99,Technique Leader
55600,Claude,Lamma,8/10/62,10/7/96,1/1/99,Engineer
55601,Chanjung,Eickenmeyer,11/6/62,8/8/87,1/1/99,Staff
55603,Otmar,Valette,10/28/63,5/12/87,1/1/99,Senior Staff
55607,Mayumi,Detkin,7/30/64,11/4/94,1/1/99,Staff
55611,Moss,Kuszyk,7/14/64,6/9/99,1/1/99,Engineer
55618,Terresa,Heering,4/21/64,7/30/95,1/1/99,Staff
55627,Basem,Yurek,8/30/64,12/17/95,1/1/99,Senior Staff
55628,DeForest,Armand,9/2/63,9/19/96,1/1/99,Engineer
55631,Arunachalam,Garrabrants,6/8/62,4/28/91,1/1/99,Senior Staff
55635,Bogdan,Flanders,3/17/62,12/5/85,1/1/99,Senior Staff
55638,Younwoo,Lortz,6/6/64,10/26/96,1/1/99,Engineer
55640,Adit,Syrotiuk,1/25/65,7/16/93,1/1/99,Engineer
55643,Martins,Harllee,3/17/62,11/24/98,1/1/99,Staff
55644,Yuping,Poehlman,9/18/62,5/27/93,1/1/99,Senior Engineer
55648,Valery,Pettey,5/12/64,4/20/95,1/1/99,Staff
55663,Dinah,Yamaashi,3/21/62,5/15/94,1/1/99,Senior Staff
55685,Lein,Pokrovskii,10/31/63,2/21/98,1/1/99,Staff
55687,Shih,Lindqvist,1/2/65,3/29/95,1/1/99,Senior Engineer
55691,Xuejun,Kusakari,10/7/64,8/8/94,1/1/99,Staff
55692,Etsuo,Cooley,9/3/63,6/17/96,1/1/99,Senior Staff
55693,Nagui,Seghrouchni,12/28/63,12/5/92,1/1/99,Senior Engineer
55697,Isaac,Perelgut,11/3/63,11/6/99,1/1/99,Staff
55705,Debaprosad,Pargas,9/7/64,12/25/93,1/1/99,Technique Leader
55708,Lena,Juneja,3/7/63,1/23/90,1/1/99,Senior Engineer
55717,Werner,Pelz,9/9/63,7/22/88,1/1/99,Engineer
55719,Howell,Bazelow,2/18/62,4/25/89,1/1/99,Staff
55725,Harjit,Gils,4/14/62,1/30/93,1/1/99,Senior Staff
55735,Kristina,Schmiedel,1/24/62,11/4/85,1/1/99,Assistant Engineer
55742,Rosella,Gils,2/20/63,8/13/90,1/1/99,Senior Engineer
55744,Henk,Swab,1/27/64,8/23/93,1/1/99,Senior Engineer
55750,Abdelghani,Masamoto,8/18/62,8/25/85,1/1/99,Senior Engineer
55761,Berhard,Baaz,8/17/62,5/4/90,1/1/99,Staff
55766,Shakhar,Moehrke,1/26/62,10/24/90,1/1/99,Engineer
55771,Huican,Demeyer,1/13/64,3/12/91,1/1/99,Senior Engineer
55786,Berto,Belinskaya,3/7/62,12/20/86,1/1/99,Senior Staff
55787,Howell,Bamford,10/27/63,7/21/85,1/1/99,Staff
55789,Satosi,Versino,2/24/64,10/24/98,1/1/99,Engineer
55792,Vasiliy,Hooghiemstra,9/8/62,11/24/93,1/1/99,Senior Staff
55796,Qiwen,Milicia,6/1/64,8/17/96,1/1/99,Senior Staff
55797,Jaewon,Ranft,8/8/64,7/14/92,1/1/99,Senior Staff
55799,Jianwen,Litzler,1/23/65,6/17/87,1/1/99,Engineer
55802,Larisa,Diderrich,1/9/64,9/14/92,1/1/99,Senior Engineer
55805,Yinlin,Templeman,10/15/62,6/2/97,1/1/99,Engineer
55811,Shigeu,Capobianchi,1/6/64,3/30/90,1/1/99,Senior Engineer
55813,Conor,Schneeberger,5/1/64,6/14/88,1/1/99,Engineer
55816,Uma,Kaiser,10/4/63,10/2/85,1/1/99,Senior Engineer
55817,Ayonca,Dusink,7/8/64,8/6/97,1/1/99,Engineer
55820,Tonny,Cannard,3/28/63,6/18/91,1/1/99,Senior Staff
55823,Kwan,Montemayor,10/6/62,11/11/96,1/1/99,Senior Staff
55826,Akemi,Angelov,5/17/62,1/27/99,1/1/99,Staff
55828,Jaques,Tetzlaff,8/20/64,9/28/98,1/1/99,Senior Staff
55838,Aamod,Henders,12/19/62,8/17/92,1/1/99,Technique Leader
55842,Georgy,Copas,3/20/62,1/28/99,1/1/99,Staff
55847,Jackson,Sommer,1/26/63,10/9/92,1/1/99,Engineer
55850,Feiyu,Koprowski,5/16/64,6/25/94,1/1/99,Technique Leader
55857,Adin,Scallan,1/18/65,9/15/87,1/1/99,Senior Staff
55868,Fai,Hashii,5/17/64,1/27/89,1/1/99,Assistant Engineer
55871,Lobel,Baezner,3/7/62,11/18/92,1/1/99,Staff
55877,Spyrose,Wilharm,11/18/62,6/21/90,1/1/99,Engineer
55880,Gopalakrishnan,Delgrossi,8/31/62,11/14/85,1/1/99,Staff
55881,Tooru,Hooghiemstra,9/23/62,2/26/91,1/1/99,Senior Engineer
55905,Mayuri,Gerteisen,7/8/63,8/14/97,1/1/99,Senior Engineer
55906,Kannan,Steinauer,1/27/62,3/22/97,1/1/99,Senior Staff
55920,Vishwani,Collette,3/22/64,5/12/93,1/1/99,Senior Staff
55923,Ayonca,Hellwagner,3/3/62,12/30/89,1/1/99,Engineer
55927,Yucai,Koyama,3/11/63,4/15/98,1/1/99,Staff
55937,Renee,Schneeberger,1/17/64,8/19/86,1/1/99,Staff
55940,Ziyad,Ramsay,9/2/64,11/7/87,1/1/99,Technique Leader
55950,Naftaly,Matzat,8/9/62,1/14/93,1/1/99,Engineer
55965,Basim,Mitzlaff,3/21/64,12/18/94,1/1/99,Staff
55968,Jacopo,Coorg,10/9/64,1/16/92,1/1/99,Senior Engineer
55973,Stevo,Plesums,1/31/62,4/5/91,1/1/99,Senior Staff
55981,Dipayan,Cooman,12/29/63,3/13/97,1/1/99,Engineer
55983,Shounak,Cannata,8/17/63,8/9/93,1/1/99,Senior Staff
55986,Zhiwei,Vadhan,10/29/63,9/2/91,1/1/99,Senior Staff
55990,Jouko,Usery,3/14/64,7/15/93,1/1/99,Staff
56002,Kyoichi,Mitsuhashi,1/15/63,4/2/94,1/1/99,Senior Staff
56017,Nikolaus,Tischendorf,9/27/64,6/30/97,1/1/99,Staff
56024,Gopalakrishnan,Atrawala,11/10/64,10/13/94,1/1/99,Senior Engineer
56027,Anneli,Sigstam,12/14/64,1/19/92,1/1/99,Engineer
56031,Vatsa,Lunn,6/4/63,1/26/00,1/1/99,Staff
56032,Arunachalam,Engelmann,2/15/63,8/25/90,1/1/99,Engineer
56042,Gay,Krone,5/17/64,9/29/87,1/1/99,Senior Staff
56045,Aris,Angel,3/20/62,11/6/96,1/1/99,Engineer
56046,Zine,Nitto,5/3/62,11/11/93,1/1/99,Senior Staff
56048,Bojan,Simmel,5/23/63,2/17/92,1/1/99,Engineer
56055,Uli,Janocha,2/5/64,11/14/99,1/1/99,Technique Leader
56060,Kokou,Bellone,12/27/63,10/1/98,1/1/99,Senior Staff
56063,Wonhee,Frijda,9/13/63,6/24/88,1/1/99,Assistant Engineer
56076,Malu,Yamaashi,11/8/64,10/1/99,1/1/99,Staff
56077,Mohammad,Ressouche,4/26/63,1/29/90,1/1/99,Senior Engineer
56079,Boutros,Werthner,8/24/62,7/15/89,1/1/99,Engineer
56094,Charlene,Breugel,2/28/64,7/24/95,1/1/99,Staff
56097,Kamakshi,Ranft,10/23/63,10/25/97,1/1/99,Staff
56104,Rutger,Serov,10/5/62,7/29/98,1/1/99,Engineer
56105,Makato,Remmers,1/11/65,4/16/89,1/1/99,Senior Engineer
56109,Avishai,Savasere,8/6/62,11/27/89,1/1/99,Engineer
56112,Aiman,Gaughan,5/25/62,3/17/92,1/1/99,Staff
56113,Aleksander,Strehl,8/13/64,2/5/92,1/1/99,Senior Staff
56119,Alejandra,Varker,2/3/64,7/4/86,1/1/99,Senior Engineer
56122,Shounak,Chiodo,9/6/64,10/30/89,1/1/99,Technique Leader
56124,Oldrich,Wroclawski,5/11/64,10/13/87,1/1/99,Senior Engineer
56128,Serif,Bashian,11/5/63,8/24/97,1/1/99,Staff
56131,Kensyu,Schwartzburd,2/2/62,9/22/93,1/1/99,Senior Engineer
56151,Adel,Yamaashi,10/2/62,9/16/85,1/1/99,Engineer
56152,Zhenhua,Covnot,5/8/64,8/13/95,1/1/99,Engineer
56158,Rafael,Puoti,2/19/63,3/3/87,1/1/99,Staff
56160,Miomir,Kadhim,8/20/64,2/6/93,1/1/99,Staff
56161,Guiseppe,Azumi,1/16/64,9/1/88,1/1/99,Staff
56162,Filipe,Krzyzanowski,7/8/63,9/20/89,1/1/99,Senior Engineer
56165,Constantine,Erdi,12/7/64,3/9/92,1/1/99,Staff
56166,Noritoshi,Dechter,9/1/62,1/6/00,1/1/99,Senior Staff
56178,Martina,Genther,7/27/63,10/21/87,1/1/99,Engineer
56204,Teiji,Itschner,11/26/64,1/27/90,1/1/99,Senior Engineer
56209,Remzi,Douceur,1/19/65,12/1/92,1/1/99,Engineer
56211,Youjian,Rehfuss,11/19/62,9/7/86,1/1/99,Staff
56213,Kwok,Hiraishi,3/13/63,5/25/90,1/1/99,Senior Staff
56214,Maya,Vanwelkenhuysen,4/6/62,2/12/87,1/1/99,Engineer
56220,Candido,Deville,11/21/64,5/24/86,1/1/99,Engineer
56221,Chinho,Munawer,11/16/62,9/10/93,1/1/99,Engineer
56233,Gunilla,Cincotta,4/15/64,11/9/01,1/1/99,Engineer
56234,Yongqiao,Gecsei,5/9/64,6/19/99,1/1/99,Engineer
56237,Margareta,Anido,7/6/62,2/26/91,1/1/99,Senior Staff
56241,Morris,Hutter,6/21/62,4/8/89,1/1/99,Senior Staff
56248,Zhensheng,Sullins,3/10/62,9/9/98,1/1/99,Staff
56249,Ghassan,Erbe,11/14/64,10/21/91,1/1/99,Engineer
56253,Fatemeh,Pollacia,5/7/62,4/4/96,1/1/99,Senior Engineer
56257,Harngdar,Comellas,4/30/64,5/5/99,1/1/99,Staff
56258,Boutros,Foong,4/6/64,4/13/91,1/1/99,Assistant Engineer
56274,Marin,Schmiedel,3/12/64,11/26/95,1/1/99,Engineer
56276,Carrsten,Denny,7/28/63,8/30/91,1/1/99,Senior Engineer
56277,Marek,Sadowski,7/17/63,2/16/92,1/1/99,Senior Engineer
56282,Kerhong,Varley,4/25/64,10/17/90,1/1/99,Senior Staff
56305,Leni,Tsukuda,11/11/63,7/11/90,1/1/99,Senior Staff
56307,Luigi,Gewali,4/25/64,2/22/99,1/1/99,Senior Engineer
56309,Piyawadee,Basawa,8/1/63,3/23/85,1/1/99,Senior Engineer
56331,Chuanti,Ozery,9/29/63,11/17/89,1/1/99,Engineer
56338,Eberhardt,Sidou,3/3/62,12/17/89,1/1/99,Engineer
56343,Karlis,Bahi,2/26/64,12/21/88,1/1/99,Staff
56344,Krisda,Kowalchuk,5/30/64,3/25/97,1/1/99,Engineer
56349,Honesty,Sethi,12/1/64,1/27/86,1/1/99,Senior Engineer
56354,Almudena,Schieder,7/23/63,8/28/99,1/1/99,Engineer
56355,Mona,Passafiume,4/11/63,8/29/99,1/1/99,Senior Engineer
56359,Shan,Birrer,9/1/63,5/27/98,1/1/99,Senior Staff
56362,Florina,Marrevee,11/3/64,10/13/85,1/1/99,Senior Engineer
56367,Felicidad,Millington,8/15/63,12/4/95,1/1/99,Staff
56373,Brewster,Besancenot,9/24/64,2/2/97,1/1/99,Assistant Engineer
56374,Kshitij,Jiang,5/21/62,8/27/86,1/1/99,Senior Staff
56381,Mohammad,Homond,7/2/63,11/13/99,1/1/99,Engineer
56383,Mani,Schlenzig,4/12/64,5/25/87,1/1/99,Senior Engineer
56384,Vishwani,Fujisawa,2/28/62,7/3/85,1/1/99,Senior Staff
56388,Leah,McDermid,1/24/63,5/11/89,1/1/99,Engineer
56392,Ramya,Delgrande,5/20/63,1/3/95,1/1/99,Senior Engineer
56398,Giri,Muhling,10/28/62,7/15/88,1/1/99,Technique Leader
56414,Bluma,Ranon,7/29/63,6/4/98,1/1/99,Staff
56415,Sigeru,Nivat,1/30/65,10/24/91,1/1/99,Senior Staff
56416,Masaki,Kumaresan,3/13/62,12/28/99,1/1/99,Assistant Engineer
56419,Yuchang,Keustermans,3/21/64,2/9/95,1/1/99,Engineer
56428,Olivera,Hanabata,1/27/65,11/10/86,1/1/99,Senior Staff
56432,Kendra,Tchuente,9/10/62,5/6/89,1/1/99,Engineer
56433,Richara,Himler,10/13/62,9/11/99,1/1/99,Senior Staff
56434,Tze,Ranai,6/9/64,1/27/97,1/1/99,Senior Engineer
56435,Yuriy,Jumpertz,5/18/63,1/20/97,1/1/99,Senior Engineer
56438,Tristan,Flasterstein,5/14/63,1/5/89,1/1/99,Technique Leader
56440,Magy,Tsukuda,11/21/64,6/13/99,1/1/99,Engineer
56441,Aiman,Keohane,9/4/62,1/4/88,1/1/99,Assistant Engineer
56456,Yakichi,Spinelli,5/12/64,7/10/97,1/1/99,Senior Staff
56460,Chuanyi,Petersohn,9/27/62,4/20/90,1/1/99,Engineer
56461,Vitali,Egerstedt,1/26/63,8/30/98,1/1/99,Engineer
56467,Qiwen,Saoudi,5/5/63,6/16/92,1/1/99,Senior Staff
56469,Fumiko,Polajnar,7/30/63,11/6/94,1/1/99,Senior Engineer
56474,Tamiya,Lorys,7/28/63,10/2/90,1/1/99,Senior Engineer
56475,Stabislas,Matzat,2/25/63,2/23/98,1/1/99,Engineer
56480,Vasiliy,Ellozy,2/4/63,7/5/98,1/1/99,Senior Engineer
56481,Maha,Pettey,5/19/62,11/24/92,1/1/99,Senior Staff
56484,Mahendra,Seuren,3/20/64,9/2/90,1/1/99,Assistant Engineer
56493,Mayuri,Escriba,11/9/64,9/24/91,1/1/99,Senior Staff
56517,Dinkar,Merel,1/11/62,5/17/92,1/1/99,Senior Staff
56523,Yannis,Asrin,5/8/64,3/29/94,1/1/99,Staff
56526,Tua,Joslin,7/20/62,2/17/91,1/1/99,Assistant Engineer
56532,Adas,Gecseg,9/24/62,8/21/97,1/1/99,Staff
56535,Shuky,Hasenauer,10/19/64,11/28/98,1/1/99,Staff
56536,Eishiro,Hammerschmidt,9/25/64,7/22/89,1/1/99,Staff
56540,Francoise,Hardjono,12/16/63,2/19/99,1/1/99,Staff
56554,Feiyu,Chepyzhov,7/20/64,6/28/94,1/1/99,Engineer
56555,Ziyad,Picht,6/7/64,11/17/98,1/1/99,Staff
56556,Breannda,Birsak,5/14/62,5/5/88,1/1/99,Senior Staff
56574,Almudena,Bahk,11/18/63,7/14/91,1/1/99,Engineer
56576,Rimli,Rodiger,3/22/64,2/18/89,1/1/99,Staff
56580,Mingsen,Sury,12/13/62,11/8/91,1/1/99,Senior Engineer
56586,Lucien,Uhrig,11/25/63,5/25/98,1/1/99,Staff
56599,Hugh,Hooghiemstra,11/4/64,6/27/97,1/1/99,Senior Staff
56603,Shaleah,Ruemmler,10/17/62,12/28/94,1/1/99,Engineer
56617,Moni,Luce,12/9/63,11/29/89,1/1/99,Senior Staff
56623,Yongqiao,Perly,8/3/64,6/24/91,1/1/99,Engineer
56624,Shigehito,Mahmud,10/7/64,4/1/93,1/1/99,Senior Staff
56629,Arun,Gulla,7/2/64,4/20/87,1/1/99,Senior Engineer
56632,Hauke,Harllee,11/22/63,12/21/97,1/1/99,Engineer
56640,Rosita,Janocha,12/7/64,4/23/97,1/1/99,Engineer
56646,Zhigen,Swan,9/3/64,3/15/91,1/1/99,Senior Engineer
56653,Jaewoo,Bugrara,7/9/62,9/23/87,1/1/99,Senior Staff
56669,Akeel,Birnbaum,2/29/64,11/29/95,1/1/99,Senior Staff
56675,Shih,Zambonelli,8/16/62,10/14/98,1/1/99,Technique Leader
56676,Zhensheng,Milicic,8/14/64,3/15/99,1/1/99,Engineer
56682,Roded,Picco,1/28/65,11/6/93,1/1/99,Assistant Engineer
56683,Jayson,Krider,5/22/64,4/8/96,1/1/99,Engineer
56691,Zine,Begiun,8/8/62,4/15/85,1/1/99,Senior Engineer
56713,Fumitaka,Conde,11/2/62,8/29/88,1/1/99,Senior Staff
56727,Subhash,Sidou,6/24/63,5/30/02,1/1/99,Engineer
56729,Lucien,Nitsche,4/24/64,10/17/88,1/1/99,Senior Engineer
56734,Xiong,Skogmar,9/7/63,12/3/86,1/1/99,Senior Engineer
56735,Yuuichi,Gomatam,5/27/64,5/22/94,1/1/99,Senior Staff
56736,Oscar,Brodie,3/28/64,9/11/93,1/1/99,Senior Staff
56738,Leif,Tanemo,10/1/63,2/11/00,1/1/99,Engineer
56743,Lansing,Nitto,11/28/63,5/27/86,1/1/99,Senior Staff
56746,Mads,Fadgyas,9/3/64,10/31/98,1/1/99,Senior Staff
56750,Marsja,Ranka,8/4/63,1/26/95,1/1/99,Senior Engineer
56751,Yuguang,Hofstetter,10/13/62,1/17/94,1/1/99,Senior Staff
56755,Guther,Brattka,8/2/62,5/21/94,1/1/99,Senior Engineer
56768,Tonia,Lamma,1/19/63,4/22/88,1/1/99,Senior Engineer
56769,Lene,Birge,4/24/63,7/1/92,1/1/99,Engineer
56771,Gay,Panienski,11/25/64,6/21/90,1/1/99,Engineer
56773,Jianhua,Parascandalo,8/3/64,7/31/95,1/1/99,Senior Engineer
56776,Caolyn,Matzov,2/8/63,8/8/95,1/1/99,Staff
56783,Subhash,Bondorf,9/29/63,8/27/87,1/1/99,Engineer
56792,Barry,Erde,3/12/63,1/28/88,1/1/99,Engineer
56795,Leaf,Cooke,6/27/62,5/5/95,1/1/99,Engineer
56796,Aris,Schmittgen,1/15/62,9/3/98,1/1/99,Engineer
56798,Jiakeng,Lanzelotte,12/27/64,11/7/98,1/1/99,Staff
56801,Utpal,Zucker,1/31/62,11/3/96,1/1/99,Senior Engineer
56806,Naraig,Sudbeck,4/12/64,6/10/92,1/1/99,Senior Engineer
56816,Mack,Deverell,11/9/62,3/9/91,1/1/99,Engineer
56829,Nagui,Gruenwald,1/9/65,6/14/97,1/1/99,Engineer
56838,Xinan,Veevers,6/21/64,7/21/86,1/1/99,Senior Staff
56842,Munir,Lenart,3/14/63,8/21/89,1/1/99,Assistant Engineer
56847,Menkae,Chinin,1/14/65,8/27/98,1/1/99,Senior Engineer
56848,Urs,Stentiford,10/12/64,4/9/96,1/1/99,Engineer
56857,Shalesh,Ratnakar,12/5/63,2/8/88,1/1/99,Assistant Engineer
56869,Tadahiko,Shihab,7/16/63,3/30/95,1/1/99,Engineer
56875,Nikolaus,Kropatsch,3/2/64,4/26/96,1/1/99,Senior Staff
56876,Steen,Matzel,10/1/64,11/2/87,1/1/99,Engineer
56884,Serenella,Akazan,3/14/63,6/16/97,1/1/99,Engineer
56886,Sadok,Papsdorf,9/18/64,3/22/97,1/1/99,Staff
56891,Alassane,Schwaller,4/9/63,12/14/95,1/1/99,Engineer
56896,Kankanahalli,Poehlman,11/27/64,2/5/95,1/1/99,Engineer
56897,Qingxiang,Farris,6/19/64,6/6/89,1/1/99,Senior Engineer
56900,Seshu,Stentiford,10/15/64,6/6/91,1/1/99,Engineer
56906,Fatemeh,Shobatake,10/6/62,2/14/93,1/1/99,Senior Engineer
56911,Pranjal,Massonet,1/22/64,3/24/89,1/1/99,Engineer
56913,Ranan,Murtagh,4/12/64,8/13/87,1/1/99,Engineer
56928,Zhigen,Nyrup,2/17/64,5/15/88,1/1/99,Senior Staff
56932,Zhiwei,Ashish,2/2/64,2/7/02,1/1/99,Engineer
56941,Sverrir,Weiland,2/21/62,5/24/97,1/1/99,Senior Staff
56946,Gian,Casley,12/7/64,8/18/92,1/1/99,Senior Staff
56951,Faiza,Preusig,6/18/63,5/13/97,1/1/99,Staff
56953,Luigi,Calkin,7/17/62,6/13/86,1/1/99,Staff
56960,Hatsukazu,Backhouse,5/23/64,2/20/90,1/1/99,Engineer
56974,Taegyun,Brodal,6/28/64,9/20/88,1/1/99,Senior Staff
56977,Munehiro,Aloisi,8/8/63,10/8/98,1/1/99,Engineer
56979,Kokou,Mayerwieser,3/5/63,4/6/90,1/1/99,Senior Engineer
56980,Baoqiu,Terkki,4/17/63,12/3/86,1/1/99,Technique Leader
57014,Lijie,Yavatkar,8/4/62,5/17/93,1/1/99,Engineer
57017,Sachem,Ferretti,4/23/63,12/1/93,1/1/99,Staff
57019,Ortrun,Bolotov,4/30/63,6/16/96,1/1/99,Senior Engineer
57028,Yuchang,Hellwagner,8/11/63,12/19/99,1/1/99,Staff
57029,Saniya,Geffroy,10/23/63,8/18/93,1/1/99,Staff
57032,Vitali,Mahnke,1/27/63,2/20/92,1/1/99,Senior Engineer
57036,Yuriy,Marquardt,5/26/63,10/18/99,1/1/99,Engineer
57052,Chiranjit,Narwekar,5/22/63,12/30/86,1/1/99,Technique Leader
57056,Zita,Picel,5/3/62,1/18/88,1/1/99,Senior Engineer
57057,Stafford,Matheson,2/2/64,7/13/90,1/1/99,Assistant Engineer
57059,Shichao,Chinen,12/10/63,1/4/88,1/1/99,Engineer
57063,Selwyn,Thibadeau,12/27/64,6/11/90,1/1/99,Senior Staff
57067,Roded,Spataro,6/8/63,8/31/91,1/1/99,Staff
57074,Niranjan,Ventosa,2/29/64,10/22/98,1/1/99,Staff
57076,Sakthirel,Poulakidas,7/4/62,9/25/91,1/1/99,Senior Engineer
57088,Mizuhito,Haumacher,5/26/62,10/20/93,1/1/99,Staff
57093,Mabo,Pleszkun,2/3/62,7/21/95,1/1/99,Staff
57094,Xuedong,Lanteri,11/26/62,9/29/87,1/1/99,Engineer
57121,Shrikanth,Senzako,1/15/62,7/26/91,1/1/99,Engineer
57122,Ranan,Grandbois,5/9/62,6/23/89,1/1/99,Technique Leader
57125,Kamran,Waeselynck,10/30/63,8/21/90,1/1/99,Staff
57129,Shai,Navazio,12/31/64,1/27/98,1/1/99,Senior Engineer
57132,Visit,Schiper,1/6/64,7/10/87,1/1/99,Senior Staff
57147,Sigeru,Rebaine,5/18/64,6/10/01,1/1/99,Staff
57159,Hyuncheol,Zeleznik,8/28/63,10/17/90,1/1/99,Senior Engineer
57166,George,Foote,1/16/63,9/7/99,1/1/99,Senior Engineer
57168,Evgueni,Gide,12/4/62,2/17/93,1/1/99,Senior Engineer
57170,Weicheng,Basart,1/6/63,4/23/95,1/1/99,Staff
57173,Gererd,Qiwen,10/17/63,1/4/91,1/1/99,Staff
57191,Valeska,Matzke,4/5/62,11/7/87,1/1/99,Staff
57209,Shahab,Bellmore,2/6/62,12/18/96,1/1/99,Staff
57212,Dannz,Birnbaum,8/30/62,8/9/95,1/1/99,Technique Leader
57216,Vidya,Clemencon,12/15/64,9/20/93,1/1/99,Senior Engineer
57222,Masako,Lamma,11/12/62,6/4/85,1/1/99,Senior Staff
57238,Bodo,Kaminger,2/5/63,12/29/87,1/1/99,Senior Engineer
57247,Mayuko,Szemeredi,12/14/63,7/24/85,1/1/99,Technique Leader
57253,Hugo,Ferriere,1/9/62,7/22/97,1/1/99,Engineer
57254,Aleksander,Ghemri,4/8/64,10/12/97,1/1/99,Staff
57257,Isamu,Manderick,12/1/62,5/31/98,1/1/99,Staff
57259,Vivian,Fargier,10/2/62,4/6/93,1/1/99,Senior Staff
57268,Wuxu,McDermid,3/28/63,2/7/94,1/1/99,Senior Engineer
57274,Kazuhiko,Georgatos,12/12/64,9/7/97,1/1/99,Staff
57281,Kwangjo,Kragelund,2/4/62,10/2/99,1/1/99,Staff
57283,Arumugam,Swan,11/30/63,11/5/99,1/1/99,Engineer
57288,Elvis,Anandan,12/24/63,1/18/98,1/1/99,Staff
57290,Giao,Poupard,10/25/64,11/11/99,1/1/99,Staff
57292,Dipayan,Spataro,4/27/62,2/23/87,1/1/99,Senior Engineer
57315,Hideyuki,Krybus,5/8/62,7/19/91,1/1/99,Senior Staff
57321,Girolamo,Eterovic,4/24/64,8/6/90,1/1/99,Staff
57343,Adil,Heuser,11/19/64,10/27/91,1/1/99,Assistant Engineer
57351,Zeljko,Miake,6/1/62,7/23/96,1/1/99,Engineer
57352,Shuho,Ishibashi,5/14/63,3/12/88,1/1/99,Staff
57354,Billie,Ciolek,3/31/64,2/27/88,1/1/99,Engineer
57356,Petter,Nishimukai,7/23/64,5/30/88,1/1/99,Staff
57368,Parke,Raney,8/30/63,5/12/88,1/1/99,Senior Engineer
57369,Matt,Griswold,8/30/63,9/1/97,1/1/99,Senior Engineer
57376,Jungsoon,Docker,8/26/63,3/29/98,1/1/99,Senior Engineer
57378,Vivian,Luff,2/18/63,12/15/89,1/1/99,Senior Engineer
57382,Hideyuki,Matheson,4/19/63,5/20/98,1/1/99,Engineer
57385,Kiam,Gomatam,10/22/63,7/12/01,1/1/99,Staff
57387,Ottavia,Ballarin,2/3/64,7/12/94,1/1/99,Senior Engineer
57389,Zhenhua,Perfilyeva,9/18/62,12/23/93,1/1/99,Engineer
57401,Xiaocheng,Fiutem,9/22/64,11/12/97,1/1/99,Staff
57402,Vugranam,Sommen,1/18/62,1/24/87,1/1/99,Senior Engineer
57407,Waiman,Codenie,6/7/63,11/4/96,1/1/99,Staff
57411,Pantung,Harnett,5/1/64,12/31/87,1/1/99,Senior Staff
57413,Adly,Ariola,9/27/62,8/18/94,1/1/99,Senior Staff
57416,Val,Mikschl,4/19/63,6/10/02,1/1/99,Staff
57420,Shahar,Mamelak,8/21/63,1/7/87,1/1/99,Senior Engineer
57423,Radhia,Swab,4/12/63,11/23/99,1/1/99,Senior Staff
57424,Jaques,Magliocco,7/31/64,3/7/97,1/1/99,Senior Staff
57430,Along,Borstler,7/12/64,1/8/00,1/1/99,Staff
57434,Jaques,Hennings,7/11/64,12/3/01,1/1/99,Engineer
57440,Ayakannu,Bade,1/23/62,5/3/91,1/1/99,Engineer
57443,Sugwoo,Sluis,5/25/62,4/7/86,1/1/99,Assistant Engineer
57449,Mayuri,Luga,9/21/63,4/5/90,1/1/99,Engineer
57451,Shigehito,Mahmud,11/4/62,6/1/92,1/1/99,Senior Engineer
57454,Hugh,Hebden,2/21/63,8/6/93,1/1/99,Senior Staff
57469,Boguslaw,Kragelund,6/10/64,10/14/98,1/1/99,Engineer
57480,Kien,Escriba,9/28/63,5/20/95,1/1/99,Senior Engineer
57481,JoAnna,Savasere,11/15/63,8/7/95,1/1/99,Engineer
57490,Fayez,Ariola,9/17/62,3/27/91,1/1/99,Staff
57497,Sachin,Boudaillier,10/28/63,5/30/98,1/1/99,Engineer
57500,Shaw,Veevers,10/20/63,2/15/87,1/1/99,Senior Engineer
57507,Berhard,Kroft,4/9/64,12/1/87,1/1/99,Staff
57509,Mabo,Stanfel,5/23/64,8/2/87,1/1/99,Senior Engineer
57517,Hausi,Nanard,5/4/63,6/16/93,1/1/99,Engineer
57519,Woody,Brodie,4/21/62,9/25/89,1/1/99,Staff
57529,Garnet,Naudin,5/5/63,8/16/90,1/1/99,Staff
57534,Dmitri,Esteva,1/31/64,9/3/94,1/1/99,Staff
57538,Christophe,Kakkad,2/14/64,1/25/86,1/1/99,Technique Leader
57551,Junichi,Sluis,4/8/63,2/1/89,1/1/99,Engineer
57553,Gou,Thorelli,4/17/63,5/18/97,1/1/99,Senior Engineer
57555,Gino,Trumbly,7/21/64,11/15/99,1/1/99,Staff
57563,Freyja,Schueller,3/7/62,5/19/86,1/1/99,Senior Engineer
57564,Lunjin,Kaelbling,7/22/62,10/27/87,1/1/99,Senior Engineer
57567,George,Pettit,3/4/63,12/12/91,1/1/99,Senior Staff
57570,Goncalo,Pleszkun,1/6/64,9/9/99,1/1/99,Senior Staff
57576,Rosalyn,Olivero,6/7/64,1/10/91,1/1/99,Senior Staff
57600,Sachin,Merey,11/17/62,7/22/89,1/1/99,Engineer
57605,Kwangyoen,Felder,12/28/64,9/30/99,1/1/99,Engineer
57614,Demos,Whittlesey,1/18/63,6/8/85,1/1/99,Engineer
57624,Demos,Belinskaya,7/14/64,9/2/87,1/1/99,Senior Staff
57633,Tooru,Hagimont,11/13/63,4/30/90,1/1/99,Senior Engineer
57638,Berni,Munoz,8/16/62,4/28/96,1/1/99,Senior Engineer
57642,Saddek,Felcyn,1/10/64,4/10/97,1/1/99,Engineer
57644,Sigeru,Mansanne,2/1/63,4/24/90,1/1/99,Engineer
57647,Douadi,Ouhyoung,5/15/63,8/21/95,1/1/99,Engineer
57654,Gurbir,Liedekerke,6/17/64,7/15/98,1/1/99,Senior Staff
57656,Marko,Nourani,1/29/63,7/30/01,1/1/99,Staff
57662,Miomir,Kusakabe,5/21/63,6/11/87,1/1/99,Technique Leader
57663,Brigham,Rajala,1/4/62,1/13/90,1/1/99,Senior Engineer
57667,KayLiang,Chinen,8/24/62,5/8/91,1/1/99,Senior Staff
57668,Sanjit,Pulkowski,2/16/62,1/8/90,1/1/99,Senior Engineer
57677,Maia,Gruenwald,3/29/63,7/12/91,1/1/99,Senior Staff
57681,Shuichi,Garrabrants,1/8/63,1/30/86,1/1/99,Engineer
57701,Brewster,Mungall,3/8/62,11/16/87,1/1/99,Senior Engineer
57703,Bedrich,Vecchio,12/16/64,9/4/88,1/1/99,Engineer
57704,Sudhanshu,Zockler,10/4/62,6/8/95,1/1/99,Engineer
57717,Yonghong,Ernst,4/12/64,8/17/85,1/1/99,Senior Staff
57719,Kristine,Guerreiro,11/11/62,5/2/95,1/1/99,Engineer
57726,Ebbe,Schaar,4/5/62,9/13/87,1/1/99,Senior Staff
57729,Zdislav,Juneja,6/23/64,6/26/98,1/1/99,Engineer
57730,Shuichi,Leijenhorst,9/25/62,9/23/87,1/1/99,Senior Staff
57742,Huican,Karlin,11/12/64,5/23/00,1/1/99,Senior Staff
57745,Nadjib,Boguraev,9/16/64,4/23/97,1/1/99,Senior Engineer
57746,Doowon,Masada,12/5/64,11/11/97,1/1/99,Senior Engineer
57758,Rayond,Brodie,5/4/63,2/2/97,1/1/99,Senior Staff
57760,Reinhard,VanScheik,5/31/64,4/28/85,1/1/99,Staff
57765,Pascal,Erde,5/6/63,8/13/98,1/1/99,Staff
57772,Tomoyuki,Stamatiou,8/11/64,10/19/01,1/1/99,Staff
57774,Aksel,Bain,1/15/64,6/27/95,1/1/99,Staff
57775,Ziva,Swiss,12/12/63,2/13/91,1/1/99,Staff
57783,Zhenhua,Syang,6/6/63,8/12/92,1/1/99,Senior Staff
57791,Lunjin,Salvesen,6/27/63,8/21/91,1/1/99,Senior Engineer
57796,Duri,Choobineh,2/17/63,10/6/89,1/1/99,Assistant Engineer
57805,Chenye,Chimia,1/15/64,5/22/91,1/1/99,Technique Leader
57806,Gianluca,Bresenham,11/9/63,7/25/86,1/1/99,Senior Staff
57810,Greger,Kakkad,2/6/64,2/19/01,1/1/99,Staff
57811,Indrajit,Merel,5/22/64,2/17/96,1/1/99,Staff
57813,Felicidad,Talmor,7/11/63,11/4/92,1/1/99,Engineer
57814,Jovan,Luke,10/11/64,5/1/96,1/1/99,Senior Staff
57818,Shao,Vendrig,3/13/64,12/11/99,1/1/99,Staff
57830,Kristin,Pietrzykowski,9/25/64,1/31/89,1/1/99,Technique Leader
57831,Kwangjo,Zaumen,10/20/64,8/26/85,1/1/99,Senior Engineer
57844,Ortrud,Chappelet,11/27/63,7/26/88,1/1/99,Staff
57846,Karoline,Demian,8/19/63,8/30/97,1/1/99,Engineer
57848,Mack,Prampolini,9/14/62,6/13/94,1/1/99,Assistant Engineer
57855,Remco,Peroz,7/27/62,3/18/86,1/1/99,Senior Engineer
57857,Salvador,Farrow,5/1/62,1/8/95,1/1/99,Engineer
57860,Koldo,Kabayashi,4/25/62,10/28/91,1/1/99,Engineer
57863,Katsuo,Decleir,1/15/63,2/25/87,1/1/99,Senior Engineer
57866,Guther,Kawashimo,6/5/63,2/16/99,1/1/99,Engineer
57867,Shigeaki,Teitelbaum,8/3/63,10/19/92,1/1/99,Engineer
57871,Pramod,Hmelo,8/14/64,8/28/95,1/1/99,Staff
57872,Ult,Luck,4/14/63,3/3/93,1/1/99,Senior Engineer
57881,Giap,Demeyer,2/20/64,3/18/87,1/1/99,Staff
57887,Gladys,Emiris,8/27/63,6/20/93,1/1/99,Senior Staff
57900,Constantino,Murillo,8/4/64,7/29/88,1/1/99,Senior Staff
57902,Zeljko,Alvarado,4/27/63,12/27/95,1/1/99,Senior Staff
57905,Khaled,Molenaar,2/3/64,12/26/94,1/1/99,Engineer
57907,Muzhong,Khalil,2/4/63,3/18/93,1/1/99,Engineer
57914,Frazer,Hempstead,2/9/64,5/12/92,1/1/99,Staff
57920,Ymte,Showalter,6/22/64,6/15/87,1/1/99,Senior Engineer
57927,Aral,Roison,1/19/64,8/9/90,1/1/99,Technique Leader
57934,Sanjoy,Boudaillier,1/25/65,12/27/89,1/1/99,Engineer
57936,Adhemar,Braccini,2/7/62,11/24/94,1/1/99,Staff
57946,Surveyors,Levasseur,3/24/62,5/9/96,1/1/99,Assistant Engineer
57947,Theirry,Quittner,2/27/62,10/2/00,1/1/99,Engineer
57951,Chaoyi,Linnainmaa,6/19/62,6/14/87,1/1/99,Senior Staff
57957,Marla,Werthner,9/14/63,2/17/88,1/1/99,Senior Staff
57962,Phillip,Papadias,8/1/64,9/2/88,1/1/99,Engineer
57966,Arfst,Boguraev,3/9/64,7/15/93,1/1/99,Engineer
57970,Ipke,Georgatos,4/9/62,9/5/86,1/1/99,Senior Staff
57974,Yakichi,Hettesheimer,6/3/64,2/24/86,1/1/99,Senior Engineer
57984,Filipp,Broomell,5/7/62,8/25/87,1/1/99,Senior Staff
57987,Chikara,Schreiter,9/16/62,7/13/90,1/1/99,Assistant Engineer
57994,Hsiangchu,Apsitis,3/2/62,10/21/94,1/1/99,Staff
57995,Karlis,Polupanov,10/11/62,11/28/85,1/1/99,Assistant Engineer
58001,Percy,Trachtenberg,1/3/64,8/11/93,1/1/99,Engineer
58003,Duangkaew,Spataro,12/27/63,8/12/98,1/1/99,Senior Engineer
58028,Honesty,Keirsey,4/16/63,2/11/97,1/1/99,Senior Staff
58040,Mayumi,Swift,9/24/63,11/8/95,1/1/99,Senior Staff
58041,Shir,Chinal,9/1/63,6/1/85,1/1/99,Senior Engineer
58042,Xuedong,Bale,7/21/64,1/6/98,1/1/99,Engineer
58049,Teruyuki,Wuwongse,6/1/62,5/8/90,1/1/99,Technique Leader
58074,Aria,Dulin,12/30/62,11/13/90,1/1/99,Senior Engineer
58075,Niteen,Rosiles,2/21/62,9/16/88,1/1/99,Staff
58079,Guoxiang,Gini,5/16/64,4/3/91,1/1/99,Staff
58083,Khaled,Tsunoo,6/15/63,3/28/93,1/1/99,Senior Engineer
58085,Danel,Ladret,9/22/63,4/18/85,1/1/99,Senior Staff
58091,Reuven,Erbe,8/11/63,1/20/99,1/1/99,Senior Staff
58092,LiMin,Rabehasaina,12/3/63,8/25/00,1/1/99,Engineer
58093,Taegyun,Ravishankar,8/26/64,9/8/91,1/1/99,Senior Engineer
58097,Arlette,Marletta,9/7/64,2/7/97,1/1/99,Senior Engineer
58101,Kellie,Velardi,7/13/63,4/7/87,1/1/99,Senior Engineer
58110,Jaana,Krzyzanowski,12/9/64,12/17/95,1/1/99,Staff
58116,Gritta,Moehrke,7/5/62,3/21/89,1/1/99,Engineer
58128,Adas,Mandell,7/27/63,7/1/92,1/1/99,Staff
58131,Prasadram,Conta,9/8/62,1/9/91,1/1/99,Staff
58141,Bezalel,Karner,1/5/65,9/27/94,1/1/99,Staff
58144,Moon,Bazzichi,3/3/64,7/16/85,1/1/99,Engineer
58147,Shigenori,Sullins,1/9/65,2/24/88,1/1/99,Senior Staff
58163,Paraskevi,Krogh,10/13/64,5/27/96,1/1/99,Engineer
58170,Geraldo,Chelton,11/12/63,11/9/99,1/1/99,Senior Staff
58172,Jingling,Ghelli,1/7/64,2/12/92,1/1/99,Staff
58176,Naraig,Hockney,6/2/62,5/10/91,1/1/99,Staff
58188,Sadegh,Brendel,5/21/64,1/19/00,1/1/99,Staff
58193,Kerhong,Narlikar,1/28/64,12/22/86,1/1/99,Senior Engineer
58198,Przemyslawa,Oppitz,2/16/64,2/7/98,1/1/99,Senior Staff
58205,Yuchang,Adachi,5/23/63,4/8/87,1/1/99,Staff
58207,Collette,Aingworth,6/5/62,3/28/93,1/1/99,Senior Engineer
58212,Yurii,Himler,2/21/64,8/22/86,1/1/99,Engineer
58221,Bernardo,McFarlin,6/18/62,1/16/93,1/1/99,Senior Engineer
58244,Mohd,Androutsos,10/6/64,12/17/86,1/1/99,Senior Staff
58248,Menkae,Krzyzanowski,6/8/64,2/11/85,1/1/99,Senior Engineer
58250,Duangkaew,Veeraraghavan,8/1/62,5/30/90,1/1/99,Engineer
58258,Hatem,Stroustrup,2/12/63,3/10/91,1/1/99,Engineer
58268,Manu,Shokrollahi,8/2/64,10/5/91,1/1/99,Engineer
58272,Lidong,Brender,7/23/62,6/29/86,1/1/99,Engineer
58288,Muzhong,Doering,9/12/62,7/15/94,1/1/99,Senior Staff
58289,Stella,Itzfeldt,4/11/64,10/5/93,1/1/99,Senior Staff
58290,Lucien,Picco,2/16/64,9/9/92,1/1/99,Engineer
58293,Nahum,Weedman,9/7/62,2/3/85,1/1/99,Senior Engineer
58294,Jordanka,Rajala,8/20/64,9/28/86,1/1/99,Staff
58295,Stabislas,Pena,6/20/64,5/16/94,1/1/99,Senior Staff
58303,Pantung,Emden,9/29/62,10/28/94,1/1/99,Senior Staff
58305,Fuqing,Schmiedel,4/29/62,12/15/90,1/1/99,Senior Staff
58309,Kasturi,Kuhnemann,10/8/62,1/23/99,1/1/99,Senior Engineer
58313,Ronghao,Engelmann,3/27/64,1/22/00,1/1/99,Engineer
58315,Jiafu,Leonhardt,9/3/64,2/20/97,1/1/99,Senior Engineer
58322,Arie,Coombs,11/21/64,1/29/93,1/1/99,Senior Engineer
58326,Gita,Denna,2/12/62,7/5/85,1/1/99,Engineer
58348,Geraldo,Furedi,12/30/63,7/13/99,1/1/99,Staff
58350,Shichao,Ullian,1/23/62,5/15/95,1/1/99,Senior Staff
58355,Mitsuyuki,Bellmore,5/30/63,7/30/85,1/1/99,Engineer
58360,Masoud,Mungall,5/4/63,9/16/92,1/1/99,Senior Staff
58365,Sashi,Lorho,12/16/64,5/9/87,1/1/99,Staff
58367,Mark,Goldhammer,9/15/64,9/29/93,1/1/99,Senior Engineer
58373,Jouni,Chvatal,5/23/64,3/21/87,1/1/99,Senior Engineer
58384,Mariusz,Vural,1/22/65,11/14/93,1/1/99,Engineer
58386,Brendon,Weedman,9/25/64,2/14/86,1/1/99,Assistant Engineer
58394,Shaw,Auria,3/10/62,10/27/89,1/1/99,Engineer
58402,Stabislas,Monarch,8/10/64,5/5/92,1/1/99,Engineer
58421,Sanjay,Vickson,11/16/62,6/19/89,1/1/99,Senior Staff
58431,Yolla,Lorin,7/22/62,4/5/97,1/1/99,Staff
58433,Sastry,Schwartzbauer,12/20/63,2/17/85,1/1/99,Engineer
58441,Shmuel,Anger,11/29/64,1/8/89,1/1/99,Senior Staff
58442,Guiseppe,Kamber,9/23/63,9/23/85,1/1/99,Staff
58448,Jaber,Bernardeschi,4/22/62,10/5/87,1/1/99,Technique Leader
58450,Stepehn,Taubenfeld,11/9/64,10/18/01,1/1/99,Staff
58454,Ziya,Zambonelli,1/25/65,6/29/99,1/1/99,Engineer
58465,Zhanqiu,Bernini,8/13/63,1/22/97,1/1/99,Senior Engineer
58474,Satyanarayana,Yemenis,6/29/62,2/1/92,1/1/99,Engineer
58484,Heon,Zeidenstein,9/23/63,7/15/86,1/1/99,Engineer
58488,Munir,Lagarias,8/30/63,1/29/00,1/1/99,Engineer
58494,Uwe,Kambil,5/31/64,12/30/90,1/1/99,Senior Engineer
58497,Yechiam,Cairo,1/22/65,10/21/00,1/1/99,Senior Staff
58498,Matt,Janetzko,5/16/63,12/7/98,1/1/99,Senior Staff
58504,Ortrud,Pileggi,11/23/64,12/4/88,1/1/99,Senior Engineer
58506,Takahiro,Murthy,6/29/64,10/21/92,1/1/99,Engineer
58512,Odysseas,Msuda,8/10/64,9/8/97,1/1/99,Staff
58521,Matk,Rodiger,5/6/63,8/18/91,1/1/99,Senior Staff
58540,Sadun,Shihab,9/14/64,5/23/92,1/1/99,Senior Engineer
58556,Marlo,Soicher,1/9/62,11/1/98,1/1/99,Staff
58561,Kazuhiko,Michaeli,12/24/64,9/19/93,1/1/99,Senior Staff
58565,Marl,Lubachevsky,12/2/62,11/26/95,1/1/99,Staff
58568,Mansur,Kowalchuk,12/29/64,10/15/86,1/1/99,Engineer
58577,Huan,Brodie,7/15/62,9/2/95,1/1/99,Senior Engineer
58581,Francesca,Mitina,4/11/64,10/6/91,1/1/99,Senior Staff
58596,Basil,Bouloucos,5/3/64,1/23/89,1/1/99,Senior Engineer
58600,Gen,Pews,12/16/62,4/2/89,1/1/99,Senior Staff
58605,Muzhong,Khamsi,9/2/62,12/13/95,1/1/99,Staff
58611,Sastry,Ranka,3/24/63,10/21/92,1/1/99,Technique Leader
58617,Miquel,Perz,2/21/64,4/3/89,1/1/99,Engineer
58623,Kazuhito,Terkki,9/6/62,2/6/99,1/1/99,Engineer
58629,Aruna,Schonegge,6/28/64,2/27/99,1/1/99,Staff
58630,Gio,Reeken,12/20/62,11/6/95,1/1/99,Senior Staff
58631,Aiichiro,Katzenelson,7/19/62,9/4/92,1/1/99,Engineer
58633,Ashish,Stifter,8/10/64,9/21/91,1/1/99,Senior Engineer
58645,Arvin,Vadhan,4/5/63,10/9/98,1/1/99,Engineer
58652,Foong,Guting,4/20/63,2/20/85,1/1/99,Senior Staff
58660,Taiji,Loncour,2/3/64,4/25/86,1/1/99,Senior Staff
58661,Juyoung,Heuter,11/29/63,7/14/92,1/1/99,Senior Engineer
58662,Yahiko,Erdi,2/7/64,4/8/86,1/1/99,Senior Engineer
58668,Martine,Velasco,3/17/62,9/28/91,1/1/99,Engineer
58674,Mabry,Kropp,8/6/62,4/18/85,1/1/99,Senior Engineer
58675,Vojin,Etalle,11/12/63,12/8/95,1/1/99,Engineer
58681,Makato,Azumi,9/11/64,9/9/88,1/1/99,Engineer
58683,Gilbert,Krogh,4/18/64,10/12/86,1/1/99,Engineer
58688,Miquel,Kropatsch,9/15/62,2/17/87,1/1/99,Senior Engineer
58693,Ramya,Kugler,11/21/62,10/2/95,1/1/99,Senior Staff
58695,Gift,Saoudi,1/21/62,2/18/89,1/1/99,Senior Engineer
58698,Janche,Wursthorn,7/31/64,7/22/91,1/1/99,Senior Engineer
58717,Gou,Burnard,5/23/62,12/19/89,1/1/99,Senior Staff
58720,Alagu,Leivant,8/7/64,1/23/99,1/1/99,Engineer
58721,Sashi,Wegerle,4/14/63,6/30/00,1/1/99,Engineer
58724,Jiong,Giaccio,2/19/63,11/29/87,1/1/99,Senior Staff
58726,Boaz,Litzkow,11/3/64,8/28/85,1/1/99,Staff
58729,Shridhar,Lamba,7/12/62,10/20/95,1/1/99,Staff
58730,Jeanne,Luit,12/2/62,7/22/90,1/1/99,Senior Engineer
58732,Kwangsub,Mondadori,5/13/62,2/24/01,1/1/99,Senior Staff
58733,Conor,Spataro,6/26/64,11/13/94,1/1/99,Senior Staff
58742,Billur,Arlazarov,7/8/62,6/25/93,1/1/99,Senior Staff
58744,Gift,Serna,5/13/63,5/6/88,1/1/99,Senior Engineer
58760,Saniya,Vingron,3/22/63,4/15/87,1/1/99,Senior Staff
58761,Ekawit,Brookner,11/1/62,5/19/97,1/1/99,Staff
58763,Rasikan,Gopalakrishnan,12/12/63,9/30/92,1/1/99,Senior Staff
58764,Alenka,Berztiss,5/12/63,10/30/86,1/1/99,Senior Engineer
58774,Djelloul,Benaini,5/5/63,8/17/93,1/1/99,Senior Engineer
58783,Udi,Morton,1/9/64,11/21/87,1/1/99,Senior Engineer
58784,Brendon,Nooteboom,12/16/62,9/7/94,1/1/99,Staff
58785,Leif,Welham,12/18/63,4/2/92,1/1/99,Senior Staff
58793,Kellie,Tetzlaff,9/2/63,5/3/93,1/1/99,Engineer
58798,Teunis,Garnier,4/12/63,4/3/96,1/1/99,Senior Engineer
58800,Anyuan,Mungall,7/6/63,11/7/01,1/1/99,Staff
58803,Gil,Pleszkun,12/24/64,3/15/98,1/1/99,Senior Engineer
58813,DAIDA,Androutsos,7/28/62,6/21/89,1/1/99,Senior Staff
58816,Vasilii,Lambe,2/20/64,1/4/87,1/1/99,Technique Leader
58819,Gennady,Liesche,1/4/65,12/2/87,1/1/99,Senior Staff
58820,Danai,Randt,11/5/62,9/20/85,1/1/99,Senior Engineer
58821,Ekawit,Mungall,2/11/62,1/12/93,1/1/99,Senior Engineer
58828,Valeska,Munro,12/15/63,1/22/02,1/1/99,Senior Engineer
58846,Arumugam,Miara,12/22/62,6/30/91,1/1/99,Senior Engineer
58853,Greger,Irland,10/4/62,7/30/92,1/1/99,Senior Staff
58861,Jianhui,Goodrum,12/20/64,6/27/94,1/1/99,Staff
58868,Zhilian,Warwick,7/15/64,8/16/98,1/1/99,Engineer
58877,Lalit,Maginnis,10/10/63,11/12/94,1/1/99,Senior Staff
58888,Dharmaraja,Luce,1/18/63,8/19/86,1/1/99,Senior Staff
58893,Khedija,Yamaashi,6/29/64,12/29/98,1/1/99,Assistant Engineer
58896,Sreenivas,Grandbois,3/9/62,8/14/90,1/1/99,Senior Engineer
58906,Xumin,Passafiume,12/11/64,12/29/94,1/1/99,Staff
58907,Petter,Pettit,4/22/62,7/31/86,1/1/99,Senior Engineer
58910,Ramzi,Savasere,7/5/64,3/17/98,1/1/99,Assistant Engineer
58917,Leon,Kragelund,5/5/63,7/6/85,1/1/99,Senior Staff
58918,Tremaine,Gecsei,12/4/64,5/24/86,1/1/99,Staff
58935,Adly,Welham,6/27/63,10/7/91,1/1/99,Senior Engineer
58936,Nikolaos,Cannata,10/6/64,12/10/95,1/1/99,Senior Staff
58937,Ferdinand,Plessier,11/7/62,2/12/97,1/1/99,Staff
58939,Khalil,Junot,9/18/62,11/14/00,1/1/99,Staff
58940,Uri,Xiaoshan,5/2/64,7/9/91,1/1/99,Senior Engineer
58944,Yahiko,Egerstedt,4/29/63,2/1/89,1/1/99,Engineer
58953,Nevin,Ranum,3/20/62,10/17/92,1/1/99,Engineer
58954,Arve,Boreale,5/25/64,2/14/90,1/1/99,Senior Engineer
58958,Kristin,Thebaut,3/25/64,8/30/93,1/1/99,Engineer
58962,Alassane,Herbst,1/29/62,6/30/98,1/1/99,Engineer
58963,Mani,Pashtan,10/1/62,8/22/92,1/1/99,Engineer
58964,Goa,Marsiglia,10/5/62,1/24/91,1/1/99,Technique Leader
58976,Sreenivas,Minakawa,7/26/62,7/31/87,1/1/99,Engineer
58982,Xiaoqiu,Petersohn,2/26/64,4/3/99,1/1/99,Technique Leader
58990,Palash,Trelles,1/4/65,11/18/98,1/1/99,Engineer
58997,Uriel,Taubenfeld,8/15/64,12/25/90,1/1/99,Senior Staff
58999,Yongqiao,Quittner,12/15/63,1/12/89,1/1/99,Senior Engineer
59008,Tuval,Veldwijk,9/30/62,8/4/86,1/1/99,Senior Staff
59033,Serenella,Waterhouse,12/27/62,4/9/96,1/1/99,Technique Leader
59038,Hauke,Rousseau,2/20/62,7/16/90,1/1/99,Technique Leader
59040,Hatsukazu,Vecchio,9/29/63,4/22/88,1/1/99,Staff
59041,Bingning,Veevers,6/7/64,10/20/93,1/1/99,Senior Staff
59044,Amalendu,Nitsch,11/29/62,10/22/96,1/1/99,Staff
59045,Freyja,Gien,3/31/64,5/26/85,1/1/99,Technique Leader
59048,Leandro,Terekhov,12/13/63,12/3/01,1/1/99,Senior Engineer
59053,Masami,Bala,4/4/62,8/10/85,1/1/99,Senior Staff
59059,Toshimo,Gargeya,2/28/63,10/13/95,1/1/99,Senior Engineer
59063,Teunis,Delgrange,8/11/62,1/9/86,1/1/99,Assistant Engineer
59077,Yuping,Strooper,4/18/64,12/16/88,1/1/99,Senior Staff
59085,Jacqueline,Maierhofer,4/12/62,2/23/92,1/1/99,Senior Staff
59100,Leszek,Cunliffe,12/7/62,5/3/95,1/1/99,Engineer
59103,Pranas,Zaiane,7/29/64,7/11/99,1/1/99,Staff
59106,Macha,Rubsam,10/31/62,1/1/98,1/1/99,Staff
59111,Takahiro,Shinomoto,6/26/63,10/9/91,1/1/99,Staff
59117,Akhilish,Kobuchi,3/11/64,2/18/86,1/1/99,Staff
59129,Masako,Detkin,10/9/62,5/27/89,1/1/99,Staff
59133,Lokesh,Pietracaprina,11/2/64,3/21/85,1/1/99,Senior Engineer
59144,Hugo,Siochi,5/11/62,3/23/99,1/1/99,Staff
59147,Jaewoo,Lanteri,8/29/62,9/2/94,1/1/99,Staff
59148,Xiaopeng,Schaar,8/24/62,9/6/95,1/1/99,Staff
59149,Hidefumi,Ishibashi,5/14/64,2/23/90,1/1/99,Staff
59150,Gully,Mersereau,12/9/63,2/8/00,1/1/99,Engineer
59159,Poorav,Sanella,6/26/62,10/23/85,1/1/99,Senior Engineer
59160,Arun,Salvesen,1/31/64,8/12/96,1/1/99,Staff
59167,Kazuhide,Paciorek,1/18/62,1/7/94,1/1/99,Staff
59170,Baocai,Rusterholz,12/5/63,6/25/95,1/1/99,Engineer
59173,Pranas,Maccarone,3/14/64,6/20/99,1/1/99,Staff
59177,Saniya,Biran,6/12/63,3/27/92,1/1/99,Staff
59181,Eberhardt,Diderrich,5/5/62,4/29/89,1/1/99,Senior Staff
59182,Susanne,Hockney,3/11/62,8/21/94,1/1/99,Senior Staff
59187,Jayesh,Srimani,12/2/63,6/13/96,1/1/99,Technique Leader
59188,Mats,Pargaonkar,2/9/62,1/7/97,1/1/99,Engineer
59191,Goh,Goodrum,11/30/64,5/11/99,1/1/99,Senior Engineer
59194,Willard,Vesna,10/7/63,10/22/93,1/1/99,Staff
59195,Ronnie,Pollock,1/8/65,6/19/90,1/1/99,Technique Leader
59196,Atreye,Nishimukai,3/12/64,5/18/95,1/1/99,Senior Engineer
59204,Yannik,Minakawa,4/1/63,1/13/90,1/1/99,Staff
59214,Hitomi,Eiter,1/16/64,12/3/90,1/1/99,Senior Staff
59220,Youngkon,Ramsay,10/17/63,10/15/90,1/1/99,Assistant Engineer
59233,Yuriy,Claffy,6/6/63,4/1/86,1/1/99,Senior Engineer
59234,Vesna,Prochazka,4/25/62,10/26/93,1/1/99,Assistant Engineer
59243,Kazuhira,Curless,6/13/64,9/10/88,1/1/99,Senior Engineer
59246,Sumali,Fujisaki,11/7/62,5/6/90,1/1/99,Senior Engineer
59255,Yuping,Barvinok,5/8/62,4/28/97,1/1/99,Engineer
59257,Subhrajyoti,Delaune,4/7/62,6/9/90,1/1/99,Senior Staff
59262,Changho,Luft,4/16/62,7/4/85,1/1/99,Engineer
59266,Kwun,Kaelbling,3/23/62,5/20/95,1/1/99,Engineer
59270,Guiseppe,Sommer,6/30/63,9/10/98,1/1/99,Staff
59282,Teiji,Garnick,12/22/64,3/28/87,1/1/99,Senior Staff
59303,Edwin,Ramalingam,3/16/63,10/15/92,1/1/99,Engineer
59316,Hausi,Akazan,3/12/63,7/19/97,1/1/99,Engineer
59327,Serif,Hoogerwoord,7/26/63,2/5/97,1/1/99,Senior Engineer
59332,Willard,Lienhardt,10/29/63,3/4/94,1/1/99,Engineer
59334,Steve,Takanami,2/10/62,7/6/97,1/1/99,Engineer
59336,Ortrun,Hennings,11/20/63,9/6/89,1/1/99,Senior Engineer
59345,Udi,Irland,2/24/62,3/7/91,1/1/99,Staff
59353,Pradeep,Kossowski,6/6/64,6/22/91,1/1/99,Senior Staff
59357,Mark,Barriga,7/6/64,12/5/86,1/1/99,Senior Engineer
59359,Serif,Pollock,12/27/64,8/31/89,1/1/99,Staff
59361,Shawna,Perez,4/29/64,2/24/98,1/1/99,Staff
59367,Bernd,Murtagh,7/8/64,11/28/94,1/1/99,Staff
59369,Hatem,Perry,10/14/62,1/22/99,1/1/99,Staff
59376,Sajjan,Hartvigsen,7/11/62,3/8/87,1/1/99,Senior Staff
59385,Wanqing,Rande,7/18/64,6/20/85,1/1/99,Engineer
59387,Sasan,Denna,5/16/62,11/28/94,1/1/99,Senior Engineer
59388,Shigeichiro,Gerteisen,12/1/62,1/2/90,1/1/99,Engineer
59398,Urs,Beidas,7/29/63,12/24/91,1/1/99,Senior Staff
59410,Neelam,Bahr,9/26/63,5/4/94,1/1/99,Senior Staff
59416,Uma,Tagansky,9/19/62,8/13/97,1/1/99,Engineer
59418,Mori,Molenkamp,4/27/63,7/25/97,1/1/99,Staff
59420,Bangqing,Bamford,2/4/63,7/31/88,1/1/99,Engineer
59428,Tse,Hofting,5/13/64,12/12/85,1/1/99,Engineer
59436,Xiahua,Flasterstein,11/19/64,11/4/98,1/1/99,Staff
59437,Zeljko,Kobuchi,11/2/64,11/8/87,1/1/99,Engineer
59442,Filipe,Bednarek,9/26/64,4/30/88,1/1/99,Senior Staff
59443,Vitaly,Cardazo,9/28/64,4/12/86,1/1/99,Senior Engineer
59445,Khedija,Iacovou,1/17/64,12/14/85,1/1/99,Senior Staff
59447,Falguni,Sudkamp,6/22/64,3/14/93,1/1/99,Assistant Engineer
59448,Xiaoheng,Albarhamtoshy,12/29/63,5/31/88,1/1/99,Staff
59449,Premsyl,Morrow,2/5/64,1/25/87,1/1/99,Senior Engineer
59455,Gennady,Constantine,3/12/63,8/14/85,1/1/99,Staff
59457,Gopalakrishnan,Raoux,5/28/64,1/23/96,1/1/99,Staff
59461,Josyula,Isard,10/8/62,4/20/87,1/1/99,Senior Staff
59467,Juichirou,Verspoor,6/3/63,5/7/93,1/1/99,Senior Staff
59476,Shay,Frijda,7/6/63,6/19/99,1/1/99,Assistant Engineer
59477,Kwangyoen,Raczkowsky,7/16/64,5/20/95,1/1/99,Senior Staff
59484,Turgut,Schiettecatte,4/13/63,9/3/92,1/1/99,Engineer
59487,Maria,Khalid,11/9/62,11/11/87,1/1/99,Staff
59492,Bowen,Schiettecatte,6/2/63,11/19/95,1/1/99,Staff
59497,IEEE,Czap,11/19/62,6/28/94,1/1/99,Technique Leader
59501,Renee,Lung,11/28/62,10/29/93,1/1/99,Senior Engineer
59504,Dzung,Nannarelli,3/30/62,11/15/91,1/1/99,Engineer
59511,Tadanori,Jayawardene,11/23/64,5/14/93,1/1/99,Senior Engineer
59519,Slavian,Georgatos,4/11/62,12/7/85,1/1/99,Engineer
59523,Kien,Rosiles,5/4/62,4/23/90,1/1/99,Engineer
59529,Garnet,Baik,11/16/62,11/15/95,1/1/99,Engineer
59533,Peternela,Uchoa,10/3/64,10/8/92,1/1/99,Senior Staff
59542,Takahito,Pehl,9/2/64,11/21/97,1/1/99,Engineer
59545,Denny,Chandrasekhar,10/6/62,7/10/93,1/1/99,Senior Engineer
59554,Gen,Gurbaxani,7/24/64,12/13/97,1/1/99,Senior Staff
59562,Izaskun,Kulisch,9/7/62,5/25/95,1/1/99,Staff
59571,Hatsukazu,Panangaden,2/2/63,12/31/90,1/1/99,Senior Engineer
59573,Angus,Lorie,1/12/64,12/13/98,1/1/99,Senior Staff
59583,Shietung,Gischer,1/5/62,3/2/98,1/1/99,Staff
59585,Josyula,Hashii,6/12/63,12/6/99,1/1/99,Engineer
59587,Przemyslawa,Peak,5/20/64,6/8/85,1/1/99,Senior Staff
59590,Chriss,Heusch,5/3/62,7/2/95,1/1/99,Senior Engineer
59596,Tsutomu,Hinsberger,4/12/63,8/3/89,1/1/99,Senior Staff
59597,Shigehito,Farrel,1/9/62,7/4/93,1/1/99,Engineer
59599,Hinrich,Undy,11/1/63,11/27/89,1/1/99,Engineer
59609,Chinya,Marquardt,7/19/63,12/29/97,1/1/99,Staff
59614,Leon,Dalphin,4/2/63,11/5/87,1/1/99,Senior Engineer
59615,Rosli,Beidas,9/29/62,10/30/98,1/1/99,Staff
59617,Stafford,Budinsky,12/21/62,10/20/93,1/1/99,Senior Staff
59624,Pranas,Kieras,9/23/64,1/18/93,1/1/99,Staff
59630,Christoper,Gruenwald,10/2/63,7/6/91,1/1/99,Staff
59632,Hausi,Manders,1/10/64,8/4/86,1/1/99,Staff
59637,Jongsuk,Michaels,10/29/63,3/6/98,1/1/99,Staff
59640,Zita,Hiltgen,1/18/65,1/26/99,1/1/99,Staff
59643,Eben,Cannard,6/9/62,9/21/85,1/1/99,Engineer
59644,Jolita,Cools,7/9/63,11/25/90,1/1/99,Senior Engineer
59646,Hyuckchul,Taubenfeld,11/12/62,5/7/95,1/1/99,Senior Engineer
59652,Ebbe,Guardalben,10/19/64,3/21/93,1/1/99,Staff
59655,Richard,Kakkar,1/16/64,12/22/93,1/1/99,Senior Staff
59656,Koldo,Nicolson,10/22/63,11/22/93,1/1/99,Technique Leader
59658,Nagui,Cincotta,11/3/63,5/25/87,1/1/99,Engineer
59660,Jaana,Mateescu,6/18/64,9/10/93,1/1/99,Engineer
59668,Shim,Murrill,2/24/64,9/22/85,1/1/99,Engineer
59669,Marlo,Heiserman,2/19/63,3/30/89,1/1/99,Engineer
59677,Xumin,Penz,7/17/62,8/12/96,1/1/99,Staff
59678,Mats,Felcyn,4/1/62,9/28/87,1/1/99,Engineer
59686,Eric,Zobel,7/17/63,6/14/93,1/1/99,Senior Engineer
59687,Richara,Lenart,9/14/62,10/24/86,1/1/99,Engineer
59693,Cedric,Penz,1/24/62,8/6/85,1/1/99,Senior Staff
59697,Mona,Hoppenstand,3/29/62,8/5/89,1/1/99,Senior Staff
59698,Christophe,Rodier,3/11/63,4/27/88,1/1/99,Engineer
59701,Heekeun,Passafiume,11/26/62,1/2/93,1/1/99,Senior Engineer
59702,Zissis,Basart,8/31/62,6/18/95,1/1/99,Technique Leader
59712,Xuejia,Duclos,4/12/64,2/20/94,1/1/99,Senior Engineer
59713,Howell,Nyrup,5/2/64,7/8/96,1/1/99,Engineer
59714,Francesca,Ressouche,4/22/64,1/12/98,1/1/99,Senior Engineer
59718,Kinh,Maraist,3/19/63,10/29/98,1/1/99,Senior Engineer
59729,Supot,Savasere,4/9/62,6/1/90,1/1/99,Technique Leader
59750,Mohd,Bala,7/6/63,9/20/99,1/1/99,Assistant Engineer
59753,Dung,Whitcomb,3/31/64,12/26/96,1/1/99,Engineer
59755,Taiji,Ibel,10/5/64,2/12/99,1/1/99,Staff
59762,Georg,Jiafu,1/15/63,11/14/98,1/1/99,Engineer
59765,Olivera,Pargas,5/21/62,12/12/92,1/1/99,Senior Engineer
59768,Yannik,Moehrke,2/19/63,7/13/98,1/1/99,Engineer
59780,Kish,Verhaegen,2/22/64,11/26/87,1/1/99,Senior Engineer
59781,Muneo,Waschkowski,5/29/63,4/8/86,1/1/99,Staff
59786,Gennadi,Swan,12/4/64,11/25/01,1/1/99,Engineer
59791,Mani,Brickell,10/23/64,3/29/94,1/1/99,Senior Engineer
59792,Fayez,Plesums,1/27/62,5/7/88,1/1/99,Staff
59795,Nadjib,Muhlberg,7/5/64,12/11/96,1/1/99,Assistant Engineer
59806,Avishai,Koyama,2/20/64,1/3/95,1/1/99,Staff
59810,Amalendu,Anido,3/9/64,11/9/97,1/1/99,Engineer
59816,Yagil,Provine,7/8/63,3/13/93,1/1/99,Senior Engineer
59827,Heping,Melton,2/7/64,3/15/97,1/1/99,Engineer
59830,Qunsheng,Thiria,12/3/63,11/5/87,1/1/99,Senior Staff
59831,Adel,Chartres,6/8/62,4/22/97,1/1/99,Senior Engineer
59846,Vasilii,Weiland,10/8/62,3/14/02,1/1/99,Senior Engineer
59858,Tristan,Aamodt,4/18/63,10/11/94,1/1/99,Assistant Engineer
59863,Dannz,Montresor,12/22/64,6/17/96,1/1/99,Senior Engineer
59869,Zsolt,Riefers,2/1/65,9/25/87,1/1/99,Senior Staff
59870,Geraldo,Anily,7/11/62,6/18/99,1/1/99,Assistant Engineer
59874,Khue,Lovengreen,7/14/64,5/2/92,1/1/99,Senior Staff
59875,Arup,Pargas,10/27/64,5/28/91,1/1/99,Staff
59877,Marie,Fetvedt,3/8/63,1/9/86,1/1/99,Engineer
59886,Alselm,Lindenbaum,8/16/62,11/25/94,1/1/99,Engineer
59894,Bouchung,Peral,7/13/62,2/3/97,1/1/99,Staff
59896,Chiradeep,Mellouli,11/29/62,12/10/92,1/1/99,Senior Staff
59903,Hatsukazu,Rabejac,3/15/63,3/28/89,1/1/99,Staff
59909,Shugo,Narlikar,1/17/63,4/12/93,1/1/99,Assistant Engineer
59912,Herb,Vieri,2/14/63,9/12/89,1/1/99,Senior Staff
59914,Mabry,Pleszkun,2/3/63,12/30/99,1/1/99,Engineer
59918,Tadahiro,Lindqvist,12/2/62,6/8/87,1/1/99,Senior Staff
59923,Brewster,Vitiello,5/4/63,7/9/98,1/1/99,Assistant Engineer
59924,Toshimori,Acton,3/18/63,6/21/99,1/1/99,Engineer
59934,Debatosh,Kusakabe,7/31/62,11/5/97,1/1/99,Engineer
59942,Ibibia,Baja,4/14/62,5/11/92,1/1/99,Staff
59951,Otmar,Frolund,2/7/64,2/7/87,1/1/99,Senior Staff
59962,Zorica,Kusakari,2/9/64,5/9/98,1/1/99,Engineer
59963,Odinaldo,Zuberek,8/1/64,9/24/00,1/1/99,Staff
59966,Steen,Salvesen,1/28/65,2/3/93,1/1/99,Technique Leader
59967,Michaela,Heemskerk,7/13/62,12/26/86,1/1/99,Engineer
59969,Xuejia,Mattern,9/13/64,1/28/88,1/1/99,Senior Staff
59979,Vatsa,Asrin,10/30/64,7/3/88,1/1/99,Senior Engineer
59983,Youngkon,Azevdeo,9/16/63,8/10/99,1/1/99,Staff
59985,Teunis,Gyorkos,7/3/64,2/22/95,1/1/99,Senior Staff
59987,Torsten,Conti,5/27/63,3/27/89,1/1/99,Senior Engineer
59990,Manibrata,Reistad,7/29/62,11/27/95,1/1/99,Senior Staff
60000,Heekeun,Emmart,1/16/65,9/23/95,1/1/99,Engineer
60006,Itzchak,Encarnacion,5/7/63,5/2/95,1/1/99,Staff
60007,Chanjung,Borovoy,4/6/62,8/17/88,1/1/99,Engineer
60014,Odinaldo,Ibel,3/14/64,1/20/93,1/1/99,Assistant Engineer
60017,Rosli,Henders,10/15/62,5/27/96,1/1/99,Engineer
60019,Pantung,Ranum,4/11/64,5/16/96,1/1/99,Assistant Engineer
60025,Arnould,Conde,8/12/63,1/15/89,1/1/99,Engineer
60030,Genki,Iisaka,8/2/64,9/15/97,1/1/99,Staff
60031,Avishai,Birrer,11/4/64,7/9/90,1/1/99,Engineer
60036,Tuval,Stifter,3/29/62,11/3/86,1/1/99,Senior Staff
60040,Muneo,Copas,2/6/63,9/3/93,1/1/99,Senior Staff
60047,Tetsurou,Kilgore,8/3/63,11/18/88,1/1/99,Engineer
60049,Berry,Baaleh,8/30/63,9/16/88,1/1/99,Senior Engineer
60051,Miyeon,Giarratana,9/13/63,2/8/95,1/1/99,Senior Staff
60054,Nalini,Haldar,3/14/63,7/10/97,1/1/99,Engineer
60055,Miyeon,Msuda,7/28/62,2/13/98,1/1/99,Staff
60057,Masato,Mungall,8/20/63,10/25/99,1/1/99,Senior Engineer
60063,Danil,Vieth,9/27/62,12/25/93,1/1/99,Senior Staff
60065,Berthier,Walstra,7/6/63,9/14/01,1/1/99,Staff
60069,Irena,Nilsson,10/19/62,12/6/88,1/1/99,Staff
60075,Angus,Levasseur,12/15/62,9/2/93,1/1/99,Engineer
60078,Barry,Sullins,11/24/64,8/7/93,1/1/99,Senior Engineer
60081,Berna,Kulisch,4/5/62,8/8/93,1/1/99,Senior Engineer
60085,Martine,Solovay,6/1/63,8/18/88,1/1/99,Senior Staff
60087,Lidong,McFarlan,8/7/62,3/18/88,1/1/99,Engineer
60091,Surveyors,Bade,2/1/65,4/11/90,1/1/99,Staff
60094,Zhiguo,Kroft,6/15/63,3/20/99,1/1/99,Engineer
60099,Gay,Serre,3/4/63,9/20/88,1/1/99,Staff
60105,Gio,Barbanera,8/11/64,5/19/99,1/1/99,Assistant Engineer
60110,Sasan,Tetzlaff,10/20/63,2/20/86,1/1/99,Senior Engineer
60114,Shan,Vidya,10/2/63,3/30/91,1/1/99,Senior Staff
60122,Roselyn,Serna,9/5/63,6/7/88,1/1/99,Senior Staff
60127,Tetsurou,Gecseg,6/27/64,9/21/94,1/1/99,Senior Engineer
60138,Baruch,Moehrke,11/9/64,1/4/90,1/1/99,Senior Engineer
60141,Bartek,Undy,6/15/63,8/30/90,1/1/99,Senior Staff
60142,Vincent,Roohalamini,9/3/64,12/9/99,1/1/99,Staff
60145,Shigeu,Reutenauer,6/7/64,7/28/89,1/1/99,Technique Leader
60149,Augustine,Pillow,3/3/64,8/14/94,1/1/99,Staff
60151,Subhada,Range,9/12/63,5/23/87,1/1/99,Technique Leader
60159,Yunming,Bergere,12/11/64,11/5/87,1/1/99,Senior Staff
60160,Masaru,Gladwell,5/3/62,12/15/88,1/1/99,Senior Staff
60167,Phuoc,Hettesheimer,2/26/64,12/9/95,1/1/99,Engineer
60176,Heon,Panwar,9/24/64,3/6/88,1/1/99,Senior Engineer
60177,Pranas,Cunliffe,7/31/64,12/18/98,1/1/99,Senior Engineer
60179,Greger,Crouzet,11/7/62,10/15/93,1/1/99,Engineer
60184,Miquel,Vakili,8/11/63,9/23/88,1/1/99,Senior Staff
60186,Marsal,Kitai,10/20/63,7/15/98,1/1/99,Assistant Engineer
60188,Padma,Erva,11/16/64,10/6/85,1/1/99,Engineer
60195,Sajjan,Munawer,11/8/62,9/14/90,1/1/99,Senior Engineer
60196,Yoshimitsu,Businaro,6/3/62,8/9/85,1/1/99,Staff
60206,JoAnne,Karunanithi,3/30/62,8/15/86,1/1/99,Senior Engineer
60213,Niclas,Benzaken,9/11/63,9/7/87,1/1/99,Senior Staff
60215,Sreenivas,Schwartzbauer,12/30/63,8/28/87,1/1/99,Senior Staff
60218,Shaowei,Cangellaris,10/12/64,10/10/98,1/1/99,Senior Staff
60220,Mahmut,Milicic,7/24/64,3/1/94,1/1/99,Assistant Engineer
60226,Moti,Mukaidono,4/28/62,7/12/91,1/1/99,Senior Engineer
60230,Naftali,Gecseg,12/20/62,1/4/86,1/1/99,Senior Staff
60234,Goncalo,Bultermann,8/9/64,1/31/88,1/1/99,Assistant Engineer
60235,Boriana,Bojadziev,8/15/63,8/18/86,1/1/99,Staff
60238,Erzsebet,Claffy,1/23/65,2/19/99,1/1/99,Staff
60241,Sarita,Naudin,7/12/62,8/16/91,1/1/99,Engineer
60244,Hyuckchul,Junet,1/4/63,5/27/89,1/1/99,Assistant Engineer
60249,Greger,Wendorf,8/2/64,1/12/94,1/1/99,Senior Staff
60252,Zhenbing,Gyorkos,8/12/63,4/29/90,1/1/99,Senior Engineer
60272,Aram,Mukaidono,1/6/62,10/22/92,1/1/99,Senior Engineer
60274,Zengping,Landherr,7/7/63,6/15/98,1/1/99,Senior Engineer
60282,Tsvetan,Boguraev,4/18/63,6/18/85,1/1/99,Senior Engineer
60289,Subhada,Horswill,2/17/63,9/23/92,1/1/99,Senior Engineer
60295,Dulce,Vanwelkenhuysen,7/12/64,6/6/89,1/1/99,Staff
60298,Weiru,Prenel,12/16/62,11/29/91,1/1/99,Technique Leader
60311,Houman,Ramsak,5/8/64,8/11/92,1/1/99,Senior Staff
60316,Maia,Welham,6/1/62,7/22/92,1/1/99,Senior Engineer
60319,Marla,Beetstra,7/28/63,1/4/99,1/1/99,Senior Engineer
60321,Pranay,Rikino,1/23/63,6/3/85,1/1/99,Staff
60328,Shugo,Strehl,7/12/63,6/10/97,1/1/99,Engineer
60329,Oldrich,Kaltofen,4/1/62,9/24/94,1/1/99,Engineer
60334,Chikara,Crooks,9/12/64,3/25/96,1/1/99,Senior Staff
60344,Siamak,Zockler,1/30/64,11/29/90,1/1/99,Technique Leader
60348,Chrisa,Narahari,7/18/64,7/11/89,1/1/99,Senior Staff
60361,Vitali,Vieri,10/24/62,2/1/93,1/1/99,Staff
60367,Toney,Chaudhuri,2/6/63,5/6/86,1/1/99,Technique Leader
60369,Goh,Halevi,5/9/63,2/25/89,1/1/99,Senior Staff
60387,Genta,Seuren,11/3/64,12/12/92,1/1/99,Staff
60390,Rayond,Junot,1/31/63,9/30/99,1/1/99,Staff
60392,Ibibia,Viele,2/24/62,8/19/85,1/1/99,Engineer
60394,Vasilis,Karnin,12/27/63,8/27/96,1/1/99,Senior Staff
60398,Maia,Swiss,9/15/63,8/10/96,1/1/99,Senior Staff
60401,Laurentiu,Randt,1/10/64,2/19/85,1/1/99,Senior Engineer
60406,Younwoo,Rosin,11/2/64,6/15/89,1/1/99,Senior Engineer
60413,Renny,Assaf,4/18/63,2/11/90,1/1/99,Staff
60415,Erzsebet,Baez,10/7/64,2/15/92,1/1/99,Senior Engineer
60422,Almudena,Rajala,12/2/63,7/6/87,1/1/99,Senior Staff
60431,Sashi,Piazza,12/25/62,9/24/89,1/1/99,Technique Leader
60433,Sachem,Zyda,4/12/64,6/8/97,1/1/99,Staff
60437,Flemming,Rohrbach,6/23/63,11/23/89,1/1/99,Senior Engineer
60443,Shichao,Beutelspacher,2/27/63,3/18/93,1/1/99,Staff
60448,Piyush,Irland,2/29/64,5/20/87,1/1/99,Senior Staff
60459,Honglan,Breugel,10/2/63,8/29/92,1/1/99,Senior Staff
60461,Duke,Lakshmanan,4/5/62,4/8/87,1/1/99,Staff
60466,Heng,Kropp,10/19/62,5/17/88,1/1/99,Senior Engineer
60484,Guoxiang,Barinka,11/17/64,8/25/99,1/1/99,Engineer
60485,Hinrich,Babb,7/4/62,5/3/95,1/1/99,Senior Staff
60491,Danae,Peyn,2/10/63,3/18/92,1/1/99,Senior Engineer
60498,Kauko,Vidal,7/18/63,5/11/92,1/1/99,Assistant Engineer
60499,Takahira,Zultner,9/22/63,5/25/89,1/1/99,Senior Staff
60500,Kazuhide,Muhling,6/17/63,8/26/93,1/1/99,Engineer
60506,Arve,Demian,10/24/64,3/26/96,1/1/99,Senior Engineer
60509,Mariangiola,Falco,7/4/64,8/1/98,1/1/99,Senior Staff
60531,Manohar,Karlin,4/15/62,5/30/95,1/1/99,Engineer
60546,Make,Ramsay,1/29/62,4/24/94,1/1/99,Technique Leader
60548,Baziley,Czap,12/17/63,3/6/94,1/1/99,Technique Leader
60549,Domenico,Varman,8/17/63,10/20/96,1/1/99,Engineer
60555,Kayoko,Aloisi,12/19/64,2/8/86,1/1/99,Senior Engineer
60556,Nechama,Remmers,1/5/64,2/19/99,1/1/99,Staff
60559,Jeanna,Stemann,1/19/65,8/29/88,1/1/99,Engineer
60561,Marit,Malinowski,2/10/62,5/27/01,1/1/99,Engineer
60562,Vasilis,Delaune,8/13/62,8/5/86,1/1/99,Senior Staff
60571,Huei,Pauthner,3/13/64,12/17/91,1/1/99,Engineer
60574,Vasiliy,Baak,6/1/62,5/16/91,1/1/99,Senior Engineer
60580,Aiichiro,Shihab,6/8/62,10/6/97,1/1/99,Staff
60584,Amalendu,Baik,7/18/62,3/16/98,1/1/99,Engineer
60591,Gill,Benzaken,11/13/63,6/12/86,1/1/99,Engineer
60593,Mahmut,Servieres,2/17/62,9/18/94,1/1/99,Assistant Engineer
60595,Flemming,Kamber,1/31/63,3/4/99,1/1/99,Engineer
60603,Shahid,Badache,5/12/64,12/20/89,1/1/99,Senior Staff
60604,Zengping,Grospietsch,1/17/62,9/16/91,1/1/99,Senior Staff
60609,Herb,Mansanne,10/17/62,1/7/93,1/1/99,Staff
60612,Serap,Ventosa,4/28/63,8/27/92,1/1/99,Staff
60614,Kish,Hooghiemstra,12/14/62,3/13/98,1/1/99,Engineer
60615,Guozhong,Pollacia,4/24/64,2/25/93,1/1/99,Staff
60618,Roddy,Brickell,4/29/62,11/22/90,1/1/99,Senior Engineer
60619,Keung,Luders,11/23/63,12/12/00,1/1/99,Engineer
60622,Hisao,McConalogue,9/2/62,6/20/93,1/1/99,Senior Staff
60635,Khue,Callaway,10/8/64,12/28/90,1/1/99,Senior Staff
60640,Ennio,Ohori,6/1/64,5/5/99,1/1/99,Senior Engineer
60651,Along,Velardi,3/21/62,3/9/93,1/1/99,Senior Staff
60657,Susanne,Ghelli,9/26/64,10/26/90,1/1/99,Technique Leader
60658,Nevio,Raney,8/9/62,8/21/97,1/1/99,Senior Staff
60662,Hiroyasu,Gustavson,9/1/64,6/10/91,1/1/99,Engineer
60667,Niclas,Dayana,4/18/64,12/31/01,1/1/99,Senior Engineer
60668,Tristan,Shihab,8/28/64,6/19/97,1/1/99,Staff
60672,Aram,Belinskaya,4/2/63,4/24/88,1/1/99,Engineer
60674,Dines,Khasidashvili,3/24/63,11/9/92,1/1/99,Staff
60684,Felicidad,Sadowski,6/29/62,12/18/94,1/1/99,Technique Leader
60685,Khedija,Ullian,8/30/63,8/19/93,1/1/99,Senior Engineer
60690,Gudjon,Taneja,7/26/63,7/11/97,1/1/99,Engineer
60694,Guangming,Rullman,3/27/63,1/7/91,1/1/99,Staff
60703,Murthy,Strandh,1/25/64,7/2/95,1/1/99,Staff
60704,Arch,Perri,11/5/63,1/28/97,1/1/99,Engineer
60706,Rasikan,Demizu,3/4/62,6/11/89,1/1/99,Engineer
60709,Tsutomu,Dusink,3/15/62,12/21/96,1/1/99,Staff
60721,Macha,Olano,10/2/64,11/24/98,1/1/99,Staff
60725,Ioana,Gils,5/11/64,2/18/92,1/1/99,Engineer
60726,Susanna,Heydon,6/1/62,11/9/95,1/1/99,Staff
60728,Jessie,Kalefeld,10/11/63,1/3/93,1/1/99,Senior Staff
60744,Marc,Laurillard,5/31/63,8/30/99,1/1/99,Senior Staff
60745,Roddy,Gischer,7/29/63,8/30/86,1/1/99,Senior Staff
60747,Mokhtar,Argence,1/2/63,6/22/94,1/1/99,Staff
60756,Clyde,Otillio,5/9/63,2/8/97,1/1/99,Senior Engineer
60758,Utpal,Schlenzig,11/11/62,6/17/87,1/1/99,Senior Engineer
60760,Vasilii,Riesenhuber,1/29/64,3/3/95,1/1/99,Senior Engineer
60771,Douadi,Vigier,3/12/63,4/7/89,1/1/99,Staff
60777,Taiji,Keirsey,4/25/64,2/20/98,1/1/99,Engineer
60783,Chriss,Mullainathan,2/23/62,10/26/88,1/1/99,Senior Engineer
60788,Valter,Reghbati,2/18/63,4/25/95,1/1/99,Senior Staff
60796,Uta,Gornas,7/17/64,11/25/90,1/1/99,Engineer
60800,Flemming,Grandbois,6/1/63,3/13/89,1/1/99,Senior Staff
60803,Kiyotoshi,Anger,6/14/63,10/18/97,1/1/99,Engineer
60809,Doohun,Rosti,6/1/63,12/24/89,1/1/99,Senior Staff
60811,Joydip,Eastman,2/9/62,10/1/96,1/1/99,Staff
60813,Shaowen,Garnham,7/4/64,10/29/88,1/1/99,Staff
60816,Zdislav,VanScheik,4/11/64,12/16/90,1/1/99,Engineer
60821,Moty,Mersereau,1/2/65,9/3/91,1/1/99,Senior Staff
60832,Yaghout,Baez,5/4/62,6/8/99,1/1/99,Staff
60835,Achilleas,Speer,1/22/63,2/4/86,1/1/99,Senior Engineer
60845,Bedir,Siegrist,1/14/65,5/13/97,1/1/99,Engineer
60854,Kristine,Menyhert,8/9/62,2/27/89,1/1/99,Engineer
60862,Wojceich,Chvatal,1/21/64,6/12/91,1/1/99,Engineer
60875,Rildo,Masaki,1/21/65,1/14/90,1/1/99,Engineer
60876,Sanjiv,Itzigehl,5/19/64,2/2/90,1/1/99,Engineer
60878,Gadiel,Zambonelli,8/31/63,6/2/97,1/1/99,Staff
60886,Guadalupe,Azumi,3/26/62,7/18/97,1/1/99,Staff
60895,Sanjit,Remmele,7/15/64,12/25/98,1/1/99,Engineer
60908,Stevo,Montemayor,2/18/63,3/27/88,1/1/99,Engineer
60917,Franziska,Narlikar,4/10/64,8/29/97,1/1/99,Senior Engineer
60924,Mohamadou,Oxenboll,3/19/64,7/22/99,1/1/99,Senior Staff
60925,Maja,Georgakopoulos,6/28/64,8/27/87,1/1/99,Technique Leader
60927,Mack,Chvatal,11/3/64,4/18/98,1/1/99,Senior Staff
60931,Frederique,Pintelas,4/9/64,8/31/89,1/1/99,Senior Engineer
60942,Fabrizio,Morton,1/9/62,9/5/89,1/1/99,Engineer
60943,Valdiodio,Luck,4/4/64,1/7/99,1/1/99,Senior Staff
60949,Kristinn,Salinas,2/8/62,6/28/96,1/1/99,Senior Staff
60957,Janche,Thorensen,1/5/63,6/8/90,1/1/99,Senior Staff
60959,Tetsushi,Sridhar,1/9/65,10/19/89,1/1/99,Staff
60970,Khatoun,Ferretti,3/22/63,12/27/85,1/1/99,Senior Staff
60974,Oldrich,Rassart,11/14/64,10/20/99,1/1/99,Engineer
60975,Bingning,Yetto,10/7/64,11/13/85,1/1/99,Staff
60978,Taizo,Paciorek,8/6/64,3/4/87,1/1/99,Staff
60982,Houman,Kruskal,3/13/63,1/3/99,1/1/99,Staff
60983,Menkae,England,3/12/64,7/1/93,1/1/99,Technique Leader
60993,Junichi,Cappelli,1/5/63,5/19/88,1/1/99,Senior Engineer
60994,Tristan,Uludag,2/22/64,4/12/87,1/1/99,Senior Engineer
60995,Munir,Maginnis,5/12/62,1/21/97,1/1/99,Senior Engineer
61004,Mountaz,Alameldin,12/29/64,7/5/90,1/1/99,Engineer
61007,Lijia,Strehl,8/7/63,8/7/96,1/1/99,Staff
61011,Kellyn,Miyakawa,9/28/64,6/7/96,1/1/99,Senior Engineer
61014,Shahab,Lung,4/9/63,5/30/85,1/1/99,Senior Engineer
61023,Mikhail,Whitcomb,12/11/63,12/1/92,1/1/99,Staff
61024,Reinhold,Osgood,6/3/63,3/16/98,1/1/99,Staff
61029,Lenore,dAstous,8/28/62,5/6/95,1/1/99,Staff
61031,Kayoko,Bakhtari,11/21/64,4/22/96,1/1/99,Senior Staff
61050,Dmitry,McAffer,5/23/64,4/27/91,1/1/99,Staff
61051,Giao,Tibblin,4/13/62,7/4/95,1/1/99,Senior Engineer
61058,Xinglin,Lakshmanan,12/5/64,6/8/88,1/1/99,Senior Staff
61061,Shem,Strehl,4/1/63,2/16/97,1/1/99,Senior Engineer
61066,Haldun,Ranum,6/7/62,4/21/91,1/1/99,Senior Staff
61068,Dinkar,Ambroszkiewicz,2/11/62,4/23/90,1/1/99,Senior Staff
61070,Girolamo,Alpay,1/2/63,10/8/90,1/1/99,Senior Staff
61074,Aemilian,Honglei,3/4/62,9/20/90,1/1/99,Engineer
61075,Basem,Kambil,6/20/64,4/18/98,1/1/99,Staff
61081,Goetz,Baca,10/15/62,5/30/93,1/1/99,Senior Engineer
61082,Kristof,Salinas,9/6/62,12/10/86,1/1/99,Senior Staff
61084,Siddarth,Ramamoorthy,11/11/64,7/29/94,1/1/99,Staff
61094,Shirish,Swift,8/27/63,4/19/99,1/1/99,Engineer
61099,Marsha,Jiang,1/13/62,10/27/93,1/1/99,Engineer
61105,Shih,Birsak,4/9/64,9/21/92,1/1/99,Senior Engineer
61115,Chenyi,Kamble,12/10/62,12/9/94,1/1/99,Staff
61133,Sachar,Schaad,3/22/64,2/28/94,1/1/99,Engineer
61138,Gay,Cools,6/8/63,2/19/00,1/1/99,Engineer
61141,Kazuhiko,Meriste,1/10/63,12/24/99,1/1/99,Technique Leader
61145,Naftali,Senzako,1/8/64,12/29/96,1/1/99,Staff
61147,Leszek,Werthner,1/30/65,3/3/99,1/1/99,Staff
61152,Ulises,Szemeredi,6/29/62,4/22/89,1/1/99,Staff
61154,Gila,Coors,2/18/62,11/19/85,1/1/99,Senior Engineer
61162,Sverrir,Buchter,2/6/63,1/26/96,1/1/99,Engineer
61164,Magdalena,Chaudhuri,6/18/64,4/30/97,1/1/99,Engineer
61169,Khaled,Mandell,7/20/62,11/29/92,1/1/99,Senior Engineer
61172,Hairong,Rande,4/23/63,11/26/87,1/1/99,Senior Engineer
61173,Xiping,Simmen,10/5/62,10/31/98,1/1/99,Staff
61176,Kendra,Suomi,9/7/63,1/27/88,1/1/99,Senior Staff
61182,Arfst,Wynblatt,4/5/62,7/25/91,1/1/99,Engineer
61195,Odinaldo,Lakshmanan,1/12/62,4/2/92,1/1/99,Senior Staff
61201,Jiang,Chepyzhov,8/20/64,10/9/89,1/1/99,Senior Staff
61212,Berni,Stassinopoulos,9/19/64,6/25/89,1/1/99,Staff
61216,Francoise,Swen,4/26/63,7/15/89,1/1/99,Senior Engineer
61222,Renny,Eterovic,3/26/63,1/2/99,1/1/99,Staff
61223,Tomokazu,Zeidenstein,11/3/63,12/24/99,1/1/99,Staff
61225,Pranay,Hofmeyr,11/20/64,6/5/96,1/1/99,Engineer
61227,Muneo,Foote,10/17/64,12/31/87,1/1/99,Senior Staff
61230,Marl,Landherr,1/25/62,10/4/91,1/1/99,Engineer
61237,Shmuel,Cronin,8/14/64,3/13/90,1/1/99,Senior Staff
61246,Zhonghui,Vesel,8/19/63,5/3/88,1/1/99,Senior Engineer
61247,Alexius,Cmelik,12/14/64,1/20/97,1/1/99,Senior Staff
61248,Bader,Leuchs,5/19/63,8/16/95,1/1/99,Engineer
61251,Chikako,Szilard,12/13/63,5/12/94,1/1/99,Engineer
61253,Cheong,Uhrik,1/9/65,5/9/02,1/1/99,Senior Engineer
61262,Zeljko,Merkl,5/10/64,6/30/98,1/1/99,Assistant Engineer
61276,Heping,Basawa,5/10/63,6/2/92,1/1/99,Engineer
61279,Domenick,Ritcey,12/21/64,9/17/86,1/1/99,Staff
61286,Yoshinari,Navazio,10/16/63,12/21/93,1/1/99,Senior Engineer
61298,Katsuo,Setlzner,9/14/63,1/7/92,1/1/99,Senior Engineer
61299,Adas,Hasham,12/21/63,11/22/87,1/1/99,Senior Engineer
61302,Toong,Aloia,5/4/63,3/21/87,1/1/99,Staff
61304,Dipayan,Manderick,7/17/62,8/19/87,1/1/99,Staff
61311,Gal,Riefers,3/25/64,8/12/94,1/1/99,Engineer
61325,Sachar,Ballarin,2/8/64,12/1/87,1/1/99,Senior Staff
61335,Xuedong,Plotkin,6/20/62,12/11/89,1/1/99,Senior Engineer
61349,Supot,Schade,4/11/64,10/10/90,1/1/99,Senior Engineer
61351,Baocai,Ullian,7/6/62,4/14/97,1/1/99,Staff
61355,Bader,Jeansoulin,10/5/63,4/6/97,1/1/99,Staff
61361,Dipankar,Kawashimo,1/9/62,9/1/93,1/1/99,Assistant Engineer
61377,Dannz,Ohori,1/1/65,4/13/97,1/1/99,Staff
61379,Jaihie,Morrow,6/1/63,7/14/94,1/1/99,Staff
61381,Hironoby,Winter,8/7/63,9/5/85,1/1/99,Engineer
61385,Xinan,Xiaoshan,6/22/64,2/22/88,1/1/99,Staff
61388,Yuchang,Gunderson,1/17/63,10/29/98,1/1/99,Engineer
61391,Sariel,Lienhardt,12/26/63,12/12/95,1/1/99,Engineer
61393,Gadiel,Krychniak,9/5/63,2/20/86,1/1/99,Senior Engineer
61397,Ziyad,Azevdeo,10/13/63,4/25/88,1/1/99,Assistant Engineer
61400,Sverrir,Douceur,4/22/62,5/28/86,1/1/99,Senior Engineer
61401,Tadahiro,Lakshmanan,11/15/62,6/7/93,1/1/99,Staff
61405,Huican,Gire,5/11/64,12/14/86,1/1/99,Engineer
61406,Niclas,Anguita,6/28/62,5/31/92,1/1/99,Senior Engineer
61407,Mooi,Kohling,3/26/63,9/26/94,1/1/99,Assistant Engineer
61408,Houman,Ranta,7/9/64,8/25/87,1/1/99,Staff
61409,Padma,Aseltine,12/25/63,5/27/93,1/1/99,Engineer
61412,Hidde,Molenkamp,6/17/64,1/4/98,1/1/99,Staff
61417,Prodip,Masamoto,7/29/64,3/22/93,1/1/99,Engineer
61422,Ramya,Cappelletti,5/22/62,7/28/98,1/1/99,Engineer
61429,Shaz,McFarlin,7/31/63,6/7/89,1/1/99,Senior Staff
61430,Sedat,Lanteri,11/5/64,8/17/93,1/1/99,Senior Staff
61443,Kwun,Heystek,7/7/62,3/17/88,1/1/99,Senior Staff
61452,Mitsuyuki,Fortenbacher,11/23/64,2/14/96,1/1/99,Engineer
61461,Sumali,Porenta,7/10/63,2/6/93,1/1/99,Senior Staff
61464,Zejun,Dengi,2/12/63,10/10/97,1/1/99,Staff
61466,Claudi,Kaminger,8/9/62,2/7/89,1/1/99,Engineer
61467,Jiafu,Buescher,11/12/62,4/15/92,1/1/99,Senior Staff
61470,Sergi,Bultermann,3/4/63,3/28/88,1/1/99,Staff
61474,Oscal,Kusalik,1/26/62,11/26/85,1/1/99,Senior Staff
61477,Jenwei,Aamodt,1/21/63,8/14/88,1/1/99,Engineer
61498,Shaowen,Schrooten,5/19/62,11/28/99,1/1/99,Engineer
61502,Nathan,Wegerle,9/2/64,3/27/01,1/1/99,Senior Staff
61523,Jiann,Matzke,7/17/64,4/2/89,1/1/99,Senior Staff
61525,Yunming,Schach,5/10/64,2/2/96,1/1/99,Staff
61527,Mani,Jervis,6/19/64,8/21/88,1/1/99,Senior Engineer
61529,Akemi,Matzen,6/22/64,2/3/95,1/1/99,Staff
61530,Danil,Peac,3/13/62,9/4/85,1/1/99,Engineer
61532,Kristof,Thebaut,7/14/63,12/6/97,1/1/99,Engineer
61541,Kasidit,Papsdorf,1/8/65,8/17/93,1/1/99,Engineer
61542,Theron,Dahlbom,11/7/63,3/19/97,1/1/99,Staff
61545,Baziley,Anick,2/22/63,1/21/97,1/1/99,Engineer
61551,Demos,Tomescu,3/23/62,6/15/93,1/1/99,Staff
61558,Xudong,Marciano,10/16/64,8/22/97,1/1/99,Senior Engineer
61566,Billie,Pews,1/3/63,4/20/87,1/1/99,Staff
61572,Christoph,Prenel,11/3/63,5/20/97,1/1/99,Staff
61573,Miomir,Emiris,2/11/64,11/5/92,1/1/99,Technique Leader
61575,Kazuhito,Strooper,9/3/62,9/26/98,1/1/99,Staff
61581,Shigenori,Lalonde,10/19/64,11/27/97,1/1/99,Engineer
61582,Lorien,Bauknecht,12/31/63,4/18/97,1/1/99,Senior Staff
61585,Tooru,Famili,6/6/63,3/26/92,1/1/99,Engineer
61596,Krisda,Hofman,2/27/63,9/14/96,1/1/99,Staff
61605,Weiwu,Loncour,1/11/64,10/12/98,1/1/99,Staff
61608,Chaosheng,Jeong,7/22/64,10/16/90,1/1/99,Senior Staff
61616,Abdelghani,Picci,7/16/64,3/12/87,1/1/99,Engineer
61633,Tru,Anandan,1/16/63,7/28/92,1/1/99,Senior Engineer
61637,Chirstian,Chappelet,6/17/64,7/14/88,1/1/99,Senior Staff
61639,Sham,Murtha,5/1/64,11/12/94,1/1/99,Senior Engineer
61645,Ibibia,Ciolek,7/20/62,5/31/88,1/1/99,Senior Engineer
61649,Hongzue,Pelc,8/18/62,1/31/00,1/1/99,Engineer
61651,Mokhtar,Schaad,8/22/63,7/2/87,1/1/99,Engineer
61656,Margareta,Melter,6/30/62,7/19/97,1/1/99,Staff
61664,Shirish,Schusler,4/20/63,2/3/92,1/1/99,Staff
61671,Vojin,Boissier,7/15/64,5/3/96,1/1/99,Staff
61681,Rosalie,Hinsberger,3/30/62,3/23/90,1/1/99,Technique Leader
61690,Vasiliy,Fairtlough,2/25/64,5/27/95,1/1/99,Senior Staff
61694,Tesuya,Quadeer,11/24/62,8/19/86,1/1/99,Senior Staff
61697,Miquel,Hoppenstand,12/15/63,9/3/92,1/1/99,Senior Staff
61707,Jacopo,Granlund,8/9/64,9/22/99,1/1/99,Senior Engineer
61713,Chanjung,Himler,8/5/62,9/24/97,1/1/99,Staff
61719,Genevieve,Penttonen,4/23/62,12/5/01,1/1/99,Staff
61727,Elliott,Kumaresan,10/24/62,4/21/87,1/1/99,Staff
61728,Tiina,Horswill,10/12/62,11/4/98,1/1/99,Engineer
61746,Mandell,Raney,7/26/63,2/26/95,1/1/99,Engineer
61747,Toong,Butterworth,2/26/63,8/8/98,1/1/99,Senior Staff
61748,Fabrizio,Mundy,5/5/64,9/6/85,1/1/99,Senior Engineer
61754,Otmar,Negoita,3/11/64,4/17/93,1/1/99,Staff
61756,Bernice,Lally,12/24/63,2/18/87,1/1/99,Senior Engineer
61766,Shirish,Plessier,11/25/62,10/28/89,1/1/99,Engineer
61770,Yannik,Streit,4/5/64,1/30/01,1/1/99,Senior Staff
61771,Fumiyo,DeMori,11/29/62,4/28/93,1/1/99,Engineer
61775,Lalit,Slobodova,5/9/63,4/28/88,1/1/99,Staff
61797,Gonzalo,Kopetz,4/1/63,2/4/95,1/1/99,Senior Staff
61800,Arie,Millington,6/12/62,10/10/91,1/1/99,Staff
61804,Yakichi,Hiroyama,9/30/63,8/10/88,1/1/99,Senior Engineer
61812,Kokou,Lorcy,3/11/64,2/13/93,1/1/99,Engineer
61816,Aleksandar,Rebaine,10/5/64,3/13/98,1/1/99,Staff
61820,Mara,Bouloucos,1/19/64,5/27/89,1/1/99,Engineer
61822,Xiaocheng,Luby,2/11/63,8/9/92,1/1/99,Senior Staff
61850,Magy,Feinberg,12/24/63,2/5/01,1/1/99,Engineer
61851,King,Manders,3/2/64,11/30/95,1/1/99,Engineer
61853,Shin,Matzke,11/26/62,4/1/98,1/1/99,Staff
61855,Mayuko,Vitiello,2/18/63,7/31/99,1/1/99,Engineer
61865,Jouni,Alblas,4/29/62,6/10/89,1/1/99,Staff
61873,Woody,Rusmann,1/19/65,2/26/93,1/1/99,Assistant Engineer
61874,Djelloul,Merks,2/2/63,3/31/99,1/1/99,Staff
61890,Carrsten,Gajiwala,3/10/64,5/6/02,1/1/99,Senior Engineer
61893,Krister,Shinomoto,4/17/63,11/22/99,1/1/99,Staff
61894,Shuky,Siepmann,12/30/62,5/19/97,1/1/99,Senior Engineer
61898,Paddy,Ratnakar,2/10/63,6/14/95,1/1/99,Engineer
61899,Yahiko,Murtha,1/6/62,11/5/98,1/1/99,Senior Staff
61901,Thanasis,Takanami,12/13/64,10/9/93,1/1/99,Staff
61904,Wuxu,Herbst,6/11/62,6/21/99,1/1/99,Staff
61913,Billur,Marrevee,10/20/62,8/9/96,1/1/99,Engineer
61931,Qingxiang,Grospietsch,11/7/62,3/30/96,1/1/99,Staff
61938,Shigeu,Nourani,11/30/63,1/28/93,1/1/99,Senior Engineer
61940,Deborah,McAlpine,9/19/64,9/11/95,1/1/99,Senior Staff
61948,Tsutomu,Goodrum,7/23/62,10/26/89,1/1/99,Senior Staff
61950,Basil,Zucker,6/5/64,5/5/86,1/1/99,Senior Staff
61952,Halsur,Baba,7/8/62,8/6/85,1/1/99,Senior Engineer
61953,Huai,Weisert,7/24/64,5/31/94,1/1/99,Senior Engineer
61958,Ziyad,Compeau,2/13/64,7/2/99,1/1/99,Senior Engineer
61963,Hirochika,Bernardinello,10/14/64,6/20/87,1/1/99,Senior Engineer
61969,Kazuhide,Menhardt,8/22/63,10/31/96,1/1/99,Staff
61971,Guther,Leslie,4/27/62,3/2/90,1/1/99,Senior Staff
61972,Hirochika,Anick,10/7/63,9/9/87,1/1/99,Senior Engineer
61987,Carrsten,Baik,12/18/64,3/11/90,1/1/99,Engineer
61990,Richard,Etalle,2/8/63,5/3/90,1/1/99,Engineer
61991,Susuma,Krybus,3/15/64,4/14/88,1/1/99,Staff
61993,Juichirou,Ventosa,10/9/62,4/27/90,1/1/99,Staff
62006,Martins,Setlzner,9/24/64,5/21/93,1/1/99,Staff
62009,Masoud,Stanfel,9/11/64,1/3/91,1/1/99,Senior Staff
62011,Fox,Thambidurai,9/12/64,5/21/86,1/1/99,Engineer
62016,Premsyl,Besselaar,10/19/63,6/26/90,1/1/99,Staff
62017,Fai,Ramamoorthy,8/23/62,9/20/91,1/1/99,Senior Engineer
62019,Lihong,Klerer,3/6/62,8/15/91,1/1/99,Senior Engineer
62020,Ult,Demri,11/13/62,3/18/95,1/1/99,Engineer
62023,Ravishankar,Mundy,1/19/63,4/23/98,1/1/99,Engineer
62027,Marie,Kruskal,8/10/62,12/18/95,1/1/99,Senior Staff
62033,Heeju,Cappelli,1/24/65,1/15/87,1/1/99,Engineer
62035,Uma,Backhouse,6/17/64,7/5/95,1/1/99,Engineer
62046,Karlis,Nanard,1/31/65,9/19/92,1/1/99,Engineer
62051,Marin,Baaleh,11/11/62,8/27/97,1/1/99,Senior Staff
62067,Brigham,Trachtenberg,3/31/64,2/11/87,1/1/99,Engineer
62071,Chaitali,Oppitz,2/9/62,9/29/97,1/1/99,Staff
62074,Zorica,Reeken,1/8/63,2/16/95,1/1/99,Engineer
62084,Vitaly,Walston,2/4/62,1/31/97,1/1/99,Senior Engineer
62086,Mabhin,Iisaka,4/22/62,10/27/99,1/1/99,Engineer
62087,Georgy,Parhami,10/11/63,11/4/97,1/1/99,Senior Engineer
62090,Dannz,Birnbaum,7/18/64,10/13/88,1/1/99,Senior Engineer
62099,Mircea,Piazza,10/4/62,10/23/99,1/1/99,Technique Leader
62117,Bojan,Crouzet,6/25/64,6/10/94,1/1/99,Senior Engineer
62118,Tsvetan,Rabehasaina,9/15/64,11/3/90,1/1/99,Staff
62120,Arumugam,Siepmann,7/6/64,7/31/86,1/1/99,Technique Leader
62122,Subhrajyoti,Juneja,2/5/64,2/3/85,1/1/99,Senior Engineer
62125,Shahab,Pokrovskii,1/15/64,3/12/97,1/1/99,Staff
62131,Mohua,Ohori,12/23/64,10/9/96,1/1/99,Engineer
62132,Dines,Gils,10/6/63,11/2/97,1/1/99,Senior Staff
62134,Arra,Whitcomb,4/27/62,1/22/89,1/1/99,Staff
62135,Jongsuk,Garrabrants,4/20/62,5/25/87,1/1/99,Senior Engineer
62136,Yuuichi,Hoogerwoord,12/28/63,9/7/96,1/1/99,Staff
62140,Tristan,Landherr,2/1/64,9/10/93,1/1/99,Assistant Engineer
62148,Edwin,Deyuan,3/23/64,1/7/91,1/1/99,Senior Staff
62152,Mabhin,Thiran,10/27/64,4/21/02,1/1/99,Senior Engineer
62154,Horward,Borstler,4/19/64,5/6/90,1/1/99,Senior Staff
62159,Shrikanth,Guerreiro,8/31/62,12/17/94,1/1/99,Senior Engineer
62161,Yakichi,Zuberek,11/22/64,11/9/00,1/1/99,Engineer
62165,Otmar,Ullian,5/20/62,4/26/87,1/1/99,Senior Staff
62168,Sanjiv,Pietrzykowski,3/16/64,4/14/95,1/1/99,Assistant Engineer
62169,Kellyn,Dayang,3/10/62,4/9/02,1/1/99,Assistant Engineer
62177,Aiman,Journel,12/7/63,5/26/95,1/1/99,Senior Engineer
62181,Halsur,Thombley,2/18/64,12/6/92,1/1/99,Senior Engineer
62183,Stamatina,Beilner,4/17/62,9/22/87,1/1/99,Engineer
62185,Boalin,Gajiwala,2/20/62,10/8/88,1/1/99,Senior Engineer
62186,Tru,Legleitner,3/23/64,1/14/88,1/1/99,Engineer
62194,Hairong,Kropf,4/14/63,7/8/89,1/1/99,Senior Staff
62204,Fox,Hashii,8/5/63,8/11/93,1/1/99,Senior Staff
62209,Martina,Bednarek,5/16/64,6/21/96,1/1/99,Senior Staff
62212,Achilleas,Terekhov,1/19/64,2/18/90,1/1/99,Senior Staff
62213,Shooichi,Highland,2/8/63,10/7/98,1/1/99,Staff
62216,Nahid,Maquelin,5/13/64,3/5/96,1/1/99,Engineer
62219,Yechezkel,Rosti,1/25/62,8/18/90,1/1/99,Senior Staff
62222,Jinya,McConalogue,10/16/62,3/1/89,1/1/99,Senior Staff
62227,Josyula,Eugenio,6/14/64,10/18/92,1/1/99,Senior Staff
62231,Marek,Brodal,11/2/64,8/17/86,1/1/99,Staff
62238,Zhilian,Brandsma,4/25/64,1/16/90,1/1/99,Senior Engineer
62245,Adel,Bressoud,1/1/65,8/30/95,1/1/99,Engineer
62253,Steve,Vural,6/22/63,4/5/97,1/1/99,Engineer
62254,Mong,Rosin,12/24/64,8/21/85,1/1/99,Senior Staff
62257,Shahid,Molberg,1/5/62,12/25/91,1/1/99,Senior Staff
62259,Mads,Rajaraman,7/28/63,6/3/88,1/1/99,Staff
62272,Xiong,Schwartzburd,8/11/62,1/10/86,1/1/99,Senior Engineer
62274,Kristof,Peek,8/15/63,10/10/86,1/1/99,Senior Staff
62275,Slavian,Byoun,12/26/63,7/1/98,1/1/99,Staff
62279,Udaiprakash,Kavraki,1/3/64,12/6/94,1/1/99,Engineer
62290,Demin,Vickson,9/8/63,9/11/99,1/1/99,Technique Leader
62295,Venkatesan,Fioravanti,7/8/64,4/5/91,1/1/99,Technique Leader
62296,Nahla,Suomi,2/1/62,2/10/98,1/1/99,Engineer
62308,Vasilis,Tischendorf,11/10/62,4/17/87,1/1/99,Senior Engineer
62324,Tse,Mansanne,2/5/62,2/1/92,1/1/99,Senior Staff
62328,Lena,Rosenbaum,6/13/62,11/17/91,1/1/99,Senior Staff
62338,Amstein,Thiran,10/11/64,3/3/96,1/1/99,Senior Staff
62359,Bartek,Polupanov,1/17/63,7/3/86,1/1/99,Staff
62361,Padma,Seghrouchni,11/18/63,5/30/89,1/1/99,Staff
62368,Toshimori,Birge,3/27/63,4/20/97,1/1/99,Engineer
62370,Aris,Biran,3/10/62,9/4/97,1/1/99,Assistant Engineer
62375,Khalid,Weedman,2/2/62,3/16/94,1/1/99,Senior Engineer
62379,Hidde,Cardazo,2/9/62,12/22/98,1/1/99,Engineer
62386,Prodip,Poujol,10/16/62,6/5/98,1/1/99,Technique Leader
62388,Marlo,Terekhov,11/12/64,2/24/94,1/1/99,Senior Engineer
62389,Gererd,Ramalingam,6/20/64,2/11/91,1/1/99,Technique Leader
62393,Muzhong,Nooteboom,5/22/64,4/18/92,1/1/99,Senior Engineer
62396,Uzi,Lores,11/21/64,8/21/98,1/1/99,Engineer
62397,Shridhar,Marletta,8/6/62,6/16/93,1/1/99,Senior Staff
62398,Zito,Cromarty,3/24/62,7/26/97,1/1/99,Engineer
62401,Sandeepan,Erva,4/15/62,1/11/87,1/1/99,Assistant Engineer
62405,Billur,Heinisuo,9/13/62,3/2/90,1/1/99,Senior Engineer
62408,Mountaz,Miake,5/12/63,2/6/92,1/1/99,Senior Staff
62446,Tsutomu,Bage,1/28/64,11/18/98,1/1/99,Staff
62450,Debaprosad,Rosin,1/3/64,12/27/92,1/1/99,Senior Staff
62462,Snehasis,Deyuan,7/30/63,11/10/87,1/1/99,Senior Engineer
62495,Lijie,Vesna,11/26/62,7/16/90,1/1/99,Senior Engineer
62500,Mahendra,Soicher,9/11/63,2/23/95,1/1/99,Technique Leader
62501,Boaz,Trystram,4/7/62,10/15/88,1/1/99,Senior Engineer
62502,Jackson,Basagni,10/13/62,4/12/96,1/1/99,Senior Staff
62505,Arnould,Ritzmann,1/25/64,5/23/89,1/1/99,Senior Staff
62506,Koichi,Shackel,11/3/62,2/25/91,1/1/99,Senior Engineer
62511,Vatsa,Poehlman,11/2/64,7/14/88,1/1/99,Staff
62517,Snehasis,Polupanov,5/16/62,10/21/85,1/1/99,Senior Engineer
62522,Shigeaki,Theuretzbacher,6/30/62,4/3/91,1/1/99,Engineer
62530,Avishai,Rosay,6/5/62,6/23/92,1/1/99,Senior Staff
62554,Brewster,Benner,1/25/62,10/29/95,1/1/99,Senior Staff
62562,Noritoshi,Kamber,5/14/62,3/18/85,1/1/99,Engineer
62565,Xiaoshan,Stanger,8/19/64,11/18/99,1/1/99,Staff
62567,Stella,Koblick,9/2/62,2/22/96,1/1/99,Engineer
62571,Khaled,Scharstein,10/3/63,3/24/85,1/1/99,Senior Staff
62582,Arie,Rassart,11/26/63,6/11/88,1/1/99,Senior Staff
62583,Gennady,Ruemmler,2/28/63,9/25/85,1/1/99,Senior Staff
62585,Supot,Zwicker,10/20/62,9/23/98,1/1/99,Engineer
62588,Cheong,Blokdijk,4/9/63,7/31/91,1/1/99,Staff
62590,Deborah,Awdeh,6/15/62,10/22/98,1/1/99,Senior Staff
62605,Guther,Thebaut,2/10/64,12/14/86,1/1/99,Senior Engineer
62607,Hsiangchu,Alvarado,1/22/62,1/5/02,1/1/99,Engineer
62618,Georgi,Journel,1/24/64,3/19/99,1/1/99,Staff
62622,Yishai,Kushner,6/10/64,7/2/86,1/1/99,Staff
62623,Takanari,Spieker,12/17/62,8/27/99,1/1/99,Engineer
62626,Phuoc,Luan,1/21/62,7/3/99,1/1/99,Engineer
62627,Atilio,Gecsei,2/14/64,4/16/89,1/1/99,Technique Leader
62639,Radhakrishnan,Impagliazzo,4/4/64,7/16/97,1/1/99,Engineer
62645,Tzu,Cardazo,12/24/63,8/29/91,1/1/99,Engineer
62648,Kasidit,Griswold,7/9/62,4/18/90,1/1/99,Engineer
62655,Byong,Muhling,5/5/64,7/23/87,1/1/99,Engineer
62657,Panayotis,Beidas,3/19/64,3/8/88,1/1/99,Engineer
62661,Berto,Badr,1/6/62,7/5/88,1/1/99,Senior Staff
62663,Gor,Orlowski,6/23/63,9/12/91,1/1/99,Senior Staff
62668,Goh,Impagliazzo,7/14/63,12/27/96,1/1/99,Engineer
62672,Torsten,Gips,8/23/63,2/8/96,1/1/99,Assistant Engineer
62675,Heeju,Chorvat,7/15/62,8/22/85,1/1/99,Senior Engineer
62680,Gao,Hedayat,7/5/63,7/17/98,1/1/99,Engineer
62682,Hailing,Tzvieli,5/29/63,3/5/90,1/1/99,Technique Leader
62684,Khue,Sidou,8/27/62,1/31/95,1/1/99,Engineer
62690,Fun,Kenevan,10/1/62,10/18/97,1/1/99,Engineer
62697,Sugwoo,Luca,3/31/63,7/13/98,1/1/99,Engineer
62705,Sangeeta,Maraist,1/1/62,6/24/02,1/1/99,Senior Engineer
62713,Niteen,Azuma,6/8/63,10/22/91,1/1/99,Senior Engineer
62719,Odoardo,Stanfel,9/5/63,4/23/91,1/1/99,Staff
62722,Augustine,Menhoudj,7/31/63,8/25/91,1/1/99,Engineer
62724,Chuanyi,Andreotta,2/23/63,7/5/87,1/1/99,Engineer
62736,Georgi,Kitai,7/11/63,10/5/93,1/1/99,Staff
62740,Zejun,Solovay,8/14/63,3/27/99,1/1/99,Engineer
62746,Jenwei,Syrzycki,10/12/63,11/27/90,1/1/99,Senior Staff
62752,Hercules,Herbst,7/29/62,7/19/94,1/1/99,Technique Leader
62769,Paloma,Desikan,3/21/62,5/24/95,1/1/99,Senior Engineer
62770,Odinaldo,Kroon,11/23/63,8/11/95,1/1/99,Staff
62771,Vasiliy,Snyers,2/18/63,9/11/98,1/1/99,Staff
62775,Hatem,Borovoy,10/11/64,8/8/99,1/1/99,Engineer
62776,Mabry,Kulisch,7/6/64,3/30/98,1/1/99,Staff
62780,Brewster,Alencar,8/25/62,10/11/85,1/1/99,Engineer
62786,Gro,Ramaiah,11/14/62,12/10/97,1/1/99,Staff
62791,Herbert,Bain,9/21/63,9/12/89,1/1/99,Staff
62803,Clyde,Zwicker,6/28/63,5/29/97,1/1/99,Staff
62808,Manohar,Lorch,2/23/62,4/21/93,1/1/99,Senior Staff
62809,Xinyu,Awdeh,4/13/64,3/19/86,1/1/99,Staff
62810,Anwar,Ponthieu,3/19/62,6/7/96,1/1/99,Engineer
62819,Fumiko,Feinberg,12/16/63,6/23/91,1/1/99,Senior Staff
62824,Werner,Heusch,9/7/62,1/13/95,1/1/99,Staff
62828,Qingxiang,Hofting,8/7/63,12/10/90,1/1/99,Engineer
62831,Masaru,Miculan,7/5/64,1/23/87,1/1/99,Engineer
62832,Jeanna,Anandan,8/15/64,12/14/91,1/1/99,Engineer
62834,Dante,Collette,8/21/64,8/14/94,1/1/99,Engineer
62855,Kellie,Walstra,3/1/63,12/18/00,1/1/99,Senior Engineer
62862,Feipei,Sommen,5/1/63,12/31/96,1/1/99,Engineer
62871,Radhika,Marakhovsky,7/1/63,5/24/85,1/1/99,Senior Engineer
62874,Suvo,Juneja,4/21/63,7/10/98,1/1/99,Staff
62880,Erez,Gewali,10/2/63,8/5/93,1/1/99,Engineer
62881,Aleksander,Erdi,4/17/63,4/15/90,1/1/99,Senior Engineer
62885,Hatim,Hempstead,11/11/62,7/8/87,1/1/99,Staff
62886,Jeanne,Schmiedel,6/3/62,4/12/96,1/1/99,Staff
62893,Frazer,Ebeling,1/21/64,4/6/98,1/1/99,Engineer
62902,Oldrich,Bultermann,1/7/63,9/4/98,1/1/99,Senior Staff
62905,Moie,Birrer,7/4/64,5/12/86,1/1/99,Senior Engineer
62907,Mong,Leivant,4/24/62,6/30/88,1/1/99,Senior Staff
62916,Panayotis,Puoti,7/1/62,11/19/98,1/1/99,Engineer
62927,Chiranjit,Plessier,5/10/64,10/7/94,1/1/99,Senior Engineer
62931,Perla,Schnelling,10/25/62,8/4/90,1/1/99,Senior Engineer
62939,Fun,Lalonde,4/4/62,2/24/93,1/1/99,Technique Leader
62940,Kamakshi,Lamba,3/21/63,7/28/98,1/1/99,Engineer
62945,Anneke,Flasterstein,7/10/63,5/31/93,1/1/99,Senior Staff
62950,Nagui,Feldhoffer,11/5/64,11/10/96,1/1/99,Technique Leader
62951,Radhakrishnan,Siegrist,9/8/62,12/10/92,1/1/99,Engineer
62954,Janche,Vural,10/26/62,7/12/87,1/1/99,Staff
62959,Jeane,Camarinopoulos,6/20/64,12/18/95,1/1/99,Senior Staff
62962,Inderjeet,Willoner,1/12/63,12/12/97,1/1/99,Technique Leader
62966,Sanjai,Birta,12/24/63,6/3/99,1/1/99,Staff
62974,Youssef,Qiwen,4/11/62,3/4/88,1/1/99,Senior Staff
62975,Mantis,Portugali,3/26/62,8/17/97,1/1/99,Staff
62976,Conal,Lagarias,7/4/64,8/20/01,1/1/99,Staff
62981,Marl,Conte,11/30/63,9/10/96,1/1/99,Senior Engineer
62991,Susumu,Unni,4/24/62,7/5/95,1/1/99,Engineer
62996,Fai,Godskesen,1/5/62,8/24/90,1/1/99,Senior Engineer
62997,Shigeaki,Cronau,5/29/63,11/18/87,1/1/99,Staff
62998,Dzung,Slutz,1/9/63,7/14/89,1/1/99,Engineer
63000,Khatoun,Quittner,4/9/63,2/5/95,1/1/99,Engineer
63001,Honesty,Janetzko,8/18/62,8/22/88,1/1/99,Engineer
63009,Geraldo,Gubsky,5/30/62,12/25/97,1/1/99,Staff
63013,Marco,Milicic,11/25/62,8/5/94,1/1/99,Engineer
63026,Jaber,Stassinopoulos,7/2/64,9/29/86,1/1/99,Senior Staff
63031,Gopalakrishnan,Wolniewicz,10/2/63,9/24/90,1/1/99,Engineer
63033,Mooi,Tagansky,3/23/64,4/2/89,1/1/99,Engineer
63042,Weidon,Poujol,5/11/64,8/18/86,1/1/99,Senior Engineer
63044,Vidar,Deyuan,6/23/62,10/31/85,1/1/99,Engineer
63055,Aleksandar,Falco,7/10/64,11/10/90,1/1/99,Staff
63070,Kokou,Lally,8/28/62,7/2/87,1/1/99,Engineer
63078,Vasiliy,Badache,10/20/62,8/3/97,1/1/99,Engineer
63084,Gor,Klassen,12/11/64,11/21/94,1/1/99,Staff
63092,Valeri,Kisuki,3/24/64,6/8/85,1/1/99,Senior Engineer
63093,Cordelia,Bage,4/7/64,12/3/98,1/1/99,Engineer
63124,Yishai,Munch,3/31/63,12/3/89,1/1/99,Senior Engineer
63127,Vincent,Szilard,1/10/63,3/9/95,1/1/99,Staff
63130,Navin,Schieder,4/15/64,3/1/97,1/1/99,Staff
63132,Nahla,Miyakawa,8/28/62,10/26/92,1/1/99,Staff
63134,Khalid,Anily,1/31/64,1/26/97,1/1/99,Engineer
63135,Subhankar,Aloisi,12/19/62,2/24/92,1/1/99,Senior Engineer
63137,Uta,Homond,9/1/62,2/17/89,1/1/99,Assistant Engineer
63140,Moie,Nitsche,4/20/64,7/11/98,1/1/99,Staff
63146,Maris,Demke,3/3/63,12/15/95,1/1/99,Staff
63147,Susumu,Setiz,10/18/62,7/18/91,1/1/99,Senior Staff
63149,Hausi,Rodier,1/7/64,10/3/96,1/1/99,Staff
63155,Marko,Peternell,8/28/63,11/15/91,1/1/99,Senior Staff
63162,Chenye,Sessa,12/6/63,6/18/95,1/1/99,Staff
63167,Leucio,Azulay,8/5/62,2/25/91,1/1/99,Senior Engineer
63172,Nahla,Underwood,6/25/64,11/1/96,1/1/99,Engineer
63176,Abdulla,Awdeh,6/16/64,8/14/94,1/1/99,Senior Staff
63180,Conor,Plesums,6/29/63,8/23/96,1/1/99,Technique Leader
63183,Maren,McFarlin,6/18/63,5/31/94,1/1/99,Senior Engineer
63187,Yuguang,Mapelli,4/28/64,4/9/95,1/1/99,Engineer
63197,Xiadong,England,10/22/64,10/30/88,1/1/99,Senior Staff
63201,Juyoung,Butner,3/30/63,5/9/91,1/1/99,Senior Staff
63202,Kinh,Lowrie,2/14/63,1/20/97,1/1/99,Staff
63206,Udi,Chiodo,3/29/62,11/28/94,1/1/99,Engineer
63222,Cristinel,Cooke,11/1/62,4/28/99,1/1/99,Engineer
63241,Girolamo,Ashish,11/10/62,11/27/87,1/1/99,Assistant Engineer
63242,Rafols,Herber,12/3/63,3/22/87,1/1/99,Senior Engineer
63243,Akemi,Vanwelkenhuysen,1/17/63,2/17/88,1/1/99,Senior Engineer
63254,Wilmer,Rosis,1/16/62,5/1/85,1/1/99,Technique Leader
63260,Chinya,Castellani,2/12/64,3/1/89,1/1/99,Engineer
63264,Yonghong,Coney,12/25/64,7/23/86,1/1/99,Senior Staff
63279,Kayoko,Kushner,4/7/62,3/28/91,1/1/99,Senior Engineer
63293,Faiza,Quittner,2/12/63,5/12/94,1/1/99,Senior Engineer
63294,Tetsushi,Tanemo,1/23/65,3/1/97,1/1/99,Senior Engineer
63297,Marsja,Sessa,8/4/64,3/13/88,1/1/99,Engineer
63300,Gou,Narahara,10/2/63,7/30/86,1/1/99,Engineer
63303,Jinxi,Kushnir,12/22/63,7/22/89,1/1/99,Senior Engineer
63310,Heather,Rodiger,7/19/64,3/29/86,1/1/99,Engineer
63319,Moto,Pfau,7/24/63,7/20/98,1/1/99,Staff
63332,Venkatesan,Alblas,9/5/64,8/24/88,1/1/99,Senior Staff
63337,Temple,Herbst,6/1/64,7/8/95,1/1/99,Senior Engineer
63342,Rutger,Stanger,11/3/62,7/14/94,1/1/99,Engineer
63344,Garnet,Randi,12/5/64,5/7/97,1/1/99,Senior Staff
63347,Ulises,Talmor,11/10/63,9/14/94,1/1/99,Senior Staff
63353,Huan,Suomi,10/11/62,2/19/93,1/1/99,Staff
63364,Pantung,Stanger,12/16/64,9/14/01,1/1/99,Staff
63365,Mary,Olano,9/23/62,12/4/95,1/1/99,Staff
63371,Shichao,Muhling,4/25/62,11/13/91,1/1/99,Senior Staff
63372,Adamantios,Dulin,8/25/64,8/13/93,1/1/99,Staff
63378,Satoru,Plotkin,4/11/62,9/15/86,1/1/99,Staff
63379,Barna,Krogh,12/3/64,11/15/85,1/1/99,Staff
63383,Shin,Rodier,5/8/62,7/29/99,1/1/99,Technique Leader
63385,Sergi,Rajcani,8/4/63,12/3/99,1/1/99,Engineer
63393,Elvia,Kaiserswerth,9/29/63,11/18/85,1/1/99,Engineer
63405,Yongmin,Schieder,4/24/64,10/29/99,1/1/99,Staff
63409,Fuqing,Pelz,2/15/63,3/10/89,1/1/99,Senior Engineer
63410,Tzvetan,Luon,3/9/62,1/31/89,1/1/99,Senior Staff
63416,Chaoyi,Gerlach,2/23/64,10/7/94,1/1/99,Staff
63419,Hiroyasu,Seuren,1/14/65,3/5/89,1/1/99,Senior Engineer
63425,Dmitry,Businaro,2/17/62,2/19/91,1/1/99,Senior Staff
63430,Munenori,Norsworthy,3/5/64,7/14/89,1/1/99,Engineer
63432,Demos,Flexer,10/16/62,2/4/96,1/1/99,Staff
63433,Khosrow,Czaja,12/3/64,7/6/00,1/1/99,Senior Engineer
63435,Arto,Plotkin,8/12/64,5/30/95,1/1/99,Engineer
63441,Hinrich,Scallan,1/15/65,4/4/99,1/1/99,Staff
63445,Vidar,Bade,5/3/64,5/15/97,1/1/99,Senior Staff
63450,Przemyslawa,Zweizig,7/28/64,1/18/94,1/1/99,Senior Staff
63455,Junichi,Itzfeldt,10/26/62,2/23/97,1/1/99,Staff
63459,Soenke,Demizu,1/24/62,1/4/97,1/1/99,Senior Staff
63460,Heng,Hinsberger,7/30/64,6/8/87,1/1/99,Senior Staff
63474,Eran,Taneja,1/21/63,8/25/86,1/1/99,Senior Engineer
63477,Subhankar,Schapire,11/4/63,12/24/86,1/1/99,Senior Engineer
63479,Yuchang,Lieblein,1/25/62,1/6/90,1/1/99,Senior Staff
63484,Huei,Middleton,9/16/62,6/9/88,1/1/99,Senior Engineer
63486,Rafail,Claffy,11/20/63,4/3/93,1/1/99,Engineer
63492,Shen,Pappas,2/8/64,5/13/92,1/1/99,Engineer
63499,Arif,Wegerle,1/2/64,2/1/86,1/1/99,Senior Staff
63506,Malu,Janetzko,12/20/64,1/20/95,1/1/99,Senior Engineer
63512,Mariusz,Sooriamurthi,12/24/62,9/25/85,1/1/99,Senior Staff
63522,Akeel,Fujisawa,3/4/62,2/12/89,1/1/99,Senior Staff
63526,Weiwu,Swiss,1/27/63,9/12/97,1/1/99,Engineer
63527,Debaprosad,Curless,12/12/64,3/14/99,1/1/99,Staff
63538,Oscal,Mahmud,8/21/63,12/9/97,1/1/99,Staff
63540,Ger,Papsdorf,1/2/64,12/2/91,1/1/99,Technique Leader
63548,Brendon,Trystram,3/12/64,8/3/98,1/1/99,Engineer
63552,Mohan,Greibach,11/5/63,8/25/90,1/1/99,Senior Staff
63555,Piyush,Condotta,5/1/64,2/23/98,1/1/99,Assistant Engineer
63556,Cullen,Homond,6/17/62,3/6/89,1/1/99,Engineer
63563,Hercules,Garrabrants,5/4/62,11/30/95,1/1/99,Assistant Engineer
63566,Heekeun,Slaats,1/31/65,1/12/99,1/1/99,Senior Staff
63571,Wilmer,Sifakis,1/6/62,10/7/92,1/1/99,Senior Staff
63575,Serap,Baca,5/25/63,12/11/00,1/1/99,Engineer
63582,Atreye,Cairo,10/20/64,7/10/95,1/1/99,Engineer
63585,Mototsugu,Llado,3/14/64,5/25/93,1/1/99,Staff
63591,Martien,Zultner,12/21/62,2/10/97,1/1/99,Staff
63601,Eric,Underwood,9/8/63,10/31/88,1/1/99,Senior Staff
63605,Annemarie,Mayerwieser,3/20/63,7/25/96,1/1/99,Engineer
63606,Fayez,Denis,3/1/64,12/27/97,1/1/99,Engineer
63608,Jaroslava,Swist,10/28/64,10/16/97,1/1/99,Engineer
63613,Alenka,Manderick,1/18/63,2/2/94,1/1/99,Senior Staff
63616,Ingemar,Jansen,3/21/63,6/27/94,1/1/99,Engineer
63623,Zhanqiu,Boudaillier,8/5/62,12/1/92,1/1/99,Senior Staff
63625,Chriss,Liesche,5/15/63,2/1/89,1/1/99,Assistant Engineer
63628,Sampalli,Ranta,7/7/64,4/17/89,1/1/99,Technique Leader
63631,Falguni,Cherinka,1/22/65,10/15/87,1/1/99,Senior Engineer
63634,Make,Zwicker,5/19/62,3/14/98,1/1/99,Senior Engineer
63635,Yefim,Schwaller,9/4/63,7/8/98,1/1/99,Engineer
63636,Van,Marchegay,4/20/62,2/14/96,1/1/99,Engineer
63640,Genevieve,Candan,5/14/64,10/4/88,1/1/99,Senior Staff
63645,Xumin,Thiran,11/13/62,3/11/87,1/1/99,Senior Staff
63659,Leen,Genther,3/9/62,2/26/95,1/1/99,Senior Engineer
63662,Sreekrishna,Alpay,6/16/64,3/18/87,1/1/99,Engineer
63664,Tadahiko,Schwaller,11/10/62,5/24/89,1/1/99,Senior Staff
63671,Unal,Ullian,1/17/62,7/12/86,1/1/99,Staff
63677,Shuji,Genther,5/29/63,6/29/93,1/1/99,Senior Engineer
63685,Sham,Busillo,4/3/62,5/15/93,1/1/99,Staff
63686,Uinam,Felcyn,3/9/63,6/26/99,1/1/99,Senior Engineer
63692,Vitali,Kohling,7/14/63,6/9/86,1/1/99,Senior Engineer
63700,King,Demri,1/28/62,5/30/86,1/1/99,Engineer
63705,Horward,Bardell,3/10/64,7/30/98,1/1/99,Senior Engineer
63706,Sedat,Itzigehl,1/26/65,7/31/97,1/1/99,Engineer
63710,Shuichi,Terekhov,11/5/62,11/12/85,1/1/99,Senior Staff
63713,Niranjan,Cappelletti,12/7/62,12/26/94,1/1/99,Senior Engineer
63717,Yuqun,Riesenhuber,3/7/64,10/18/97,1/1/99,Technique Leader
63724,Kensei,Sidou,10/23/63,2/16/86,1/1/99,Staff
63731,Mingdong,Fendler,8/20/62,6/24/89,1/1/99,Senior Engineer
63732,Babette,Fendler,5/18/62,5/2/97,1/1/99,Staff
63746,Udaiprakash,Staylopatis,5/30/63,3/1/94,1/1/99,Senior Staff
63748,Saeed,Covnot,7/25/63,10/20/91,1/1/99,Engineer
63754,Nagui,Yemenis,7/6/62,9/11/99,1/1/99,Staff
63756,Sverrir,Marciano,4/4/64,10/30/87,1/1/99,Engineer
63761,Kwangsub,Mamelak,12/31/64,5/27/02,1/1/99,Engineer
63763,Shigeu,Ginneken,3/6/64,8/7/86,1/1/99,Senior Engineer
63767,Basem,Delgrande,4/6/64,7/21/97,1/1/99,Engineer
63771,Niclas,Benaini,3/8/62,9/16/94,1/1/99,Senior Staff
63781,Haldon,Comte,3/13/63,5/6/96,1/1/99,Senior Engineer
63783,Shawna,Rehfuss,2/11/63,9/24/98,1/1/99,Technique Leader
63786,IEEE,Scharstein,8/23/64,1/18/86,1/1/99,Staff
63790,Nahum,Pagter,2/16/64,5/12/93,1/1/99,Senior Engineer
63806,Kish,Camurati,7/3/62,3/27/91,1/1/99,Staff
63814,Nahid,Kabayashi,11/17/63,3/3/93,1/1/99,Engineer
63815,Arto,Dayang,8/4/64,11/27/90,1/1/99,Senior Staff
63818,Nahum,Maginnis,9/13/64,11/13/97,1/1/99,Staff
63820,Oksana,Backhouse,2/21/63,5/1/96,1/1/99,Senior Engineer
63823,Patricio,Colorni,6/7/62,5/14/88,1/1/99,Engineer
63826,Yagil,Ulupinar,10/19/64,8/26/97,1/1/99,Engineer
63827,Shalesh,Melton,2/18/64,8/23/90,1/1/99,Senior Staff
63838,Shem,Poulakidas,11/15/64,1/22/96,1/1/99,Staff
63840,Hatsukazu,Casley,10/15/62,7/24/98,1/1/99,Engineer
63842,Susanne,Anger,12/30/62,7/19/89,1/1/99,Senior Engineer
63846,Morrie,Lorys,3/12/63,11/22/97,1/1/99,Staff
63847,Jixiang,Halevi,6/11/62,4/4/90,1/1/99,Senior Staff
63848,Yifei,Ananiadou,4/3/62,8/2/95,1/1/99,Engineer
63858,Torsten,Chorvat,1/23/64,10/30/87,1/1/99,Senior Engineer
63863,Jaroslava,Conte,1/31/63,5/20/94,1/1/99,Senior Staff
63866,Abdulah,Hooghiemstra,5/29/63,2/17/89,1/1/99,Senior Staff
63870,Satyanarayana,Peng,8/11/64,6/15/92,1/1/99,Senior Engineer
63871,Zengping,Zongker,1/20/63,8/17/89,1/1/99,Engineer
63875,Uma,Haldar,2/14/62,12/18/95,1/1/99,Staff
63879,Diederik,Fortenbacher,4/8/64,6/16/86,1/1/99,Staff
63893,Magdalena,Taneja,11/13/63,1/4/92,1/1/99,Assistant Engineer
63902,Berni,Luon,11/22/63,5/18/86,1/1/99,Senior Staff
63927,Nahum,Prochazka,9/25/63,8/31/93,1/1/99,Engineer
63929,Munir,Veldwijk,3/30/64,3/17/86,1/1/99,Senior Staff
63936,Lokesh,Navazio,10/19/62,3/8/97,1/1/99,Staff
63941,Arfst,Angiulli,12/19/63,3/19/98,1/1/99,Engineer
63946,Aron,Ratnakar,10/12/64,11/3/86,1/1/99,Engineer
63947,Huei,Reistad,10/3/63,12/10/86,1/1/99,Staff
63956,Cristinel,Pollacia,7/20/63,5/27/92,1/1/99,Staff
63966,Froduald,Kolinko,6/10/64,1/4/00,1/1/99,Senior Engineer
63968,Toshiki,Hellwagner,5/10/62,3/30/98,1/1/99,Staff
63970,Idoia,Schiettecatte,8/22/62,11/22/93,1/1/99,Senior Staff
63974,Dines,Thimonier,1/28/62,11/27/97,1/1/99,Engineer
63982,Xumin,Siegrist,1/15/63,3/28/93,1/1/99,Engineer
63990,Mountaz,Narahara,8/4/64,4/9/92,1/1/99,Senior Engineer
63994,Vojin,Antonakopoulos,11/14/64,11/12/93,1/1/99,Senior Staff
63998,Shao,Thiran,1/7/62,10/29/97,1/1/99,Engineer
64010,Aron,Erev,1/17/62,9/14/96,1/1/99,Staff
64013,Ferdinand,Picht,2/15/64,8/15/93,1/1/99,Senior Staff
64014,Chaoyi,Marrevee,2/24/62,5/11/96,1/1/99,Staff
64023,Laurentiu,Benzmuller,1/11/65,11/8/99,1/1/99,Senior Engineer
64024,Premsyl,Uhrig,12/23/64,5/9/91,1/1/99,Senior Staff
64035,Kagan,Broder,6/23/64,5/16/96,1/1/99,Senior Staff
64044,Phillip,Desikan,2/7/64,1/28/01,1/1/99,Staff
64048,Clyde,Schoegge,10/10/62,8/17/89,1/1/99,Senior Engineer
64053,Divine,Varley,3/11/63,11/9/98,1/1/99,Staff
64056,Gil,Heuser,6/12/62,4/20/85,1/1/99,Engineer
64057,Chuanyi,Maierhofer,8/26/63,10/3/90,1/1/99,Senior Staff
64058,Mayuri,Bernick,1/5/63,12/17/86,1/1/99,Senior Staff
64062,Ranan,Basawa,5/3/62,5/26/91,1/1/99,Senior Staff
64066,Marsha,Barreiro,1/20/63,5/19/87,1/1/99,Staff
64068,Marsha,Matzke,3/4/63,1/22/91,1/1/99,Senior Engineer
64069,Nectarios,Borovoy,11/1/63,1/2/93,1/1/99,Senior Engineer
64088,Jagoda,Griswold,6/25/62,10/19/94,1/1/99,Staff
64095,Tetsushi,Melski,3/22/62,3/10/90,1/1/99,Staff
64107,Subhrajyoti,Zastre,10/31/63,11/22/01,1/1/99,Staff
64112,Aleksander,Kawashima,6/13/64,9/1/89,1/1/99,Senior Engineer
64114,Arra,Koyama,11/10/63,4/13/88,1/1/99,Senior Staff
64117,Georgi,Verhaegen,4/12/63,11/4/00,1/1/99,Senior Engineer
64125,Poornachandra,Kawashima,9/7/62,12/26/89,1/1/99,Senior Staff
64127,Weiyi,Cullers,4/3/62,9/10/92,1/1/99,Senior Staff
64129,Susuma,Hardjono,11/30/63,4/23/88,1/1/99,Engineer
64133,Mats,Vrecion,7/1/63,8/10/95,1/1/99,Assistant Engineer
64135,Candido,Ritcey,8/6/62,5/3/86,1/1/99,Senior Engineer
64146,Ziva,Morton,4/28/64,2/23/94,1/1/99,Staff
64152,Isaac,Cappelletti,5/2/63,1/18/91,1/1/99,Engineer
64153,Shigehito,Gecsel,9/3/63,12/1/97,1/1/99,Staff
64156,Kasidit,Wossner,11/27/64,12/10/96,1/1/99,Assistant Engineer
64164,Gio,Felcyn,9/9/63,4/21/89,1/1/99,Senior Engineer
64171,Heather,Kaelbling,4/13/62,8/8/97,1/1/99,Staff
64172,Fox,Yoshizawa,3/30/62,5/23/94,1/1/99,Senior Engineer
64176,Domenico,Diderrich,3/14/64,9/29/95,1/1/99,Technique Leader
64180,Xudong,Osgood,1/13/63,6/11/94,1/1/99,Senior Engineer
64191,Visit,Domenig,10/30/62,1/11/90,1/1/99,Senior Staff
64195,Duri,Gomatam,1/23/63,4/24/97,1/1/99,Engineer
64197,Sibyl,Salvesen,5/8/63,7/27/94,1/1/99,Staff
64206,Fumiko,Munke,11/7/63,12/15/87,1/1/99,Senior Engineer
64207,Kensei,Kropatsch,1/13/63,11/15/87,1/1/99,Engineer
64209,Golgen,Schoegge,1/24/65,2/26/88,1/1/99,Senior Staff
64214,Shahid,Boissier,12/8/64,7/31/85,1/1/99,Senior Staff
64221,Kauko,Stranks,9/8/63,8/25/99,1/1/99,Senior Engineer
64227,Shridhar,Jonsson,11/16/62,12/6/00,1/1/99,Engineer
64236,Mitsuyuki,Ghemri,3/6/63,1/3/98,1/1/99,Staff
64265,Nakhoon,Schauser,1/20/62,1/5/00,1/1/99,Engineer
64267,Mitchel,Famili,3/26/62,11/27/97,1/1/99,Senior Engineer
64269,Oscal,Templeman,12/20/63,7/29/98,1/1/99,Staff
64271,Yongqiao,Kamble,12/20/62,3/27/94,1/1/99,Engineer
64283,Alejandro,Chelton,7/22/64,6/19/93,1/1/99,Engineer
64289,Soenke,Lieberherr,7/12/63,1/10/89,1/1/99,Senior Engineer
64292,Teruyuki,Benantar,2/13/64,6/7/96,1/1/99,Engineer
64295,Dayanand,Itzigehl,6/26/64,3/28/91,1/1/99,Senior Staff
64307,Jeanne,Parhami,10/13/64,3/29/95,1/1/99,Staff
64317,Gretta,Attimonelli,1/13/62,5/25/90,1/1/99,Engineer
64319,Yongqiao,Danlos,1/27/62,5/15/00,1/1/99,Staff
64328,Xudong,Deville,5/9/63,2/13/93,1/1/99,Senior Engineer
64332,Steen,Bondorf,12/16/64,11/27/94,1/1/99,Staff
64334,Kwangyoen,Rodham,5/2/62,8/2/87,1/1/99,Senior Engineer
64343,Nigel,Puoti,10/19/62,6/28/95,1/1/99,Engineer
64347,Sverrir,Munke,1/1/63,9/5/87,1/1/99,Senior Staff
64351,Dharmaraja,Cooman,4/29/63,7/8/97,1/1/99,Engineer
64355,Boriana,Maraist,10/20/63,5/26/92,1/1/99,Senior Staff
64360,Baruch,Sommen,2/1/63,11/8/91,1/1/99,Staff
64362,Shugo,Fortenbacher,3/16/64,6/26/94,1/1/99,Staff
64370,Chenxi,Tomescu,12/4/63,1/11/99,1/1/99,Senior Staff
64380,Persi,Rando,7/24/64,11/9/93,1/1/99,Senior Staff
64381,Souichi,Rubsam,1/23/62,11/19/94,1/1/99,Senior Engineer
64396,Ayonca,Seiwald,9/22/64,11/21/85,1/1/99,Senior Staff
64412,Conal,Farrow,6/15/64,7/8/90,1/1/99,Senior Engineer
64416,Chriss,Sifakis,8/8/62,11/5/92,1/1/99,Senior Staff
64419,Shem,Ertl,10/28/62,5/9/97,1/1/99,Senior Engineer
64424,Ennio,Crouzet,10/4/62,9/7/97,1/1/99,Staff
64425,Mahmut,Berztiss,8/16/63,2/7/88,1/1/99,Senior Engineer
64426,Demin,Chappelet,5/2/63,1/17/96,1/1/99,Engineer
64428,Maha,Unni,7/10/63,4/24/97,1/1/99,Engineer
64440,Mabo,Sadowsky,8/29/62,5/26/89,1/1/99,Senior Engineer
64448,Zissis,Schnelling,2/20/63,11/30/94,1/1/99,Staff
64451,Uli,Swift,11/1/64,9/27/98,1/1/99,Engineer
64459,Foong,Eterovic,5/30/62,1/14/93,1/1/99,Senior Engineer
64466,Hiroyasu,Paludetto,2/1/62,4/28/92,1/1/99,Senior Staff
64470,Diederik,Streit,2/1/64,8/9/01,1/1/99,Staff
64471,Sailaja,Waeselynck,10/14/63,7/22/94,1/1/99,Senior Engineer
64482,Heng,Delaune,3/23/62,10/16/90,1/1/99,Staff
64485,Elrique,Junet,4/4/62,1/28/91,1/1/99,Staff
64487,Tsutomu,Rebaine,1/27/65,9/17/86,1/1/99,Engineer
64491,Ulf,Merel,10/18/62,5/17/91,1/1/99,Senior Staff
64494,Dipankar,Riesenhuber,9/23/63,11/25/86,1/1/99,Senior Staff
64497,Denny,Dolinsky,1/17/64,8/29/89,1/1/99,Engineer
64498,Elzbieta,Munoz,8/11/64,10/22/98,1/1/99,Engineer
64500,Stafford,Emden,12/21/63,6/20/98,1/1/99,Staff
64502,Giordano,Kaltofen,10/14/64,7/28/87,1/1/99,Senior Engineer
64515,Arvin,Mullainathan,1/28/63,3/1/90,1/1/99,Senior Staff
64516,Premal,Raoux,6/29/63,2/6/99,1/1/99,Engineer
64518,Sukumar,Nyanchama,6/28/63,5/18/91,1/1/99,Engineer
64528,Leucio,Speer,7/31/62,11/30/99,1/1/99,Engineer
64532,Atilio,Segond,1/23/65,11/29/90,1/1/99,Engineer
64542,Ortrud,Mikschl,9/21/63,10/25/98,1/1/99,Engineer
64544,Youssef,Wolniewicz,7/5/62,8/25/92,1/1/99,Staff
64559,Unal,Schwabacher,10/6/64,5/31/95,1/1/99,Senior Staff
64569,Atreyi,Stasinski,3/10/62,10/26/85,1/1/99,Senior Engineer
64570,Greger,Badache,8/14/63,3/29/90,1/1/99,Senior Staff
64579,Atreyi,Yurek,1/6/62,4/9/94,1/1/99,Staff
64591,Sadegh,Nanard,2/11/64,11/21/88,1/1/99,Senior Engineer
64594,Toshimitsu,Gyorkos,1/22/64,11/28/87,1/1/99,Staff
64605,Vishv,Reinhart,2/5/64,7/17/88,1/1/99,Technique Leader
64611,Toshiko,Boreale,6/7/63,6/18/92,1/1/99,Senior Engineer
64612,Huican,Hammerschmidt,6/14/63,6/9/95,1/1/99,Staff
64613,Tesuro,Sidou,8/31/63,8/31/98,1/1/99,Engineer
64627,Luise,Junet,9/24/62,5/14/86,1/1/99,Engineer
64628,Mingzeng,Cheshire,3/19/63,1/21/88,1/1/99,Engineer
64629,Zita,Erdmenger,12/15/62,7/30/94,1/1/99,Senior Engineer
64632,Zsolt,Brender,1/7/65,2/21/96,1/1/99,Senior Staff
64648,Shuzo,Litvinov,6/26/63,4/21/95,1/1/99,Staff
64660,King,Ratnakar,10/30/63,6/8/94,1/1/99,Senior Engineer
64673,Maris,Gimarc,9/26/62,9/4/94,1/1/99,Technique Leader
64677,Supot,Attimonelli,1/16/63,12/19/98,1/1/99,Engineer
64680,Mamdouh,Chorvat,10/14/64,5/9/91,1/1/99,Engineer
64709,Christophe,Ferriere,10/10/63,10/25/94,1/1/99,Senior Engineer
64712,Gor,Codenie,7/14/63,8/14/97,1/1/99,Engineer
64723,Terresa,Hitomi,7/24/62,10/22/85,1/1/99,Engineer
64724,Kwangho,Siksek,8/28/63,2/17/85,1/1/99,Senior Engineer
64727,Gregory,Krohm,3/31/62,1/7/99,1/1/99,Staff
64732,Tze,Ginesta,9/8/63,9/21/94,1/1/99,Engineer
64736,Sham,Stellhorn,4/21/63,3/25/99,1/1/99,Technique Leader
64738,Hitofumi,Kropatsch,12/26/62,2/4/87,1/1/99,Senior Engineer
64746,Gino,Gadepally,12/12/63,8/30/86,1/1/99,Senior Staff
64752,Jinxi,Lorho,4/3/63,3/15/87,1/1/99,Senior Staff
64768,Reinhard,Poulakidas,1/26/63,10/29/98,1/1/99,Engineer
64770,Sadok,Stranks,6/13/64,6/29/94,1/1/99,Staff
64773,Lillian,Schusler,5/16/63,9/20/96,1/1/99,Engineer
64779,Oddvar,Desikan,2/25/63,7/25/88,1/1/99,Staff
64787,Sibyl,Puppo,5/17/62,8/24/96,1/1/99,Staff
64790,Shin,Piveteau,1/29/65,4/19/85,1/1/99,Engineer
64795,Rosine,Frezza,9/30/63,9/28/93,1/1/99,Assistant Engineer
64798,Dharmaraja,Busillo,8/27/63,11/28/91,1/1/99,Senior Engineer
64811,Jayson,Prampolini,5/5/62,10/6/93,1/1/99,Engineer
64815,Kagan,Maginnis,3/12/63,5/21/89,1/1/99,Senior Staff
64820,Badri,Rosen,9/19/63,8/15/94,1/1/99,Engineer
64821,Ennio,Zolotykh,5/16/64,6/13/93,1/1/99,Engineer
64828,Krister,Pappas,1/27/65,9/30/99,1/1/99,Staff
64838,Heng,Vasanthakumar,3/13/63,1/31/91,1/1/99,Senior Staff
64842,Masaki,Demeyer,2/3/63,5/1/90,1/1/99,Senior Engineer
64852,Sanjeeva,Delgrossi,8/22/62,1/23/94,1/1/99,Senior Engineer
64856,Yechiam,Egerstedt,2/20/64,9/12/99,1/1/99,Staff
64857,Makato,Litvinov,4/11/62,10/3/85,1/1/99,Staff
64861,Xinan,Strandh,11/27/63,9/24/86,1/1/99,Staff
64865,Kshitij,Lipner,2/28/64,9/24/97,1/1/99,Staff
64866,Aamod,Beznosov,10/17/63,9/3/96,1/1/99,Engineer
64869,Fayez,Ratnakar,4/25/63,8/28/93,1/1/99,Senior Engineer
64871,Sarita,Suermann,12/19/63,4/8/96,1/1/99,Engineer
64873,Berhard,Condotta,1/29/63,2/7/91,1/1/99,Staff
64877,Chaitali,Chorvat,12/30/64,11/20/85,1/1/99,Senior Staff
64882,Falguni,Perng,6/21/64,11/7/97,1/1/99,Staff
64885,Yakichi,Zschoche,9/6/63,10/5/85,1/1/99,Senior Engineer
64888,Kristof,Marchegay,5/16/62,12/23/88,1/1/99,Engineer
64908,Kellyn,Ertl,5/22/64,5/18/87,1/1/99,Senior Staff
64909,Qunsheng,Jervis,12/17/63,2/17/92,1/1/99,Senior Engineer
64911,Miyeon,Biron,10/15/62,11/19/87,1/1/99,Senior Staff
64913,Munir,Asrin,1/28/64,5/6/97,1/1/99,Staff
64915,Masasuke,Shihab,11/27/62,6/10/90,1/1/99,Senior Engineer
64930,Harngdar,Waeselynck,1/18/62,12/22/93,1/1/99,Engineer
64938,Barry,Lunn,1/28/62,2/23/92,1/1/99,Engineer
64939,Gil,Swiler,12/18/62,9/12/92,1/1/99,Staff
64942,Fai,Iisaku,4/3/63,3/24/91,1/1/99,Staff
64944,Ronnie,Siegrist,8/20/62,6/29/96,1/1/99,Staff
64947,Vasilii,Neiman,4/12/63,1/13/94,1/1/99,Technique Leader
64957,Remmert,Beilner,12/11/64,4/30/86,1/1/99,Senior Engineer
64958,Licheng,Koprowski,12/31/62,7/12/90,1/1/99,Senior Staff
64962,Heejo,Pollock,5/6/64,12/1/90,1/1/99,Staff
64966,Naftali,Erie,4/12/63,9/18/98,1/1/99,Engineer
64978,Youssef,Janocha,9/11/63,2/17/92,1/1/99,Staff
64980,Dannz,Ibel,9/9/62,8/7/87,1/1/99,Senior Engineer
64981,Duri,Lorys,8/16/63,7/28/95,1/1/99,Engineer
64982,TRUE,Rossi,4/6/63,4/6/91,1/1/99,Senior Staff
64984,Eldridge,Eldridge,1/6/65,8/4/94,1/1/99,Senior Engineer
64990,Dharmaraja,Msuda,2/19/62,10/26/96,1/1/99,Staff
65003,Arlette,Azulay,8/22/62,7/4/99,1/1/99,Engineer
65005,Gritta,Rubsam,6/15/64,8/22/99,1/1/99,Staff
65019,Dipankar,Penn,1/5/62,1/22/91,1/1/99,Senior Staff
65022,Odoardo,Marletta,7/15/64,1/29/88,1/1/99,Senior Staff
65031,Zhiwei,Sichman,7/9/64,12/31/95,1/1/99,Senior Engineer
65035,Xiaocheng,Siprelle,10/7/63,8/17/90,1/1/99,Staff
65037,Arumugam,Bressoud,1/2/62,7/29/98,1/1/99,Senior Engineer
65046,Nitsan,Tramer,10/10/62,11/11/00,1/1/99,Senior Staff
65052,Odoardo,Geffroy,9/16/63,6/22/92,1/1/99,Senior Engineer
65055,Masaki,Schlegelmilch,9/1/62,1/12/96,1/1/99,Staff
65064,Nigel,Rodham,9/16/63,5/17/00,1/1/99,Engineer
65065,Duke,Lamba,11/2/62,12/9/99,1/1/99,Assistant Engineer
65068,Lobel,Barriga,11/19/64,12/30/88,1/1/99,Staff
65074,Gro,Steenbeek,3/5/62,4/20/95,1/1/99,Engineer
65076,Luisa,Thibadeau,9/2/63,2/2/98,1/1/99,Engineer
65078,Gal,Stavenow,5/5/63,11/11/89,1/1/99,Staff
65086,Jacopo,Barreiro,9/30/64,9/10/89,1/1/99,Senior Engineer
65088,Martins,Penn,12/31/63,4/25/88,1/1/99,Senior Staff
65092,Marie,Axelband,1/29/62,5/8/95,1/1/99,Senior Engineer
65115,Goetz,Anido,12/8/64,10/26/86,1/1/99,Engineer
65117,Ayakannu,Hasham,7/29/62,9/13/95,1/1/99,Engineer
65120,Rosalie,Garrabrants,11/7/64,2/9/90,1/1/99,Senior Staff
65121,Marsha,Hegner,10/16/63,2/26/97,1/1/99,Staff
65133,Bowen,Demke,10/14/63,3/11/98,1/1/99,Engineer
65137,Tadahiro,Lammel,3/6/64,12/28/95,1/1/99,Senior Staff
65141,Martien,Muntz,1/2/64,6/24/99,1/1/99,Senior Engineer
65157,Conrado,Pelc,8/27/62,10/9/87,1/1/99,Engineer
65163,Cheong,Fraisse,2/10/62,1/27/88,1/1/99,Senior Engineer
65171,Jeane,Tasistro,1/25/65,7/6/94,1/1/99,Technique Leader
65172,Qiwen,Skogmar,5/7/63,8/11/90,1/1/99,Senior Staff
65180,Chaitali,Mitzlaff,11/8/62,9/11/96,1/1/99,Senior Engineer
65183,Girolamo,Lemarechal,7/6/62,3/7/91,1/1/99,Senior Engineer
65190,Ziya,Nations,10/3/63,7/5/91,1/1/99,Senior Staff
65194,Itzchak,Denna,11/16/63,5/12/91,1/1/99,Senior Staff
65195,Masali,Ambroszkiewicz,1/14/64,11/8/90,1/1/99,Engineer
65202,Yuguang,Bernini,12/26/64,7/13/93,1/1/99,Senior Engineer
65212,Brigham,Ashish,6/11/63,2/28/87,1/1/99,Engineer
65213,Apostol,Sullins,9/28/64,12/18/87,1/1/99,Staff
65231,Marsha,Perly,9/29/63,4/2/88,1/1/99,Technique Leader
65234,Yahiko,Peot,8/31/62,6/26/91,1/1/99,Senior Staff
65235,Feipei,Rohrbach,8/4/64,9/9/97,1/1/99,Engineer
65239,Yifei,Karlin,5/27/62,10/4/99,1/1/99,Staff
65241,Giao,Tomescu,7/21/64,12/10/97,1/1/99,Senior Engineer
65251,Geoffry,Gniady,2/16/62,5/15/99,1/1/99,Senior Engineer
65258,Sham,Leslie,1/24/64,5/30/85,1/1/99,Senior Engineer
65264,Zejun,Levergood,5/16/63,2/25/94,1/1/99,Staff
65266,Saeko,Rathonyi,7/5/62,4/26/99,1/1/99,Engineer
65298,Kirk,Czaja,10/9/63,9/3/90,1/1/99,Staff
65299,Odinaldo,Melton,9/30/64,2/15/88,1/1/99,Staff
65300,Nevin,Luga,10/18/63,3/9/85,1/1/99,Senior Engineer
65317,Nakhoon,Maginnis,8/16/63,3/28/94,1/1/99,Engineer
65320,Adas,Schapire,4/23/63,4/18/90,1/1/99,Senior Staff
65321,Almudena,Pulkowski,5/22/64,11/9/86,1/1/99,Senior Staff
65322,Sadok,Birrer,1/15/63,9/24/90,1/1/99,Technique Leader
65324,Hiroyasu,Serov,9/12/62,5/15/96,1/1/99,Staff
65325,Candido,Fraisse,6/17/63,12/8/87,1/1/99,Staff
65333,Danil,Anick,6/8/64,11/21/88,1/1/99,Senior Engineer
65338,Dannz,Erman,11/2/64,1/6/89,1/1/99,Engineer
65339,Jianhua,Cochrane,3/17/62,5/2/96,1/1/99,Staff
65340,Jinya,Kemmerer,11/19/64,5/3/94,1/1/99,Staff
65349,Leucio,Beznosov,6/9/64,6/29/87,1/1/99,Engineer
65351,Georgy,Schrooten,10/17/63,2/23/94,1/1/99,Senior Staff
65356,Ferdinand,Murtafg,4/12/62,5/2/94,1/1/99,Assistant Engineer
65359,Piyush,Castellani,6/7/62,2/14/94,1/1/99,Staff
65360,Arunachalam,Thombley,2/2/63,12/13/90,1/1/99,Senior Engineer
65362,Zsolt,McAffer,9/22/63,8/27/00,1/1/99,Senior Engineer
65369,Ymte,Jervis,5/25/64,11/29/86,1/1/99,Senior Engineer
65375,Adly,Yurek,8/16/63,4/11/86,1/1/99,Senior Engineer
65379,Nevio,Merle,7/4/62,7/8/90,1/1/99,Senior Engineer
65383,Juichirou,Beilner,8/6/64,6/5/90,1/1/99,Senior Staff
65386,Shaw,Przulj,12/3/64,3/24/95,1/1/99,Staff
65397,Richara,Marletta,11/2/63,11/19/86,1/1/99,Senior Staff
65412,Claudi,Zaumen,5/4/62,8/9/00,1/1/99,Senior Staff
65416,Arvind,Perelgut,2/11/63,3/1/96,1/1/99,Senior Engineer
65418,Shim,Pokrovskii,6/30/64,10/11/97,1/1/99,Senior Staff
65420,Gor,Merli,12/5/63,4/23/91,1/1/99,Senior Engineer
65426,Karsten,Lung,7/7/64,11/13/87,1/1/99,Technique Leader
65438,Anneke,Vieth,8/24/64,2/28/98,1/1/99,Technique Leader
65440,Jeane,Rouquie,6/16/63,2/14/93,1/1/99,Senior Staff
65445,Licheng,Esteva,11/16/63,6/25/96,1/1/99,Staff
65446,Barry,Syang,4/2/64,3/7/87,1/1/99,Engineer
65447,Moni,Litzler,5/31/64,6/24/85,1/1/99,Senior Staff
65453,Jaideep,Moffat,3/25/63,12/21/90,1/1/99,Engineer
65455,Kristof,Haddadi,2/18/64,11/13/92,1/1/99,Senior Engineer
65456,Mohamadou,Picht,11/24/62,7/3/91,1/1/99,Senior Engineer
65460,Piyawadee,Rahier,4/24/63,7/12/98,1/1/99,Engineer
65462,Moss,Maraist,10/17/63,9/6/92,1/1/99,Senior Staff
65463,Akemi,Perin,8/23/62,11/3/99,1/1/99,Engineer
65464,Teruyuki,Ranka,4/11/63,1/22/95,1/1/99,Staff
65470,Vasilis,Lampe,5/4/63,6/9/91,1/1/99,Staff
65471,Filipp,Munch,6/3/64,8/21/99,1/1/99,Senior Engineer
65472,Sanjoy,Molenkamp,9/23/64,5/6/90,1/1/99,Senior Staff
65474,Christoper,Baig,6/30/64,5/10/86,1/1/99,Senior Staff
65477,Zhenbing,Falster,11/8/62,6/11/93,1/1/99,Senior Engineer
65496,Duke,Duclos,12/15/62,7/15/02,1/1/99,Senior Engineer
65499,Anneli,Buchter,8/1/64,7/27/91,1/1/99,Senior Staff
65503,Tianruo,Gischer,2/1/63,9/13/87,1/1/99,Engineer
65511,Ziva,Remmers,11/22/63,8/24/91,1/1/99,Senior Engineer
65524,Ingemar,Demian,9/2/64,2/17/87,1/1/99,Assistant Engineer
65527,Kousuke,Swab,10/5/64,6/17/86,1/1/99,Senior Staff
65529,Yoshimitsu,Panienski,10/28/64,12/14/95,1/1/99,Staff
65539,Aksel,Picaronny,1/23/65,1/27/91,1/1/99,Senior Engineer
65545,Candida,Krichel,4/9/62,6/7/95,1/1/99,Staff
65550,Troy,Krzyzanowski,4/23/63,1/26/00,1/1/99,Senior Engineer
65554,Zita,Trystram,2/6/64,6/11/85,1/1/99,Assistant Engineer
65556,Subhrajyoti,Penttonen,3/21/64,9/13/91,1/1/99,Senior Engineer
65565,Nevio,Hutter,8/23/62,12/3/93,1/1/99,Senior Engineer
65578,Francesca,Brodie,11/12/62,2/29/88,1/1/99,Senior Engineer
65580,Jenwei,Milicia,4/9/63,3/8/91,1/1/99,Staff
65581,Mario,Samarati,2/14/64,11/27/95,1/1/99,Senior Staff
65582,Eldridge,Chinen,6/27/64,11/1/97,1/1/99,Staff
65606,Aiichiro,Bauknecht,2/16/63,9/16/88,1/1/99,Engineer
65608,Mountaz,Perko,1/29/62,1/23/87,1/1/99,Engineer
65621,Alenka,Khalid,2/11/64,9/8/85,1/1/99,Senior Engineer
65623,Mansur,Crelier,8/15/62,9/17/99,1/1/99,Staff
65627,Mabo,Bodoff,3/11/64,5/18/99,1/1/99,Senior Staff
65629,Nevio,Stafford,3/9/62,8/2/92,1/1/99,Engineer
65630,Leaf,Molenkamp,11/5/63,12/26/97,1/1/99,Senior Staff
65635,Gully,Vecchi,3/18/64,2/23/02,1/1/99,Staff
65637,Domenick,Heystek,7/11/63,5/8/93,1/1/99,Engineer
65647,Danil,Hardjono,8/28/62,1/6/90,1/1/99,Senior Engineer
65652,Soenke,Raoux,7/7/63,7/31/94,1/1/99,Senior Engineer
65679,Kerryn,Jumpertz,7/31/62,4/14/94,1/1/99,Assistant Engineer
65687,Zejun,Berstel,9/23/62,10/16/98,1/1/99,Engineer
65694,Shan,Jahnichen,1/9/63,12/12/96,1/1/99,Senior Engineer
65696,Jordanka,Hashii,10/24/64,9/1/93,1/1/99,Technique Leader
65708,Lorien,Cappelli,10/23/62,1/25/90,1/1/99,Technique Leader
65713,Bikash,Demke,12/12/62,1/21/94,1/1/99,Senior Engineer
65728,Saniya,Holburn,8/15/64,10/22/92,1/1/99,Senior Engineer
65742,Naftaly,Riesenhuber,3/9/63,4/15/98,1/1/99,Engineer
65745,Dharmaraja,Kuzuoka,8/18/64,9/15/89,1/1/99,Engineer
65753,Kristinn,Dahlbom,11/10/63,8/28/85,1/1/99,Engineer
65757,Sumant,Genther,11/29/62,11/15/90,1/1/99,Engineer
65759,Toshiki,Munch,11/5/63,9/25/01,1/1/99,Senior Staff
65765,Susumu,Cummings,4/4/62,10/11/94,1/1/99,Senior Engineer
65766,Huai,Delaune,2/7/63,12/7/85,1/1/99,Senior Engineer
65770,Ramalingam,Lindqvist,12/15/63,10/21/88,1/1/99,Senior Engineer
65773,Jaana,Thiran,3/1/63,10/5/99,1/1/99,Staff
65774,Paloma,Rotem,11/18/63,11/19/99,1/1/99,Staff
65783,Ranan,Bernini,1/27/63,2/19/94,1/1/99,Assistant Engineer
65788,Masami,Boguraev,11/10/63,12/25/92,1/1/99,Senior Staff
65808,Xiaoheng,Rathonyi,8/29/64,5/29/87,1/1/99,Engineer
65813,Steen,Zeidenstein,8/17/62,11/23/87,1/1/99,Senior Staff
65820,Eran,Ushiama,8/9/62,10/17/92,1/1/99,Assistant Engineer
65829,Christ,Wissmann,5/27/63,6/5/89,1/1/99,Engineer
65830,Uinam,Picco,8/14/63,5/2/95,1/1/99,Senior Engineer
65833,Mingdong,Ozery,7/5/62,1/2/99,1/1/99,Staff
65836,Baocai,Braccini,6/22/62,10/31/92,1/1/99,Senior Staff
65838,Matt,Lorho,2/28/64,1/18/97,1/1/99,Senior Engineer
65845,Yuchang,Esposito,11/6/64,6/20/98,1/1/99,Senior Engineer
65847,Xinan,Verhoeff,1/13/64,8/3/89,1/1/99,Senior Engineer
65852,Falguni,Vanwelkenhuysen,4/6/62,4/6/92,1/1/99,Staff
65853,Nahid,Facello,6/21/64,4/18/00,1/1/99,Engineer
65855,Huai,Gerlach,3/21/63,7/9/94,1/1/99,Senior Engineer
65863,Duro,Gips,4/7/64,9/27/95,1/1/99,Staff
65864,Dzung,Minakawa,7/23/62,7/24/95,1/1/99,Staff
65870,Kinh,Giaccio,10/1/64,11/2/98,1/1/99,Technique Leader
65871,Akemi,Sudkamp,2/19/64,8/6/98,1/1/99,Senior Engineer
65878,Lobel,Uchoa,8/25/63,7/8/86,1/1/99,Technique Leader
65883,Patricia,Pepe,1/7/65,4/19/91,1/1/99,Staff
65886,Jinpo,Pell,3/7/62,2/29/96,1/1/99,Assistant Engineer
65889,Gilbert,Rosay,9/15/62,10/13/94,1/1/99,Engineer
65890,Wonhee,Schmittgen,11/13/63,8/19/99,1/1/99,Engineer
65891,Behnaam,Meriste,5/7/64,8/4/87,1/1/99,Engineer
65897,Lalit,Ratnaker,11/23/62,5/14/87,1/1/99,Staff
65900,Alain,Reghbati,7/9/62,4/6/93,1/1/99,Senior Engineer
65901,Jinxi,Motley,1/3/64,6/29/97,1/1/99,Engineer
65907,Elvia,Akiyama,9/3/63,4/18/98,1/1/99,Senior Staff
65908,Sergi,Auria,10/22/64,3/8/86,1/1/99,Senior Engineer
65909,Geoff,Peak,5/3/64,3/17/92,1/1/99,Engineer
65922,Zhenbing,Boudaillier,6/15/64,11/5/94,1/1/99,Staff
65924,Shigeo,Schaft,10/3/64,8/18/99,1/1/99,Senior Staff
65925,Morrie,Klerer,10/1/62,3/21/85,1/1/99,Staff
65936,Hugh,Barbanera,7/20/62,9/17/99,1/1/99,Senior Engineer
65938,Ranan,Cronau,6/26/63,10/22/98,1/1/99,Engineer
65940,Berhard,Syang,5/23/63,1/7/99,1/1/99,Engineer
65941,Shuzo,Dulay,11/9/63,7/11/85,1/1/99,Senior Staff
65944,Mart,Grandbois,2/12/63,12/6/98,1/1/99,Engineer
65945,Zhigen,Hasham,1/7/62,5/15/89,1/1/99,Staff
65950,Alois,Karnin,12/18/63,3/30/94,1/1/99,Senior Staff
65954,Ziva,Parhami,11/1/62,5/11/91,1/1/99,Senior Staff
65959,Gift,Cronau,12/3/63,7/30/92,1/1/99,Senior Staff
65962,Becky,Rattan,9/15/63,10/1/89,1/1/99,Engineer
65976,Qunsheng,Millington,7/2/64,11/14/94,1/1/99,Senior Engineer
65982,Shiv,Bamford,9/13/63,6/18/89,1/1/99,Engineer
65985,Mabry,Hatcliff,2/5/62,4/5/97,1/1/99,Engineer
65987,Nathalie,Oberman,10/22/64,10/21/90,1/1/99,Senior Staff
65990,Valeska,Miara,4/24/63,10/14/91,1/1/99,Senior Engineer
65994,Dannz,Petereit,11/7/64,1/13/90,1/1/99,Senior Engineer
65998,Mandell,Alameldin,1/9/65,4/8/89,1/1/99,Staff
66020,Goncalo,Kalloufi,6/8/64,10/1/93,1/1/99,Engineer
66023,Basim,Erni,5/27/63,12/5/89,1/1/99,Senior Engineer
66024,Zhiguo,Tiemann,1/8/62,9/9/93,1/1/99,Senior Engineer
66030,Hidekazu,Straney,7/10/62,2/19/01,1/1/99,Staff
66031,Akeel,Eastman,2/17/64,12/4/88,1/1/99,Engineer
66038,Shimshon,Pietrzykowski,5/16/62,10/26/98,1/1/99,Senior Engineer
66040,Chaitali,Veccia,1/30/64,4/19/92,1/1/99,Senior Engineer
66063,Hironobu,Thibadeau,12/6/64,1/25/98,1/1/99,Engineer
66068,Margo,Mapelli,11/21/62,12/7/89,1/1/99,Senior Engineer
66070,Slavian,Birsak,1/20/63,9/19/93,1/1/99,Staff
66072,Weijing,Limongiello,7/25/63,12/20/92,1/1/99,Senior Engineer
66074,Suvo,Montemayor,2/10/63,10/4/92,1/1/99,Senior Engineer
66075,Elzbieta,Falco,1/11/63,5/18/87,1/1/99,Senior Engineer
66080,Conrado,Leonhardt,7/31/62,7/9/90,1/1/99,Engineer
66087,Uwe,Bauknecht,8/9/62,8/23/96,1/1/99,Engineer
66091,Billur,Fiutem,12/20/63,7/1/96,1/1/99,Senior Staff
66097,Freyja,Ghemri,3/19/63,10/2/87,1/1/99,Senior Engineer
66101,Zito,Jansen,5/14/64,7/30/91,1/1/99,Engineer
66109,Nikolaos,Birta,4/27/64,4/18/91,1/1/99,Senior Engineer
66112,Masanao,Perz,8/20/62,10/9/99,1/1/99,Staff
66128,Zhongwei,Perez,4/16/64,12/5/86,1/1/99,Senior Engineer
66137,Christoper,Gilg,4/3/62,4/8/99,1/1/99,Staff
66138,Mats,Itzfeldt,1/30/64,1/19/94,1/1/99,Senior Staff
66146,Gadiel,Marchesini,12/31/62,6/28/97,1/1/99,Engineer
66153,Yongmin,Zhang,5/1/64,10/19/85,1/1/99,Staff
66156,Piyawadee,Kusakabe,10/15/63,9/18/97,1/1/99,Senior Staff
66160,Nalini,Lung,5/6/64,7/14/97,1/1/99,Engineer
66169,Bingning,Pillow,8/5/64,12/7/90,1/1/99,Senior Engineer
66172,Zhiguo,Takkinen,10/6/62,12/9/90,1/1/99,Engineer
66175,Mikhail,Plavsic,5/5/62,5/25/94,1/1/99,Senior Engineer
66181,Zongyan,Loncour,6/5/64,2/24/88,1/1/99,Senior Staff
66185,Ishfaq,Peng,11/28/63,4/18/85,1/1/99,Senior Staff
66195,Laurentiu,Cappello,10/7/62,7/17/89,1/1/99,Staff
66196,Lihong,Otillio,11/21/63,10/12/92,1/1/99,Senior Engineer
66199,Georgi,Lally,2/19/64,11/25/00,1/1/99,Senior Staff
66204,Khun,Iivonen,8/2/64,10/20/93,1/1/99,Engineer
66209,Yinghua,Schnelling,6/28/63,11/21/99,1/1/99,Staff
66214,Murthy,Boissier,2/10/63,6/22/92,1/1/99,Senior Engineer
66222,Krassimir,Jarecki,7/1/62,5/28/92,1/1/99,Senior Staff
66227,Suebskul,Anger,9/19/63,9/29/93,1/1/99,Senior Engineer
66240,Hyuncheol,Chepyzhov,5/28/63,3/18/99,1/1/99,Senior Staff
66246,Tomokazu,Godskesen,3/31/62,5/2/95,1/1/99,Technique Leader
66251,Fayez,Vadhan,9/25/64,10/22/95,1/1/99,Engineer
66253,Matk,Mondadori,11/22/62,1/25/87,1/1/99,Staff
66260,Joydip,Hennings,6/4/64,2/14/95,1/1/99,Technique Leader
66268,Prasadram,Anido,2/25/63,12/13/86,1/1/99,Senior Staff
66273,Brigham,Mitina,6/13/63,8/2/89,1/1/99,Senior Staff
66277,Boutros,Borovoy,2/26/63,9/8/87,1/1/99,Senior Engineer
66280,Satosi,Sidhu,10/1/64,11/19/99,1/1/99,Senior Engineer
66281,Hidefumi,Boguraev,11/7/63,9/30/99,1/1/99,Senior Engineer
66283,Tsuneo,Sanella,10/26/63,9/12/93,1/1/99,Engineer
66284,Lihong,Markovitch,1/17/63,6/19/85,1/1/99,Senior Engineer
66286,King,Meszaros,9/29/62,6/23/93,1/1/99,Senior Engineer
66298,Boaz,Neimat,7/20/62,6/15/91,1/1/99,Staff
66307,Weiye,Turnbull,1/25/62,2/3/91,1/1/99,Engineer
66316,Breannda,Fairtlough,3/11/62,9/10/85,1/1/99,Engineer
66317,Salvador,Bernardeschi,7/22/62,12/16/96,1/1/99,Engineer
66318,Hercules,Callaway,6/22/62,6/28/90,1/1/99,Senior Staff
66323,Maris,Gill,10/26/62,10/21/91,1/1/99,Engineer
66327,Lakshmi,Kroha,4/26/63,7/29/98,1/1/99,Engineer
66330,Nahid,Servieres,5/6/62,10/18/91,1/1/99,Assistant Engineer
66331,Nitsan,Dulli,3/24/64,2/18/92,1/1/99,Staff
66334,Kannan,Rande,2/14/62,12/12/93,1/1/99,Engineer
66337,Joydip,Muntz,6/23/62,2/4/01,1/1/99,Engineer
66342,Abdelwaheb,Zockler,4/1/63,9/5/93,1/1/99,Assistant Engineer
66348,Doohun,Schrift,1/14/64,3/31/93,1/1/99,Senior Staff
66358,Charlene,Krogh,3/9/63,8/3/96,1/1/99,Engineer
66360,Kenton,Perez,11/28/63,1/30/86,1/1/99,Senior Staff
66363,Adil,Gill,12/3/62,2/28/91,1/1/99,Engineer
66368,Rosli,Marzano,1/1/63,9/4/99,1/1/99,Engineer
66369,Brewster,Cannane,9/14/62,3/12/86,1/1/99,Senior Engineer
66371,Cheong,Steenbeek,9/11/62,11/25/97,1/1/99,Senior Engineer
66372,Jianhua,Esteva,8/18/62,9/3/85,1/1/99,Engineer
66382,Domenico,Candan,1/4/65,7/13/97,1/1/99,Engineer
66385,Arup,Zeilberger,4/17/64,1/24/96,1/1/99,Staff
66386,Taisook,Cheshire,1/23/62,8/30/98,1/1/99,Staff
66392,Steve,Felcyn,11/27/62,11/7/97,1/1/99,Senior Engineer
66393,Berthier,Ranta,9/18/62,7/31/91,1/1/99,Senior Engineer
66398,Dietrich,Broomell,3/25/64,10/31/91,1/1/99,Senior Staff
66407,Mabo,Ferriere,3/10/64,1/9/93,1/1/99,Senior Staff
66421,Boguslaw,Salvesen,1/22/62,10/22/89,1/1/99,Engineer
66422,Chiranjit,Mukaidono,3/5/64,7/19/93,1/1/99,Technique Leader
66427,Kendra,Bael,1/12/64,1/19/89,1/1/99,Senior Engineer
66437,Sreekrishna,Kitsuregawa,9/10/63,1/28/90,1/1/99,Engineer
66441,Venkatesan,Smailagic,1/30/62,6/9/93,1/1/99,Senior Staff
66443,Jinxi,Danecki,12/18/63,3/4/89,1/1/99,Assistant Engineer
66446,Roded,Thiran,9/17/64,8/17/86,1/1/99,Senior Engineer
66448,Frederique,Beilner,3/21/62,7/11/95,1/1/99,Senior Staff
66449,Mountaz,Marchegay,2/15/63,1/21/86,1/1/99,Engineer
66452,Chinya,Rathonyi,5/9/62,2/13/86,1/1/99,Engineer
66461,Salvador,Hertweck,3/16/63,10/30/95,1/1/99,Senior Staff
66462,Kamran,Rajala,7/10/62,4/23/93,1/1/99,Senior Staff
66463,Jianhua,Farrag,12/29/63,9/19/95,1/1/99,Staff
66464,Hailing,Kalorkoti,2/24/63,9/4/97,1/1/99,Staff
66469,Toshiko,Rullman,8/4/62,12/29/00,1/1/99,Engineer
66472,Nevin,Lortz,4/13/62,2/5/98,1/1/99,Staff
66474,Carrsten,Brodie,4/21/63,9/19/90,1/1/99,Senior Engineer
66478,Kolar,Kalloufi,2/4/64,5/28/91,1/1/99,Senior Staff
66483,Jaques,Negoita,2/2/64,3/15/88,1/1/99,Senior Engineer
66484,Conrado,Hempstead,8/23/63,12/24/87,1/1/99,Senior Engineer
66488,Tayeb,Swift,7/5/62,2/26/01,1/1/99,Engineer
66492,Shaibal,Kornyak,3/2/63,8/28/93,1/1/99,Senior Engineer
66503,Kazuhisa,Crelier,9/17/64,7/19/99,1/1/99,Engineer
66508,Dmitry,Coombs,1/28/63,11/7/90,1/1/99,Staff
66509,Arno,Sgarro,12/18/64,4/26/99,1/1/99,Senior Engineer
66527,Shem,Compeau,11/23/64,11/27/86,1/1/99,Senior Staff
66530,Dung,Leaver,1/29/65,4/4/98,1/1/99,Staff
66542,Hein,Schreiter,3/24/63,5/14/90,1/1/99,Senior Engineer
66546,Venkatesan,Randi,5/3/63,12/6/96,1/1/99,Staff
66550,Gad,Rikino,12/8/62,8/15/98,1/1/99,Senior Staff
66557,Remko,Suomi,2/8/64,9/4/95,1/1/99,Senior Engineer
66573,Larisa,Whittlesey,6/11/63,6/24/89,1/1/99,Assistant Engineer
66595,Tooru,Flowers,2/4/62,5/21/87,1/1/99,Staff
66596,Demin,Bernick,11/16/63,11/26/90,1/1/99,Staff
66609,Tua,Matzke,5/11/64,11/17/91,1/1/99,Engineer
66613,Masaki,Woycyznski,12/30/64,1/10/90,1/1/99,Staff
66630,Tayeb,Hedayat,8/6/62,11/5/97,1/1/99,Engineer
66636,Kish,Litecky,10/4/64,1/22/97,1/1/99,Staff
66639,Kenton,Anily,9/30/64,11/9/87,1/1/99,Engineer
66643,Jianhao,Tomescu,1/18/65,8/26/96,1/1/99,Engineer
66654,Rayond,Takkinen,11/3/62,10/10/86,1/1/99,Senior Staff
66659,Hidekazu,Lukaszewicz,6/4/63,12/24/85,1/1/99,Engineer
66663,Dietrich,Naumovich,4/13/64,3/17/92,1/1/99,Senior Staff
66666,Renee,Klassen,8/11/62,11/24/92,1/1/99,Staff
66669,Arnd,Dengi,1/22/63,5/18/99,1/1/99,Staff
66670,Berni,Picaronny,10/7/63,9/3/90,1/1/99,Engineer
66672,Zengping,Murtafg,7/8/63,9/20/89,1/1/99,Assistant Engineer
66673,Huiqun,Nations,9/9/62,7/23/86,1/1/99,Senior Engineer
66677,Bernardo,Sluis,8/28/63,10/30/87,1/1/99,Engineer
66678,Kristinn,Langford,8/17/63,2/22/97,1/1/99,Senior Engineer
66682,Achilleas,Yeung,2/11/62,1/7/90,1/1/99,Technique Leader
66684,Radhika,Schlenzig,1/26/62,1/24/94,1/1/99,Senior Engineer
66696,Toshiko,Heyers,5/30/64,7/20/02,1/1/99,Senior Staff
66702,Deniz,Thibadeau,2/1/65,9/27/94,1/1/99,Engineer
66704,Mizuhito,Naudin,1/4/64,5/17/89,1/1/99,Engineer
66706,Susuma,Dymetman,6/30/64,6/9/00,1/1/99,Engineer
66710,Mats,Zschoche,5/19/62,6/12/88,1/1/99,Senior Staff
66721,Gererd,Irland,10/4/64,12/20/98,1/1/99,Staff
66727,Francoise,Ghelli,2/15/62,2/13/91,1/1/99,Engineer
66734,Chirstian,Ranka,6/25/64,12/29/90,1/1/99,Senior Engineer
66747,Arne,Encarnacion,9/12/62,7/19/86,1/1/99,Engineer
66748,Eben,Herber,8/10/64,5/31/95,1/1/99,Staff
66751,Shaowen,Albarhamtoshy,10/14/62,10/31/99,1/1/99,Engineer
66752,Aiichiro,Neiman,12/25/63,6/25/96,1/1/99,Senior Staff
66757,Yonghong,Baig,1/16/65,4/10/99,1/1/99,Staff
66759,Neven,Spelt,4/10/64,2/10/99,1/1/99,Engineer
66765,Shirish,Polajnar,5/22/64,9/24/89,1/1/99,Technique Leader
66771,Hideo,Brickell,2/11/63,4/21/91,1/1/99,Senior Staff
66780,Vesna,Rodier,11/11/62,9/19/88,1/1/99,Staff
66784,Vidar,Haldar,7/22/64,4/3/92,1/1/99,Senior Engineer
66786,Tran,Seiwald,11/9/63,1/16/95,1/1/99,Senior Engineer
66789,Tomoyuki,Peak,1/12/63,4/30/87,1/1/99,Senior Staff
66793,Lansing,Kambil,5/15/64,6/20/85,1/1/99,Senior Staff
66806,Janche,McAffer,3/1/62,8/31/98,1/1/99,Engineer
66807,Aiman,Rosaz,1/21/65,5/22/90,1/1/99,Senior Engineer
66808,Ennio,Badr,2/25/64,12/25/92,1/1/99,Engineer
66812,Ibibia,Bressoud,10/10/64,1/18/88,1/1/99,Staff
66815,Georgi,Miake,11/19/63,10/9/94,1/1/99,Assistant Engineer
66826,Nahid,Pietracaprina,1/14/64,11/29/85,1/1/99,Engineer
66829,Gunilla,Serna,8/5/64,9/30/97,1/1/99,Staff
66832,Barna,Fiutem,6/11/62,3/12/95,1/1/99,Staff
66833,Morrie,Bratsberg,3/15/62,12/17/91,1/1/99,Engineer
66838,Cathie,Boyle,7/6/63,12/18/98,1/1/99,Senior Staff
66843,Munir,McClurg,12/8/62,9/2/90,1/1/99,Senior Engineer
66844,Kamakshi,Miculan,7/21/63,9/12/90,1/1/99,Senior Engineer
66846,Juyoung,Wolniewicz,8/27/62,10/8/90,1/1/99,Engineer
66849,Marin,Vanwelkenhuysen,2/3/62,10/7/99,1/1/99,Assistant Engineer
66853,Adib,Rande,5/20/63,5/2/87,1/1/99,Staff
66860,Mack,Bain,6/9/64,3/12/87,1/1/99,Engineer
66861,Berthier,Lammel,4/5/64,6/19/95,1/1/99,Staff
66864,Mayuko,Viele,9/22/63,12/16/96,1/1/99,Senior Engineer
66874,Boalin,Kabayashi,3/10/64,3/5/02,1/1/99,Engineer
66880,Jiann,Luan,7/5/63,7/11/96,1/1/99,Technique Leader
66892,Tadanori,Vural,1/15/63,2/7/86,1/1/99,Engineer
66893,DAIDA,Kawashima,7/11/62,2/22/92,1/1/99,Senior Engineer
66895,Macha,Kroll,2/7/62,9/2/98,1/1/99,Staff
66898,Arunachalam,Chinin,10/19/62,1/18/96,1/1/99,Engineer
66900,Saddek,Fiutem,7/1/63,6/14/99,1/1/99,Engineer
66903,Hitomi,Baaleh,6/2/63,1/30/93,1/1/99,Engineer
66910,Georgy,Aloisi,4/13/63,3/25/97,1/1/99,Staff
66912,Tsvetan,Ducloy,1/6/64,3/30/90,1/1/99,Senior Engineer
66916,Mountaz,Birge,6/4/64,1/1/96,1/1/99,Senior Engineer
66926,Shaw,Dehkordi,10/28/63,6/26/88,1/1/99,Senior Staff
66927,Maha,Brodie,5/12/62,4/12/88,1/1/99,Engineer
66938,Noritoshi,Mikschl,12/25/62,12/26/94,1/1/99,Engineer
66941,Maya,Peck,7/27/64,7/24/95,1/1/99,Senior Engineer
66951,Koldo,Tsukuda,3/22/64,9/30/87,1/1/99,Engineer
66953,Masaki,Gelosh,9/8/63,11/29/90,1/1/99,Senior Staff
66958,Yucai,Maraist,11/15/64,5/22/88,1/1/99,Senior Staff
66964,Martine,Linares,10/25/62,8/16/96,1/1/99,Engineer
66969,Jinpo,Junot,3/9/62,8/29/99,1/1/99,Senior Engineer
66972,Christoper,Luks,1/28/64,1/22/94,1/1/99,Engineer
66975,Val,Beilner,12/22/63,11/30/01,1/1/99,Engineer
66979,Kousuke,Guardalben,1/17/62,11/12/87,1/1/99,Senior Engineer
66983,Yuuichi,Pellegrinelli,2/10/64,11/15/96,1/1/99,Staff
67010,Sudharsan,Pramanik,8/17/64,2/16/85,1/1/99,Staff
67013,Odinaldo,Rajaraman,10/3/62,5/8/85,1/1/99,Senior Staff
67017,Subir,Pluym,12/7/63,5/2/86,1/1/99,Engineer
67018,Sanjay,Janetzko,2/22/63,7/4/93,1/1/99,Assistant Engineer
67020,Howell,Gronowski,10/29/62,9/26/99,1/1/99,Staff
67022,Kolar,Cronau,8/9/62,2/14/90,1/1/99,Engineer
67023,Petter,McDermid,4/19/64,6/9/85,1/1/99,Engineer
67027,Alenka,Stanger,6/4/62,2/4/00,1/1/99,Engineer
67028,Qunsheng,Doering,5/2/62,12/1/96,1/1/99,Engineer
67030,Bader,Falco,8/19/62,5/15/90,1/1/99,Senior Staff
67031,Kenroku,Cullers,1/22/64,4/28/94,1/1/99,Senior Engineer
67035,Tsz,Hardjono,6/20/62,9/30/99,1/1/99,Engineer
67040,Carrsten,Marsiglia,12/27/64,10/29/94,1/1/99,Senior Staff
67042,Tze,Conry,2/13/62,3/28/99,1/1/99,Senior Engineer
67045,Poorav,Bonifati,3/2/62,4/22/96,1/1/99,Senior Engineer
67053,Shiv,Merlo,9/30/64,2/11/99,1/1/99,Engineer
67063,Ingmar,Demri,12/21/63,7/21/97,1/1/99,Staff
67071,Miyeon,Peres,8/20/63,6/17/86,1/1/99,Engineer
67073,Jingling,Zweizig,8/23/64,12/12/87,1/1/99,Senior Staff
67075,Phule,Eiron,11/14/64,9/30/93,1/1/99,Senior Engineer
67078,Vojin,Whittlesey,4/28/62,8/13/98,1/1/99,Staff
67080,Vatsa,Snyers,4/4/62,5/7/91,1/1/99,Senior Engineer
67085,Jackson,Socorro,5/9/63,11/16/90,1/1/99,Senior Staff
67086,Sudharsan,Chvatal,1/27/63,6/7/98,1/1/99,Engineer
67089,Jianhao,Peris,7/20/64,10/18/96,1/1/99,Engineer
67090,Aiichiro,Hofmeyr,4/8/63,7/11/92,1/1/99,Staff
67092,Sanjay,Laventhal,11/6/64,9/4/85,1/1/99,Technique Leader
67093,Marek,Swift,8/29/63,10/8/90,1/1/99,Senior Engineer
67094,Samphel,Jonsson,1/25/62,1/29/96,1/1/99,Senior Staff
67096,Kensei,Heydon,3/20/63,10/22/93,1/1/99,Senior Staff
67102,Odysseas,Cangellaris,4/13/64,9/7/91,1/1/99,Senior Engineer
67103,Jianhua,Raczkowsky,9/17/64,10/2/87,1/1/99,Staff
67104,Tze,Hiyoshi,4/24/62,11/28/92,1/1/99,Engineer
67110,Hyuckchul,Pezzoli,6/9/63,5/2/02,1/1/99,Assistant Engineer
67114,Berni,Stanger,12/30/63,8/25/93,1/1/99,Engineer
67117,Elliott,Terkki,7/3/62,2/27/90,1/1/99,Senior Staff
67119,Nishit,Babu,6/26/64,3/29/94,1/1/99,Senior Engineer
67121,Martins,Randi,6/24/64,2/14/91,1/1/99,Senior Staff
67125,Jayson,Rindone,11/18/64,8/7/94,1/1/99,Staff
67129,Kiyotoshi,Auyong,12/4/63,7/30/88,1/1/99,Engineer
67145,Peer,Camurati,2/8/63,12/25/85,1/1/99,Senior Staff
67152,Odysseas,Gyorkos,10/6/64,6/22/90,1/1/99,Staff
67153,Kazuhiro,Georg,5/25/64,6/2/98,1/1/99,Staff
67158,Xiahua,Rando,1/12/62,3/24/85,1/1/99,Senior Staff
67167,Uta,Pargaonkar,10/26/64,3/18/93,1/1/99,Engineer
67173,Spyrose,Maraist,7/26/63,7/21/89,1/1/99,Staff
67174,Rance,Budinsky,7/21/62,6/2/89,1/1/99,Engineer
67176,Sukumar,Peroz,9/16/62,1/6/89,1/1/99,Engineer
67180,Menkae,Bakhtari,4/14/64,3/1/89,1/1/99,Engineer
67185,Geraldo,Dolinsky,7/19/63,12/18/86,1/1/99,Senior Engineer
67187,Mansur,Bellmore,10/29/64,12/31/99,1/1/99,Engineer
67190,Udo,Bratsberg,2/26/63,1/28/98,1/1/99,Senior Staff
67191,Roselyn,Underwood,11/25/62,5/13/85,1/1/99,Senior Engineer
67192,Zissis,Ozery,2/29/64,1/2/96,1/1/99,Senior Staff
67193,Shawna,Hutter,9/15/63,2/24/91,1/1/99,Senior Staff
67196,Demos,Papsdorf,11/19/63,8/27/93,1/1/99,Senior Staff
67201,Karlis,Piveteau,4/29/64,6/10/96,1/1/99,Engineer
67204,Gen,Cheshire,12/19/63,2/21/91,1/1/99,Staff
67205,Matt,Marwedel,2/29/64,9/9/99,1/1/99,Engineer
67209,Stevo,Mahnke,8/28/62,9/11/94,1/1/99,Senior Engineer
67211,Stella,Braccini,7/4/62,5/19/93,1/1/99,Staff
67212,Vasilis,Ebeling,1/2/64,6/14/94,1/1/99,Assistant Engineer
67213,Shrikanth,Onuegbe,9/9/63,6/26/89,1/1/99,Senior Staff
67217,Fatemeh,Iwayama,11/8/62,2/8/90,1/1/99,Engineer
67218,Salvador,Holburn,9/28/62,9/4/95,1/1/99,Assistant Engineer
67219,Jeanna,Niizuma,8/24/62,1/1/98,1/1/99,Staff
67220,Oguz,Erol,1/1/62,11/3/92,1/1/99,Senior Staff
67221,Demos,Kadhim,12/22/63,6/1/89,1/1/99,Senior Engineer
67222,Yongqiao,Bazzichi,8/9/64,8/3/92,1/1/99,Senior Engineer
67229,Wuxu,Coney,9/9/64,1/13/99,1/1/99,Staff
67230,Tsz,Kolinko,3/16/63,6/5/89,1/1/99,Engineer
67231,Stein,Meszaros,5/26/63,9/7/91,1/1/99,Engineer
67236,Subhash,Linares,12/10/62,7/7/85,1/1/99,Engineer
67237,Xiong,Peltason,6/9/62,12/11/98,1/1/99,Senior Staff
67240,Morris,Antonakopoulos,10/10/63,8/12/94,1/1/99,Engineer
67248,Tsz,Bellone,5/13/64,1/19/00,1/1/99,Senior Staff
67249,Ipke,Shihab,1/7/62,3/18/98,1/1/99,Assistant Engineer
67251,Zeljko,Strandh,12/9/64,6/27/90,1/1/99,Senior Engineer
67254,Eric,Kobuchi,5/30/63,2/11/94,1/1/99,Senior Staff
67269,Kamran,Coullard,10/2/62,7/27/88,1/1/99,Engineer
67278,Mahendra,Jansch,4/16/63,8/12/87,1/1/99,Staff
67279,Hailing,Begiun,12/20/64,6/6/86,1/1/99,Senior Engineer
67287,Berni,Deverell,6/21/64,5/20/87,1/1/99,Technique Leader
67291,Jovan,Peron,11/29/62,11/11/96,1/1/99,Staff
67296,Percy,Malinowski,4/12/62,4/26/86,1/1/99,Senior Staff
67308,Maren,Verspoor,4/8/63,7/13/94,1/1/99,Senior Staff
67309,Jungsoon,Ducloy,3/21/64,6/18/99,1/1/99,Staff
67310,Ingemar,Cherinka,7/30/62,12/23/96,1/1/99,Staff
67312,Naftaly,Zaccaria,11/18/63,9/18/98,1/1/99,Senior Engineer
67317,Nikolaos,Haumacher,10/1/62,7/21/93,1/1/99,Senior Staff
67320,Sadok,Lorys,1/18/65,5/10/87,1/1/99,Senior Staff
67344,Wilmer,Perl,8/25/64,11/5/01,1/1/99,Engineer
67346,Claudi,Borstler,9/7/63,7/16/95,1/1/99,Senior Engineer
67347,Pradeep,Feldhoffer,8/7/63,8/21/90,1/1/99,Senior Staff
67361,Aluzio,Meszaros,7/4/64,6/10/90,1/1/99,Senior Engineer
67365,Sanjit,Pileggi,6/15/64,8/20/85,1/1/99,Engineer
67371,Hiroyasu,Bergere,8/19/64,8/11/90,1/1/99,Senior Engineer
67372,Marlo,Fraisse,12/25/63,10/23/92,1/1/99,Staff
67378,Sham,Kalorkoti,8/5/63,3/11/91,1/1/99,Senior Engineer
67380,Parto,Curless,2/26/62,9/11/90,1/1/99,Engineer
67384,Nevin,Matzat,1/1/64,12/15/01,1/1/99,Senior Staff
67391,Dines,Nourani,4/12/63,8/24/94,1/1/99,Staff
67393,Erez,Conte,11/18/64,11/29/96,1/1/99,Engineer
67397,Sudhanshu,Desikan,12/13/62,8/22/92,1/1/99,Senior Staff
67408,Huai,Hiroyama,5/7/64,3/4/99,1/1/99,Staff
67420,Gritta,Nyrup,10/7/64,12/14/98,1/1/99,Staff
67421,Keiichiro,Rosch,5/15/64,8/26/92,1/1/99,Senior Staff
67423,Indrajit,Standera,12/30/64,8/15/94,1/1/99,Engineer
67425,Tonny,Denny,11/18/63,5/15/88,1/1/99,Senior Staff
67427,Zeljko,Merli,7/30/64,3/10/89,1/1/99,Senior Staff
67430,Hauke,Penttonen,8/31/62,3/1/91,1/1/99,Senior Staff
67440,Christoph,Back,1/18/63,1/25/00,1/1/99,Staff
67448,Suvo,Baez,4/20/63,4/27/92,1/1/99,Senior Staff
67449,Sariel,Hartvigsen,7/20/64,10/12/91,1/1/99,Staff
67453,Stepehn,Serdy,2/12/63,12/6/95,1/1/99,Staff
67458,Adas,Kavraki,11/14/63,9/24/92,1/1/99,Senior Staff
67459,Rajmohan,Armand,10/25/63,6/30/86,1/1/99,Senior Staff
67467,Jiafu,Schaap,7/13/63,4/9/01,1/1/99,Staff
67473,Beshir,Sethi,11/7/64,11/3/87,1/1/99,Engineer
67479,Jeanna,Makinen,1/12/63,1/21/91,1/1/99,Technique Leader
67484,Shigeu,Serra,11/19/64,4/11/91,1/1/99,Senior Engineer
67489,Constantijn,Conti,2/24/63,8/20/86,1/1/99,Senior Engineer
67490,Moriyoshi,Molenaar,6/18/63,3/18/86,1/1/99,Senior Staff
67493,Yechiam,Malinowski,11/16/63,1/21/88,1/1/99,Senior Staff
67496,Shuzo,Shanbhogue,11/9/64,2/12/88,1/1/99,Senior Staff
67505,Soenke,Kieras,10/21/63,3/13/96,1/1/99,Assistant Engineer
67507,Branimir,Rosca,10/7/62,11/19/92,1/1/99,Engineer
67509,Stella,Stentiford,7/30/64,1/28/98,1/1/99,Staff
67510,Mohammad,Ullian,4/12/62,8/18/90,1/1/99,Staff
67511,Unal,Chinin,9/13/64,10/3/88,1/1/99,Staff
67514,Takahito,Denos,9/26/64,4/30/93,1/1/99,Staff
67540,TRUE,Krichel,4/10/64,12/31/86,1/1/99,Senior Staff
67541,Wuxu,Ertl,8/29/63,3/3/86,1/1/99,Engineer
67543,Arve,Nergos,4/12/63,7/29/95,1/1/99,Engineer
67548,Fumitaka,Roohalamini,1/11/65,6/27/98,1/1/99,Staff
67550,Hitofumi,Karunanithi,11/28/64,2/27/96,1/1/99,Technique Leader
67551,Kien,Oaver,5/18/63,3/12/87,1/1/99,Assistant Engineer
67559,Ult,Prenel,10/28/62,8/22/87,1/1/99,Senior Staff
67560,Lihong,Suri,11/7/64,4/30/98,1/1/99,Staff
67568,Josyula,Tempesti,1/28/64,11/3/95,1/1/99,Assistant Engineer
67575,Fatemeh,Sundgren,4/24/63,7/18/96,1/1/99,Staff
67586,Jovan,Reeker,6/14/63,2/26/91,1/1/99,Technique Leader
67592,Gopalakrishnan,Sherertz,1/5/64,6/15/85,1/1/99,Senior Staff
67598,Arie,Tasistro,8/4/62,7/19/98,1/1/99,Staff
67601,Naraig,Rusmann,12/1/63,5/17/91,1/1/99,Engineer
67603,Margo,Lunt,7/10/62,1/21/98,1/1/99,Engineer
67619,Lakshmi,Zumaque,5/25/62,2/28/93,1/1/99,Assistant Engineer
67623,Aram,Heyers,10/3/63,12/19/98,1/1/99,Senior Engineer
67627,Make,Kieras,7/1/62,1/11/88,1/1/99,Technique Leader
67635,Leni,Yetto,10/29/62,10/6/88,1/1/99,Senior Staff
67636,Yishay,Munro,2/20/64,9/18/91,1/1/99,Assistant Engineer
67648,Hiroyasu,Segond,9/15/63,7/14/92,1/1/99,Engineer
67649,Jayesh,Hutton,11/5/63,6/12/85,1/1/99,Staff
67663,Filipp,Demir,11/1/64,6/20/85,1/1/99,Engineer
67670,Xinyu,Vuskovic,12/30/62,8/10/87,1/1/99,Technique Leader
67677,Parviz,Duclos,5/10/63,7/20/89,1/1/99,Senior Staff
67706,Rimon,Radivojevic,3/13/64,12/9/97,1/1/99,Senior Staff
67711,Dayanand,Piazza,12/31/63,11/15/86,1/1/99,Technique Leader
67715,Mechthild,Isaak,11/15/63,1/15/98,1/1/99,Engineer
67720,Kristian,Bazzichi,1/18/62,6/21/88,1/1/99,Technique Leader
67733,Gian,Mansanne,7/19/64,12/28/95,1/1/99,Engineer
67744,Odoardo,Leppanen,1/8/62,4/25/01,1/1/99,Senior Engineer
67745,Maren,Luby,10/3/62,4/25/93,1/1/99,Engineer
67746,Shigehito,Matzen,3/6/62,1/30/00,1/1/99,Staff
67756,Brewster,Ginneken,6/21/62,8/3/91,1/1/99,Senior Engineer
67758,Dipankar,Whitcomb,9/30/63,4/21/88,1/1/99,Senior Engineer
67765,Huican,Albarhamtoshy,8/9/63,2/12/91,1/1/99,Staff
67768,Ger,Alblas,2/10/63,8/18/92,1/1/99,Engineer
67772,Boaz,Ashish,4/2/64,1/27/98,1/1/99,Staff
67773,Baruch,Khalid,12/16/62,11/26/87,1/1/99,Engineer
67775,Werner,Chenney,10/20/63,3/2/93,1/1/99,Engineer
67778,Kankanahalli,Narahara,2/3/63,10/31/98,1/1/99,Staff
67784,Nahid,Kakkad,4/29/63,6/17/98,1/1/99,Staff
67788,Khalil,Talmon,4/5/62,12/5/91,1/1/99,Senior Staff
67794,JoAnna,Verhoeff,12/26/64,10/9/85,1/1/99,Senior Engineer
67800,Dayanand,Snyers,8/6/64,10/25/96,1/1/99,Staff
67805,Reinhard,Lorho,6/12/62,7/5/92,1/1/99,Senior Staff
67806,Mingsen,Frijda,4/22/64,5/27/91,1/1/99,Senior Engineer
67822,Ebru,Rosin,7/25/63,5/8/92,1/1/99,Senior Staff
67824,Gunilla,Luga,10/22/62,2/7/92,1/1/99,Senior Staff
67844,Yunming,Deyuan,9/22/62,12/27/96,1/1/99,Staff
67850,Masami,Beausoleil,12/7/64,12/2/86,1/1/99,Engineer
67859,Jordanka,Swift,1/16/62,8/23/98,1/1/99,Senior Staff
67863,Kasidit,Calkin,8/22/63,3/22/91,1/1/99,Engineer
67864,Jaewon,Fujisaki,9/21/63,4/13/90,1/1/99,Senior Engineer
67871,Toshiko,Ranon,4/11/63,7/17/95,1/1/99,Staff
67877,Bernardo,Raoux,7/31/63,10/22/91,1/1/99,Senior Staff
67880,Vasilis,Waeselynck,5/22/63,5/19/91,1/1/99,Engineer
67887,Branimir,Kandlur,8/22/63,4/16/89,1/1/99,Senior Engineer
67888,Neven,Vilarrasa,2/26/64,5/15/85,1/1/99,Senior Engineer
67891,Tesuya,Zweizig,10/4/62,1/29/96,1/1/99,Senior Engineer
67900,Somnath,Serna,9/6/64,11/4/88,1/1/99,Senior Staff
67901,Shaowen,Rodiger,9/18/62,3/5/93,1/1/99,Senior Engineer
67903,Gad,Remmele,2/24/62,9/27/93,1/1/99,Senior Engineer
67909,Chuanyi,Reeken,12/9/63,12/10/89,1/1/99,Engineer
67912,Claudi,Mateescu,3/26/63,7/18/85,1/1/99,Engineer
67913,Takahira,Knightly,7/29/63,8/20/95,1/1/99,Senior Engineer
67934,Aiman,Gargeya,1/7/65,3/7/85,1/1/99,Senior Engineer
67935,Sanjai,Bellone,2/27/64,9/12/98,1/1/99,Engineer
67952,Tran,Fraisse,4/26/64,5/3/92,1/1/99,Senior Engineer
67974,Xiaocheng,Cyre,12/5/62,2/19/93,1/1/99,Senior Engineer
67977,Chuanti,Shihab,12/2/63,1/7/96,1/1/99,Senior Engineer
67979,Sadun,Madeira,3/23/63,10/28/93,1/1/99,Senior Staff
67981,Alagu,Kenevan,9/26/62,8/10/93,1/1/99,Engineer
67987,Heather,Talmor,10/19/62,9/26/98,1/1/99,Senior Staff
67998,Adel,Marchegay,11/28/64,11/4/89,1/1/99,Technique Leader
68000,Shuji,Felder,11/8/64,12/12/95,1/1/99,Senior Engineer
68008,Kellyn,Picco,2/14/62,5/3/97,1/1/99,Engineer
68014,Mrinalini,Covnot,5/2/62,8/18/88,1/1/99,Staff
68016,Alair,Mondadori,9/22/64,3/26/95,1/1/99,Staff
68026,Arvin,Nanard,7/30/64,1/7/90,1/1/99,Engineer
68044,Yahiko,Aloia,3/24/62,12/14/96,1/1/99,Senior Engineer
68049,Chenxi,Narwekar,10/8/63,10/7/87,1/1/99,Staff
68053,Gaetan,Kroon,12/31/63,3/26/99,1/1/99,Engineer
68057,Sanjit,Acton,1/27/62,6/12/92,1/1/99,Senior Engineer
68064,Mandell,Usdin,2/4/62,5/21/92,1/1/99,Staff
68065,Filipe,Maierhofer,11/11/63,11/5/99,1/1/99,Staff
68077,Bernt,Kaelbling,7/22/64,1/26/95,1/1/99,Engineer
68078,Hidde,Erev,4/8/62,9/1/93,1/1/99,Engineer
68081,Rafols,Rabejac,7/11/63,5/1/89,1/1/99,Senior Staff
68085,Tetsushi,Thorensen,10/17/62,9/12/94,1/1/99,Engineer
68086,Aral,Hoppenstand,1/24/63,7/30/85,1/1/99,Staff
68088,Moon,Potthoff,9/21/62,1/8/98,1/1/99,Engineer
68095,Sampalli,Gyimothy,12/27/62,3/23/85,1/1/99,Senior Staff
68096,Spyrose,Bolsens,11/27/64,9/21/88,1/1/99,Staff
68101,Doohun,Huhdanpaa,5/1/64,6/3/87,1/1/99,Senior Engineer
68105,Dinah,Dahlbom,2/17/63,7/1/88,1/1/99,Engineer
68109,Tetsushi,Kambil,10/28/64,7/23/92,1/1/99,Engineer
68128,Cullen,Lund,8/1/62,10/4/87,1/1/99,Senior Staff
68134,Hatsukazu,Gilg,3/25/64,3/24/86,1/1/99,Staff
68136,Jaewoo,Ramras,8/22/64,12/5/90,1/1/99,Senior Engineer
68145,Nathan,Plotkin,6/29/64,7/17/95,1/1/99,Senior Staff
68148,Mooi,Syrotiuk,7/6/62,5/2/01,1/1/99,Senior Staff
68151,Kousuke,Lorin,8/11/63,6/19/94,1/1/99,Assistant Engineer
68156,Honglan,Chachaty,5/6/63,5/14/01,1/1/99,Engineer
68161,Sanjay,Mellouli,2/11/63,8/9/87,1/1/99,Senior Staff
68178,Valeska,Dredge,5/13/64,7/31/86,1/1/99,Staff
68180,Nevio,Herbst,5/14/63,11/26/92,1/1/99,Senior Staff
68183,Kristina,Perl,10/30/63,2/17/00,1/1/99,Engineer
68184,Yonghoan,Farris,10/19/62,11/7/85,1/1/99,Engineer
68187,Zhenhua,Skogmar,4/4/63,12/19/91,1/1/99,Senior Staff
68188,Chenyi,Feldhoffer,3/9/63,10/22/99,1/1/99,Staff
68190,Debaprosad,Wissmann,4/10/64,6/7/94,1/1/99,Senior Staff
68192,Xiadong,Bail,2/22/62,3/10/99,1/1/99,Engineer
68195,Deborah,Breugel,7/4/62,7/5/96,1/1/99,Staff
68200,Bingning,Weisert,3/6/62,6/13/95,1/1/99,Engineer
68204,Tuval,Trogemann,10/26/63,7/19/86,1/1/99,Senior Staff
68205,Marsha,Zweizig,10/15/62,12/2/96,1/1/99,Engineer
68207,Kristina,Harbusch,10/15/64,10/23/93,1/1/99,Senior Engineer
68209,Luigi,Staudhammer,4/5/64,1/10/93,1/1/99,Senior Engineer
68210,Tremaine,Suermann,11/29/63,12/17/98,1/1/99,Staff
68225,Maia,Kitai,11/25/62,1/28/89,1/1/99,Senior Staff
68228,Suzette,Kilgour,11/21/62,1/23/96,1/1/99,Technique Leader
68238,Shaibal,Debuse,1/7/63,8/14/86,1/1/99,Senior Engineer
68241,Kazuhira,Fetvedt,10/18/64,8/20/98,1/1/99,Senior Engineer
68251,Haldun,Rosaz,5/2/62,5/26/92,1/1/99,Senior Staff
68254,Augustine,Siepmann,6/23/63,3/9/92,1/1/99,Senior Staff
68271,Gaetan,Pellegrinelli,2/16/62,2/7/95,1/1/99,Senior Engineer
68272,Limsoon,Dymetman,9/30/62,10/31/97,1/1/99,Engineer
68278,Dmitri,Rosch,12/16/63,9/5/89,1/1/99,Engineer
68281,Radhia,Kawashimo,11/17/64,6/11/86,1/1/99,Engineer
68285,Morris,Brobst,6/25/62,12/29/95,1/1/99,Engineer
68289,Frederique,Wossner,10/28/64,3/4/96,1/1/99,Staff
68291,Peer,Demian,5/8/62,8/27/89,1/1/99,Senior Engineer
68298,Yakkov,Bashian,9/27/63,1/17/97,1/1/99,Staff
68301,Perla,Steenbeek,1/3/63,3/16/85,1/1/99,Senior Engineer
68302,Rosalie,Luff,5/13/63,4/7/91,1/1/99,Staff
68306,Erzsebet,Vernadat,10/3/63,10/4/91,1/1/99,Senior Staff
68310,Surveyors,Fujisawa,5/19/62,10/1/91,1/1/99,Technique Leader
68311,Shunichi,Pluym,8/5/62,8/5/86,1/1/99,Senior Staff
68314,Hitomi,Katzenelson,3/5/64,12/8/94,1/1/99,Staff
68317,Giordano,Lyonns,8/6/63,11/18/01,1/1/99,Staff
68320,Junsik,Chiola,11/16/64,8/5/95,1/1/99,Senior Staff
68324,Mori,Curless,3/5/64,5/2/90,1/1/99,Senior Staff
68329,Marko,Klerer,11/24/64,4/29/91,1/1/99,Staff
68331,Chikara,Chinin,5/9/63,6/26/88,1/1/99,Staff
68338,Sven,Demeyer,5/30/63,1/17/87,1/1/99,Senior Staff
68340,Goncalo,Srimani,11/19/64,11/22/99,1/1/99,Technique Leader
68342,Inderjeet,Stafford,3/25/64,10/2/97,1/1/99,Senior Staff
68347,Bedir,Nicolson,7/24/62,8/7/96,1/1/99,Staff
68348,Harjit,Shackell,1/9/63,8/2/89,1/1/99,Engineer
68352,Huai,Mullainathan,6/19/64,12/9/99,1/1/99,Senior Staff
68354,Shounak,Bolotov,8/31/62,5/29/95,1/1/99,Senior Engineer
68356,Elliott,Zeilberger,4/1/64,1/8/00,1/1/99,Staff
68362,Takushi,Talmon,11/4/62,8/24/94,1/1/99,Engineer
68363,Sajjan,Milicic,8/31/64,2/25/88,1/1/99,Senior Staff
68372,Malu,Karcich,2/2/63,1/17/97,1/1/99,Staff
68376,Aluzio,Dulli,9/26/63,7/21/97,1/1/99,Assistant Engineer
68377,Duro,Nourani,2/10/64,11/4/95,1/1/99,Engineer
68379,Jaideep,Senzako,9/24/62,1/23/89,1/1/99,Senior Staff
68383,Hatem,Chinen,8/1/64,4/6/87,1/1/99,Senior Staff
68400,Sorina,Waschkowski,1/27/63,10/29/91,1/1/99,Senior Staff
68406,Soenke,Janetzko,11/25/63,4/14/86,1/1/99,Senior Staff
68410,Masato,Claffy,7/4/64,12/25/89,1/1/99,Staff
68413,Shigeu,Menyhert,3/15/63,7/5/98,1/1/99,Staff
68415,Suzette,Baig,7/24/64,8/9/93,1/1/99,Senior Staff
68416,Munenori,Debuse,1/27/65,11/8/90,1/1/99,Senior Engineer
68425,Navin,McConalogue,7/13/63,7/17/91,1/1/99,Assistant Engineer
68426,Peer,Perng,7/26/63,8/1/89,1/1/99,Senior Staff
68430,Stabislas,Muchinsky,6/17/62,12/2/86,1/1/99,Engineer
68435,Yannik,Radivojevic,5/19/62,9/20/86,1/1/99,Engineer
68437,Kellie,Schach,1/17/62,7/16/88,1/1/99,Senior Staff
68439,Mara,Malinowski,12/7/64,4/28/97,1/1/99,Assistant Engineer
68440,LiMin,Ranft,7/30/63,12/12/92,1/1/99,Engineer
68442,Koichi,Marsiglia,6/5/64,10/18/93,1/1/99,Staff
68445,Prasadram,Strandh,2/13/62,12/4/93,1/1/99,Senior Engineer
68451,Bernardo,Engelmann,12/9/64,3/2/99,1/1/99,Engineer
68453,Arra,Henders,12/7/64,1/28/95,1/1/99,Senior Engineer
68464,Nikolaus,Millington,3/23/62,6/9/94,1/1/99,Staff
68469,Parke,Glinert,7/15/63,6/5/90,1/1/99,Senior Staff
68479,Shigeaki,Ushiama,11/15/63,2/6/96,1/1/99,Senior Staff
68480,Gudjon,Jenevein,12/7/64,5/27/89,1/1/99,Assistant Engineer
68482,Peternela,Peltason,11/17/64,12/9/99,1/1/99,Engineer
68486,Shay,Antonisse,4/10/62,10/16/94,1/1/99,Staff
68489,Gunilla,Fetvedt,8/27/62,7/18/95,1/1/99,Staff
68492,Vishu,Heiserman,1/23/64,4/21/89,1/1/99,Engineer
68495,Marie,Taubman,1/29/62,5/3/97,1/1/99,Engineer
68496,Sibyl,Boudaillier,3/15/63,1/21/93,1/1/99,Senior Engineer
68498,Naftaly,Roisin,9/9/64,6/21/86,1/1/99,Engineer
68503,Ayonca,Leslie,11/15/64,12/27/93,1/1/99,Engineer
68506,Xiaoqiu,Snedden,3/11/64,9/24/96,1/1/99,Senior Staff
68507,TRUE,Picht,12/2/62,3/20/97,1/1/99,Staff
68511,Jenwei,Miara,7/17/62,10/30/90,1/1/99,Senior Engineer
68514,Florina,Morris,3/8/62,3/19/87,1/1/99,Staff
68517,Gilbert,Maliniak,9/13/64,10/15/99,1/1/99,Staff
68526,Marco,Milicia,7/25/62,1/7/88,1/1/99,Senior Engineer
68534,Aimee,Kroon,10/9/64,7/19/93,1/1/99,Senior Staff
68539,Oddvar,Matteis,12/11/62,6/29/92,1/1/99,Staff
68544,Basil,Sichman,2/7/62,8/25/99,1/1/99,Engineer
68565,Berni,Ranft,7/19/64,3/12/96,1/1/99,Senior Staff
68577,Fumiya,Gente,9/8/62,7/6/97,1/1/99,Staff
68583,Gritta,Toyoshima,8/1/63,11/2/99,1/1/99,Staff
68589,Mihalis,Tibblin,11/8/64,6/15/86,1/1/99,Engineer
68590,Peternela,Ritzmann,2/15/63,11/29/94,1/1/99,Engineer
68591,Saeed,Hempstead,1/13/64,5/18/95,1/1/99,Senior Engineer
68592,Rosalie,Marchesini,10/1/63,4/16/89,1/1/99,Engineer
68594,Uli,Wursthorn,5/13/62,12/11/88,1/1/99,Engineer
68598,Chirstian,Braunschweig,12/13/64,4/12/87,1/1/99,Staff
68608,Yucai,Seghrouchni,1/26/65,6/9/89,1/1/99,Engineer
68609,Frederique,Dulin,8/20/64,4/12/01,1/1/99,Staff
68610,Yuqun,Gopalakrishnan,10/15/63,2/28/91,1/1/99,Engineer
68615,Lijie,Jakobus,4/10/63,3/29/89,1/1/99,Staff
68624,Sariel,Demri,5/16/62,3/23/89,1/1/99,Assistant Engineer
68627,Fox,Farrow,9/24/63,5/13/02,1/1/99,Assistant Engineer
68630,Elzbieta,Moehrke,11/6/64,9/17/87,1/1/99,Senior Staff
68633,Chinhyun,Rassart,1/28/65,7/29/93,1/1/99,Senior Engineer
68637,Sibyl,Danley,5/11/64,8/13/99,1/1/99,Senior Staff
68638,Arup,Picel,3/9/63,8/4/85,1/1/99,Engineer
68640,Mariangiola,Nastansky,9/2/62,12/22/93,1/1/99,Senior Engineer
68647,Brewster,Savasere,5/12/64,10/11/92,1/1/99,Technique Leader
68648,Jaques,DiGiano,1/25/65,4/1/92,1/1/99,Technique Leader
68652,Dharmaraja,Alencar,5/3/62,12/26/98,1/1/99,Engineer
68653,Sushant,Hammerschmidt,4/3/63,12/27/90,1/1/99,Engineer
68656,Marin,Covnot,7/31/62,2/26/99,1/1/99,Senior Engineer
68658,Yucai,Trumbly,7/31/64,8/25/89,1/1/99,Senior Engineer
68661,Bernd,Gunderson,10/20/63,1/2/96,1/1/99,Senior Engineer
68667,Ramya,Miculan,4/8/63,6/25/95,1/1/99,Staff
68677,Eberhardt,Bahl,8/16/63,2/16/95,1/1/99,Senior Staff
68684,Dinkar,Puoti,4/17/62,4/28/86,1/1/99,Staff
68685,Ebbe,Gips,7/31/63,12/29/93,1/1/99,Engineer
68686,Macha,Wielonsky,4/30/64,2/16/02,1/1/99,Senior Engineer
68693,Bartek,Garnier,12/8/64,9/3/90,1/1/99,Staff
68694,Christophe,Serdy,4/28/63,6/1/93,1/1/99,Senior Engineer
68702,Kaijung,Range,7/25/62,6/17/96,1/1/99,Senior Staff
68710,Naftaly,Anger,8/12/62,3/21/87,1/1/99,Engineer
68727,Uma,Uludag,3/6/63,10/13/86,1/1/99,Engineer
68740,Chenye,Glinert,1/7/64,10/6/91,1/1/99,Senior Engineer
68741,Renee,Kisuki,3/5/63,5/7/97,1/1/99,Staff
68748,Van,Bazelow,10/21/63,1/26/87,1/1/99,Staff
68752,Kazuhiko,Takanami,12/23/63,5/30/98,1/1/99,Engineer
68755,Pramod,Suri,12/12/64,5/4/92,1/1/99,Senior Staff
68758,Uriel,Thisen,5/29/62,5/14/88,1/1/99,Engineer
68762,Morrie,Stifter,3/13/62,7/6/93,1/1/99,Senior Staff
68763,Ranga,Pauthner,5/6/62,9/8/92,1/1/99,Senior Engineer
68764,Jianhui,Ghalwash,8/20/62,10/18/85,1/1/99,Senior Staff
68767,Rimli,Gomatam,7/9/62,11/8/85,1/1/99,Staff
68774,Jessie,Axelband,10/3/63,10/8/91,1/1/99,Senior Engineer
68775,Chenxi,Kushnir,1/27/62,1/18/95,1/1/99,Senior Engineer
68783,Ziva,Baranowski,2/25/64,11/29/91,1/1/99,Senior Staff
68787,Maik,Deyuan,6/24/62,12/12/88,1/1/99,Staff
68789,Randi,Shimshoni,5/26/62,1/16/95,1/1/99,Senior Staff
68792,Marko,Oehlmann,10/11/64,4/26/88,1/1/99,Senior Staff
68795,Eirik,Mundy,11/20/63,8/5/92,1/1/99,Engineer
68797,Gunilla,Oberman,11/16/62,10/28/85,1/1/99,Senior Staff
68799,Eberhardt,Greenaway,7/24/64,7/24/88,1/1/99,Senior Engineer
68810,Mohd,Schwabacher,8/19/64,1/26/89,1/1/99,Engineer
68811,Nadjib,Uhrig,10/17/64,3/8/95,1/1/99,Senior Staff
68812,Genevieve,Mundy,4/11/62,9/30/89,1/1/99,Engineer
68816,Udo,Vingron,6/12/63,12/14/87,1/1/99,Senior Staff
68818,Tsz,Ladret,12/11/62,3/28/88,1/1/99,Assistant Engineer
68822,Etsuo,Cherinka,12/18/62,12/18/98,1/1/99,Engineer
68832,Sachio,Constantine,7/7/64,3/1/99,1/1/99,Staff
68833,Jayson,Passafiume,7/31/64,5/13/88,1/1/99,Staff
68836,Toong,Brodal,8/29/64,7/24/99,1/1/99,Senior Staff
68849,Christophe,Birge,5/4/63,7/4/98,1/1/99,Senior Staff
68850,Fan,Nastansky,4/28/62,7/28/96,1/1/99,Staff
68851,Utpal,Pargaonkar,5/30/64,4/25/85,1/1/99,Staff
68854,Souichi,Perfilyeva,12/5/64,4/15/86,1/1/99,Senior Staff
68855,Nahum,Cronin,3/13/63,1/16/01,1/1/99,Senior Staff
68868,Vojin,Garnham,10/6/63,5/15/89,1/1/99,Senior Staff
68889,Niclas,Sessa,3/8/64,9/7/85,1/1/99,Senior Staff
68893,Macha,Taubenfeld,3/23/62,5/22/99,1/1/99,Technique Leader
68896,Subhash,Merkl,1/11/63,6/26/91,1/1/99,Staff
68899,Tomokazu,Zallocco,9/13/64,3/17/98,1/1/99,Senior Staff
68904,Chiradeep,Gimbel,7/1/63,11/5/99,1/1/99,Senior Engineer
68934,Kazuhisa,Gladwell,3/27/63,11/21/90,1/1/99,Senior Staff
68948,Niclas,Bashian,10/29/64,10/20/92,1/1/99,Technique Leader
68957,Iara,Frezza,5/19/62,5/14/85,1/1/99,Staff
68967,Krisda,Stanger,12/10/63,3/22/86,1/1/99,Senior Engineer
68972,Krisda,Burnard,4/1/62,2/22/88,1/1/99,Engineer
68973,Vasiliy,Gyorkos,6/20/62,7/13/93,1/1/99,Senior Staff
68974,Mara,Benveniste,2/18/62,10/13/91,1/1/99,Engineer
68976,Kolar,Azadmanesh,10/24/64,1/16/87,1/1/99,Senior Engineer
68981,Takahiro,Grandbois,4/27/62,8/3/91,1/1/99,Senior Staff
68985,Manu,Ghelli,11/2/63,7/13/90,1/1/99,Senior Staff
68994,Tomoyuki,Neiman,1/26/62,11/18/97,1/1/99,Engineer
69035,Jackson,Birdsall,4/23/64,3/9/86,1/1/99,Senior Engineer
69036,Turgut,Flasterstein,11/22/63,12/2/99,1/1/99,Engineer
69043,Yuichiro,Rosin,5/22/64,7/4/87,1/1/99,Senior Staff
69052,Shietung,Shrader,1/26/65,8/5/95,1/1/99,Senior Staff
69066,Serenella,Heemskerk,9/10/63,11/7/87,1/1/99,Staff
69068,Avishai,Kaltofen,11/7/64,4/17/94,1/1/99,Staff
69076,Vincent,Flexer,1/16/63,10/31/94,1/1/99,Senior Engineer
69077,Yifei,Lorho,6/3/64,12/13/93,1/1/99,Staff
69082,Guozhong,Nitsch,10/1/64,6/24/96,1/1/99,Staff
69083,Chaitali,Castellani,8/17/63,6/7/01,1/1/99,Staff
69085,Hitomi,Ducloy,9/1/62,10/14/89,1/1/99,Senior Engineer
69091,Pranas,Gornas,1/5/64,10/11/93,1/1/99,Senior Engineer
69104,Basil,Bernick,4/9/64,12/23/01,1/1/99,Staff
69105,Alselm,Gecsel,12/11/64,12/19/93,1/1/99,Senior Staff
69125,Yolla,Aamodt,9/8/62,2/18/85,1/1/99,Engineer
69127,Jayesh,Schieder,11/30/64,5/21/90,1/1/99,Engineer
69130,Kien,Reeken,6/19/64,12/4/88,1/1/99,Engineer
69142,Mayuri,Radhakrishnan,9/17/64,11/2/89,1/1/99,Senior Engineer
69145,Naftaly,Verhoeff,7/27/62,3/11/88,1/1/99,Senior Engineer
69148,Isaac,Rothe,6/5/64,8/29/88,1/1/99,Engineer
69150,Mayuri,Delaune,2/28/63,6/30/96,1/1/99,Staff
69154,Zhilian,Bondorf,8/5/62,8/31/90,1/1/99,Senior Staff
69157,Shugo,Molenkamp,10/17/62,10/13/98,1/1/99,Staff
69169,Gilbert,Felcyn,6/16/62,8/31/89,1/1/99,Senior Engineer
69171,Mani,Bahr,9/23/64,7/2/96,1/1/99,Engineer
69184,Koichi,Cooke,3/3/63,8/17/93,1/1/99,Staff
69195,Jixiang,Manders,9/1/64,4/24/92,1/1/99,Engineer
69198,Arco,Gaughan,10/1/64,5/16/97,1/1/99,Senior Engineer
69199,Genki,Msuda,12/27/63,7/20/90,1/1/99,Staff
69209,Pintsang,Lubachevsky,9/22/63,8/3/92,1/1/99,Senior Engineer
69212,Claude,Rosis,4/10/62,6/8/93,1/1/99,Senior Staff
69213,Olivera,Bernini,10/28/64,6/1/91,1/1/99,Senior Staff
69219,Shuky,Redmiles,1/9/65,11/19/94,1/1/99,Senior Staff
69233,Sigeru,Lund,8/8/64,1/6/91,1/1/99,Senior Staff
69240,Oguz,Grandbois,9/17/62,1/27/93,1/1/99,Senior Engineer
69247,Giap,Zockler,10/15/64,6/21/89,1/1/99,Senior Staff
69252,Manohar,Ranum,1/26/63,10/3/91,1/1/99,Staff
69253,Mamdouh,Millington,11/28/64,1/26/93,1/1/99,Senior Staff
69256,Aamer,Anger,4/14/62,8/24/98,1/1/99,Senior Staff
69257,Gopalakrishnan,Gargeya,6/4/63,8/18/91,1/1/99,Senior Staff
69262,Gill,Leppanen,5/20/62,1/3/93,1/1/99,Senior Engineer
69279,Michaela,Cyne,12/21/64,6/18/99,1/1/99,Senior Engineer
69288,Along,Wroclawski,4/13/62,5/15/94,1/1/99,Senior Staff
69298,Abdulla,Thummel,4/9/64,4/9/98,1/1/99,Staff
69305,Hausi,Perko,9/29/62,5/15/91,1/1/99,Technique Leader
69317,Amabile,Krohn,11/17/63,8/12/98,1/1/99,Engineer
69318,Breannda,Pero,5/1/62,4/27/90,1/1/99,Senior Staff
69319,Jasminko,Sidje,9/19/63,7/4/96,1/1/99,Engineer
69324,Seongbin,Lunt,5/6/62,1/31/95,1/1/99,Engineer
69338,Ottavia,Bazzichi,6/20/64,3/14/87,1/1/99,Engineer
69344,Nirmal,Perelgut,12/21/64,8/1/00,1/1/99,Engineer
69345,Brigham,Denos,8/5/62,3/11/89,1/1/99,Senior Staff
69354,Along,McFarlin,8/13/63,11/25/86,1/1/99,Engineer
69363,Hsiangchu,Ertl,4/7/62,6/12/99,1/1/99,Engineer
69375,Herbert,Kolinko,5/31/64,8/15/93,1/1/99,Senior Engineer
69379,Jongsuk,Horswill,4/11/62,8/23/91,1/1/99,Engineer
69380,Margareta,Geffroy,10/2/63,10/29/93,1/1/99,Senior Staff
69382,Macha,Junot,2/20/64,2/27/87,1/1/99,Staff
69388,Arunachalam,Sidje,8/13/64,3/18/88,1/1/99,Staff
69393,Gererd,Eickenmeyer,11/1/64,9/23/91,1/1/99,Senior Staff
69395,Kyoichi,Peha,1/4/64,11/10/88,1/1/99,Senior Staff
69397,Hausi,Decleir,11/23/62,1/23/88,1/1/99,Senior Staff
69400,Hausi,Bugaenko,5/4/62,9/13/88,1/1/99,Senior Staff
69401,Takushi,Suessmith,3/14/63,12/28/92,1/1/99,Staff
69406,Chinya,Munke,6/25/64,6/20/96,1/1/99,Senior Staff
69417,Sachem,Decaestecker,9/22/64,4/5/93,1/1/99,Senior Engineer
69426,Gurbir,Trystram,5/15/63,2/3/92,1/1/99,Engineer
69430,Baruch,Brlek,9/1/63,3/2/87,1/1/99,Senior Engineer
69432,Dung,Budinsky,3/5/64,6/3/96,1/1/99,Senior Engineer
69443,Shridhar,Rajala,8/8/63,10/25/95,1/1/99,Engineer
69450,Quingbo,Zastre,5/11/63,7/20/89,1/1/99,Engineer
69457,Wuxu,Itzfeldt,6/11/64,7/20/94,1/1/99,Senior Staff
69463,Geraldo,Cappello,4/26/64,12/17/96,1/1/99,Engineer
69464,Volkmar,Hegner,12/20/63,11/12/93,1/1/99,Staff
69467,Adas,Pauthner,9/21/63,6/5/89,1/1/99,Staff
69471,Yongmin,Vanwelkenhuysen,7/11/62,5/29/86,1/1/99,Staff
69475,Syozo,Wroclawski,11/4/62,5/6/97,1/1/99,Senior Staff
69486,Zhaofang,Passafiume,2/15/63,7/23/99,1/1/99,Technique Leader
69495,Rajmohan,Tsukuda,6/13/64,12/23/86,1/1/99,Senior Engineer
69498,Jiang,Ushiama,3/14/62,10/12/87,1/1/99,Senior Staff
69501,Mong,Heiserman,11/27/64,11/27/92,1/1/99,Senior Engineer
69510,Juyoung,Leppanen,6/21/63,10/29/87,1/1/99,Senior Engineer
69514,Angel,Vilarrasa,5/1/64,11/1/90,1/1/99,Staff
69531,Karoline,Panienski,7/9/63,3/14/86,1/1/99,Staff
69541,Zhigen,Foong,1/15/62,8/3/93,1/1/99,Senior Engineer
69545,Navid,Grospietsch,1/27/64,10/8/98,1/1/99,Staff
69553,Bedir,Luon,9/8/63,3/3/91,1/1/99,Engineer
69557,Danco,Lorys,11/8/62,8/18/88,1/1/99,Senior Staff
69559,Gunilla,Camarinopoulos,1/29/62,5/3/85,1/1/99,Senior Staff
69561,Gian,Poehlman,5/22/63,5/12/97,1/1/99,Assistant Engineer
69564,Uno,Matteis,1/3/62,5/27/85,1/1/99,Engineer
69569,Genevieve,McDermid,1/14/64,8/25/90,1/1/99,Senior Engineer
69574,Zhilian,Perly,2/28/63,12/26/96,1/1/99,Senior Staff
69576,Giao,Bamford,3/18/63,6/28/94,1/1/99,Engineer
69579,Heng,Takkinen,11/26/62,6/22/91,1/1/99,Senior Staff
69581,Phillip,Demian,11/30/62,12/21/92,1/1/99,Senior Engineer
69587,Sariel,Ghazalie,10/23/62,11/1/89,1/1/99,Engineer
69591,Aluzio,Brattka,12/1/62,1/17/00,1/1/99,Staff
69594,Rafael,Loncour,9/22/62,4/19/85,1/1/99,Senior Staff
69599,Chenye,Alpay,1/11/63,3/7/91,1/1/99,Senior Engineer
69612,Takanari,Porenta,4/24/64,3/12/95,1/1/99,Staff
69616,Masami,Miara,12/23/62,7/9/91,1/1/99,Engineer
69618,Khaled,Henseler,4/19/64,4/17/01,1/1/99,Senior Engineer
69628,George,Conia,9/6/63,11/7/91,1/1/99,Senior Staff
69629,Abdelghani,Merro,7/18/63,12/13/97,1/1/99,Engineer
69636,Chriss,Hagimont,9/29/62,4/6/94,1/1/99,Engineer
69640,Avishai,Eickenmeyer,3/31/64,11/18/94,1/1/99,Staff
69644,Maren,Spataro,2/8/63,3/19/92,1/1/99,Senior Engineer
69645,Zine,Kossowski,8/9/63,7/9/94,1/1/99,Senior Engineer
69662,Unal,Kuzuoka,3/16/62,11/2/99,1/1/99,Engineer
69668,Arie,Bierbaum,4/20/63,6/24/99,1/1/99,Engineer
69673,Alper,Bonifati,9/19/62,7/20/99,1/1/99,Engineer
69675,Masami,Przulj,10/30/64,1/18/93,1/1/99,Staff
69678,Gita,Kamber,11/1/63,2/18/99,1/1/99,Engineer
69681,Douadi,Papastamatiou,6/15/62,8/7/97,1/1/99,Staff
69690,Sugwoo,Tetzlaff,4/28/64,5/28/86,1/1/99,Assistant Engineer
69694,Shaowen,Masada,10/9/64,12/22/98,1/1/99,Engineer
69695,Perla,Miara,3/31/63,6/4/95,1/1/99,Senior Staff
69702,Divier,Siksek,3/11/64,5/27/86,1/1/99,Senior Staff
69709,Saddek,Quadeer,6/14/62,10/29/88,1/1/99,Staff
69710,Chaosheng,Angelov,10/12/63,6/22/92,1/1/99,Engineer
69715,Maik,Curless,4/10/62,5/25/90,1/1/99,Senior Engineer
69720,Nitsan,Choobineh,9/24/62,8/14/92,1/1/99,Engineer
69722,Munehiko,Rando,4/23/64,9/10/97,1/1/99,Engineer
69730,Marla,Kalsbeek,12/26/62,5/15/96,1/1/99,Engineer
69731,Bangqing,Schiettecatte,8/6/62,12/12/89,1/1/99,Senior Staff
69738,Magdalena,Khalid,3/31/62,4/27/02,1/1/99,Senior Engineer
69745,Richara,Shobatake,3/8/64,8/22/91,1/1/99,Senior Staff
69750,Naftali,Schapire,8/6/64,1/13/93,1/1/99,Staff
69751,Eran,Piancastelli,8/10/64,6/3/94,1/1/99,Senior Engineer
69753,Rasiah,Gustavson,4/8/64,7/18/93,1/1/99,Staff
69763,Youngkon,Pell,2/27/62,1/2/89,1/1/99,Senior Engineer
69770,Gennady,Swen,4/29/62,1/9/90,1/1/99,Senior Staff
69775,Kirk,Kobara,8/21/63,9/22/88,1/1/99,Senior Staff
69777,Troy,Bain,3/18/62,7/15/95,1/1/99,Staff
69789,Chaosheng,Gonthier,1/14/63,6/19/85,1/1/99,Senior Staff
69791,Monique,Shihab,3/5/64,4/5/93,1/1/99,Engineer
69792,Herb,Kroon,4/6/64,1/25/90,1/1/99,Senior Staff
69802,Hitomi,Himler,7/14/64,8/13/86,1/1/99,Senior Engineer
69803,Jinxi,Deverell,6/24/62,7/9/85,1/1/99,Senior Engineer
69804,Yuriy,Zeidenstein,11/25/64,5/11/92,1/1/99,Staff
69805,Avishai,Schwartzburd,11/8/64,4/9/91,1/1/99,Technique Leader
69814,Ymte,Schiettecatte,7/29/64,1/17/00,1/1/99,Senior Staff
69820,Arch,Cullers,11/28/64,7/7/92,1/1/99,Senior Staff
69832,Khue,Pulkowski,12/23/63,12/13/97,1/1/99,Staff
69867,Miyeon,Rothe,1/22/65,4/9/91,1/1/99,Senior Staff
69871,Arne,Ashish,10/29/64,8/23/87,1/1/99,Assistant Engineer
69878,Chinya,Cooke,1/24/65,1/29/97,1/1/99,Engineer
69883,Cullen,Cesareni,3/23/64,6/28/92,1/1/99,Engineer
69899,Shakhar,Maccarone,1/1/63,9/14/91,1/1/99,Senior Staff
69902,Munehiko,Garnick,10/14/62,5/24/91,1/1/99,Senior Engineer
69906,Ohad,Cooke,8/30/62,3/2/86,1/1/99,Senior Engineer
69910,Shigehito,Syrotiuk,1/25/63,5/2/02,1/1/99,Engineer
69918,Hinrich,Lampe,8/7/64,12/25/91,1/1/99,Senior Staff
69924,Gurbir,Velasco,4/29/64,11/19/92,1/1/99,Engineer
69929,Elvia,Rosen,6/4/62,5/16/97,1/1/99,Senior Engineer
69936,Lalit,Unni,1/23/65,1/31/99,1/1/99,Assistant Engineer
69943,Margareta,Bernick,7/28/64,9/25/93,1/1/99,Staff
69949,Masoud,Cappelletti,7/25/64,2/22/99,1/1/99,Staff
69956,Boalin,Molenaar,8/16/62,12/23/98,1/1/99,Engineer
69964,Zhiwei,Comyn,2/7/62,8/27/89,1/1/99,Engineer
69969,Ekawit,Mellouli,2/15/64,7/13/94,1/1/99,Staff
69973,Douadi,Peron,10/7/62,4/9/01,1/1/99,Senior Staff
69974,Gregory,Toyoshima,1/7/62,9/22/98,1/1/99,Engineer
69976,Yakichi,Baaz,12/27/64,7/4/85,1/1/99,Senior Engineer
69985,Giordano,Soloway,6/23/62,4/12/91,1/1/99,Senior Staff
69989,Przemyslawa,Speek,12/7/64,6/16/01,1/1/99,Staff
69991,Jeanna,Rossi,1/10/64,2/9/97,1/1/99,Engineer
69995,Arvin,Zongker,10/28/64,8/4/95,1/1/99,Senior Engineer
69996,Debaprosad,Serna,9/25/62,9/10/94,1/1/99,Staff
70003,Dannz,Fiebach,12/4/63,4/18/85,1/1/99,Senior Staff
70005,Xuedong,Gecseg,10/8/63,6/9/91,1/1/99,Senior Staff
70011,Suzette,Oppitz,1/11/63,2/24/98,1/1/99,Staff
70031,Feiyu,Picci,3/17/62,8/28/85,1/1/99,Senior Engineer
70033,Gregory,Ruemmler,11/8/63,1/12/95,1/1/99,Senior Staff
70038,Xuejia,Apsitis,10/19/64,2/14/87,1/1/99,Senior Staff
70039,Eran,Ruther,1/19/63,8/4/91,1/1/99,Senior Engineer
70041,Lalit,Shobatake,4/25/63,10/6/94,1/1/99,Senior Staff
70048,Sadegh,Wendorf,1/19/63,12/27/89,1/1/99,Engineer
70058,Weiru,Karnin,6/9/64,5/17/95,1/1/99,Senior Engineer
70066,Oscal,Velasco,11/12/62,7/30/96,1/1/99,Senior Engineer
70073,Nishit,Slobodova,7/24/62,12/13/87,1/1/99,Engineer
70078,Aria,Farrar,5/1/64,9/19/98,1/1/99,Staff
70080,Fai,Thombley,5/23/64,2/2/90,1/1/99,Senior Staff
70088,Gor,Valette,5/17/62,4/24/87,1/1/99,Senior Engineer
70098,Becky,Xiaoshan,3/12/64,7/16/94,1/1/99,Senior Staff
70099,Kenroku,Cronau,5/23/62,5/25/98,1/1/99,Staff
70106,Snehasis,Pietrzykowski,9/21/63,1/6/95,1/1/99,Senior Staff
70108,Deniz,Coombs,5/30/64,11/25/99,1/1/99,Senior Engineer
70109,Hatsukazu,Baezner,12/14/64,9/10/94,1/1/99,Senior Engineer
70122,Garnik,Falster,1/29/64,8/20/95,1/1/99,Engineer
70126,Urs,Mahnke,11/1/62,4/23/88,1/1/99,Engineer
70139,Urs,Willoner,6/27/63,7/28/87,1/1/99,Engineer
70149,Taiji,Hainaut,11/28/63,6/8/01,1/1/99,Senior Staff
70167,Tadahiro,Tsukuda,6/9/64,6/10/99,1/1/99,Staff
70183,Zhensheng,Massonet,3/23/64,2/25/90,1/1/99,Senior Staff
70186,Vishwani,Haddadi,3/9/62,10/23/90,1/1/99,Engineer
70189,Mitchel,Barvinok,6/6/64,1/17/97,1/1/99,Staff
70192,Hauke,Harnett,3/30/62,4/28/85,1/1/99,Senior Staff
70196,Atreye,Bresenham,2/26/64,12/5/95,1/1/99,Assistant Engineer
70200,Rimon,Pileggi,6/5/63,4/13/88,1/1/99,Senior Engineer
70201,Fabrizio,Sadowsky,4/26/62,3/18/99,1/1/99,Staff
70204,Kerhong,Oxenboll,12/19/63,1/29/95,1/1/99,Staff
70213,Faiza,Tramer,10/29/64,11/18/87,1/1/99,Senior Engineer
70216,Demos,Domenig,10/12/62,4/26/85,1/1/99,Senior Staff
70227,Conal,Sankaranarayanan,9/1/63,7/1/98,1/1/99,Engineer
70229,Kotesh,Hedayat,4/17/62,2/22/99,1/1/99,Staff
70233,Sachem,Milicia,9/5/62,1/27/90,1/1/99,Engineer
70245,Krassimir,Munawer,7/7/64,9/7/89,1/1/99,Senior Engineer
70249,Dinkar,Beznosov,3/17/62,11/30/85,1/1/99,Senior Engineer
70259,Udaiprakash,Heydon,2/2/62,3/8/86,1/1/99,Senior Engineer
70261,Feiyu,Cronin,7/1/64,5/24/95,1/1/99,Engineer
70265,Saeed,Baaleh,8/13/62,9/5/92,1/1/99,Senior Staff
70267,Duangkaew,Bresenham,3/9/63,10/5/97,1/1/99,Engineer
70268,Marek,Braunmuhl,2/6/62,4/19/98,1/1/99,Engineer
70276,Weiwu,Schwaller,11/19/64,7/14/93,1/1/99,Staff
70295,Hairong,Hardjono,8/10/62,3/25/97,1/1/99,Staff
70305,Breannda,Nergos,1/2/63,9/26/92,1/1/99,Senior Staff
70306,Zita,Serre,6/1/64,11/18/90,1/1/99,Senior Engineer
70307,Rutger,Lupu,1/3/64,5/4/96,1/1/99,Assistant Engineer
70317,Shakhar,Ravishankar,5/23/63,2/5/97,1/1/99,Senior Staff
70329,Ennio,Hiyoshi,3/12/62,12/8/92,1/1/99,Staff
70336,Jungsoon,Luit,3/6/63,3/23/90,1/1/99,Senior Staff
70342,Mohit,Ramamoorthy,1/17/64,6/24/99,1/1/99,Senior Engineer
70343,Alejandro,Awdeh,10/4/62,11/11/93,1/1/99,Senior Staff
70344,Menkae,Stasinski,12/8/62,3/19/98,1/1/99,Senior Staff
70347,Basem,Hiroyama,2/11/62,10/11/93,1/1/99,Engineer
70351,Shen,Etalle,9/5/62,11/28/90,1/1/99,Staff
70352,Berto,Chenney,4/8/62,3/20/90,1/1/99,Staff
70355,Uri,Bernardeschi,1/5/62,3/11/89,1/1/99,Assistant Engineer
70359,Przemyslawa,Zultner,7/28/63,6/23/91,1/1/99,Senior Staff
70366,Chenyi,Blokdijk,3/26/63,6/3/92,1/1/99,Senior Engineer
70370,Remmert,Peron,9/9/64,5/18/95,1/1/99,Senior Staff
70373,Jiong,Muhling,1/2/62,6/16/93,1/1/99,Engineer
70376,Shaibal,Bernatsky,7/21/62,2/6/98,1/1/99,Engineer
70384,Lihong,Boguraev,6/15/62,9/16/88,1/1/99,Technique Leader
70387,Shaowen,Cyne,2/19/63,1/26/99,1/1/99,Senior Engineer
70392,Xiahua,Eiron,4/5/64,12/8/92,1/1/99,Senior Engineer
70399,Arno,Slaats,8/13/62,6/28/89,1/1/99,Engineer
70403,Willard,Gihr,3/18/64,8/21/94,1/1/99,Senior Staff
70411,Kwangjo,Maksimenko,5/14/62,8/29/98,1/1/99,Engineer
70413,Claudi,Engberts,2/14/63,8/26/92,1/1/99,Engineer
70414,Emdad,Tiemann,12/5/63,12/22/93,1/1/99,Senior Engineer
70418,Ingemar,Falco,11/25/63,8/31/99,1/1/99,Staff
70423,Anestis,Tchuente,1/30/63,5/27/99,1/1/99,Staff
70424,Achilleas,Demizu,6/17/63,4/4/89,1/1/99,Technique Leader
70429,Sven,Schapire,2/16/63,8/3/87,1/1/99,Engineer
70435,Shiv,Sommen,8/19/64,8/8/97,1/1/99,Staff
70438,Palash,Auria,6/25/64,9/12/98,1/1/99,Senior Engineer
70446,Kousuke,Scallan,11/25/64,2/7/92,1/1/99,Senior Engineer
70458,Danil,Ranta,8/14/64,5/1/98,1/1/99,Engineer
70467,Monique,Zockler,11/25/64,12/4/94,1/1/99,Engineer
70468,Herb,Flexer,3/12/63,5/21/90,1/1/99,Engineer
70469,Tru,Miyakawa,1/12/65,9/3/90,1/1/99,Staff
70472,Giri,Vecchi,12/13/63,3/27/86,1/1/99,Senior Staff
70474,Danae,Shihab,1/17/63,12/24/98,1/1/99,Senior Engineer
70476,Prasadram,Camarinopoulos,5/31/63,11/5/96,1/1/99,Staff
70482,LiMin,Reutenauer,1/1/63,12/19/90,1/1/99,Staff
70492,Alagu,Isard,6/22/62,1/11/97,1/1/99,Assistant Engineer
70493,Paris,Escriba,7/14/63,10/24/98,1/1/99,Senior Engineer
70495,Gita,Nishimukai,7/7/64,12/20/91,1/1/99,Senior Engineer
70499,Gina,Valette,4/15/63,12/11/88,1/1/99,Staff
70505,Karoline,Walston,5/24/62,5/4/87,1/1/99,Staff
70518,Itzchak,Breugel,3/2/64,8/10/95,1/1/99,Engineer
70521,Jiong,Brookman,8/2/63,11/18/88,1/1/99,Senior Engineer
70532,Terresa,Serra,4/5/62,1/17/97,1/1/99,Staff
70541,Yinghua,Shrader,8/27/64,12/17/85,1/1/99,Staff
70554,Tiina,Litvinov,11/15/64,1/19/87,1/1/99,Senior Engineer
70561,Djenana,Hutton,11/15/63,11/27/99,1/1/99,Engineer
70577,Charlene,Ramsey,12/27/63,3/9/86,1/1/99,Senior Staff
70578,Heejo,Unno,2/13/62,2/23/93,1/1/99,Technique Leader
70582,Margareta,Matzen,5/24/62,7/25/92,1/1/99,Senior Staff
70583,Oscar,Snedden,6/24/63,2/21/87,1/1/99,Technique Leader
70591,Lihong,Ramras,5/1/62,6/19/99,1/1/99,Staff
70615,Jackson,Przulj,11/11/63,10/24/85,1/1/99,Senior Staff
70616,Hugo,Linnainmaa,12/30/64,6/28/91,1/1/99,Staff
70628,Oddvar,Schusler,9/26/64,10/25/88,1/1/99,Senior Engineer
70631,Vatsa,Joslin,10/24/62,6/24/85,1/1/99,Senior Engineer
70634,Gro,Demir,10/17/63,7/27/91,1/1/99,Senior Engineer
70636,Amstein,Schlenzig,9/27/62,11/25/97,1/1/99,Staff
70638,Gully,Ariola,12/25/63,6/21/97,1/1/99,Senior Engineer
70639,Sanjiv,Lupu,3/3/62,9/7/97,1/1/99,Staff
70642,Zhenhua,Hempstead,11/17/63,6/5/91,1/1/99,Technique Leader
70643,Mart,Collette,5/23/62,9/21/90,1/1/99,Senior Staff
70648,Boutros,Pavlopoulou,9/8/62,11/6/95,1/1/99,Senior Staff
70649,Adib,Picaronny,2/11/63,3/29/94,1/1/99,Technique Leader
70654,Ramya,Warwick,11/15/63,4/26/94,1/1/99,Staff
70658,Huan,Back,5/4/64,3/7/94,1/1/99,Senior Engineer
70678,Dayanand,Murthy,10/15/64,5/30/86,1/1/99,Senior Staff
70683,Aloys,Danlos,9/11/63,2/25/98,1/1/99,Engineer
70684,Xiaoshan,Serdy,4/22/64,4/30/92,1/1/99,Senior Staff
70686,Yechiam,Merey,1/1/62,5/29/97,1/1/99,Senior Engineer
70687,Dinkar,Socorro,4/10/62,5/1/96,1/1/99,Staff
70693,Shaowen,Moehrke,8/12/64,7/18/98,1/1/99,Engineer
70696,Branimir,Kaltofen,10/18/64,2/12/94,1/1/99,Senior Engineer
70698,Kiyotoshi,Broder,7/17/63,5/15/98,1/1/99,Senior Engineer
70707,Maria,Michaels,11/16/62,7/28/85,1/1/99,Staff
70710,Nimmagadda,Olano,8/7/62,4/28/90,1/1/99,Engineer
70713,Keiichiro,Cherinka,7/17/64,7/27/97,1/1/99,Staff
70724,JoAnne,Serna,3/19/64,7/27/90,1/1/99,Senior Staff
70736,Syozo,Plesums,2/5/63,10/30/97,1/1/99,Staff
70737,Snehasis,Kitsuregawa,6/27/62,7/31/92,1/1/99,Senior Engineer
70746,Bowen,Gopalakrishnan,1/6/63,9/1/98,1/1/99,Engineer
70757,Arvin,Lorie,3/11/62,10/6/92,1/1/99,Senior Staff
70760,Martins,Olano,6/26/64,4/3/94,1/1/99,Engineer
70765,Denis,Unni,11/13/63,12/8/98,1/1/99,Assistant Engineer
70766,Alexius,Huhdanpaa,3/23/63,10/22/86,1/1/99,Engineer
70769,Kazuyasu,Peral,9/13/63,7/11/89,1/1/99,Technique Leader
70781,Macha,Perz,9/10/64,10/4/99,1/1/99,Engineer
70784,Abdelwaheb,Akaboshi,12/22/63,1/4/89,1/1/99,Staff
70790,Lillian,Armand,5/31/62,7/22/89,1/1/99,Senior Staff
70798,Nikolaus,Bernardeschi,7/14/63,11/6/95,1/1/99,Engineer
70811,Aris,Cherinka,12/25/63,12/31/95,1/1/99,Senior Staff
70817,Alenka,Paludetto,5/23/64,9/25/92,1/1/99,Staff
70820,Gunilla,Cherinka,2/1/62,11/29/95,1/1/99,Technique Leader
70821,Adin,Apsitis,5/25/63,2/25/91,1/1/99,Senior Engineer
70834,Masato,Heusch,7/13/62,4/5/95,1/1/99,Senior Staff
70855,Qunsheng,Coorg,12/23/63,12/22/93,1/1/99,Senior Engineer
70874,Anestis,Candan,1/24/63,2/14/88,1/1/99,Engineer
70882,Nahum,Levergood,3/28/63,3/26/98,1/1/99,Senior Staff
70888,King,Baranowski,11/29/63,12/4/85,1/1/99,Staff
70893,Herbert,Smailagic,5/28/63,6/24/99,1/1/99,Engineer
70915,Kwun,Strandh,7/26/63,12/27/90,1/1/99,Senior Engineer
70916,Nishit,Brendel,2/26/62,2/16/88,1/1/99,Staff
70918,Kwok,Hegner,8/31/63,2/26/98,1/1/99,Engineer
70920,Bernd,Picci,11/14/62,7/30/93,1/1/99,Senior Staff
70928,Marke,Gustavson,6/30/62,1/2/00,1/1/99,Engineer
70931,Jingling,Poulakidas,12/4/62,1/13/89,1/1/99,Senior Engineer
70932,Sachar,England,12/29/63,4/29/91,1/1/99,Senior Engineer
70933,Thanasis,Ellozy,6/29/63,2/2/99,1/1/99,Engineer
70940,Rasiah,Albarhamtoshy,12/26/64,3/10/98,1/1/99,Staff
70947,Bouchung,Parhami,3/30/63,6/6/90,1/1/99,Staff
70958,Alejandra,Herath,2/6/64,7/3/98,1/1/99,Senior Engineer
70965,Xiadong,Hanabata,4/19/63,6/13/91,1/1/99,Engineer
70967,Bedir,Wendorf,1/12/62,3/5/93,1/1/99,Technique Leader
70968,Jixiang,Millington,7/29/63,3/4/93,1/1/99,Engineer
70975,Weiru,Pero,12/17/64,5/12/96,1/1/99,Engineer
70979,Vincent,Redmiles,3/3/63,10/26/91,1/1/99,Senior Engineer
70986,Dmitry,Luit,4/27/63,9/21/98,1/1/99,Engineer
70990,Arumugam,Nitta,1/22/65,3/23/90,1/1/99,Senior Engineer
70991,Gianluca,Vecchio,9/28/63,2/28/89,1/1/99,Engineer
70999,Falguni,Selvestrel,12/27/62,3/17/93,1/1/99,Staff
71003,Persi,DeMori,5/23/64,7/12/89,1/1/99,Staff
71004,Elzbieta,Cairo,12/24/64,2/20/89,1/1/99,Senior Staff
71005,Gianluca,Gornas,3/28/64,7/6/87,1/1/99,Senior Engineer
71007,Kamran,Cromarty,1/18/64,1/24/98,1/1/99,Technique Leader
71010,Valeska,Swick,10/15/63,7/1/86,1/1/99,Senior Staff
71011,Macha,Farris,5/14/62,11/18/95,1/1/99,Assistant Engineer
71021,Mohammad,Coullard,6/4/62,7/13/96,1/1/99,Staff
71025,Weiwu,Zweizig,12/14/63,8/20/96,1/1/99,Staff
71026,Akhilish,Remmele,11/16/63,1/4/86,1/1/99,Technique Leader
71028,Ioana,Kavraki,7/24/63,9/17/01,1/1/99,Staff
71035,Aruna,Cronin,11/12/64,12/6/98,1/1/99,Staff
71048,Lijie,Dratva,7/12/62,7/29/94,1/1/99,Engineer
71055,Hironobu,Lamba,5/18/64,7/1/87,1/1/99,Engineer
71066,Domenick,Basart,1/27/65,1/5/96,1/1/99,Senior Staff
71070,Adel,Caine,2/6/63,7/2/98,1/1/99,Engineer
71078,Douadi,Karcich,4/21/62,6/24/99,1/1/99,Technique Leader
71080,Djenana,Farrel,11/1/62,10/4/93,1/1/99,Engineer
71085,Deborah,Ranai,4/23/64,1/3/87,1/1/99,Senior Staff
71086,Visit,Rahimi,4/28/63,2/28/97,1/1/99,Staff
71091,Kristen,Streit,1/4/62,8/21/92,1/1/99,Engineer
71101,Xiaoheng,Peot,10/11/62,12/19/87,1/1/99,Senior Engineer
71117,Shuho,Orlowska,4/5/64,9/1/96,1/1/99,Senior Staff
71138,Urs,Lorcy,2/2/63,3/18/90,1/1/99,Senior Engineer
71141,Sajjad,Vitiello,1/2/65,2/17/92,1/1/99,Senior Staff
71158,Junichi,Avouris,4/8/63,2/26/93,1/1/99,Engineer
71160,Ghassan,Heyers,2/24/63,4/1/90,1/1/99,Senior Staff
71171,Yucai,Schicker,4/30/63,4/8/88,1/1/99,Senior Engineer
71174,Adam,Bojadziev,1/18/63,7/13/89,1/1/99,Staff
71178,Rildo,Simkin,8/26/64,12/20/93,1/1/99,Engineer
71182,Yuriy,Shrader,4/23/62,7/27/90,1/1/99,Engineer
71183,Mayuko,Griswold,5/28/63,11/4/90,1/1/99,Engineer
71187,Juichirou,Encarnacion,3/25/64,12/3/91,1/1/99,Assistant Engineer
71188,Pranjal,Schapiro,1/2/65,12/14/86,1/1/99,Senior Staff
71201,Val,Muniz,1/23/62,8/14/94,1/1/99,Engineer
71208,Oscal,Kobuchi,12/27/63,6/17/99,1/1/99,Staff
71211,Sungwon,Petersohn,12/28/64,11/1/99,1/1/99,Senior Engineer
71217,Georgi,Hartvigsen,1/24/62,8/23/91,1/1/99,Senior Staff
71221,JoAnna,Apsitis,6/6/62,6/12/93,1/1/99,Senior Staff
71222,Toshimori,Hitomi,6/11/63,7/11/95,1/1/99,Engineer
71223,Hideo,Shackel,3/20/63,9/10/90,1/1/99,Engineer
71225,Mabo,Warwick,3/3/63,1/3/89,1/1/99,Senior Engineer
71226,Odysseas,Peac,8/1/62,4/11/92,1/1/99,Engineer
71236,Sivanarayana,Boguraev,12/16/64,2/6/98,1/1/99,Staff
71243,Kinh,Buchter,1/10/65,3/29/86,1/1/99,Senior Engineer
71244,Rutger,Munawer,2/27/64,10/29/94,1/1/99,Staff
71245,Leah,Vidal,3/14/64,10/23/96,1/1/99,Engineer
71261,Bedir,Kaminger,6/3/63,11/20/94,1/1/99,Engineer
71272,Shuho,Yoshizawa,11/23/64,12/23/90,1/1/99,Senior Engineer
71286,Hauke,Luft,10/15/64,8/19/95,1/1/99,Senior Staff
71292,Etsuo,Baaz,1/7/64,3/2/88,1/1/99,Engineer
71293,Spyrose,Tramer,1/6/64,10/5/85,1/1/99,Senior Engineer
71295,Edwin,Lodder,3/17/63,10/29/85,1/1/99,Staff
71298,Arco,Arlazarov,8/29/64,5/2/90,1/1/99,Senior Staff
71310,Leandro,Liesche,9/22/62,11/6/90,1/1/99,Senior Staff
71312,Toshimitsu,Arlazarov,1/28/62,4/16/95,1/1/99,Staff
71314,Marla,Chimia,7/6/62,4/29/87,1/1/99,Senior Engineer
71319,Kristine,Mitsuhashi,5/20/63,7/7/92,1/1/99,Senior Staff
71321,Alois,Vitiello,7/12/62,4/11/89,1/1/99,Senior Engineer
71324,Moriyoshi,Maginnis,5/2/62,10/27/99,1/1/99,Staff
71328,Alagu,Masada,9/4/63,6/6/94,1/1/99,Staff
71329,Eirik,Erdmenger,11/22/64,12/9/85,1/1/99,Senior Staff
71334,Cathie,Peck,1/15/65,3/4/01,1/1/99,Senior Engineer
71338,Khalid,Curless,11/14/63,7/17/87,1/1/99,Technique Leader
71354,Rimon,Lorch,11/24/63,5/16/96,1/1/99,Senior Engineer
71376,Nalini,Gente,2/17/64,2/10/90,1/1/99,Staff
71377,Bodh,Radhakrishnan,9/1/64,11/3/91,1/1/99,Senior Engineer
71388,Marit,Kilgore,10/4/62,2/21/96,1/1/99,Senior Engineer
71389,Sanjeeva,Uehara,12/28/62,4/10/01,1/1/99,Engineer
71392,Susanne,Farrow,10/31/64,8/3/93,1/1/99,Staff
71394,Maik,Warwick,8/22/62,5/1/98,1/1/99,Senior Engineer
71397,Margareta,Schlenzig,7/29/64,12/12/85,1/1/99,Engineer
71408,Kristinn,Rajala,1/12/64,7/25/02,1/1/99,Senior Staff
71412,Saddek,Axelband,5/3/63,8/7/92,1/1/99,Engineer
71413,Serge,Coullard,12/13/64,10/7/90,1/1/99,Engineer
71419,Toney,Awdeh,8/1/63,3/6/96,1/1/99,Assistant Engineer
71421,Anneke,Hebert,7/19/62,10/11/94,1/1/99,Senior Staff
71425,Doohun,Sanella,8/1/64,12/24/91,1/1/99,Senior Engineer
71426,Jiafu,Kakkad,4/14/64,11/5/85,1/1/99,Senior Engineer
71428,Make,Swist,11/19/62,5/26/99,1/1/99,Senior Staff
71435,Kristina,Egerstedt,10/22/63,2/3/88,1/1/99,Engineer
71437,Hironoby,Puoti,2/12/64,8/15/88,1/1/99,Senior Staff
71446,Valery,Suermann,9/27/62,6/28/85,1/1/99,Senior Staff
71450,Geoff,Lorie,8/11/63,8/31/92,1/1/99,Senior Engineer
71469,Ymte,Adachi,11/9/62,6/1/94,1/1/99,Engineer
71470,Guozhong,Mikschl,1/6/63,3/1/86,1/1/99,Engineer
71477,Pasqua,Shinomoto,4/30/62,5/31/94,1/1/99,Senior Staff
71481,Zengping,Munch,6/10/62,4/8/89,1/1/99,Engineer
71486,Guangming,Perfilyeva,4/7/63,4/2/99,1/1/99,Senior Staff
71489,Xianlong,Karlin,2/16/62,10/23/92,1/1/99,Technique Leader
71491,Lunjin,Yetim,8/28/63,8/29/98,1/1/99,Engineer
71502,Weiyi,Peroz,3/29/62,1/19/88,1/1/99,Engineer
71504,Uinam,Bala,4/29/62,8/26/94,1/1/99,Senior Staff
71508,Junsik,Lunt,5/9/64,8/7/97,1/1/99,Staff
71512,Zhiwei,Penttonen,1/22/62,5/19/87,1/1/99,Engineer
71521,Fumitake,Mawatari,10/22/62,7/2/89,1/1/99,Senior Staff
71524,Weidon,Georgakopoulos,2/25/63,4/27/89,1/1/99,Engineer
71532,Jianwen,Erdi,5/6/64,7/13/85,1/1/99,Senior Staff
71554,Paris,Baalen,7/17/62,7/16/98,1/1/99,Senior Staff
71557,Vitali,Poulakidas,10/1/62,3/22/85,1/1/99,Staff
71562,Basim,Docker,7/13/64,7/10/90,1/1/99,Senior Staff
71565,Shirish,Markovitch,5/28/63,2/5/89,1/1/99,Senior Staff
71568,Shuzo,Swen,1/9/64,10/12/86,1/1/99,Senior Staff
71569,Alper,Greibach,3/26/64,12/26/92,1/1/99,Technique Leader
71580,Bangqing,Fritzsche,6/10/63,9/10/88,1/1/99,Senior Engineer
71582,Shigehiro,Fadgyas,5/19/62,6/8/98,1/1/99,Engineer
71585,Nikolaos,Rissanen,3/14/63,8/6/00,1/1/99,Staff
71587,Chenyi,Dichev,2/8/64,5/27/93,1/1/99,Senior Staff
71591,Mahmut,Conta,5/3/62,1/12/99,1/1/99,Engineer
71596,Utz,Gilg,11/3/63,9/6/97,1/1/99,Assistant Engineer
71599,Suebskul,Apsitis,1/11/64,6/9/89,1/1/99,Senior Engineer
71600,JoAnne,Moffat,5/7/64,1/27/93,1/1/99,Senior Staff
71602,Holgard,Pagter,4/8/62,7/11/98,1/1/99,Senior Engineer
71605,Heekeun,Porenta,5/14/64,10/19/87,1/1/99,Engineer
71606,Genevieve,Gimbel,12/21/64,7/25/93,1/1/99,Senior Staff
71607,Raimond,Suomi,11/12/63,8/19/91,1/1/99,Senior Staff
71613,Krisda,Roccetti,12/9/62,3/11/89,1/1/99,Senior Staff
71617,Doowon,Eickenmeyer,5/9/64,9/11/94,1/1/99,Senior Staff
71618,Avishai,Takanami,8/18/64,8/10/87,1/1/99,Senior Staff
71625,Nitsan,Clouatre,10/4/64,7/27/92,1/1/99,Senior Staff
71629,Ung,Szmurlo,9/23/62,4/19/93,1/1/99,Senior Engineer
71632,Supot,Thebaut,12/26/63,2/6/89,1/1/99,Senior Staff
71636,Xiaocheng,Alvarado,4/2/64,3/30/98,1/1/99,Staff
71649,Leah,Buchter,3/1/64,11/22/97,1/1/99,Staff
71665,Mostafa,Lukaszewicz,12/11/64,3/9/94,1/1/99,Senior Staff
71666,Yonghong,Marakhovsky,8/16/64,2/25/96,1/1/99,Staff
71668,Shaleah,Sessa,3/2/62,12/1/95,1/1/99,Senior Engineer
71669,Sachio,Aumann,6/23/63,5/6/96,1/1/99,Senior Engineer
71670,Tomofumi,Murillo,6/4/62,2/20/91,1/1/99,Senior Staff
71672,Jungsoon,Nitsche,7/5/62,5/7/89,1/1/99,Engineer
71675,Yahiko,Parfitt,5/18/64,9/13/91,1/1/99,Staff
71679,Ottavia,Cannata,4/4/64,3/24/92,1/1/99,Staff
71684,Domenick,Nishimukai,9/22/62,2/27/89,1/1/99,Engineer
71685,Kristinn,Olano,1/1/65,10/3/89,1/1/99,Senior Engineer
71688,Shmuel,Cincotta,11/26/64,11/19/86,1/1/99,Senior Engineer
71693,Xiong,Vandervoorde,8/31/63,12/19/90,1/1/99,Senior Engineer
71695,Pramod,Chaudhuri,4/25/64,3/31/90,1/1/99,Engineer
71701,Edwin,Iivonen,7/20/63,8/15/90,1/1/99,Engineer
71703,Nevio,Lenart,3/25/63,10/25/91,1/1/99,Senior Staff
71710,Hitomi,Takanami,1/31/65,12/15/97,1/1/99,Assistant Engineer
71711,Candida,Griswold,10/23/64,2/5/96,1/1/99,Senior Staff
71723,Dmitri,Besancenot,1/5/64,11/2/86,1/1/99,Technique Leader
71738,Munenori,Zobel,9/24/63,6/19/93,1/1/99,Senior Staff
71739,Sudharsan,Carrera,9/9/64,3/3/95,1/1/99,Senior Staff
71741,Jianhui,Ullian,6/9/62,12/10/91,1/1/99,Staff
71742,Sreenivas,Junet,11/22/64,12/2/96,1/1/99,Senior Engineer
71745,Adil,Laventhal,1/2/65,5/13/92,1/1/99,Assistant Engineer
71755,Rafail,Brookner,3/13/63,4/5/94,1/1/99,Senior Staff
71760,Tonia,Kavvadias,12/7/63,4/8/98,1/1/99,Senior Staff
71763,Kiyotoshi,Matheson,11/9/63,11/19/85,1/1/99,Staff
71781,Akhilish,Eterovic,1/19/62,5/19/93,1/1/99,Engineer
71797,Mario,Macedo,6/17/64,6/27/98,1/1/99,Staff
71807,Junichi,Veldwijk,10/14/64,8/10/94,1/1/99,Technique Leader
71811,Cullen,Barvinok,2/19/64,1/30/90,1/1/99,Technique Leader
71815,Fay,Kavvadias,8/23/63,12/13/85,1/1/99,Senior Staff
71824,Arif,Puppo,4/20/64,12/14/99,1/1/99,Engineer
71828,Cathie,Sessa,4/1/62,1/10/86,1/1/99,Engineer
71838,Tetsushi,Piveteau,11/11/64,9/19/91,1/1/99,Senior Staff
71849,Yongmin,Wegerle,7/18/64,7/8/94,1/1/99,Senior Engineer
71852,Aluzio,Tibblin,5/8/63,8/25/98,1/1/99,Engineer
71867,Hidefumi,Rassart,4/27/64,5/4/85,1/1/99,Technique Leader
71874,Mari,Gonthier,12/25/64,4/25/89,1/1/99,Senior Engineer
71876,Franziska,Bonifati,5/10/64,7/18/92,1/1/99,Senior Engineer
71893,Mohammad,Soicher,7/2/64,9/30/99,1/1/99,Staff
71897,Tesuya,Nastansky,1/25/62,10/19/99,1/1/99,Senior Staff
71900,Kersti,Taubman,10/29/64,10/8/00,1/1/99,Staff
71908,Adas,Comellas,6/8/63,7/16/88,1/1/99,Engineer
71916,Dhritiman,Papastamatiou,1/10/62,5/16/88,1/1/99,Staff
71922,Lihong,Chiola,6/9/62,12/22/93,1/1/99,Staff
71931,Pranjal,Dayang,2/20/63,9/7/95,1/1/99,Assistant Engineer
71934,Miomir,Juneja,3/28/63,9/26/95,1/1/99,Staff
71936,Kish,Aamodt,7/11/63,12/6/93,1/1/99,Senior Staff
71943,Marsja,Thombley,9/21/64,5/2/91,1/1/99,Senior Staff
71944,Honesty,Hartvigsen,12/27/62,11/2/95,1/1/99,Staff
71946,Khalil,Kuzuoka,7/30/62,9/20/91,1/1/99,Senior Staff
71950,Bernice,Akaboshi,11/29/63,12/9/97,1/1/99,Engineer
71952,Xianlong,Demian,2/28/63,6/29/85,1/1/99,Senior Staff
71954,Gian,Detkin,7/6/64,3/2/93,1/1/99,Staff
71966,Subhada,Bale,10/11/62,6/16/91,1/1/99,Engineer
71977,Jordanka,Barbanera,5/8/64,4/29/93,1/1/99,Senior Engineer
71983,Kaijung,Copas,9/30/64,9/11/96,1/1/99,Senior Engineer
71991,Shuzo,Aloia,8/4/64,6/29/86,1/1/99,Engineer
71992,Rasiah,Giveon,12/28/64,8/24/85,1/1/99,Senior Staff
71995,Pohua,Brobst,2/26/63,7/10/98,1/1/99,Engineer
72000,Toshimo,Gluchowski,5/19/62,9/16/88,1/1/99,Senior Staff
72012,Sverrir,Perez,10/3/62,10/17/91,1/1/99,Engineer
72014,Heon,Seghrouchni,1/10/62,6/25/85,1/1/99,Senior Staff
72018,Alair,Chappelet,8/14/63,1/1/90,1/1/99,Engineer
72022,Kotesh,Haumacher,8/22/64,2/26/98,1/1/99,Technique Leader
72023,Yinlin,Pargas,7/22/63,2/11/85,1/1/99,Senior Engineer
72025,Tran,Conia,2/24/63,2/10/92,1/1/99,Engineer
72030,Hitofumi,VanScheik,7/9/63,10/12/88,1/1/99,Senior Engineer
72035,Arch,Marsiglia,12/26/62,2/20/85,1/1/99,Senior Engineer
72036,Toney,Ravishankar,11/26/62,9/8/98,1/1/99,Senior Staff
72046,Tse,Bruckman,1/2/64,1/23/90,1/1/99,Senior Engineer
72048,George,Decleir,9/5/63,6/24/88,1/1/99,Senior Staff
72049,Junichi,Klyachko,10/2/63,3/23/86,1/1/99,Staff
72055,Alselm,Diderrich,6/27/62,11/13/93,1/1/99,Technique Leader
72058,Filipe,Denny,6/27/63,11/6/87,1/1/99,Senior Staff
72060,Tua,Lammel,8/19/63,8/7/92,1/1/99,Engineer
72063,Rosalie,Kumaresan,8/14/63,8/5/90,1/1/99,Staff
72067,Nahid,Shackell,7/6/64,1/15/86,1/1/99,Staff
72069,Ayakannu,Suessmith,2/14/63,1/4/92,1/1/99,Senior Staff
72082,Lena,Beutelspacher,7/22/62,12/27/92,1/1/99,Technique Leader
72089,Jenwei,Bierbaum,12/19/63,9/6/91,1/1/99,Senior Engineer
72095,Yaghout,Erev,2/8/63,6/6/89,1/1/99,Assistant Engineer
72096,Amalendu,Oskamp,12/11/62,11/1/98,1/1/99,Technique Leader
72103,Duke,Solovay,12/30/64,8/10/85,1/1/99,Senior Staff
72108,Erzsebet,Mahmud,11/15/64,5/1/99,1/1/99,Engineer
72112,Haldun,Rosiles,4/21/62,3/16/93,1/1/99,Engineer
72123,Sorina,Barbanera,3/8/63,7/20/92,1/1/99,Senior Staff
72127,Sastry,Emiris,3/31/64,8/5/87,1/1/99,Staff
72134,Poornachandra,Vidal,1/21/62,5/30/87,1/1/99,Technique Leader
72136,Heping,Schwaller,12/9/62,8/9/87,1/1/99,Senior Engineer
72148,Kazuhisa,Farrel,2/16/64,2/8/94,1/1/99,Senior Engineer
72150,Sastry,Leaver,8/17/63,9/6/93,1/1/99,Senior Engineer
72152,Hyuckchul,Buchter,2/24/63,1/20/94,1/1/99,Senior Staff
72153,Geoff,Leivant,11/13/63,4/20/95,1/1/99,Senior Staff
72155,Kiyokazu,Karnin,4/26/64,8/22/91,1/1/99,Engineer
72162,Marie,Marakhovsky,5/13/64,8/20/97,1/1/99,Engineer
72164,Temple,Bellone,3/4/64,5/23/86,1/1/99,Engineer
72167,Mohua,Verhaegen,12/11/63,5/27/96,1/1/99,Senior Engineer
72178,Katsuyuki,Esposito,11/18/62,2/25/96,1/1/99,Staff
72182,Aral,Wissmann,6/2/62,9/2/89,1/1/99,Senior Engineer
72185,Kersti,Ravishankar,10/7/64,1/15/89,1/1/99,Engineer
72187,Jolita,Rusterholz,6/19/63,3/20/98,1/1/99,Engineer
72190,Sajjad,Waeselynck,1/19/65,9/13/99,1/1/99,Engineer
72192,Valeska,Georg,1/21/64,2/2/93,1/1/99,Senior Engineer
72194,Feiyu,Siepmann,1/26/65,10/1/98,1/1/99,Senior Engineer
72198,Almudena,Rebaine,2/27/64,12/22/91,1/1/99,Senior Staff
72215,Shahid,Matheson,2/7/64,3/5/98,1/1/99,Engineer
72217,Xumin,Lanphier,1/20/62,2/14/93,1/1/99,Technique Leader
72222,Tokuyasu,Minakawa,3/3/64,7/30/96,1/1/99,Senior Staff
72225,Hironobu,Marsiglia,10/26/62,7/29/99,1/1/99,Engineer
72228,Weidon,Biron,7/25/64,6/24/88,1/1/99,Staff
72230,Barton,Carrera,12/12/62,3/9/97,1/1/99,Senior Staff
72232,Naraig,Veldwijk,1/10/65,7/10/89,1/1/99,Senior Engineer
72236,Vidya,Ressouche,4/9/62,12/25/94,1/1/99,Engineer
72239,Nevin,Coney,9/2/64,2/27/93,1/1/99,Senior Staff
72241,Howell,Bharadwaj,2/13/62,10/22/91,1/1/99,Senior Staff
72242,Arunas,Etalle,2/8/63,7/5/00,1/1/99,Technique Leader
72247,Tamiya,Moffat,1/18/62,6/21/94,1/1/99,Senior Staff
72256,Tonny,Litecky,6/23/64,2/2/99,1/1/99,Senior Staff
72265,Aruna,Nooteboom,10/20/63,10/20/89,1/1/99,Staff
72283,Yinlin,Mersereau,7/5/63,3/28/90,1/1/99,Senior Engineer
72294,Radhia,Erie,4/20/64,12/11/85,1/1/99,Senior Engineer
72295,Kellie,Emmerich,11/11/62,5/12/87,1/1/99,Staff
72312,Tsz,Sabnani,6/10/62,1/7/92,1/1/99,Senior Engineer
72314,Gunilla,Mukaidono,4/20/62,6/8/91,1/1/99,Senior Engineer
72322,Haldun,Ladret,8/28/62,4/20/96,1/1/99,Staff
72325,Georgi,Gilg,6/6/64,3/1/98,1/1/99,Staff
72347,Roddy,Anandan,10/13/62,6/6/98,1/1/99,Senior Engineer
72351,Takahira,Pillow,4/19/62,1/6/99,1/1/99,Engineer
72358,Danco,Pouyioutas,10/2/64,6/21/89,1/1/99,Senior Staff
72361,Christ,Parfitt,7/18/62,6/23/93,1/1/99,Senior Engineer
72364,Ayonca,Radwan,8/5/64,6/3/98,1/1/99,Engineer
72367,Lillian,Arlazarov,8/16/64,7/11/98,1/1/99,Engineer
72370,Babette,Rodham,7/10/64,4/29/88,1/1/99,Engineer
72372,Younwoo,Stemann,2/15/63,11/15/92,1/1/99,Senior Staff
72375,Goo,Mukaidono,9/25/64,1/10/91,1/1/99,Senior Staff
72377,Xiahua,Calkin,4/21/64,7/4/87,1/1/99,Senior Staff
72384,Berthier,Ginesta,1/19/64,8/25/91,1/1/99,Staff
72385,Maya,Birjandi,10/15/62,11/24/96,1/1/99,Engineer
72399,Mayumi,Dulay,3/14/64,5/10/94,1/1/99,Technique Leader
72403,Radoslaw,Shinomoto,4/28/64,5/3/01,1/1/99,Senior Engineer
72406,Alassane,Mateescu,10/11/62,12/30/90,1/1/99,Engineer
72407,Souichi,Zongker,4/7/63,3/6/89,1/1/99,Engineer
72410,Odoardo,Rullman,6/17/62,7/31/98,1/1/99,Engineer
72411,Hitomi,Zykh,12/9/64,11/15/87,1/1/99,Engineer
72414,Ziva,Whitcomb,10/1/63,7/13/86,1/1/99,Senior Engineer
72415,Odinaldo,Ranft,9/7/62,6/9/98,1/1/99,Senior Staff
72419,Mostafa,Harbusch,2/23/63,12/15/88,1/1/99,Staff
72420,Aamod,Deverell,5/2/64,5/2/02,1/1/99,Staff
72424,Saeed,Kieras,11/7/64,3/22/93,1/1/99,Staff
72432,Ziva,Nollmann,5/25/63,7/24/94,1/1/99,Staff
72435,Hausi,Kroll,8/2/63,10/14/89,1/1/99,Engineer
72441,Christoph,Bain,1/28/63,5/8/91,1/1/99,Senior Staff
72442,Doowon,Gladwell,2/9/64,1/21/92,1/1/99,Senior Engineer
72447,Shin,Birnbaum,8/16/62,1/24/90,1/1/99,Senior Engineer
72452,Munehiro,Zumaque,4/7/63,7/24/87,1/1/99,Senior Staff
72457,Moon,Reinhard,7/6/63,10/28/96,1/1/99,Assistant Engineer
72458,Stafford,Sudkamp,5/8/63,10/19/94,1/1/99,Staff
72461,Berna,Etalle,2/27/62,4/10/89,1/1/99,Senior Engineer
72468,Adin,Pearson,12/26/64,3/19/94,1/1/99,Technique Leader
72473,Anyuan,Baca,4/16/63,9/22/95,1/1/99,Staff
72477,Ramachenga,Saoudi,9/19/64,10/7/87,1/1/99,Staff
72481,Sibyl,Pettit,1/2/62,11/12/96,1/1/99,Senior Engineer
72487,Serenella,Rissanen,2/15/64,11/23/99,1/1/99,Engineer
72498,Mariusz,Akiyama,7/28/62,5/29/88,1/1/99,Staff
72501,Marc,Ramsey,3/17/64,7/21/93,1/1/99,Senior Engineer
72503,Piyawadee,Aloisi,1/23/63,4/23/90,1/1/99,Staff
72505,Dipayan,Assaf,5/23/63,4/1/97,1/1/99,Staff
72509,Heather,Nitto,4/29/64,10/8/86,1/1/99,Senior Engineer
72515,Diederik,Ullian,3/25/63,2/17/97,1/1/99,Staff
72517,Zhensheng,Stanfel,10/7/63,8/1/98,1/1/99,Staff
72520,Kenton,Kieras,5/24/63,8/2/89,1/1/99,Senior Staff
72532,Marco,Trogemann,9/28/63,1/31/90,1/1/99,Senior Engineer
72538,Eishiro,Zlotek,3/7/62,2/5/97,1/1/99,Senior Staff
72541,Arch,Georgatos,12/7/62,1/30/87,1/1/99,Staff
72543,Fatemeh,Kroft,10/14/64,9/1/86,1/1/99,Senior Engineer
72550,Marco,Randi,4/29/62,5/19/89,1/1/99,Engineer
72560,Nahum,Staelin,4/18/64,6/24/88,1/1/99,Engineer
72563,Marla,Zastre,10/23/63,10/24/87,1/1/99,Staff
72564,Elrique,Brookner,12/11/64,1/1/97,1/1/99,Engineer
72565,Uriel,Beilner,7/23/63,2/24/97,1/1/99,Assistant Engineer
72567,Patricio,Iivonen,7/24/63,10/14/99,1/1/99,Staff
72591,Bodh,Cooley,1/10/62,2/6/90,1/1/99,Senior Staff
72603,Ziya,Zlotek,2/25/63,3/14/99,1/1/99,Engineer
72616,Conal,Openshaw,12/14/63,3/30/93,1/1/99,Senior Staff
72630,Ute,Burnard,1/12/62,11/13/92,1/1/99,Senior Engineer
72636,Nalini,Paciorek,9/25/63,9/23/99,1/1/99,Staff
72640,Honglan,Hutton,1/24/65,10/4/93,1/1/99,Engineer
72641,Quingbo,Schusler,2/6/62,8/11/96,1/1/99,Staff
72644,Dines,Skrikant,6/28/63,10/26/97,1/1/99,Staff
72645,Mack,Bojadziev,4/7/62,9/18/91,1/1/99,Senior Staff
72647,Isaac,Solares,9/1/64,3/11/97,1/1/99,Senior Engineer
72654,Berna,Kilgour,3/1/62,11/18/88,1/1/99,Senior Staff
72658,Brigham,Nicolson,6/20/63,5/15/98,1/1/99,Staff
72659,Alois,Vieth,10/29/63,7/19/92,1/1/99,Senior Staff
72660,Mircea,Stifter,2/10/63,3/13/85,1/1/99,Senior Engineer
72670,Gianluca,Alpin,11/14/63,2/27/97,1/1/99,Engineer
72680,Kien,Strehl,12/7/62,3/15/86,1/1/99,Senior Staff
72688,Tran,Czap,7/26/64,10/27/89,1/1/99,Senior Engineer
72701,Mong,Montresor,3/17/62,4/11/94,1/1/99,Engineer
72704,Holgard,Rousseau,4/28/64,11/17/94,1/1/99,Staff
72705,Haldun,Slaats,4/22/62,9/6/92,1/1/99,Senior Engineer
72706,Rance,Genther,4/24/63,4/15/96,1/1/99,Engineer
72715,Mart,Kalsbeek,4/22/64,3/5/99,1/1/99,Technique Leader
72720,Ziya,Bennet,11/6/64,9/8/97,1/1/99,Assistant Engineer
72722,Fumitaka,Eickenmeyer,1/23/62,12/27/91,1/1/99,Staff
72729,Kerryn,Ishibashi,9/1/63,5/26/93,1/1/99,Engineer
72730,Marc,Trelles,5/25/64,4/26/01,1/1/99,Engineer
72731,Isaac,Fiebach,12/28/62,7/7/99,1/1/99,Senior Staff
72736,Demos,Lenart,8/14/62,7/7/96,1/1/99,Technique Leader
72742,Behnaam,Greenaway,2/24/64,10/19/93,1/1/99,Senior Engineer
72744,Zito,Serna,3/6/64,7/16/94,1/1/99,Engineer
72755,Seongbin,Stafford,9/17/63,5/13/86,1/1/99,Senior Staff
72763,Marco,Deville,4/1/63,8/1/95,1/1/99,Senior Engineer
72771,Nikolaos,Rajaraman,8/15/63,1/14/91,1/1/99,Senior Engineer
72772,Lijia,Brender,10/4/63,10/18/97,1/1/99,Technique Leader
72780,Fumitaka,Schneeberger,8/20/62,4/18/91,1/1/99,Technique Leader
72791,Ung,Skafidas,8/26/62,8/20/99,1/1/99,Senior Staff
72796,Susanta,Matzat,8/2/62,9/29/98,1/1/99,Staff
72808,Kagan,Kranzdorf,8/20/64,7/21/89,1/1/99,Senior Staff
72812,Zhilian,Segond,11/19/62,3/23/92,1/1/99,Senior Engineer
72820,Girolamo,Farris,7/8/63,1/26/94,1/1/99,Senior Engineer
72835,Lenore,Kowalchuk,7/23/63,6/18/93,1/1/99,Senior Engineer
72845,Vitali,Orlowska,3/9/62,5/7/97,1/1/99,Staff
72852,Kshitij,Syrotiuk,5/15/63,6/26/87,1/1/99,Staff
72854,Arun,Busillo,9/1/63,1/9/92,1/1/99,Senior Engineer
72856,Parto,Chiola,12/3/62,6/27/88,1/1/99,Engineer
72865,Ronnie,Muhling,4/23/62,8/13/00,1/1/99,Staff
72874,Subbu,Lund,1/4/62,1/8/87,1/1/99,Senior Engineer
72880,Heejo,Decaestecker,1/19/63,1/7/90,1/1/99,Senior Engineer
72890,Kerhong,Luke,4/15/62,5/14/91,1/1/99,Staff
72896,Zine,Munoz,4/6/64,10/15/96,1/1/99,Senior Staff
72899,Wonhee,Parveen,5/5/64,11/20/93,1/1/99,Senior Staff
72915,Jinpo,Falby,8/7/64,7/6/96,1/1/99,Staff
72918,Takahira,Szilard,1/22/65,1/16/88,1/1/99,Senior Staff
72925,Sivanarayana,Bahr,5/26/63,2/9/98,1/1/99,Engineer
72936,Constantine,Schlenzig,8/8/62,7/12/87,1/1/99,Staff
72942,Suvo,Savasere,3/19/63,1/7/95,1/1/99,Staff
72946,Waiman,Schahn,7/3/63,7/21/91,1/1/99,Staff
72952,Felicidad,Brender,12/21/62,12/29/99,1/1/99,Senior Staff
72954,Nakhoon,Schrift,5/26/64,10/24/99,1/1/99,Engineer
72955,Jongsuk,Harnett,7/5/62,8/21/98,1/1/99,Staff
72962,Yishai,Bade,10/10/64,8/13/93,1/1/99,Senior Staff
72965,Xuejia,Smailagic,2/6/64,10/27/97,1/1/99,Engineer
72970,Jordanka,Ramras,9/16/64,7/5/95,1/1/99,Senior Staff
72978,Val,Hartvigsen,11/29/63,2/10/92,1/1/99,Senior Engineer
73000,Vivian,Fujisawa,10/18/62,1/17/95,1/1/99,Staff
73012,Moti,Pavlopoulou,12/23/62,12/8/89,1/1/99,Engineer
73014,Rasiah,Sluis,5/28/64,6/3/88,1/1/99,Engineer
73025,Qingxiang,Grandbois,10/28/64,9/30/95,1/1/99,Technique Leader
73029,Lubomir,Lipner,11/12/62,11/14/88,1/1/99,Staff
73032,Yaghout,Thiran,5/22/62,8/12/99,1/1/99,Senior Staff
73033,Aksel,Zizka,11/11/64,12/25/95,1/1/99,Senior Staff
73037,Gritta,Mansanne,8/28/62,11/14/99,1/1/99,Engineer
73043,Stein,Erez,2/29/64,5/23/92,1/1/99,Engineer
73058,Theron,Porenta,11/15/63,3/6/90,1/1/99,Senior Engineer
73062,Almudena,Garnham,8/21/63,3/25/96,1/1/99,Staff
73067,Zeljko,Schaad,1/31/62,2/28/92,1/1/99,Senior Engineer
73071,Hatim,Sankaranarayanan,7/24/64,6/17/91,1/1/99,Senior Staff
73073,Sumali,Tomescu,4/7/64,8/18/93,1/1/99,Senior Staff
73076,Froduald,Feldhoffer,1/22/65,3/16/93,1/1/99,Senior Engineer
73078,Khatoun,Iisaku,10/16/63,9/20/86,1/1/99,Senior Engineer
73086,Jeanna,Magalhaes,7/25/64,6/9/95,1/1/99,Senior Staff
73091,Seshu,Beznosov,1/16/64,7/13/85,1/1/99,Engineer
73100,Xianlong,Samarati,3/21/63,9/2/90,1/1/99,Senior Engineer
73101,Premal,Denny,11/5/64,8/29/95,1/1/99,Engineer
73102,Chenyi,Schurmann,11/14/63,12/23/94,1/1/99,Senior Engineer
73112,Doowon,Eterovic,12/13/64,9/12/94,1/1/99,Engineer
73116,Kolar,Gist,2/14/62,12/16/85,1/1/99,Senior Engineer
73117,Kamakshi,Nannarelli,6/11/64,4/12/90,1/1/99,Senior Staff
73130,Jackson,England,12/30/62,6/22/94,1/1/99,Senior Staff
73138,Yunming,Malabarba,3/16/62,5/7/99,1/1/99,Staff
73144,Marc,Limongiello,11/28/63,5/20/88,1/1/99,Staff
73146,Anoosh,Tiemann,11/9/62,3/26/92,1/1/99,Engineer
73151,Masaki,Vesel,1/22/63,12/30/98,1/1/99,Engineer
73160,Sanjoy,Back,7/6/62,12/29/86,1/1/99,Staff
73166,Toshimi,Murrill,5/18/62,7/24/97,1/1/99,Staff
73167,Shridhar,Chaudhury,4/23/63,5/9/91,1/1/99,Senior Staff
73171,Arfst,Sidje,7/30/64,3/14/90,1/1/99,Engineer
73178,Lalit,Speel,11/10/64,6/20/94,1/1/99,Staff
73181,Jaques,Conti,8/7/63,5/1/89,1/1/99,Engineer
73188,Akeno,Kusakari,12/23/62,7/25/95,1/1/99,Senior Staff
73189,Garnik,Erdmenger,9/6/63,1/19/98,1/1/99,Staff
73190,Uli,Masaki,8/14/62,8/8/91,1/1/99,Senior Staff
73196,Atreye,Gulla,1/21/62,12/19/94,1/1/99,Senior Staff
73198,Goo,Goldhammer,10/26/64,3/1/92,1/1/99,Senior Staff
73211,Gennady,Eiter,8/31/63,6/30/95,1/1/99,Senior Staff
73217,Domenico,Massonet,12/30/64,4/16/88,1/1/99,Senior Staff
73221,Owen,Walstra,3/31/64,12/11/92,1/1/99,Senior Staff
73227,Sakthirel,Papsdorf,12/1/64,1/19/95,1/1/99,Engineer
73233,Shigeo,Merey,1/15/65,7/30/85,1/1/99,Senior Engineer
73239,Jiafu,Alvarado,12/16/64,3/21/99,1/1/99,Staff
73240,Aruna,Griswold,10/18/62,3/6/99,1/1/99,Senior Engineer
73243,Uriel,Gelosh,1/29/63,6/24/97,1/1/99,Assistant Engineer
73245,Demos,Reghbati,12/12/63,1/31/94,1/1/99,Senior Staff
73246,Chinhyun,Hinsberger,4/3/62,4/22/95,1/1/99,Senior Engineer
73247,Naraig,Linnainmaa,10/21/62,4/30/95,1/1/99,Technique Leader
73248,Nathalie,Selvestrel,6/13/63,7/3/88,1/1/99,Senior Staff
73249,Kwan,Berendt,2/3/63,7/13/97,1/1/99,Staff
73250,Panayotis,Hammerschmidt,1/6/64,1/28/93,1/1/99,Senior Engineer
73254,Ortrud,Berstel,1/29/63,4/27/97,1/1/99,Senior Staff
73255,Berry,Rusterholz,12/16/62,8/25/99,1/1/99,Engineer
73279,Cordelia,Beausoleil,1/26/62,8/6/88,1/1/99,Staff
73287,Greger,Lamma,8/16/63,1/31/95,1/1/99,Engineer
73291,Sudhanshu,Lalonde,7/19/64,4/30/92,1/1/99,Senior Engineer
73294,Jenwei,Staylopatis,4/22/63,7/23/96,1/1/99,Technique Leader
73302,Kolar,Perri,8/5/63,2/4/95,1/1/99,Senior Staff
73307,Erzsebet,Peac,4/12/64,2/11/90,1/1/99,Engineer
73309,Zhongwei,Trelles,9/13/62,8/3/98,1/1/99,Engineer
73315,Tru,Kampfer,3/18/63,11/27/88,1/1/99,Senior Staff
73319,Zhiwei,Fontan,5/16/62,7/28/85,1/1/99,Senior Staff
73324,Nahid,McClure,12/15/62,4/12/94,1/1/99,Senior Engineer
73325,Odinaldo,Sambasivam,10/11/62,6/23/98,1/1/99,Staff
73341,Joydip,Malinowski,4/24/63,4/4/90,1/1/99,Engineer
73342,Fei,Brender,2/22/62,5/13/00,1/1/99,Senior Staff
73359,Abdelwaheb,Cherinka,3/11/63,5/22/98,1/1/99,Staff
73360,Sajjan,Lundstrom,10/4/64,11/15/86,1/1/99,Senior Staff
73376,Aleksandar,Comyn,10/22/63,5/15/88,1/1/99,Engineer
73377,Mahendra,Usery,9/30/63,5/10/91,1/1/99,Senior Engineer
73378,Mohammad,Heuser,1/25/63,2/8/95,1/1/99,Engineer
73382,Alagu,Mundy,10/22/62,4/15/90,1/1/99,Senior Staff
73383,Syozo,Rosenbaum,8/13/64,2/15/95,1/1/99,Engineer
73384,Abdelkader,Shinomoto,11/30/63,3/9/95,1/1/99,Engineer
73385,Kiyotoshi,Reghbati,8/9/62,11/6/95,1/1/99,Engineer
73392,Takahito,Kugler,1/1/62,4/1/88,1/1/99,Engineer
73396,Arne,Domenig,7/25/63,2/18/93,1/1/99,Senior Engineer
73408,Genta,Stifter,9/16/63,12/29/95,1/1/99,Engineer
73434,Changho,Puppo,3/4/64,2/17/91,1/1/99,Senior Engineer
73437,Caolyn,Dulin,10/28/62,10/1/94,1/1/99,Staff
73440,Arfst,Lueh,3/26/63,11/4/99,1/1/99,Staff
73449,Danil,Basagni,3/20/64,8/6/99,1/1/99,Senior Engineer
73453,Mark,Boyle,1/8/64,5/12/86,1/1/99,Senior Engineer
73464,Yechiam,Axelband,9/14/62,7/4/88,1/1/99,Senior Staff
73475,Kristina,Leuchs,4/19/64,3/25/99,1/1/99,Engineer
73485,Dhritiman,Ratnaker,10/3/62,10/10/86,1/1/99,Staff
73489,Jinxi,Matzov,6/7/62,8/19/85,1/1/99,Senior Engineer
73493,Harjit,Chandrasekhar,7/23/63,3/16/98,1/1/99,Staff
73508,Zhilian,Vidal,4/15/63,8/2/98,1/1/99,Engineer
73511,Charlene,Ranft,10/14/63,4/22/91,1/1/99,Senior Staff
73516,Qingxiang,Badache,1/14/65,6/25/89,1/1/99,Engineer
73535,Nahum,Baez,7/9/62,12/26/99,1/1/99,Senior Engineer
73540,Kwan,Katalagarianos,1/8/62,8/20/90,1/1/99,Engineer
73541,Troy,Ellozy,1/10/62,11/29/99,1/1/99,Engineer
73546,Eberhardt,Kohling,6/6/63,5/9/91,1/1/99,Senior Engineer
73562,Djelloul,Hainaut,11/15/63,4/26/85,1/1/99,Senior Engineer
73563,Heekeun,Snyers,1/24/62,11/23/94,1/1/99,Staff
73564,Pascal,Hiltgen,7/16/63,3/21/02,1/1/99,Staff
73570,Valdiodio,Hennings,2/23/63,7/26/92,1/1/99,Technique Leader
73571,Maik,Barvinok,10/22/64,10/27/98,1/1/99,Engineer
73580,Adel,Katzenelson,9/9/64,5/28/94,1/1/99,Senior Staff
73581,Djelloul,Guting,10/7/62,8/28/97,1/1/99,Senior Staff
73588,Hinrich,Rodier,10/29/63,2/27/97,1/1/99,Staff
73590,Christfried,Camurati,12/17/62,4/19/88,1/1/99,Engineer
73591,Jordanka,Mitina,2/11/63,4/25/85,1/1/99,Engineer
73598,Krisda,Oaver,2/6/62,12/3/86,1/1/99,Staff
73606,Sushant,Schiettecatte,8/11/64,12/22/94,1/1/99,Staff
73608,Jaewoo,Ducloy,12/3/63,9/21/85,1/1/99,Senior Engineer
73632,Juichirou,Ambroszkiewicz,6/22/62,8/2/98,1/1/99,Staff
73638,Aimee,Cappelletti,5/10/64,10/8/95,1/1/99,Staff
73639,Moty,Murtagh,11/21/62,2/3/96,1/1/99,Staff
73641,Vasiliy,Koyama,2/20/62,4/27/89,1/1/99,Engineer
73648,Gretta,Masaki,8/5/63,5/29/99,1/1/99,Engineer
73651,Naftali,Pettis,5/5/63,1/27/86,1/1/99,Senior Engineer
73653,Mohd,Luiz,5/24/64,6/24/00,1/1/99,Staff
73654,Giap,Baalen,10/19/63,11/22/89,1/1/99,Staff
73656,Lenore,Akaboshi,9/29/63,9/14/85,1/1/99,Senior Engineer
73661,Munehiro,Litecky,1/11/63,10/2/99,1/1/99,Engineer
73665,Kasturi,Zeilberger,8/7/62,7/30/89,1/1/99,Assistant Engineer
73688,Hidefumi,Vitiello,5/29/63,9/15/93,1/1/99,Staff
73705,Danel,Pleszkun,8/3/62,4/8/90,1/1/99,Senior Staff
73720,Bouchung,Teitelbaum,7/28/64,7/11/89,1/1/99,Senior Engineer
73741,Herbert,Debuse,12/3/63,10/21/90,1/1/99,Senior Staff
73743,Anneke,Bernardeschi,1/15/65,10/15/00,1/1/99,Engineer
73748,Atilio,Sewelson,4/15/64,5/16/93,1/1/99,Assistant Engineer
73757,Jeong,Pell,8/1/62,3/30/87,1/1/99,Senior Staff
73771,Lobel,Chaudhury,4/5/64,5/10/98,1/1/99,Senior Engineer
73776,Yucel,Fujisaki,6/9/63,3/23/90,1/1/99,Engineer
73779,Mrinalini,Riexinger,12/11/62,10/28/85,1/1/99,Engineer
73784,Leaf,Muniz,7/9/62,11/17/88,1/1/99,Senior Engineer
73787,Kazuyasu,Kabayashi,7/15/62,12/12/88,1/1/99,Senior Engineer
73788,Zengping,Brizzi,5/6/63,5/13/92,1/1/99,Senior Engineer
73797,Xiaoqiang,Vecchio,7/14/63,5/6/92,1/1/99,Senior Engineer
73801,Djelloul,Anick,10/29/64,10/8/98,1/1/99,Staff
73805,Venkatesan,Rabehasaina,9/23/64,8/2/85,1/1/99,Engineer
73815,Ronghao,Vilarrasa,4/7/62,6/11/96,1/1/99,Assistant Engineer
73818,Zito,Perko,9/7/64,6/2/01,1/1/99,Staff
73822,Eberhardt,Kermarrec,4/30/63,1/14/90,1/1/99,Senior Staff
73830,Gopalakrishnan,Kolvik,11/2/62,1/27/89,1/1/99,Senior Engineer
73831,Vasilii,Jarecki,8/12/63,2/8/85,1/1/99,Senior Engineer
73849,Valeri,Lund,4/13/62,2/8/90,1/1/99,Engineer
73852,Masadi,Bellone,5/12/62,9/1/85,1/1/99,Senior Engineer
73853,Turgut,Cangellaris,4/29/63,11/26/87,1/1/99,Engineer
73857,Elgin,Nicolson,12/23/64,10/18/98,1/1/99,Engineer
73860,Vatsa,Thimonier,9/15/64,6/15/96,1/1/99,Staff
73864,Jordanka,Conde,3/15/64,9/2/87,1/1/99,Senior Staff
73865,Xuedong,Capobianchi,7/7/64,10/16/88,1/1/99,Senior Engineer
73872,Utz,Benzaken,4/1/63,2/6/86,1/1/99,Engineer
73879,Odoardo,Cullers,6/3/63,3/4/97,1/1/99,Staff
73882,Goetz,Halloran,5/20/64,8/6/91,1/1/99,Staff
73884,Kensyu,Ernst,5/23/63,5/23/93,1/1/99,Assistant Engineer
73888,Gopalakrishnan,Ramsey,5/3/63,4/24/00,1/1/99,Engineer
73889,Fuqing,Larfeldt,4/18/63,4/23/91,1/1/99,Senior Staff
73890,Geoffry,Pauthner,12/15/64,5/29/92,1/1/99,Senior Engineer
73899,Naftaly,Redmiles,8/13/62,5/19/00,1/1/99,Senior Staff
73900,Tamiya,Millington,1/23/64,9/24/86,1/1/99,Engineer
73905,Kiyomitsu,Monarch,11/16/62,3/7/87,1/1/99,Senior Engineer
73910,Ulises,Shackel,3/10/62,11/24/89,1/1/99,Technique Leader
73913,Hitofumi,Denis,7/12/64,11/24/99,1/1/99,Staff
73917,Yongdong,Ginesta,3/11/63,12/30/97,1/1/99,Staff
73930,Muneo,Birke,6/11/63,8/31/93,1/1/99,Engineer
73931,Herb,Asser,7/17/63,8/10/94,1/1/99,Staff
73947,Gian,Maierhofer,7/10/62,2/18/86,1/1/99,Engineer
73948,Sakthirel,Beutelspacher,8/19/63,12/14/88,1/1/99,Engineer
73951,Kersti,Mawatari,7/24/63,10/4/97,1/1/99,Engineer
73960,Chenxi,Ozeri,11/5/64,11/19/93,1/1/99,Engineer
73962,Sanjoy,Cunliffe,6/30/63,2/21/98,1/1/99,Engineer
73967,Chenxi,Brookman,2/6/62,4/1/98,1/1/99,Engineer
73973,Jeong,Ranum,11/16/64,2/4/98,1/1/99,Engineer
73981,Yinghua,Sinicrope,8/13/62,7/1/92,1/1/99,Engineer
73998,Mary,Ananiadou,10/6/63,9/20/96,1/1/99,Staff
74002,Dinah,Lupu,10/25/64,1/4/92,1/1/99,Senior Engineer
74009,Kasidit,Hertweck,3/28/63,3/27/85,1/1/99,Staff
74020,Sasan,Nivat,3/26/62,1/8/94,1/1/99,Senior Staff
74029,Shigeaki,Georgakopoulos,1/30/64,2/28/01,1/1/99,Assistant Engineer
74030,Kamran,Lakshmanan,1/15/63,7/27/94,1/1/99,Technique Leader
74031,Lijie,Schnabel,11/16/62,8/4/96,1/1/99,Engineer
74037,Taizo,Dechter,8/31/62,9/26/91,1/1/99,Senior Staff
74039,Dmitry,Jansen,7/26/63,10/10/85,1/1/99,Senior Staff
74062,Vugranam,Nourani,10/28/63,9/7/93,1/1/99,Senior Staff
74071,Krisda,Conta,1/25/62,2/2/98,1/1/99,Engineer
74073,Peer,Restivo,4/30/63,9/9/99,1/1/99,Staff
74077,Otmar,Isaak,7/16/64,6/10/85,1/1/99,Senior Staff
74080,Bilhanan,Ruemmler,12/28/62,6/6/93,1/1/99,Senior Engineer
74082,Gully,Thimonier,10/2/64,6/15/98,1/1/99,Staff
74088,Alenka,Soloway,10/22/63,3/5/97,1/1/99,Staff
74092,Tadanori,Zongker,5/11/62,1/19/98,1/1/99,Staff
74093,Stamatina,Cronan,5/27/63,5/27/95,1/1/99,Staff
74098,Shounak,Picci,3/23/63,7/5/88,1/1/99,Senior Staff
74105,Kazuhiro,Cannane,1/21/64,8/9/90,1/1/99,Engineer
74118,Masami,Zedlitz,6/14/62,4/6/98,1/1/99,Technique Leader
74123,Naraig,Werthner,6/11/63,6/11/99,1/1/99,Engineer
74129,Goa,Rosin,1/18/63,7/1/89,1/1/99,Technique Leader
74130,Miyeon,Bierbaum,8/20/64,1/25/90,1/1/99,Senior Staff
74132,Dinah,Jarecki,10/12/62,8/3/87,1/1/99,Senior Engineer
74136,Henk,Sifakis,9/20/62,5/12/88,1/1/99,Engineer
74137,Joydip,Vidal,10/26/64,9/21/88,1/1/99,Senior Staff
74138,Kristin,Pell,12/10/62,7/27/94,1/1/99,Senior Engineer
74140,Ger,Hanabata,12/8/62,1/16/96,1/1/99,Senior Engineer
74150,Qingxiang,Peak,1/13/62,8/21/94,1/1/99,Staff
74152,Kristin,Shrader,6/26/62,5/13/91,1/1/99,Senior Engineer
74155,Armond,Pfau,1/2/63,12/28/87,1/1/99,Engineer
74161,Weiye,Hutton,10/4/64,1/8/90,1/1/99,Senior Staff
74167,Ingmar,Vuskovic,1/2/64,4/2/94,1/1/99,Senior Engineer
74178,Michaela,Streit,2/14/63,2/15/98,1/1/99,Engineer
74180,Kamran,Boudaillier,12/9/63,10/20/95,1/1/99,Senior Staff
74193,Chikako,Penttonen,8/29/62,6/3/85,1/1/99,Engineer
74200,Holgard,Weiland,1/16/65,9/24/91,1/1/99,Senior Engineer
74209,Hatsukazu,Munke,11/18/63,2/4/95,1/1/99,Staff
74210,Zvonko,Majewski,6/7/62,1/21/96,1/1/99,Senior Engineer
74213,Kazunori,Frezza,2/9/63,4/22/02,1/1/99,Staff
74223,Yakkov,Serre,3/13/62,11/3/85,1/1/99,Senior Engineer
74228,Fai,Zucker,7/28/63,7/28/88,1/1/99,Staff
74242,Nidapan,Pelz,11/12/62,2/6/99,1/1/99,Engineer
74264,Shrikanth,Decleir,12/23/62,5/17/95,1/1/99,Staff
74269,Paraskevi,Boreale,10/2/62,6/22/92,1/1/99,Engineer
74274,Poornachandra,Manders,3/12/64,11/24/96,1/1/99,Senior Staff
74279,Rafail,Ranst,10/16/63,12/9/94,1/1/99,Staff
74281,Tze,Schonegge,8/8/64,9/10/95,1/1/99,Technique Leader
74285,Ekawit,Linnainmaa,2/9/64,8/25/00,1/1/99,Engineer
74288,Ramzi,Masada,6/16/62,12/29/85,1/1/99,Senior Staff
74290,Geoffrey,Menhardt,10/4/64,10/19/85,1/1/99,Staff
74291,Kotesh,Brattka,3/13/64,5/4/98,1/1/99,Staff
74293,Kasidit,Cherinka,1/9/64,8/27/00,1/1/99,Senior Engineer
74299,Fan,Bahk,10/20/64,8/2/89,1/1/99,Engineer
74305,Feipei,Clemencon,10/1/63,12/2/89,1/1/99,Senior Staff
74306,Bernice,Juneja,1/3/64,11/22/92,1/1/99,Senior Staff
74309,Mayumi,Gadepally,7/27/62,3/5/88,1/1/99,Senior Engineer
74310,Ronghao,Neiman,1/7/63,3/10/98,1/1/99,Senior Engineer
74311,Aleksander,Bergere,2/10/64,9/2/92,1/1/99,Senior Engineer
74318,Xiong,Suwa,12/11/64,4/5/98,1/1/99,Engineer
74326,Bartek,Vickson,10/8/62,10/23/92,1/1/99,Technique Leader
74340,Ottavia,Terwilliger,8/15/64,8/23/92,1/1/99,Senior Staff
74341,Jinxi,Etalle,5/15/64,11/14/88,1/1/99,Senior Staff
74344,Hiroyasu,Provine,2/1/65,11/25/94,1/1/99,Engineer
74346,Ymte,Panangaden,5/6/62,4/14/98,1/1/99,Staff
74350,Duri,Rassart,6/24/63,7/19/92,1/1/99,Senior Staff
74356,Valdiodio,Auyong,7/31/64,3/11/96,1/1/99,Engineer
74363,Krister,Hasenauer,1/6/62,12/22/93,1/1/99,Senior Engineer
74364,Berto,Compeau,11/11/63,7/28/95,1/1/99,Senior Staff
74368,Nigel,Dalphin,6/20/62,9/12/87,1/1/99,Senior Engineer
74370,Horward,Stemann,8/26/64,8/5/00,1/1/99,Senior Engineer
74374,Kamran,Karcich,1/15/62,7/30/89,1/1/99,Senior Engineer
74379,Chirstian,Iivonen,6/10/63,4/30/98,1/1/99,Engineer
74384,Shimshon,Wielonsky,9/26/62,10/20/87,1/1/99,Technique Leader
74385,Ymte,Birjandi,10/4/64,4/2/92,1/1/99,Senior Engineer
74397,Shuzo,Gelosh,5/5/64,8/2/94,1/1/99,Staff
74399,Fatemeh,Calkin,9/10/62,12/24/95,1/1/99,Engineer
74405,Fai,Vecchi,2/9/62,2/15/86,1/1/99,Senior Staff
74409,Doohun,Perin,3/17/62,12/7/99,1/1/99,Assistant Engineer
74414,Sasan,Ouhyoung,4/30/63,1/9/86,1/1/99,Assistant Engineer
74419,Jiang,Emmerich,8/23/62,1/26/93,1/1/99,Senior Engineer
74423,Gennadi,Borovoy,1/12/62,8/26/89,1/1/99,Engineer
74428,Hauke,Androutsos,10/10/64,11/9/99,1/1/99,Senior Engineer
74429,Lein,Ranta,11/25/63,7/22/85,1/1/99,Senior Staff
74430,Guttorm,Chimia,1/2/64,1/5/02,1/1/99,Staff
74439,Josyula,Solovay,1/21/63,4/6/97,1/1/99,Senior Engineer
74440,Hein,Crouzet,6/28/64,1/9/95,1/1/99,Staff
74441,Mori,Valtorta,7/16/63,6/4/88,1/1/99,Senior Engineer
74442,Stein,Heuser,7/6/62,1/24/86,1/1/99,Staff
74444,Sachem,Passino,2/16/63,5/2/92,1/1/99,Senior Staff
74448,Feipei,Speckmann,9/13/62,9/21/99,1/1/99,Engineer
74451,Vitali,Sethi,8/29/62,8/28/86,1/1/99,Assistant Engineer
74460,Kinh,Coorg,3/7/63,9/18/86,1/1/99,Senior Staff
74461,Heping,Claffy,11/27/62,7/28/93,1/1/99,Engineer
74462,Sampalli,Perz,3/26/62,2/23/98,1/1/99,Staff
74463,Souichi,Schreiter,6/22/64,5/8/95,1/1/99,Senior Engineer
74466,Juyoung,Kornyak,6/27/63,12/28/93,1/1/99,Engineer
74467,Reinhold,Horswill,11/17/64,10/13/01,1/1/99,Staff
74468,Elgin,Tasistro,5/5/62,7/23/88,1/1/99,Senior Staff
74472,Maren,Champarnaud,7/30/62,7/19/91,1/1/99,Engineer
74477,Emran,Langford,8/4/63,1/16/98,1/1/99,Engineer
74478,Leen,Alencar,2/3/63,12/3/97,1/1/99,Senior Staff
74486,Dayanand,Nyanchama,3/28/63,12/20/89,1/1/99,Senior Engineer
74487,Arnd,Otillio,8/23/63,4/1/87,1/1/99,Senior Staff
74497,Danco,Babu,5/15/62,4/12/89,1/1/99,Engineer
74499,Kenton,Reeker,10/28/62,9/6/99,1/1/99,Senior Staff
74516,Munir,Sanella,6/14/63,10/25/97,1/1/99,Staff
74522,Anyuan,Schaar,1/25/63,8/13/97,1/1/99,Staff
74534,Paraskevi,Serra,4/5/62,8/6/91,1/1/99,Engineer
74539,Filipp,Herath,7/14/64,9/29/87,1/1/99,Senior Engineer
74547,Demos,Salverda,8/27/62,6/13/94,1/1/99,Senior Engineer
74548,Shigehito,Olano,12/20/62,3/18/95,1/1/99,Engineer
74550,Constantijn,Sluis,8/12/62,3/26/94,1/1/99,Engineer
74552,Pranjal,Parascandalo,3/29/62,1/16/88,1/1/99,Senior Staff
74558,Garnet,Llado,2/3/63,3/30/95,1/1/99,Senior Engineer
74567,Maris,Conti,6/22/63,5/27/94,1/1/99,Senior Engineer
74570,Demin,Benveniste,8/19/64,12/6/90,1/1/99,Senior Engineer
74572,Percy,DuBourdieux,8/7/63,6/16/01,1/1/99,Senior Staff
74575,Shuzo,Piveteau,3/3/63,12/7/87,1/1/99,Staff
74579,Sastry,Driscoll,8/20/62,12/13/98,1/1/99,Engineer
74583,Malu,Anandan,6/3/62,4/12/99,1/1/99,Staff
74603,Tomoyuki,Angel,3/12/62,6/24/95,1/1/99,Engineer
74606,Gay,Denti,6/28/63,1/22/00,1/1/99,Engineer
74611,Leni,Hainaut,9/11/62,8/11/99,1/1/99,Staff
74614,Leon,Hegner,8/19/63,8/15/98,1/1/99,Senior Engineer
74623,Moon,Leaver,2/4/63,10/6/90,1/1/99,Engineer
74625,Shugo,Matzen,9/23/64,1/29/88,1/1/99,Senior Staff
74630,Siddarth,Roisin,12/6/63,9/27/91,1/1/99,Senior Staff
74641,Theirry,Valtorta,7/22/63,8/8/96,1/1/99,Senior Engineer
74653,Palash,Ozeri,9/2/64,7/17/97,1/1/99,Engineer
74654,Katsuyuki,Impagliazzo,2/23/62,6/16/88,1/1/99,Senior Engineer
74662,Rance,Matheson,10/28/63,4/1/99,1/1/99,Staff
74668,Masako,Bonifati,1/1/65,4/9/87,1/1/99,Senior Staff
74679,Rutger,Lueh,10/27/63,10/9/93,1/1/99,Engineer
74685,Martine,Danecki,8/30/62,10/10/88,1/1/99,Senior Staff
74688,Ziya,Fujisawa,12/22/64,1/24/94,1/1/99,Senior Staff
74700,Saeed,Lindenbaum,7/7/63,6/21/00,1/1/99,Engineer
74707,Zvonko,Kawashimo,10/29/64,7/10/91,1/1/99,Senior Engineer
74729,Gretta,Alameldin,1/26/63,1/11/87,1/1/99,Engineer
74732,Alois,Thombley,4/19/64,7/10/87,1/1/99,Senior Engineer
74736,Zorica,Cyre,6/23/62,8/19/95,1/1/99,Senior Staff
74737,Akeel,Kugler,4/25/63,6/18/87,1/1/99,Staff
74741,Christoph,Compeau,2/4/64,4/14/91,1/1/99,Senior Engineer
74745,Aris,Uchoa,6/11/63,12/19/88,1/1/99,Senior Staff
74750,Tsutomu,Alencar,7/30/64,3/26/98,1/1/99,Senior Staff
74751,Constantijn,DuCasse,12/29/62,9/4/91,1/1/99,Senior Staff
74757,Lenore,Weisert,1/3/63,4/24/95,1/1/99,Senior Staff
74764,Vasilii,Gornas,2/20/63,9/27/92,1/1/99,Technique Leader
74769,Shirish,Highland,9/1/63,2/17/98,1/1/99,Senior Engineer
74770,Shigeo,Cummings,8/27/62,9/28/87,1/1/99,Senior Staff
74774,Mircea,Aloia,10/11/62,5/7/97,1/1/99,Engineer
74776,Herb,Munoz,10/5/63,6/7/85,1/1/99,Senior Engineer
74786,Fei,Asmuth,11/30/62,2/17/91,1/1/99,Senior Engineer
74789,Adit,Sigstam,5/10/64,7/11/00,1/1/99,Engineer
74794,Boriana,Manderick,11/8/62,3/12/96,1/1/99,Senior Engineer
74799,Janche,Iisaka,7/30/63,6/23/92,1/1/99,Senior Staff
74800,Yuuichi,Conde,1/25/65,3/8/89,1/1/99,Assistant Engineer
74803,Yonghoan,Porenta,10/18/64,3/12/87,1/1/99,Engineer
74807,Bernd,Piveteau,6/17/64,5/12/97,1/1/99,Senior Staff
74814,Elvis,Oehlmann,2/17/62,4/30/87,1/1/99,Senior Staff
74820,Arnould,Gill,5/20/62,12/3/92,1/1/99,Senior Staff
74824,Uri,Itschner,9/9/64,10/18/86,1/1/99,Senior Staff
74826,Moie,Otillio,8/13/63,4/24/91,1/1/99,Senior Engineer
74828,Berthier,Genther,12/7/64,9/29/88,1/1/99,Senior Engineer
74834,Yakkov,Perri,4/7/64,6/20/90,1/1/99,Senior Staff
74835,Gad,Naumovich,1/16/64,1/15/94,1/1/99,Engineer
74841,Sham,Kakkar,5/29/62,7/20/86,1/1/99,Senior Engineer
74843,Yakkov,Fendler,2/4/64,2/14/85,1/1/99,Senior Staff
74845,Fumitake,Callaway,10/7/64,9/3/89,1/1/99,Staff
74855,Atreye,Lanzelotte,10/5/62,6/15/94,1/1/99,Engineer
74862,Kristen,Ghelli,5/25/62,5/24/92,1/1/99,Engineer
74863,Huican,Jayawardene,9/28/64,8/22/90,1/1/99,Engineer
74864,Otilia,Schieder,11/17/62,7/15/88,1/1/99,Staff
74872,Jiong,Weedon,5/12/62,11/6/93,1/1/99,Senior Engineer
74874,Aemilian,Lorie,7/19/63,4/15/86,1/1/99,Engineer
74879,Mara,Malinowski,3/25/62,6/8/92,1/1/99,Engineer
74886,Doohun,Hmelo,11/20/64,3/28/87,1/1/99,Senior Staff
74905,Yolla,Krohn,10/19/64,3/7/97,1/1/99,Senior Engineer
74909,Uwe,Shumilov,10/29/63,7/12/97,1/1/99,Engineer
74911,Yagil,Provine,10/13/63,7/30/89,1/1/99,Senior Engineer
74916,Nevin,Kawashima,2/10/64,7/24/86,1/1/99,Senior Engineer
74918,Seshu,Kolinko,2/23/63,6/21/87,1/1/99,Senior Staff
74920,Hausi,Chappelet,1/17/64,3/17/98,1/1/99,Staff
74926,Ottavia,Wuwongse,12/21/63,12/10/87,1/1/99,Senior Staff
74932,Kish,Borovoy,2/27/64,4/30/95,1/1/99,Senior Engineer
74940,Barton,Spelt,5/15/64,12/19/92,1/1/99,Engineer
74941,Tommaso,Shackel,5/21/64,10/28/99,1/1/99,Senior Engineer
74953,Zsolt,Henders,8/28/63,8/26/98,1/1/99,Staff
74955,Larisa,Antonisse,12/12/64,11/8/88,1/1/99,Engineer
74956,Marek,Luby,11/15/64,6/1/97,1/1/99,Engineer
74963,Shigehiro,Aseltine,12/2/63,1/28/95,1/1/99,Technique Leader
74968,Yongmin,Collette,11/15/64,1/2/95,1/1/99,Staff
74973,Marin,Heijenga,9/15/62,12/20/94,1/1/99,Senior Engineer
74977,Souichi,Merey,12/26/62,8/21/95,1/1/99,Engineer
74981,Mara,Sambasivam,4/7/62,5/11/87,1/1/99,Senior Engineer
74989,Gio,Sanella,4/25/63,2/3/85,1/1/99,Senior Staff
74991,Mahendra,Tasistro,1/12/62,7/29/89,1/1/99,Senior Staff
74993,Felicidad,Marrevee,9/8/62,8/4/90,1/1/99,Senior Staff
74996,Premsyl,Peris,6/11/62,6/3/93,1/1/99,Assistant Engineer
75003,Florian,Garrabrants,11/23/62,8/4/96,1/1/99,Technique Leader
75004,Shmuel,Paludetto,2/23/64,4/3/97,1/1/99,Staff
75013,Luisa,Tsukune,7/12/63,6/9/88,1/1/99,Senior Staff
75016,Dayanand,Belinskaya,4/29/64,4/29/91,1/1/99,Staff
75019,Abdelwaheb,Piveteau,3/12/63,5/11/92,1/1/99,Senior Engineer
75025,Odysseas,Munke,1/11/63,9/20/93,1/1/99,Engineer
75028,Sanjit,Sury,1/4/64,5/18/94,1/1/99,Engineer
75035,Erez,Brendel,12/3/64,2/9/95,1/1/99,Engineer
75045,Sibyl,Baak,9/3/63,6/20/97,1/1/99,Engineer
75058,Steve,Busillo,7/22/64,12/27/87,1/1/99,Staff
75070,Fumiya,Colorni,10/10/64,10/12/86,1/1/99,Technique Leader
75072,Masaru,Birch,6/21/62,1/16/00,1/1/99,Technique Leader
75078,Faiza,Bernardinello,10/31/63,12/18/96,1/1/99,Assistant Engineer
75083,Marit,Schurmann,5/13/62,1/27/92,1/1/99,Engineer
75085,Kiam,Reeken,12/27/62,6/22/96,1/1/99,Assistant Engineer
75089,Vesna,Bottner,4/3/63,7/25/92,1/1/99,Technique Leader
75091,Aiman,Kavanagh,12/14/63,1/23/87,1/1/99,Staff
75092,Fumiyo,Malabarba,8/9/62,11/6/85,1/1/99,Senior Staff
75097,Wayne,Wroclawski,10/17/64,10/29/92,1/1/99,Engineer
75103,Tran,Hanratty,6/5/64,7/24/87,1/1/99,Staff
75112,Vasilis,Verspoor,11/26/64,11/17/99,1/1/99,Senior Engineer
75117,Felicidad,Schreiter,12/1/63,9/15/87,1/1/99,Staff
75118,Steen,Pappas,6/9/62,6/21/97,1/1/99,Staff
75119,Gopalakrishnan,Smeets,2/7/64,1/30/92,1/1/99,Engineer
75120,Jagoda,Butner,8/21/64,8/30/86,1/1/99,Senior Engineer
75121,Denny,Shokrollahi,4/6/64,7/6/86,1/1/99,Senior Staff
75123,Masanao,Cmelik,8/21/62,3/28/93,1/1/99,Senior Staff
75139,Mohan,Morris,12/2/63,12/8/99,1/1/99,Staff
75146,Shaowei,Suomi,10/2/63,10/20/87,1/1/99,Senior Engineer
75147,Bader,Nicolson,2/6/62,7/13/92,1/1/99,Technique Leader
75161,Keung,Chleq,7/17/63,4/17/87,1/1/99,Senior Staff
75180,Christoph,Rosin,5/13/63,11/17/91,1/1/99,Engineer
75187,Gay,Shanbhogue,9/19/62,8/4/90,1/1/99,Engineer
75188,Khatoun,Vigier,6/6/64,3/8/91,1/1/99,Senior Staff
75193,Taisook,Vesna,11/30/63,4/5/93,1/1/99,Engineer
75194,Rosine,Czaja,6/20/62,10/6/95,1/1/99,Engineer
75203,Kayoko,Mitsuhashi,4/25/63,2/21/88,1/1/99,Technique Leader
75204,Margo,Marakhovsky,4/13/62,6/22/87,1/1/99,Senior Staff
75206,Xiaoqiang,Billawala,3/28/63,6/19/87,1/1/99,Engineer
75213,Heejo,Quadeer,12/19/63,2/18/99,1/1/99,Staff
75220,Renny,Garnham,7/9/62,4/27/90,1/1/99,Senior Staff
75234,LiMin,Kilgour,8/23/64,4/27/89,1/1/99,Senior Engineer
75235,Vincent,Cronau,5/31/62,1/1/90,1/1/99,Senior Engineer
75246,Leni,Antonakopoulos,5/20/63,2/12/89,1/1/99,Staff
75247,Deborah,Dymetman,12/11/64,12/1/98,1/1/99,Staff
75254,Kousuke,Waterhouse,10/11/63,6/27/93,1/1/99,Engineer
75256,Zhiwei,Nishimukai,8/28/63,7/18/91,1/1/99,Senior Staff
75266,Maha,Bardell,11/20/63,3/26/98,1/1/99,Staff
75268,Vidar,Rikino,8/21/64,8/1/01,1/1/99,Engineer
75278,Christ,Thimonier,2/12/62,4/4/87,1/1/99,Senior Engineer
75281,Isamu,Schaft,4/26/63,5/16/90,1/1/99,Engineer
75294,Gio,Baca,8/1/63,9/19/88,1/1/99,Engineer
75304,Jaques,Cangellaris,10/7/63,10/24/92,1/1/99,Staff
75311,Ger,Ernst,2/14/62,1/2/88,1/1/99,Staff
75319,Yuchang,Provine,11/8/64,7/2/94,1/1/99,Engineer
75320,Kazunori,Asrin,4/7/63,12/16/96,1/1/99,Technique Leader
75321,Subir,Mungall,3/5/63,6/13/99,1/1/99,Engineer
75325,Sanjiv,Bamford,12/13/62,8/1/90,1/1/99,Senior Staff
75329,Teunis,Thimonier,9/18/62,1/30/93,1/1/99,Senior Engineer
75334,Berna,Conde,1/29/64,1/3/91,1/1/99,Senior Staff
75342,Miomir,Randi,12/23/62,7/15/94,1/1/99,Staff
75343,Nahum,Hemaspaandra,2/18/64,6/1/87,1/1/99,Engineer
75350,Gina,Kruskal,4/14/62,6/2/88,1/1/99,Senior Engineer
75354,Shuky,Jakobus,1/11/65,6/16/86,1/1/99,Engineer
75356,Naraig,Biros,2/23/63,8/2/99,1/1/99,Engineer
75359,Magy,Burnard,5/18/64,12/16/99,1/1/99,Technique Leader
75362,Kauko,Mukaidono,6/12/64,8/31/98,1/1/99,Engineer
75371,Fumiyo,Speckmann,3/27/63,4/8/93,1/1/99,Staff
75400,Tua,Uludag,7/14/62,12/1/97,1/1/99,Senior Staff
75405,Zdislav,Danlos,4/19/62,2/25/99,1/1/99,Technique Leader
75410,Hatim,Gulla,2/10/63,5/31/89,1/1/99,Senior Staff
75412,Otilia,Pettey,1/27/63,8/1/92,1/1/99,Assistant Engineer
75415,Chenyi,Vendrig,12/12/62,5/4/92,1/1/99,Assistant Engineer
75421,Ayonca,Rabejac,6/26/64,9/27/91,1/1/99,Senior Staff
75432,Heng,Theuretzbacher,4/11/63,1/14/90,1/1/99,Senior Engineer
75433,Arunas,Flanders,5/28/63,4/15/02,1/1/99,Senior Engineer
75436,Deniz,Michaels,4/1/64,7/6/95,1/1/99,Staff
75438,Mitchel,Markovitch,10/9/62,1/14/88,1/1/99,Engineer
75448,Irena,Peres,7/13/64,3/18/92,1/1/99,Staff
75450,Mayumi,Gecsel,3/13/64,8/30/96,1/1/99,Senior Staff
75455,Hirochika,Danner,3/23/64,3/22/89,1/1/99,Assistant Engineer
75457,Chikara,Yemenis,3/20/63,2/2/89,1/1/99,Staff
75458,Peternela,Onuegbe,9/11/64,5/4/87,1/1/99,Senior Engineer
75463,Tianruo,Linnainmaa,2/27/64,4/22/97,1/1/99,Staff
75467,Kayoko,Bottner,3/4/64,5/18/97,1/1/99,Staff
75475,Augustine,Shobatake,9/1/62,5/19/96,1/1/99,Staff
75483,Domenico,Wossner,12/11/62,10/12/90,1/1/99,Staff
75487,Kwangsub,Mandelberg,2/12/63,5/10/00,1/1/99,Senior Engineer
75494,Murthy,Hinsberger,4/2/62,4/12/88,1/1/99,Senior Staff
75495,Spyrose,Delgrossi,4/16/63,5/29/89,1/1/99,Staff
75499,Heather,Schaaf,6/8/64,3/15/96,1/1/99,Senior Engineer
75500,Ohad,Brobst,6/10/64,12/28/90,1/1/99,Staff
75503,Shin,Unno,2/5/64,7/20/88,1/1/99,Senior Staff
75508,Alair,Joslin,5/17/64,8/7/85,1/1/99,Assistant Engineer
75509,Bangqing,Negoita,12/22/62,12/14/88,1/1/99,Engineer
75513,Noritoshi,Dehkordi,4/17/62,4/29/93,1/1/99,Senior Engineer
75516,Armond,Plump,10/30/63,2/4/94,1/1/99,Senior Engineer
75521,Khun,Ranum,9/2/64,12/27/99,1/1/99,Senior Engineer
75522,Vasiliy,Khalil,11/25/64,1/1/02,1/1/99,Senior Engineer
75525,Cordelia,Jansen,9/21/63,3/30/91,1/1/99,Engineer
75534,Zvonko,Morton,6/22/64,6/4/88,1/1/99,Technique Leader
75541,Horward,Ermel,1/3/62,8/27/92,1/1/99,Engineer
75544,Zhongwei,Gonthier,6/7/64,6/22/86,1/1/99,Senior Staff
75547,Rimli,Brookner,11/5/64,11/5/98,1/1/99,Engineer
75578,Gino,Baca,7/9/64,2/28/88,1/1/99,Senior Staff
75582,Gudjon,Pouyioutas,1/24/63,10/5/95,1/1/99,Engineer
75590,Takanari,dAstous,6/25/63,2/17/95,1/1/99,Engineer
75599,Sanjeeva,Picht,7/6/64,7/3/01,1/1/99,Engineer
75600,Demos,Aseltine,5/23/63,6/21/96,1/1/99,Engineer
75604,Niteen,Rajcani,4/12/64,1/27/92,1/1/99,Senior Staff
75605,Xianlong,Auria,10/20/63,1/7/87,1/1/99,Engineer
75606,Gritta,Stafford,11/2/63,4/3/85,1/1/99,Engineer
75611,Olivera,Backhouse,12/16/63,4/12/96,1/1/99,Senior Staff
75615,Marco,Ramras,6/6/64,6/5/95,1/1/99,Senior Staff
75621,Susanna,Schlegelmilch,6/26/63,7/9/89,1/1/99,Senior Staff
75622,Behnaam,Guenter,5/25/63,4/3/99,1/1/99,Engineer
75627,Bedrich,Moffat,3/19/62,12/11/89,1/1/99,Senior Engineer
75631,Soenke,England,7/18/62,10/5/92,1/1/99,Engineer
75632,Guadalupe,Massonet,12/4/63,5/27/98,1/1/99,Engineer
75633,Pranas,Delgrange,11/22/64,5/6/86,1/1/99,Senior Staff
75639,Tomoyuki,Mapelli,4/24/62,10/14/89,1/1/99,Staff
75645,Gal,Binding,7/3/64,6/20/92,1/1/99,Senior Staff
75652,Jeanna,Schrift,4/21/64,12/25/86,1/1/99,Senior Engineer
75657,Kiam,Biron,11/8/62,5/31/87,1/1/99,Senior Engineer
75660,Huei,Menyhert,5/9/62,2/20/96,1/1/99,Engineer
75662,Susanna,Bazelow,4/25/64,10/11/87,1/1/99,Senior Engineer
75663,Mark,Baez,5/27/64,11/22/91,1/1/99,Senior Staff
75669,Denis,Poujol,1/31/63,10/14/92,1/1/99,Senior Staff
75670,Danel,Schach,1/22/63,2/22/89,1/1/99,Engineer
75672,Nadjib,Shinomoto,11/30/62,8/13/96,1/1/99,Engineer
75675,Zissis,McDermid,12/4/64,11/6/97,1/1/99,Engineer
75685,Gennadi,Plesums,5/2/63,2/8/85,1/1/99,Senior Engineer
75690,Quingbo,Coney,6/13/63,7/8/99,1/1/99,Engineer
75691,Subhada,Delaune,10/14/64,6/1/91,1/1/99,Engineer
75697,Honglan,Luders,5/5/63,10/12/92,1/1/99,Engineer
75700,Marit,Wissmann,1/29/62,2/20/85,1/1/99,Senior Engineer
75703,Kyoichi,Erman,1/8/65,7/25/96,1/1/99,Senior Engineer
75711,Zorica,Pezzoli,6/10/62,4/3/85,1/1/99,Senior Staff
75728,Ipke,Fraisse,8/9/62,9/2/99,1/1/99,Engineer
75732,Munir,Rouquie,12/15/62,2/17/96,1/1/99,Senior Engineer
75742,Christfried,Plotkin,2/26/62,4/14/90,1/1/99,Senior Engineer
75743,Ranan,Chenney,7/24/64,8/5/95,1/1/99,Engineer
75750,Weidon,Templeman,5/3/64,1/23/90,1/1/99,Engineer
75756,Giao,Herath,6/6/62,8/31/96,1/1/99,Staff
75757,Kwangsub,DeMori,5/6/63,4/1/87,1/1/99,Staff
75763,Chinho,Ratnaker,12/5/64,6/27/98,1/1/99,Staff
75765,Weicheng,Mamelak,8/16/62,2/15/95,1/1/99,Engineer
75772,Abdelaziz,Stavenow,9/10/62,8/24/96,1/1/99,Engineer
75773,Udaiprakash,Cardazo,4/3/63,6/9/95,1/1/99,Staff
75792,Susanna,Alameldin,11/18/62,2/8/99,1/1/99,Staff
75795,Rafail,Biran,1/16/64,8/15/85,1/1/99,Senior Staff
75800,Bluma,Georgatos,9/13/62,5/3/93,1/1/99,Senior Engineer
75809,Arno,Conia,2/18/64,12/10/99,1/1/99,Staff
75815,Hongzue,Junet,1/21/63,3/21/85,1/1/99,Senior Staff
75826,Demos,Linnainmaa,10/7/63,6/11/87,1/1/99,Engineer
75828,Poorav,Cools,1/27/63,10/15/99,1/1/99,Staff
75834,Heng,Klassen,3/8/64,6/11/97,1/1/99,Staff
75837,Bedrich,Vecchi,10/21/64,3/7/89,1/1/99,Engineer
75853,Spyrose,Benzaken,6/27/62,10/22/89,1/1/99,Senior Staff
75859,Sangeeta,Escriba,1/20/62,10/30/94,1/1/99,Staff
75871,Fay,Kohling,7/3/62,10/8/89,1/1/99,Staff
75873,Mani,Merro,8/27/63,7/22/86,1/1/99,Engineer
75876,Parviz,Gien,11/21/62,12/8/93,1/1/99,Senior Staff
75878,Jiafu,Bednarek,6/19/63,2/10/93,1/1/99,Engineer
75884,Tzvetan,Range,2/22/62,3/14/89,1/1/99,Senior Staff
75886,Sanjai,Fairtlough,4/6/62,8/15/85,1/1/99,Staff
75887,Toshiko,Vigier,10/9/62,7/16/99,1/1/99,Engineer
75892,Eirik,Wuwongse,6/9/62,8/16/98,1/1/99,Staff
75896,Vivian,Thibadeau,4/8/64,10/8/99,1/1/99,Senior Staff
75903,Zeljko,Ranai,10/25/62,1/22/89,1/1/99,Senior Engineer
75908,Chenye,Babb,6/25/63,8/27/91,1/1/99,Staff
75912,Arno,Salvesen,7/29/64,5/1/87,1/1/99,Senior Engineer
75919,Mountaz,Riexinger,11/10/63,1/6/93,1/1/99,Staff
75921,Vojin,Hockney,1/17/64,10/23/98,1/1/99,Engineer
75925,Jeong,Flasterstein,3/21/64,8/11/95,1/1/99,Engineer
75931,Yonghong,Gubsky,3/9/62,3/12/85,1/1/99,Senior Engineer
75932,Geraldo,Pappas,9/14/62,9/29/97,1/1/99,Engineer
75943,Brewster,Pocchiola,1/22/64,7/24/96,1/1/99,Engineer
75946,Akemi,Litzkow,9/2/62,6/7/86,1/1/99,Senior Staff
75949,Junsik,Prenel,3/12/63,2/11/91,1/1/99,Senior Engineer
75957,Candido,Heystek,1/24/64,5/19/91,1/1/99,Staff
75958,Aemilian,Kawashimo,4/11/63,11/21/86,1/1/99,Engineer
75960,Mayumi,Whittlesey,12/27/64,6/14/96,1/1/99,Senior Staff
75964,Greger,Ambroszkiewicz,7/9/62,9/18/97,1/1/99,Staff
75966,Jianhui,Leaver,11/9/64,10/26/93,1/1/99,Staff
75972,Mabry,Lichtner,10/6/63,9/13/89,1/1/99,Engineer
75973,Masato,Langford,10/18/62,2/8/92,1/1/99,Senior Engineer
75975,Jayesh,Anguita,2/26/63,3/26/97,1/1/99,Senior Engineer
75981,Jiang,Cunliffe,5/7/62,12/4/97,1/1/99,Staff
75987,Pradeep,Narahara,4/22/64,12/3/92,1/1/99,Senior Staff
75998,Heeju,Lodder,9/19/64,8/27/85,1/1/99,Staff
76002,Neven,Munck,11/25/63,4/17/93,1/1/99,Senior Staff
76007,Heping,Terekhov,11/1/63,3/30/91,1/1/99,Senior Staff
76023,Cullen,Perelgut,9/19/62,8/27/85,1/1/99,Senior Staff
76026,Yahiko,Chinal,1/7/64,4/5/97,1/1/99,Engineer
76037,Hatim,Gecsei,3/28/62,11/17/00,1/1/99,Engineer
76055,Rajmohan,Geffroy,10/13/64,1/22/95,1/1/99,Senior Engineer
76057,Gopalakrishnan,Ozeri,2/7/62,10/2/87,1/1/99,Senior Staff
76060,Sajjad,Thambidurai,12/16/63,5/9/92,1/1/99,Senior Engineer
76061,Tonia,Bellmore,5/9/63,9/30/91,1/1/99,Senior Engineer
76063,Tse,Gihr,2/1/62,9/3/87,1/1/99,Senior Engineer
76070,Souichi,Bade,5/2/62,11/20/85,1/1/99,Senior Staff
76073,Mitchel,Furedi,2/27/63,1/14/94,1/1/99,Engineer
76074,Xuedong,Shihab,11/28/64,3/12/98,1/1/99,Staff
76076,Xiahua,Schmiedel,2/11/63,12/6/90,1/1/99,Senior Staff
76081,Thanasis,Falco,7/21/63,10/13/00,1/1/99,Staff
76086,Ebbe,Spinelli,6/19/63,8/7/87,1/1/99,Staff
76093,Margo,Kornyak,1/14/64,12/9/88,1/1/99,Staff
76094,Holgard,Rusmann,5/8/63,1/2/93,1/1/99,Technique Leader
76096,Serif,Rosin,12/15/64,6/23/87,1/1/99,Staff
76099,Kokou,Rassart,1/10/62,4/2/98,1/1/99,Senior Engineer
76102,Luise,Dulay,2/2/63,2/10/92,1/1/99,Senior Staff
76108,Kwee,Miculan,1/15/64,9/24/87,1/1/99,Senior Engineer
76116,Uno,Papadias,6/1/62,7/20/87,1/1/99,Staff
76125,Valery,Klerer,3/7/64,5/19/86,1/1/99,Senior Staff
76126,Munehiko,Valtorta,11/2/64,7/6/89,1/1/99,Engineer
76150,Ramalingam,Curless,5/27/62,5/8/91,1/1/99,Senior Staff
76154,Shahid,Guting,6/27/64,5/30/92,1/1/99,Staff
76175,Jaihie,Rando,6/13/63,1/21/87,1/1/99,Staff
76176,Prasadram,Kaiserswerth,12/11/63,7/23/00,1/1/99,Engineer
76180,Mads,Ciolek,5/19/64,11/16/86,1/1/99,Staff
76181,Alejandra,Hambrick,8/25/64,5/20/89,1/1/99,Staff
76185,Mayuko,Emmerich,10/12/62,11/20/88,1/1/99,Senior Staff
76186,Duri,Foote,10/30/62,5/17/99,1/1/99,Engineer
76188,Ronghao,Aseltine,2/3/64,10/16/85,1/1/99,Senior Staff
76189,Kolar,Hinsberger,1/2/65,10/20/86,1/1/99,Engineer
76190,Peternela,Hennebert,8/15/62,9/8/93,1/1/99,Engineer
76196,Manu,Poujol,12/23/62,10/2/96,1/1/99,Assistant Engineer
76197,Boalin,Lorys,9/19/64,7/1/92,1/1/99,Senior Staff
76200,Arno,Guardalben,2/19/62,1/29/91,1/1/99,Senior Engineer
76201,Arif,Preusig,1/10/65,4/2/92,1/1/99,Senior Engineer
76208,Gift,Rahimi,8/4/64,8/31/92,1/1/99,Engineer
76209,Charmane,Perz,5/25/64,9/19/95,1/1/99,Senior Engineer
76210,Zhenbing,Murtha,2/16/64,12/23/89,1/1/99,Senior Staff
76224,Arra,Ranft,9/24/64,3/8/97,1/1/99,Technique Leader
76243,Olivera,Molenaar,12/4/64,3/8/87,1/1/99,Staff
76244,Hironobu,Uhrik,10/5/64,9/22/91,1/1/99,Engineer
76249,Dinah,Vandervoorde,11/3/62,7/21/91,1/1/99,Senior Staff
76258,Maia,Zwicker,12/3/63,2/18/95,1/1/99,Staff
76261,Hugh,Scharstein,4/4/63,10/19/86,1/1/99,Technique Leader
76270,Temple,Ferretti,1/16/62,6/3/91,1/1/99,Senior Staff
76279,Goetz,Hellwagner,5/8/63,4/6/96,1/1/99,Staff
76281,Chandrasekaran,Simmel,7/26/64,7/3/87,1/1/99,Engineer
76296,Hercules,Murtha,1/3/63,3/23/95,1/1/99,Senior Staff
76297,Bokyung,Olivero,10/25/63,3/4/87,1/1/99,Senior Engineer
76304,Baocai,Herber,7/29/63,5/1/87,1/1/99,Staff
76317,Valeri,Heemskerk,1/6/62,12/1/96,1/1/99,Assistant Engineer
76319,Toshiki,Mahmud,3/7/62,5/1/85,1/1/99,Engineer
76324,Chuanti,Aseltine,11/29/62,4/12/89,1/1/99,Senior Staff
76327,Billur,Adachi,10/9/62,9/21/86,1/1/99,Engineer
76328,Arlette,Thorensen,11/21/64,7/11/95,1/1/99,Senior Engineer
76338,Zeljko,Kinley,3/11/63,5/29/91,1/1/99,Senior Engineer
76353,Mahmut,Suppi,4/7/63,7/26/88,1/1/99,Senior Engineer
76361,Doowon,Murtagh,7/6/64,2/3/94,1/1/99,Staff
76366,Tonia,Coorg,5/6/62,2/6/00,1/1/99,Senior Engineer
76370,Troy,Welham,9/3/63,12/22/97,1/1/99,Staff
76378,Pranay,Garrabrants,10/15/64,11/3/89,1/1/99,Senior Staff
76381,Aluzio,Macedo,7/21/64,12/14/88,1/1/99,Senior Staff
76382,Youpyo,Engberts,8/20/62,8/18/98,1/1/99,Senior Staff
76389,Bernice,Zaiane,11/26/64,5/9/91,1/1/99,Engineer
76395,Xuejia,Engberts,6/8/63,12/20/95,1/1/99,Senior Engineer
76403,Radhia,Preusig,7/19/64,4/29/86,1/1/99,Engineer
76405,Haldun,Olivero,10/16/64,4/25/97,1/1/99,Senior Staff
76415,Hirochika,Falck,3/25/63,10/2/87,1/1/99,Engineer
76418,Ortrud,Dichev,7/20/64,5/5/02,1/1/99,Senior Engineer
76422,Danel,Pillow,11/3/64,7/27/89,1/1/99,Senior Staff
76423,Along,Panienski,5/26/63,11/23/92,1/1/99,Engineer
76424,Arnd,Schlegelmilch,5/7/62,1/25/94,1/1/99,Engineer
76428,Neven,Chelton,10/8/63,1/20/00,1/1/99,Senior Engineer
76438,Venkatesan,Swift,1/16/64,3/30/99,1/1/99,Staff
76441,Renny,Ranka,8/20/62,9/30/85,1/1/99,Senior Engineer
76445,Dinah,Senzako,9/23/62,10/9/91,1/1/99,Engineer
76449,Mototsugu,Gustavson,8/13/64,10/6/97,1/1/99,Engineer
76454,Yuchang,Czaja,2/22/63,8/31/96,1/1/99,Senior Staff
76456,Mohua,Stiles,3/7/62,1/23/87,1/1/99,Engineer
76459,Ulises,Rosaz,3/15/62,2/5/89,1/1/99,Technique Leader
76461,Fabrizio,Bolotov,10/28/62,3/5/87,1/1/99,Senior Engineer
76462,Luisa,Matteis,1/10/63,1/18/93,1/1/99,Engineer
76466,Richard,Huhdanpaa,8/3/62,12/20/95,1/1/99,Engineer
76474,Zito,Argence,9/3/63,2/27/93,1/1/99,Senior Staff
76483,Pramod,Zirintsis,12/27/63,3/14/91,1/1/99,Staff
76487,Rasikan,Arlazarov,1/25/63,3/8/99,1/1/99,Engineer
76491,Ramalingam,Redmiles,1/25/64,6/12/99,1/1/99,Engineer
76526,Apostol,Gubsky,12/13/64,8/17/98,1/1/99,Senior Staff
76528,Serap,Panangaden,12/7/64,6/18/87,1/1/99,Engineer
76529,Charmane,Gargeya,6/17/63,12/18/87,1/1/99,Engineer
76537,Chaoyi,McFarlin,1/27/64,12/23/94,1/1/99,Engineer
76553,Mabhin,Flexer,11/26/63,11/17/99,1/1/99,Assistant Engineer
76554,Divine,Woycyznski,6/25/62,1/8/93,1/1/99,Senior Engineer
76567,Radhika,Masaki,5/5/63,3/7/93,1/1/99,Staff
76569,Shahid,Bade,3/17/64,8/13/94,1/1/99,Senior Staff
76571,Shuichi,Pramanik,5/4/64,12/18/92,1/1/99,Senior Engineer
76585,Conor,Kroll,4/2/62,4/20/95,1/1/99,Engineer
76589,Sudhanshu,Serot,9/25/62,7/27/94,1/1/99,Engineer
76596,Hyuncheol,Staylopatis,5/18/63,1/6/99,1/1/99,Senior Engineer
76599,Deborah,Lorie,4/7/62,8/13/90,1/1/99,Staff
76601,Sugwoo,Ozery,11/1/63,5/6/91,1/1/99,Engineer
76616,Jaihie,Angot,11/13/62,6/3/97,1/1/99,Staff
76627,Boguslaw,Danner,11/3/62,8/22/92,1/1/99,Senior Engineer
76635,Adil,Pell,10/9/63,6/30/90,1/1/99,Staff
76638,Bader,Pollock,6/5/62,5/6/89,1/1/99,Assistant Engineer
76640,Tristan,Mitsuhashi,1/2/65,7/13/94,1/1/99,Engineer
76641,Genevieve,Soicher,9/2/62,1/12/91,1/1/99,Engineer
76649,Sumant,Takanami,9/23/64,12/30/86,1/1/99,Staff
76650,Danel,Erni,7/25/62,11/29/94,1/1/99,Staff
76656,Dharmaraja,Perko,12/19/64,11/18/94,1/1/99,Engineer
76657,Harngdar,Kampfer,7/4/64,6/4/94,1/1/99,Engineer
76662,Toshimori,Ferriere,12/8/62,3/14/98,1/1/99,Senior Engineer
76669,Gor,Slobodova,4/16/63,3/22/97,1/1/99,Senior Staff
76678,Doohun,Aloia,12/2/63,12/14/92,1/1/99,Senior Staff
76684,Alejandro,Rissland,5/31/64,12/5/87,1/1/99,Engineer
76686,Wanqing,Bernick,3/2/64,7/1/92,1/1/99,Technique Leader
76700,Roddy,Ballarin,5/11/64,9/28/86,1/1/99,Senior Engineer
76702,Niclas,Suppi,9/19/64,5/18/96,1/1/99,Engineer
76714,Mari,Waschkowski,3/11/63,5/5/86,1/1/99,Senior Engineer
76720,Sudhanshu,Furudate,5/10/62,3/2/85,1/1/99,Senior Engineer
76732,Gonzalo,Bratten,4/3/63,6/11/93,1/1/99,Engineer
76771,Ymte,Krone,11/14/62,1/3/99,1/1/99,Senior Engineer
76777,Duke,Menhoudj,5/5/63,5/21/96,1/1/99,Staff
76778,Hugh,Ariola,12/23/62,11/24/94,1/1/99,Senior Engineer
76785,Theron,Gils,5/25/62,10/3/86,1/1/99,Senior Engineer
76787,Jaroslava,Milicic,7/5/64,8/1/95,1/1/99,Staff
76789,Carrsten,Picht,1/15/62,8/3/92,1/1/99,Engineer
76796,Mana,Buchter,8/30/63,5/23/94,1/1/99,Engineer
76804,Xinglin,McFarlin,8/2/63,12/15/93,1/1/99,Senior Staff
76819,Shaz,Desikan,10/31/64,3/14/89,1/1/99,Senior Engineer
76824,Ravishankar,Remmers,9/20/64,10/3/92,1/1/99,Engineer
76835,Harngdar,Schaaf,12/23/63,12/15/88,1/1/99,Senior Engineer
76844,Susumu,Kamber,2/28/64,7/6/99,1/1/99,Senior Engineer
76846,Arif,Argence,9/23/64,12/3/87,1/1/99,Staff
76852,Ortrud,Peac,11/2/64,9/2/93,1/1/99,Staff
76864,Fumitaka,Sury,5/27/64,3/30/94,1/1/99,Staff
76868,Patricia,Businaro,2/2/63,6/19/93,1/1/99,Engineer
76870,Masako,Dayana,6/16/64,12/10/88,1/1/99,Senior Engineer
76875,Jinya,Lindenbaum,8/17/64,10/27/86,1/1/99,Staff
76887,Gaetan,Back,10/7/62,5/8/89,1/1/99,Senior Engineer
76890,Giao,Cyne,7/30/64,7/15/85,1/1/99,Engineer
76907,Maris,Langford,3/8/63,10/22/88,1/1/99,Senior Engineer
76910,Adam,Eiron,11/23/64,10/23/00,1/1/99,Engineer
76921,Renee,Bolsens,5/3/62,12/11/90,1/1/99,Senior Engineer
76931,Xudong,Kamber,4/22/62,7/23/94,1/1/99,Senior Engineer
76935,Atreye,Serna,10/8/62,6/22/99,1/1/99,Staff
76945,Gita,Sherertz,7/3/64,12/10/94,1/1/99,Senior Staff
76955,Jingling,Molenkamp,5/13/63,12/22/95,1/1/99,Staff
76965,Keiichiro,Harllee,7/8/63,3/22/91,1/1/99,Senior Engineer
76966,Aloke,Mondadori,11/11/63,8/22/87,1/1/99,Senior Engineer
76967,Moriyoshi,Matheson,10/21/64,7/28/97,1/1/99,Staff
76972,Barton,Viele,5/6/64,5/11/94,1/1/99,Senior Staff
76974,Yuping,Miake,9/6/63,6/28/97,1/1/99,Senior Staff
76976,Gil,Birdsall,1/23/62,11/1/95,1/1/99,Technique Leader
76980,Hidefumi,Bultermann,8/28/64,10/18/94,1/1/99,Engineer
76982,Krisda,Casley,10/22/62,9/21/97,1/1/99,Assistant Engineer
76984,Gilbert,Riefers,6/3/62,4/15/96,1/1/99,Senior Staff
76991,Berto,Hasenauer,8/12/64,10/7/92,1/1/99,Senior Engineer
76994,Taiji,Stroustrup,11/8/64,8/3/96,1/1/99,Engineer
76995,Mayuko,Condotta,8/7/63,10/6/87,1/1/99,Staff
76996,Kristine,Jumpertz,5/29/63,5/29/93,1/1/99,Senior Engineer
76999,Arto,Schlumberger,12/2/62,8/13/98,1/1/99,Technique Leader
77003,Theron,Oxenboll,3/28/63,2/17/89,1/1/99,Senior Staff
77006,Mahendra,Brookman,5/19/63,10/26/99,1/1/99,Engineer
77012,Geoffrey,Ghelli,11/30/63,5/10/96,1/1/99,Staff
77015,Ute,Nollmann,10/27/62,2/7/93,1/1/99,Staff
77021,Tayeb,Butterworth,4/13/63,8/15/89,1/1/99,Staff
77023,Kaijung,Gargeya,9/26/64,10/5/85,1/1/99,Senior Staff
77025,Roded,Viele,10/7/64,5/28/88,1/1/99,Senior Staff
77027,IEEE,Xiaoshan,10/26/64,11/11/95,1/1/99,Staff
77028,Saeed,Begiun,12/24/63,2/15/01,1/1/99,Senior Engineer
77030,Faiza,Garnham,1/2/65,3/2/86,1/1/99,Technique Leader
77033,Sugwoo,Shinomoto,6/24/63,10/13/91,1/1/99,Engineer
77037,Uinam,Sadowski,4/7/62,7/16/01,1/1/99,Senior Engineer
77038,Gina,Zultner,6/5/62,11/23/94,1/1/99,Senior Staff
77049,Unal,Socorro,9/20/64,9/30/91,1/1/99,Senior Engineer
77054,Adly,Chleq,2/21/64,9/17/98,1/1/99,Staff
77070,Mingzeng,Brodal,3/12/63,1/24/89,1/1/99,Senior Staff
77074,Qunsheng,Tsukuda,1/30/63,8/6/99,1/1/99,Engineer
77080,Ipke,Fortenbacher,9/11/62,7/23/96,1/1/99,Senior Engineer
77088,Miyeon,Kalloufi,2/5/64,1/11/92,1/1/99,Senior Staff
77093,Stamatina,Shackell,12/26/62,7/13/91,1/1/99,Senior Staff
77096,Otilia,Leuchs,1/2/62,5/20/97,1/1/99,Engineer
77097,Martine,Vandervoorde,7/23/64,5/11/91,1/1/99,Senior Staff
77103,Jolita,Azulay,1/30/62,1/8/00,1/1/99,Senior Staff
77104,Gio,Bach,3/22/63,9/27/89,1/1/99,Engineer
77109,Ulises,Condotta,7/22/64,5/23/90,1/1/99,Senior Engineer
77113,Kristof,Pelc,4/18/64,6/19/86,1/1/99,Senior Engineer
77124,Kensyu,Lichtman,4/14/64,4/26/97,1/1/99,Senior Staff
77127,Toshimo,Welham,5/26/64,10/7/99,1/1/99,Staff
77128,Kirk,Eiter,4/2/63,8/18/95,1/1/99,Senior Staff
77130,Krisda,Nooteboom,6/22/62,3/14/88,1/1/99,Senior Engineer
77149,Mingdong,Pappas,8/20/62,8/13/88,1/1/99,Senior Staff
77152,Geraldo,Bednarek,12/23/62,7/9/95,1/1/99,Staff
77154,Jiong,Peek,4/10/64,8/25/87,1/1/99,Senior Engineer
77165,Elliott,Ladret,7/4/62,8/10/85,1/1/99,Senior Engineer
77170,Tran,Weedon,7/1/63,3/29/96,1/1/99,Senior Engineer
77172,Arch,Erie,11/1/64,4/5/93,1/1/99,Senior Staff
77180,Navin,Lorin,7/3/62,11/30/94,1/1/99,Engineer
77182,Mario,Iisaka,8/3/64,5/13/96,1/1/99,Engineer
77194,Hausi,Dengi,7/21/63,9/3/96,1/1/99,Staff
77206,Teunis,Dulin,12/25/64,2/1/93,1/1/99,Engineer
77213,Kwangsub,Jiafu,7/15/63,12/31/98,1/1/99,Engineer
77216,Abdelkader,Zlotek,9/8/63,4/17/95,1/1/99,Senior Staff
77223,Sreekrishna,Antonisse,1/10/64,7/18/94,1/1/99,Senior Engineer
77226,Luerbio,Cunliffe,7/27/64,4/13/91,1/1/99,Staff
77227,Toshimori,Jumpertz,5/21/63,12/6/91,1/1/99,Engineer
77233,Giordano,Beetstra,12/18/64,2/8/96,1/1/99,Staff
77240,Basim,Maksimenko,2/17/64,3/17/98,1/1/99,Senior Engineer
77243,Zhaofang,Grandbois,4/26/62,1/10/01,1/1/99,Staff
77251,Barry,Michaels,4/2/64,8/18/89,1/1/99,Senior Staff
77252,Reinhard,Maginnis,2/19/62,8/7/89,1/1/99,Senior Engineer
77253,Malu,McAffer,7/22/64,3/27/00,1/1/99,Senior Staff
77254,Valeri,Randt,5/12/64,6/16/85,1/1/99,Senior Engineer
77267,Juyoung,Setlzner,12/7/63,12/5/89,1/1/99,Senior Engineer
77271,Ziya,Lorch,5/7/62,6/24/88,1/1/99,Senior Engineer
77274,Vishwani,Zhang,8/7/62,8/3/87,1/1/99,Senior Engineer
77276,Anwar,Pappas,7/20/63,7/8/90,1/1/99,Senior Staff
77280,Pranjal,Rosiles,4/11/64,12/24/99,1/1/99,Engineer
77285,JiYoung,McDermid,6/3/64,12/25/93,1/1/99,Senior Staff
77286,Mang,Spelt,11/26/63,12/27/96,1/1/99,Senior Engineer
77287,Chenxi,Luft,10/28/64,1/9/96,1/1/99,Engineer
77294,Mart,Miculan,9/20/64,9/23/88,1/1/99,Senior Staff
77296,Margo,Gulak,7/18/63,11/9/91,1/1/99,Senior Engineer
77300,Goo,Nicolson,3/9/62,5/23/98,1/1/99,Assistant Engineer
77301,Inderjeet,Bale,3/21/63,7/1/98,1/1/99,Staff
77303,Xinglin,Birge,1/18/65,3/5/92,1/1/99,Staff
77313,Honglan,Suwa,9/30/63,7/26/98,1/1/99,Staff
77315,Christ,Irland,5/23/64,4/5/86,1/1/99,Engineer
77320,Fun,Vandervoorde,2/16/63,11/13/90,1/1/99,Engineer
77323,Alenka,McFarlin,1/21/64,5/1/95,1/1/99,Engineer
77328,Valeri,Rissland,6/1/62,2/4/85,1/1/99,Senior Engineer
77333,Aram,Kampfer,3/21/64,4/9/87,1/1/99,Senior Staff
77336,Avishai,Jarecki,1/14/62,5/23/91,1/1/99,Senior Engineer
77339,Kristin,Schurmann,10/6/64,6/14/94,1/1/99,Technique Leader
77341,Gila,Ginneken,2/7/62,3/9/89,1/1/99,Senior Engineer
77347,Genki,Edelhoff,5/6/62,10/11/89,1/1/99,Engineer
77354,Hironoby,Vendrig,1/20/62,3/16/85,1/1/99,Staff
77357,Sadok,Collette,3/12/64,3/25/85,1/1/99,Engineer
77364,Sugwoo,Penz,6/12/62,1/5/97,1/1/99,Assistant Engineer
77367,Salvador,Swift,11/4/63,9/1/87,1/1/99,Senior Staff
77369,Dulce,Douceur,3/21/62,8/27/99,1/1/99,Assistant Engineer
77371,Pragnesh,Angiulli,4/24/63,7/6/98,1/1/99,Staff
77376,Zijian,Hoogerwoord,8/12/63,6/14/87,1/1/99,Senior Staff
77387,Gunilla,Dymetman,12/10/64,9/14/96,1/1/99,Staff
77399,Tetsurou,Attimonelli,11/20/64,4/30/91,1/1/99,Staff
77402,Kristen,Undy,9/10/64,5/6/97,1/1/99,Staff
77411,Udi,Gaughan,10/4/63,3/6/85,1/1/99,Staff
77417,Tesuya,Barriga,9/28/62,7/19/86,1/1/99,Senior Staff
77421,Reuven,Schnabel,9/12/62,2/17/99,1/1/99,Senior Staff
77423,Bedrich,Matzov,5/27/62,12/8/94,1/1/99,Engineer
77425,Billur,Rahimi,9/28/62,10/16/87,1/1/99,Staff
77428,Siddarth,Snyers,2/7/62,4/6/99,1/1/99,Engineer
77429,Shuky,Puppe,10/1/62,3/3/91,1/1/99,Staff
77430,Thodoros,Kugler,9/24/63,9/7/88,1/1/99,Staff
77442,Herbert,Kaiserswerth,3/7/63,8/27/93,1/1/99,Engineer
77446,Tsuneo,Irland,7/7/62,6/30/02,1/1/99,Staff
77448,Amalendu,Hinsberger,11/14/64,3/11/94,1/1/99,Senior Engineer
77461,Zhilian,Demian,10/26/62,3/30/88,1/1/99,Engineer
77462,Idoia,Karnin,11/3/63,1/24/91,1/1/99,Staff
77465,Sverrir,Luff,3/29/63,7/2/85,1/1/99,Engineer
77471,Prodip,Rissanen,11/26/64,4/26/94,1/1/99,Senior Staff
77479,Seshu,Tsukuda,4/11/63,8/26/87,1/1/99,Senior Engineer
77487,Kamakshi,Bach,2/25/63,5/23/90,1/1/99,Staff
77489,Masadi,Laventhal,6/8/62,3/11/90,1/1/99,Senior Engineer
77490,Moheb,Casley,4/13/62,7/29/87,1/1/99,Staff
77493,Yurij,Quadeer,9/29/62,1/11/86,1/1/99,Senior Engineer
77502,Jackson,Spelt,7/7/64,10/4/97,1/1/99,Staff
77503,Collette,Christianini,4/4/64,9/29/98,1/1/99,Engineer
77505,Ulf,Merle,11/11/62,1/8/01,1/1/99,Engineer
77509,Xiaoheng,Hennebert,10/3/62,9/28/92,1/1/99,Senior Engineer
77510,Shigeaki,Crabtree,11/18/62,5/4/88,1/1/99,Engineer
77511,Amstein,Kadhim,12/25/64,9/28/94,1/1/99,Senior Staff
77516,Khalil,Borstler,12/6/62,5/25/91,1/1/99,Senior Staff
77521,Mari,Peot,12/27/63,6/10/98,1/1/99,Senior Engineer
77528,Ewing,Hutton,7/6/62,7/3/88,1/1/99,Senior Staff
77532,Roselyn,Schlegelmilch,1/9/64,9/28/01,1/1/99,Senior Staff
77546,Falguni,Alvarado,5/11/63,12/13/86,1/1/99,Senior Staff
77552,Bluma,Samarati,2/19/63,8/25/96,1/1/99,Staff
77556,Elrique,Passino,12/26/62,4/10/90,1/1/99,Engineer
77572,Susanta,Maliniak,4/13/62,11/16/85,1/1/99,Engineer
77577,Zengping,Pagter,11/30/64,4/7/91,1/1/99,Technique Leader
77588,Yonghong,Anandan,8/14/63,2/17/94,1/1/99,Engineer
77590,Saddek,Albarhamtoshy,8/31/63,4/15/94,1/1/99,Technique Leader
77591,Hsiangchu,Harllee,4/11/62,8/17/90,1/1/99,Senior Engineer
77594,Georgi,Riesenhuber,2/20/64,5/21/99,1/1/99,Assistant Engineer
77596,Boguslaw,Schahn,10/26/63,9/29/85,1/1/99,Senior Staff
77608,Menkae,Schlumberger,1/5/62,2/25/86,1/1/99,Senior Engineer
77620,Takahira,Rothenberg,12/23/64,1/21/90,1/1/99,Engineer
77624,Khaled,Lieberherr,12/2/64,7/13/00,1/1/99,Senior Staff
77627,Freyja,Jansch,7/26/63,3/26/94,1/1/99,Senior Engineer
77629,Masasuke,Schrift,5/7/62,6/13/91,1/1/99,Staff
77632,Xiping,Pluym,1/24/64,10/22/96,1/1/99,Senior Staff
77633,Dinkar,Gelosh,9/15/64,12/25/92,1/1/99,Staff
77647,Niranjan,Schaaf,1/7/65,11/5/89,1/1/99,Technique Leader
77648,Syozo,Seghrouchni,1/2/62,8/16/97,1/1/99,Engineer
77649,Yishai,Merli,10/2/62,1/30/99,1/1/99,Technique Leader
77655,Gian,Portugali,10/29/62,9/15/90,1/1/99,Senior Engineer
77661,Lalit,Plump,6/14/62,6/28/93,1/1/99,Senior Engineer
77666,Golgen,Cannane,6/3/62,6/25/99,1/1/99,Staff
77667,Leaf,Oberman,2/13/63,11/4/95,1/1/99,Assistant Engineer
77669,Amalendu,Farrel,2/27/62,4/22/85,1/1/99,Assistant Engineer
77672,Ayonca,Boissier,7/6/63,1/6/01,1/1/99,Staff
77673,Morrie,Milicia,3/21/64,11/4/92,1/1/99,Staff
77686,Candido,Peris,7/10/62,3/8/95,1/1/99,Staff
77687,Monique,Oppitz,11/14/64,7/13/95,1/1/99,Senior Staff
77725,Niteen,Sinicrope,5/21/62,2/17/90,1/1/99,Engineer
77730,Stella,Auria,4/15/62,11/20/89,1/1/99,Assistant Engineer
77734,Munenori,England,4/2/64,10/9/95,1/1/99,Engineer
77736,Huai,Chinal,2/26/62,8/11/88,1/1/99,Senior Staff
77755,Sandeepan,Snedden,12/12/63,11/26/93,1/1/99,Senior Staff
77757,Ebru,Lupu,3/13/64,8/4/95,1/1/99,Staff
77759,Valeri,Shokrollahi,2/3/62,7/17/93,1/1/99,Senior Engineer
77780,Mads,Braunmuhl,6/11/64,12/5/99,1/1/99,Assistant Engineer
77782,Yoshimitsu,Angelov,5/20/64,4/9/86,1/1/99,Staff
77783,Shigeichiro,Lagarias,3/15/63,9/10/92,1/1/99,Staff
77785,Bokyung,Plavsic,4/14/64,11/25/95,1/1/99,Senior Engineer
77788,Munenori,Cullers,2/15/63,11/21/96,1/1/99,Engineer
77789,Shigeaki,Crelier,3/2/63,4/20/96,1/1/99,Technique Leader
77793,Zita,Marquardt,6/30/63,10/1/89,1/1/99,Senior Staff
77798,Xianlong,Birjandi,7/23/64,1/5/90,1/1/99,Senior Engineer
77815,Ronghao,Picaronny,1/21/65,6/9/93,1/1/99,Engineer
77817,Haldun,Sifakis,4/14/62,12/3/90,1/1/99,Senior Engineer
77819,Kiyokazu,Bondorf,3/7/64,2/8/89,1/1/99,Senior Staff
77821,Aris,Jarecki,4/7/64,8/7/95,1/1/99,Senior Engineer
77824,Moie,Krybus,12/21/63,7/12/94,1/1/99,Technique Leader
77830,Chiranjit,Crabtree,4/21/64,11/21/96,1/1/99,Senior Engineer
77834,Snehasis,Rosin,11/8/64,7/8/86,1/1/99,Senior Engineer
77840,Sastry,Lupu,6/8/62,1/30/92,1/1/99,Senior Staff
77844,Genevieve,Gill,6/29/64,5/19/86,1/1/99,Staff
77846,Shooichi,Kitsuregawa,6/3/62,11/21/87,1/1/99,Engineer
77857,Henk,Bridgland,6/8/62,1/1/88,1/1/99,Engineer
77866,Noritoshi,Krupka,10/29/63,4/24/01,1/1/99,Staff
77877,Jeanne,Reinhart,9/6/64,1/12/87,1/1/99,Staff
77882,Gao,Luca,2/5/63,1/8/90,1/1/99,Engineer
77887,Mingsen,Otillio,3/4/64,6/16/95,1/1/99,Staff
77888,Kokou,Gente,6/16/63,4/20/99,1/1/99,Engineer
77890,Aemilian,Conta,7/31/64,12/27/95,1/1/99,Technique Leader
77902,Zissis,Emmart,9/29/63,10/26/97,1/1/99,Assistant Engineer
77909,Harngdar,Rosca,4/20/62,1/29/00,1/1/99,Engineer
77910,Aral,Huxford,5/5/62,1/21/99,1/1/99,Senior Engineer
77919,Mihalis,Wrigley,7/30/62,4/30/91,1/1/99,Senior Engineer
77922,Duke,Butterworth,5/23/63,12/5/90,1/1/99,Engineer
77924,Navid,Plotkin,5/13/63,1/28/86,1/1/99,Technique Leader
77925,Barton,Qiwen,7/24/62,8/31/99,1/1/99,Assistant Engineer
77944,Padma,Leonhardt,4/25/62,6/13/91,1/1/99,Assistant Engineer
77945,Gretta,Reistad,1/22/63,11/12/98,1/1/99,Staff
77951,Aamer,Vieth,5/25/62,3/8/90,1/1/99,Senior Staff
77953,Goh,Veeraraghavan,12/27/63,12/1/96,1/1/99,Engineer
77955,Sarita,Tischendorf,11/10/62,2/24/87,1/1/99,Senior Staff
77957,Ger,Merey,6/7/63,7/20/98,1/1/99,Engineer
77964,Ingmar,Peyn,2/1/62,7/8/89,1/1/99,Senior Engineer
77966,Panayotis,Garnham,3/7/64,1/30/02,1/1/99,Staff
77968,Shietung,Vesna,11/29/64,4/29/95,1/1/99,Engineer
77976,Shigeo,Capobianchi,1/4/62,4/21/98,1/1/99,Engineer
77985,Aleksander,Stassinopoulos,12/15/64,3/22/98,1/1/99,Senior Engineer
77991,Chiranjit,Prenel,4/27/64,8/31/95,1/1/99,Technique Leader
77995,Brigham,Katiyar,3/8/62,8/12/90,1/1/99,Engineer
77997,Susanne,Compeau,1/7/64,7/6/97,1/1/99,Senior Staff
77998,Sorina,Peng,6/8/62,3/4/92,1/1/99,Engineer
78000,Shir,Pulkowski,4/6/64,1/31/88,1/1/99,Engineer
78003,Domenick,Orlowska,9/27/64,3/18/86,1/1/99,Technique Leader
78005,Armond,Fontet,8/14/62,9/29/89,1/1/99,Engineer
78010,Bouchung,Babb,10/16/64,5/27/86,1/1/99,Senior Staff
78017,Geoffry,Mitsuhashi,4/23/62,3/21/92,1/1/99,Engineer
78018,Kamakshi,Buescher,7/8/64,9/15/95,1/1/99,Engineer
78019,Val,Dalphin,7/16/63,12/7/93,1/1/99,Engineer
78049,Arch,Krzyzanowski,7/21/64,5/24/92,1/1/99,Staff
78055,Dharmaraja,Munke,2/24/64,4/27/96,1/1/99,Senior Staff
78058,Sadegh,Birdsall,3/21/64,12/2/96,1/1/99,Engineer
78062,Wayne,Badache,11/28/64,7/16/91,1/1/99,Senior Engineer
78081,Oscar,Kossowski,8/6/64,8/25/87,1/1/99,Staff
78084,Bernardo,Rouquie,9/7/63,5/10/91,1/1/99,Staff
78089,Zhilian,Garigliano,11/16/64,4/2/87,1/1/99,Senior Staff
78090,Anneli,Peck,4/17/62,12/10/93,1/1/99,Senior Engineer
78091,Sailaja,Marquardt,4/7/62,5/1/98,1/1/99,Senior Engineer
78100,Teiji,Scharstein,6/25/62,7/8/97,1/1/99,Engineer
78106,Ashish,Ratnaker,1/9/65,1/17/00,1/1/99,Senior Staff
78108,Elvis,Narahari,7/24/64,6/21/89,1/1/99,Technique Leader
78115,Tomokazu,Bolsens,4/9/62,2/1/90,1/1/99,Senior Engineer
78118,Tsvetan,Serdy,12/29/62,6/21/97,1/1/99,Engineer
78120,Rosalie,Pagter,1/23/62,2/10/90,1/1/99,Senior Staff
78125,Filipe,Atchley,10/28/62,2/20/94,1/1/99,Senior Staff
78126,Satosi,Oppitz,5/7/64,11/20/90,1/1/99,Senior Engineer
78129,Guoxiang,Unno,1/19/64,8/22/90,1/1/99,Senior Engineer
78132,Dipayan,Cannard,2/9/64,4/20/90,1/1/99,Senior Staff
78134,Petter,Adachi,2/2/64,1/24/88,1/1/99,Senior Staff
78147,Udo,Salverda,2/7/64,12/31/85,1/1/99,Engineer
78169,Aria,Valiente,7/27/63,8/8/86,1/1/99,Senior Staff
78172,Gudjon,Wixon,7/30/64,10/28/93,1/1/99,Senior Staff
78173,Danil,Chvatal,4/5/64,11/5/87,1/1/99,Engineer
78177,Ayakannu,Murtafg,2/18/64,4/19/98,1/1/99,Engineer
78184,Tomofumi,Vakili,8/3/62,6/26/96,1/1/99,Staff
78192,Steve,Pagter,5/23/63,3/15/92,1/1/99,Senior Engineer
78204,Troy,Ertl,10/25/64,3/5/85,1/1/99,Senior Engineer
78208,Nidapan,Kusakari,5/3/63,6/9/88,1/1/99,Staff
78209,Sachin,Shackel,1/7/63,6/4/86,1/1/99,Senior Staff
78215,Phuoc,Plesums,9/8/62,3/26/99,1/1/99,Technique Leader
78216,Sariel,Slaats,1/16/64,10/26/94,1/1/99,Senior Staff
78217,Arch,Munck,6/21/62,12/6/96,1/1/99,Staff
78218,Yefim,Peltason,12/27/63,10/12/97,1/1/99,Engineer
78231,Cullen,Fiutem,8/24/63,11/5/85,1/1/99,Senior Engineer
78234,Bernardo,Zizka,8/10/63,1/6/00,1/1/99,Engineer
78237,Chenye,Bouloucos,2/4/63,11/20/88,1/1/99,Senior Staff
78248,Aiichiro,Businaro,12/3/64,6/21/96,1/1/99,Senior Staff
78256,Fumiko,Kambil,6/7/64,3/10/85,1/1/99,Senior Engineer
78257,Troy,Wegerle,12/21/64,9/24/94,1/1/99,Technique Leader
78262,Alain,Linnainmaa,7/10/62,9/17/86,1/1/99,Senior Staff
78264,Youpyo,Takkinen,7/4/63,4/27/98,1/1/99,Engineer
78269,Alair,Chiola,6/25/63,11/28/88,1/1/99,Senior Engineer
78272,Richard,Schlegelmilch,4/19/62,9/17/95,1/1/99,Senior Engineer
78278,Abdelghani,Sadowski,5/4/64,10/27/95,1/1/99,Senior Engineer
78280,Nadjib,Verhaegen,5/12/63,5/9/98,1/1/99,Engineer
78281,Mingzeng,Werthner,5/31/62,8/16/92,1/1/99,Senior Engineer
78282,Tokuyasu,Pocchiola,12/20/62,10/13/85,1/1/99,Senior Engineer
78298,Florina,Eickenmeyer,2/7/63,5/11/86,1/1/99,Senior Engineer
78299,Toshimitsu,Birch,7/10/64,11/21/98,1/1/99,Staff
78306,Arto,Jumpertz,7/7/64,12/14/88,1/1/99,Senior Staff
78309,Shietung,Cannata,4/12/62,12/6/90,1/1/99,Senior Staff
78314,Uinam,Marwedel,4/12/62,3/20/85,1/1/99,Senior Engineer
78315,Youpyo,Gischer,8/23/63,11/1/91,1/1/99,Senior Engineer
78319,Pintsang,Salvesen,5/10/64,7/1/88,1/1/99,Engineer
78324,Ramachenga,Smeets,11/20/63,3/18/87,1/1/99,Senior Staff
78334,Saniya,Schade,6/20/62,8/15/88,1/1/99,Staff
78338,Hatsukazu,Bennet,6/21/62,7/28/97,1/1/99,Engineer
78349,Alair,Murrill,2/19/64,5/17/86,1/1/99,Senior Staff
78351,Piyush,Olivero,6/8/62,3/26/98,1/1/99,Engineer
78354,Akeel,Oberman,3/2/63,9/2/89,1/1/99,Technique Leader
78363,Susumu,Fritzsche,1/3/65,6/23/98,1/1/99,Engineer
78366,Guenter,Gomatam,2/5/64,6/27/93,1/1/99,Senior Staff
78371,Zito,Coors,6/28/64,8/27/90,1/1/99,Senior Staff
78378,Xiaopeng,Peek,8/19/64,5/1/90,1/1/99,Engineer
78405,Along,Gelosh,6/5/62,10/30/88,1/1/99,Senior Staff
78408,Eldridge,Michaeli,9/17/62,7/16/00,1/1/99,Senior Engineer
78409,Adam,Fontan,1/5/63,6/30/93,1/1/99,Engineer
78421,Mansur,Sinitsyn,9/27/64,4/15/97,1/1/99,Engineer
78422,Heon,Thorelli,5/23/64,11/17/96,1/1/99,Staff
78423,Tonia,Frolund,3/5/64,3/13/88,1/1/99,Senior Staff
78431,Sandeepan,Angel,11/4/64,6/13/88,1/1/99,Staff
78434,Akemi,Choobineh,6/14/64,12/14/91,1/1/99,Senior Staff
78448,Laurentiu,Haumacher,12/18/63,1/24/00,1/1/99,Staff
78453,Hyuckchul,Olivero,11/13/62,4/6/99,1/1/99,Staff
78469,Leucio,Cappelli,1/28/65,8/22/97,1/1/99,Staff
78471,Munehiro,Lally,1/7/63,9/25/85,1/1/99,Senior Engineer
78472,Ferdinand,Gniady,3/8/64,1/31/95,1/1/99,Senior Engineer
78476,Tsutomu,Grandbois,5/3/62,10/30/89,1/1/99,Senior Engineer
78477,Mariangiola,Hasham,6/28/63,10/13/85,1/1/99,Senior Staff
78480,Nadjib,Ranum,10/23/63,1/11/97,1/1/99,Engineer
78481,Huican,Douceur,10/23/63,12/25/99,1/1/99,Staff
78489,Barun,Herber,11/24/63,8/28/00,1/1/99,Staff
78492,Augustine,Muchinsky,10/11/63,11/24/88,1/1/99,Engineer
78496,Vitaly,Ulupinar,12/31/62,6/27/95,1/1/99,Senior Staff
78504,Kristen,Unno,12/10/62,9/1/88,1/1/99,Staff
78520,Uta,Awdeh,11/1/62,10/26/94,1/1/99,Senior Engineer
78522,Irene,Puppo,1/23/64,11/23/92,1/1/99,Senior Engineer
78526,Bogdan,Fandrianto,4/16/63,7/27/93,1/1/99,Senior Engineer
78532,Marit,Birrer,3/22/63,1/6/93,1/1/99,Engineer
78539,Jessie,Kropp,12/10/64,6/14/99,1/1/99,Engineer
78540,Otmar,Waterhouse,11/2/64,5/27/85,1/1/99,Senior Staff
78547,Ziya,Farrel,4/3/64,10/9/93,1/1/99,Engineer
78557,Arif,Terlouw,3/26/62,8/19/97,1/1/99,Technique Leader
78559,Mona,Moffat,1/17/62,1/20/91,1/1/99,Technique Leader
78565,Amabile,Barriga,1/26/64,9/7/98,1/1/99,Staff
78566,Valter,Gulla,5/28/64,6/2/92,1/1/99,Staff
78567,Gil,Babu,2/24/63,1/1/98,1/1/99,Staff
78568,Masako,Rosis,10/18/62,5/15/85,1/1/99,Staff
78574,Shridhar,Stanger,6/7/63,10/12/89,1/1/99,Assistant Engineer
78582,Sanjai,Rijckaert,11/1/64,8/23/89,1/1/99,Staff
78590,Giri,Slaats,5/29/62,4/1/86,1/1/99,Senior Engineer
78601,Tianruo,Merlo,7/18/64,1/9/98,1/1/99,Engineer
78605,Elgin,Grabner,8/13/62,4/21/01,1/1/99,Senior Engineer
78606,Stevo,Riefers,1/6/64,1/18/98,1/1/99,Senior Engineer
78607,Adit,Pargaonkar,11/20/63,1/9/92,1/1/99,Senior Staff
78609,Dmitry,Lunn,10/4/62,7/7/92,1/1/99,Senior Staff
78611,Shaz,Cooke,9/19/62,5/7/94,1/1/99,Senior Engineer
78612,Kwok,Veldwijk,11/19/63,8/8/89,1/1/99,Engineer
78614,Becky,Pews,6/8/62,12/22/89,1/1/99,Senior Engineer
78617,Kwangjo,Hofmeyr,1/30/64,10/16/91,1/1/99,Engineer
78624,Vojin,Michaels,6/9/62,1/5/90,1/1/99,Engineer
78637,Akemi,Fendler,7/2/62,9/2/97,1/1/99,Senior Engineer
78644,Valdiodio,Leppanen,8/5/62,1/16/89,1/1/99,Senior Engineer
78647,Persi,Foote,9/5/63,6/14/91,1/1/99,Senior Engineer
78648,Yoshimitsu,Thambidurai,9/30/63,5/1/90,1/1/99,Staff
78653,Isaac,Steenbeek,11/29/62,10/27/99,1/1/99,Senior Engineer
78660,Tran,Cannata,11/4/62,9/10/90,1/1/99,Staff
78661,Patricia,Backhouse,3/3/64,5/5/93,1/1/99,Senior Staff
78662,Jaewon,Whittlesey,7/12/62,8/19/96,1/1/99,Senior Staff
78668,Mandell,Azadmanesh,12/27/64,9/11/94,1/1/99,Staff
78675,Marsal,Gewali,9/18/64,12/6/88,1/1/99,Senior Engineer
78682,Shir,Speel,7/24/64,1/28/89,1/1/99,Engineer
78684,Abdelghani,Naumovich,12/12/63,10/25/85,1/1/99,Senior Engineer
78700,Rafols,Emmart,6/5/63,12/26/01,1/1/99,Senior Engineer
78701,Adel,Zobel,5/24/62,4/7/90,1/1/99,Engineer
78704,Adib,Cooman,12/15/64,12/14/94,1/1/99,Assistant Engineer
78706,Alper,Nitto,6/14/64,10/11/93,1/1/99,Senior Staff
78709,TRUE,Rodham,6/7/63,7/31/01,1/1/99,Engineer
78717,Mototsugu,Tzvieli,12/11/64,4/4/96,1/1/99,Engineer
78718,Visit,Hegner,6/13/62,3/7/86,1/1/99,Senior Engineer
78728,Mostafa,Heemskerk,9/10/62,10/12/96,1/1/99,Senior Engineer
78730,Lene,Veldwijk,5/9/62,7/10/91,1/1/99,Staff
78732,Munehiro,Rotem,4/16/62,12/11/94,1/1/99,Staff
78739,Khun,Syrzycki,11/4/63,6/30/85,1/1/99,Senior Staff
78752,Serge,Hockney,1/5/64,10/12/87,1/1/99,Engineer
78753,Petter,Lortz,10/22/62,5/10/96,1/1/99,Senior Engineer
78760,Tsutomu,Eterovic,4/20/63,7/12/96,1/1/99,Staff
78765,Przemyslawa,DiGiano,2/19/64,6/20/93,1/1/99,Senior Staff
78770,Erzsebet,Miculan,8/1/63,11/29/99,1/1/99,Staff
78778,Divier,Gaughan,9/19/63,3/14/97,1/1/99,Staff
78795,Christfried,Qiwen,8/12/63,3/1/96,1/1/99,Technique Leader
78803,Goh,Tischendorf,10/23/64,6/11/89,1/1/99,Engineer
78804,Guiseppe,Gyorkos,5/18/63,11/19/99,1/1/99,Staff
78805,Lunjin,Bernardeschi,5/26/64,7/9/89,1/1/99,Engineer
78810,Vishv,Demian,2/2/62,9/4/96,1/1/99,Staff
78816,Hugo,Talmon,4/16/63,12/3/98,1/1/99,Staff
78818,Juyoung,Hambrick,5/30/63,7/11/89,1/1/99,Senior Engineer
78825,Lihong,Miculan,5/9/63,2/5/98,1/1/99,Assistant Engineer
78829,Lihong,Matzen,10/22/64,9/28/93,1/1/99,Senior Staff
78830,Trygve,Oxman,3/12/62,3/9/89,1/1/99,Technique Leader
78835,Leucio,Perfilyeva,5/28/62,6/29/91,1/1/99,Senior Staff
78842,Toshiko,Schapire,2/9/62,1/27/90,1/1/99,Senior Staff
78844,Constantine,Lanteri,7/28/62,12/7/92,1/1/99,Engineer
78855,Shahaf,Denis,6/8/64,5/2/98,1/1/99,Engineer
78862,Yishay,Baaz,1/4/64,1/11/96,1/1/99,Engineer
78871,Conor,Ghandeharizadeh,1/15/65,5/25/85,1/1/99,Senior Engineer
78873,Patricio,Pillow,2/10/63,5/13/89,1/1/99,Technique Leader
78881,Ulf,Tyugu,1/17/63,5/20/87,1/1/99,Engineer
78889,Premsyl,Masamoto,5/24/64,2/28/94,1/1/99,Technique Leader
78892,Lihong,Marzano,11/17/63,3/30/90,1/1/99,Senior Engineer
78901,Shaowei,Rullman,11/1/64,1/22/89,1/1/99,Staff
78910,Sahrah,Huhdanpaa,9/19/62,6/18/90,1/1/99,Senior Engineer
78919,Horward,Nannarelli,7/20/63,1/6/91,1/1/99,Senior Staff
78925,Hugo,Anick,5/8/63,4/11/92,1/1/99,Senior Engineer
78934,Adhemar,Cannata,7/26/64,6/24/91,1/1/99,Senior Staff
78937,Gladys,Waterhouse,6/29/64,12/2/92,1/1/99,Senior Staff
78951,Faiza,Mondadori,1/22/62,8/28/87,1/1/99,Staff
78956,Xiaoshan,Christ,11/19/62,8/6/93,1/1/99,Engineer
78962,Cordelia,Hashii,3/12/64,7/13/87,1/1/99,Senior Engineer
78966,Zhonghua,Camurati,2/7/62,1/19/99,1/1/99,Engineer
78970,Toney,Paludetto,7/19/64,11/13/99,1/1/99,Staff
78972,Roddy,Renear,7/22/62,4/20/98,1/1/99,Senior Staff
78973,Yefim,Usdin,1/29/63,7/11/89,1/1/99,Staff
78974,Collette,Hasenauer,7/12/63,5/5/96,1/1/99,Engineer
78976,Weidon,Peternell,12/21/62,10/20/94,1/1/99,Staff
78981,Arno,Schwartzbauer,6/10/64,12/21/99,1/1/99,Engineer
78983,Masami,Couchot,7/18/63,4/22/98,1/1/99,Engineer
78984,Alper,Reistad,8/19/63,5/9/94,1/1/99,Senior Staff
78993,Yongmin,Furudate,4/19/63,12/12/91,1/1/99,Technique Leader
78997,Chuanti,Coullard,8/17/64,2/28/88,1/1/99,Staff
79003,Snehasis,Waymire,5/13/62,7/15/89,1/1/99,Assistant Engineer
79006,Suvo,Bernick,8/21/64,8/18/89,1/1/99,Senior Staff
79009,Shirish,Liedekerke,4/10/63,11/22/96,1/1/99,Engineer
79011,Xudong,Ellozy,6/2/62,7/23/90,1/1/99,Senior Engineer
79018,Susumu,Lanphier,11/29/62,11/28/86,1/1/99,Senior Staff
79020,Karsten,Gecseg,12/1/63,11/20/95,1/1/99,Senior Staff
79024,Mariusz,Alencar,4/4/62,12/6/98,1/1/99,Assistant Engineer
79027,Radoslaw,Kornyak,5/25/62,8/20/94,1/1/99,Staff
79029,Zeljko,Lung,6/4/64,2/27/94,1/1/99,Senior Staff
79043,Katsuo,Hockney,1/24/65,11/7/99,1/1/99,Technique Leader
79047,Eric,Kaiser,12/17/64,8/28/96,1/1/99,Assistant Engineer
79054,Patricia,Hennebert,8/2/64,10/3/87,1/1/99,Engineer
79062,Hatsukazu,Huxford,8/27/64,3/1/88,1/1/99,Staff
79065,Sastry,Gladwell,8/23/64,6/11/87,1/1/99,Senior Engineer
79067,Sashi,Viele,12/21/64,11/10/88,1/1/99,Staff
79069,Bokyung,Fendler,8/24/63,12/6/86,1/1/99,Engineer
79080,Shunichi,Schrooten,2/26/63,3/18/98,1/1/99,Staff
79094,Luerbio,Rijsenbrij,8/26/62,1/20/99,1/1/99,Staff
79095,Eben,Yeung,8/10/63,1/21/96,1/1/99,Senior Engineer
79096,Dung,Michaeli,7/30/63,7/8/99,1/1/99,Assistant Engineer
79099,Bouchung,Lukaszewicz,4/5/62,11/28/96,1/1/99,Engineer
79101,Sachin,Jeansoulin,12/31/62,12/28/88,1/1/99,Engineer
79104,Shigeaki,Ibel,7/11/64,9/30/98,1/1/99,Staff
79109,Maha,Furudate,7/9/63,11/16/95,1/1/99,Engineer
79112,Mayuri,Samarati,12/25/63,10/20/88,1/1/99,Senior Engineer
79122,Terresa,Frezza,3/10/64,2/19/98,1/1/99,Staff
79126,Iara,Speel,2/29/64,7/25/98,1/1/99,Senior Engineer
79129,Morris,Knightly,9/6/62,11/16/87,1/1/99,Assistant Engineer
79139,Mountaz,Hellwagner,6/10/63,10/26/99,1/1/99,Senior Engineer
79146,Jinya,Marshall,3/12/62,3/13/89,1/1/99,Engineer
79151,Duri,Rodiger,11/30/64,12/21/85,1/1/99,Senior Engineer
79162,Parke,Angelov,2/12/62,8/12/89,1/1/99,Senior Staff
79166,Morris,Flanders,5/27/64,3/10/93,1/1/99,Senior Staff
79168,Tianruo,Bellmore,9/7/62,11/10/91,1/1/99,Senior Staff
79171,Guiseppe,Ellozy,1/19/65,1/12/91,1/1/99,Senior Engineer
79180,Jaewon,Suri,7/29/63,1/28/87,1/1/99,Engineer
79184,Mani,Peot,4/28/62,8/22/00,1/1/99,Staff
79186,Maris,Soloway,7/21/62,2/22/99,1/1/99,Staff
79193,Shiv,Trumbly,3/30/63,8/21/98,1/1/99,Staff
79201,Hideyuki,Norsworthy,9/9/63,1/3/93,1/1/99,Engineer
79212,Yurij,Herber,11/15/64,1/13/89,1/1/99,Engineer
79217,Samphel,Ghemri,12/8/63,11/24/86,1/1/99,Engineer
79231,Alair,Ferriere,5/7/63,7/13/87,1/1/99,Senior Engineer
79237,Otilia,Dalphin,12/22/63,4/29/98,1/1/99,Engineer
79243,Kasidit,Camurati,2/21/63,2/26/87,1/1/99,Senior Engineer
79255,Genevieve,Bennet,12/15/63,1/12/02,1/1/99,Senior Engineer
79257,Herbert,Milicic,12/15/62,10/29/96,1/1/99,Staff
79262,Leszek,Cappello,5/19/62,11/22/85,1/1/99,Senior Staff
79282,Alenka,Garrabrants,12/31/62,9/7/90,1/1/99,Senior Engineer
79283,Dhritiman,Baez,2/18/64,4/14/93,1/1/99,Engineer
79284,Xiadong,Marrakchi,8/31/62,12/14/94,1/1/99,Technique Leader
79292,Nishit,Covnot,7/18/62,11/16/99,1/1/99,Engineer
79300,Behnaam,Hettesheimer,5/18/64,11/19/88,1/1/99,Staff
79304,Gino,Kavraki,8/15/63,5/8/92,1/1/99,Senior Staff
79307,Katsuyuki,Taneja,9/22/64,12/11/85,1/1/99,Senior Engineer
79308,Uzi,Birge,2/9/63,9/24/96,1/1/99,Engineer
79310,Jeong,Cunliffe,1/24/65,10/27/96,1/1/99,Senior Staff
79321,Kiam,Noriega,12/31/63,9/13/90,1/1/99,Senior Engineer
79328,Foong,Schlegelmilch,3/2/63,12/9/97,1/1/99,Staff
79329,Uma,Casperson,1/12/62,4/12/94,1/1/99,Engineer
79335,Weijing,Detkin,8/3/64,12/6/92,1/1/99,Staff
79336,Parto,Shinomoto,5/21/63,8/28/92,1/1/99,Senior Staff
79337,Shichao,Guenter,3/10/62,6/23/90,1/1/99,Technique Leader
79344,Morrie,Kroha,9/21/62,3/19/99,1/1/99,Staff
79347,Manton,Denna,3/13/62,5/7/96,1/1/99,Staff
79354,Dayanand,Haraldson,7/25/64,5/13/86,1/1/99,Senior Engineer
79364,Anyuan,Manderick,8/15/62,12/14/85,1/1/99,Senior Staff
79366,Chinya,Tsunoo,10/27/62,3/25/86,1/1/99,Senior Engineer
79368,Candida,Velardi,4/6/64,11/12/98,1/1/99,Engineer
79372,Bokyung,Conia,2/3/64,12/11/90,1/1/99,Engineer
79380,Alper,Lunt,2/27/62,11/11/98,1/1/99,Technique Leader
79389,Mitchel,Mattern,4/12/62,11/6/86,1/1/99,Engineer
79396,Yuchang,Bauknecht,10/14/63,12/17/96,1/1/99,Staff
79400,Udaiprakash,Ranft,9/28/64,12/10/89,1/1/99,Senior Staff
79403,Monique,Bauknecht,12/7/64,1/1/02,1/1/99,Engineer
79404,Ugo,Maliniak,12/6/62,12/19/95,1/1/99,Engineer
79407,Dmitri,Falby,12/29/63,12/25/93,1/1/99,Senior Staff
79410,Cristinel,Portugali,10/28/62,7/23/89,1/1/99,Engineer
79412,Leen,Siegrist,7/20/62,4/28/02,1/1/99,Engineer
79416,Xuejun,Dratva,1/15/62,8/29/86,1/1/99,Senior Engineer
79424,Nigel,Vural,12/13/62,11/30/94,1/1/99,Assistant Engineer
79439,Masali,Fetvedt,6/20/64,6/8/89,1/1/99,Engineer
79444,Tadahiko,Dayana,7/14/63,8/21/92,1/1/99,Staff
79453,Filipe,Tyugu,11/29/62,9/7/99,1/1/99,Engineer
79454,Mohd,Rousseau,7/10/62,9/5/97,1/1/99,Staff
79461,Herb,Leivant,5/4/63,1/11/91,1/1/99,Senior Engineer
79464,Shigenori,Feldhoffer,6/4/62,1/20/90,1/1/99,Senior Engineer
79465,Tadahiro,Swen,12/9/62,12/29/86,1/1/99,Senior Staff
79467,Manu,Vandervoorde,9/1/62,1/11/95,1/1/99,Engineer
79471,Limsoon,Thombley,7/27/64,1/27/94,1/1/99,Staff
79478,Masami,Saoudi,1/28/62,4/28/99,1/1/99,Staff
79480,Nishit,Christianini,10/26/63,10/7/95,1/1/99,Engineer
79487,Koichi,Eiter,7/13/64,1/18/89,1/1/99,Engineer
79507,Chiradeep,Braunschweig,4/6/64,5/20/85,1/1/99,Senior Engineer
79518,Dharmaraja,Debuse,4/29/62,6/19/96,1/1/99,Staff
79520,Alejandra,DuBourdieux,1/5/64,8/27/96,1/1/99,Technique Leader
79526,Fumiko,Eastman,6/7/62,12/16/88,1/1/99,Engineer
79532,Joydip,Lowrie,2/25/62,1/28/98,1/1/99,Engineer
79534,Sastry,Reistad,11/2/62,12/27/91,1/1/99,Technique Leader
79535,Heekeun,Bauknecht,7/23/64,1/27/88,1/1/99,Senior Staff
79537,Oksana,Halloran,3/20/63,5/28/99,1/1/99,Assistant Engineer
79542,Tadahiro,Lorch,3/9/64,6/3/86,1/1/99,Senior Engineer
79555,Moon,Schieder,8/8/62,12/1/98,1/1/99,Staff
79572,Pranjal,Kroll,11/21/64,7/20/90,1/1/99,Senior Staff
79576,Boaz,Kakkar,10/1/62,10/20/94,1/1/99,Senior Engineer
79577,Shaunak,Orlowski,3/17/62,11/13/91,1/1/99,Engineer
79579,Gina,Vecchio,12/8/63,4/30/85,1/1/99,Senior Engineer
79584,Kayoko,Mansanne,5/16/63,7/27/93,1/1/99,Engineer
79585,Tetsushi,Narlikar,1/3/63,2/8/88,1/1/99,Engineer
79588,Mingsen,Rodite,3/31/64,12/8/90,1/1/99,Engineer
79591,Xiaocheng,Valtorta,11/28/62,9/26/98,1/1/99,Staff
79593,Bingning,Egerstedt,12/24/62,4/8/93,1/1/99,Engineer
79596,Gio,Papadias,7/3/63,1/4/95,1/1/99,Staff
79603,Giordano,Byoun,6/19/63,7/28/95,1/1/99,Technique Leader
79606,Arnd,Peir,1/3/65,12/11/86,1/1/99,Senior Engineer
79611,Margareta,Wilfing,5/25/64,7/26/96,1/1/99,Senior Engineer
79615,Nobuyoshi,Polupanov,2/27/64,7/5/88,1/1/99,Engineer
79618,Jaihie,Lorcy,9/4/63,5/21/90,1/1/99,Senior Staff
79623,Aral,Gyorkos,10/15/64,10/21/85,1/1/99,Senior Engineer
79629,Reuven,Brender,2/2/64,3/11/92,1/1/99,Senior Engineer
79632,Chirstian,Marwedel,4/20/63,12/27/87,1/1/99,Staff
79635,Niranjan,Molberg,10/7/64,10/4/96,1/1/99,Senior Engineer
79638,Quingbo,Chandrasekhar,7/21/64,3/2/90,1/1/99,Senior Staff
79641,Dayanand,Vasanthakumar,4/29/63,3/5/90,1/1/99,Senior Staff
79649,Dzung,Manders,7/23/63,1/28/98,1/1/99,Engineer
79658,Roselyn,Peir,3/29/62,9/25/97,1/1/99,Staff
79665,Jiann,Jonsson,8/31/63,11/17/91,1/1/99,Staff
79667,Nikolaus,Jiang,3/9/62,2/9/89,1/1/99,Senior Staff
79675,Maia,Ballarin,1/15/64,12/30/98,1/1/99,Engineer
79680,Chinya,Syrzycki,2/15/62,1/8/96,1/1/99,Staff
79682,Adel,Pleszkun,5/14/63,1/3/99,1/1/99,Engineer
79713,Moon,Rossi,2/24/64,6/9/91,1/1/99,Assistant Engineer
79716,Etsuo,Engberts,11/14/64,2/13/91,1/1/99,Senior Staff
79725,Basem,Flanders,8/29/63,7/17/98,1/1/99,Engineer
79726,Kristof,Deville,8/22/62,11/26/89,1/1/99,Senior Engineer
79727,Lubomir,Cummings,2/4/62,6/3/99,1/1/99,Engineer
79728,Munehiro,Swiler,8/15/62,5/1/89,1/1/99,Senior Engineer
79732,Honesty,Sanella,9/3/63,5/3/96,1/1/99,Staff
79737,Boguslaw,Kaelbling,8/25/63,5/25/92,1/1/99,Senior Engineer
79741,Mads,Verspoor,3/13/64,1/1/88,1/1/99,Senior Staff
79746,Ingmar,Kropf,12/6/64,10/11/95,1/1/99,Engineer
79754,Elgin,Schmittgen,1/9/64,9/30/94,1/1/99,Engineer
79763,Sanjoy,Barreiro,1/20/65,4/9/88,1/1/99,Senior Staff
79767,Tommaso,Tischendorf,11/21/63,4/19/96,1/1/99,Senior Engineer
79773,Eckart,Sooriamurthi,10/10/64,7/15/88,1/1/99,Assistant Engineer
79782,Deborah,Fortenbacher,11/12/62,7/21/95,1/1/99,Staff
79787,Ziva,Molberg,4/25/62,7/19/92,1/1/99,Staff
79792,Odoardo,Tokunaga,10/21/63,11/11/99,1/1/99,Engineer
79799,Boriana,Pietrzykowski,11/23/62,12/19/89,1/1/99,Senior Staff
79801,Sandeepan,Muniz,12/27/64,3/2/86,1/1/99,Senior Engineer
79802,King,Boguraev,5/20/63,2/10/97,1/1/99,Engineer
79805,Shounak,Ruther,5/1/62,8/5/90,1/1/99,Staff
79815,Duke,Kobara,1/5/63,1/2/92,1/1/99,Senior Staff
79824,Toshimo,Maquelin,4/1/64,4/11/86,1/1/99,Engineer
79825,Bangqing,Gonthier,3/29/62,9/11/91,1/1/99,Staff
79835,Kristine,Simmel,10/2/63,6/24/98,1/1/99,Staff
79849,Fusako,Trelles,7/6/63,10/19/92,1/1/99,Senior Engineer
79861,Maha,Pleszkun,12/15/62,11/4/96,1/1/99,Senior Engineer
79865,Oksana,Serot,4/27/64,6/19/90,1/1/99,Engineer
79867,Bingning,Zhang,8/19/63,5/18/90,1/1/99,Senior Engineer
79869,Fumitake,Azulay,5/18/63,1/15/97,1/1/99,Staff
79870,Kristian,Stranks,7/7/63,7/16/99,1/1/99,Senior Engineer
79871,Ingemar,Brookner,11/11/64,2/20/91,1/1/99,Staff
79873,Oscar,Herath,10/31/64,2/24/99,1/1/99,Engineer
79878,Bernice,Comte,2/2/64,2/9/93,1/1/99,Senior Staff
79881,King,Beerel,7/11/63,8/24/92,1/1/99,Senior Staff
79885,Gay,Czaja,2/19/64,4/21/99,1/1/99,Staff
79886,Uma,Waymire,8/3/63,7/10/96,1/1/99,Senior Staff
79888,Shahab,Axelband,4/30/62,3/8/99,1/1/99,Senior Engineer
79895,Fei,Murtagh,1/30/65,1/19/86,1/1/99,Senior Staff
79896,Oldrich,Sethi,2/24/64,6/23/92,1/1/99,Senior Engineer
79897,Heather,Granlund,5/27/62,5/12/87,1/1/99,Technique Leader
79898,Slavian,Knightly,1/25/64,10/4/90,1/1/99,Senior Engineer
79903,Dekang,Garnier,3/24/63,12/26/91,1/1/99,Staff
79905,Danil,Eickenmeyer,6/25/62,12/13/88,1/1/99,Engineer
79907,Elliott,Emmart,12/31/64,1/7/90,1/1/99,Senior Engineer
79913,Almudena,Worfolk,3/14/63,11/3/86,1/1/99,Engineer
79917,Shooichi,Coombs,12/3/63,1/6/88,1/1/99,Senior Staff
79922,Aran,Simmen,7/5/62,1/6/98,1/1/99,Engineer
79925,Shaowei,Provine,9/3/64,6/29/98,1/1/99,Senior Engineer
79929,Aral,Auyong,4/14/62,3/21/92,1/1/99,Engineer
79930,Yongmao,Herbst,1/18/64,6/8/98,1/1/99,Engineer
79936,Boaz,Giveon,9/26/64,4/20/93,1/1/99,Senior Staff
79937,Chandrasekaran,Rothe,4/19/63,3/9/85,1/1/99,Staff
79939,Huan,Heydon,3/8/63,5/25/90,1/1/99,Senior Staff
79945,KayLiang,Jording,8/30/63,11/20/93,1/1/99,Engineer
79948,Tremaine,Raoux,1/31/63,6/13/01,1/1/99,Engineer
79949,Claude,Trystram,5/17/63,10/2/96,1/1/99,Engineer
79957,Valter,Kulisch,8/19/62,1/25/87,1/1/99,Engineer
79963,Marke,McAffer,3/16/63,10/6/91,1/1/99,Senior Engineer
79968,Nahum,Sommen,5/11/64,12/12/85,1/1/99,Senior Staff
79970,Gita,Swift,11/26/64,12/21/89,1/1/99,Senior Engineer
79971,Randy,Eterovic,5/12/64,5/31/87,1/1/99,Senior Staff
79975,Parviz,Braunmuhl,3/7/64,10/1/97,1/1/99,Staff
79982,Atreyi,Weedman,2/11/64,12/27/95,1/1/99,Staff
79983,Nalini,Panienski,11/13/62,9/23/87,1/1/99,Senior Staff
79984,Tomofumi,Lamba,1/12/62,12/19/94,1/1/99,Senior Engineer
79992,Laurentiu,Heping,2/8/64,6/29/87,1/1/99,Senior Engineer
79993,KayLiang,Redmiles,3/28/63,12/1/90,1/1/99,Senior Engineer
79995,Rutger,Speer,12/25/62,4/29/90,1/1/99,Senior Staff
79997,Venkatesan,Vigier,8/27/62,2/25/86,1/1/99,Senior Engineer
79998,Kristof,Brodal,2/1/62,6/11/87,1/1/99,Staff
80000,Odoardo,Ranft,6/23/63,7/3/94,1/1/99,Senior Engineer
80002,Mayuko,Meszaros,4/25/63,9/10/88,1/1/99,Staff
80010,Olivera,Munke,9/5/62,11/4/99,1/1/99,Engineer
80014,Radhika,Rattan,1/12/62,6/24/90,1/1/99,Senior Staff
80020,Theron,Merel,11/1/64,8/17/96,1/1/99,Engineer
80025,Mari,Henseler,6/5/64,4/27/91,1/1/99,Senior Engineer
80035,Val,Sevcikova,10/2/64,7/21/86,1/1/99,Senior Staff
80051,Kayoko,Jayawardene,1/3/64,2/6/86,1/1/99,Technique Leader
80052,Nidapan,Pellegrinelli,11/20/62,5/10/95,1/1/99,Senior Staff
80067,Kazuhisa,Weiland,1/19/65,11/9/85,1/1/99,Senior Staff
80071,Satyanarayana,Babu,8/22/64,9/16/95,1/1/99,Staff
80075,Constantijn,Paludetto,10/3/63,4/24/97,1/1/99,Senior Engineer
80077,Anestis,Speckmann,3/21/64,10/20/91,1/1/99,Senior Engineer
80080,Miquel,Foong,12/20/62,4/4/91,1/1/99,Senior Staff
80086,Yolla,Milicic,12/2/64,11/26/96,1/1/99,Staff
80093,Leaf,Lung,11/30/64,9/22/94,1/1/99,Technique Leader
80102,Janalee,Veevers,3/10/64,12/27/95,1/1/99,Senior Engineer
80107,Girolamo,Rossi,4/20/64,10/11/88,1/1/99,Engineer
80111,Sushant,Condotta,11/13/62,7/16/00,1/1/99,Senior Staff
80115,Rosalyn,Erez,10/22/62,7/12/97,1/1/99,Staff
80117,Insup,Eiter,6/17/63,5/21/90,1/1/99,Technique Leader
80133,Kenton,Delgrange,2/26/63,5/31/95,1/1/99,Engineer
80141,Shuichi,Lupu,6/2/62,10/5/94,1/1/99,Senior Engineer
80145,Xiong,Samarati,2/7/64,4/1/96,1/1/99,Engineer
80147,Yuuichi,Yeung,10/18/64,5/19/94,1/1/99,Senior Engineer
80163,Nathalie,Garrabrants,3/17/63,3/11/97,1/1/99,Engineer
80172,Marjo,Avouris,1/29/64,1/5/98,1/1/99,Engineer
80178,Sanjit,Christ,2/25/63,7/21/85,1/1/99,Staff
80179,Yinghua,Beznosov,12/24/62,9/20/98,1/1/99,Staff
80187,Bouchung,Viele,11/27/63,12/14/92,1/1/99,Staff
80189,Utz,Koshiba,5/23/63,11/5/99,1/1/99,Engineer
80190,Saeed,Pagter,12/22/62,11/2/98,1/1/99,Engineer
80191,Bouchung,Alvarado,11/23/64,3/27/86,1/1/99,Senior Staff
80194,Chinya,Rosin,8/4/64,9/12/99,1/1/99,Senior Engineer
80196,Janche,Kushner,4/11/62,7/13/89,1/1/99,Staff
80203,Shakhar,Baik,1/22/65,12/1/93,1/1/99,Staff
80211,Mats,Borstler,5/19/63,5/8/93,1/1/99,Senior Staff
80212,Shay,Jakobus,7/18/64,7/2/99,1/1/99,Senior Engineer
80219,Gaetan,Bhattacharjee,8/5/64,1/12/90,1/1/99,Senior Engineer
80220,Fai,Karner,1/8/63,4/19/94,1/1/99,Senior Staff
80226,Hideo,Serra,1/13/64,9/22/99,1/1/99,Staff
80230,Lunjin,Waschkowski,4/8/64,8/8/85,1/1/99,Engineer
80234,Chanjung,Naudin,5/11/63,10/25/97,1/1/99,Staff
80238,Francoise,Stasinski,2/1/63,5/14/01,1/1/99,Engineer
80242,Tokuyasu,Sudkamp,4/24/62,3/4/90,1/1/99,Senior Engineer
80243,Remzi,Facello,8/18/62,4/2/98,1/1/99,Assistant Engineer
80244,Yucai,Chiola,4/21/64,8/20/93,1/1/99,Staff
80248,Nevin,Matzke,3/21/64,9/17/88,1/1/99,Senior Engineer
80250,Zhanqiu,Shiratori,6/3/63,4/28/97,1/1/99,Staff
80255,Muzhong,Heusch,10/31/64,4/26/96,1/1/99,Engineer
80261,Geoffry,Braccini,12/12/62,11/16/91,1/1/99,Technique Leader
80267,Pradeep,Vandervoorde,5/21/64,9/17/88,1/1/99,Engineer
80269,Aris,Morton,3/25/62,12/11/95,1/1/99,Senior Engineer
80275,Luisa,Ladret,2/20/63,1/16/97,1/1/99,Senior Staff
80276,Yuqun,Azumi,5/13/63,3/1/89,1/1/99,Engineer
80278,Djenana,Riesenhuber,11/28/63,11/25/89,1/1/99,Senior Staff
80281,Gaetan,Akaboshi,8/18/63,7/10/95,1/1/99,Senior Engineer
80290,Moto,Klyachko,8/20/63,11/26/94,1/1/99,Engineer
80291,Sashi,Flowers,7/26/64,11/13/85,1/1/99,Senior Staff
80297,Jiong,Wolniewicz,11/24/62,7/11/90,1/1/99,Engineer
80298,Kasturi,Garnham,9/17/63,10/14/94,1/1/99,Senior Engineer
80299,Susanne,Collette,3/12/62,8/25/86,1/1/99,Senior Staff
80302,Bangqing,Jiafu,2/4/64,5/9/94,1/1/99,Senior Engineer
80311,Ortrun,Yetim,8/1/63,7/26/96,1/1/99,Staff
80315,Zvonko,Templeman,2/3/62,12/10/88,1/1/99,Engineer
80323,Zdislav,Grabner,3/8/62,8/18/88,1/1/99,Senior Staff
80331,Kwun,Zallocco,7/23/62,12/20/98,1/1/99,Senior Engineer
80336,Chinho,Mahmud,1/11/63,10/3/99,1/1/99,Staff
80339,Fumitake,Hempstead,3/8/64,3/30/87,1/1/99,Senior Engineer
80347,Jaques,Barvinok,1/19/64,10/18/98,1/1/99,Staff
80356,Eckart,Shobatake,12/18/63,2/2/89,1/1/99,Technique Leader
80365,Sailaja,Schmiedel,5/31/62,4/4/85,1/1/99,Senior Engineer
80367,Sadun,Boreale,11/28/63,1/21/98,1/1/99,Staff
80378,Filipp,Jahnichen,12/7/62,1/15/91,1/1/99,Senior Engineer
80384,Turgut,Escriba,3/28/64,7/3/94,1/1/99,Senior Engineer
80391,Xiong,Erez,2/18/62,5/19/92,1/1/99,Senior Engineer
80393,Margareta,Ghazalie,2/4/63,8/23/96,1/1/99,Engineer
80401,Yifei,Vilarrasa,10/6/63,9/8/95,1/1/99,Engineer
80405,Kwangjo,Bultermann,8/17/63,5/18/88,1/1/99,Senior Staff
80408,Shakhar,Granlund,1/25/62,2/9/98,1/1/99,Technique Leader
80411,Lorien,Pollock,8/10/63,12/15/93,1/1/99,Senior Staff
80412,Ranga,Klassen,9/25/63,10/29/89,1/1/99,Engineer
80421,Zhonghui,Burnard,3/5/62,7/1/92,1/1/99,Senior Engineer
80424,Mohua,Marakhovsky,3/13/62,2/2/99,1/1/99,Engineer
80428,Maren,Cairo,5/21/63,1/28/94,1/1/99,Staff
80432,Stella,Figueira,1/17/65,3/14/90,1/1/99,Staff
80441,Guangming,Kamble,4/2/62,4/21/98,1/1/99,Staff
80444,Giri,Salinas,9/3/62,5/9/97,1/1/99,Engineer
80448,Nahla,Kalloufi,8/11/63,7/26/92,1/1/99,Senior Staff
80450,Tristan,Georgakopoulos,7/14/64,6/15/99,1/1/99,Staff
80453,Ranan,Candan,5/5/64,6/14/86,1/1/99,Senior Engineer
80465,Supot,Ouhyoung,4/28/62,10/11/92,1/1/99,Senior Staff
80474,Tayeb,Kawashima,5/2/62,4/6/91,1/1/99,Engineer
80480,Aruna,Birch,3/25/63,1/24/88,1/1/99,Senior Engineer
80485,Pragnesh,Beznosov,1/28/63,2/24/85,1/1/99,Staff
80486,Persi,Hettesheimer,6/13/63,3/14/97,1/1/99,Engineer
80499,Jinya,Wolniewicz,3/4/62,12/14/96,1/1/99,Staff
80500,Denis,Lenart,3/18/64,7/6/90,1/1/99,Senior Staff
80503,Gonzalo,Halevi,4/15/63,9/12/90,1/1/99,Senior Engineer
80504,Feiyu,Mitina,7/6/64,9/30/99,1/1/99,Staff
80526,Gadiel,Janocha,6/15/62,9/27/89,1/1/99,Engineer
80529,Jeong,Cherinka,10/24/64,2/28/96,1/1/99,Assistant Engineer
80530,Laurentiu,Shanbhogue,1/5/64,12/15/88,1/1/99,Staff
80542,Tomokazu,Nishimukai,5/26/64,12/14/89,1/1/99,Senior Engineer
80543,Nigel,Marshall,6/24/64,7/13/95,1/1/99,Engineer
80547,Shakhar,Cannata,12/25/63,1/31/88,1/1/99,Senior Staff
80549,Constantine,Verspoor,4/26/62,4/3/87,1/1/99,Technique Leader
80554,Janalee,Lortz,12/20/62,1/26/94,1/1/99,Staff
80556,Vasilis,Debuse,2/20/63,3/2/91,1/1/99,Assistant Engineer
80560,Xuejia,Versino,5/9/62,2/11/97,1/1/99,Senior Staff
80562,Yuguang,Lorch,7/19/63,6/16/97,1/1/99,Engineer
80565,Ekawit,Alpay,6/12/62,7/16/85,1/1/99,Senior Staff
80574,Giordano,Flowers,1/13/64,9/9/96,1/1/99,Engineer
80581,Florian,Bergere,1/22/63,3/20/90,1/1/99,Senior Staff
80587,Mototsugu,Atrawala,2/14/62,5/2/87,1/1/99,Senior Engineer
80590,Aleksander,Lunt,5/17/64,6/9/94,1/1/99,Staff
80593,Hatem,Mandelberg,7/16/64,4/15/92,1/1/99,Senior Engineer
80594,Joydip,Bala,12/2/62,6/14/92,1/1/99,Senior Engineer
80596,Eric,Ebeling,8/26/62,6/10/92,1/1/99,Senior Engineer
80599,Naftaly,Cannard,1/5/62,3/15/94,1/1/99,Assistant Engineer
80602,Gal,Theuretzbacher,6/7/64,12/10/94,1/1/99,Engineer
80613,Vishu,Schauser,4/28/62,4/18/98,1/1/99,Engineer
80623,Przemyslawa,Waterhouse,6/6/62,10/7/87,1/1/99,Engineer
80625,Sangeeta,Rissanen,9/3/63,11/1/93,1/1/99,Engineer
80626,Kamran,Matteis,2/19/62,7/15/96,1/1/99,Senior Engineer
80645,Percy,Gihr,6/16/63,12/26/94,1/1/99,Senior Staff
80648,Vidar,Jiafu,6/2/63,4/23/98,1/1/99,Senior Engineer
80650,Troy,Massonet,9/13/64,12/20/86,1/1/99,Assistant Engineer
80658,Khalil,Waleschkowski,9/22/63,6/16/86,1/1/99,Engineer
80659,Youngkon,Vidal,2/26/62,2/11/87,1/1/99,Senior Engineer
80669,Krister,Ferretti,5/22/63,8/17/98,1/1/99,Technique Leader
80671,Duri,Pettis,11/25/63,5/4/91,1/1/99,Staff
80679,Tsuneo,Tchuente,2/22/63,8/10/97,1/1/99,Senior Staff
80688,Yishai,Kaiserswerth,11/4/63,8/9/94,1/1/99,Staff
80690,Danae,Reghbati,1/5/63,3/29/94,1/1/99,Staff
80691,Hideo,McFarlin,7/20/63,5/25/87,1/1/99,Senior Staff
80694,Susanta,Bednarek,8/24/64,2/1/98,1/1/99,Assistant Engineer
80698,Rance,Luft,12/12/64,12/9/94,1/1/99,Staff
80700,Youssef,Murillo,12/2/62,3/20/93,1/1/99,Assistant Engineer
80707,Xiping,Bennet,11/14/64,2/28/88,1/1/99,Engineer
80709,Sachin,Benveniste,12/19/62,8/25/85,1/1/99,Senior Engineer
80711,Fumiko,Halloran,3/6/63,2/1/89,1/1/99,Engineer
80712,Sahrah,Ranon,8/11/63,1/28/86,1/1/99,Engineer
80719,Stepehn,Gien,2/23/63,10/24/89,1/1/99,Senior Staff
80723,Izaskun,Reinhard,9/21/62,12/30/87,1/1/99,Staff
80731,Shaowen,Eldridge,1/25/65,12/5/87,1/1/99,Senior Staff
80733,Ranan,Ghemri,12/7/62,7/2/91,1/1/99,Staff
80742,Kwun,Leppanen,2/25/64,8/26/92,1/1/99,Technique Leader
80748,Guozhong,Pluym,11/3/63,4/25/99,1/1/99,Engineer
80752,Zhenhua,Adachi,3/18/62,10/18/88,1/1/99,Staff
80753,Aimee,Masand,3/21/62,3/7/97,1/1/99,Senior Engineer
80757,Seongbin,Kavvadias,8/29/62,9/12/88,1/1/99,Senior Staff
80767,Vitali,Vitiello,7/27/62,1/29/86,1/1/99,Engineer
80772,Shooichi,Crooks,4/16/63,11/28/88,1/1/99,Senior Staff
80773,Djenana,Fargier,10/7/63,11/20/88,1/1/99,Engineer
80789,Claude,Hasham,10/9/62,5/1/91,1/1/99,Senior Staff
80799,Satoru,Nations,6/11/62,10/10/97,1/1/99,Senior Engineer
80806,Hatim,Munoz,11/29/63,2/26/99,1/1/99,Staff
80808,Toong,Kisuki,11/29/63,8/10/86,1/1/99,Technique Leader
80809,Bezalel,Kobuchi,8/8/62,5/25/89,1/1/99,Senior Engineer
80813,Guozhong,Pettis,11/29/64,10/5/86,1/1/99,Engineer
80817,Mayumi,Hofting,3/18/62,6/4/94,1/1/99,Engineer
80820,Kristina,Zobel,6/12/64,7/6/87,1/1/99,Senior Staff
80823,Willard,Baca,1/21/63,2/26/85,1/1/99,Staff
80850,Koldo,Luit,2/1/65,4/16/95,1/1/99,Senior Engineer
80854,Vivian,Vidya,9/24/64,4/10/90,1/1/99,Engineer
80876,Yishai,Coors,4/27/62,4/6/98,1/1/99,Engineer
80877,Dhritiman,Matzel,5/4/62,6/18/92,1/1/99,Assistant Engineer
80878,Zeljko,Danlos,3/27/63,8/5/87,1/1/99,Engineer
80885,Nigel,Herber,4/6/63,12/7/88,1/1/99,Senior Staff
80887,Douadi,Lakshmanan,12/1/63,5/8/96,1/1/99,Engineer
80889,Shigeo,Linnainmaa,1/7/65,7/30/85,1/1/99,Senior Engineer
80895,Gully,Kopetz,10/26/62,8/12/97,1/1/99,Engineer
80901,Kazuhisa,Wissmann,2/9/64,3/2/02,1/1/99,Senior Staff
80907,Sugwoo,Shrader,8/11/63,9/23/99,1/1/99,Staff
80909,Makato,Sankaranarayanan,5/18/63,11/18/93,1/1/99,Engineer
80911,Navid,Collette,9/16/63,10/29/95,1/1/99,Staff
80913,Yongdong,Delgrande,1/20/64,8/11/86,1/1/99,Senior Staff
80925,Harngdar,Motley,9/18/63,10/28/93,1/1/99,Engineer
80942,Nectarios,Hofting,11/16/63,9/4/90,1/1/99,Senior Engineer
80943,Filipe,Fiebach,6/13/64,1/19/87,1/1/99,Senior Staff
80948,Harjit,Bardell,1/27/65,5/24/91,1/1/99,Senior Engineer
80950,Remzi,Michaels,7/17/63,3/3/85,1/1/99,Senior Staff
80953,Jongsuk,Kolvik,10/19/63,2/8/87,1/1/99,Technique Leader
80963,Shen,Guerreiro,6/15/62,1/25/87,1/1/99,Senior Staff
80972,Xuejun,Giveon,4/24/64,3/8/91,1/1/99,Senior Staff
80974,Hiroyasu,Joslin,10/3/62,8/2/93,1/1/99,Technique Leader
80975,Denis,DuBourdieux,12/9/63,2/5/96,1/1/99,Senior Engineer
80996,Rutger,Magliocco,1/9/62,6/13/98,1/1/99,Staff
80999,Jongsuk,Sevcikova,9/1/62,3/15/93,1/1/99,Assistant Engineer
81003,Youjian,Keirsey,3/26/62,1/23/87,1/1/99,Engineer
81004,Ottavia,Perna,6/30/64,10/8/97,1/1/99,Senior Staff
81013,Shaw,Servieres,5/18/64,9/9/94,1/1/99,Senior Engineer
81014,Ramzi,Maquelin,9/28/62,5/22/98,1/1/99,Senior Staff
81023,Palash,Hooghiemstra,9/6/64,6/4/92,1/1/99,Engineer
81024,Michaela,Molenaar,8/11/63,4/1/99,1/1/99,Engineer
81027,Qunsheng,Zhang,4/29/63,11/1/97,1/1/99,Senior Staff
81029,Zhongwei,Larfeldt,3/19/63,1/3/00,1/1/99,Senior Engineer
81037,Danai,Erde,6/4/64,2/5/95,1/1/99,Staff
81039,Shigeaki,Feldmann,11/8/64,10/10/96,1/1/99,Assistant Engineer
81044,Jaques,Theuretzbacher,7/9/63,5/22/91,1/1/99,Senior Staff
81056,Junsik,Kruskal,7/13/64,4/1/91,1/1/99,Senior Staff
81064,Xiahua,Wilharm,2/1/62,11/5/88,1/1/99,Staff
81071,Masaru,Xiaoshan,9/30/63,2/4/00,1/1/99,Technique Leader
81078,Yishay,Lorch,2/10/63,9/1/99,1/1/99,Engineer
81081,Uno,Bahl,2/8/63,8/18/95,1/1/99,Senior Staff
81094,Denny,Sgarro,10/18/63,1/24/91,1/1/99,Engineer
81097,Renee,Setia,4/18/64,10/7/86,1/1/99,Engineer
81105,Jaewon,Boissier,1/14/65,5/24/92,1/1/99,Senior Engineer
81117,Pohua,Ferretti,5/1/62,10/3/91,1/1/99,Engineer
81119,Xuejun,Bierman,3/19/62,1/28/97,1/1/99,Engineer
81131,Cordelia,Bojadziev,7/17/62,2/1/90,1/1/99,Staff
81132,Danel,Langford,1/23/63,7/15/95,1/1/99,Engineer
81135,Jiong,Onuegbe,7/12/62,1/19/91,1/1/99,Senior Engineer
81139,Seongbin,Leslie,8/22/63,1/10/91,1/1/99,Senior Staff
81145,Chaitali,Rosaz,3/23/64,6/19/02,1/1/99,Staff
81146,Mohan,Luders,11/25/64,11/6/92,1/1/99,Senior Staff
81160,Piyawadee,Sundgren,12/8/64,10/3/85,1/1/99,Senior Engineer
81161,Tru,Jiang,10/19/62,2/9/92,1/1/99,Engineer
81164,Udo,Suermann,12/26/63,9/4/99,1/1/99,Staff
81172,Zhensheng,Lakshmanan,8/8/64,9/20/97,1/1/99,Senior Engineer
81175,Gonzalo,Auria,7/1/63,6/19/96,1/1/99,Staff
81179,Macha,Glowinski,7/14/62,12/5/87,1/1/99,Engineer
81180,Jaihie,Ranta,9/4/63,12/11/87,1/1/99,Senior Engineer
81181,Sariel,Segond,1/26/63,4/6/98,1/1/99,Senior Engineer
81182,Ramalingam,Koblitz,9/2/64,2/18/96,1/1/99,Staff
81187,Arun,Begiun,4/27/63,3/3/98,1/1/99,Senior Engineer
81188,Yahiko,Zhiwei,6/20/63,3/11/92,1/1/99,Engineer
81191,Akemi,Auria,5/9/62,1/6/98,1/1/99,Engineer
81195,Adit,Cincotta,6/18/64,1/24/99,1/1/99,Staff
81197,Shaibal,Smeets,7/30/62,6/5/94,1/1/99,Engineer
81204,Gill,Fritzsche,5/6/63,7/5/95,1/1/99,Staff
81206,Frederique,Sessa,6/5/63,6/5/91,1/1/99,Staff
81211,Abdelghani,Binkley,3/22/64,2/7/87,1/1/99,Senior Engineer
81225,Marlo,Ginesta,9/11/63,10/21/94,1/1/99,Engineer
81234,Younwoo,Ouhyoung,6/28/63,5/2/97,1/1/99,Technique Leader
81239,Masaru,Haumacher,8/7/62,1/25/96,1/1/99,Engineer
81241,Gererd,Dymetman,8/22/63,2/21/89,1/1/99,Senior Engineer
81242,Jaideep,Maquelin,5/18/64,11/24/01,1/1/99,Senior Engineer
81251,Yaghout,Piazza,10/19/63,2/3/97,1/1/99,Senior Staff
81256,Ayakannu,Lanteri,5/15/62,2/25/97,1/1/99,Senior Staff
81259,Christophe,Range,7/11/63,5/1/85,1/1/99,Senior Engineer
81265,Radhika,Kirkerud,11/28/63,11/16/92,1/1/99,Senior Engineer
81266,Kenton,Roison,8/3/63,2/1/98,1/1/99,Senior Engineer
81269,Dekang,Chenoweth,2/21/62,4/28/96,1/1/99,Senior Staff
81272,Gaurav,Miyakawa,5/16/63,11/26/88,1/1/99,Staff
81278,Oldrich,Schlumberger,4/23/63,4/17/01,1/1/99,Senior Engineer
81291,Badri,Scallan,6/24/64,1/27/87,1/1/99,Technique Leader
81294,Hilary,Waterhouse,3/10/64,11/12/88,1/1/99,Senior Staff
81295,Bartek,Suomi,10/30/64,6/17/90,1/1/99,Senior Staff
81302,Jiakeng,Fabrizio,2/2/62,3/4/86,1/1/99,Senior Staff
81305,Leszek,Shrader,7/3/64,3/28/97,1/1/99,Engineer
81307,Jianhui,Fandrianto,4/6/64,10/29/92,1/1/99,Senior Staff
81316,Hyuncheol,Perly,2/14/62,10/11/92,1/1/99,Engineer
81323,Ranan,Guardalben,7/19/63,1/1/92,1/1/99,Engineer
81326,Fox,Perko,3/1/64,8/29/99,1/1/99,Engineer
81332,Stamatina,Peck,8/9/64,8/17/96,1/1/99,Staff
81336,Lunjin,Papsdorf,1/13/64,10/27/86,1/1/99,Senior Engineer
81343,Basant,Nilsson,7/13/62,2/12/02,1/1/99,Senior Staff
81346,Kankanahalli,Selvestrel,1/23/64,2/16/97,1/1/99,Staff
81350,Shir,Baezner,5/31/64,5/3/91,1/1/99,Technique Leader
81364,Dulce,Stille,6/10/62,7/29/89,1/1/99,Engineer
81366,Saniya,Ghalwash,1/8/63,10/13/93,1/1/99,Engineer
81370,Froduald,Neimat,6/9/62,7/2/88,1/1/99,Senior Staff
81390,Murthy,Toyoshima,12/16/64,10/5/94,1/1/99,Senior Engineer
81391,Dannz,Nilsson,8/9/62,2/24/89,1/1/99,Engineer
81420,Arup,Docker,8/6/62,7/24/97,1/1/99,Staff
81441,Gill,Baer,3/31/63,7/16/02,1/1/99,Staff
81451,Guadalupe,Khasidashvili,6/9/62,3/23/98,1/1/99,Staff
81453,Chanjung,Usery,5/3/62,8/11/99,1/1/99,Engineer
81477,Serap,Lampe,7/7/62,6/2/87,1/1/99,Engineer
81480,Tetsurou,Levasseur,5/6/62,4/29/89,1/1/99,Staff
81489,Ennio,Iisaku,5/28/64,12/24/88,1/1/99,Engineer
81493,Shigeaki,Spell,9/16/62,2/13/94,1/1/99,Staff
81496,Anyuan,Ashish,3/24/64,4/12/88,1/1/99,Senior Staff
81501,Youngkon,Taubman,3/14/63,12/4/92,1/1/99,Senior Engineer
81502,Huiqun,Leaver,8/24/63,2/12/85,1/1/99,Engineer
81504,Shmuel,Farrag,5/5/64,3/24/96,1/1/99,Technique Leader
81505,Sergi,Spelt,10/19/62,2/25/90,1/1/99,Senior Staff
81514,Breannda,Hanabata,4/23/62,5/7/91,1/1/99,Senior Staff
81515,Aron,Flanders,1/12/63,2/25/86,1/1/99,Senior Staff
81521,Chanjung,Hanabata,11/21/62,5/6/92,1/1/99,Senior Staff
81535,Stein,Deville,6/23/63,3/25/98,1/1/99,Senior Engineer
81538,Paloma,Capobianchi,5/16/63,2/21/98,1/1/99,Engineer
81545,Larisa,Kornyak,1/13/65,2/7/00,1/1/99,Technique Leader
81557,Alois,Lieblein,10/14/63,8/8/88,1/1/99,Staff
81565,Xuejun,Swab,7/19/64,11/15/88,1/1/99,Technique Leader
81567,Doohun,Nilsson,10/24/64,9/14/98,1/1/99,Staff
81570,Luise,Potthoff,9/9/63,1/21/87,1/1/99,Engineer
81571,Ymte,Baer,9/16/63,2/12/94,1/1/99,Senior Engineer
81577,Kwun,Alpay,10/29/62,2/20/99,1/1/99,Engineer
81581,Roded,Conde,4/22/64,11/18/98,1/1/99,Engineer
81600,Debaprosad,Rabehasaina,12/1/64,8/24/93,1/1/99,Assistant Engineer
81602,Muzhong,Veccia,12/31/63,10/29/98,1/1/99,Engineer
81604,Jiong,Karnin,10/14/63,2/10/88,1/1/99,Staff
81606,Ennio,Khamsi,2/20/63,11/14/90,1/1/99,Engineer
81607,Conor,Schauser,9/10/63,9/4/97,1/1/99,Senior Engineer
81609,Eben,Nyrup,8/6/63,11/26/88,1/1/99,Senior Staff
81613,Dinah,Bisiani,11/19/62,12/21/89,1/1/99,Engineer
81621,Aloke,Frolund,5/4/64,4/23/99,1/1/99,Staff
81627,Chiranjit,Businaro,3/7/63,11/11/93,1/1/99,Senior Engineer
81628,Kellyn,McClure,2/27/62,11/7/89,1/1/99,Staff
81637,Freyja,Przulj,10/7/64,6/16/87,1/1/99,Senior Staff
81643,Xiadong,Terwilliger,12/23/63,8/17/90,1/1/99,Engineer
81644,Divine,Ghandeharizadeh,1/5/65,11/28/97,1/1/99,Staff
81651,Qingxiang,Ertl,5/1/63,1/5/01,1/1/99,Senior Engineer
81652,Dharmaraja,McFarlin,11/12/64,1/25/91,1/1/99,Senior Engineer
81657,King,Busillo,5/8/64,9/19/93,1/1/99,Engineer
81664,Babette,Isard,11/13/64,9/4/92,1/1/99,Senior Engineer
81683,Mabo,Zambonelli,4/25/62,12/5/87,1/1/99,Engineer
81697,Hidde,Thorensen,12/8/63,9/23/96,1/1/99,Staff
81699,Duke,Liesche,1/7/62,7/13/89,1/1/99,Senior Engineer
81701,Khatoun,Gimbel,6/8/63,8/20/88,1/1/99,Senior Staff
81713,Ravishankar,Cooley,8/16/64,3/24/88,1/1/99,Staff
81728,Hein,Mitsuhashi,2/22/62,1/1/99,1/1/99,Engineer
81736,Shahar,Woycyznski,3/25/62,1/18/89,1/1/99,Senior Staff
81738,Mart,Fritzsche,8/13/63,11/12/89,1/1/99,Staff
81753,Yakichi,Weedman,6/29/62,12/26/95,1/1/99,Engineer
81758,Charlene,Avouris,12/24/63,10/26/98,1/1/99,Technique Leader
81766,Tomofumi,Luby,6/3/62,9/12/92,1/1/99,Engineer
81776,Kish,Speek,1/31/63,9/28/88,1/1/99,Senior Staff
81780,Lena,Ranta,1/15/63,12/28/90,1/1/99,Engineer
81783,Jahangir,Wuwongse,6/11/64,1/14/89,1/1/99,Technique Leader
81797,Aiichiro,Birta,7/14/63,5/11/98,1/1/99,Technique Leader
81798,Shakhar,Ventosa,8/13/62,3/27/97,1/1/99,Engineer
81799,Aruna,Karcich,4/16/62,6/24/89,1/1/99,Staff
81802,Basem,Perz,9/25/64,10/30/93,1/1/99,Technique Leader
81813,Berto,Jahnichen,5/1/63,8/11/94,1/1/99,Senior Staff
81819,Hongzue,Haraldson,7/16/63,2/4/90,1/1/99,Staff
81822,Mitchel,Perz,6/11/64,12/30/90,1/1/99,Senior Engineer
81824,Mats,Gomatam,2/5/62,1/15/89,1/1/99,Senior Staff
81826,Yinghua,Conry,7/4/62,10/25/86,1/1/99,Senior Staff
81833,Mana,Atchley,2/8/62,8/20/87,1/1/99,Technique Leader
81834,Kazuhira,Vigier,1/29/64,6/14/01,1/1/99,Engineer
81835,Margo,Lakshmanan,2/13/63,6/5/91,1/1/99,Staff
81848,Teunis,Pietracaprina,7/23/63,6/13/93,1/1/99,Staff
81857,Sahrah,Ligten,11/29/63,3/24/97,1/1/99,Senior Staff
81868,Mikhail,Rosar,7/21/62,10/31/86,1/1/99,Senior Engineer
81869,Gino,Gien,12/21/62,9/19/95,1/1/99,Senior Engineer
81873,Lubomir,Dehkordi,6/18/62,1/3/99,1/1/99,Engineer
81881,Goo,Schmiedel,8/9/63,5/31/87,1/1/99,Senior Staff
81884,Qingxiang,Pouyioutas,3/11/64,2/3/91,1/1/99,Senior Engineer
81886,Gou,Raney,2/26/62,6/22/97,1/1/99,Engineer
81887,Gio,Ghandeharizadeh,8/2/62,4/7/86,1/1/99,Senior Staff
81897,Marco,Gien,8/20/64,10/30/85,1/1/99,Engineer
81899,Yonghong,Melski,4/8/62,7/27/88,1/1/99,Engineer
81903,Xuedong,Slobodova,8/23/64,8/25/96,1/1/99,Staff
81905,Satoru,Siprelle,3/3/63,8/29/87,1/1/99,Assistant Engineer
81909,Mizuhito,Swick,2/17/63,3/1/01,1/1/99,Engineer
81911,Marjo,Morrow,9/13/63,6/29/91,1/1/99,Senior Engineer
81918,Aiichiro,Lundstrom,11/18/62,5/11/97,1/1/99,Staff
81919,Rafael,Lorho,11/30/62,6/24/90,1/1/99,Staff
81922,Amstein,Decleir,11/26/63,7/15/89,1/1/99,Staff
81923,Oscar,Sluis,6/25/64,1/15/88,1/1/99,Senior Engineer
81924,Moon,Gubsky,3/13/64,1/28/90,1/1/99,Senior Staff
81926,Duangkaew,Gluchowski,12/1/64,6/19/96,1/1/99,Engineer
81929,Lakshmi,Servieres,12/13/64,12/1/97,1/1/99,Senior Staff
81933,Vatsa,Lunn,6/13/63,5/6/86,1/1/99,Senior Staff
81935,Weiyi,Glowinski,11/30/64,8/25/97,1/1/99,Staff
81938,Jiakeng,Weisert,9/1/62,3/26/90,1/1/99,Engineer
81947,Jacqueline,Angiulli,4/26/62,4/28/95,1/1/99,Senior Staff
81948,Girolamo,Comellas,1/7/63,5/16/85,1/1/99,Engineer
81949,Utz,Pavlopoulou,3/30/64,7/14/96,1/1/99,Engineer
81960,Satyanarayana,Demke,3/14/63,3/14/94,1/1/99,Senior Staff
81965,Georg,Kaiserswerth,1/7/63,9/17/87,1/1/99,Technique Leader
81968,Radhia,Griswold,6/21/63,11/26/87,1/1/99,Senior Staff
81976,Satosi,Litzkow,5/20/62,1/26/97,1/1/99,Senior Staff
81992,Kristin,Cochrane,4/20/62,2/6/90,1/1/99,Senior Staff
81994,Jaana,Chinin,3/14/63,2/9/93,1/1/99,Senior Staff
81995,Sreekrishna,Brender,1/10/65,3/22/90,1/1/99,Engineer
81997,Kamran,Smailagic,7/24/63,3/7/95,1/1/99,Engineer
82004,Sukumar,Baar,12/7/64,11/4/91,1/1/99,Senior Staff
82009,Eckart,Barinka,2/8/63,1/28/93,1/1/99,Technique Leader
82019,Kazuhito,Lupu,4/14/62,12/13/91,1/1/99,Senior Engineer
82026,Hongzue,Ritzmann,6/27/63,6/23/00,1/1/99,Senior Staff
82031,Jaewon,Gelosh,8/18/63,8/25/87,1/1/99,Senior Engineer
82046,Leni,Assaf,11/16/63,9/8/96,1/1/99,Staff
82048,Mizuhito,Langford,7/18/63,5/15/90,1/1/99,Senior Engineer
82053,Franziska,Rattan,9/1/64,6/30/89,1/1/99,Senior Engineer
82056,Somnath,Eldridge,5/8/64,8/9/87,1/1/99,Staff
82061,Oscar,Byoun,9/13/62,4/28/88,1/1/99,Staff
82068,Aria,DiGiano,12/28/63,3/12/87,1/1/99,Senior Engineer
82069,Yechezkel,Perfilyeva,1/20/65,11/3/94,1/1/99,Senior Engineer
82075,Sanjeeva,Merel,10/30/62,12/11/94,1/1/99,Staff
82083,Uta,Ventosa,1/8/63,3/28/93,1/1/99,Senior Staff
82097,Shridhar,Blokdijk,1/13/62,1/29/92,1/1/99,Staff
82098,Poornachandra,Wilharm,1/25/65,4/20/91,1/1/99,Engineer
82099,Kasidit,Vigier,4/21/63,9/20/85,1/1/99,Senior Staff
82105,Kerryn,Manderick,9/30/64,8/5/95,1/1/99,Staff
82118,Soenke,Birta,5/2/64,9/27/90,1/1/99,Senior Engineer
82132,Rosalyn,Shihab,10/8/64,4/28/91,1/1/99,Staff
82142,Kamran,Chvatal,7/16/62,11/25/94,1/1/99,Senior Engineer
82147,Yahiko,Kriebel,4/12/63,10/5/91,1/1/99,Engineer
82148,Kwangsub,Deville,4/16/62,8/20/94,1/1/99,Engineer
82153,Shigenori,Demri,7/31/62,5/31/87,1/1/99,Senior Engineer
82154,Bodh,Anick,11/14/62,8/26/98,1/1/99,Assistant Engineer
82165,Chaitali,Pluym,11/20/63,12/22/98,1/1/99,Engineer
82167,Candido,McConalogue,4/18/62,1/8/93,1/1/99,Staff
82168,Leah,Bellone,12/12/64,11/22/90,1/1/99,Staff
82176,Zeljko,Rebaine,6/8/64,10/9/98,1/1/99,Engineer
82178,Gina,Zambonelli,1/25/62,1/28/99,1/1/99,Senior Engineer
82182,Leon,Baaz,11/4/62,10/2/92,1/1/99,Senior Engineer
82184,Sukumar,Leivant,11/3/62,5/30/98,1/1/99,Staff
82191,Moie,Hutton,11/14/63,9/29/89,1/1/99,Engineer
82192,Kazuyasu,Lundstrom,3/10/62,2/12/95,1/1/99,Senior Staff
82196,Amstein,Zizka,12/29/62,2/18/87,1/1/99,Senior Staff
82198,Naftali,Driscoll,10/7/63,8/29/94,1/1/99,Engineer
82202,Vasilii,Gadepally,4/12/63,9/13/97,1/1/99,Engineer
82208,Leucio,Parveen,6/22/63,12/28/99,1/1/99,Engineer
82209,Werner,Nitsche,8/31/62,6/28/94,1/1/99,Senior Staff
82215,Xiaoqiang,Hoppenstand,2/12/63,2/8/94,1/1/99,Staff
82223,Kshitij,Ashish,10/20/62,2/20/96,1/1/99,Senior Staff
82224,Pradeep,Oppitz,9/12/62,3/28/99,1/1/99,Engineer
82229,Gilbert,Fairtlough,12/17/63,11/23/93,1/1/99,Staff
82246,Duri,Shiratori,8/5/63,4/20/96,1/1/99,Senior Engineer
82247,Masoud,Berendt,10/13/62,3/24/93,1/1/99,Senior Engineer
82249,Kazuhide,Kamble,5/25/64,1/15/92,1/1/99,Technique Leader
82254,Lein,Lorcy,10/7/64,12/11/86,1/1/99,Senior Staff
82266,Brewster,Huxford,5/4/63,3/13/95,1/1/99,Engineer
82268,Giri,Mukaidono,12/31/64,1/6/92,1/1/99,Senior Staff
82271,Vugranam,Steenbeek,8/19/63,12/29/95,1/1/99,Technique Leader
82283,Xinglin,Bonifati,7/23/62,8/8/93,1/1/99,Technique Leader
82284,Florina,Peak,9/18/64,3/12/86,1/1/99,Senior Staff
82289,Sachar,Francisci,5/27/64,11/9/98,1/1/99,Staff
82292,Moie,Chorvat,8/20/64,6/3/95,1/1/99,Senior Staff
82298,Stein,Pehl,9/11/62,8/13/92,1/1/99,Senior Engineer
82304,Sadok,Biros,12/25/62,12/16/88,1/1/99,Engineer
82306,Vugranam,Schach,9/20/64,5/7/88,1/1/99,Senior Engineer
82311,Shahab,Undy,1/15/62,4/28/96,1/1/99,Senior Engineer
82312,Irene,Swiss,8/15/62,11/21/89,1/1/99,Staff
82314,Paloma,Poujol,12/12/62,3/2/96,1/1/99,Engineer
82327,Yefim,Tagansky,2/22/62,3/27/90,1/1/99,Senior Staff
82328,Martien,Cappello,9/29/62,2/15/85,1/1/99,Senior Engineer
82330,Christoper,Duclos,7/24/63,2/16/95,1/1/99,Senior Engineer
82334,Shen,Llado,12/18/64,11/23/95,1/1/99,Engineer
82338,King,Christianini,8/27/64,10/8/00,1/1/99,Senior Engineer
82340,Palash,Wroclawski,7/21/63,9/14/85,1/1/99,Senior Staff
82351,Stevo,Thambidurai,1/26/65,10/27/89,1/1/99,Senior Staff
82356,Mohua,Callaway,9/30/64,11/11/89,1/1/99,Engineer
82357,Eric,Fontan,12/31/64,2/24/93,1/1/99,Senior Staff
82359,Aruna,Beetstra,7/31/64,4/29/88,1/1/99,Staff
82363,Moty,Bouloucos,9/21/62,2/2/94,1/1/99,Senior Engineer
82374,Serenella,Demian,4/11/62,3/21/92,1/1/99,Technique Leader
82377,Zhonghui,Detkin,7/14/64,9/7/91,1/1/99,Senior Staff
82383,Mohua,Luga,4/17/62,7/14/94,1/1/99,Engineer
82384,Aloys,Lubachevsky,5/23/62,7/12/89,1/1/99,Senior Engineer
82395,Kish,Rosin,10/31/63,12/30/98,1/1/99,Engineer
82396,Zhaofang,Leslie,5/27/63,11/25/87,1/1/99,Engineer
82400,Subhrajyoti,Gien,11/19/64,5/31/89,1/1/99,Senior Staff
82405,Arlette,Wegerle,1/18/64,11/20/87,1/1/99,Senior Staff
82416,Yoshimitsu,Colorni,12/3/62,3/2/96,1/1/99,Technique Leader
82435,Sumant,Baalen,3/19/62,7/8/97,1/1/99,Staff
82437,Vishv,Merel,7/27/64,2/23/98,1/1/99,Senior Staff
82439,Lalit,Wissmann,12/29/62,7/4/98,1/1/99,Assistant Engineer
82444,Along,Slobodova,5/17/64,8/21/92,1/1/99,Staff
82454,Zito,Trumbly,6/12/63,10/20/97,1/1/99,Staff
82463,Mads,Improta,6/17/63,3/22/98,1/1/99,Engineer
82464,Szabolcs,Ratnaker,4/11/63,6/26/93,1/1/99,Staff
82479,Rutger,Kroft,5/26/62,6/3/89,1/1/99,Senior Staff
82483,Nitsan,Woycyznski,10/6/63,5/2/00,1/1/99,Staff
82484,Kazuhira,Bugrara,2/17/62,5/23/92,1/1/99,Senior Engineer
82487,Juyoung,Murtha,5/28/64,1/13/99,1/1/99,Engineer
82490,Kamran,Koshiba,12/21/62,9/17/90,1/1/99,Senior Staff
82492,Hairong,Stellhorn,5/11/62,9/28/91,1/1/99,Staff
82496,Kyoichi,Asrin,7/5/64,8/11/98,1/1/99,Engineer
82500,Christoper,Merle,8/30/64,12/14/86,1/1/99,Engineer
82507,Saeko,Bolotov,9/8/62,6/7/99,1/1/99,Assistant Engineer
82508,Morrie,Alameldin,11/23/62,1/19/94,1/1/99,Staff
82510,Yifei,Pashtan,6/28/64,7/6/93,1/1/99,Senior Staff
82511,Uwe,Koblick,1/27/65,4/4/98,1/1/99,Engineer
82515,Bartek,Heiserman,7/5/62,1/29/00,1/1/99,Senior Engineer
82517,Mircea,Rajaraman,4/8/62,8/25/98,1/1/99,Senior Staff
82518,Dzung,Taneja,12/9/62,10/21/94,1/1/99,Senior Engineer
82519,Tristan,Penn,4/23/64,4/28/90,1/1/99,Staff
82521,Lubomir,Porenta,2/7/63,9/24/88,1/1/99,Senior Staff
82522,Subhankar,Gewali,7/26/62,1/12/99,1/1/99,Engineer
82525,JoAnne,Emden,7/22/62,6/13/98,1/1/99,Staff
82529,Cullen,Zockler,12/23/63,10/4/90,1/1/99,Engineer
82531,Boutros,Lamparter,6/18/62,12/14/97,1/1/99,Engineer
82533,Chinya,Pell,4/7/64,9/10/93,1/1/99,Senior Engineer
82538,Leszek,Penttonen,4/20/64,6/20/89,1/1/99,Senior Engineer
82564,Florina,Warwick,4/1/64,4/3/89,1/1/99,Engineer
82584,Mang,Jonsson,8/2/64,9/3/97,1/1/99,Staff
82592,Berto,Underwood,9/28/62,5/12/94,1/1/99,Staff
82596,Luerbio,Luders,4/11/64,9/14/98,1/1/99,Engineer
82602,Aloys,Mukaidono,2/19/64,2/6/90,1/1/99,Engineer
82610,Toney,Poulakidas,6/12/62,5/25/87,1/1/99,Staff
82617,Fay,Trogemann,5/16/64,12/22/90,1/1/99,Technique Leader
82618,Gritta,Ghandeharizadeh,8/8/63,7/9/85,1/1/99,Senior Staff
82619,Tsvetan,Yavatkar,7/8/62,4/19/92,1/1/99,Engineer
82620,Torsten,Szemeredi,5/20/63,2/15/01,1/1/99,Engineer
82632,Rasikan,Luit,6/8/62,9/9/89,1/1/99,Senior Staff
82636,Leaf,Butterworth,2/29/64,12/5/88,1/1/99,Engineer
82637,Berna,Terwilliger,5/29/62,5/26/87,1/1/99,Staff
82640,Shimshon,Flexer,7/28/63,3/1/98,1/1/99,Engineer
82642,Marin,Jansen,3/11/63,5/13/89,1/1/99,Senior Engineer
82649,Hilari,Peternell,1/18/64,10/10/93,1/1/99,Technique Leader
82657,Poornachandra,Engberts,6/29/63,6/12/91,1/1/99,Staff
82660,Chaosheng,Sudbeck,10/21/62,2/21/87,1/1/99,Staff
82665,Adel,Lanphier,1/7/64,8/30/86,1/1/99,Staff
82679,Xinyu,Baaleh,3/29/64,12/28/94,1/1/99,Senior Engineer
82681,Martijn,Matteis,7/28/62,12/5/88,1/1/99,Senior Engineer
82701,Jingling,Genther,12/24/63,9/10/85,1/1/99,Senior Engineer
82703,Xiadong,Wixon,1/23/64,3/29/02,1/1/99,Senior Staff
82712,Kousuke,Rijckaert,1/20/64,2/6/96,1/1/99,Engineer
82725,Remmert,Kalloufi,9/12/63,7/20/88,1/1/99,Staff
82728,Hein,Vigier,7/22/62,8/11/99,1/1/99,Staff
82730,Sampalli,Rajcani,10/22/64,5/8/86,1/1/99,Senior Engineer
82733,Teruyuki,Gniady,11/9/64,12/13/99,1/1/99,Engineer
82735,Rafail,Peris,9/20/64,6/12/95,1/1/99,Senior Staff
82743,Keung,Danlos,8/1/63,9/27/89,1/1/99,Senior Staff
82749,Byong,Maliniak,5/21/64,10/2/97,1/1/99,Staff
82750,Xuedong,Sommen,11/8/62,4/26/95,1/1/99,Senior Staff
82759,Sanjai,Belinskaya,6/27/63,9/7/89,1/1/99,Senior Engineer
82763,Shuji,Gips,4/25/62,11/2/86,1/1/99,Senior Staff
82768,Yefim,Raney,1/6/63,4/11/95,1/1/99,Senior Staff
82769,Xumin,Sommer,10/28/64,11/15/97,1/1/99,Senior Staff
82771,Takahiro,Merli,4/30/64,2/27/01,1/1/99,Technique Leader
82778,Yefim,Haddadi,1/15/64,4/15/87,1/1/99,Senior Staff
82788,Kazuhiko,Gils,1/19/64,11/11/98,1/1/99,Engineer
82795,Rosine,Gammage,11/29/62,5/7/92,1/1/99,Senior Staff
82797,Perla,Jahnichen,7/17/64,9/3/90,1/1/99,Senior Engineer
82799,Bezalel,Argence,3/30/63,12/27/88,1/1/99,Senior Staff
82800,Martial,Lodder,8/7/64,7/23/99,1/1/99,Engineer
82801,Adly,Masand,10/28/63,6/28/88,1/1/99,Engineer
82802,Honglan,Leivant,2/13/62,2/14/93,1/1/99,Senior Staff
82805,Xiaocheng,Nyanchama,6/25/64,11/22/92,1/1/99,Senior Staff
82809,Guangming,Spelt,6/21/64,10/4/88,1/1/99,Senior Engineer
82810,Hein,Plavsic,10/2/63,8/31/98,1/1/99,Engineer
82820,Christfried,Wilharm,2/25/63,4/5/95,1/1/99,Engineer
82822,Jolita,Lamparter,7/13/63,9/10/91,1/1/99,Staff
82825,Yannis,Rattan,1/19/63,2/10/96,1/1/99,Engineer
82838,Srinidhi,Murrill,10/11/62,3/3/89,1/1/99,Senior Staff
82841,Vasiliy,Raoux,11/4/64,7/25/96,1/1/99,Senior Engineer
82842,Diederik,Boissier,10/2/64,9/2/97,1/1/99,Staff
82844,Vitaly,Ouhyoung,9/6/63,10/5/92,1/1/99,Senior Engineer
82847,Palash,Picco,1/11/62,11/6/96,1/1/99,Senior Engineer
82854,Hyuncheol,Danner,7/19/64,10/5/95,1/1/99,Assistant Engineer
82855,Aimee,Biron,12/12/63,11/20/00,1/1/99,Staff
82860,Patricia,Benner,3/11/62,1/3/91,1/1/99,Senior Engineer
82861,Yishay,Cannata,3/4/62,11/18/85,1/1/99,Senior Engineer
82865,Nalini,Rodham,10/22/62,9/11/94,1/1/99,Assistant Engineer
82873,Xinyu,Plessier,3/3/64,1/10/99,1/1/99,Engineer
82879,Jaques,Luon,3/18/64,6/14/87,1/1/99,Staff
82881,Taegyun,Alpin,1/10/64,4/22/96,1/1/99,Engineer
82883,Uli,Bhattacharjee,10/28/64,9/26/85,1/1/99,Engineer
82892,Shawna,Matzov,1/3/62,6/2/97,1/1/99,Senior Staff
82894,Yechezkel,Geffroy,7/30/64,5/29/85,1/1/99,Staff
82899,Yagil,Baalen,3/12/64,7/5/98,1/1/99,Staff
82900,Beshir,Sullins,11/23/63,7/1/96,1/1/99,Senior Staff
82904,Boalin,Buescher,2/23/63,12/16/93,1/1/99,Senior Staff
82912,Bodh,Sgarro,12/19/64,5/2/97,1/1/99,Staff
82917,Rosine,Eldridge,7/14/63,12/11/90,1/1/99,Staff
82918,Charlene,Uludag,7/28/64,12/17/99,1/1/99,Engineer
82919,Shigeu,Claffy,1/5/65,12/19/98,1/1/99,Engineer
82922,Horward,Cesareni,7/1/63,10/26/91,1/1/99,Staff
82928,Alselm,Rikino,1/27/65,11/16/90,1/1/99,Engineer
82938,Kellyn,Baja,2/5/63,11/6/01,1/1/99,Staff
82939,Khoa,Holburn,6/6/63,11/28/90,1/1/99,Technique Leader
82942,Weiyi,Heinisuo,6/15/63,11/21/99,1/1/99,Engineer
82943,Ronghao,Rathonyi,6/11/63,12/13/92,1/1/99,Senior Engineer
82951,Girolamo,Lieberherr,7/11/63,12/1/92,1/1/99,Senior Engineer
82963,Kazuhiro,Schreiter,3/14/64,9/4/85,1/1/99,Senior Engineer
82972,Debatosh,Veeraraghavan,12/23/63,2/10/91,1/1/99,Engineer
82975,Aamer,Ghemri,6/25/64,7/8/93,1/1/99,Senior Engineer
82976,Barton,Lanphier,1/9/62,1/24/94,1/1/99,Staff
82983,Giordano,Zeilberger,1/24/63,6/12/97,1/1/99,Staff
82995,Marsha,Ranum,12/13/64,6/7/94,1/1/99,Staff
83005,Christoper,Rebaine,5/25/63,9/28/01,1/1/99,Staff
83010,Aral,Kriebel,10/15/63,7/25/97,1/1/99,Staff
83013,Pantung,Aloisi,2/2/62,11/27/87,1/1/99,Senior Staff
83015,Hatem,Bahi,3/8/64,7/26/88,1/1/99,Engineer
83024,Godehard,Katalagarianos,5/31/63,3/8/02,1/1/99,Technique Leader
83033,Shuzo,Kushnir,12/19/64,7/12/98,1/1/99,Engineer
83036,Tadahiro,Koyama,1/16/62,1/1/98,1/1/99,Engineer
83045,Marjo,Asrin,3/10/63,1/1/96,1/1/99,Senior Engineer
83047,Kersti,Haldar,1/11/63,6/12/97,1/1/99,Senior Engineer
83048,Zito,Suomi,1/11/64,8/13/89,1/1/99,Senior Engineer
83058,Ortrud,Gide,9/23/63,10/9/85,1/1/99,Assistant Engineer
83062,Lidong,Valiente,4/7/63,10/22/98,1/1/99,Staff
83064,Xuejun,Murthy,10/29/64,4/5/85,1/1/99,Senior Staff
83072,Gererd,Bultermann,6/12/63,3/10/94,1/1/99,Senior Staff
83078,Steen,Stassinopoulos,11/14/64,2/17/97,1/1/99,Senior Engineer
83087,Ipke,Cooke,4/24/64,5/8/99,1/1/99,Technique Leader
83089,Jaana,Siochi,8/18/62,4/24/99,1/1/99,Staff
83101,Arco,Maierhofer,1/18/63,4/18/96,1/1/99,Senior Staff
83102,Dmitri,Reutenauer,10/3/63,10/13/91,1/1/99,Senior Staff
83107,Barry,Brlek,6/10/62,6/7/96,1/1/99,Senior Engineer
83111,Gian,Erie,6/18/64,1/14/86,1/1/99,Senior Staff
83112,Morrie,Holburn,11/29/62,11/6/85,1/1/99,Senior Staff
83119,Otmar,Foote,11/10/64,9/21/98,1/1/99,Staff
83120,Shuky,Picht,5/14/64,3/20/86,1/1/99,Senior Staff
83130,Jianhua,Pulkowski,3/29/62,12/1/89,1/1/99,Staff
83139,Marie,Kalloufi,6/29/63,9/19/87,1/1/99,Senior Staff
83141,Fatemeh,Lunn,11/15/62,1/10/97,1/1/99,Senior Staff
83145,Mohammad,Esposito,7/2/62,11/29/91,1/1/99,Staff
83150,Aron,Litecky,1/21/63,7/31/95,1/1/99,Senior Staff
83153,Henk,Penn,6/27/62,9/16/99,1/1/99,Senior Staff
83160,Dipayan,Thiria,3/7/64,3/28/99,1/1/99,Staff
83164,Macha,Serdy,12/24/62,12/10/94,1/1/99,Engineer
83173,Piyawadee,Vecchi,9/5/64,3/3/87,1/1/99,Senior Engineer
83181,Weicheng,Gulik,6/10/63,12/1/93,1/1/99,Senior Engineer
83182,Kousuke,Wielonsky,5/19/64,9/13/86,1/1/99,Engineer
83186,Petter,Rando,1/4/62,7/18/96,1/1/99,Senior Staff
83193,Srinidhi,Schaap,10/27/63,11/17/89,1/1/99,Senior Staff
83196,Fatemeh,Stanger,10/26/63,7/30/95,1/1/99,Assistant Engineer
83198,Lein,Ciolek,4/14/64,4/28/89,1/1/99,Technique Leader
83207,Odoardo,Erni,6/22/64,8/21/90,1/1/99,Senior Staff
83209,Garnik,Taubenfeld,6/26/64,5/3/87,1/1/99,Senior Engineer
83214,Khosrow,Sommer,10/12/64,7/9/01,1/1/99,Engineer
83215,Slavian,Baig,8/14/63,11/4/90,1/1/99,Technique Leader
83216,Xumin,Pepe,3/5/62,6/21/91,1/1/99,Senior Engineer
83222,Geoff,Kuszyk,11/26/64,5/9/86,1/1/99,Senior Engineer
83228,Palash,Tomescu,2/21/63,5/15/96,1/1/99,Senior Staff
83240,Weidon,Gente,7/6/63,5/15/98,1/1/99,Engineer
83248,Bodh,Hatcliff,4/10/64,9/4/95,1/1/99,Staff
83256,Sivanarayana,Schrift,11/1/64,6/6/93,1/1/99,Engineer
83257,Ulf,Boguraev,4/22/64,10/30/87,1/1/99,Engineer
83258,Achilleas,Wuwongse,4/6/64,9/23/98,1/1/99,Engineer
83267,Yefim,Herath,7/23/64,9/14/96,1/1/99,Staff
83269,Marko,Talmor,3/7/64,6/1/94,1/1/99,Senior Engineer
83272,Mohammad,Douceur,10/3/62,2/27/99,1/1/99,Engineer
83276,Gianluca,Waymire,4/17/64,2/12/97,1/1/99,Senior Staff
83278,Georg,Khalil,9/25/62,3/4/85,1/1/99,Senior Staff
83280,Francesca,Ellozy,1/7/65,8/8/99,1/1/99,Senior Engineer
83281,Barun,Hammerschmidt,6/16/63,3/8/92,1/1/99,Staff
83289,Shigeichiro,Engelmann,1/9/65,1/9/94,1/1/99,Engineer
83295,Xiaocheng,Senzako,1/16/62,4/15/85,1/1/99,Engineer
83315,Billur,Nastansky,3/7/64,9/11/85,1/1/99,Engineer
83327,Kazuyasu,Bridgland,8/27/64,8/17/94,1/1/99,Staff
83330,Hercules,Eterovic,4/25/63,3/13/94,1/1/99,Senior Staff
83333,Aloke,Brender,6/2/64,7/31/98,1/1/99,Engineer
83339,Ymte,Waeselynck,4/27/63,10/11/00,1/1/99,Staff
83340,Guoxiang,Percebois,7/12/64,1/11/91,1/1/99,Staff
83357,Huiqun,Gihr,5/29/63,8/22/94,1/1/99,Engineer
83360,Tomokazu,Lores,3/28/62,6/16/89,1/1/99,Senior Staff
83362,Hidekazu,Werthner,3/15/64,4/20/97,1/1/99,Engineer
83363,Herb,Cichocki,10/6/63,2/14/93,1/1/99,Senior Staff
83364,Eckart,Codenie,2/10/64,8/23/90,1/1/99,Engineer
83365,Frazer,Ressouche,1/5/62,10/19/89,1/1/99,Senior Staff
83368,Gennady,Maksimenko,9/29/64,4/30/93,1/1/99,Senior Engineer
83371,Radoslaw,Ohori,4/14/62,6/14/99,1/1/99,Engineer
83373,Idoia,Conry,10/10/64,1/8/88,1/1/99,Senior Staff
83378,Ranan,Senzako,4/8/62,1/10/99,1/1/99,Engineer
83380,Vugranam,Dalton,10/3/63,7/10/96,1/1/99,Engineer
83384,Lech,Benzmuller,1/18/64,11/29/87,1/1/99,Engineer
83388,Mrinalini,Akiyama,11/3/64,5/18/89,1/1/99,Assistant Engineer
83393,Masamitsu,Zhiwei,5/5/62,7/15/01,1/1/99,Senior Staff
83394,Mokhtar,Azumi,10/27/63,11/26/88,1/1/99,Senior Engineer
83403,Tsuneo,Cherinka,8/25/64,6/23/88,1/1/99,Senior Engineer
83412,Anoosh,Lortz,6/30/63,6/9/92,1/1/99,Engineer
83414,Armond,Muniz,11/22/64,7/25/98,1/1/99,Staff
83415,Boguslaw,Millington,6/13/64,12/17/93,1/1/99,Engineer
83416,Gudjon,Kushner,10/23/63,9/20/86,1/1/99,Engineer
83421,Neelam,Speel,9/17/63,10/27/95,1/1/99,Staff
83434,Theron,Sgarro,4/3/64,11/26/93,1/1/99,Engineer
83438,Feixiong,Viele,12/22/64,8/7/85,1/1/99,Senior Staff
83442,Nirmal,Demizu,6/5/64,8/21/93,1/1/99,Staff
83446,Makato,Vendrig,11/9/62,5/13/89,1/1/99,Senior Engineer
83449,Shimshon,Mitzlaff,5/30/63,8/31/95,1/1/99,Senior Staff
83452,Arra,Nivat,6/25/62,1/15/98,1/1/99,Staff
83457,Sanjeeva,Hardjono,9/9/62,10/28/98,1/1/99,Staff
83459,Ramalingam,Schauser,1/27/64,12/3/89,1/1/99,Senior Engineer
83461,Zongyan,Millington,2/26/63,3/8/95,1/1/99,Staff
83467,Stabislas,Tyugu,3/4/63,1/15/86,1/1/99,Senior Engineer
83471,Gaetan,Chaudhury,7/26/64,12/12/87,1/1/99,Staff
83474,Toshiko,Lyonns,6/4/62,10/22/97,1/1/99,Senior Staff
83484,Alper,McDermid,10/31/64,10/19/88,1/1/99,Engineer
83489,Avishai,McFarlin,1/21/63,7/16/96,1/1/99,Staff
83505,Masami,Guting,6/29/63,1/1/88,1/1/99,Senior Staff
83509,Breannda,Collavizza,1/4/65,10/12/89,1/1/99,Senior Engineer
83517,Xuedong,Swen,10/29/64,11/23/97,1/1/99,Staff
83526,Clyde,Montresor,10/13/62,4/19/92,1/1/99,Staff
83528,Ulf,Braunmuhl,11/16/63,10/17/86,1/1/99,Staff
83529,George,Schwartzburd,9/18/62,2/13/88,1/1/99,Senior Staff
83539,Yakichi,Thiran,11/23/64,5/27/87,1/1/99,Staff
83542,Jaewon,Wolniewicz,10/27/62,6/28/97,1/1/99,Staff
83543,Jasminko,Cannata,8/24/62,9/2/97,1/1/99,Senior Engineer
83544,Leaf,Baak,1/18/65,9/5/94,1/1/99,Senior Staff
83550,Sukumar,Sommen,12/29/63,6/4/86,1/1/99,Senior Staff
83556,Palash,Ponthieu,2/17/63,7/15/88,1/1/99,Engineer
83561,Lalit,Luon,4/14/62,7/31/01,1/1/99,Senior Staff
83570,Godehard,Guerreiro,3/8/64,7/24/97,1/1/99,Staff
83623,Zhiwei,Tomescu,10/28/64,2/6/85,1/1/99,Senior Engineer
83625,Dannz,Budinsky,4/26/64,10/5/90,1/1/99,Staff
83627,Subhada,Lung,3/10/64,6/2/94,1/1/99,Engineer
83631,Rosita,Marquardt,6/4/62,2/14/91,1/1/99,Assistant Engineer
83635,Takushi,Arlazarov,4/30/63,3/24/89,1/1/99,Senior Staff
83637,Turgut,Remmers,2/3/63,11/7/95,1/1/99,Staff
83646,Shahab,Standera,8/17/63,7/9/85,1/1/99,Senior Engineer
83651,Mana,Bala,5/16/63,12/14/85,1/1/99,Senior Staff
83659,Nathalie,Biron,6/8/63,4/29/89,1/1/99,Engineer
83664,Sergi,Thummel,12/17/62,5/8/91,1/1/99,Senior Engineer
83670,Hidefumi,Merro,2/24/62,2/9/02,1/1/99,Staff
83675,Billie,Luiz,11/15/62,2/21/90,1/1/99,Senior Staff
83685,Chirstian,Nergos,5/29/64,5/15/87,1/1/99,Staff
83693,Ulf,Georg,6/17/62,9/23/96,1/1/99,Staff
83694,Ottavia,Uhrig,2/28/63,12/12/95,1/1/99,Staff
83701,Pascal,Masada,5/14/64,11/20/93,1/1/99,Engineer
83703,Odysseas,Kumaresan,4/22/64,12/29/98,1/1/99,Senior Engineer
83707,Xiong,Greibach,5/8/64,11/4/94,1/1/99,Senior Staff
83713,Shmuel,Ruemmler,7/25/62,12/14/95,1/1/99,Engineer
83714,Ohad,Kilgore,1/27/65,10/10/00,1/1/99,Engineer
83716,Karlis,Mandell,8/5/62,12/14/92,1/1/99,Senior Staff
83718,Suvo,Siochi,12/3/63,12/5/95,1/1/99,Senior Engineer
83721,Szabolcs,Mandelberg,5/4/63,7/15/89,1/1/99,Senior Staff
83723,Sanjay,Detkin,9/15/63,10/28/98,1/1/99,Assistant Engineer
83737,Barry,Nitsche,12/1/62,5/13/92,1/1/99,Engineer
83740,Itzchak,Takanami,11/23/63,8/30/01,1/1/99,Technique Leader
83743,Zhongwei,Schaap,5/21/62,9/17/97,1/1/99,Staff
83744,Bangqing,Rosis,2/1/63,8/13/88,1/1/99,Engineer
83758,Mostafa,Rotem,4/26/63,3/8/99,1/1/99,Assistant Engineer
83765,Kazunori,Binkley,12/26/64,8/11/89,1/1/99,Engineer
83766,Adly,Flowers,12/1/64,8/3/98,1/1/99,Staff
83780,Yannik,Chvatal,3/16/62,12/4/96,1/1/99,Engineer
83788,Yurii,Passino,1/27/62,4/25/92,1/1/99,Technique Leader
83795,Perla,Ushiama,12/10/63,12/5/95,1/1/99,Engineer
83802,Tuval,Rabejac,1/6/62,11/22/90,1/1/99,Senior Engineer
83805,Manohar,Harllee,1/23/65,3/11/87,1/1/99,Senior Engineer
83807,Mandell,Vingron,1/27/64,7/20/97,1/1/99,Assistant Engineer
83811,Yakichi,Mitsuhashi,2/13/64,6/26/98,1/1/99,Senior Engineer
83813,Qiwen,Makinen,8/10/62,11/15/99,1/1/99,Staff
83814,Dmitri,Goldhammer,10/13/64,2/13/90,1/1/99,Assistant Engineer
83817,Brewster,Plumb,8/15/63,10/23/85,1/1/99,Senior Staff
83818,Kazuhito,Mahmud,12/22/63,9/5/98,1/1/99,Engineer
83820,Udo,Niizuma,11/3/63,6/27/98,1/1/99,Assistant Engineer
83821,Kazuhito,Gonthier,10/17/63,8/13/86,1/1/99,Staff
83828,Roded,Heuser,12/12/64,4/21/97,1/1/99,Staff
83840,Hugh,Journel,12/4/62,3/31/99,1/1/99,Staff
83841,Mandell,Ranst,8/29/62,8/3/91,1/1/99,Technique Leader
83842,Zhenbing,Klassen,8/2/64,7/7/97,1/1/99,Staff
83846,Subhankar,Restivo,12/10/63,8/1/98,1/1/99,Staff
83851,Jianhao,Qiwen,7/21/64,10/22/85,1/1/99,Senior Engineer
83853,Insup,Bugaenko,9/23/63,7/6/91,1/1/99,Senior Staff
83865,Chandrasekaran,Glinert,5/1/64,5/5/95,1/1/99,Senior Engineer
83882,Sanjoy,Lueh,2/4/62,3/3/90,1/1/99,Senior Engineer
83883,Alselm,Underwood,3/29/62,5/30/94,1/1/99,Senior Staff
83885,Raimond,Merks,9/5/62,8/13/89,1/1/99,Senior Engineer
83889,Rutger,Genin,3/29/64,6/24/90,1/1/99,Senior Engineer
83890,Byong,Kawashima,3/7/63,11/19/96,1/1/99,Staff
83892,Angus,Mitzlaff,12/5/64,9/3/00,1/1/99,Engineer
83896,Mrinalini,Ratnakar,4/25/62,12/4/94,1/1/99,Engineer
83917,Guther,Pollock,1/18/62,11/25/98,1/1/99,Engineer
83919,Alejandra,Reeken,3/9/63,10/8/96,1/1/99,Engineer
83921,Shooichi,Thambidurai,1/16/64,11/13/86,1/1/99,Senior Staff
83931,Remko,Guting,12/20/62,6/23/97,1/1/99,Staff
83936,Adin,Matzat,8/7/64,3/18/98,1/1/99,Staff
83938,Taisook,Benner,8/27/62,3/1/86,1/1/99,Senior Staff
83940,Wuxu,Sluis,8/1/64,2/4/87,1/1/99,Engineer
83941,Zsolt,Hagimont,1/11/65,10/8/96,1/1/99,Staff
83948,Tremaine,Raczkowsky,8/26/62,8/20/99,1/1/99,Staff
83952,Guoxiang,Matzel,3/25/62,10/21/99,1/1/99,Engineer
83953,Remko,Fujisaki,12/29/62,2/2/99,1/1/99,Staff
83960,Fumitaka,Halloran,3/22/62,7/24/90,1/1/99,Senior Engineer
83962,Jeanna,Masand,10/27/62,12/14/95,1/1/99,Senior Staff
83964,Odysseas,Castellani,5/16/62,6/11/89,1/1/99,Staff
83965,Leif,Pramanik,1/3/63,2/7/01,1/1/99,Senior Staff
83967,Vasilii,Murrill,9/13/62,4/5/98,1/1/99,Staff
83973,Arra,Mandell,12/13/62,1/25/95,1/1/99,Senior Staff
83974,Stella,Conte,2/9/64,11/30/95,1/1/99,Technique Leader
83975,Leszek,Alvarado,12/4/62,12/19/94,1/1/99,Engineer
83976,Eran,Schmittgen,6/3/63,2/25/99,1/1/99,Assistant Engineer
83981,Sungwon,Lunt,2/2/62,8/3/93,1/1/99,Staff
83987,Badri,Feldmann,3/29/63,2/16/91,1/1/99,Senior Engineer
83991,Arra,Parfitt,8/26/64,11/1/00,1/1/99,Staff
83995,Xiaoshan,Baer,10/24/64,1/28/00,1/1/99,Senior Staff
84005,JiYoung,Rindone,9/12/62,12/28/88,1/1/99,Senior Staff
84007,Ranan,Farrel,1/29/64,1/9/89,1/1/99,Senior Staff
84020,Isamu,Woycyznski,1/10/64,7/20/98,1/1/99,Senior Engineer
84029,Babette,Eugenio,1/27/65,9/21/97,1/1/99,Staff
84033,Etsuo,Dulli,11/12/62,11/25/88,1/1/99,Staff
84050,Rafael,Lueh,10/4/64,10/1/85,1/1/99,Engineer
84063,Zvonko,Chappelet,4/13/62,12/24/96,1/1/99,Technique Leader
84076,Rafols,Schurmann,9/17/64,1/22/99,1/1/99,Staff
84078,Aran,Wissmann,9/26/62,7/16/95,1/1/99,Engineer
84079,Leif,Erbe,12/26/63,10/13/93,1/1/99,Senior Staff
84096,Vitali,Slutz,6/29/63,1/17/92,1/1/99,Senior Staff
84106,Mooi,Sessa,4/5/63,2/7/91,1/1/99,Engineer
84108,Mats,Felcyn,12/14/63,1/2/98,1/1/99,Senior Engineer
84110,Kazuhiro,Lores,7/6/63,9/13/96,1/1/99,Staff
84112,Conal,Rindone,11/24/64,8/30/98,1/1/99,Staff
84113,Perla,Ligten,12/20/64,2/18/90,1/1/99,Senior Engineer
84116,Remko,Cromarty,1/15/62,12/17/86,1/1/99,Senior Engineer
84122,Mariangiola,Zongker,6/1/63,12/5/93,1/1/99,Technique Leader
84128,Shan,Wursthorn,1/28/63,1/23/98,1/1/99,Engineer
84131,Guther,Strooper,5/19/64,11/28/85,1/1/99,Senior Engineer
84136,Yoshimitsu,Marwedel,12/13/62,4/12/95,1/1/99,Engineer
84141,Fan,Anick,1/5/63,2/23/99,1/1/99,Staff
84149,Zhigen,Gecseg,2/28/62,1/26/90,1/1/99,Technique Leader
84150,Stamatina,Massonet,5/14/63,4/6/89,1/1/99,Staff
84153,Lene,Cheshire,10/4/62,9/5/92,1/1/99,Senior Staff
84158,Froduald,Mandell,9/23/63,8/3/98,1/1/99,Staff
84168,Garnik,Willoner,7/22/63,2/1/91,1/1/99,Senior Engineer
84169,Tommaso,Boguraev,4/29/62,2/2/87,1/1/99,Staff
84176,Zissis,Openshaw,4/16/63,7/16/97,1/1/99,Engineer
84179,Shuichi,Nanard,1/25/65,3/14/89,1/1/99,Senior Engineer
84186,Sumant,Lorho,10/16/64,11/27/99,1/1/99,Technique Leader
84189,Zhensheng,Ravishankar,2/9/62,11/9/91,1/1/99,Senior Engineer
84191,Goncalo,Papadias,2/10/64,10/23/85,1/1/99,Senior Engineer
84192,Lene,Terekhov,12/20/62,4/1/99,1/1/99,Staff
84195,Arnd,Dolinsky,10/4/63,2/2/95,1/1/99,Senior Staff
84197,Dekang,Baer,1/24/64,4/3/93,1/1/99,Senior Staff
84210,Kwangho,Serra,10/1/62,7/27/97,1/1/99,Staff
84211,Mechthild,Lorin,1/30/64,6/30/91,1/1/99,Engineer
84216,Patricio,Emden,6/7/62,10/11/94,1/1/99,Senior Staff
84220,Yurii,Masada,5/30/64,3/27/99,1/1/99,Staff
84224,Jackson,Uhrik,12/1/63,9/20/99,1/1/99,Technique Leader
84226,Lihong,Poupard,3/11/62,4/6/95,1/1/99,Staff
84227,Oksana,Rajaraman,10/20/64,12/9/85,1/1/99,Engineer
84229,Troy,Remmers,8/28/63,10/24/97,1/1/99,Senior Engineer
84231,Kolar,Stiles,1/8/64,5/23/90,1/1/99,Senior Engineer
84235,Chrisa,Rissland,1/20/62,4/12/88,1/1/99,Staff
84236,Eberhardt,Barriga,1/18/65,6/4/87,1/1/99,Senior Staff
84237,Laurentiu,Radwan,7/8/62,12/29/94,1/1/99,Senior Engineer
84238,Jianhao,Quaggetto,7/4/63,11/19/98,1/1/99,Staff
84248,Mantis,Bondorf,6/16/64,5/9/97,1/1/99,Senior Staff
84254,Ewing,Vickson,7/2/64,8/21/85,1/1/99,Senior Engineer
84274,Xiahua,Rande,9/30/63,8/23/89,1/1/99,Senior Staff
84281,Masako,Mamelak,6/26/64,1/19/99,1/1/99,Senior Staff
84284,Vasilis,Zeleznik,3/24/64,5/31/85,1/1/99,Senior Engineer
84288,Nakhoon,Poehlman,9/27/62,4/20/94,1/1/99,Engineer
84289,Idoia,Begiun,10/11/63,10/18/99,1/1/99,Engineer
84290,Yuguang,Ventosa,3/7/62,1/4/96,1/1/99,Senior Engineer
84315,Kristina,Baumann,1/23/65,9/26/96,1/1/99,Assistant Engineer
84327,Udo,Jenevein,5/5/63,2/27/92,1/1/99,Staff
84330,Zeljko,Lowrie,8/14/62,7/5/99,1/1/99,Engineer
84339,Basant,Sommen,2/8/62,4/19/99,1/1/99,Engineer
84342,Yinlin,Kandlur,3/15/62,2/4/90,1/1/99,Senior Staff
84343,Avishai,Budinsky,1/23/62,8/28/85,1/1/99,Staff
84346,Maik,Perng,10/2/64,3/29/85,1/1/99,Senior Engineer
84348,Gregory,Weedman,8/8/62,5/20/98,1/1/99,Senior Staff
84349,Kwangsub,Christ,5/26/63,8/22/95,1/1/99,Staff
84354,Bowen,Kampfer,7/27/63,8/6/00,1/1/99,Engineer
84356,Arlette,Munro,9/28/63,6/26/90,1/1/99,Engineer
84357,Dayanand,Schapiro,12/2/63,5/4/99,1/1/99,Senior Staff
84359,Shounak,Sevcikova,9/23/64,10/26/90,1/1/99,Senior Engineer
84368,Zongyan,Servieres,3/20/64,11/17/89,1/1/99,Technique Leader
84372,Kiyomitsu,Flexer,9/9/63,8/8/97,1/1/99,Senior Staff
84379,Margo,Gomatam,10/11/62,2/10/85,1/1/99,Senior Engineer
84387,Roded,Rousseau,9/30/62,2/26/92,1/1/99,Senior Engineer
84389,Nalini,Schauser,6/8/63,9/4/94,1/1/99,Staff
84400,Doowon,Brickell,3/12/62,8/28/86,1/1/99,Senior Engineer
84402,Marc,Raoux,10/21/62,6/16/00,1/1/99,Senior Engineer
84404,Sumali,Wixon,6/8/64,2/15/96,1/1/99,Staff
84405,Urs,Budinsky,11/1/63,1/4/94,1/1/99,Staff
84406,Chinhyun,Speel,5/7/62,11/9/95,1/1/99,Senior Staff
84422,Saeko,Smeets,6/30/62,11/10/97,1/1/99,Staff
84426,Naftaly,Herath,7/21/64,6/20/97,1/1/99,Staff
84434,Munehiko,Duclos,4/15/63,9/9/91,1/1/99,Staff
84440,Phillip,Taubenfeld,11/18/64,9/21/93,1/1/99,Senior Staff
84444,Mayuko,Rahier,5/13/64,6/14/88,1/1/99,Senior Staff
84448,Moss,Schach,2/28/62,11/26/87,1/1/99,Engineer
84451,Shiv,Aumann,1/20/65,6/14/98,1/1/99,Senior Engineer
84452,Dhritiman,Levasseur,12/27/63,3/29/01,1/1/99,Senior Engineer
84463,Shrikanth,Naudin,2/24/63,2/18/95,1/1/99,Staff
84476,Mong,Hooghiemstra,4/24/63,9/17/92,1/1/99,Engineer
84477,Roded,Comyn,5/4/62,2/10/98,1/1/99,Staff
84485,Geoffrey,Dalphin,6/20/64,1/12/98,1/1/99,Technique Leader
84488,Georgy,Roisin,7/27/64,3/31/01,1/1/99,Senior Engineer
84492,Ger,Ghemri,11/23/63,9/27/92,1/1/99,Senior Staff
84495,Jinya,Comyn,6/26/63,3/25/86,1/1/99,Staff
84507,Ute,Falby,10/2/64,5/10/93,1/1/99,Engineer
84508,Tommaso,Vidya,1/17/65,5/2/98,1/1/99,Engineer
84515,Zongyan,Landherr,9/4/63,7/18/85,1/1/99,Engineer
84518,Emran,Mayerwieser,9/6/64,1/23/98,1/1/99,Engineer
84521,Sumant,Luders,1/31/64,10/27/94,1/1/99,Staff
84524,Breannda,Birsak,11/5/64,6/5/92,1/1/99,Assistant Engineer
84526,Angel,Kornyak,5/13/62,8/3/88,1/1/99,Staff
84527,Nalini,Feldhoffer,5/11/64,10/12/99,1/1/99,Engineer
84534,Toshimori,Molberg,9/25/63,1/13/93,1/1/99,Senior Staff
84535,Ohad,Gente,5/20/64,1/2/99,1/1/99,Senior Engineer
84536,Ayonca,Fioravanti,9/25/63,6/18/86,1/1/99,Senior Engineer
84540,Terresa,Melichar,3/1/63,2/4/96,1/1/99,Engineer
84542,Vishu,Litvinov,2/7/62,12/12/98,1/1/99,Engineer
84548,Ranga,Argence,4/16/63,1/18/88,1/1/99,Senior Staff
84550,Gregory,Iivonen,6/24/64,8/24/91,1/1/99,Staff
84554,Dharmaraja,Jervis,4/4/63,9/9/98,1/1/99,Engineer
84557,Xiaobin,Zirintsis,7/11/64,7/17/92,1/1/99,Senior Engineer
84565,Tamiya,Wendorf,9/14/64,6/4/94,1/1/99,Senior Engineer
84572,Sushant,England,2/12/64,2/7/91,1/1/99,Engineer
84573,Mabo,Velasco,1/8/62,1/29/89,1/1/99,Senior Engineer
84576,Xiaoqiu,Heering,2/10/62,10/5/94,1/1/99,Senior Engineer
84584,Vesna,Bahr,10/27/62,8/10/98,1/1/99,Staff
84589,Ger,Kabayashi,3/10/63,12/31/87,1/1/99,Senior Engineer
84597,Dannz,Linares,11/27/62,8/9/94,1/1/99,Senior Staff
84598,Panayotis,Merli,1/11/63,3/20/99,1/1/99,Senior Engineer
84607,Niclas,Anandan,11/10/63,4/17/89,1/1/99,Senior Engineer
84613,Tommaso,Luft,5/10/62,2/20/94,1/1/99,Engineer
84616,Charmane,Litzler,1/9/64,5/23/87,1/1/99,Senior Engineer
84618,Jessie,Oxenboll,10/18/62,10/29/85,1/1/99,Engineer
84622,Weiru,Ghelli,9/6/62,12/18/96,1/1/99,Senior Staff
84625,Florina,Staylopatis,1/16/64,5/1/99,1/1/99,Senior Staff
84627,Mariusz,Strandh,1/16/64,7/9/98,1/1/99,Senior Engineer
84634,Vasilis,Cronan,12/26/63,9/12/89,1/1/99,Staff
84636,Ebru,Anandan,10/22/63,10/5/95,1/1/99,Engineer
84637,Paraskevi,Kaminger,4/18/62,7/30/88,1/1/99,Senior Staff
84642,Ramachenga,Constantine,12/16/62,9/15/96,1/1/99,Technique Leader
84643,Hausi,Garnick,10/12/62,8/30/99,1/1/99,Staff
84644,Shaowen,Peng,12/19/63,8/4/91,1/1/99,Senior Staff
84645,Shahaf,Magliocco,9/27/64,10/7/91,1/1/99,Senior Staff
84646,Amalendu,Swift,2/20/63,8/1/98,1/1/99,Staff
84653,Maris,Lambe,5/14/64,6/11/90,1/1/99,Senior Staff
84654,Zhenhua,Stifter,7/18/63,11/4/86,1/1/99,Senior Staff
84661,Perla,Steinauer,4/17/63,9/11/00,1/1/99,Staff
84663,Pradeep,Morrin,7/15/64,1/22/95,1/1/99,Staff
84670,Goo,Cromarty,1/6/64,2/17/00,1/1/99,Senior Staff
84675,Panayotis,Kossowski,10/31/64,8/7/89,1/1/99,Senior Engineer
84683,Ekawit,Thibadeau,4/3/62,2/23/96,1/1/99,Staff
84688,Debaprosad,Lund,8/31/63,7/19/96,1/1/99,Engineer
84698,Kwangjo,Lalonde,1/24/64,12/20/97,1/1/99,Senior Engineer
84702,Tonny,Baaleh,3/11/63,2/14/86,1/1/99,Staff
84704,Niclas,Maliniak,5/21/64,2/6/90,1/1/99,Staff
84705,Yannis,Rosen,1/4/62,5/15/99,1/1/99,Senior Engineer
84709,Karsten,Pauthner,1/18/62,4/11/85,1/1/99,Senior Engineer
84723,Xiadong,Gammage,7/28/64,9/27/96,1/1/99,Engineer
84732,Elliott,Pintelas,11/9/64,11/22/95,1/1/99,Senior Engineer
84738,Susuma,Tsukuda,3/23/64,1/2/94,1/1/99,Technique Leader
84739,Karlis,Mersereau,9/10/63,10/12/89,1/1/99,Staff
84741,Panayotis,Birjandi,6/20/62,11/13/86,1/1/99,Senior Staff
84750,Aksel,Thisen,12/16/62,11/4/96,1/1/99,Engineer
84752,Zhiwei,Paludetto,3/7/64,10/25/95,1/1/99,Senior Staff
84753,Hatem,Munos,4/27/63,3/22/98,1/1/99,Engineer
84755,Qiwen,Gihr,10/1/62,5/15/93,1/1/99,Senior Staff
84759,Ebbe,Navazio,5/27/64,2/3/94,1/1/99,Senior Staff
84761,Subbu,Kalefeld,2/26/63,1/23/95,1/1/99,Staff
84781,Remmert,Cappello,7/1/64,11/7/93,1/1/99,Senior Engineer
84798,Hidde,Argence,4/6/63,8/29/94,1/1/99,Staff
84803,IEEE,Schade,2/6/62,12/2/87,1/1/99,Staff
84804,Jasminko,Terwilliger,1/13/63,1/26/94,1/1/99,Senior Engineer
84806,Subhada,Oberman,4/20/62,4/17/85,1/1/99,Senior Staff
84808,Sushant,Vernadat,7/31/63,9/13/90,1/1/99,Senior Staff
84810,Marit,Erol,6/24/64,1/6/98,1/1/99,Senior Engineer
84813,Wilmer,Vingron,9/17/62,4/11/93,1/1/99,Engineer
84814,Berto,Nanard,11/19/63,7/29/96,1/1/99,Staff
84815,Florian,Yamaashi,8/24/63,11/14/95,1/1/99,Senior Staff
84819,Evgueni,Weisert,1/1/64,2/24/95,1/1/99,Engineer
84823,Kristinn,Knightly,12/28/63,2/15/92,1/1/99,Engineer
84826,Hauke,Swen,11/6/63,3/30/92,1/1/99,Engineer
84828,Supot,Pezzoli,6/10/64,1/18/98,1/1/99,Engineer
84829,Moss,Kuhnemann,7/23/64,7/30/90,1/1/99,Technique Leader
84839,Ulises,Masamoto,8/19/63,7/2/85,1/1/99,Staff
84840,Sverrir,Neimat,1/14/65,11/3/96,1/1/99,Staff
84842,Quingbo,Beidas,8/26/62,11/28/99,1/1/99,Senior Engineer
84845,Hsiangchu,Harbusch,6/27/62,6/26/91,1/1/99,Senior Engineer
84851,Sastry,Mahnke,11/6/63,9/2/96,1/1/99,Senior Engineer
84853,JiYoung,Sidou,3/5/64,5/3/91,1/1/99,Staff
84856,Shigehito,Gips,8/28/62,10/16/97,1/1/99,Senior Staff
84861,Conor,Pepe,5/18/63,4/20/98,1/1/99,Staff
84862,Sorina,Fairtlough,11/5/62,7/13/91,1/1/99,Engineer
84871,Subhankar,Petereit,8/31/62,12/7/89,1/1/99,Senior Engineer
84876,Suzette,Heuter,2/20/62,12/26/89,1/1/99,Senior Staff
84885,Gaetan,Ambroszkiewicz,2/15/62,8/7/88,1/1/99,Staff
84888,Bezalel,Gulak,2/28/62,4/8/89,1/1/99,Senior Engineer
84893,Pranav,Ozery,11/21/62,8/9/01,1/1/99,Engineer
84897,Szabolcs,Gecsei,3/16/62,11/16/86,1/1/99,Senior Staff
84899,Moss,Backhouse,11/23/63,10/5/88,1/1/99,Engineer
84912,Vivian,Adachi,9/23/62,12/16/99,1/1/99,Senior Engineer
84915,Krassimir,Senzako,10/13/62,4/4/95,1/1/99,Senior Staff
84920,Bedir,Uehara,10/9/64,5/2/86,1/1/99,Staff
84922,Parke,Unno,1/22/65,7/1/96,1/1/99,Engineer
84928,DAIDA,Hammerschmidt,8/13/64,11/23/93,1/1/99,Staff
84934,Niclas,Suppi,8/17/64,7/9/90,1/1/99,Engineer
84935,Arnd,Waeselynck,4/4/63,6/30/99,1/1/99,Engineer
84941,Moto,Ghandeharizadeh,10/6/63,6/14/86,1/1/99,Staff
84942,Shin,Fujisaki,1/15/65,2/23/88,1/1/99,Technique Leader
84949,Maris,Eiter,3/11/63,2/6/91,1/1/99,Senior Engineer
84950,Kshitij,Kawashima,8/18/63,1/14/94,1/1/99,Senior Staff
84955,Selwyn,Hoppenstand,3/6/63,12/22/92,1/1/99,Technique Leader
84957,Saniya,Trelles,10/7/63,4/27/87,1/1/99,Senior Staff
84958,Przemyslawa,Foote,10/6/62,3/10/85,1/1/99,Senior Staff
84960,Hyuckchul,Aloia,4/23/62,10/18/99,1/1/99,Engineer
84965,Sudharsan,Magliocco,8/30/64,2/9/88,1/1/99,Staff
84980,Gina,Kushner,12/16/63,10/6/92,1/1/99,Senior Staff
84997,Jiann,Cronin,1/25/63,10/25/98,1/1/99,Staff
85004,Xuedong,Chaudhury,7/21/62,5/7/96,1/1/99,Staff
85014,Zhigen,Chinal,2/11/64,1/4/00,1/1/99,Senior Staff
85032,Shuzo,Furudate,12/20/64,10/29/87,1/1/99,Senior Engineer
85035,Stepehn,Herber,8/4/62,5/26/87,1/1/99,Engineer
85042,Radoslaw,Bashian,1/8/64,5/18/98,1/1/99,Staff
85043,Oksana,Gewali,4/7/62,2/6/98,1/1/99,Engineer
85046,Takanari,Conta,11/6/62,6/24/94,1/1/99,Senior Staff
85050,Gadiel,Vingron,11/13/63,3/6/97,1/1/99,Engineer
85058,Pascal,Underwood,5/21/62,9/5/95,1/1/99,Engineer
85073,Gregory,Kavanagh,1/9/64,6/20/86,1/1/99,Senior Engineer
85084,Khosrow,Baaz,2/1/63,1/17/86,1/1/99,Senior Engineer
85085,Ranga,Khalid,8/9/63,10/4/91,1/1/99,Senior Engineer
85086,Brigham,Furudate,3/27/64,12/6/91,1/1/99,Staff
85090,Eckart,Zucker,10/4/63,7/24/98,1/1/99,Engineer
85099,Collette,Vilarrasa,12/9/63,10/22/88,1/1/99,Staff
85102,Takushi,Fordan,1/14/64,2/12/91,1/1/99,Staff
85105,Stevo,Comyn,6/11/64,12/7/99,1/1/99,Senior Staff
85120,Zeljko,Acton,11/8/63,4/6/95,1/1/99,Engineer
85121,Elvia,Eterovic,6/18/62,11/20/92,1/1/99,Staff
85130,Tristan,Markovitch,11/29/64,8/26/95,1/1/99,Senior Engineer
85135,Yifei,Gluchowski,8/20/63,8/18/88,1/1/99,Technique Leader
85147,Serge,Jakobus,12/30/63,12/2/95,1/1/99,Engineer
85152,Mario,Quaggetto,11/11/63,1/13/97,1/1/99,Engineer
85156,Val,Biran,4/19/63,12/26/91,1/1/99,Staff
85171,Froduald,Landherr,10/28/64,5/3/95,1/1/99,Senior Staff
85176,Rafols,Knightly,7/22/62,8/14/85,1/1/99,Senior Staff
85177,Billie,Kleiser,11/6/64,12/31/95,1/1/99,Senior Staff
85181,Wayne,Stranks,10/5/64,4/18/90,1/1/99,Senior Engineer
85182,Sugwoo,Curless,7/27/62,2/22/87,1/1/99,Technique Leader
85187,Nigel,Dayana,5/20/62,11/3/93,1/1/99,Senior Engineer
85191,Sasan,Prampolini,7/16/62,7/30/00,1/1/99,Engineer
85194,Subhada,Sifakis,8/24/62,5/10/86,1/1/99,Staff
85196,Khoa,Unno,12/4/64,8/30/91,1/1/99,Senior Staff
85203,Joydip,Lenart,8/13/62,7/2/94,1/1/99,Senior Staff
85205,Conor,Streit,12/26/62,5/21/86,1/1/99,Staff
85209,Herbert,Markovitch,4/5/62,4/7/90,1/1/99,Staff
85216,Ferdinand,Rosiles,1/18/65,7/8/97,1/1/99,Senior Staff
85218,Kazunori,Pokrovskii,1/23/64,7/14/89,1/1/99,Staff
85224,Mariusz,Nastansky,6/21/63,12/27/89,1/1/99,Staff
85228,Christoper,Muniz,7/28/62,1/23/00,1/1/99,Staff
85238,Tsz,Peris,4/22/63,11/23/98,1/1/99,Staff
85239,Hisao,Stille,6/18/63,5/22/98,1/1/99,Engineer
85243,Ronghao,Matheson,7/5/62,4/21/92,1/1/99,Senior Staff
85246,Xiaopeng,Pellegrinelli,2/25/62,9/27/87,1/1/99,Technique Leader
85260,Mario,Vickson,10/19/62,8/24/98,1/1/99,Engineer
85274,Maha,Rosin,9/18/64,12/18/91,1/1/99,Staff
85275,Yuriy,Schneeberger,10/24/63,9/25/87,1/1/99,Senior Staff
85280,Pohua,Vieth,10/16/63,5/21/01,1/1/99,Senior Staff
85283,Jackson,Siepmann,2/16/63,4/26/97,1/1/99,Staff
85287,Shahaf,Bodoff,5/21/64,11/20/90,1/1/99,Staff
85288,Younwoo,Luders,1/6/65,12/8/98,1/1/99,Engineer
85299,Leni,Gadepally,6/26/63,10/5/99,1/1/99,Senior Staff
85312,Gladys,Schaap,4/8/62,10/14/94,1/1/99,Engineer
85313,Abdelghani,Luef,10/1/63,8/10/99,1/1/99,Staff
85314,Dmitry,Iisaku,11/20/63,2/28/97,1/1/99,Senior Engineer
85316,Gita,Highland,11/20/64,8/22/89,1/1/99,Senior Engineer
85317,Vidar,Thebaut,9/23/63,12/19/88,1/1/99,Staff
85337,Leucio,Ressouche,4/19/64,6/10/99,1/1/99,Engineer
85343,Flemming,Lamparter,6/11/63,11/2/86,1/1/99,Senior Staff
85346,Gunilla,Kawashimo,2/24/62,4/20/87,1/1/99,Engineer
85349,Guenter,Jeansoulin,8/26/63,3/6/86,1/1/99,Engineer
85357,Mohd,Petereit,6/18/64,2/9/96,1/1/99,Senior Staff
85358,Pranay,Plotkin,5/17/62,5/24/90,1/1/99,Senior Engineer
85362,Tonny,Duclos,9/2/62,2/14/01,1/1/99,Staff
85365,Hideyuki,Alpay,2/11/63,5/5/93,1/1/99,Senior Staff
85369,Munenori,Perna,11/11/62,10/27/90,1/1/99,Engineer
85373,Gennady,Ambroszkiewicz,4/17/64,5/6/97,1/1/99,Staff
85378,Toshimori,Ranka,4/27/63,4/26/87,1/1/99,Senior Engineer
85382,Mang,Matzen,1/1/64,11/14/93,1/1/99,Technique Leader
85386,Utz,Fontan,8/10/64,1/11/93,1/1/99,Engineer
85388,Mats,Kaelbling,10/15/64,10/17/85,1/1/99,Engineer
85395,Kazuhisa,Maksimenko,9/9/63,3/17/87,1/1/99,Senior Staff
85398,Leandro,Cardazo,7/16/64,6/7/94,1/1/99,Staff
85402,Gino,Sadowsky,10/30/64,10/22/95,1/1/99,Staff
85407,Adhemar,Terlouw,11/8/63,2/11/91,1/1/99,Senior Engineer
85409,Krassimir,Schrooten,8/14/64,5/26/85,1/1/99,Assistant Engineer
85414,Chiradeep,Callaway,1/14/65,7/30/99,1/1/99,Staff
85421,Boalin,Sgarro,9/15/64,1/24/93,1/1/99,Senior Staff
85424,Tamiya,Morris,10/8/63,10/29/89,1/1/99,Senior Staff
85427,Branimir,Gewali,5/8/63,10/22/86,1/1/99,Senior Staff
85429,Valeri,Setia,11/20/62,5/28/96,1/1/99,Engineer
85441,Peternela,Ressouche,8/18/64,5/7/85,1/1/99,Senior Staff
85444,Bluma,Wilharm,5/22/63,11/14/94,1/1/99,Engineer
85445,Yongdong,Pollock,1/9/65,3/17/98,1/1/99,Staff
85455,Oscal,Sadowsky,3/20/64,8/21/99,1/1/99,Technique Leader
85460,Eberhardt,Marsiglia,8/1/63,2/4/98,1/1/99,Staff
85465,Goetz,Granlund,6/2/62,4/25/92,1/1/99,Technique Leader
85475,Ulf,Dratva,8/8/64,5/10/89,1/1/99,Staff
85478,Ortrud,Ghandeharizadeh,9/8/64,8/4/90,1/1/99,Staff
85488,Gritta,Atchley,6/15/62,10/14/88,1/1/99,Senior Engineer
85493,Matt,Winter,5/21/64,3/13/89,1/1/99,Staff
85499,Kellyn,Bahi,3/11/63,12/30/96,1/1/99,Staff
85506,Indrajit,Uhrik,12/7/62,3/16/96,1/1/99,Staff
85516,Kamran,Sudkamp,3/12/63,5/3/99,1/1/99,Engineer
85517,Alselm,Terlouw,10/10/64,1/2/96,1/1/99,Senior Staff
85531,Serap,Bolotov,12/4/63,3/15/97,1/1/99,Senior Engineer
85533,Luisa,Luon,7/5/62,8/26/93,1/1/99,Engineer
85536,Navid,Shimshoni,4/30/64,6/9/99,1/1/99,Engineer
85538,Adib,Angelov,1/28/64,10/23/90,1/1/99,Senior Staff
85548,Yolla,Vuskovic,2/24/64,4/15/99,1/1/99,Staff
85550,Gro,Peak,5/7/64,11/12/87,1/1/99,Engineer
85558,Odinaldo,Gelosh,5/13/63,2/26/98,1/1/99,Technique Leader
85560,Uwe,Lambe,4/26/64,9/25/91,1/1/99,Technique Leader
85564,Basem,Baez,11/28/63,4/8/88,1/1/99,Senior Engineer
85567,Vidya,Schiper,8/30/62,7/19/90,1/1/99,Senior Staff
85573,Bowen,Bellmore,7/18/64,1/2/97,1/1/99,Senior Engineer
85580,Moty,Muniz,6/2/63,9/5/88,1/1/99,Engineer
85581,Jaber,Lanphier,11/26/63,6/6/90,1/1/99,Engineer
85592,Moto,Kroft,2/20/62,7/2/98,1/1/99,Staff
85593,Piyawadee,Worfolk,6/27/63,11/14/93,1/1/99,Senior Staff
85602,Henk,Apsitis,1/3/62,11/20/96,1/1/99,Senior Engineer
85603,Supot,Chenney,10/26/63,8/16/01,1/1/99,Senior Engineer
85632,Gudjon,Navazio,3/4/62,6/13/97,1/1/99,Senior Engineer
85643,Gretta,Poehlman,2/1/62,7/8/85,1/1/99,Staff
85650,Chandrasekaran,Strehl,8/14/62,5/8/96,1/1/99,Senior Engineer
85660,Teiji,Veeraraghavan,3/24/63,8/24/01,1/1/99,Staff
85665,Goncalo,Hitomi,5/21/63,5/24/87,1/1/99,Senior Staff
85682,Vidar,Turnbull,5/2/63,5/7/99,1/1/99,Senior Engineer
85691,Kwangyoen,Molberg,11/24/62,12/23/87,1/1/99,Senior Engineer
85701,Babette,Anily,7/16/62,8/22/93,1/1/99,Senior Staff
85702,Udi,Merks,1/4/65,8/15/97,1/1/99,Engineer
85707,Subhash,Gecsei,4/25/63,10/18/97,1/1/99,Staff
85709,Mircea,Grospietsch,1/19/63,1/29/92,1/1/99,Senior Engineer
85713,Sampalli,Zhiwei,7/20/62,4/1/85,1/1/99,Senior Staff
85731,Weiwu,Baba,12/24/63,7/16/91,1/1/99,Senior Staff
85733,Arunas,Braunschweig,11/12/62,4/1/88,1/1/99,Staff
85740,Syozo,Kolinko,3/23/64,11/4/91,1/1/99,Engineer
85744,Bouchung,Papadias,11/3/62,3/5/89,1/1/99,Senior Staff
85751,Selwyn,Madeira,11/5/62,6/13/98,1/1/99,Engineer
85762,Shushma,Blokdijk,6/20/62,6/4/97,1/1/99,Senior Engineer
85763,Zhiguo,Rothenberg,10/17/62,4/30/92,1/1/99,Senior Staff
85765,Zhilian,Anido,7/4/64,9/22/98,1/1/99,Senior Staff
85767,Aleksandar,VanScheik,10/8/63,4/22/00,1/1/99,Staff
85774,Apostol,Leonhardt,9/21/64,8/25/95,1/1/99,Senior Engineer
85778,Bernt,Babb,5/29/63,3/12/91,1/1/99,Senior Staff
85785,Patricio,Heyers,2/9/62,2/14/88,1/1/99,Engineer
85787,Youngkon,Kugler,7/17/62,1/7/89,1/1/99,Senior Engineer
85792,Weicheng,Schrooten,8/9/62,3/10/85,1/1/99,Staff
85793,Manu,Zweizig,10/22/62,9/20/96,1/1/99,Engineer
85798,Constantino,Bottner,8/11/63,4/28/94,1/1/99,Technique Leader
85803,Pasqua,Perez,1/2/64,4/8/99,1/1/99,Engineer
85813,Dines,Swift,9/14/63,1/30/88,1/1/99,Senior Engineer
85817,Danil,Rehfuss,11/30/64,3/3/95,1/1/99,Engineer
85822,Niclas,Zobel,7/15/62,11/16/91,1/1/99,Engineer
85833,Ibibia,Fargier,3/26/64,3/5/85,1/1/99,Senior Engineer
85838,Vishwani,Prenel,3/16/62,10/24/88,1/1/99,Staff
85843,Breannda,Snyers,3/11/62,12/12/98,1/1/99,Staff
85845,Phillip,Poujol,1/8/63,10/13/00,1/1/99,Senior Engineer
85847,Vesna,Demizu,12/7/64,6/18/86,1/1/99,Technique Leader
85848,Xinyu,Gulla,8/23/63,10/20/89,1/1/99,Engineer
85852,Florina,Weedon,9/24/64,6/7/94,1/1/99,Senior Staff
85857,Shigehiro,Plump,4/5/63,3/26/89,1/1/99,Engineer
85864,Sasan,Sidhu,8/9/62,5/6/88,1/1/99,Senior Staff
85867,Vasiliy,Stiles,5/30/64,8/11/01,1/1/99,Staff
85874,Pasqua,Taubman,1/30/65,6/23/86,1/1/99,Senior Staff
85880,Mitchel,Przulj,10/18/64,3/26/94,1/1/99,Engineer
85886,Woody,Ghalwash,5/23/64,1/14/91,1/1/99,Senior Engineer
85890,Luise,Albarhamtoshy,7/20/63,3/15/97,1/1/99,Senior Staff
85893,Barun,Spinelli,11/25/62,10/8/93,1/1/99,Senior Engineer
85900,Yechezkel,Nivat,9/20/64,12/20/87,1/1/99,Senior Engineer
85906,Alagu,Bressoud,12/4/62,12/3/88,1/1/99,Engineer
85915,Pasqua,Carrera,10/24/63,2/25/93,1/1/99,Senior Staff
85925,Premal,Caine,9/30/64,2/16/99,1/1/99,Staff
85931,Hilary,Rosay,11/21/63,12/6/97,1/1/99,Staff
85932,Seongbae,Pramanik,2/27/62,6/14/90,1/1/99,Engineer
85945,Vasilii,Pleszkun,10/5/64,10/10/98,1/1/99,Senior Engineer
85948,Somnath,Valiente,10/20/64,2/6/88,1/1/99,Senior Engineer
85955,Monique,Blokdijk,6/18/63,6/25/91,1/1/99,Staff
85959,Jordanka,Kushner,11/16/62,7/23/98,1/1/99,Staff
85960,Jaber,Tyugu,10/25/64,4/6/89,1/1/99,Senior Staff
85961,Rimli,Neimat,6/27/63,12/28/96,1/1/99,Engineer
85964,Yaghout,Skafidas,1/4/63,7/15/93,1/1/99,Senior Staff
85972,Sadok,Koprowski,7/20/63,11/23/00,1/1/99,Senior Engineer
85974,Adil,Kusalik,9/11/64,12/5/99,1/1/99,Staff
85975,Maja,Lieblein,3/6/63,5/29/89,1/1/99,Senior Staff
85983,Caolyn,Vickson,1/28/62,11/27/99,1/1/99,Senior Engineer
85989,Shooichi,McDermid,8/26/62,7/14/88,1/1/99,Staff
85997,Nimmagadda,Terekhov,5/12/62,7/11/93,1/1/99,Staff
85998,Uma,Lundstrom,10/17/64,2/12/98,1/1/99,Staff
86001,Cathie,Msuda,7/13/64,12/26/92,1/1/99,Senior Staff
86002,Hongzue,Thummel,7/10/64,11/25/86,1/1/99,Staff
86004,Zhigen,Navazio,4/24/63,6/27/93,1/1/99,Engineer
86007,Goo,Koblick,8/24/63,10/1/89,1/1/99,Senior Staff
86009,Narain,Henseler,11/2/62,7/6/89,1/1/99,Senior Engineer
86012,Adil,Rosar,8/19/62,2/25/89,1/1/99,Senior Staff
86015,Erez,Gini,7/27/63,4/17/90,1/1/99,Senior Engineer
86020,Jenwei,Trogemann,3/31/64,6/22/94,1/1/99,Engineer
86021,Leif,Strooper,3/9/62,4/23/95,1/1/99,Staff
86025,Shuky,Middleton,4/21/63,1/8/89,1/1/99,Senior Staff
86030,Berna,Hertweck,11/29/62,6/6/97,1/1/99,Senior Staff
86041,Zhigen,Maquelin,1/31/63,9/9/95,1/1/99,Engineer
86043,Masali,Weedon,4/21/64,9/14/95,1/1/99,Staff
86046,Sachem,Hardjono,2/15/63,5/25/97,1/1/99,Senior Staff
86051,Hatsukazu,Bale,8/2/64,3/30/95,1/1/99,Engineer
86057,Keung,Mayerwieser,3/4/63,6/29/98,1/1/99,Engineer
86059,Goo,Warwick,3/1/64,8/16/88,1/1/99,Staff
86061,Shigeo,Lukaszewicz,7/14/62,10/21/96,1/1/99,Staff
86069,Byong,Himler,2/3/63,6/7/93,1/1/99,Engineer
86090,Shen,Vural,2/26/63,12/24/91,1/1/99,Engineer
86091,Saeko,Wuwongse,2/6/63,6/3/91,1/1/99,Senior Staff
86093,Rosli,Lienhardt,7/21/62,11/18/93,1/1/99,Senior Engineer
86098,Iara,Schaft,8/9/64,5/5/94,1/1/99,Staff
86102,Tuval,Gaughan,7/30/62,6/22/90,1/1/99,Engineer
86104,Ronnie,Greibach,10/9/64,1/17/90,1/1/99,Senior Staff
86105,Guther,Plesums,5/10/62,7/22/87,1/1/99,Staff
86106,Make,Taubenfeld,9/22/64,9/18/92,1/1/99,Senior Engineer
86109,Ugo,Pauthner,5/20/63,12/11/00,1/1/99,Engineer
86115,Shigehiro,Sethi,6/3/63,6/21/95,1/1/99,Engineer
86117,Nishit,Barvinok,1/15/64,5/24/86,1/1/99,Staff
86121,Annemarie,Monkewich,2/27/64,10/7/90,1/1/99,Assistant Engineer
86122,Leah,Ritzmann,4/8/63,6/11/86,1/1/99,Staff
86125,Dines,Hoppenstand,12/27/64,2/2/92,1/1/99,Senior Engineer
86126,Leandro,Heering,3/26/62,8/25/88,1/1/99,Senior Staff
86131,Domenick,Muchinsky,6/25/63,6/19/93,1/1/99,Senior Staff
86137,Marke,Baranowski,10/9/64,8/10/98,1/1/99,Engineer
86141,Frazer,Litzkow,2/9/64,9/27/01,1/1/99,Senior Staff
86144,KayLiang,Trumbly,9/11/64,3/6/85,1/1/99,Senior Staff
86148,Kerryn,Pocchiola,3/30/62,1/17/96,1/1/99,Senior Engineer
86149,Arumugam,DiGiano,5/28/62,6/3/02,1/1/99,Senior Engineer
86161,Mats,Vernadat,3/26/62,7/23/85,1/1/99,Engineer
86163,Aksel,Wolniewicz,9/10/63,8/29/88,1/1/99,Senior Staff
86167,Zissis,Albarhamtoshy,11/8/63,4/24/97,1/1/99,Senior Engineer
86169,Taegyun,Linares,9/12/63,8/4/99,1/1/99,Senior Staff
86172,Mark,Ernst,3/16/63,4/13/90,1/1/99,Senior Staff
86173,Guangming,Sidje,2/9/64,8/1/85,1/1/99,Senior Staff
86176,Hyuncheol,Gunderson,12/12/63,10/9/00,1/1/99,Senior Staff
86182,Denis,Peres,1/25/62,5/9/96,1/1/99,Senior Engineer
86187,Frederique,Ossenbruggen,6/20/64,11/20/01,1/1/99,Staff
86188,Kiam,Masaki,8/19/62,11/21/88,1/1/99,Engineer
86194,Lubomir,Borovoy,5/28/64,1/10/94,1/1/99,Staff
86200,Danel,Thummel,11/18/64,1/17/96,1/1/99,Senior Staff
86202,Zine,Speer,6/24/64,4/2/90,1/1/99,Technique Leader
86209,Hsiangchu,Salvesen,4/9/64,11/4/86,1/1/99,Senior Engineer
86213,Kristine,Clemencon,1/28/65,6/1/93,1/1/99,Senior Staff
86223,Kaijung,Peroz,7/3/64,4/29/95,1/1/99,Senior Engineer
86234,Rosella,Luef,9/20/64,11/7/94,1/1/99,Engineer
86235,Xiaoheng,Gils,8/8/63,1/6/00,1/1/99,Staff
86238,Masasuke,Skrikant,9/18/62,10/8/97,1/1/99,Engineer
86240,Noritoshi,Bernardinello,5/23/63,4/11/99,1/1/99,Staff
86243,Renee,Peroz,4/6/64,11/30/90,1/1/99,Senior Engineer
86250,Nakhoon,Weedman,12/2/63,12/26/85,1/1/99,Senior Engineer
86259,Yongmin,Atchley,3/31/62,12/4/89,1/1/99,Engineer
86260,Aruna,Hartvigsen,12/31/64,4/26/94,1/1/99,Engineer
86263,Indrajit,Alpin,12/4/63,4/23/92,1/1/99,Senior Engineer
86264,Bouchung,Butterworth,10/13/62,10/3/90,1/1/99,Staff
86273,Tsuneo,Pramanik,2/12/64,9/24/88,1/1/99,Engineer
86274,Gila,Valtorta,1/4/63,6/24/93,1/1/99,Senior Staff
86280,Mads,Heyers,10/18/63,11/23/93,1/1/99,Senior Engineer
86291,Kerhong,Bashian,11/3/63,7/15/88,1/1/99,Senior Engineer
86294,Heather,Jumpertz,7/23/62,8/3/90,1/1/99,Senior Staff
86313,Toshiko,Fairtlough,10/29/63,8/23/98,1/1/99,Senior Engineer
86314,Shai,Schade,7/16/63,1/1/92,1/1/99,Senior Staff
86316,Manu,Benaini,7/31/64,5/11/87,1/1/99,Assistant Engineer
86317,Shugo,Muchinsky,8/16/63,8/17/90,1/1/99,Senior Staff
86320,Gao,Salinas,2/14/62,8/21/94,1/1/99,Senior Staff
86323,Tadahiro,Peak,9/13/63,5/17/98,1/1/99,Staff
86326,Satyanarayana,Neiman,10/18/63,12/10/97,1/1/99,Staff
86330,Tesuya,Shumilov,5/28/62,5/16/90,1/1/99,Senior Engineer
86334,Kwun,Cappelletti,12/20/64,9/9/85,1/1/99,Senior Staff
86335,Xinan,Bierbaum,9/26/64,2/17/93,1/1/99,Senior Staff
86344,Mingsen,Berztiss,12/29/62,12/17/88,1/1/99,Engineer
86348,Jouni,Mitzlaff,12/2/63,7/9/91,1/1/99,Assistant Engineer
86352,Masamitsu,Gien,3/6/64,10/26/99,1/1/99,Staff
86354,Ronghao,Segond,1/27/65,9/13/93,1/1/99,Senior Engineer
86358,Yagil,Quadeer,12/28/64,4/10/92,1/1/99,Senior Engineer
86375,Sergi,Swist,12/16/63,4/10/92,1/1/99,Senior Engineer
86376,Nadjib,Narahari,12/16/64,3/1/99,1/1/99,Staff
86378,Arvin,Qiwen,8/10/63,3/6/91,1/1/99,Staff
86379,Keiichiro,Sudkamp,11/25/64,12/18/88,1/1/99,Senior Engineer
86384,Gaetan,Fioravanti,1/19/62,12/30/96,1/1/99,Senior Staff
86389,Francesca,Takkinen,4/13/64,7/17/00,1/1/99,Senior Staff
86390,Guoxiang,Conte,7/27/64,4/29/91,1/1/99,Senior Staff
86396,Hongzue,Lagarias,4/3/64,12/19/89,1/1/99,Technique Leader
86400,Zhenhua,Jansch,11/5/62,1/17/98,1/1/99,Engineer
86406,Uwe,Thambidurai,9/24/64,7/21/93,1/1/99,Engineer
86407,Huai,Ramalingam,3/18/64,5/6/95,1/1/99,Senior Engineer
86411,Pascal,Delgrossi,11/10/62,3/4/90,1/1/99,Senior Staff
86417,Arch,Siprelle,2/15/63,4/3/93,1/1/99,Senior Staff
86420,Chikako,Benantar,9/22/63,3/6/87,1/1/99,Technique Leader
86422,Jaewon,Thummel,2/1/65,9/14/85,1/1/99,Staff
86431,Ziyad,Falck,8/31/64,12/27/88,1/1/99,Engineer
86433,Deniz,Bennis,10/28/62,2/6/89,1/1/99,Staff
86435,Amstein,Eppinger,7/26/63,8/19/93,1/1/99,Senior Engineer
86457,Chuanti,Wrigley,4/18/63,5/16/00,1/1/99,Senior Staff
86458,Filipe,Heuser,12/18/63,2/14/95,1/1/99,Senior Engineer
86470,Dipankar,Barreiro,4/15/64,12/4/99,1/1/99,Engineer
86472,Jouko,Swift,6/20/64,10/13/89,1/1/99,Technique Leader
86484,Ronghao,Sidou,12/24/62,10/6/99,1/1/99,Engineer
86488,Shigeichiro,Swen,10/9/62,2/8/90,1/1/99,Staff
86498,Sariel,Skogmar,8/13/62,4/6/88,1/1/99,Senior Staff
86500,Deniz,Lieblein,10/7/64,9/7/98,1/1/99,Technique Leader
86506,Genta,Hitomi,1/21/63,4/3/97,1/1/99,Engineer
86508,Gaetan,Bugrara,10/10/64,4/14/89,1/1/99,Engineer
86509,Jeane,Luga,5/11/63,2/3/95,1/1/99,Senior Staff
86512,Anyuan,Fordan,12/8/64,4/28/85,1/1/99,Senior Staff
86531,Boaz,Belinskaya,5/30/63,3/29/94,1/1/99,Staff
86532,Nagui,Sigstam,8/12/63,5/26/93,1/1/99,Engineer
86535,Chirstian,Gomatam,3/20/64,4/17/97,1/1/99,Assistant Engineer
86545,Gunilla,Swick,8/1/63,5/30/92,1/1/99,Senior Engineer
86546,Oldrich,Woycyznski,1/9/65,5/15/85,1/1/99,Engineer
86547,Tsz,Greibach,6/29/63,6/28/89,1/1/99,Engineer
86550,Inderjeet,Kohling,10/13/62,12/23/94,1/1/99,Technique Leader
86566,Kristina,Peek,9/18/62,6/20/90,1/1/99,Engineer
86567,Janalee,DasSarma,4/23/62,7/25/96,1/1/99,Engineer
86577,Shaz,Wegerle,7/8/63,12/22/95,1/1/99,Senior Staff
86583,Haldun,Lenart,9/28/63,10/1/85,1/1/99,Staff
86588,Kazuhide,Vecchi,11/1/64,7/27/93,1/1/99,Staff
86589,Alain,Remmers,12/3/62,2/29/96,1/1/99,Staff
86598,Fatemeh,Wendorf,9/14/62,3/25/94,1/1/99,Engineer
86601,Marjo,Erde,5/6/63,7/12/87,1/1/99,Technique Leader
86613,Charmane,Heijenga,4/16/63,5/31/98,1/1/99,Staff
86615,Arup,Sigstam,12/13/63,3/9/86,1/1/99,Technique Leader
86620,Petter,Lukaszewicz,4/27/63,4/24/85,1/1/99,Senior Staff
86623,Hugh,Perez,2/10/62,11/24/99,1/1/99,Staff
86649,Yuuichi,Lorho,5/2/64,7/17/86,1/1/99,Senior Staff
86655,Zhenhua,Lorys,1/1/65,8/21/95,1/1/99,Engineer
86656,Valeri,Berendt,4/28/63,4/11/92,1/1/99,Engineer
86658,Murthy,Zongker,7/19/63,8/6/90,1/1/99,Engineer
86659,Kousuke,Shobatake,7/3/62,7/27/87,1/1/99,Senior Engineer
86660,Stabislas,Steenbeek,6/6/62,9/24/96,1/1/99,Assistant Engineer
86663,Odoardo,Qiwen,2/18/62,10/27/90,1/1/99,Assistant Engineer
86669,Deniz,Stroustrup,3/9/62,1/6/91,1/1/99,Senior Engineer
86672,JoAnne,Anido,1/15/65,9/15/95,1/1/99,Staff
86673,Petter,Kampfer,7/28/62,10/19/89,1/1/99,Staff
86677,Mingdong,Marsiglia,5/6/62,6/10/85,1/1/99,Engineer
86679,Chaitali,Gargeya,7/9/64,10/1/98,1/1/99,Engineer
86681,Huan,Rebaine,6/14/63,11/7/89,1/1/99,Senior Staff
86683,Maik,Kulisch,10/3/63,9/28/89,1/1/99,Engineer
86686,Shahaf,Bellmore,10/8/64,10/5/89,1/1/99,Staff
86689,Shiv,Jayawardene,1/15/62,5/18/87,1/1/99,Engineer
86705,Bernt,Zeilberger,7/20/62,7/25/97,1/1/99,Senior Engineer
86707,Luise,Showalter,6/8/63,12/12/87,1/1/99,Engineer
86709,Junsik,Uhrik,5/17/63,2/7/85,1/1/99,Technique Leader
86714,Taisook,Vesel,1/18/63,7/23/89,1/1/99,Engineer
86716,Palash,Fujisawa,11/2/63,2/10/92,1/1/99,Senior Staff
86718,Stabislas,Pollacia,5/15/64,12/9/97,1/1/99,Staff
86724,Shirish,Tibblin,7/28/62,12/7/87,1/1/99,Staff
86729,Lijie,Rodite,7/23/63,9/16/85,1/1/99,Senior Staff
86739,Takahiro,Marwedel,3/5/62,7/30/97,1/1/99,Engineer
86741,Laurentiu,Danlos,11/27/62,2/16/93,1/1/99,Senior Staff
86744,Itzchak,Copas,3/24/62,12/21/98,1/1/99,Staff
86748,Neelam,Bernatsky,10/10/63,3/2/92,1/1/99,Engineer
86752,Danai,Carrere,5/1/62,5/23/99,1/1/99,Engineer
86755,Jouni,Zeilberger,3/3/62,11/11/96,1/1/99,Staff
86762,Tsvetan,Gluchowski,5/21/63,5/15/92,1/1/99,Senior Staff
86764,Jouko,Zeleznik,8/23/62,5/12/93,1/1/99,Engineer
86775,Fabrizio,Goldhammer,8/4/63,2/1/88,1/1/99,Staff
86782,Hitomi,Hasenauer,7/14/64,11/12/87,1/1/99,Technique Leader
86783,Girolamo,Ermel,5/16/62,3/22/99,1/1/99,Engineer
86786,Navin,Polajnar,2/20/64,4/7/96,1/1/99,Engineer
86787,Limsoon,Baig,9/2/62,8/11/99,1/1/99,Senior Engineer
86797,Christophe,Farrel,9/17/63,8/2/90,1/1/99,Senior Staff
86799,Alselm,Falco,7/25/62,9/26/90,1/1/99,Senior Staff
86806,Xiaoqiang,Hempstead,9/5/63,10/19/98,1/1/99,Staff
86808,Mircea,Bratsberg,9/22/62,2/20/86,1/1/99,Senior Staff
86818,Valeri,Awdeh,5/9/62,6/16/91,1/1/99,Assistant Engineer
86820,Berry,Munke,2/9/63,8/17/90,1/1/99,Engineer
86837,Serge,Hitomi,3/18/63,11/3/94,1/1/99,Senior Staff
86843,Changho,Mahnke,5/22/63,12/16/91,1/1/99,Senior Staff
86844,Dannz,Iwayama,10/22/62,11/27/87,1/1/99,Engineer
86845,Syozo,Hambrick,8/2/63,2/18/97,1/1/99,Senior Engineer
86846,Limsoon,Borstler,5/15/62,2/24/96,1/1/99,Staff
86847,Reinhard,Bennet,12/25/62,12/9/93,1/1/99,Senior Staff
86849,Kiam,Piveteau,7/24/62,4/17/98,1/1/99,Staff
86860,Annemarie,Fasbender,4/3/63,8/29/95,1/1/99,Senior Staff
86866,Chenxi,Stranks,9/24/64,9/11/96,1/1/99,Staff
86868,Nakhoon,Felcyn,1/3/63,3/21/90,1/1/99,Staff
86870,Gor,Syrzycki,7/16/64,3/27/89,1/1/99,Senior Staff
86872,Wanqing,Gecsel,3/26/64,5/3/96,1/1/99,Senior Engineer
86875,Arie,Encarnacion,6/17/64,10/15/89,1/1/99,Senior Engineer
86880,Yakichi,Fontet,7/16/62,7/2/89,1/1/99,Senior Engineer
86882,Vugranam,Rissland,1/4/63,7/4/91,1/1/99,Engineer
86890,Atilio,Langford,12/18/64,4/1/86,1/1/99,Senior Staff
86891,Sanjay,Baca,10/10/62,4/21/95,1/1/99,Senior Staff
86896,Lansing,Kleiser,4/6/64,6/1/99,1/1/99,Engineer
86902,Nadjib,Piancastelli,7/11/64,12/24/89,1/1/99,Senior Staff
86903,Charlene,Barbanera,5/12/64,6/23/94,1/1/99,Senior Staff
86908,Yoshimitsu,Deville,11/1/62,1/3/99,1/1/99,Senior Staff
86912,Yakkov,Debuse,12/31/63,10/4/96,1/1/99,Staff
86918,Ranan,Delgrossi,1/19/62,5/2/91,1/1/99,Senior Engineer
86924,Kenroku,Stellhorn,4/27/63,1/15/88,1/1/99,Senior Engineer
86926,Yolla,Plumb,4/24/63,7/17/93,1/1/99,Senior Engineer
86929,Tsuneo,Melton,3/1/62,11/25/94,1/1/99,Senior Engineer
86932,Pragnesh,Backhouse,11/21/62,8/27/99,1/1/99,Engineer
86939,Oscar,Dusink,12/6/64,10/27/88,1/1/99,Engineer
86945,Chenyi,Chvatal,9/17/64,3/18/91,1/1/99,Engineer
86950,Jixiang,Lanzelotte,8/2/63,1/25/93,1/1/99,Senior Engineer
86958,Lijia,Petersohn,10/9/62,11/18/87,1/1/99,Senior Engineer
86959,Jessie,Billawala,4/14/64,11/14/86,1/1/99,Senior Staff
86961,Augustine,Gubsky,7/27/63,9/12/85,1/1/99,Assistant Engineer
86965,Feixiong,Luit,2/4/62,12/3/99,1/1/99,Staff
86975,Danco,Khamsi,10/25/63,8/22/99,1/1/99,Staff
86976,Yefim,Spataro,10/7/63,1/12/92,1/1/99,Senior Engineer
86983,Iara,Liesche,3/19/63,7/11/00,1/1/99,Senior Staff
86985,Maren,Hellwagner,6/24/64,9/15/89,1/1/99,Staff
86987,Breannda,Asmuth,6/8/63,12/25/97,1/1/99,Staff
86996,Kwan,Tasistro,1/20/64,2/2/88,1/1/99,Staff
86997,Nitsan,Lund,11/12/62,3/27/93,1/1/99,Senior Staff
86998,Eran,Garrabrants,1/3/64,12/11/94,1/1/99,Engineer
86999,Steve,Rikino,5/20/63,9/27/85,1/1/99,Senior Staff
87004,Anneke,Siochi,3/19/64,1/13/86,1/1/99,Staff
87010,Janche,Birch,5/17/63,10/2/01,1/1/99,Senior Engineer
87031,Marjo,Fiutem,1/6/63,4/9/91,1/1/99,Senior Staff
87037,Ohad,Picaronny,3/23/62,6/7/00,1/1/99,Senior Staff
87040,Panayotis,Basawa,2/24/62,10/31/93,1/1/99,Senior Staff
87045,Moti,Camarinopoulos,2/23/62,12/30/94,1/1/99,Engineer
87048,Shim,Katalagarianos,2/13/62,2/4/01,1/1/99,Senior Staff
87051,Saniya,Levergood,2/26/64,11/23/87,1/1/99,Senior Staff
87052,Akeel,Greibach,12/25/64,3/3/96,1/1/99,Senior Staff
87065,Yagil,Kalorkoti,7/29/62,6/17/91,1/1/99,Senior Staff
87069,Hidekazu,Pocchiola,9/13/64,11/26/90,1/1/99,Senior Staff
87071,Mrinalini,Tzvieli,2/18/63,2/19/98,1/1/99,Engineer
87087,Guozhong,Alpin,3/23/64,7/9/95,1/1/99,Senior Staff
87089,Collette,Pfau,3/20/63,2/28/96,1/1/99,Engineer
87093,Cullen,Versino,9/19/63,2/10/91,1/1/99,Engineer
87098,Kousuke,Selvestrel,9/26/62,11/18/99,1/1/99,Engineer
87103,Kersti,Heping,4/24/62,6/9/99,1/1/99,Senior Staff
87111,Niteen,Schapiro,9/12/64,4/21/99,1/1/99,Engineer
87112,Haldon,Kieras,7/12/62,3/13/97,1/1/99,Assistant Engineer
87114,Nimmagadda,Birke,11/20/62,9/14/95,1/1/99,Senior Engineer
87120,Patricia,Panwar,8/6/62,1/27/93,1/1/99,Engineer
87129,Keung,Neiman,1/16/65,4/13/97,1/1/99,Staff
87131,Masami,Raoux,12/29/62,3/2/94,1/1/99,Engineer
87142,Reinhold,Zeidenstein,10/20/63,6/8/92,1/1/99,Senior Engineer
87150,Yuuichi,Morrin,11/24/63,6/22/97,1/1/99,Engineer
87159,Lijia,Swist,11/30/63,10/17/88,1/1/99,Staff
87166,Kazuhira,Bednarek,1/26/63,1/26/99,1/1/99,Senior Engineer
87169,Fumitake,Milicic,8/15/63,12/16/88,1/1/99,Senior Staff
87171,Reinhard,Portugali,4/1/63,6/1/87,1/1/99,Senior Staff
87173,Rafols,Uhrig,7/21/62,9/7/94,1/1/99,Senior Staff
87177,Doohun,Gladwell,8/31/64,11/15/97,1/1/99,Senior Engineer
87189,Atreye,Rijckaert,12/15/62,8/2/92,1/1/99,Engineer
87190,Tran,Perl,9/5/64,11/19/87,1/1/99,Staff
87198,Gro,Pezzoli,5/1/62,4/17/91,1/1/99,Assistant Engineer
87203,Kazuhisa,Makrucki,10/12/63,6/8/95,1/1/99,Staff
87205,Fabrizio,Rothenberg,7/14/63,3/2/97,1/1/99,Senior Engineer
87209,Mrinalini,Dehkordi,7/27/64,1/2/97,1/1/99,Engineer
87213,Leszek,Perz,5/30/62,1/7/00,1/1/99,Engineer
87219,Maik,Danley,9/26/62,9/3/85,1/1/99,Senior Staff
87220,Shay,Kuzuoka,8/31/63,11/1/90,1/1/99,Engineer
87226,Gio,Veccia,9/23/64,4/26/99,1/1/99,Staff
87230,Krister,Mitina,10/12/62,10/5/86,1/1/99,Staff
87231,Danco,Salinas,4/23/64,12/27/88,1/1/99,Engineer
87237,Xinan,Rohrbach,11/6/64,3/4/92,1/1/99,Senior Engineer
87239,Gritta,Haraldson,3/7/63,1/2/96,1/1/99,Staff
87243,Poornachandra,Ciolek,2/15/62,1/30/90,1/1/99,Senior Engineer
87250,Torsten,Rodham,11/25/63,4/4/88,1/1/99,Engineer
87251,Theirry,Molenaar,1/12/63,12/10/87,1/1/99,Staff
87256,Jovan,Gulik,6/18/62,10/19/88,1/1/99,Staff
87257,Martina,Kakkad,8/10/62,6/4/85,1/1/99,Engineer
87258,Phillip,Compeau,4/14/62,12/19/93,1/1/99,Engineer
87264,Malu,Rullman,1/15/63,6/24/91,1/1/99,Assistant Engineer
87268,Susanna,Junot,7/20/64,3/10/96,1/1/99,Senior Staff
87270,Fumitake,Pollacia,9/26/62,2/22/99,1/1/99,Engineer
87280,Rosita,Carrere,1/17/62,6/17/00,1/1/99,Technique Leader
87282,Uwe,Caine,11/22/63,10/15/96,1/1/99,Staff
87286,Lena,Decaestecker,1/5/62,4/14/91,1/1/99,Staff
87290,DeForest,Reghbati,7/9/64,12/9/99,1/1/99,Senior Engineer
87304,Taegyun,Bail,10/4/62,6/24/85,1/1/99,Senior Staff
87310,Claude,Tokunaga,1/29/63,11/24/94,1/1/99,Staff
87316,Minghong,Covnot,12/28/64,6/12/88,1/1/99,Senior Staff
87318,Irena,Masand,7/11/62,8/30/95,1/1/99,Staff
87331,Aron,Ramamoorthy,12/27/64,6/17/98,1/1/99,Engineer
87340,Arra,Sidhu,10/8/64,12/19/95,1/1/99,Senior Engineer
87353,Quingbo,Coombs,1/7/65,1/17/99,1/1/99,Senior Engineer
87368,Nevin,Matheson,2/22/63,2/12/94,1/1/99,Senior Staff
87369,Cheong,Merlo,10/13/64,6/13/90,1/1/99,Engineer
87373,Odoardo,Percebois,5/21/62,4/20/91,1/1/99,Staff
87378,Genta,Hiraishi,5/12/63,7/25/89,1/1/99,Senior Engineer
87381,Oscar,Marrevee,9/27/64,2/5/90,1/1/99,Senior Staff
87383,Sreekrishna,Marshall,4/12/64,9/14/93,1/1/99,Staff
87387,Sachar,Picht,11/25/64,4/7/95,1/1/99,Engineer
87389,Tran,Talmor,8/26/64,6/29/94,1/1/99,Senior Engineer
87390,Zhiguo,Alblas,11/3/63,5/12/91,1/1/99,Senior Engineer
87398,Arve,Selvestrel,7/14/63,9/27/90,1/1/99,Senior Staff
87399,Margareta,Shinomoto,7/1/62,7/17/98,1/1/99,Engineer
87404,Jiakeng,Ratnaker,3/5/62,2/27/96,1/1/99,Senior Engineer
87411,Volkmar,Hofmeyr,6/1/64,7/10/92,1/1/99,Staff
87419,Nakhoon,Yeung,8/15/62,3/8/90,1/1/99,Staff
87425,Theirry,Junet,4/23/64,9/27/86,1/1/99,Staff
87432,Hidde,Kabayashi,10/27/62,12/6/95,1/1/99,Staff
87443,Feipei,Gargeya,3/20/62,5/4/98,1/1/99,Staff
87455,Shan,Mahnke,2/7/64,10/6/99,1/1/99,Staff
87456,Bojan,Shinomoto,3/21/62,12/26/91,1/1/99,Staff
87463,Shigeichiro,Hiroyama,5/21/62,11/21/00,1/1/99,Senior Engineer
87464,Aron,Sommer,3/23/62,10/13/99,1/1/99,Engineer
87465,Hsiangchu,Khamsi,8/7/62,2/22/91,1/1/99,Staff
87481,Yuriy,Tsunoo,2/13/62,3/4/91,1/1/99,Engineer
87499,Paraskevi,Kroon,11/1/63,4/11/92,1/1/99,Engineer
87502,Mizuhito,Anido,2/21/63,6/12/94,1/1/99,Senior Engineer
87506,Ramzi,Schneeberger,5/26/62,12/4/89,1/1/99,Engineer
87513,Rasikan,Alencar,5/5/63,7/2/97,1/1/99,Technique Leader
87520,Geraldo,Wolniewicz,3/14/62,1/4/86,1/1/99,Senior Staff
87529,Danil,Marrakchi,12/4/64,8/6/92,1/1/99,Senior Engineer
87532,Aimee,Mateescu,9/23/62,11/19/93,1/1/99,Engineer
87539,Sverrir,Stifter,7/30/62,2/13/01,1/1/99,Staff
87547,Zsolt,Terkki,2/6/64,11/23/96,1/1/99,Assistant Engineer
87549,Xinglin,Fargier,3/10/64,2/18/92,1/1/99,Senior Staff
87552,Zito,Conti,12/13/64,10/9/95,1/1/99,Staff
87557,Mohua,Gniady,3/29/64,11/24/97,1/1/99,Staff
87558,Ingemar,Rijckaert,2/25/64,4/20/88,1/1/99,Staff
87563,Van,Halloran,5/13/64,9/3/86,1/1/99,Senior Engineer
87564,Arve,Lipner,10/11/64,1/11/92,1/1/99,Senior Engineer
87567,Diederik,Kavanagh,7/3/64,5/24/01,1/1/99,Staff
87571,Kotesh,Schmezko,5/13/63,3/21/97,1/1/99,Engineer
87573,Tsvetan,Yavatkar,2/17/64,12/5/91,1/1/99,Senior Staff
87575,Menkae,Sadowski,8/2/62,8/28/86,1/1/99,Engineer
87583,Mads,Shigei,3/31/63,11/17/85,1/1/99,Senior Staff
87584,Gen,Cooke,12/3/63,9/3/99,1/1/99,Staff
87589,Arlette,Armand,7/13/64,12/31/95,1/1/99,Senior Engineer
87592,Renny,Solovay,3/8/62,2/20/86,1/1/99,Engineer
87593,Bingning,Chorvat,10/17/64,4/23/92,1/1/99,Senior Staff
87614,Debaprosad,Bolotov,7/25/64,5/6/99,1/1/99,Senior Engineer
87617,Howell,Picel,3/8/62,9/23/95,1/1/99,Senior Staff
87623,Parto,Pargas,5/2/62,11/28/89,1/1/99,Staff
87625,Adly,Kalefeld,12/9/64,8/20/92,1/1/99,Senior Engineer
87630,Jeong,Kabayashi,9/20/62,5/31/93,1/1/99,Staff
87646,Gopalakrishnan,Matheson,8/8/64,6/15/99,1/1/99,Staff
87665,Suzette,Panwar,8/21/64,5/21/95,1/1/99,Senior Staff
87667,Shir,Hofmeyr,11/12/64,12/12/94,1/1/99,Staff
87670,Rasiah,Beznosov,11/6/63,11/2/93,1/1/99,Engineer
87676,Martial,Mitchem,5/28/63,4/9/97,1/1/99,Staff
87683,Shigenori,Stanfel,4/18/62,10/16/95,1/1/99,Staff
87694,Przemyslawa,Pietrzykowski,7/28/63,4/1/90,1/1/99,Technique Leader
87698,Yishai,Bratten,7/24/62,11/20/89,1/1/99,Senior Staff
87704,Hitofumi,Ratnaker,11/18/63,11/14/96,1/1/99,Senior Staff
87712,Bingning,Beutelspacher,1/11/63,3/2/01,1/1/99,Senior Engineer
87714,Khun,Janetzko,1/16/65,9/13/89,1/1/99,Engineer
87721,Deborah,Liesche,3/29/64,5/20/97,1/1/99,Staff
87727,Heeju,Picci,4/19/62,2/3/93,1/1/99,Staff
87729,Yongmin,Roccetti,1/24/65,12/10/86,1/1/99,Staff
87734,Poorav,Condotta,7/14/62,11/19/95,1/1/99,Senior Engineer
87735,Gilbert,Gist,4/9/64,1/17/90,1/1/99,Engineer
87736,Sachem,Salverda,3/17/64,8/29/99,1/1/99,Staff
87744,Masaru,Marshall,3/3/64,4/4/99,1/1/99,Engineer
87748,Evgueni,Neimat,6/6/63,3/7/97,1/1/99,Staff
87749,Susumu,Penz,12/26/64,10/22/87,1/1/99,Staff
87758,Aleksandar,Yamaashi,4/18/64,1/17/90,1/1/99,Senior Staff
87759,Geoff,Ibel,3/2/62,8/23/97,1/1/99,Staff
87760,Ravishankar,Christianini,12/30/63,1/5/02,1/1/99,Senior Staff
87772,Wayne,Ramalingam,3/22/63,5/29/86,1/1/99,Senior Staff
87774,Zhigen,Copas,9/21/63,9/10/85,1/1/99,Senior Engineer
87777,Brewster,Stavenow,12/16/63,2/25/99,1/1/99,Staff
87782,Fox,Willoner,4/17/63,12/26/96,1/1/99,Engineer
87783,Conor,Thorensen,1/26/65,2/24/88,1/1/99,Senior Engineer
87787,Shin,Luca,4/16/64,2/28/93,1/1/99,Senior Staff
87791,Oldrich,Sambasivam,9/24/62,7/19/99,1/1/99,Staff
87799,Eran,Marchesini,7/2/62,8/21/98,1/1/99,Staff
87808,Yucai,Wrigley,11/3/62,8/30/94,1/1/99,Staff
87811,Shin,Mandelberg,6/12/63,6/12/92,1/1/99,Senior Engineer
87813,Martins,Sinitsyn,6/16/63,4/8/95,1/1/99,Engineer
87817,Bikash,Kermarrec,8/28/62,8/30/95,1/1/99,Technique Leader
87818,Takahito,Merkl,12/29/64,8/20/85,1/1/99,Engineer
87825,Chandrasekaran,Fasbender,4/16/63,10/17/93,1/1/99,Engineer
87826,Domenick,Lienhardt,6/19/64,9/13/87,1/1/99,Assistant Engineer
87830,Monique,Birge,3/27/64,8/11/95,1/1/99,Staff
87831,Peternela,Ravishankar,12/31/63,3/28/89,1/1/99,Staff
87837,Ronghao,Bahl,5/10/62,12/14/94,1/1/99,Senior Staff
87839,Aluzio,Murtagh,1/24/64,2/1/91,1/1/99,Senior Engineer
87847,Arif,Sessa,8/8/63,10/15/90,1/1/99,Senior Staff
87854,Dietrich,Braunschweig,6/27/62,9/12/95,1/1/99,Engineer
87858,Leni,Giaccio,1/9/62,10/23/89,1/1/99,Engineer
87871,Teunis,Tanemo,6/8/62,10/9/96,1/1/99,Engineer
87879,Adib,Vural,1/31/62,7/29/86,1/1/99,Senior Engineer
87880,Mohua,Bardell,7/17/62,12/25/92,1/1/99,Staff
87882,Denny,Ruther,4/26/64,4/6/87,1/1/99,Senior Staff
87884,Huei,DuCasse,8/15/63,10/8/94,1/1/99,Senior Engineer
87887,Sumali,Vanwelkenhuysen,3/10/64,10/1/89,1/1/99,Senior Engineer
87888,Percy,Makrucki,10/15/64,1/21/87,1/1/99,Senior Staff
87890,Geoff,Gniady,1/1/62,1/28/91,1/1/99,Staff
87898,Zita,Chaudhury,6/28/63,7/13/96,1/1/99,Staff
87901,Amabile,Zschoche,4/29/63,3/18/86,1/1/99,Senior Staff
87904,Xuejun,Assaf,4/18/64,12/24/86,1/1/99,Senior Staff
87911,Duke,Harllee,4/24/64,9/22/94,1/1/99,Senior Staff
87921,Godehard,Sinitsyn,6/24/64,7/14/87,1/1/99,Technique Leader
87924,Uma,Bahk,5/9/62,4/15/99,1/1/99,Staff
87926,Sorina,Rodite,4/13/63,3/12/98,1/1/99,Senior Staff
87932,Ishfaq,Hennebert,2/26/62,10/15/97,1/1/99,Staff
87934,Jeanne,Thorelli,8/13/64,10/10/97,1/1/99,Technique Leader
87935,Nidapan,Zucker,2/22/63,10/19/85,1/1/99,Staff
87939,Kellie,Spelt,11/14/64,1/14/92,1/1/99,Technique Leader
87940,Chinho,Spinelli,9/11/63,2/12/87,1/1/99,Staff
87946,Basant,Ballarin,3/21/62,9/1/87,1/1/99,Senior Staff
87949,Khaled,Leaver,1/26/62,4/30/92,1/1/99,Technique Leader
87963,Moheb,Munch,8/26/62,12/5/93,1/1/99,Engineer
87966,Kayoko,Munos,7/25/62,11/26/89,1/1/99,Senior Engineer
87971,Giap,Nyanchama,12/26/62,7/26/90,1/1/99,Senior Engineer
87985,Susanna,Gewali,5/18/63,8/22/87,1/1/99,Staff
87998,Yunming,Gruenwald,10/13/62,3/14/92,1/1/99,Staff
88024,Sushant,Buchter,9/26/62,1/18/97,1/1/99,Technique Leader
88029,Temple,Matzat,6/10/64,5/30/93,1/1/99,Senior Engineer
88030,Phule,Perly,1/16/63,9/29/89,1/1/99,Senior Staff
88043,Jacqueline,Fabrizio,12/25/64,1/1/93,1/1/99,Senior Engineer
88046,Hinrich,Demke,11/14/63,9/27/86,1/1/99,Assistant Engineer
88051,Shrikanth,Mitina,2/11/64,7/11/94,1/1/99,Senior Staff
88052,Ravishankar,Luke,7/13/62,12/16/98,1/1/99,Senior Engineer
88056,Alois,Seiwald,8/18/63,4/17/95,1/1/99,Senior Staff
88061,Diederik,Rajaraman,5/13/63,5/3/01,1/1/99,Senior Engineer
88063,Kellie,Mundy,11/7/64,5/16/87,1/1/99,Senior Engineer
88067,Jeane,Hasenauer,12/21/63,3/7/86,1/1/99,Senior Engineer
88069,Aiichiro,Matzel,10/20/64,5/2/93,1/1/99,Senior Engineer
88075,Elgin,Demir,10/21/63,11/22/94,1/1/99,Engineer
88077,Petter,Nishimukai,6/25/64,2/28/98,1/1/99,Senior Staff
88082,Marke,Kalorkoti,8/14/63,11/16/93,1/1/99,Engineer
88088,Xiaoqiu,Krohn,9/1/63,2/8/94,1/1/99,Senior Engineer
88096,Lubomir,Ghandeharizadeh,4/20/63,1/8/90,1/1/99,Staff
88102,Miquel,Quaggetto,2/22/62,3/10/86,1/1/99,Engineer
88103,Goo,Bresenham,1/9/65,1/31/99,1/1/99,Senior Staff
88111,Arfst,Nooteboom,2/25/62,10/16/91,1/1/99,Staff
88124,Marjo,Uehara,4/10/64,8/17/94,1/1/99,Senior Engineer
88129,Jagoda,Comte,5/5/64,5/13/99,1/1/99,Engineer
88130,Kristina,Selvestrel,1/15/63,3/26/95,1/1/99,Senior Engineer
88132,Idoia,Wossner,2/24/64,10/21/95,1/1/99,Senior Staff
88134,Carrsten,Lueh,2/15/62,6/6/92,1/1/99,Staff
88161,Kokou,Duclos,1/28/62,7/12/00,1/1/99,Senior Staff
88169,Adin,Hofmeyr,4/10/63,2/17/96,1/1/99,Assistant Engineer
88170,Iara,Peyn,9/28/64,7/2/97,1/1/99,Senior Staff
88173,Somnath,Kavanagh,2/15/64,7/29/98,1/1/99,Engineer
88174,Nigel,Sinicrope,8/6/62,12/5/96,1/1/99,Engineer
88181,Diederik,Lortz,1/26/62,5/4/86,1/1/99,Engineer
88185,JiYoung,Mahnke,12/15/63,8/23/96,1/1/99,Staff
88193,Basant,Uhrik,5/28/64,9/29/85,1/1/99,Senior Staff
88205,Turgut,Vidya,12/12/62,1/13/94,1/1/99,Senior Engineer
88206,Eben,Dayana,6/4/63,11/27/94,1/1/99,Staff
88207,Shuho,Peron,12/12/62,11/3/89,1/1/99,Senior Staff
88209,Shaw,Parascandalo,10/24/63,12/30/88,1/1/99,Senior Engineer
88221,Toshimori,Unno,5/21/64,12/25/99,1/1/99,Staff
88226,Arto,Malabarba,2/23/64,3/25/86,1/1/99,Engineer
88231,Kannan,Facello,10/25/62,4/27/96,1/1/99,Senior Engineer
88234,Lorien,Tanemo,2/18/64,4/20/85,1/1/99,Senior Engineer
88240,Zdislav,Famili,6/23/64,4/21/97,1/1/99,Staff
88241,Oscal,Pfau,4/30/64,8/18/89,1/1/99,Staff
88264,Candido,Munch,7/1/63,12/8/92,1/1/99,Senior Staff
88273,Cedric,Famili,11/28/63,5/16/89,1/1/99,Senior Engineer
88280,Richard,Aamodt,7/17/63,1/31/87,1/1/99,Senior Engineer
88285,Youpyo,Passafiume,11/8/63,9/11/93,1/1/99,Senior Staff
88292,Wayne,Chaudhuri,6/4/63,5/11/98,1/1/99,Assistant Engineer
88294,Yannis,Lindqvist,7/30/64,12/30/85,1/1/99,Senior Engineer
88295,Oldrich,Saoudi,11/20/62,6/16/99,1/1/99,Engineer
88306,Shigenori,Butner,8/27/62,2/26/97,1/1/99,Engineer
88307,Hein,Rissland,5/20/64,7/22/89,1/1/99,Staff
88312,Shahab,Trelles,2/12/64,9/17/90,1/1/99,Engineer
88321,Chenyi,Kilgore,10/20/63,3/10/85,1/1/99,Senior Engineer
88328,Vasiliy,Hebden,8/30/63,9/28/88,1/1/99,Staff
88331,Zhongwei,Giarratana,1/6/64,9/19/98,1/1/99,Senior Staff
88333,Doohun,Puppe,1/26/63,3/13/89,1/1/99,Technique Leader
88335,Toshimi,Cooke,8/9/64,12/13/88,1/1/99,Engineer
88336,Xiadong,Holburn,1/18/63,12/8/88,1/1/99,Staff
88338,Debaprosad,Lundstrom,1/2/64,11/7/93,1/1/99,Engineer
88342,Kwee,Zielinski,3/13/64,1/12/92,1/1/99,Staff
88347,Boguslaw,Picht,11/14/62,6/15/89,1/1/99,Engineer
88351,Taiji,Monarch,6/20/63,6/4/97,1/1/99,Staff
88355,Richara,Landherr,5/23/64,7/15/91,1/1/99,Technique Leader
88362,Maja,Boguraev,8/2/62,3/28/96,1/1/99,Senior Staff
88375,Ziva,Marletta,8/8/62,9/13/90,1/1/99,Engineer
88396,Srinidhi,Uludag,5/30/62,4/2/85,1/1/99,Senior Engineer
88402,Yongdong,Hiraishi,12/17/64,10/2/93,1/1/99,Staff
88405,Ramya,Schnabel,5/15/62,11/16/85,1/1/99,Senior Engineer
88411,Lena,Cannane,1/31/65,1/28/00,1/1/99,Engineer
88417,Tommaso,Rossi,11/14/64,2/28/91,1/1/99,Senior Staff
88418,Aram,Pargaonkar,12/27/64,4/6/95,1/1/99,Engineer
88420,Valter,Schonegge,3/15/62,6/10/88,1/1/99,Senior Engineer
88422,Jungsoon,Birsak,1/28/65,4/3/85,1/1/99,Technique Leader
88425,Keiichiro,Deyuan,4/22/63,4/18/87,1/1/99,Engineer
88428,Ugo,Prochazka,10/29/62,4/13/97,1/1/99,Senior Staff
88434,Uta,Peroz,4/19/63,6/12/95,1/1/99,Staff
88440,Izaskun,Shiratori,2/10/62,8/13/85,1/1/99,Senior Engineer
88444,Leni,Zhang,7/7/64,8/2/95,1/1/99,Assistant Engineer
88445,Berni,Slaats,10/11/63,11/6/96,1/1/99,Engineer
88447,Kristina,Qiwen,6/14/63,10/9/86,1/1/99,Senior Staff
88448,Mamdouh,Lenart,1/14/63,3/1/96,1/1/99,Staff
88450,Eckart,Apsitis,11/28/63,9/17/90,1/1/99,Senior Staff
88455,Shem,Erol,1/29/63,6/14/89,1/1/99,Staff
88456,Arup,Frijda,7/26/64,4/4/99,1/1/99,Staff
88457,Yongmin,Rissland,9/2/64,9/20/85,1/1/99,Senior Engineer
88459,Huai,Blokdijk,2/19/64,8/8/97,1/1/99,Staff
88466,Sivanarayana,Schlumberger,11/5/63,12/3/94,1/1/99,Staff
88470,LiMin,Syrzycki,8/14/62,1/25/92,1/1/99,Senior Staff
88474,Ult,Herath,12/28/62,5/8/92,1/1/99,Senior Staff
88475,Rasiah,Michaels,6/26/62,5/19/93,1/1/99,Staff
88478,Gino,Pashtan,5/27/63,8/3/86,1/1/99,Staff
88486,Tru,Peltason,4/2/63,1/28/89,1/1/99,Senior Staff
88490,Duri,Vesel,5/23/64,2/28/98,1/1/99,Engineer
88493,Lillian,Suomi,11/28/62,6/17/94,1/1/99,Engineer
88498,Adam,Shanbhogue,1/7/63,5/26/90,1/1/99,Engineer
88500,Rimli,Penttonen,3/4/62,3/4/95,1/1/99,Engineer
88507,Florian,Huxford,1/5/64,11/8/90,1/1/99,Engineer
88509,Vincent,Stellhorn,12/24/62,11/6/85,1/1/99,Assistant Engineer
88513,Kristinn,Weiland,7/13/64,7/27/98,1/1/99,Staff
88517,Ulf,Luit,6/23/64,3/5/94,1/1/99,Engineer
88518,Constantine,Edelhoff,12/20/64,6/10/93,1/1/99,Technique Leader
88520,Shichao,Emmerich,1/30/64,11/5/97,1/1/99,Staff
88526,Luigi,Demian,11/13/62,3/16/91,1/1/99,Senior Staff
88527,Bodh,Serre,10/1/62,4/30/90,1/1/99,Senior Engineer
88533,Gritta,Chaudhuri,1/14/64,12/18/99,1/1/99,Staff
88534,Pranav,Pavlopoulou,6/11/62,1/20/87,1/1/99,Senior Staff
88559,Zhiwei,Irland,7/5/62,7/1/86,1/1/99,Engineer
88560,Ghassan,Niizuma,7/7/63,10/13/94,1/1/99,Assistant Engineer
88562,Udaiprakash,Birrer,5/19/63,10/1/99,1/1/99,Senior Engineer
88569,Barton,Jenevein,2/16/62,11/11/96,1/1/99,Senior Staff
88572,Sakthirel,Swift,8/11/62,10/9/93,1/1/99,Senior Engineer
88573,Ziyad,Chvatal,5/24/64,10/29/87,1/1/99,Senior Staff
88580,Mary,Crabtree,12/4/62,12/20/93,1/1/99,Engineer
88587,Kinh,Makrucki,2/17/62,2/2/96,1/1/99,Engineer
88603,Yuguang,Vecchio,8/6/64,3/9/90,1/1/99,Senior Engineer
88610,Wojceich,Meriste,8/17/64,11/15/94,1/1/99,Staff
88614,Sariel,Speer,9/8/64,11/16/94,1/1/99,Engineer
88617,Waiman,Sidje,12/2/64,6/9/93,1/1/99,Senior Engineer
88620,Kensyu,Boyle,3/13/64,11/11/86,1/1/99,Engineer
88622,Nahum,Rotem,12/10/64,2/9/98,1/1/99,Engineer
88630,Sudhanshu,Bennis,6/16/63,9/29/92,1/1/99,Engineer
88633,Fumiya,Kinley,9/14/64,9/27/96,1/1/99,Senior Engineer
88637,Shugo,Gomatam,9/13/64,12/11/93,1/1/99,Senior Staff
88647,Vasiliy,Ratnaker,1/10/65,8/9/95,1/1/99,Engineer
88650,Shin,Erva,9/1/62,9/5/93,1/1/99,Staff
88658,Apostol,Eterovic,8/9/64,8/17/95,1/1/99,Staff
88667,Odysseas,Jayawardene,4/9/63,8/21/90,1/1/99,Staff
88668,Pasqua,Hennebert,8/23/63,7/17/93,1/1/99,Senior Staff
88670,Uri,Kossowski,9/27/64,7/8/94,1/1/99,Technique Leader
88676,Almudena,Mukaidono,5/8/63,4/20/96,1/1/99,Staff
88678,Danny,Zolotykh,12/22/64,8/7/87,1/1/99,Senior Engineer
88685,Abdelghani,Begiun,4/22/63,9/8/95,1/1/99,Engineer
88686,Aria,Henders,12/2/64,7/12/96,1/1/99,Engineer
88695,Shai,Pavlopoulou,6/7/64,7/21/87,1/1/99,Engineer
88696,Tommaso,Nitsche,11/27/62,12/9/85,1/1/99,Engineer
88697,Gritta,Lueh,6/9/63,8/31/99,1/1/99,Engineer
88703,Marek,Brlek,12/3/63,12/20/91,1/1/99,Senior Staff
88706,Ingmar,Lemarechal,3/25/64,3/30/94,1/1/99,Senior Staff
88708,Edwin,Welham,7/6/62,5/9/85,1/1/99,Engineer
88711,JoAnna,Hiraishi,1/7/62,4/13/88,1/1/99,Senior Staff
88713,Parviz,Braccini,12/19/64,4/6/86,1/1/99,Senior Engineer
88726,Anestis,Perna,4/2/63,3/3/95,1/1/99,Engineer
88734,Karoline,Gronowski,10/2/64,12/29/93,1/1/99,Senior Engineer
88738,Abdulla,Heiserman,5/27/62,3/10/96,1/1/99,Staff
88740,Lokesh,Baek,5/27/64,9/15/95,1/1/99,Engineer
88746,Bernice,VanScheik,2/17/63,6/13/89,1/1/99,Staff
88750,Masami,Kawashimo,7/23/63,7/20/96,1/1/99,Senior Staff
88752,Xiping,Beerel,7/31/64,11/18/89,1/1/99,Senior Engineer
88753,Dharmaraja,Maierhofer,2/19/62,4/5/93,1/1/99,Assistant Engineer
88762,Koichi,DuCasse,4/27/63,4/24/92,1/1/99,Senior Staff
88763,Hein,Khamsi,1/1/63,5/25/88,1/1/99,Staff
88769,Matk,Simkin,3/28/64,10/13/97,1/1/99,Engineer
88773,Leandro,Deyuan,11/19/64,2/24/95,1/1/99,Staff
88795,Kristen,Mapelli,11/22/62,8/8/88,1/1/99,Senior Staff
88799,Uno,Karunanithi,10/17/63,1/4/92,1/1/99,Senior Staff
88800,Eberhardt,Baezner,8/6/62,10/19/93,1/1/99,Engineer
88813,Shigehiro,Verhoeff,5/6/62,11/14/99,1/1/99,Senior Engineer
88815,Xuedong,Ossenbruggen,9/1/63,1/23/96,1/1/99,Senior Staff
88819,Randi,Miculan,4/7/63,9/22/90,1/1/99,Senior Staff
88822,Francesca,Babb,11/29/64,7/4/87,1/1/99,Senior Staff
88826,Francoise,Krogh,8/25/62,7/5/99,1/1/99,Engineer
88832,Xuedong,Murtafg,6/28/63,10/4/97,1/1/99,Engineer
88837,Anneli,Wixon,1/23/64,11/9/85,1/1/99,Engineer
88845,Masato,Kowalchuk,2/27/64,4/9/92,1/1/99,Senior Staff
88846,Zsolt,Baak,9/2/62,1/16/96,1/1/99,Senior Engineer
88851,Subir,Schauser,5/25/63,6/10/88,1/1/99,Senior Engineer
88857,Hideo,Toyoshima,8/14/63,6/6/99,1/1/99,Staff
88858,Poornachandra,Murthy,3/22/64,1/15/89,1/1/99,Senior Engineer
88860,Nirmal,Wuwongse,5/27/64,1/24/98,1/1/99,Senior Staff
88861,Dzung,Hellwagner,4/3/62,12/23/97,1/1/99,Staff
88878,Sibyl,Piazza,12/29/62,6/17/93,1/1/99,Senior Engineer
88885,Kwangho,Keohane,6/8/64,3/28/92,1/1/99,Senior Engineer
88887,Heng,Haldar,6/21/62,6/26/94,1/1/99,Assistant Engineer
88892,Chinhyun,Maierhofer,2/9/62,10/1/93,1/1/99,Senior Engineer
88898,Joydip,Merel,2/18/64,4/19/97,1/1/99,Engineer
88900,Takushi,Bolotov,9/4/64,12/15/99,1/1/99,Staff
88903,Marco,Radhakrishnan,11/27/62,4/14/97,1/1/99,Staff
88913,Sverrir,Munawer,3/10/62,2/2/85,1/1/99,Senior Engineer
88916,Zhonghua,Mahnke,1/9/62,2/18/89,1/1/99,Senior Staff
88928,Jinpo,Zobel,12/20/62,7/19/93,1/1/99,Engineer
88930,Martijn,Ibel,12/19/62,8/26/93,1/1/99,Senior Staff
88933,Jiann,Merli,3/10/64,3/3/86,1/1/99,Senior Engineer
88941,Goetz,Zultner,4/5/64,2/19/96,1/1/99,Senior Engineer
88944,Aksel,Vidya,4/14/64,10/19/89,1/1/99,Senior Engineer
88948,Fumiya,Anily,4/24/64,7/21/99,1/1/99,Staff
88958,Vojin,Coombs,1/22/65,7/23/95,1/1/99,Staff
88960,Nevio,Braunmuhl,6/25/63,7/12/85,1/1/99,Senior Staff
88962,Uinam,Camurati,3/15/64,6/27/95,1/1/99,Senior Staff
88965,Mang,Hedayat,1/20/65,5/22/95,1/1/99,Engineer
88968,Karsten,Erde,11/15/62,3/7/97,1/1/99,Senior Engineer
88970,Adam,Langford,12/21/62,2/8/86,1/1/99,Senior Engineer
88977,Vojin,Tyugu,11/3/64,4/18/93,1/1/99,Technique Leader
88993,Demin,Wixon,4/29/62,7/10/90,1/1/99,Engineer
89009,Rosita,Varman,1/16/64,6/9/92,1/1/99,Staff
89013,Anwar,Janetzko,7/23/64,2/5/99,1/1/99,Senior Staff
89015,Ramachenga,Bardell,6/9/64,2/21/92,1/1/99,Senior Engineer
89024,Janalee,Crouzet,4/2/63,1/23/97,1/1/99,Staff
89029,Basem,Hoppenstand,3/9/64,2/5/95,1/1/99,Staff
89037,Susanne,Langford,1/14/64,2/11/98,1/1/99,Engineer
89042,Aamod,Billingsley,9/10/63,5/2/94,1/1/99,Staff
89048,Otmar,Birjandi,1/24/65,3/23/85,1/1/99,Engineer
89052,Kazunori,Bhattacharjee,6/16/62,12/14/98,1/1/99,Senior Engineer
89059,Mabo,Falby,3/14/64,8/9/88,1/1/99,Senior Staff
89062,Adam,Ligten,2/8/64,10/19/97,1/1/99,Engineer
89064,Dinah,Buescher,10/6/64,1/10/96,1/1/99,Senior Staff
89066,Mads,Bamford,7/23/62,11/27/95,1/1/99,Senior Staff
89070,George,Morris,2/5/64,5/6/89,1/1/99,Senior Engineer
89073,Yannik,Quadeer,4/18/64,9/2/88,1/1/99,Senior Staff
89081,Ashish,Baaz,11/4/63,1/5/89,1/1/99,Senior Staff
89085,Taisook,Curless,3/8/62,6/6/93,1/1/99,Senior Staff
89090,Tetsushi,Theuretzbacher,1/26/65,2/1/90,1/1/99,Staff
89095,Ortrud,Schahn,2/21/64,4/17/95,1/1/99,Senior Staff
89097,Indrajit,Polajnar,5/25/63,1/7/86,1/1/99,Senior Staff
89098,Hilary,Vitiello,12/5/63,5/28/95,1/1/99,Engineer
89099,Paddy,Staudhammer,4/3/62,7/20/92,1/1/99,Senior Staff
89114,Gaetan,Raney,8/18/63,1/13/00,1/1/99,Technique Leader
89127,Jenwei,Vitiello,11/9/62,2/17/94,1/1/99,Engineer
89130,Vasilii,Hegner,3/14/62,3/5/94,1/1/99,Staff
89140,Yoshimitsu,Stemann,11/29/63,11/4/96,1/1/99,Staff
89144,Younwoo,Oppitz,2/24/63,6/7/96,1/1/99,Senior Staff
89146,Florina,Lunt,2/2/62,11/30/89,1/1/99,Engineer
89147,Khun,Tramer,6/9/62,4/18/92,1/1/99,Senior Engineer
89157,Hatim,Hempstead,3/3/62,9/13/98,1/1/99,Engineer
89159,Pranjal,Nilsson,4/6/63,12/29/95,1/1/99,Technique Leader
89160,Roddy,Vasanthakumar,11/15/62,1/31/99,1/1/99,Staff
89161,Conal,Yetto,1/7/65,1/12/91,1/1/99,Staff
89169,Waiman,Fordan,3/30/63,2/22/89,1/1/99,Staff
89171,Maya,Tanemo,4/29/63,4/6/87,1/1/99,Engineer
89174,Leon,Flanders,11/16/63,8/20/96,1/1/99,Engineer
89175,Sadok,Guting,1/29/63,3/8/86,1/1/99,Engineer
89177,Masasuke,Driscoll,9/10/63,5/5/99,1/1/99,Staff
89183,Zhilian,Kawashima,9/17/62,11/5/89,1/1/99,Staff
89187,Rosita,Merkl,2/19/62,11/9/87,1/1/99,Staff
89191,Pantung,Ligten,7/20/62,11/19/92,1/1/99,Assistant Engineer
89195,Kazuhiko,Zultner,1/9/63,6/15/95,1/1/99,Senior Staff
89198,Shan,Radwan,11/26/64,5/9/96,1/1/99,Engineer
89199,Shuzo,Broder,1/20/64,7/13/89,1/1/99,Senior Engineer
89202,Elliott,Schaar,9/2/64,5/19/92,1/1/99,Senior Engineer
89205,Persi,Panangaden,11/7/62,9/21/92,1/1/99,Senior Staff
89206,Vishwani,Bahl,3/28/63,2/19/00,1/1/99,Engineer
89207,Along,Erol,1/15/65,10/16/92,1/1/99,Senior Staff
89208,Kazuhide,Cooke,3/29/63,6/13/92,1/1/99,Engineer
89211,Fun,Gruenwald,3/14/63,1/12/93,1/1/99,Senior Engineer
89214,Pranay,Ertl,4/8/62,6/6/85,1/1/99,Engineer
89220,Ramzi,Facello,8/8/62,7/19/88,1/1/99,Engineer
89225,Carrsten,Schreiter,11/22/62,5/2/02,1/1/99,Senior Engineer
89226,Cullen,Jayawardene,10/19/63,2/18/95,1/1/99,Staff
89234,Guttorm,Badache,2/17/63,2/25/96,1/1/99,Staff
89235,Shigehiro,Skrikant,10/8/64,4/9/92,1/1/99,Senior Engineer
89237,Denis,Luon,8/11/63,9/29/92,1/1/99,Senior Engineer
89244,Patricia,Angel,5/9/62,6/18/89,1/1/99,Staff
89248,Dmitry,Quadeer,12/11/64,7/29/98,1/1/99,Engineer
89250,Ymte,Nitto,12/30/62,7/7/93,1/1/99,Engineer
89251,Bernardo,Litecky,6/23/62,2/26/94,1/1/99,Assistant Engineer
89252,Kiyokazu,Heuser,9/29/63,2/2/91,1/1/99,Senior Staff
89255,Weijing,Merks,8/16/63,5/16/92,1/1/99,Technique Leader
89259,Vishwani,Lamparter,7/26/63,2/6/93,1/1/99,Senior Staff
89261,Demin,Gubsky,10/28/64,9/23/96,1/1/99,Senior Engineer
89272,Sajjan,Muchinsky,12/23/64,3/9/86,1/1/99,Senior Staff
89277,Pranay,Oppitz,5/20/63,3/17/87,1/1/99,Staff
89278,Xiaoqiang,Sadowsky,7/29/63,11/22/99,1/1/99,Staff
89281,Arumugam,Heinisuo,6/24/64,3/7/90,1/1/99,Senior Engineer
89283,Serif,Muniz,5/7/64,11/21/99,1/1/99,Engineer
89290,Isamu,Baby,2/3/64,3/12/97,1/1/99,Staff
89295,Maris,Bergere,3/8/63,4/29/85,1/1/99,Engineer
89296,Prodip,Honiden,2/20/62,5/16/87,1/1/99,Senior Staff
89298,Premsyl,Fetvedt,7/19/64,5/20/88,1/1/99,Senior Staff
89304,Geraldo,Terkki,10/22/62,9/12/97,1/1/99,Engineer
89306,Divier,Spell,2/18/64,10/28/98,1/1/99,Senior Engineer
89309,Rafols,Guardalben,10/21/62,7/7/88,1/1/99,Engineer
89310,Roddy,Rouquie,1/30/62,6/6/90,1/1/99,Staff
89313,Ziyad,Fiutem,12/7/64,10/18/92,1/1/99,Engineer
89314,Makato,Vesna,11/7/63,1/30/96,1/1/99,Senior Engineer
89319,Mads,Atchley,5/24/63,3/30/97,1/1/99,Senior Engineer
89324,Demin,Jiafu,1/23/62,4/14/94,1/1/99,Staff
89327,Srinidhi,Muntz,1/3/62,3/30/86,1/1/99,Senior Engineer
89332,Rayond,Porotnikoff,9/28/64,3/25/95,1/1/99,Staff
89340,Morris,Demke,12/6/62,8/24/94,1/1/99,Senior Staff
89341,Yinghua,Kroha,1/6/63,12/7/00,1/1/99,Staff
89345,Hideyuki,Ghemri,4/4/62,6/23/96,1/1/99,Staff
89346,Mansur,Comyn,1/13/65,8/31/99,1/1/99,Engineer
89348,Arve,Rosin,8/12/64,10/27/98,1/1/99,Senior Staff
89357,Tooru,Pell,5/2/64,10/20/99,1/1/99,Engineer
89358,Kyoichi,Restivo,1/28/63,3/11/99,1/1/99,Engineer
89360,Hisao,Morton,10/19/63,12/12/91,1/1/99,Senior Staff
89368,Tse,Ecklund,5/8/64,7/18/02,1/1/99,Engineer
89382,Hercules,Bernardinello,9/3/64,2/25/87,1/1/99,Senior Staff
89383,Mary,Siochi,10/5/62,1/15/91,1/1/99,Staff
89384,Duro,Besselaar,10/4/64,5/16/87,1/1/99,Assistant Engineer
89394,Akemi,Underwood,10/15/62,9/11/98,1/1/99,Staff
89395,Guoxiang,Shinomoto,10/30/63,3/5/95,1/1/99,Senior Staff
89400,Munehiko,Domenig,1/3/64,4/19/97,1/1/99,Engineer
89403,Ramalingam,Kobuchi,4/8/62,8/14/91,1/1/99,Senior Staff
89407,Cathie,Tsukune,3/1/62,8/21/94,1/1/99,Senior Staff
89409,Heejo,Hooghiemstra,1/4/62,3/14/86,1/1/99,Staff
89411,Rayond,Ventosa,3/29/64,2/15/96,1/1/99,Senior Staff
89417,Sukumar,Tyugu,6/22/64,11/3/93,1/1/99,Senior Staff
89420,Kayoko,Slaats,12/20/62,6/17/87,1/1/99,Senior Staff
89440,Renny,Skafidas,5/8/64,8/8/89,1/1/99,Senior Staff
89449,Barun,Hoogerwoord,1/24/63,12/17/90,1/1/99,Senior Staff
89456,Magy,Cronin,12/5/64,4/27/85,1/1/99,Assistant Engineer
89465,Hidefumi,Demir,6/25/64,12/19/90,1/1/99,Senior Staff
89468,Goo,Krupka,1/16/64,1/9/92,1/1/99,Senior Staff
89478,Caolyn,Schlenzig,8/20/63,5/2/98,1/1/99,Staff
89481,Eishiro,Khalil,2/28/62,10/13/86,1/1/99,Assistant Engineer
89488,Ymte,Perelgut,5/2/63,3/10/96,1/1/99,Staff
89491,Alassane,Cangellaris,6/5/62,7/12/97,1/1/99,Senior Engineer
89494,Masanao,Erev,10/21/63,7/11/85,1/1/99,Senior Staff
89514,Gor,Vieri,5/20/62,2/29/96,1/1/99,Engineer
89516,Malu,Gischer,10/12/62,7/14/90,1/1/99,Assistant Engineer
89522,Moss,Shinomoto,12/14/63,5/12/89,1/1/99,Senior Engineer
89539,Manohar,Lakshmanan,11/28/63,8/12/92,1/1/99,Senior Engineer
89541,Leandro,Picco,6/10/62,5/8/88,1/1/99,Senior Engineer
89544,Miomir,Denis,1/14/64,10/22/91,1/1/99,Engineer
89547,Youngkon,Hashii,12/8/63,5/5/91,1/1/99,Senior Staff
89554,Jaroslava,Dengi,8/21/64,8/22/85,1/1/99,Senior Staff
89565,Vishwani,Fontan,8/20/64,1/17/98,1/1/99,Assistant Engineer
89568,Moni,Erbe,3/8/63,10/22/92,1/1/99,Senior Engineer
89571,Kish,Schieder,10/11/64,9/5/87,1/1/99,Senior Staff
89576,Narain,Ranta,1/7/64,5/12/88,1/1/99,Senior Engineer
89578,Subbu,Chinin,3/2/62,7/30/98,1/1/99,Staff
89587,Danny,Bahl,10/17/64,2/12/89,1/1/99,Senior Engineer
89590,Guther,Rothenberg,1/27/65,8/8/91,1/1/99,Staff
89602,Satosi,Rikino,6/21/63,8/11/90,1/1/99,Staff
89603,Volkmar,Rothenberg,6/2/62,7/2/96,1/1/99,Engineer
89616,Samphel,Tchuente,3/10/64,6/23/86,1/1/99,Engineer
89623,Monique,Eppinger,7/17/62,5/1/99,1/1/99,Staff
89625,Leni,Bala,6/14/63,11/1/88,1/1/99,Staff
89626,Fei,Luan,9/15/63,8/27/93,1/1/99,Engineer
89631,Adib,Kaltofen,8/1/64,12/8/85,1/1/99,Engineer
89644,Tesuya,Dechter,4/13/64,7/30/85,1/1/99,Senior Staff
89648,Tsutomu,Rosar,3/22/63,3/10/02,1/1/99,Senior Engineer
89652,Shem,Yavatkar,2/26/62,4/6/94,1/1/99,Staff
89662,Mooi,Leijenhorst,1/21/63,8/7/99,1/1/99,Engineer
89664,Pranjal,Rossi,1/20/65,7/7/98,1/1/99,Staff
89667,Phule,Wilharm,4/17/63,8/4/98,1/1/99,Senior Staff
89670,Adil,Snyers,3/12/63,4/8/85,1/1/99,Senior Engineer
89671,Jahangir,Jiafu,8/14/64,3/11/86,1/1/99,Senior Staff
89680,Aiman,Mawatari,1/27/65,5/1/88,1/1/99,Senior Engineer
89683,Kazunori,Jonsson,8/4/63,12/7/87,1/1/99,Senior Staff
89688,Charmane,Angel,8/14/63,8/10/93,1/1/99,Senior Engineer
89698,Demos,Merel,6/24/63,3/19/88,1/1/99,Engineer
89700,Toshiko,Schiper,7/14/64,6/16/92,1/1/99,Engineer
89701,Subhada,Maierhofer,4/24/64,10/28/89,1/1/99,Engineer
89721,Lakshmi,Schusler,10/7/64,2/25/95,1/1/99,Senior Staff
89732,Kersti,Koblitz,6/27/62,1/21/00,1/1/99,Senior Engineer
89736,Rimli,Kopetz,1/8/62,5/19/95,1/1/99,Engineer
89742,Janche,Perz,1/25/62,5/28/88,1/1/99,Engineer
89745,Kensyu,Stanfel,2/4/63,10/10/99,1/1/99,Staff
89750,Serenella,Bodoff,6/6/62,7/27/89,1/1/99,Engineer
89751,Murthy,Rouquie,5/2/62,11/26/98,1/1/99,Engineer
89753,Chiradeep,Dayang,5/15/64,10/25/90,1/1/99,Senior Staff
89757,Kwangyoen,Delgrossi,1/1/63,3/5/98,1/1/99,Staff
89759,Sreekrishna,Birta,2/8/64,6/5/98,1/1/99,Senior Staff
89766,Shounak,Huxford,6/4/64,9/15/96,1/1/99,Senior Engineer
89768,Vesna,Klyachko,5/10/64,6/13/90,1/1/99,Engineer
89771,Avishai,Schicker,6/18/64,11/5/90,1/1/99,Senior Engineer
89772,Qunsheng,Demir,11/6/64,5/4/91,1/1/99,Senior Engineer
89779,Gro,Sifakis,10/6/63,1/10/92,1/1/99,Engineer
89782,Ipke,Guardalben,4/5/64,11/20/94,1/1/99,Staff
89784,Carrsten,Journel,11/20/63,1/1/86,1/1/99,Staff
89786,Yefim,Braunschweig,9/20/62,1/7/99,1/1/99,Engineer
89793,Shushma,Homond,4/7/64,2/25/89,1/1/99,Engineer
89802,Jacqueline,Morton,5/21/63,6/24/86,1/1/99,Engineer
89804,Moheb,Gecsei,2/14/64,3/1/98,1/1/99,Engineer
89806,Xiadong,Shinomoto,1/27/65,5/24/97,1/1/99,Engineer
89810,Peternela,Snedden,4/20/64,1/24/98,1/1/99,Staff
89811,Alagu,Kaelbling,8/16/62,12/26/85,1/1/99,Engineer
89814,Uma,Quaggetto,9/29/63,11/21/90,1/1/99,Assistant Engineer
89815,Oddvar,Litvinov,6/15/62,10/11/97,1/1/99,Engineer
89821,Vishwani,Nitto,1/20/62,8/20/88,1/1/99,Engineer
89831,Stein,Makinen,7/16/64,8/14/97,1/1/99,Engineer
89832,Nishit,Lorie,2/23/63,2/12/91,1/1/99,Senior Staff
89839,Marsal,Cherinka,11/3/62,4/2/92,1/1/99,Staff
89849,Giao,Peek,11/19/64,5/18/90,1/1/99,Staff
89850,Denis,Ambroszkiewicz,1/2/63,11/26/91,1/1/99,Senior Engineer
89854,Billur,Ponthieu,4/1/62,7/3/89,1/1/99,Engineer
89856,Kiyomitsu,Escriba,5/26/62,9/18/89,1/1/99,Senior Engineer
89865,Mona,Lally,11/1/64,5/17/99,1/1/99,Engineer
89867,Luise,Seiwald,4/26/63,12/27/97,1/1/99,Engineer
89871,Kolar,Lindenbaum,8/31/63,8/2/93,1/1/99,Engineer
89876,Duke,Chelton,5/11/62,11/19/87,1/1/99,Senior Engineer
89891,Candido,Gilg,11/4/62,10/24/91,1/1/99,Engineer
89899,Fei,DiGiano,7/13/63,5/20/90,1/1/99,Senior Staff
89903,Radoslaw,Kirkerud,6/18/63,11/22/94,1/1/99,Senior Engineer
89906,Holgard,Suwa,12/25/62,5/28/87,1/1/99,Staff
89916,Aleksander,Weiland,12/5/63,8/6/94,1/1/99,Staff
89919,Takahira,Schaap,5/5/62,9/26/93,1/1/99,Senior Engineer
89922,Alexius,Ibel,1/26/65,4/24/88,1/1/99,Engineer
89926,Nadjib,Akaboshi,3/12/63,9/19/89,1/1/99,Engineer
89934,Pantung,Schreiter,11/18/62,1/8/89,1/1/99,Technique Leader
89940,Bokyung,Krogh,6/16/64,4/13/87,1/1/99,Senior Staff
89941,Arnould,Weedman,1/23/65,7/28/89,1/1/99,Senior Staff
89944,Divine,Kadhim,3/15/62,11/19/97,1/1/99,Engineer
89947,Ashish,Peroz,1/22/62,3/8/88,1/1/99,Staff
89948,Fabrizio,Matzke,7/16/64,9/6/98,1/1/99,Staff
89953,Mariangiola,Tetzlaff,3/11/62,1/10/96,1/1/99,Senior Engineer
89954,Genki,Fiutem,6/5/63,6/18/89,1/1/99,Senior Engineer
89959,Valery,Katalagarianos,6/22/63,1/31/92,1/1/99,Staff
89967,Jinya,Miara,3/30/62,7/15/93,1/1/99,Senior Staff
89972,Shuichi,Rettelbach,11/5/63,6/1/91,1/1/99,Engineer
89973,Nalini,Karnin,7/23/64,5/28/87,1/1/99,Senior Engineer
89978,Nalini,Zaiane,9/27/64,7/28/91,1/1/99,Staff
89982,Mariangiola,Mukaidono,7/28/62,4/26/93,1/1/99,Senior Engineer
89985,Tse,Unni,3/16/62,7/21/98,1/1/99,Staff
89986,Krassimir,Beilner,2/25/64,8/15/94,1/1/99,Staff
89990,Zongyan,Zedlitz,1/14/63,10/28/87,1/1/99,Senior Staff
89994,Sungwon,Lindenbaum,12/10/64,3/30/92,1/1/99,Technique Leader
89995,Toong,Peir,7/29/64,3/11/89,1/1/99,Senior Engineer
90002,Berhard,Krupka,8/12/63,2/5/88,1/1/99,Staff
90004,Sven,Asrin,10/24/64,4/9/96,1/1/99,Senior Engineer
90006,Along,Cheshire,6/25/63,6/30/00,1/1/99,Technique Leader
90007,Khun,Chinin,4/21/62,12/4/86,1/1/99,Senior Engineer
90022,Ramachenga,Onuegbe,12/6/64,7/4/95,1/1/99,Senior Engineer
90025,Brendon,Eickenmeyer,4/25/62,2/7/97,1/1/99,Senior Engineer
90032,King,Tanemo,9/2/63,6/20/92,1/1/99,Senior Engineer
90036,Susumu,Weisert,7/16/62,6/10/91,1/1/99,Engineer
90039,Atreye,Pelc,2/28/62,10/17/98,1/1/99,Staff
90050,Berthier,Pietrzykowski,3/6/62,6/30/86,1/1/99,Staff
90056,Jaihie,Klyachko,4/17/63,2/7/85,1/1/99,Engineer
90066,Krassimir,Conta,1/27/64,8/5/96,1/1/99,Assistant Engineer
90068,Koichi,Zongker,7/15/64,7/28/98,1/1/99,Engineer
90075,Boutros,Gopalakrishnan,2/11/62,12/26/91,1/1/99,Senior Staff
90076,Shem,Kranzdorf,1/1/62,10/14/95,1/1/99,Senior Engineer
90077,Vivian,Guerreiro,1/24/65,7/8/91,1/1/99,Engineer
90082,Weiye,Noriega,9/19/64,12/12/86,1/1/99,Senior Engineer
90084,Renny,Bale,1/1/65,11/22/89,1/1/99,Engineer
90088,Ronghao,Anily,4/4/62,1/29/98,1/1/99,Engineer
90093,Richara,Schwabacher,11/13/62,5/25/93,1/1/99,Staff
90095,Chuanyi,Brandsma,5/29/63,8/22/97,1/1/99,Staff
90106,Marsha,Cappelletti,3/28/64,5/28/88,1/1/99,Staff
90118,Sariel,Perna,11/29/63,1/3/88,1/1/99,Staff
90124,Arlette,Maquelin,2/15/62,8/21/93,1/1/99,Engineer
90126,Jaihie,Itschner,1/30/64,5/15/88,1/1/99,Engineer
90127,Yannik,Poehlman,1/22/62,1/16/93,1/1/99,Engineer
90134,Breannda,Bashian,3/21/63,8/1/94,1/1/99,Staff
90141,Gio,Strooper,5/18/64,1/27/95,1/1/99,Senior Engineer
90144,Renny,Oskamp,11/11/63,12/20/93,1/1/99,Senior Staff
90155,Shir,Rosis,5/26/64,9/28/90,1/1/99,Senior Staff
90160,Shaz,Malabarba,6/8/64,8/22/88,1/1/99,Senior Staff
90164,Hongzhu,Cooke,10/16/62,11/8/85,1/1/99,Engineer
90167,Toney,Radivojevic,8/30/62,2/19/87,1/1/99,Engineer
90169,Emran,Flasterstein,3/11/64,11/13/91,1/1/99,Senior Staff
90173,Brewster,Sidhu,9/22/63,7/4/91,1/1/99,Engineer
90176,Margo,Spell,3/11/62,1/4/92,1/1/99,Engineer
90194,Youpyo,Reinhart,10/30/64,7/16/97,1/1/99,Engineer
90200,Shaunak,Kusalik,10/29/64,2/13/87,1/1/99,Technique Leader
90206,Fusako,Matzen,5/8/64,9/5/98,1/1/99,Engineer
90211,Bader,Denis,1/15/65,10/6/97,1/1/99,Engineer
90214,Dekang,Awdeh,11/5/64,12/7/86,1/1/99,Staff
90222,Shaibal,Pehl,5/22/64,1/31/90,1/1/99,Senior Staff
90225,Mabhin,Boguraev,2/29/64,9/30/93,1/1/99,Senior Engineer
90231,Golgen,Muniz,7/4/64,4/6/92,1/1/99,Senior Engineer
90240,Percy,Swiss,5/9/63,5/22/93,1/1/99,Staff
90241,Cathie,Comellas,3/27/63,1/8/96,1/1/99,Engineer
90246,Samphel,Marrevee,10/4/63,8/22/97,1/1/99,Engineer
90248,Aiman,Yemenis,6/13/64,1/22/00,1/1/99,Staff
90253,Freyja,Karlin,7/29/63,12/21/94,1/1/99,Senior Staff
90254,Wilmer,Belinskaya,7/24/62,7/9/86,1/1/99,Senior Engineer
90257,Adas,Roisin,5/12/63,9/30/01,1/1/99,Engineer
90266,Petter,Garnick,12/26/62,2/23/93,1/1/99,Engineer
90276,Abdelghani,Greibach,8/13/63,1/26/97,1/1/99,Technique Leader
90286,Arto,Bugaenko,11/19/62,1/15/93,1/1/99,Senior Staff
90292,Koichi,Assaf,1/9/65,5/26/90,1/1/99,Senior Engineer
90296,Larisa,Stavenow,2/6/64,11/21/97,1/1/99,Engineer
90301,Christoph,Pocchiola,12/19/63,8/10/88,1/1/99,Senior Staff
90311,Eldridge,Rabejac,11/3/63,4/6/94,1/1/99,Staff
90322,Pintsang,Rajcani,9/9/64,2/26/86,1/1/99,Engineer
90324,Edwin,Nanard,3/13/62,7/9/97,1/1/99,Senior Engineer
90334,Radhika,Guting,5/3/63,4/7/95,1/1/99,Engineer
90351,Kwee,Munawer,6/1/63,12/11/85,1/1/99,Staff
90352,Jenwei,Karunanithi,11/13/64,2/17/99,1/1/99,Staff
90355,Tomofumi,Qiwen,12/15/64,7/24/90,1/1/99,Senior Staff
90360,JoAnna,Waleschkowski,7/23/64,6/9/99,1/1/99,Engineer
90361,Marsja,Lally,5/11/62,2/23/88,1/1/99,Senior Staff
90363,Dipankar,Lundstrom,7/16/63,5/8/90,1/1/99,Senior Staff
90370,Jeanne,Ranta,6/19/62,2/17/92,1/1/99,Senior Engineer
90377,Sangeeta,Auyong,9/12/62,11/18/99,1/1/99,Senior Staff
90388,Karoline,Versino,5/10/62,12/24/91,1/1/99,Senior Staff
90404,Bernt,Kuszyk,3/17/64,10/6/95,1/1/99,Engineer
90409,Eirik,England,3/16/64,12/11/92,1/1/99,Senior Engineer
90414,Alain,Ladret,5/14/64,12/10/86,1/1/99,Engineer
90420,Fumino,Koblick,7/13/63,1/25/99,1/1/99,Staff
90424,Nahum,England,10/20/63,7/7/99,1/1/99,Senior Engineer
90426,Jaana,Peac,3/3/64,12/6/86,1/1/99,Senior Engineer
90427,Vitaly,Braccini,9/6/63,1/31/89,1/1/99,Senior Engineer
90446,Anneli,Yemenis,4/30/64,11/12/89,1/1/99,Senior Staff
90451,Guther,Garnier,6/22/63,4/20/86,1/1/99,Staff
90455,Mingzeng,Winter,12/6/63,10/5/95,1/1/99,Engineer
90460,Satyanarayana,Lambe,3/13/64,9/1/90,1/1/99,Technique Leader
90465,Duri,Mamelak,3/13/64,12/24/98,1/1/99,Engineer
90468,Trygve,Bresenham,10/18/64,4/25/91,1/1/99,Engineer
90469,Unal,Emiris,9/29/62,9/18/87,1/1/99,Technique Leader
90472,Nidapan,Lores,6/26/64,2/18/96,1/1/99,Senior Engineer
90474,Jeong,Jakobus,12/17/62,8/27/93,1/1/99,Senior Engineer
90478,Goetz,Liesche,7/13/62,3/11/96,1/1/99,Engineer
90479,Yinghua,Pintelas,7/13/64,11/21/95,1/1/99,Senior Engineer
90485,Jaewon,Stamatiou,9/13/64,3/3/88,1/1/99,Senior Staff
90490,Premsyl,Erev,12/20/63,6/7/85,1/1/99,Engineer
90491,Lucian,Salinas,10/27/63,11/12/88,1/1/99,Senior Engineer
90492,Hitomi,Hartvigsen,2/16/63,1/4/99,1/1/99,Staff
90500,Zdislav,Yurov,6/7/63,6/2/99,1/1/99,Engineer
90502,Baruch,Jenevein,2/17/62,8/28/92,1/1/99,Technique Leader
90503,Rafols,Cromarty,12/3/63,9/11/97,1/1/99,Senior Engineer
90507,Tesuro,Czap,8/30/64,7/1/89,1/1/99,Assistant Engineer
90510,Leaf,Ventosa,3/30/64,6/11/87,1/1/99,Senior Engineer
90518,Fumiko,Chepyzhov,1/24/65,1/28/88,1/1/99,Senior Staff
90523,Khaled,Puppo,11/18/64,12/24/88,1/1/99,Senior Engineer
90533,Arch,Maliniak,3/28/64,5/24/96,1/1/99,Senior Engineer
90534,Sachio,Stifter,10/7/62,6/15/85,1/1/99,Senior Staff
90537,Dhritiman,Erol,7/23/62,6/27/89,1/1/99,Senior Staff
90539,Uzi,Perz,6/8/63,7/14/87,1/1/99,Senior Staff
90540,Aiman,Panwar,4/29/62,1/28/94,1/1/99,Technique Leader
90547,Isaac,Gruenwald,1/10/64,6/19/94,1/1/99,Senior Engineer
90552,Teruyuki,Shackel,11/2/64,12/17/94,1/1/99,Assistant Engineer
90558,Kiam,Anick,1/20/64,6/4/93,1/1/99,Senior Staff
90560,Sakthirel,Janocha,12/5/64,9/8/91,1/1/99,Senior Staff
90568,Bernardo,Bhattacharjee,11/12/64,10/13/94,1/1/99,Senior Staff
90574,Martina,Domenig,8/12/63,1/31/98,1/1/99,Senior Staff
90585,Kristine,Kusakabe,10/2/62,3/3/92,1/1/99,Engineer
90590,Shigeu,Kenevan,11/11/62,6/12/97,1/1/99,Senior Engineer
90599,Pranjal,Bazelow,10/3/63,3/15/98,1/1/99,Senior Engineer
90601,Mori,Bellone,11/25/63,1/30/93,1/1/99,Technique Leader
90608,Limsoon,Portugali,4/17/62,1/10/95,1/1/99,Senior Staff
90612,Brendon,Pillow,7/1/64,5/8/90,1/1/99,Senior Staff
90614,Yonghoan,Trogemann,1/29/65,9/23/88,1/1/99,Assistant Engineer
90624,Tadahiko,Atrawala,2/15/64,3/21/98,1/1/99,Assistant Engineer
90629,Babette,Gewali,1/23/64,1/1/97,1/1/99,Technique Leader
90638,Kankanahalli,Boyle,1/2/64,7/15/87,1/1/99,Engineer
90644,Jeanne,Gischer,6/15/64,3/8/99,1/1/99,Engineer
90646,Nimmagadda,Angelopoulos,4/2/64,12/13/96,1/1/99,Staff
90647,Vidar,Strehl,6/16/62,3/13/95,1/1/99,Senior Staff
90649,Sergi,Rosch,8/29/64,11/26/85,1/1/99,Engineer
90653,Mads,Aingworth,5/13/62,10/12/99,1/1/99,Technique Leader
90659,Domenick,Pouyioutas,11/8/62,6/25/94,1/1/99,Staff
90665,Pranav,Bolsens,4/26/64,10/7/87,1/1/99,Engineer
90666,Vasilii,Genther,12/29/62,8/1/97,1/1/99,Engineer
90671,Tua,Berstel,3/10/63,6/25/95,1/1/99,Engineer
90675,Rasiah,Penn,9/1/62,6/25/99,1/1/99,Senior Engineer
90678,Florina,Lorcy,10/14/62,5/29/87,1/1/99,Senior Engineer
90682,Jouko,Antonakopoulos,12/23/63,10/22/90,1/1/99,Senior Engineer
90685,Khedija,Warwick,4/20/63,1/20/00,1/1/99,Engineer
90691,Giordano,Acton,9/17/64,1/22/97,1/1/99,Engineer
90692,Rajmohan,DasSarma,1/3/65,9/14/85,1/1/99,Staff
90701,Bezalel,Falby,5/26/63,2/8/97,1/1/99,Staff
90702,Vincent,Lakshmanan,10/11/63,11/3/97,1/1/99,Engineer
90716,Otmar,Lyonns,10/29/64,7/25/99,1/1/99,Engineer
90721,Georgi,Schreiter,12/10/62,4/10/97,1/1/99,Senior Engineer
90727,Gilbert,Thibadeau,3/5/64,10/23/86,1/1/99,Senior Staff
90732,Hideo,Schaaf,8/8/63,7/16/86,1/1/99,Senior Engineer
90733,Niclas,Improta,1/16/64,10/31/87,1/1/99,Staff
90740,Gretta,Lanzelotte,9/27/63,2/18/85,1/1/99,Senior Engineer
90741,Kristinn,Bharadwaj,6/28/63,1/31/90,1/1/99,Senior Engineer
90752,Martins,Mahmud,1/24/64,1/11/95,1/1/99,Staff
90769,Duke,Slobodova,9/21/64,9/10/89,1/1/99,Senior Engineer
90772,Tiina,Cannane,7/13/64,12/15/96,1/1/99,Assistant Engineer
90779,Subbu,Linnainmaa,9/25/62,3/21/96,1/1/99,Engineer
90806,Hyuckchul,Nitta,3/10/63,8/21/90,1/1/99,Senior Staff
90807,Khun,Thebaut,11/17/62,12/18/85,1/1/99,Senior Engineer
90814,Susanna,Jonsson,2/5/62,11/11/98,1/1/99,Senior Staff
90816,Gian,Stifter,4/30/62,11/14/97,1/1/99,Staff
90819,Domenico,Chimia,4/24/64,7/29/93,1/1/99,Staff
90823,Isaac,Ashish,12/10/63,10/9/87,1/1/99,Staff
90825,Tsuneo,Marchesini,7/25/64,1/12/86,1/1/99,Senior Engineer
90847,Honesty,Alpay,3/4/63,11/24/90,1/1/99,Senior Staff
90849,Khoa,Thummel,7/26/63,8/16/92,1/1/99,Staff
90850,Masaki,Linares,8/19/62,9/24/91,1/1/99,Senior Staff
90860,Christophe,Turnbull,6/12/64,3/2/01,1/1/99,Senior Staff
90863,Shaz,Ohori,3/24/64,11/29/87,1/1/99,Engineer
90874,Mara,Schrift,5/19/63,8/27/90,1/1/99,Senior Staff
90875,Tetsurou,Vingron,2/1/63,11/26/89,1/1/99,Senior Staff
90881,Nadjib,Syang,2/12/62,6/1/97,1/1/99,Staff
90888,Tokuyasu,Miara,3/9/63,8/21/87,1/1/99,Engineer
90896,Youpyo,Radhakrishnan,5/24/63,11/30/99,1/1/99,Senior Engineer
90899,Arch,Lieberherr,11/26/62,3/21/97,1/1/99,Staff
90902,Vitaly,Beeson,11/14/64,6/20/85,1/1/99,Staff
90904,Lubomir,Motley,10/2/63,2/25/91,1/1/99,Senior Staff
90915,Arnould,Karlin,4/17/62,10/4/86,1/1/99,Engineer
90919,Arnd,Oehlmann,7/10/64,12/19/96,1/1/99,Senior Staff
90924,Fusako,Giarratana,7/5/62,6/2/94,1/1/99,Senior Staff
90929,Leen,Rattan,10/20/64,9/26/99,1/1/99,Senior Staff
90930,Aloys,Vieri,6/27/63,1/20/89,1/1/99,Staff
90933,Gaetan,Suri,7/8/62,7/25/96,1/1/99,Engineer
90937,Wuxu,Leaver,10/2/63,6/22/88,1/1/99,Engineer
90953,Mani,Vanwelkenhuysen,2/9/64,1/19/97,1/1/99,Staff
90959,Zorica,Perko,12/16/64,9/9/98,1/1/99,Staff
90968,Mooi,Schaar,9/23/62,11/8/94,1/1/99,Engineer
90972,Dinkar,Garigliano,5/16/62,10/14/86,1/1/99,Senior Engineer
90980,Chinhyun,Lund,10/25/64,8/15/93,1/1/99,Senior Staff
90981,Nitsan,Aloia,7/23/63,4/24/99,1/1/99,Engineer
90999,Szabolcs,Marzano,11/19/64,2/10/86,1/1/99,Engineer
91002,Kwan,Gruenwald,2/8/63,7/9/94,1/1/99,Senior Engineer
91004,Valter,Bernick,2/13/64,11/18/91,1/1/99,Staff
91006,Etsuo,Vesel,7/12/64,5/1/86,1/1/99,Senior Staff
91017,Sampalli,Vuskovic,8/20/63,1/18/90,1/1/99,Senior Engineer
91027,Etsuo,Alpay,2/14/64,4/3/88,1/1/99,Technique Leader
91033,Rosli,Clouatre,1/22/62,1/1/99,1/1/99,Staff
91036,Sanjai,Silva,2/15/62,5/6/99,1/1/99,Engineer
91037,Xiping,Langford,8/7/64,6/6/94,1/1/99,Engineer
91039,Valeri,Mansanne,4/15/62,4/17/86,1/1/99,Senior Staff
91040,Harjit,Kilgour,11/22/62,8/12/94,1/1/99,Assistant Engineer
91046,Kokou,Streit,5/13/63,8/14/86,1/1/99,Senior Engineer
91053,Leah,Waschkowski,7/25/64,12/6/87,1/1/99,Senior Engineer
91057,Teiji,Kirkerud,10/10/64,3/28/95,1/1/99,Staff
91066,Krisda,Standera,9/16/62,11/4/94,1/1/99,Engineer
91067,Mikhail,Zhang,3/11/62,2/2/96,1/1/99,Senior Engineer
91070,Uwe,Fairtlough,8/25/63,6/21/91,1/1/99,Senior Staff
91072,Noritoshi,Lorch,6/12/64,8/19/94,1/1/99,Engineer
91085,Mabo,Cyne,6/21/64,2/17/94,1/1/99,Senior Staff
91095,Ewing,Hockney,6/10/64,11/6/99,1/1/99,Senior Staff
91100,Jayesh,Munro,12/15/63,6/30/93,1/1/99,Staff
91103,Zejun,Schwabacher,6/9/64,11/9/92,1/1/99,Assistant Engineer
91114,Spyrose,Bail,3/2/64,1/29/92,1/1/99,Senior Staff
91120,Kristinn,Randt,8/21/62,4/7/90,1/1/99,Senior Engineer
91124,Isamu,Erez,7/28/62,5/23/89,1/1/99,Engineer
91129,Phuoc,Gihr,5/12/63,3/20/91,1/1/99,Engineer
91134,Odinaldo,McClure,9/24/62,7/10/93,1/1/99,Senior Staff
91137,Christ,Bierman,6/24/62,9/26/90,1/1/99,Senior Staff
91138,Dipankar,Ladret,7/19/63,8/30/87,1/1/99,Senior Staff
91140,Gian,Hockney,2/1/64,3/6/88,1/1/99,Technique Leader
91143,Fuqing,Bierman,11/1/64,2/1/95,1/1/99,Senior Engineer
91155,Dipayan,Molberg,4/10/63,6/27/95,1/1/99,Senior Engineer
91163,Yakkov,Feinberg,5/3/63,8/14/85,1/1/99,Staff
91165,Geraldo,Kavanagh,5/14/64,11/2/99,1/1/99,Staff
91171,Toshimitsu,Quaggetto,4/8/64,4/26/91,1/1/99,Senior Engineer
91172,Kazuhisa,Melter,1/19/65,7/16/87,1/1/99,Staff
91176,Dmitri,Slutz,6/28/64,6/3/98,1/1/99,Senior Staff
91181,Narain,Eldridge,8/23/62,6/30/94,1/1/99,Engineer
91182,Lucien,Schwartzburd,1/4/65,8/25/88,1/1/99,Senior Engineer
91183,Jamaludin,Thibadeau,5/2/63,7/9/98,1/1/99,Engineer
91192,Tzvetan,Kisuki,3/23/62,9/28/92,1/1/99,Engineer
91200,Nikolaus,Bahl,11/16/64,9/5/90,1/1/99,Senior Staff
91209,Subbu,Pesch,3/22/62,5/7/95,1/1/99,Senior Engineer
91229,Yahiko,Hebden,1/1/65,10/3/96,1/1/99,Engineer
91231,Arunachalam,Comellas,2/13/64,9/5/87,1/1/99,Senior Engineer
91236,Falguni,Murthy,5/20/62,6/23/91,1/1/99,Staff
91237,Chinhyun,Murthy,11/4/63,5/3/96,1/1/99,Staff
91241,Reuven,Szmurlo,3/9/64,9/16/88,1/1/99,Senior Engineer
91242,Akemi,Lemarechal,9/6/62,10/25/93,1/1/99,Technique Leader
91245,Marla,Siepmann,8/5/63,10/14/94,1/1/99,Senior Engineer
91248,Akeno,Chenney,8/14/63,9/7/89,1/1/99,Senior Staff
91253,Chanjung,Pargaonkar,2/15/62,12/15/95,1/1/99,Senior Engineer
91254,Tommaso,Garnier,5/24/62,6/10/90,1/1/99,Senior Staff
91255,Karoline,Ghelli,10/2/64,5/25/85,1/1/99,Engineer
91256,Gunilla,Milicic,1/13/65,1/9/98,1/1/99,Staff
91257,Berni,Taneja,1/10/63,8/26/98,1/1/99,Engineer
91261,Adil,Munos,9/15/64,11/12/90,1/1/99,Senior Staff
91262,Somnath,Quaggetto,8/10/63,6/21/89,1/1/99,Senior Staff
91266,Mitsuyuki,Karcich,5/3/64,8/18/92,1/1/99,Senior Staff
91272,Premsyl,Chachaty,6/12/63,7/12/95,1/1/99,Staff
91282,Ghassan,Gelosh,7/14/62,1/19/86,1/1/99,Staff
91286,Toong,Constantine,5/25/63,12/10/90,1/1/99,Engineer
91292,Lorien,Luca,11/10/64,7/14/96,1/1/99,Staff
91294,Bezalel,Erva,11/2/64,10/27/85,1/1/99,Senior Engineer
91300,Willard,Erdi,6/27/63,12/2/88,1/1/99,Engineer
91301,Mooi,Coors,10/12/63,9/17/00,1/1/99,Staff
91303,Denny,Radhakrishnan,10/5/63,1/11/88,1/1/99,Senior Staff
91305,Jinxi,Haldar,10/6/62,1/21/94,1/1/99,Engineer
91309,Shalesh,Spelt,12/16/64,10/9/97,1/1/99,Staff
91318,Jiafu,Huhdanpaa,10/19/63,2/12/01,1/1/99,Engineer
91319,Jackson,Gill,10/23/63,1/6/91,1/1/99,Senior Staff
91322,Bingning,Simkin,1/11/64,2/13/93,1/1/99,Engineer
91333,Lobel,Stafford,1/27/65,11/29/98,1/1/99,Staff
91336,Zhonghui,Feinberg,3/22/64,9/8/92,1/1/99,Senior Engineer
91337,Martijn,Merli,5/1/62,9/14/92,1/1/99,Senior Engineer
91354,Martina,Jullig,4/21/64,12/16/91,1/1/99,Senior Engineer
91356,Nahla,Mandelberg,10/9/62,10/1/88,1/1/99,Technique Leader
91358,Patricia,Gubsky,1/31/64,8/21/94,1/1/99,Engineer
91361,Diederik,Kilgore,8/18/64,5/20/99,1/1/99,Engineer
91378,Aruna,Halevi,6/1/64,2/26/99,1/1/99,Technique Leader
91384,Zongyan,Jansen,3/26/62,9/12/85,1/1/99,Senior Staff
91385,JiYoung,Gerteisen,7/21/62,11/28/94,1/1/99,Engineer
91386,Vugranam,Felcyn,10/8/62,11/12/90,1/1/99,Senior Staff
91389,Zhaofang,Rande,1/30/62,4/21/94,1/1/99,Staff
91391,JoAnne,Passafiume,10/18/64,8/19/85,1/1/99,Senior Engineer
91415,Jamaludin,Nilsson,1/4/65,1/15/87,1/1/99,Staff
91419,Ayakannu,Schonegge,5/4/63,11/7/97,1/1/99,Staff
91433,Georg,Pesch,1/4/63,3/13/86,1/1/99,Staff
91434,Uno,Toyoshima,3/26/62,11/23/98,1/1/99,Engineer
91437,Zhiwei,Kragelund,2/24/64,5/26/91,1/1/99,Senior Staff
91440,Sanjay,Cooley,2/21/62,8/31/88,1/1/99,Engineer
91445,Phuoc,Alblas,4/24/62,2/7/97,1/1/99,Engineer
91460,Kirk,Terekhov,1/14/64,8/14/85,1/1/99,Engineer
91467,Ewing,Hettesheimer,10/20/64,8/23/91,1/1/99,Senior Staff
91470,Radhia,Condotta,1/5/63,2/10/86,1/1/99,Senior Staff
91488,Kerhong,Riesenhuber,1/6/63,9/15/85,1/1/99,Senior Engineer
91492,Gudjon,Biron,8/5/64,10/19/92,1/1/99,Engineer
91509,Mana,Trelles,6/1/62,8/2/94,1/1/99,Senior Engineer
91515,Yuguang,Wynblatt,1/23/62,9/23/94,1/1/99,Assistant Engineer
91529,Wuxu,Serra,10/13/63,2/12/91,1/1/99,Senior Staff
91530,Subhash,Farris,6/29/63,6/29/93,1/1/99,Engineer
91532,Hirochika,Kuszyk,8/6/63,5/1/91,1/1/99,Assistant Engineer
91536,Sarita,Luck,12/9/63,7/2/01,1/1/99,Staff
91537,Eishiro,Rosar,3/28/64,4/5/94,1/1/99,Senior Staff
91540,Koldo,Demian,3/21/63,8/19/89,1/1/99,Senior Engineer
91542,Houman,Selenyi,1/4/62,11/25/88,1/1/99,Staff
91550,Xuedong,Swab,8/25/64,6/5/93,1/1/99,Senior Engineer
91552,Xiaocheng,Szilard,8/16/63,8/31/85,1/1/99,Staff
91555,Angel,Pauthner,1/15/64,6/18/86,1/1/99,Staff
91567,Zine,Siksek,9/8/62,3/27/01,1/1/99,Senior Staff
91568,Shmuel,Werthner,4/27/62,6/2/93,1/1/99,Senior Staff
91569,Moie,Linnainmaa,8/19/62,7/24/86,1/1/99,Engineer
91573,Constantijn,Kandlur,1/24/62,12/20/88,1/1/99,Senior Staff
91577,Elrique,Brendel,1/20/64,3/9/00,1/1/99,Staff
91581,Tuval,Lundstrom,7/23/62,11/18/98,1/1/99,Senior Engineer
91592,Shooichi,Fiutem,11/23/63,4/29/92,1/1/99,Senior Staff
91604,Ronghao,Giarratana,1/1/62,7/12/99,1/1/99,Staff
91606,Pintsang,Gyorkos,12/25/63,11/29/89,1/1/99,Staff
91615,Shmuel,Litvinov,8/28/64,10/9/96,1/1/99,Senior Staff
91616,Lansing,Guenter,7/1/63,4/24/94,1/1/99,Staff
91639,Sverrir,Lamma,1/24/62,6/10/97,1/1/99,Senior Staff
91642,Itzchak,Tsukuda,1/18/62,12/5/92,1/1/99,Engineer
91645,Kankanahalli,Solares,6/14/64,3/20/95,1/1/99,Engineer
91648,Dmitry,Msuda,1/29/65,10/22/88,1/1/99,Staff
91649,Erez,Beausoleil,1/2/64,11/15/89,1/1/99,Senior Engineer
91650,Subhrajyoti,Laurillard,10/3/63,7/4/87,1/1/99,Senior Staff
91660,Chriss,Sifakis,9/30/62,5/15/92,1/1/99,Engineer
91665,Aimee,Danley,6/16/63,9/17/99,1/1/99,Staff
91677,Ghassan,Lienhardt,11/15/63,10/21/95,1/1/99,Engineer
91684,Arco,Setiz,6/4/64,1/25/92,1/1/99,Senior Engineer
91690,Aamod,Xiaoshan,8/6/62,7/28/98,1/1/99,Staff
91697,Jayesh,Cincotta,5/11/64,10/18/87,1/1/99,Engineer
91706,Wanqing,Ghelli,5/5/63,5/7/98,1/1/99,Senior Engineer
91712,Torsten,Plumb,2/26/63,1/1/94,1/1/99,Senior Engineer
91715,Patricia,Goldhammer,7/13/63,4/26/85,1/1/99,Senior Engineer
91717,Zita,Carrera,10/26/64,10/9/85,1/1/99,Staff
91725,Menkae,Iwayama,9/10/62,5/2/94,1/1/99,Technique Leader
91736,Bedir,Gurbaxani,3/31/64,2/22/86,1/1/99,Senior Engineer
91741,Georgy,Marrakchi,12/27/64,7/25/89,1/1/99,Senior Staff
91743,Kitty,Brickell,10/29/64,11/8/93,1/1/99,Senior Staff
91744,Gio,Kaiser,3/15/63,11/8/95,1/1/99,Engineer
91749,Seshu,Noriega,12/25/63,1/19/01,1/1/99,Engineer
91752,Oldrich,Narahara,2/16/63,11/22/93,1/1/99,Senior Engineer
91754,Ortrud,Msuda,3/28/64,1/12/88,1/1/99,Engineer
91758,Ishfaq,Herber,12/21/64,8/26/94,1/1/99,Senior Staff
91769,Ghassan,Nivat,7/22/62,8/6/99,1/1/99,Engineer
91780,Florian,Ladret,3/6/64,8/7/99,1/1/99,Senior Engineer
91781,Emran,Broomell,3/31/63,3/11/90,1/1/99,Assistant Engineer
91786,Feiyu,Rajala,12/16/62,7/13/86,1/1/99,Staff
91792,Marsha,Boreale,5/23/64,3/1/91,1/1/99,Engineer
91797,Kannan,Uehara,3/12/64,7/1/94,1/1/99,Technique Leader
91804,Anestis,Irland,9/19/64,6/14/01,1/1/99,Staff
91810,Martien,Baek,11/30/62,10/5/95,1/1/99,Assistant Engineer
91814,Vugranam,DiGiano,6/11/62,11/11/86,1/1/99,Senior Engineer
91825,Uwe,Hofstetter,10/5/64,6/13/85,1/1/99,Technique Leader
91826,Adam,Schwaller,11/16/64,10/20/86,1/1/99,Senior Engineer
91828,Amstein,Hashii,6/12/63,3/7/98,1/1/99,Staff
91834,Xiaobin,Ballarin,6/12/63,1/18/87,1/1/99,Senior Engineer
91841,Mansur,Ruemmler,3/5/62,7/9/98,1/1/99,Engineer
91858,Valdiodio,Cyre,4/19/62,1/5/88,1/1/99,Engineer
91868,Gao,Lipner,7/17/63,12/27/89,1/1/99,Engineer
91883,Arlette,Bultermann,10/17/64,1/15/95,1/1/99,Technique Leader
91886,Christfried,Lupu,6/30/63,3/3/87,1/1/99,Senior Staff
91893,Holgard,Sullins,9/5/63,8/8/89,1/1/99,Staff
91899,Dannz,Pileggi,12/9/62,12/19/99,1/1/99,Engineer
91917,Hidekazu,Luef,8/19/62,1/4/92,1/1/99,Senior Engineer
91919,Suebskul,Facello,2/7/64,3/15/98,1/1/99,Engineer
91920,Kerryn,Perko,3/9/62,8/9/92,1/1/99,Senior Staff
91930,Amstein,Birke,5/1/62,8/24/87,1/1/99,Senior Engineer
91931,Charmane,Merli,11/23/64,5/18/96,1/1/99,Senior Staff
91946,Mohan,Jakobus,5/10/62,2/22/93,1/1/99,Senior Staff
91952,Jongsuk,Lukaszewicz,11/21/63,2/26/98,1/1/99,Staff
91954,Shin,Hemaspaandra,5/15/64,5/15/90,1/1/99,Senior Engineer
91957,Kitty,Sidhu,8/2/64,6/28/89,1/1/99,Senior Staff
91962,Stein,Facello,5/22/64,2/1/97,1/1/99,Engineer
91970,Snehasis,Swab,1/9/64,12/13/99,1/1/99,Engineer
91975,Gio,Ohori,5/8/62,7/31/86,1/1/99,Senior Engineer
91983,Shem,Grospietsch,9/13/64,6/1/86,1/1/99,Engineer
91988,Vishwani,Perl,11/13/64,6/19/98,1/1/99,Technique Leader
91990,Seongbae,Sifakis,8/12/63,12/22/01,1/1/99,Senior Engineer
91995,Karoline,Sullins,10/11/63,3/21/98,1/1/99,Engineer
92000,Shunichi,Nyrup,12/7/64,5/11/97,1/1/99,Senior Engineer
92006,Khue,Peek,7/30/63,1/3/90,1/1/99,Staff
92008,Jaewon,Speckmann,9/9/64,7/23/89,1/1/99,Senior Engineer
92010,Guenter,Marquardt,2/1/63,12/2/97,1/1/99,Engineer
92013,Kish,Chartres,7/14/64,5/2/85,1/1/99,Senior Engineer
92018,Bernardo,Kaiserswerth,7/9/63,7/18/02,1/1/99,Engineer
92021,Owen,Brlek,6/30/63,8/12/87,1/1/99,Senior Staff
92026,Jungsoon,Dalphin,1/25/63,1/13/01,1/1/99,Technique Leader
92032,Serif,Mansanne,4/10/64,4/28/99,1/1/99,Staff
92036,Munenori,Hockney,2/19/64,12/22/98,1/1/99,Staff
92037,Yishay,Laurillard,7/7/64,5/1/00,1/1/99,Senior Engineer
92040,Shuky,Guerreiro,5/17/64,5/16/93,1/1/99,Staff
92055,Yuichiro,Luders,7/23/62,5/26/02,1/1/99,Staff
92058,Alain,Meriste,1/26/62,10/28/95,1/1/99,Senior Staff
92060,Arra,Willoner,7/13/64,10/22/99,1/1/99,Senior Engineer
92061,Neelam,Garrabrants,6/30/62,12/20/92,1/1/99,Engineer
92065,Mohamadou,Staylopatis,9/20/63,12/27/01,1/1/99,Staff
92067,Nevio,Barvinok,2/11/63,8/24/95,1/1/99,Engineer
92073,Kiyomitsu,Kieras,12/14/63,6/8/98,1/1/99,Staff
92074,Gaetan,Randt,6/6/62,12/24/97,1/1/99,Senior Staff
92077,Gennady,Ranon,9/17/64,9/8/93,1/1/99,Staff
92078,Huiqun,Back,4/14/64,2/4/95,1/1/99,Senior Staff
92080,Yechezkel,Lores,4/6/62,4/26/90,1/1/99,Senior Engineer
92081,Alagu,Neimat,4/4/63,7/19/85,1/1/99,Staff
92085,Djenana,Marrevee,6/22/63,7/21/95,1/1/99,Staff
92104,Olivera,Wolniewicz,12/6/63,1/28/99,1/1/99,Engineer
92110,Werner,Staelin,10/30/62,1/2/96,1/1/99,Senior Engineer
92123,Munenori,Zultner,3/6/63,10/16/92,1/1/99,Engineer
92126,Florian,Suermann,5/7/64,5/25/97,1/1/99,Engineer
92127,Ramya,Bail,4/27/62,1/3/00,1/1/99,Senior Engineer
92134,Vishv,Kornatzky,12/27/63,4/30/95,1/1/99,Engineer
92141,Larisa,Falster,2/9/64,7/4/92,1/1/99,Engineer
92148,Radhakrishnan,Parveen,10/4/63,3/4/93,1/1/99,Staff
92152,Aron,Trelles,5/28/62,2/1/90,1/1/99,Engineer
92162,Kazuhira,Tempesti,12/16/64,6/10/99,1/1/99,Senior Staff
92171,Toshiko,Bruckman,3/13/62,8/1/93,1/1/99,Senior Engineer
92174,Subhada,Seghrouchni,3/24/64,1/23/89,1/1/99,Senior Staff
92178,Muzhong,Isard,8/22/64,9/27/87,1/1/99,Staff
92188,Adit,Demke,4/23/64,7/10/97,1/1/99,Senior Engineer
92190,Geraldo,Waschkowski,8/6/62,11/4/95,1/1/99,Technique Leader
92198,Yunming,Holburn,10/27/62,9/13/96,1/1/99,Senior Staff
92199,Seongbae,Beilner,7/24/63,6/16/86,1/1/99,Senior Staff
92200,Dinkar,Carrera,1/25/64,5/12/91,1/1/99,Senior Engineer
92201,Jongsuk,Hambrick,9/7/64,6/22/87,1/1/99,Senior Engineer
92204,Utz,Vanwelkenhuysen,5/22/62,3/15/88,1/1/99,Senior Staff
92205,Somnath,Landherr,7/18/62,1/27/00,1/1/99,Engineer
92212,Yongqiao,Iisaka,9/30/63,4/1/99,1/1/99,Assistant Engineer
92223,Alagu,Lukaszewicz,9/23/64,7/24/99,1/1/99,Staff
92224,Shmuel,Candan,4/17/64,12/31/89,1/1/99,Staff
92236,Joydip,Munawer,2/17/63,2/2/93,1/1/99,Senior Staff
92246,Tadahiro,McFarlin,7/22/64,9/6/87,1/1/99,Senior Engineer
92268,Martial,Stanfel,12/29/62,1/17/87,1/1/99,Senior Engineer
92275,Khoa,Valtorta,1/26/62,8/21/98,1/1/99,Senior Staff
92277,Dung,Pavlopoulou,9/10/62,10/31/96,1/1/99,Engineer
92282,Moie,Emden,10/17/63,8/14/97,1/1/99,Engineer
92284,Sanjit,Kragelund,9/22/62,11/10/98,1/1/99,Staff
92287,Candida,Quadeer,9/28/64,3/5/97,1/1/99,Senior Staff
92288,Jolita,Serra,7/19/63,10/4/94,1/1/99,Engineer
92296,Kristian,Dolinsky,10/12/63,1/22/86,1/1/99,Senior Engineer
92301,Perla,Aloisi,1/7/62,7/13/88,1/1/99,Technique Leader
92303,Phillip,Sridhar,1/23/64,7/26/91,1/1/99,Senior Engineer
92306,Sachio,Hedayat,11/16/64,5/19/99,1/1/99,Engineer
92308,Chenye,Dichev,2/13/64,6/17/93,1/1/99,Senior Staff
92334,Susanna,Vural,8/12/64,11/13/93,1/1/99,Engineer
92343,Herbert,Karlin,10/30/63,2/3/99,1/1/99,Senior Staff
92351,Phillip,Thiran,10/5/62,1/19/88,1/1/99,Engineer
92352,Satosi,Lammel,9/4/63,6/27/98,1/1/99,Senior Engineer
92353,Subhada,Porotnikoff,8/9/64,12/23/93,1/1/99,Technique Leader
92357,Billie,Masada,11/24/64,6/3/96,1/1/99,Technique Leader
92358,Eirik,Kusalik,2/24/64,9/17/94,1/1/99,Engineer
92364,Sven,Hoogerwoord,10/28/64,2/25/85,1/1/99,Senior Staff
92380,Yurii,Jansch,12/19/62,3/8/96,1/1/99,Engineer
92382,Moty,Pietracaprina,8/2/63,4/8/91,1/1/99,Senior Staff
92383,Stella,Chleq,3/9/63,6/1/86,1/1/99,Senior Staff
92387,Candido,Munck,8/9/62,2/18/95,1/1/99,Engineer
92388,Giao,Heuter,12/15/63,9/27/91,1/1/99,Engineer
92390,Radoslaw,Pfau,8/13/63,11/5/00,1/1/99,Senior Staff
92395,Elgin,Selvestrel,7/8/63,6/10/91,1/1/99,Engineer
92404,Sergi,Cesareni,4/11/64,7/11/96,1/1/99,Senior Staff
92408,Satyanarayana,Lindenbaum,3/24/62,2/25/90,1/1/99,Assistant Engineer
92423,Brigham,Schonegge,8/4/64,2/16/86,1/1/99,Engineer
92428,Basim,Srimani,9/12/64,1/2/97,1/1/99,Engineer
92433,Mountaz,Usery,3/27/63,3/2/86,1/1/99,Senior Engineer
92436,Guozhong,Takkinen,9/13/64,8/6/92,1/1/99,Engineer
92438,Aria,Kilgore,1/4/65,4/11/92,1/1/99,Engineer
92448,Flemming,Rodiger,6/3/62,6/7/02,1/1/99,Engineer
92449,Georg,Birsak,9/15/63,5/1/91,1/1/99,Senior Staff
92452,Paloma,Ghandeharizadeh,5/10/64,7/19/96,1/1/99,Staff
92454,Visit,McFarlan,1/24/65,10/22/87,1/1/99,Engineer
92456,Kersti,McConalogue,11/2/62,1/10/87,1/1/99,Senior Engineer
92463,Ramalingam,Kitsuregawa,5/24/62,7/19/95,1/1/99,Senior Engineer
92467,Moni,Brattka,11/22/64,4/1/88,1/1/99,Staff
92468,Akhilish,Gist,1/7/63,7/2/93,1/1/99,Technique Leader
92480,Rosalyn,Waeselynck,2/23/63,11/25/92,1/1/99,Senior Engineer
92482,Taegyun,Collette,1/16/62,7/22/90,1/1/99,Senior Engineer
92484,Phuoc,Rotem,3/19/62,6/1/93,1/1/99,Staff
92490,Valdiodio,Pouyioutas,7/2/62,12/26/89,1/1/99,Senior Engineer
92498,Siddarth,Levasseur,7/6/64,9/18/92,1/1/99,Senior Engineer
92502,Hitofumi,Serra,12/30/62,9/23/96,1/1/99,Technique Leader
92505,Leon,Kuhnemann,12/21/62,12/8/87,1/1/99,Engineer
92519,Suvo,Valiente,6/28/63,9/14/89,1/1/99,Senior Staff
92520,Berhard,Passino,10/5/63,11/27/93,1/1/99,Senior Staff
92526,Sakthirel,Pollock,10/2/63,11/16/97,1/1/99,Staff
92528,Tamiya,Georgatos,10/26/62,7/11/85,1/1/99,Engineer
92543,Francesca,Munawer,10/31/64,8/27/96,1/1/99,Engineer
92561,Morris,Xiaoshan,12/25/63,8/20/87,1/1/99,Staff
92562,Yucel,Massonet,6/9/62,2/7/92,1/1/99,Senior Staff
92565,Eldridge,Schurmann,3/30/64,6/14/93,1/1/99,Engineer
92567,Mong,Kushnir,4/5/62,9/23/92,1/1/99,Staff
92568,Kenroku,Koyama,8/12/64,9/14/94,1/1/99,Staff
92573,Mizuhito,Oaver,1/21/62,6/5/90,1/1/99,Engineer
92577,Zhanqiu,Farrow,1/6/65,1/10/99,1/1/99,Assistant Engineer
92578,Zissis,Jayawardene,3/13/64,2/24/86,1/1/99,Senior Staff
92586,Akhilish,Underwood,5/12/63,6/9/95,1/1/99,Engineer
92589,Vasiliy,McClure,12/11/62,8/23/00,1/1/99,Engineer
92596,Perry,Lubachevsky,9/9/64,5/16/92,1/1/99,Senior Engineer
92598,Ranga,Merro,1/18/65,5/11/96,1/1/99,Assistant Engineer
92602,Bojan,Shokrollahi,2/10/64,6/9/97,1/1/99,Staff
92609,Rosita,Hofmeyr,10/20/63,11/15/93,1/1/99,Staff
92610,Fumitaka,DuCasse,9/23/64,2/21/94,1/1/99,Senior Staff
92615,Berry,Puppe,1/16/62,4/17/99,1/1/99,Engineer
92619,Baocai,Perz,7/30/63,8/5/87,1/1/99,Senior Engineer
92621,Marco,Ernst,6/20/63,6/4/95,1/1/99,Staff
92624,Chiradeep,Snyers,6/6/62,6/18/88,1/1/99,Senior Staff
92635,Girolamo,Kopetz,7/25/64,9/23/91,1/1/99,Senior Engineer
92638,Magy,Yurov,4/3/63,1/10/89,1/1/99,Staff
92641,Jongsuk,Gelosh,1/16/64,9/21/87,1/1/99,Engineer
92647,Masaru,Jayawardene,11/12/62,4/12/89,1/1/99,Technique Leader
92651,Arco,Conta,1/22/62,6/21/92,1/1/99,Senior Staff
92653,Martijn,Fortenbacher,8/17/64,11/2/99,1/1/99,Engineer
92657,Qingxiang,Gornas,12/16/62,12/30/90,1/1/99,Senior Staff
92670,Uri,Woycyznski,4/27/64,4/25/98,1/1/99,Staff
92672,Nishit,Birge,10/7/64,9/1/95,1/1/99,Technique Leader
92675,Kristen,Erman,5/10/64,9/26/90,1/1/99,Engineer
92679,Sajjan,Dayang,8/27/64,1/28/00,1/1/99,Staff
92685,Mang,Atchley,1/26/65,6/7/95,1/1/99,Senior Staff
92695,Yuqun,Gien,12/19/62,5/26/95,1/1/99,Engineer
92697,Larisa,Swan,9/5/64,8/2/85,1/1/99,Staff
92705,Gunilla,Pintelas,12/11/63,10/10/91,1/1/99,Engineer
92715,Boaz,Gecseg,7/16/64,9/15/86,1/1/99,Engineer
92726,Saeed,Doering,7/3/62,3/17/88,1/1/99,Senior Staff
92728,Cedric,Francisci,1/11/63,11/24/95,1/1/99,Senior Engineer
92739,Fumiya,Schoegge,2/11/63,5/22/86,1/1/99,Senior Staff
92748,Bokyung,Hiroyama,4/6/63,8/10/97,1/1/99,Staff
92753,Gritta,Luit,4/13/63,6/19/92,1/1/99,Senior Engineer
92759,Kazuhiko,Siegrist,12/2/63,2/12/89,1/1/99,Senior Staff
92763,Cedric,Cannane,6/29/62,9/6/96,1/1/99,Staff
92772,Mohamadou,McClurg,6/20/63,6/1/97,1/1/99,Senior Staff
92781,Bouchung,Yetto,4/9/63,8/28/93,1/1/99,Senior Staff
92783,Tristan,Chelton,11/19/64,4/18/94,1/1/99,Senior Staff
92789,Luigi,Rissanen,11/16/64,6/21/90,1/1/99,Staff
92794,Mayuri,Bhattacharjee,12/8/63,8/12/91,1/1/99,Senior Engineer
92812,Guangming,Dengi,1/15/63,12/15/93,1/1/99,Senior Engineer
92814,Parviz,Godskesen,7/28/64,2/16/99,1/1/99,Engineer
92839,Tran,Weisert,1/20/64,12/9/88,1/1/99,Staff
92841,Claude,Candan,1/22/65,8/4/93,1/1/99,Senior Staff
92843,Falguni,Carrere,6/19/64,10/16/94,1/1/99,Senior Staff
92844,Uwe,Sessa,2/22/62,9/22/98,1/1/99,Senior Staff
92846,Anyuan,Kropatsch,1/11/65,9/5/86,1/1/99,Staff
92847,Ramachenga,Weisert,5/31/63,5/2/88,1/1/99,Engineer
92850,Eldridge,Poupard,6/22/63,2/20/90,1/1/99,Senior Staff
92860,Masamitsu,Karnin,6/29/63,11/4/91,1/1/99,Engineer
92863,Kristinn,Ermel,5/4/63,8/22/86,1/1/99,Staff
92864,Basem,Lovengreen,2/6/63,4/26/91,1/1/99,Senior Staff
92868,Zengping,Narwekar,7/15/64,6/2/98,1/1/99,Senior Staff
92871,Yannik,Radivojevic,9/8/63,10/11/96,1/1/99,Staff
92884,Reinhard,Bratsberg,6/9/64,8/29/99,1/1/99,Engineer
92895,Herbert,Bernardinello,2/26/64,11/20/89,1/1/99,Senior Engineer
92896,Hein,Buescher,7/31/62,11/3/97,1/1/99,Engineer
92897,Harngdar,Mansanne,4/5/62,8/31/87,1/1/99,Senior Staff
92902,Dmitri,Walstra,9/15/64,1/27/94,1/1/99,Staff
92905,Georgy,Pollacia,4/28/62,6/21/87,1/1/99,Senior Engineer
92909,Mario,Luca,4/9/64,4/13/91,1/1/99,Senior Staff
92911,Emran,Pulkowski,7/26/63,10/9/91,1/1/99,Senior Staff
92915,Susumu,Biran,3/3/63,5/21/90,1/1/99,Senior Staff
92920,Huei,Hutter,1/20/65,1/28/93,1/1/99,Senior Engineer
92921,Eran,Luck,3/29/62,6/4/87,1/1/99,Senior Engineer
92926,Renee,Mitina,11/4/62,3/16/99,1/1/99,Staff
92928,Subbu,Zuberek,6/2/63,1/22/97,1/1/99,Senior Engineer
92934,Arto,Einsfeld,10/17/64,3/6/02,1/1/99,Engineer
92939,Nagui,Emden,6/14/62,10/5/98,1/1/99,Assistant Engineer
92942,Elliott,Fadgyas,9/24/62,7/6/99,1/1/99,Staff
92954,Kitty,Wielonsky,5/20/64,1/29/94,1/1/99,Senior Engineer
92956,Kristinn,Garigliano,4/23/64,1/30/92,1/1/99,Senior Staff
92958,Limsoon,Vandervoorde,5/26/63,3/30/88,1/1/99,Senior Engineer
92974,Kauko,Veeraraghavan,6/20/63,9/15/96,1/1/99,Staff
92988,Nechama,Rathonyi,9/8/64,12/24/86,1/1/99,Engineer
92994,Kellyn,Poulakidas,3/15/64,9/6/87,1/1/99,Engineer
92997,Richard,Demos,1/28/62,12/13/99,1/1/99,Senior Staff
93009,Miyeon,Penttonen,11/3/64,1/14/99,1/1/99,Senior Staff
93011,Alejandra,Carrere,8/12/62,7/1/90,1/1/99,Senior Staff
93019,Jiang,Babb,2/22/63,12/31/99,1/1/99,Engineer
93021,Seongbae,Morris,2/27/64,12/29/96,1/1/99,Engineer
93024,Henk,Whitcomb,9/23/62,11/7/99,1/1/99,Staff
93027,Diederik,Oehlmann,7/25/62,1/27/92,1/1/99,Senior Engineer
93032,Venkatesan,Zongker,5/18/62,10/11/86,1/1/99,Senior Staff
93035,Georg,Godskesen,2/28/64,3/18/96,1/1/99,Staff
93040,Jaques,Kabayashi,1/19/65,3/13/92,1/1/99,Senior Engineer
93045,Randi,Comellas,3/29/64,11/13/94,1/1/99,Senior Engineer
93050,Rosalie,Hanratty,1/19/62,1/5/87,1/1/99,Engineer
93057,Vitaly,Meszaros,2/24/63,8/24/96,1/1/99,Senior Staff
93067,Guenter,Garnick,3/6/63,6/28/94,1/1/99,Senior Staff
93077,Kendra,Guerreiro,11/21/63,10/30/85,1/1/99,Engineer
93081,Makato,Krone,8/11/64,6/11/88,1/1/99,Assistant Engineer
93083,Sudharsan,Matzov,5/17/63,7/14/94,1/1/99,Senior Engineer
93091,Goo,Pintelas,8/23/62,8/2/90,1/1/99,Senior Staff
93092,Radhika,Sudkamp,4/13/64,8/1/97,1/1/99,Staff
93097,Masaki,Saoudi,2/14/63,12/13/98,1/1/99,Engineer
93104,Roselyn,Kroft,1/25/63,3/19/95,1/1/99,Engineer
93109,Amalendu,Kalorkoti,5/17/63,9/11/00,1/1/99,Senior Staff
93112,Adib,Grabner,5/4/62,6/15/87,1/1/99,Engineer
93116,Basant,Trumbly,6/14/62,5/18/92,1/1/99,Technique Leader
93117,Junsik,Stamatiou,3/30/63,5/4/01,1/1/99,Senior Engineer
93124,Kwee,Tanemo,5/18/62,9/6/88,1/1/99,Engineer
93133,Mingdong,Attimonelli,2/22/63,8/31/89,1/1/99,Senior Staff
93142,Leen,Varley,7/31/62,12/15/97,1/1/99,Engineer
93149,Yechezkel,Schauser,8/1/62,11/24/91,1/1/99,Senior Engineer
93151,Steen,Skogmar,7/23/64,3/20/91,1/1/99,Staff
93158,Huican,Kirkerud,2/17/64,11/27/96,1/1/99,Senior Engineer
93166,Izaskun,Selvestrel,7/28/62,5/4/92,1/1/99,Senior Engineer
93172,Xiaocheng,Chvatal,10/19/64,7/15/86,1/1/99,Staff
93178,Leaf,Penn,8/3/63,1/17/95,1/1/99,Staff
93181,Pranay,Sanella,2/16/63,8/5/93,1/1/99,Senior Staff
93190,Gennadi,Marakhovsky,1/15/63,1/22/96,1/1/99,Technique Leader
93196,Jagoda,Lindenbaum,12/31/64,9/10/98,1/1/99,Staff
93204,Neven,Nishimukai,5/5/62,9/15/95,1/1/99,Senior Staff
93208,Genta,Marzano,1/1/64,10/9/97,1/1/99,Senior Staff
93209,Shin,Chvatal,5/30/64,9/21/90,1/1/99,Senior Engineer
93214,Bilhanan,Haumacher,10/31/63,3/15/93,1/1/99,Staff
93220,Richara,Walston,1/11/65,8/27/96,1/1/99,Senior Engineer
93230,Kazuhiko,Farrel,11/3/62,5/15/96,1/1/99,Senior Staff
93231,Ziya,Plumb,8/1/64,1/3/87,1/1/99,Senior Staff
93239,Mingdong,Pollacia,3/14/62,10/18/93,1/1/99,Senior Staff
93246,Jayesh,Shinomoto,5/17/62,8/8/90,1/1/99,Staff
93253,Xinyu,Vieri,8/3/64,8/27/95,1/1/99,Engineer
93258,Elrique,Gecsei,6/30/63,5/31/97,1/1/99,Engineer
93260,Zdislav,Lunn,11/6/64,3/18/98,1/1/99,Senior Engineer
93263,Margareta,Conta,7/10/62,7/23/93,1/1/99,Senior Staff
93270,Stepehn,Halloran,8/14/63,1/6/90,1/1/99,Senior Staff
93278,Magdalena,Penn,2/1/65,1/4/97,1/1/99,Engineer
93279,Shih,Shihab,10/3/63,6/9/87,1/1/99,Staff
93283,Lillian,Kushner,9/8/62,10/10/95,1/1/99,Assistant Engineer
93285,Lubomir,Cooman,1/18/64,4/11/88,1/1/99,Senior Staff
93290,Teunis,Mellouli,4/27/62,5/11/86,1/1/99,Engineer
93317,Yifei,dAstous,10/5/64,8/3/89,1/1/99,Staff
93322,Elvis,Ferretti,2/18/62,9/6/96,1/1/99,Staff
93326,Surveyors,Garnier,4/3/64,8/16/95,1/1/99,Engineer
93328,Menkae,Bierman,3/22/62,7/12/91,1/1/99,Technique Leader
93333,Magy,Sabnani,1/17/63,9/19/99,1/1/99,Staff
93336,Takahira,Baja,8/6/62,9/17/96,1/1/99,Senior Staff
93340,Kamakshi,McAlpine,1/12/63,3/4/89,1/1/99,Engineer
93349,Tonny,Gist,8/20/63,3/21/90,1/1/99,Senior Engineer
93351,Yishay,Kusakari,2/4/64,11/14/93,1/1/99,Senior Staff
93353,Wanqing,Keustermans,9/9/64,5/28/98,1/1/99,Engineer
93377,Toshimo,Kalefeld,4/11/63,6/14/00,1/1/99,Senior Engineer
93386,Shigenori,Cullers,11/7/64,12/15/92,1/1/99,Engineer
93397,Otilia,Farrel,7/1/62,7/11/93,1/1/99,Senior Staff
93403,Rutger,Vilarrasa,1/30/64,4/19/99,1/1/99,Engineer
93409,Remzi,Maquelin,8/20/64,1/15/92,1/1/99,Technique Leader
93411,Pohua,Rattan,2/17/63,8/30/88,1/1/99,Engineer
93415,Szabolcs,Claffy,8/29/62,8/15/88,1/1/99,Senior Staff
93418,Moni,Miara,7/17/64,3/5/87,1/1/99,Assistant Engineer
93425,Gian,Nastansky,12/8/63,10/19/87,1/1/99,Senior Staff
93431,Yoshimitsu,Driscoll,7/17/63,10/10/99,1/1/99,Senior Engineer
93434,Chenye,Ertl,2/22/62,3/7/92,1/1/99,Staff
93444,Qingxiang,Chimia,4/29/63,5/29/94,1/1/99,Senior Engineer
93465,Shushma,Stasinski,8/15/64,2/19/95,1/1/99,Engineer
93469,Khue,Norsworthy,2/9/64,5/2/01,1/1/99,Engineer
93475,Sariel,Dusink,12/20/63,4/15/95,1/1/99,Engineer
93477,Navin,Isard,10/14/63,9/11/98,1/1/99,Engineer
93484,Gay,Mitina,6/17/64,5/22/99,1/1/99,Staff
93485,Susanta,Antonakopoulos,8/11/63,11/10/85,1/1/99,Senior Staff
93490,Nagui,Vieri,10/4/63,4/7/92,1/1/99,Technique Leader
93505,Ortrud,Plump,10/11/63,4/16/90,1/1/99,Senior Staff
93511,Zhongwei,Joslin,12/1/64,9/2/99,1/1/99,Technique Leader
93518,Oscal,Rusmann,2/5/64,1/9/01,1/1/99,Senior Staff
93524,Bernt,Compeau,2/12/64,6/16/96,1/1/99,Engineer
93527,Indrajit,Parveen,7/8/62,9/14/96,1/1/99,Engineer
93528,Feiyu,Azuma,4/20/62,7/4/97,1/1/99,Assistant Engineer
93538,Thanasis,Binkley,3/30/64,8/12/92,1/1/99,Senior Engineer
93543,Kasidit,Serra,5/30/62,5/20/86,1/1/99,Senior Staff
93544,Gererd,Shinomoto,11/9/62,12/22/87,1/1/99,Staff
93545,Naftali,Syang,9/2/62,1/28/86,1/1/99,Engineer
93549,Arie,Coullard,2/1/65,3/28/00,1/1/99,Senior Staff
93554,Aleksandar,Birch,9/5/62,12/17/92,1/1/99,Engineer
93555,Zito,Babb,9/7/64,8/8/95,1/1/99,Staff
93560,Franziska,Farris,6/25/64,7/24/98,1/1/99,Staff
93569,Masali,Kaiser,3/23/64,9/26/91,1/1/99,Senior Engineer
93572,Rafols,Peha,2/6/64,3/19/87,1/1/99,Staff
93579,Morris,Figueira,7/11/63,11/18/92,1/1/99,Senior Engineer
93583,Reinhard,Rodier,10/11/62,7/15/86,1/1/99,Senior Engineer
93584,Moni,Gecsel,11/24/63,2/24/97,1/1/99,Senior Staff
93585,Mats,Cannane,9/9/62,5/20/90,1/1/99,Senior Engineer
93588,Yuichiro,Ramaiah,4/23/64,12/5/87,1/1/99,Staff
93590,Bojan,Maraist,5/7/64,2/9/87,1/1/99,Senior Staff
93591,Denis,Baby,10/30/62,8/29/90,1/1/99,Staff
93600,Kristina,Neimat,1/13/65,4/18/88,1/1/99,Technique Leader
93612,Godehard,Ramaiah,5/30/64,11/26/97,1/1/99,Technique Leader
93613,Mayumi,Gaughan,8/17/62,5/7/93,1/1/99,Senior Staff
93614,Shushma,Moffat,1/2/64,5/4/95,1/1/99,Staff
93616,Golgen,Rosen,8/1/64,9/30/91,1/1/99,Senior Staff
93620,Mingdong,Eiter,1/2/64,12/30/89,1/1/99,Senior Engineer
93633,Sajjan,Ghelli,11/17/64,6/22/91,1/1/99,Senior Staff
93645,Yifei,Motley,3/18/62,8/25/99,1/1/99,Staff
93648,Mitchel,Hofstetter,9/2/62,3/18/85,1/1/99,Engineer
93651,Anneli,Vieri,8/6/64,1/29/89,1/1/99,Senior Staff
93652,Hidde,Demizu,3/9/62,1/24/97,1/1/99,Engineer
93656,Berthier,Holburn,5/24/62,7/15/93,1/1/99,Senior Staff
93661,Jasminko,Shackell,10/25/63,11/9/98,1/1/99,Senior Engineer
93664,Muzhong,Narahara,7/6/64,3/1/91,1/1/99,Staff
93668,JoAnna,Hutton,5/7/63,4/29/99,1/1/99,Engineer
93674,Dipayan,Toyoshima,6/20/62,5/30/97,1/1/99,Staff
93675,Ute,Zuberek,11/30/64,9/20/87,1/1/99,Assistant Engineer
93685,Yoshimitsu,Plavsic,5/11/62,2/10/89,1/1/99,Technique Leader
93690,Shahab,Lanphier,7/12/62,8/14/97,1/1/99,Engineer
93692,Hideyuki,Beidas,4/26/63,5/29/96,1/1/99,Engineer
93700,Xuedong,Hertweck,8/22/64,8/3/95,1/1/99,Technique Leader
93707,Qingxiang,Rullman,2/12/62,5/20/86,1/1/99,Senior Engineer
93709,Navin,Buchter,12/28/63,11/9/97,1/1/99,Technique Leader
93716,Dekang,Brender,9/17/63,9/12/95,1/1/99,Engineer
93724,Xianlong,Chappelet,3/27/62,6/26/89,1/1/99,Senior Staff
93738,Nadjib,Morrey,3/9/64,4/21/89,1/1/99,Senior Staff
93748,Martijn,Curless,11/24/62,11/15/96,1/1/99,Senior Staff
93753,Gina,Bage,9/9/64,7/9/97,1/1/99,Staff
93757,Khun,Nanard,3/17/64,7/13/89,1/1/99,Technique Leader
93765,Shichao,Tomescu,6/25/63,8/24/94,1/1/99,Senior Staff
93766,Georgy,Dehkordi,10/3/62,2/15/91,1/1/99,Senior Staff
93772,Aral,Rothenberg,7/8/63,5/27/96,1/1/99,Senior Staff
93779,Keung,Schmezko,8/25/63,11/4/87,1/1/99,Engineer
93780,Bokyung,Brookman,7/2/62,11/4/93,1/1/99,Engineer
93787,Theron,Schlegelmilch,12/22/64,4/23/87,1/1/99,Engineer
93800,Alselm,Bage,5/16/63,10/15/94,1/1/99,Senior Engineer
93802,Aimee,Gente,6/29/63,1/26/86,1/1/99,Senior Engineer
93811,Huiqun,Pews,1/16/64,10/9/88,1/1/99,Senior Staff
93814,Kiyomitsu,Madeira,8/15/63,1/29/00,1/1/99,Assistant Engineer
93820,Maja,Schnabel,1/16/64,10/31/92,1/1/99,Senior Staff
93824,Qingxiang,Mattern,10/4/62,8/18/01,1/1/99,Engineer
93829,Muzhong,Schlumberger,7/2/63,12/16/97,1/1/99,Senior Engineer
93837,Susanta,Staelin,5/6/62,9/16/85,1/1/99,Staff
93838,Becky,Botman,1/20/63,2/16/96,1/1/99,Senior Engineer
93845,Mats,Suri,5/29/64,6/10/99,1/1/99,Senior Engineer
93849,Manu,Frolund,5/8/63,12/10/92,1/1/99,Senior Engineer
93851,Kshitij,Kuhnemann,7/14/62,10/18/90,1/1/99,Engineer
93853,Kitty,Daescu,9/24/64,3/16/94,1/1/99,Senior Engineer
93856,Hirochika,Smeets,11/2/63,2/2/93,1/1/99,Staff
93857,Naftaly,Wissmann,3/12/63,9/29/87,1/1/99,Senior Engineer
93859,Rafael,Yamaashi,6/23/64,10/12/92,1/1/99,Senior Engineer
93868,Monique,Rindone,6/21/62,1/16/95,1/1/99,Staff
93871,Masaki,Benaini,6/9/62,5/22/94,1/1/99,Staff
93872,Shooichi,Schoegge,1/30/62,7/1/93,1/1/99,Staff
93874,Rasikan,Penttonen,3/6/64,11/3/99,1/1/99,Staff
93881,Eckart,Rothenberg,10/1/64,8/24/94,1/1/99,Senior Engineer
93882,Fai,Jansch,8/6/62,3/4/98,1/1/99,Engineer
93883,Lech,Harbusch,4/12/63,6/16/96,1/1/99,Engineer
93885,Huai,Scallan,3/22/63,7/2/96,1/1/99,Staff
93892,Flemming,Ouhyoung,7/1/63,2/14/88,1/1/99,Senior Staff
93908,Zejun,Binding,11/24/62,3/18/88,1/1/99,Senior Staff
93922,Chinhyun,Serra,6/13/62,2/11/98,1/1/99,Engineer
93931,Kiam,Ligten,3/6/62,4/23/97,1/1/99,Senior Staff
93940,Jaewon,Reeker,7/10/63,6/12/86,1/1/99,Technique Leader
93946,Elgin,Butterworth,11/24/64,6/21/90,1/1/99,Senior Staff
93959,Subhankar,Ozeri,10/2/63,10/25/90,1/1/99,Senior Staff
93965,Yongdong,Harllee,9/11/63,11/26/97,1/1/99,Engineer
93974,Adib,Jiang,7/28/62,7/6/87,1/1/99,Senior Staff
93977,Conal,Lindqvist,11/29/64,6/17/92,1/1/99,Engineer
93980,Zissis,Shihab,1/19/63,4/18/96,1/1/99,Engineer
93987,Angel,Tiemann,9/2/62,7/4/97,1/1/99,Engineer
93988,Jaewoo,Luders,10/26/62,2/3/01,1/1/99,Senior Engineer
93992,Kayoko,Rodham,2/7/64,5/11/89,1/1/99,Senior Engineer
93994,Takahito,Pargas,9/11/64,7/23/92,1/1/99,Engineer
93997,Nahum,Willoner,10/7/62,9/4/96,1/1/99,Engineer
94000,Lena,Manders,4/27/63,8/31/91,1/1/99,Technique Leader
94005,Conrado,Varker,9/19/63,9/4/85,1/1/99,Engineer
94019,Erez,Trelles,5/30/64,4/26/98,1/1/99,Senior Staff
94024,Eishiro,Broder,9/9/63,10/13/98,1/1/99,Engineer
94041,Dmitri,Doering,6/15/62,10/13/92,1/1/99,Engineer
94043,Zhiwei,Ramamoorthy,4/23/63,12/15/99,1/1/99,Senior Engineer
94047,Xinan,Champarnaud,7/19/64,10/19/87,1/1/99,Senior Engineer
94048,Henk,Bage,3/1/63,9/17/98,1/1/99,Senior Staff
94059,Jeanne,Hardjono,9/3/64,2/27/89,1/1/99,Staff
94060,Insup,Ginesta,7/31/63,2/15/85,1/1/99,Engineer
94076,Boalin,Baig,11/28/64,5/27/90,1/1/99,Senior Engineer
94083,Giao,Potthoff,12/10/63,2/28/89,1/1/99,Assistant Engineer
94086,Ziyad,Milicia,12/15/63,5/18/95,1/1/99,Staff
94090,Mario,Verhaegen,10/31/62,5/6/98,1/1/99,Engineer
94094,Yunming,Bala,12/10/63,4/14/85,1/1/99,Assistant Engineer
94095,Fumitake,Brattka,6/22/64,9/12/98,1/1/99,Engineer
94096,Yagil,Farrel,1/31/63,2/15/97,1/1/99,Engineer
94097,Pradeep,Bach,5/4/63,12/2/96,1/1/99,Engineer
94102,Denny,Lueh,11/22/63,11/1/88,1/1/99,Engineer
94106,Honglan,Dratva,6/8/63,1/11/94,1/1/99,Senior Engineer
94117,Maha,Maginnis,3/10/63,5/8/94,1/1/99,Senior Staff
94123,Pantung,Masaki,1/26/63,11/12/90,1/1/99,Senior Staff
94124,Yurii,Fontan,7/18/63,8/19/99,1/1/99,Engineer
94127,Arumugam,Lemarechal,8/24/64,8/19/94,1/1/99,Engineer
94128,Pohua,Pulkowski,1/10/64,2/15/02,1/1/99,Senior Staff
94132,Venkatesan,Karlin,11/16/62,12/4/88,1/1/99,Senior Staff
94135,Falguni,Birke,3/11/62,7/10/98,1/1/99,Engineer
94138,Mary,Schrooten,2/12/62,12/16/88,1/1/99,Engineer
94146,Utz,Chenney,8/22/62,1/28/00,1/1/99,Engineer
94154,Heon,Cappelletti,12/26/63,5/20/85,1/1/99,Senior Engineer
94168,Minghong,Kavraki,6/27/64,8/23/90,1/1/99,Assistant Engineer
94179,Dayanand,Bade,8/27/64,4/2/88,1/1/99,Senior Engineer
94188,Leaf,Oxman,11/23/64,1/29/97,1/1/99,Engineer
94192,Leszek,Chinin,7/5/63,3/1/86,1/1/99,Staff
94193,Reinhard,Cairo,11/19/64,1/10/88,1/1/99,Staff
94207,Paddy,Peron,8/12/64,11/24/91,1/1/99,Senior Engineer
94226,Jeanna,Karunanithi,1/8/64,11/3/98,1/1/99,Technique Leader
94227,Gila,Veevers,1/18/62,12/1/94,1/1/99,Staff
94228,Yonghong,Garnier,5/24/62,12/18/99,1/1/99,Senior Engineer
94230,Wuxu,Tetzlaff,2/10/63,7/24/94,1/1/99,Engineer
94231,Lech,Asmuth,11/4/63,1/9/90,1/1/99,Senior Engineer
94235,Jiakeng,Marakhovsky,7/12/64,6/27/95,1/1/99,Senior Engineer
94240,Sanjai,Zultner,11/19/63,6/23/97,1/1/99,Technique Leader
94245,Vasilii,Zambonelli,5/23/63,4/21/92,1/1/99,Senior Engineer
94248,Ebru,Ranum,3/7/64,10/22/88,1/1/99,Senior Staff
94251,Eckart,Redmiles,8/20/64,12/17/99,1/1/99,Engineer
94252,Baoqiu,Hinsberger,9/14/63,9/19/85,1/1/99,Staff
94253,Fumiko,Tomescu,8/26/64,8/18/87,1/1/99,Staff
94261,Mohd,Ghandeharizadeh,1/18/63,3/19/96,1/1/99,Engineer
94266,Kannan,Antonisse,2/22/64,8/14/88,1/1/99,Senior Engineer
94269,Qingxiang,Douceur,4/14/62,5/15/95,1/1/99,Engineer
94273,Huei,Brookman,1/18/63,3/31/86,1/1/99,Senior Staff
94286,Hongzue,Besselaar,4/24/64,7/31/00,1/1/99,Senior Staff
94295,Shugo,Menyhert,1/13/64,8/25/90,1/1/99,Senior Engineer
94305,Bokyung,Trogemann,9/7/64,1/29/99,1/1/99,Staff
94314,Nahum,Wroclawski,9/11/62,12/31/98,1/1/99,Staff
94316,Aris,Sury,6/15/64,8/28/95,1/1/99,Senior Engineer
94328,Xinan,Staelin,8/21/62,9/8/98,1/1/99,Engineer
94330,Kiyotoshi,Bala,5/28/64,3/8/94,1/1/99,Engineer
94331,Ramzi,Cronau,1/26/65,9/3/99,1/1/99,Technique Leader
94333,Zhonghui,Parhami,3/8/64,8/15/90,1/1/99,Engineer
94335,Chiradeep,Tasistro,6/25/63,5/17/88,1/1/99,Senior Staff
94337,IEEE,Claffy,6/14/63,12/27/86,1/1/99,Senior Staff
94340,Owen,Mellouli,11/20/64,10/22/89,1/1/99,Engineer
94349,Serif,Sridhar,4/24/63,1/27/87,1/1/99,Senior Engineer
94360,Visit,Muchinsky,8/29/62,6/1/95,1/1/99,Engineer
94363,Subhrajyoti,Sury,11/1/62,3/20/92,1/1/99,Senior Engineer
94365,Xiaoshan,Ozeki,7/30/62,1/31/99,1/1/99,Engineer
94370,Adib,Angot,5/24/62,8/24/89,1/1/99,Senior Engineer
94377,Ugo,Tzvieli,3/1/62,3/9/98,1/1/99,Senior Engineer
94389,Arto,Yetto,1/2/64,10/18/96,1/1/99,Senior Engineer
94398,Tadahiro,Marquardt,6/13/62,6/17/99,1/1/99,Engineer
94401,Nevin,Raney,6/16/63,12/29/87,1/1/99,Senior Staff
94413,Hailing,Seghrouchni,2/14/64,5/15/93,1/1/99,Staff
94416,Aran,Cesareni,1/1/65,11/20/01,1/1/99,Senior Staff
94423,Neven,Salinas,11/15/62,10/31/97,1/1/99,Engineer
94433,Lihong,Monarch,12/28/63,3/10/86,1/1/99,Staff
94434,Shushma,Terkki,4/3/64,1/27/01,1/1/99,Staff
94440,Becky,Baaz,3/29/64,1/30/87,1/1/99,Engineer
94445,Zijian,Atchley,7/19/64,12/30/93,1/1/99,Engineer
94446,Tomoyuki,Luke,8/4/64,12/7/85,1/1/99,Staff
94453,Sugwoo,Chepyzhov,10/20/63,8/11/88,1/1/99,Assistant Engineer
94454,Serge,McConalogue,10/9/64,4/19/97,1/1/99,Engineer
94455,Takanari,Isaak,8/8/63,3/15/85,1/1/99,Senior Staff
94467,Aamer,Benantar,4/24/63,1/28/87,1/1/99,Engineer
94472,Arve,Foong,4/3/64,3/22/01,1/1/99,Staff
94475,Olivera,Manders,5/27/63,7/19/95,1/1/99,Senior Staff
94476,Anneke,Taneja,8/17/64,12/11/96,1/1/99,Engineer
94478,Sudhanshu,Panienski,4/1/63,12/17/87,1/1/99,Senior Engineer
94487,Steen,Bashian,1/12/63,9/29/97,1/1/99,Engineer
94488,Huan,Thummel,10/21/63,10/7/86,1/1/99,Engineer
94489,Lobel,Pocchiola,8/10/63,6/28/97,1/1/99,Staff
94505,Maha,Grandbois,2/18/63,2/25/92,1/1/99,Engineer
94507,Jagoda,Detkin,7/17/64,11/1/86,1/1/99,Engineer
94510,Mitsuyuki,Swiss,12/20/64,3/8/90,1/1/99,Assistant Engineer
94511,Przemyslawa,Tempesti,5/1/64,12/8/95,1/1/99,Assistant Engineer
94512,Xumin,Delgrande,2/7/62,10/30/86,1/1/99,Technique Leader
94514,Bernd,Pearson,5/6/64,4/14/87,1/1/99,Engineer
94522,Kazuhira,Kalsbeek,3/16/64,12/19/89,1/1/99,Senior Staff
94523,Arumugam,Bresenham,7/5/63,8/5/89,1/1/99,Assistant Engineer
94529,Kankanahalli,Merlo,2/5/64,6/4/99,1/1/99,Assistant Engineer
94530,Basem,Motley,9/22/62,4/1/87,1/1/99,Senior Staff
94542,Vojin,Rissland,5/23/63,12/19/90,1/1/99,Senior Staff
94544,Gaetan,Whittlesey,12/18/63,1/7/87,1/1/99,Staff
94565,Masami,Sidje,2/28/63,7/16/99,1/1/99,Engineer
94569,Vidar,Menhardt,3/21/63,7/26/01,1/1/99,Staff
94581,Arra,Polupanov,10/11/63,12/25/95,1/1/99,Staff
94593,Uli,DeMori,7/13/63,4/30/96,1/1/99,Engineer
94601,Danco,Lieblein,3/10/63,7/23/96,1/1/99,Engineer
94608,Vidya,Zobel,6/21/64,1/21/94,1/1/99,Engineer
94609,Subhankar,Demizu,6/11/64,10/15/96,1/1/99,Staff
94612,Menkae,Panwar,7/26/63,3/21/93,1/1/99,Engineer
94613,LiMin,Nittel,1/10/64,5/8/89,1/1/99,Senior Staff
94619,Mrinalini,Dulay,5/4/63,9/13/94,1/1/99,Senior Staff
94620,Zito,Stifter,10/6/64,12/20/96,1/1/99,Senior Staff
94639,Persi,Ranon,5/29/64,12/25/97,1/1/99,Staff
94652,Atreyi,Alpay,12/14/63,4/9/91,1/1/99,Senior Staff
94656,Nikolaus,Negoita,6/2/64,8/24/92,1/1/99,Staff
94659,Basil,Baranowski,9/20/63,5/12/87,1/1/99,Senior Staff
94660,Shan,Schueller,10/27/64,12/8/85,1/1/99,Senior Engineer
94685,Annemarie,Ranst,5/15/63,1/12/95,1/1/99,Staff
94698,Danel,Lichtner,2/28/63,1/2/98,1/1/99,Engineer
94700,Ekawit,Lorie,11/24/64,12/7/86,1/1/99,Senior Staff
94701,Samphel,Kumaresan,8/1/62,12/24/92,1/1/99,Engineer
94702,Lidong,Boyle,12/23/63,10/18/01,1/1/99,Staff
94712,Masadi,Reinhart,10/17/64,11/26/00,1/1/99,Senior Staff
94713,Claudi,Cullers,7/17/62,6/16/90,1/1/99,Senior Engineer
94714,Sakthirel,Uhrik,8/14/62,1/31/92,1/1/99,Senior Engineer
94719,Fox,Claffy,11/7/64,7/1/90,1/1/99,Engineer
94721,Babette,Munro,6/8/62,12/24/97,1/1/99,Senior Staff
94723,Hongzue,Rikino,2/8/63,4/19/95,1/1/99,Senior Staff
94741,Youssef,Axelband,8/12/62,9/17/96,1/1/99,Staff
94761,Hitofumi,Zaccaria,1/27/65,11/22/88,1/1/99,Senior Engineer
94764,Almudena,Breugel,12/16/62,4/2/85,1/1/99,Engineer
94765,Idoia,Anick,10/6/64,5/9/91,1/1/99,Engineer
94776,Ramzi,Ressouche,9/15/62,12/16/93,1/1/99,Staff
94780,Radhia,Sidhu,2/16/62,1/29/95,1/1/99,Senior Engineer
94790,Randi,Papsdorf,12/29/62,5/25/92,1/1/99,Senior Engineer
94796,Fox,Munck,11/9/63,4/28/95,1/1/99,Assistant Engineer
94802,Kiyomitsu,Collavizza,5/18/63,9/30/89,1/1/99,Engineer
94803,Soenke,Chimia,1/14/62,8/3/93,1/1/99,Senior Staff
94810,Mingdong,Bernini,9/30/62,9/25/99,1/1/99,Senior Engineer
94816,Honesty,Saoudi,9/25/64,4/18/89,1/1/99,Engineer
94819,Mariangiola,Erni,1/15/63,3/25/96,1/1/99,Senior Engineer
94826,Nathan,Vilarrasa,5/20/64,11/7/90,1/1/99,Staff
94835,Premal,Kriebel,4/27/64,9/9/96,1/1/99,Staff
94840,Keung,Herbst,7/7/62,10/5/99,1/1/99,Senior Staff
94842,Margo,Kavvadias,8/3/64,8/4/98,1/1/99,Engineer
94843,Changho,Erde,12/8/62,7/20/95,1/1/99,Senior Engineer
94844,Sarita,Ghalwash,12/8/63,1/21/96,1/1/99,Staff
94846,Toney,Nergos,4/11/62,12/27/91,1/1/99,Staff
94850,Zongyan,Karnin,2/26/63,7/23/96,1/1/99,Engineer
94852,Shushma,Herbst,9/8/63,12/25/95,1/1/99,Engineer
94857,Roddy,Marletta,11/19/63,2/3/85,1/1/99,Senior Engineer
94868,Bouchung,Puoti,11/16/64,1/1/97,1/1/99,Senior Engineer
94873,Vidya,Cools,2/19/64,1/17/00,1/1/99,Engineer
94879,Tuval,Maliniak,4/11/63,11/30/86,1/1/99,Senior Engineer
94892,Jinxi,Heijenga,1/31/63,3/22/95,1/1/99,Technique Leader
94894,Nathan,Brobst,6/17/64,9/30/95,1/1/99,Engineer
94896,Reinhold,Erdmenger,8/24/63,2/10/88,1/1/99,Senior Engineer
94905,Angus,Wendorf,2/9/64,12/29/94,1/1/99,Senior Engineer
94911,Yucel,Geffroy,4/20/62,3/14/01,1/1/99,Technique Leader
94925,Mohamadou,Ranst,12/5/64,2/5/88,1/1/99,Senior Engineer
94934,Sanjoy,Shiratori,4/18/62,1/20/89,1/1/99,Senior Staff
94944,Heping,Matheson,1/13/65,6/24/88,1/1/99,Engineer
94952,Shai,Templeman,12/23/63,8/7/92,1/1/99,Technique Leader
94960,Vitali,Perko,9/20/64,11/28/97,1/1/99,Staff
94969,Tsutomu,Cochrane,7/9/64,4/21/85,1/1/99,Engineer
94971,Jacopo,Picht,10/7/62,1/25/89,1/1/99,Engineer
94977,Tru,Alblas,3/9/63,6/4/93,1/1/99,Engineer
94980,Sverrir,Bhattacharjee,8/13/64,3/2/89,1/1/99,Engineer
94984,Hilary,Kilgour,10/14/63,1/21/93,1/1/99,Senior Engineer
94989,Magdalena,Oxenboll,2/26/63,8/21/95,1/1/99,Senior Engineer
94996,Magdalena,Pashtan,2/17/62,8/8/85,1/1/99,Senior Engineer
94997,Houman,Lovengreen,11/8/62,6/5/92,1/1/99,Senior Engineer
95006,Uri,Isard,4/7/62,4/3/87,1/1/99,Staff
95007,Werner,Erbe,5/1/62,1/16/95,1/1/99,Engineer
95009,Martine,Peak,5/5/62,8/5/94,1/1/99,Staff
95012,Shugo,Ligten,7/21/62,8/1/94,1/1/99,Senior Engineer
95014,Idoia,Biran,8/18/64,3/23/92,1/1/99,Senior Engineer
95015,Bilhanan,Barriga,6/13/62,3/15/92,1/1/99,Staff
95018,Danco,Setlzner,6/28/63,12/3/90,1/1/99,Senior Staff
95022,Nadjib,Mellouli,6/14/62,7/20/98,1/1/99,Senior Staff
95024,Satosi,Spelt,5/13/64,6/29/95,1/1/99,Senior Staff
95025,Kwok,Kushnir,9/23/64,8/29/92,1/1/99,Senior Engineer
95042,Miomir,Journel,11/27/64,4/9/98,1/1/99,Staff
95043,Sachem,Badache,10/28/63,10/11/90,1/1/99,Senior Engineer
95044,Gita,Comyn,5/3/64,3/10/94,1/1/99,Senior Staff
95047,Tianruo,Sigstam,6/10/62,3/6/89,1/1/99,Technique Leader
95048,Kitty,Asser,4/1/62,8/6/91,1/1/99,Engineer
95049,Gaurav,Jenevein,10/19/63,12/19/98,1/1/99,Engineer
95060,Yurij,Berendt,5/20/62,4/25/00,1/1/99,Senior Staff
95062,Shin,Sooriamurthi,9/16/64,9/26/91,1/1/99,Senior Staff
95064,Subir,Stanger,7/22/64,2/13/92,1/1/99,Senior Engineer
95072,Jianhui,Broder,10/17/64,5/25/88,1/1/99,Senior Engineer
95076,Chikako,Kroha,9/16/62,1/31/88,1/1/99,Engineer
95079,Aamer,Beznosov,9/24/62,9/21/88,1/1/99,Senior Engineer
95082,Limsoon,Masand,5/18/64,12/7/86,1/1/99,Staff
95087,Pascal,Hambrick,12/15/62,5/26/85,1/1/99,Engineer
95089,Stamatina,Bressoud,1/11/63,5/21/87,1/1/99,Senior Engineer
95091,Pintsang,Asser,10/26/62,8/20/91,1/1/99,Staff
95105,Piyawadee,Birrer,3/14/64,1/18/91,1/1/99,Senior Engineer
95107,Gio,Woycyznski,4/2/62,4/7/89,1/1/99,Senior Engineer
95113,Annemarie,Axelband,5/4/63,6/19/99,1/1/99,Engineer
95120,Guttorm,Rattan,4/21/63,8/8/87,1/1/99,Senior Engineer
95122,Chanjung,Gruenwald,7/23/62,9/5/90,1/1/99,Senior Staff
95125,Lucien,Jiang,5/1/62,7/26/86,1/1/99,Engineer
95129,Eran,Staudhammer,11/11/64,11/24/89,1/1/99,Engineer
95131,Arco,Restivo,12/28/63,4/19/90,1/1/99,Engineer
95135,Jianhua,Terekhov,2/12/62,3/3/91,1/1/99,Senior Staff
95138,Florian,Falck,12/2/62,6/28/90,1/1/99,Senior Engineer
95157,Jeanne,Legleitner,4/13/63,3/13/96,1/1/99,Assistant Engineer
95164,Kien,Bolotov,2/20/64,8/26/86,1/1/99,Senior Engineer
95168,Adas,Katzenelson,6/14/64,12/19/99,1/1/99,Senior Staff
95172,Kwok,Krybus,1/6/62,4/16/92,1/1/99,Staff
95181,Yishai,Cappelli,1/28/65,1/30/97,1/1/99,Staff
95196,Flemming,Lieberherr,9/12/62,7/9/97,1/1/99,Engineer
95202,Mani,Maierhofer,6/11/63,2/12/93,1/1/99,Technique Leader
95204,Samphel,Lammel,11/26/64,8/5/92,1/1/99,Senior Staff
95211,Tetsushi,Hiroyama,1/26/62,7/12/97,1/1/99,Engineer
95220,Atreyi,Marakhovsky,9/11/64,7/6/99,1/1/99,Engineer
95234,Uwe,Miara,12/5/64,7/1/99,1/1/99,Senior Engineer
95235,Stella,Litzler,11/30/64,8/11/97,1/1/99,Senior Engineer
95241,Chrisa,Gimbel,11/28/62,11/9/85,1/1/99,Senior Engineer
95251,Rosalie,Zallocco,7/1/62,9/14/93,1/1/99,Staff
95255,Hitofumi,Atrawala,7/2/64,9/26/00,1/1/99,Staff
95260,Annemarie,Lorcy,11/30/64,4/11/92,1/1/99,Senior Staff
95262,Danae,Nations,2/21/62,6/15/93,1/1/99,Senior Engineer
95268,Tse,Falck,8/22/63,10/14/98,1/1/99,Staff
95273,Kish,Talmon,8/30/64,8/23/91,1/1/99,Senior Engineer
95286,Kristin,Guerreiro,1/18/65,8/23/89,1/1/99,Senior Engineer
95287,Avishai,Wroclawski,8/20/63,2/9/97,1/1/99,Engineer
95293,Marc,Kushner,2/23/63,9/20/95,1/1/99,Technique Leader
95295,Constantino,Nollmann,1/16/64,1/30/92,1/1/99,Senior Engineer
95296,Hongzhu,Morrow,2/16/64,8/31/92,1/1/99,Senior Engineer
95299,Barry,Vilarrasa,10/5/62,7/31/98,1/1/99,Staff
95307,Sadegh,Cangellaris,3/9/62,5/8/91,1/1/99,Senior Staff
95314,Rasiah,Koblick,1/22/65,8/21/91,1/1/99,Staff
95315,Zorica,Lampe,3/11/64,10/18/95,1/1/99,Assistant Engineer
95319,Xiping,Zlotek,8/29/64,11/15/93,1/1/99,Engineer
95335,Alois,Farrar,2/11/62,6/11/90,1/1/99,Senior Staff
95338,Shaunak,Czaja,4/5/63,3/13/98,1/1/99,Staff
95359,Mitsuyuki,Riexinger,2/28/63,4/6/99,1/1/99,Assistant Engineer
95367,Anneke,Servieres,9/1/63,11/8/94,1/1/99,Senior Staff
95387,Suvo,Yetto,1/16/62,7/29/90,1/1/99,Senior Engineer
95390,Kwee,Trystram,9/30/62,1/9/88,1/1/99,Engineer
95395,Breannda,Eterovic,4/11/62,2/21/93,1/1/99,Staff
95400,Xianlong,Brattka,4/25/62,9/27/91,1/1/99,Senior Staff
95404,Fumiko,Sevcikova,8/17/62,5/15/93,1/1/99,Senior Staff
95406,Alair,Lyonns,1/8/65,7/12/97,1/1/99,Engineer
95407,Rosalyn,Kambil,1/22/64,8/22/86,1/1/99,Senior Engineer
95410,Bodo,Angelov,9/13/63,5/6/97,1/1/99,Staff
95414,Feiyu,Bednarek,6/4/63,12/23/99,1/1/99,Engineer
95415,Tru,Alpay,8/9/62,11/20/86,1/1/99,Engineer
95416,Gianluca,Ramaiah,1/13/65,11/29/93,1/1/99,Engineer
95418,Mari,Gide,8/9/64,11/4/99,1/1/99,Senior Staff
95422,Arlette,Ranka,1/23/62,6/12/97,1/1/99,Engineer
95429,Isamu,Shigei,10/6/64,2/26/96,1/1/99,Engineer
95430,Zijian,Constantine,1/8/63,1/26/91,1/1/99,Engineer
95432,Hugh,Pashtan,5/14/63,5/14/88,1/1/99,Engineer
95435,Xiadong,Baar,1/23/63,11/12/85,1/1/99,Staff
95440,Hsiangchu,Dulay,10/1/63,3/17/99,1/1/99,Engineer
95447,Constantijn,Kroft,5/21/64,5/19/93,1/1/99,Staff
95451,Cedric,Range,1/19/63,8/28/95,1/1/99,Engineer
95453,Tadahiro,Sethi,5/9/64,7/31/99,1/1/99,Engineer
95456,Shigeaki,Zeidenstein,11/9/62,10/14/99,1/1/99,Staff
95459,Adel,Hegner,5/2/64,6/18/89,1/1/99,Staff
95467,Szabolcs,Uhrik,7/21/64,12/9/86,1/1/99,Staff
95482,Niteen,Rossi,8/6/64,7/7/94,1/1/99,Senior Staff
95490,Przemyslawa,Conia,5/13/64,6/12/95,1/1/99,Staff
95504,Sailaja,Gerteisen,12/20/63,2/16/88,1/1/99,Technique Leader
95509,Kristinn,Loncour,1/11/65,2/8/95,1/1/99,Engineer
95523,Sachem,Varman,8/22/64,8/11/97,1/1/99,Staff
95524,Subhada,Karner,4/5/62,10/13/92,1/1/99,Senior Engineer
95529,Genta,Flasterstein,7/30/62,7/20/99,1/1/99,Engineer
95535,Huican,Mateescu,10/10/64,12/8/89,1/1/99,Staff
95538,Mircea,Gill,1/9/63,2/3/91,1/1/99,Senior Staff
95539,Yonghoan,Erdi,6/19/64,4/25/91,1/1/99,Engineer
95545,Howell,Sichman,3/22/63,10/23/97,1/1/99,Senior Staff
95546,Abdelkader,Hutter,10/4/63,5/14/00,1/1/99,Senior Staff
95557,Kamakshi,Silva,8/12/64,10/23/99,1/1/99,Engineer
95562,Chriss,Genin,7/16/64,10/7/92,1/1/99,Staff
95566,Brendon,Codenie,2/9/64,11/20/93,1/1/99,Senior Staff
95568,Kagan,Jarecki,9/18/64,12/19/98,1/1/99,Engineer
95577,Willard,Koshiba,8/2/63,2/16/89,1/1/99,Senior Engineer
95580,Renee,Docker,6/16/64,5/10/98,1/1/99,Engineer
95581,Shaunak,Czap,7/23/64,12/23/86,1/1/99,Engineer
95583,Martina,Plessier,5/21/62,11/1/89,1/1/99,Staff
95587,Goncalo,Zykh,2/10/62,2/26/90,1/1/99,Assistant Engineer
95589,Waiman,Bennis,5/20/62,10/10/98,1/1/99,Staff
95594,Tesuya,Puppe,2/16/64,6/26/97,1/1/99,Senior Engineer
95603,Arno,Mitchem,5/31/63,8/11/91,1/1/99,Senior Engineer
95611,Boriana,Mahnke,8/24/62,10/12/92,1/1/99,Staff
95618,Shigeu,Hempstead,12/13/63,1/23/89,1/1/99,Senior Engineer
95621,Aimee,Kolvik,4/16/63,12/28/87,1/1/99,Senior Engineer
95624,Xuejun,Schaaf,2/20/63,12/26/88,1/1/99,Engineer
95641,Gretta,Nilsson,4/16/63,8/8/92,1/1/99,Engineer
95653,Zhenbing,Antonisse,6/9/63,5/10/95,1/1/99,Staff
95657,Martijn,Schwaller,5/6/63,1/21/92,1/1/99,Assistant Engineer
95665,Shaibal,Heemskerk,2/18/62,2/15/95,1/1/99,Senior Staff
95666,Spyrose,Vanwelkenhuysen,3/7/64,1/18/00,1/1/99,Staff
95667,Tsvetan,Schoegge,4/15/62,8/28/89,1/1/99,Senior Engineer
95668,Tonny,Cichocki,10/29/63,8/17/94,1/1/99,Senior Engineer
95672,Sanjiv,Chandrasekhar,7/28/63,9/27/98,1/1/99,Engineer
95678,Ewing,Kavraki,10/13/64,11/26/97,1/1/99,Technique Leader
95681,Khosrow,Pluym,6/23/63,5/3/99,1/1/99,Assistant Engineer
95687,Munenori,Belinskaya,3/18/63,10/9/85,1/1/99,Staff
95691,Dipankar,Erdmenger,11/7/64,4/22/94,1/1/99,Engineer
95697,Wanqing,Nollmann,11/13/62,4/30/87,1/1/99,Senior Staff
95698,Nathan,Plotkin,10/8/64,4/2/90,1/1/99,Senior Staff
95709,Evgueni,Thambidurai,10/4/63,1/4/96,1/1/99,Senior Staff
95711,Toshimi,Gihr,11/24/62,3/22/97,1/1/99,Senior Staff
95713,Steve,Osgood,3/3/62,5/28/02,1/1/99,Senior Staff
95716,Taegyun,Narwekar,2/17/64,1/14/96,1/1/99,Engineer
95724,Yakichi,Vadhan,1/3/63,9/5/88,1/1/99,Engineer
95725,Martina,Anandan,4/20/62,3/29/90,1/1/99,Senior Engineer
95738,Moni,Marrakchi,7/7/63,1/9/99,1/1/99,Staff
95745,Luerbio,Yoshizawa,12/31/62,11/6/99,1/1/99,Staff
95750,Duro,Barinka,10/16/63,10/7/91,1/1/99,Senior Engineer
95754,Jaideep,Delgrange,4/14/63,12/10/89,1/1/99,Senior Engineer
95764,Behnaam,Tzvieli,12/8/64,6/29/94,1/1/99,Senior Staff
95771,Demin,Sadowski,9/16/64,4/14/92,1/1/99,Staff
95773,Maha,Penn,7/20/64,10/30/97,1/1/99,Staff
95777,Soenke,Muniz,12/1/63,7/30/89,1/1/99,Senior Engineer
95791,Izaskun,Yeung,12/7/63,5/14/96,1/1/99,Staff
95799,Elgin,Barvinok,11/15/62,6/17/92,1/1/99,Staff
95810,Miquel,Kandlur,3/30/62,12/21/86,1/1/99,Senior Staff
95814,Hidefumi,Dulli,1/18/62,2/1/00,1/1/99,Staff
95818,Chenxi,Bael,4/3/64,11/8/98,1/1/99,Senior Staff
95826,Sigeru,Speckmann,2/15/63,3/18/85,1/1/99,Staff
95831,Kamakshi,Schlenzig,3/12/62,8/20/98,1/1/99,Engineer
95839,Vojin,Unni,1/13/62,7/29/94,1/1/99,Engineer
95846,Jaber,Esposito,1/27/64,3/29/88,1/1/99,Senior Engineer
95848,Syozo,Conde,3/18/64,3/10/93,1/1/99,Senior Engineer
95851,Manu,Garnick,9/20/63,4/11/93,1/1/99,Staff
95863,Taegyun,Kroon,10/5/63,2/12/88,1/1/99,Senior Engineer
95875,Ghassan,Rassart,12/17/62,1/6/96,1/1/99,Staff
95894,Fuqing,Gurbaxani,7/2/62,5/22/98,1/1/99,Staff
95895,Becky,Antonisse,5/16/64,6/30/87,1/1/99,Senior Staff
95909,Jaques,Plessier,11/19/62,7/24/94,1/1/99,Senior Staff
95910,Randi,Lindqvist,3/2/63,12/15/89,1/1/99,Engineer
95920,Nobuyoshi,Hegner,1/19/65,9/7/94,1/1/99,Senior Staff
95928,Kinh,Reistad,11/16/63,8/28/96,1/1/99,Senior Staff
95931,Kokou,Peha,3/6/62,9/17/93,1/1/99,Senior Engineer
95933,Pranav,Shigei,9/21/62,5/31/97,1/1/99,Assistant Engineer
95937,Mansur,Schauser,12/12/62,5/15/97,1/1/99,Technique Leader
95942,Boutros,Rajala,10/31/63,3/20/93,1/1/99,Engineer
95944,Dinkar,Vesna,1/14/62,10/16/89,1/1/99,Senior Engineer
95945,Ottavia,Iwayama,1/11/63,3/13/85,1/1/99,Senior Staff
95949,Harjit,Schapire,9/6/62,1/15/87,1/1/99,Engineer
95955,Shaz,Ulupinar,5/31/64,1/3/97,1/1/99,Engineer
95960,Ger,Schueller,11/9/62,2/5/95,1/1/99,Engineer
95961,Taizo,Danley,6/14/62,1/17/88,1/1/99,Senior Staff
95965,Randi,Demri,5/4/62,6/11/85,1/1/99,Senior Engineer
95967,Kolar,Wilharm,4/25/62,10/23/92,1/1/99,Engineer
95971,Shushma,Bharadwaj,9/14/63,1/31/94,1/1/99,Engineer
95974,Mamdouh,Garrabrants,12/2/64,1/22/95,1/1/99,Engineer
95979,Takahito,Dusink,4/9/63,9/15/95,1/1/99,Staff
95996,Fumiko,Zobel,1/2/63,12/25/93,1/1/99,Senior Engineer
95997,Lidong,Mandelberg,2/14/64,9/29/85,1/1/99,Staff
95998,Qiwen,Prenel,2/19/64,12/1/86,1/1/99,Staff
96002,Eldridge,Stiles,9/18/64,1/24/99,1/1/99,Staff
96011,Toshimo,Demir,10/8/62,7/18/98,1/1/99,Senior Staff
96020,Poorav,Schwartzburd,1/22/62,6/22/93,1/1/99,Staff
96029,Tzvetan,Lodder,1/30/62,1/26/99,1/1/99,Staff
96031,Parto,Sifakis,2/18/62,6/24/94,1/1/99,Senior Engineer
96034,Christfried,Danecki,2/1/63,5/18/88,1/1/99,Senior Engineer
96038,Kazunori,Delgrange,9/18/62,10/22/91,1/1/99,Staff
96041,Manu,Shokrollahi,7/13/62,4/7/96,1/1/99,Senior Staff
96049,Kien,Hanratty,12/10/63,6/3/92,1/1/99,Engineer
96050,Sajjad,Schaft,3/1/64,9/27/88,1/1/99,Staff
96052,Inderjeet,Fairtlough,9/21/63,8/23/92,1/1/99,Senior Engineer
96055,Geoffry,Poulakidas,11/17/62,3/15/86,1/1/99,Senior Staff
96061,Kannan,Middleton,5/4/64,5/1/86,1/1/99,Senior Staff
96063,Susanna,McConalogue,2/18/64,12/5/87,1/1/99,Senior Engineer
96064,Abdelghani,Heydon,3/1/63,4/9/85,1/1/99,Senior Engineer
96065,Giri,Shackel,12/9/62,11/13/92,1/1/99,Engineer
96067,Guther,Cools,7/31/63,11/22/95,1/1/99,Senior Engineer
96074,Sachio,Morrow,4/9/63,7/4/90,1/1/99,Senior Engineer
96078,Shigeo,Swift,7/7/64,2/11/89,1/1/99,Engineer
96088,Menkae,Lindqvist,2/24/62,9/19/93,1/1/99,Engineer
96094,Sugwoo,Walstra,6/23/63,4/16/95,1/1/99,Staff
96097,Brigham,Isard,12/3/62,8/5/00,1/1/99,Senior Staff
96104,Marlo,Jullig,5/11/63,9/22/85,1/1/99,Senior Staff
96105,Annemarie,Zultner,2/13/64,2/28/97,1/1/99,Senior Engineer
96116,Xiadong,Veeraraghavan,6/6/63,3/10/86,1/1/99,Senior Staff
96118,Lijie,Dechter,12/20/64,8/7/95,1/1/99,Staff
96154,Zdislav,Nitsch,6/23/64,3/23/97,1/1/99,Staff
96168,Mana,Salverda,10/3/63,4/5/93,1/1/99,Staff
96170,Hyuckchul,Vuskovic,1/10/63,12/16/89,1/1/99,Senior Staff
96171,Filipp,Bednarek,8/3/62,11/13/88,1/1/99,Senior Engineer
96178,Mountaz,Perri,2/4/63,1/12/95,1/1/99,Senior Staff
96179,Luise,Angelov,11/1/62,2/24/97,1/1/99,Staff
96180,Dinkar,Zhang,7/5/63,3/31/00,1/1/99,Assistant Engineer
96184,Shietung,Chiodo,12/17/63,10/8/91,1/1/99,Senior Staff
96188,Adib,Mitsuhashi,3/16/63,8/11/90,1/1/99,Engineer
96203,Zhensheng,Denos,11/16/63,6/1/97,1/1/99,Senior Engineer
96211,Ugo,Khalid,8/5/63,5/15/95,1/1/99,Senior Staff
96213,Shahid,Wossner,11/8/62,12/24/89,1/1/99,Senior Staff
96214,Huan,Brickell,1/19/62,2/18/96,1/1/99,Staff
96215,Tse,Wrigley,2/15/62,11/24/96,1/1/99,Senior Engineer
96220,Marsja,Staudhammer,10/30/64,9/6/91,1/1/99,Senior Engineer
96223,Utz,Reistad,2/12/64,5/11/97,1/1/99,Senior Staff
96226,Tommaso,Schueller,1/2/63,2/14/97,1/1/99,Engineer
96233,Conor,Ghazalie,12/7/64,5/20/94,1/1/99,Senior Staff
96235,Mohua,Linares,8/15/62,6/14/87,1/1/99,Engineer
96242,Masako,Morrow,6/23/63,8/6/97,1/1/99,Engineer
96244,Barna,Uhrig,9/5/62,11/19/87,1/1/99,Senior Engineer
96254,Susuma,Hofmeyr,2/18/63,3/8/98,1/1/99,Staff
96257,Goncalo,Thibadeau,6/24/62,12/24/01,1/1/99,Staff
96260,Harjit,Peek,10/3/64,12/5/93,1/1/99,Staff
96267,Kazuhiro,Schrift,2/26/62,1/21/92,1/1/99,Engineer
96271,Jaewoo,Rubsam,3/6/63,1/29/90,1/1/99,Staff
96273,LiMin,Berendt,4/23/62,4/29/90,1/1/99,Staff
96275,Lakshmi,Morrin,10/7/62,1/8/92,1/1/99,Senior Staff
96284,Siddarth,Khasidashvili,8/11/62,7/12/02,1/1/99,Senior Staff
96285,Hitofumi,Yamaashi,4/1/63,8/21/86,1/1/99,Engineer
96286,Tadanori,Kusalik,3/27/64,8/25/90,1/1/99,Engineer
96287,Isamu,Aseltine,7/30/62,12/10/96,1/1/99,Engineer
96291,Saniya,Segond,4/30/62,12/22/95,1/1/99,Senior Staff
96294,Sigeru,Willoner,8/27/62,11/2/96,1/1/99,Engineer
96297,Bogdan,Schusler,10/20/62,1/14/99,1/1/99,Staff
96305,Yefim,Lunt,2/23/63,12/20/96,1/1/99,Staff
96310,Toshimo,Soloway,6/3/62,1/20/94,1/1/99,Senior Engineer
96316,DAIDA,Genther,11/6/64,11/28/01,1/1/99,Engineer
96321,Sanjay,Giveon,11/22/64,2/22/86,1/1/99,Senior Engineer
96322,Sadok,Veldwijk,8/7/62,12/18/97,1/1/99,Staff
96327,Yuqun,Rassart,6/15/63,9/2/98,1/1/99,Staff
96329,Gio,Hammerschmidt,10/10/64,12/1/90,1/1/99,Technique Leader
96336,Xuejia,Hasenauer,10/27/63,8/15/95,1/1/99,Senior Engineer
96340,Baoqiu,Ratnaker,12/15/64,8/15/87,1/1/99,Senior Engineer
96353,Freyja,Gustavson,9/15/63,11/12/94,1/1/99,Senior Engineer
96354,Kiyomitsu,Crooks,7/26/63,12/14/85,1/1/99,Staff
96355,Aloke,Bierman,2/21/64,2/7/85,1/1/99,Technique Leader
96356,Khosrow,Sherertz,12/26/62,10/10/88,1/1/99,Senior Engineer
96363,Christophe,Birta,11/25/63,2/8/89,1/1/99,Senior Engineer
96364,Evgueni,Peris,7/28/63,6/26/01,1/1/99,Senior Staff
96368,Xiong,Poupard,11/5/64,9/8/89,1/1/99,Senior Staff
96373,Subbu,Reghbati,12/8/64,6/3/97,1/1/99,Engineer
96395,Adas,Orsini,11/22/62,6/14/99,1/1/99,Staff
96401,Mari,McClurg,5/4/64,8/27/92,1/1/99,Senior Engineer
96406,Aamod,Hashii,7/31/64,6/18/89,1/1/99,Senior Engineer
96407,Hidde,Veccia,4/4/62,1/8/00,1/1/99,Senior Staff
96408,Arto,Lipner,6/20/62,8/18/90,1/1/99,Engineer
96413,Ramzi,Jording,11/6/64,4/18/85,1/1/99,Engineer
96426,Rafael,Sinitsyn,3/14/63,10/2/92,1/1/99,Senior Engineer
96435,Barton,Renear,4/28/62,3/26/90,1/1/99,Senior Staff
96457,LiMin,Douceur,4/15/62,2/10/96,1/1/99,Staff
96461,Zhonghua,Mullainathan,6/9/63,2/9/92,1/1/99,Staff
96462,Kenroku,Rosin,3/30/62,10/15/98,1/1/99,Engineer
96463,Nevio,Rijsenbrij,7/8/64,11/9/91,1/1/99,Engineer
96470,Aleksandar,Chenoweth,1/26/64,8/24/97,1/1/99,Engineer
96473,Fusako,Hockney,3/6/64,9/9/94,1/1/99,Senior Staff
96490,Kannan,Lunt,4/14/63,8/1/96,1/1/99,Senior Staff
96493,Xiaopeng,Crooks,9/23/62,7/16/98,1/1/99,Staff
96498,Adam,Guerreiro,12/22/62,11/8/94,1/1/99,Senior Staff
96507,Hatsukazu,Pietrzykowski,9/14/63,2/23/90,1/1/99,Senior Engineer
96509,Shuichi,Bernatsky,8/9/62,1/27/94,1/1/99,Engineer
96511,Janalee,Lanphier,5/31/63,2/20/85,1/1/99,Senior Staff
96519,Rajmohan,Angiulli,5/6/62,2/13/99,1/1/99,Staff
96523,Munenori,Gopalakrishnan,7/5/63,6/7/92,1/1/99,Senior Engineer
96529,Mitsuyuki,Kaelbling,11/2/63,11/17/88,1/1/99,Senior Engineer
96532,Kinh,Jumpertz,3/5/62,10/8/86,1/1/99,Senior Engineer
96539,Tadanori,Nannarelli,11/29/62,9/4/87,1/1/99,Senior Staff
96546,Takahito,Chandrasekhar,7/13/63,3/16/87,1/1/99,Senior Staff
96550,Marc,Bernini,2/5/62,3/22/94,1/1/99,Senior Engineer
96552,Guenter,Hofstetter,9/16/62,12/8/85,1/1/99,Senior Staff
96563,Visit,Morrey,5/16/64,9/19/99,1/1/99,Engineer
96568,Boriana,Fabrizio,7/27/63,5/19/94,1/1/99,Engineer
96571,Kokou,Garrabrants,1/13/65,11/5/97,1/1/99,Senior Engineer
96575,Sajjad,Meszaros,2/22/64,12/2/87,1/1/99,Staff
96576,Huiqun,Rosay,7/5/62,2/17/85,1/1/99,Engineer
96579,Mohan,Tasistro,1/18/65,2/10/96,1/1/99,Engineer
96584,Chandrasekaran,Decaestecker,12/25/64,9/1/87,1/1/99,Technique Leader
96600,Yinghua,Benzmuller,10/5/64,4/27/98,1/1/99,Senior Staff
96602,Masaru,Pietracaprina,12/7/62,10/16/91,1/1/99,Senior Engineer
96605,Pragnesh,Cusworth,8/10/62,3/23/87,1/1/99,Senior Staff
96607,Froduald,Farris,8/10/62,12/1/93,1/1/99,Senior Engineer
96612,Dharmaraja,Curless,7/26/63,8/13/98,1/1/99,Staff
96627,Rasiah,Vingron,4/12/64,5/22/95,1/1/99,Senior Engineer
96633,Subhada,Uchoa,6/21/62,1/1/99,1/1/99,Staff
96634,Hidekazu,Validov,11/6/62,7/28/88,1/1/99,Staff
96643,Mitsuyuki,Rehfuss,3/18/62,7/12/98,1/1/99,Engineer
96651,Nikolaos,Sherertz,11/27/64,3/16/86,1/1/99,Engineer
96652,Zhonghua,Senzako,5/18/62,12/10/86,1/1/99,Senior Staff
96654,Lijie,Veldwijk,7/31/64,2/2/98,1/1/99,Engineer
96664,Mamdouh,Ecklund,1/19/62,5/25/90,1/1/99,Senior Engineer
96679,Kazuhisa,Argence,3/28/63,3/13/96,1/1/99,Senior Engineer
96681,Cathie,Masada,8/1/62,10/16/92,1/1/99,Senior Staff
96697,Jaideep,Farrar,2/10/62,11/3/91,1/1/99,Staff
96700,Amstein,Panwar,7/6/64,5/3/96,1/1/99,Senior Staff
96707,Manibrata,Gyimothy,9/26/64,7/31/96,1/1/99,Engineer
96708,Yongdong,Landherr,1/27/62,7/11/91,1/1/99,Senior Staff
96713,Tze,Erdi,4/2/63,6/9/95,1/1/99,Assistant Engineer
96725,Kazuhira,Covnot,1/14/62,8/9/90,1/1/99,Staff
96734,Kolar,Mullainathan,6/24/64,12/5/97,1/1/99,Engineer
96744,Peternela,Badr,11/22/62,12/1/87,1/1/99,Staff
96747,Heeju,Ohori,12/4/64,6/17/97,1/1/99,Senior Engineer
96754,Nobuyoshi,Bamford,11/22/63,6/17/92,1/1/99,Staff
96755,Pramod,Birnbaum,12/2/64,10/27/93,1/1/99,Senior Staff
96757,Ingmar,Wynblatt,2/24/62,10/12/93,1/1/99,Assistant Engineer
96759,Subhash,Christ,7/4/64,2/11/96,1/1/99,Engineer
96767,Arumugam,Vecchio,1/7/65,8/14/85,1/1/99,Senior Engineer
96771,Horward,Thummel,9/5/62,10/17/97,1/1/99,Engineer
96772,Szabolcs,Wilharm,6/5/64,6/6/96,1/1/99,Engineer
96777,Naraig,Chinen,3/31/64,12/16/94,1/1/99,Senior Engineer
96778,Serif,Busillo,11/24/63,9/14/86,1/1/99,Senior Staff
96785,Macha,Coors,12/4/63,12/22/87,1/1/99,Senior Staff
96787,Avishai,Flowers,4/24/62,6/11/99,1/1/99,Technique Leader
96790,Yishay,Fendler,5/11/62,12/2/90,1/1/99,Senior Staff
96793,Teiji,Rohrbach,10/15/63,2/5/95,1/1/99,Staff
96801,Ottavia,Ruemmler,11/16/64,10/8/96,1/1/99,Engineer
96802,Aloys,Randi,3/25/62,1/11/96,1/1/99,Staff
96808,Marit,Shobatake,3/29/63,1/31/87,1/1/99,Engineer
96810,Martien,Bruckman,1/9/64,8/6/97,1/1/99,Engineer
96813,Juichirou,Lubachevsky,4/12/64,10/6/88,1/1/99,Senior Staff
96815,Anyuan,Bonifati,7/29/63,12/9/99,1/1/99,Engineer
96821,Vasiliy,Alpin,6/10/62,7/5/86,1/1/99,Senior Staff
96824,Gift,Akiyama,6/19/62,4/29/88,1/1/99,Senior Staff
96825,Heping,Brender,12/5/64,8/14/91,1/1/99,Engineer
96828,Duri,Sessa,5/2/64,9/15/99,1/1/99,Senior Staff
96829,Xiaocheng,Miculan,4/23/64,12/19/96,1/1/99,Staff
96837,Mohan,Pavlopoulou,12/30/62,5/27/89,1/1/99,Senior Engineer
96838,Weiwu,Erde,6/16/64,9/6/98,1/1/99,Staff
96842,Gal,Thiran,8/25/64,9/14/96,1/1/99,Engineer
96850,Visit,Picco,5/7/62,10/1/88,1/1/99,Senior Staff
96864,Qiwen,Cyre,11/24/64,2/14/98,1/1/99,Staff
96867,Wuxu,Ruemmler,8/14/63,7/3/01,1/1/99,Technique Leader
96874,Sandeepan,Improta,10/14/64,6/18/97,1/1/99,Senior Staff
96877,Mohit,Rissanen,4/18/64,10/24/90,1/1/99,Senior Staff
96886,Weiru,Conde,4/15/62,4/12/86,1/1/99,Senior Staff
96895,Billie,Tsukuda,2/20/63,2/25/93,1/1/99,Technique Leader
96898,Ung,Vieri,9/12/64,12/31/88,1/1/99,Engineer
96908,Gianluca,Basawa,3/5/64,2/28/99,1/1/99,Engineer
96910,Demin,Antonakopoulos,3/4/62,10/26/93,1/1/99,Assistant Engineer
96913,Chaoyi,Zucker,6/20/63,7/4/95,1/1/99,Senior Staff
96917,Kristinn,Pashtan,10/19/63,6/5/99,1/1/99,Senior Staff
96928,Subhrajyoti,Kroon,5/20/64,10/15/89,1/1/99,Senior Staff
96932,Isamu,Karlin,5/29/62,11/2/97,1/1/99,Staff
96938,Willard,Cyre,6/16/63,2/25/93,1/1/99,Engineer
96939,Bernd,Weisert,9/5/63,12/1/87,1/1/99,Senior Engineer
96950,Peer,Veevers,11/26/62,3/15/94,1/1/99,Engineer
96953,Lakshmi,Felder,2/25/64,6/26/89,1/1/99,Senior Staff
96960,Marc,Gils,8/8/62,8/4/97,1/1/99,Staff
96968,Dzung,Yeung,8/23/64,11/30/95,1/1/99,Senior Engineer
96978,Suebskul,Kalsbeek,5/3/63,10/21/93,1/1/99,Staff
96980,Giordano,Bierman,9/12/64,11/24/90,1/1/99,Senior Engineer
96984,Akemi,Erni,5/7/62,2/2/88,1/1/99,Senior Staff
96987,Atreyi,Pietrzykowski,5/10/64,12/6/88,1/1/99,Staff
96988,Ashish,Klyachko,5/14/62,3/20/92,1/1/99,Senior Engineer
96992,Kensyu,Stenning,4/20/62,5/19/92,1/1/99,Senior Engineer
97001,Valery,Detkin,5/5/63,5/17/95,1/1/99,Engineer
97003,Mostafa,Takkinen,6/18/62,10/8/85,1/1/99,Engineer
97009,Carrsten,Hammerschmidt,11/28/63,8/15/94,1/1/99,Engineer
97018,Jeanna,Chinen,1/9/65,1/1/89,1/1/99,Senior Engineer
97023,Nigel,Egerstedt,5/31/62,2/20/97,1/1/99,Engineer
97034,Harngdar,Rando,11/17/63,2/9/93,1/1/99,Senior Staff
97040,Suebskul,Peak,4/14/62,3/12/87,1/1/99,Technique Leader
97059,Akeno,Deyuan,9/29/63,4/8/92,1/1/99,Engineer
97060,Monique,Plotkin,9/28/63,2/15/95,1/1/99,Assistant Engineer
97066,Gro,Cappelli,2/27/62,7/22/02,1/1/99,Staff
97067,Sungwon,Beutelspacher,4/20/64,1/14/90,1/1/99,Staff
97072,Indrajit,Callaway,9/1/62,7/10/90,1/1/99,Senior Engineer
97074,Takushi,Awdeh,7/17/64,3/23/93,1/1/99,Staff
97079,Naftaly,Khalid,12/18/63,8/3/98,1/1/99,Engineer
97086,Magdalena,McAffer,7/8/64,9/19/92,1/1/99,Senior Engineer
97090,Bartek,Camurati,8/19/64,10/9/85,1/1/99,Staff
97093,Susanna,Bellmore,2/20/64,5/1/92,1/1/99,Senior Engineer
97095,Phule,Cannata,4/15/64,11/5/98,1/1/99,Senior Staff
97096,Chiradeep,Erdmenger,7/25/64,12/17/86,1/1/99,Engineer
97102,Angel,Takanami,8/23/63,2/18/90,1/1/99,Staff
97107,Akemi,Beetstra,5/20/62,7/1/96,1/1/99,Staff
97111,Adamantios,Oehlmann,1/17/64,6/4/99,1/1/99,Engineer
97116,Yechezkel,Bahl,11/18/63,10/17/93,1/1/99,Staff
97117,Tsz,Lunn,7/26/64,2/25/92,1/1/99,Staff
97124,Eran,Servi,5/24/63,12/11/93,1/1/99,Senior Engineer
97131,Noritoshi,Heydon,4/26/63,10/9/97,1/1/99,Senior Engineer
97132,Teunis,Swiss,1/9/64,6/10/99,1/1/99,Senior Staff
97133,Bokyung,Lenart,2/7/63,9/25/88,1/1/99,Senior Engineer
97137,Mats,Budinsky,8/1/62,8/5/98,1/1/99,Assistant Engineer
97142,Mara,Khalil,1/11/64,11/2/98,1/1/99,Engineer
97144,Masadi,Taubman,10/27/62,4/7/95,1/1/99,Assistant Engineer
97150,Thodoros,Lipner,1/29/63,3/4/85,1/1/99,Senior Staff
97154,Zhonghui,Ermel,2/27/63,7/17/88,1/1/99,Senior Engineer
97168,Rosella,Foong,10/28/64,4/28/92,1/1/99,Assistant Engineer
97169,Przemyslawa,Strehl,3/20/62,3/5/85,1/1/99,Staff
97170,Bernd,Pileggi,7/7/62,5/1/93,1/1/99,Engineer
97174,Tamiya,Bierbaum,5/4/64,5/7/94,1/1/99,Technique Leader
97180,Sorina,Crouzet,8/2/64,8/19/97,1/1/99,Staff
97186,Fumiya,Cannard,9/8/63,3/29/86,1/1/99,Senior Engineer
97189,Mohit,Talmor,12/31/62,4/23/89,1/1/99,Engineer
97198,Stamatina,Aumann,3/11/63,2/21/85,1/1/99,Senior Engineer
97207,Cathie,Goodrum,1/6/62,4/10/86,1/1/99,Staff
97209,JoAnne,Ibel,7/21/63,2/18/89,1/1/99,Senior Staff
97229,Moon,Gaughan,4/20/62,9/29/98,1/1/99,Senior Staff
97237,Shuky,Marsiglia,10/20/63,8/14/01,1/1/99,Senior Staff
97245,Vivian,Broomell,1/18/62,6/16/95,1/1/99,Engineer
97247,Guiseppe,Hitomi,6/22/63,6/2/86,1/1/99,Senior Staff
97255,Hatsukazu,Gopalakrishnan,8/9/64,10/10/89,1/1/99,Staff
97265,Ult,Hertweck,2/11/62,5/18/96,1/1/99,Engineer
97272,Emran,Sanella,5/1/64,7/25/94,1/1/99,Senior Engineer
97277,Kerryn,Yeung,4/16/64,3/22/95,1/1/99,Engineer
97284,Halsur,Rothe,9/9/64,1/11/90,1/1/99,Engineer
97288,Ronnie,Haumacher,6/27/62,5/25/95,1/1/99,Technique Leader
97289,Hailing,Karunanithi,7/2/62,3/20/88,1/1/99,Senior Staff
97298,Bernd,Christianini,10/2/63,8/30/92,1/1/99,Senior Staff
97302,Moheb,Munro,2/6/64,9/18/93,1/1/99,Senior Engineer
97306,Nevin,Botman,5/17/64,7/20/99,1/1/99,Senior Engineer
97322,Josyula,Whitcomb,1/28/62,10/25/93,1/1/99,Senior Staff
97323,Gianluca,Dredge,10/12/64,3/6/89,1/1/99,Engineer
97329,Chaosheng,Falck,9/16/62,1/17/96,1/1/99,Staff
97332,Sadun,Hasenauer,5/11/64,1/5/00,1/1/99,Staff
97333,Zhensheng,Pokrovskii,7/3/64,8/1/92,1/1/99,Staff
97343,Tomokazu,Jenevein,7/26/64,5/11/87,1/1/99,Staff
97345,Candida,Waterhouse,11/21/63,4/1/99,1/1/99,Senior Staff
97348,Nahum,Danecki,8/23/63,12/10/95,1/1/99,Staff
97358,Weicheng,Walston,8/20/63,3/1/86,1/1/99,Senior Engineer
97367,Mikhail,Brookner,6/11/62,9/15/98,1/1/99,Senior Engineer
97369,Richard,Lunt,5/19/63,4/24/97,1/1/99,Staff
97377,Baruch,Tanemo,12/14/62,5/14/87,1/1/99,Staff
97379,Mingdong,Flexer,3/24/64,12/4/89,1/1/99,Senior Engineer
97380,Rayond,Naudin,5/31/63,9/26/86,1/1/99,Senior Staff
97389,Tsvetan,Gerlach,2/24/63,4/15/90,1/1/99,Senior Engineer
97392,Shaibal,Rahimi,12/14/63,1/15/98,1/1/99,Technique Leader
97397,Zhiguo,Gniady,3/2/64,5/30/99,1/1/99,Senior Staff
97408,Mototsugu,Rissanen,1/6/64,8/15/86,1/1/99,Staff
97411,Stepehn,Narwekar,6/29/62,11/16/85,1/1/99,Senior Staff
97414,Basant,Stemann,7/28/63,2/7/92,1/1/99,Senior Engineer
97419,Jixiang,Simkin,1/24/64,7/27/91,1/1/99,Technique Leader
97425,Ranan,Barreiro,3/15/62,8/28/86,1/1/99,Engineer
97427,Bedrich,Vasanthakumar,12/21/63,5/10/91,1/1/99,Senior Staff
97432,Karlis,Marciano,12/29/64,8/14/97,1/1/99,Senior Staff
97441,Jinya,Sifakis,10/19/62,5/3/89,1/1/99,Senior Staff
97450,Lokesh,McClurg,1/9/62,5/12/92,1/1/99,Technique Leader
97453,Jiang,Baaz,12/13/62,7/1/85,1/1/99,Engineer
97476,Deniz,Kitai,8/27/63,6/23/92,1/1/99,Staff
97477,Yinlin,Orsini,12/23/63,7/1/86,1/1/99,Staff
97479,Xinan,Pagter,10/17/63,2/14/85,1/1/99,Engineer
97481,Renee,Brattka,6/9/63,3/16/87,1/1/99,Senior Staff
97487,Feipei,Sluis,11/2/64,11/14/94,1/1/99,Senior Engineer
97489,Pantung,Papastamatiou,7/25/64,9/20/97,1/1/99,Staff
97497,Gopalakrishnan,Kolvik,7/4/63,9/16/88,1/1/99,Engineer
97506,Ebru,Remmele,12/15/64,6/27/93,1/1/99,Senior Staff
97507,Teruyuki,Bratsberg,5/15/64,12/23/94,1/1/99,Senior Engineer
97519,Jeane,Bierbaum,11/17/62,1/3/99,1/1/99,Engineer
97528,Boutros,Panangaden,10/26/62,8/30/99,1/1/99,Engineer
97529,Vidya,Quittner,8/19/63,11/28/88,1/1/99,Engineer
97530,Shooichi,Bain,7/26/62,3/11/88,1/1/99,Senior Staff
97531,Anyuan,Fioravanti,9/12/64,6/17/93,1/1/99,Senior Engineer
97539,Huei,Kolinko,8/7/62,9/3/86,1/1/99,Engineer
97542,Piyawadee,Pleszkun,6/3/64,7/20/95,1/1/99,Senior Engineer
97546,Howell,Mamelak,6/26/62,4/14/86,1/1/99,Staff
97547,Sergi,Kusakabe,9/28/62,5/27/96,1/1/99,Engineer
97548,Mountaz,Nilsson,11/28/63,6/2/91,1/1/99,Senior Engineer
97549,Stepehn,Glowinski,8/16/62,10/24/87,1/1/99,Senior Engineer
97550,Ibibia,Badache,5/30/64,8/27/91,1/1/99,Senior Staff
97566,Phule,Parascandalo,8/3/62,9/13/90,1/1/99,Staff
97576,Ronnie,Lorch,7/23/63,2/20/98,1/1/99,Senior Engineer
97590,Ravishankar,Coorg,6/1/63,2/25/86,1/1/99,Staff
97594,Manu,Rodham,6/19/64,12/19/94,1/1/99,Senior Engineer
97598,Rayond,Lunn,3/15/64,11/30/88,1/1/99,Senior Engineer
97600,Maris,Harllee,7/11/64,3/2/93,1/1/99,Staff
97603,Wayne,Servi,7/9/63,10/8/91,1/1/99,Senior Staff
97608,Janche,Rodier,3/12/63,12/24/91,1/1/99,Staff
97614,Boguslaw,Kemmerer,8/7/63,3/30/89,1/1/99,Senior Engineer
97623,Haldon,Janetzko,1/25/65,9/11/90,1/1/99,Staff
97625,Uta,Riesenhuber,2/20/63,7/4/85,1/1/99,Technique Leader
97632,Uwe,Chappelet,4/30/63,1/19/99,1/1/99,Engineer
97633,Muneo,Ginneken,1/9/62,11/16/97,1/1/99,Senior Staff
97639,Spyrose,Bresenham,8/19/64,3/22/90,1/1/99,Senior Engineer
97655,Stevo,Lukaszewicz,6/11/64,6/23/95,1/1/99,Staff
97661,Avishai,Hegner,1/31/65,5/8/93,1/1/99,Senior Staff
97669,Jianwen,Delgrange,7/12/63,1/25/99,1/1/99,Engineer
97674,Sreekrishna,Georg,12/15/64,2/25/99,1/1/99,Staff
97681,Xinyu,Tchuente,10/16/63,10/2/95,1/1/99,Staff
97689,Maria,Zeidenstein,3/23/63,4/21/90,1/1/99,Senior Staff
97696,Hitofumi,Peres,2/20/63,5/14/93,1/1/99,Technique Leader
97702,Shuzo,Simmel,6/6/63,2/16/88,1/1/99,Senior Engineer
97710,Reinhard,Cyne,11/10/62,12/21/99,1/1/99,Senior Engineer
97716,Yefim,Gill,5/1/62,8/12/92,1/1/99,Staff
97732,Sukumar,Krzyzanowski,4/30/62,3/13/85,1/1/99,Senior Engineer
97735,Rosine,Merkl,3/14/63,8/7/92,1/1/99,Senior Staff
97739,Aram,Soicher,1/28/62,4/21/90,1/1/99,Senior Engineer
97743,Akemi,Berstel,10/27/62,5/2/87,1/1/99,Engineer
97751,Uwe,Pollacia,9/15/63,2/8/98,1/1/99,Senior Staff
97759,Tsvetan,Keohane,1/10/64,6/5/99,1/1/99,Senior Engineer
97761,Tzvetan,Nyrup,8/18/62,12/9/88,1/1/99,Senior Engineer
97766,Conor,Beetstra,6/11/63,11/15/92,1/1/99,Senior Engineer
97772,Gennady,Garnham,12/1/64,1/12/94,1/1/99,Senior Engineer
97777,Huei,Pouyioutas,11/21/64,12/26/91,1/1/99,Staff
97778,Huan,Couchot,9/22/62,1/14/99,1/1/99,Staff
97784,Minghong,Kambil,9/24/62,2/14/95,1/1/99,Staff
97785,Vatsa,Strandh,4/26/62,10/12/89,1/1/99,Staff
97788,Unal,Segond,8/31/62,7/29/87,1/1/99,Senior Staff
97794,Toshimori,Turnbull,11/16/64,2/21/87,1/1/99,Senior Staff
97799,Olivera,Schmiedel,7/25/63,8/21/92,1/1/99,Senior Staff
97804,Danai,Fraisse,5/24/62,4/30/89,1/1/99,Senior Staff
97814,Nahum,Reistad,6/24/64,8/3/88,1/1/99,Staff
97815,Nahum,Spieker,9/17/62,10/4/94,1/1/99,Engineer
97819,Nimmagadda,Tetzlaff,12/4/63,6/12/99,1/1/99,Staff
97820,Gila,Azevdeo,6/30/63,9/11/96,1/1/99,Staff
97828,Shem,Werthner,11/3/64,3/20/97,1/1/99,Technique Leader
97829,Van,Sundgren,10/6/63,3/28/97,1/1/99,Technique Leader
97839,Kristinn,Foong,8/1/62,11/22/97,1/1/99,Staff
97845,Koichi,Oehlmann,3/18/62,7/6/95,1/1/99,Engineer
97846,Aleksandar,Rothenberg,7/2/62,12/21/91,1/1/99,Engineer
97851,Dekang,Quittner,11/22/62,12/26/99,1/1/99,Engineer
97856,Feixiong,Tischendorf,7/2/64,8/8/99,1/1/99,Staff
97857,Piyawadee,Kambil,7/15/64,3/11/91,1/1/99,Senior Staff
97858,Yuriy,Fiutem,4/1/64,12/8/00,1/1/99,Senior Staff
97861,Frazer,Clouatre,10/29/62,7/6/85,1/1/99,Technique Leader
97864,Carrsten,Trogemann,11/26/63,2/21/86,1/1/99,Senior Staff
97865,Xiaoheng,Thimonier,7/13/63,8/20/98,1/1/99,Staff
97876,Uinam,Simkin,11/3/62,4/27/99,1/1/99,Staff
97893,Constantino,Ranft,9/21/62,4/12/89,1/1/99,Engineer
97901,Shaowei,Turnbull,5/4/63,11/5/89,1/1/99,Staff
97902,Mary,Ghalwash,9/11/63,8/28/99,1/1/99,Engineer
97906,Ranga,Aumann,5/11/63,8/14/90,1/1/99,Staff
97908,Przemyslawa,Berztiss,10/24/62,3/15/96,1/1/99,Senior Engineer
97929,Shahar,Zeilberger,11/22/62,4/24/88,1/1/99,Senior Staff
97930,Tonia,Cronin,6/1/64,3/31/93,1/1/99,Engineer
97932,Doowon,Brender,2/27/62,8/24/87,1/1/99,Senior Staff
97941,Kazuhiko,Miake,8/2/63,12/30/85,1/1/99,Senior Engineer
97950,Fabrizio,Adachi,6/24/63,5/17/91,1/1/99,Senior Staff
97951,Emdad,Rissanen,2/26/62,6/16/95,1/1/99,Staff
97955,Barry,Ginneken,12/7/62,6/12/91,1/1/99,Senior Staff
97960,Ayakannu,Bale,9/10/63,6/17/92,1/1/99,Senior Engineer
97964,Christoph,Coors,9/21/64,7/1/85,1/1/99,Senior Engineer
97968,Niclas,Jarecki,10/30/64,4/19/95,1/1/99,Senior Staff
97973,Jianhao,Gire,8/1/64,2/3/88,1/1/99,Assistant Engineer
97974,Fabrizio,Hempstead,12/28/63,3/4/91,1/1/99,Engineer
97975,Neven,Fujisawa,12/23/63,12/12/93,1/1/99,Senior Engineer
97978,Koichi,Cesareni,12/2/64,1/17/91,1/1/99,Senior Staff
97980,Yonghoan,Welham,5/26/64,8/15/97,1/1/99,Engineer
97981,Willard,Kilgour,9/27/62,1/26/89,1/1/99,Engineer
97984,Vasilis,Veevers,8/6/63,12/2/94,1/1/99,Senior Staff
97988,Bokyung,Herbst,4/15/63,4/7/92,1/1/99,Senior Engineer
97994,Marit,Demir,8/16/64,4/2/98,1/1/99,Engineer
97998,Conrado,Shimshoni,4/6/64,12/22/90,1/1/99,Engineer
98000,Vitali,Fabrizio,10/19/64,12/11/85,1/1/99,Technique Leader
98003,Emdad,Lyonns,10/17/62,6/20/86,1/1/99,Senior Staff
98005,Yechezkel,Siprelle,5/2/64,7/4/89,1/1/99,Senior Staff
98010,Elgin,Bednarek,8/4/63,7/12/91,1/1/99,Engineer
98011,Jessie,Savasere,5/23/63,8/27/95,1/1/99,Engineer
98021,Shih,Hinsberger,4/1/63,3/15/86,1/1/99,Senior Staff
98025,Chuanyi,Baar,1/27/64,12/24/90,1/1/99,Senior Engineer
98037,Janche,Swiler,8/6/63,3/14/93,1/1/99,Staff
98045,Teiji,Setia,8/9/64,3/28/85,1/1/99,Staff
98065,Barton,Docker,9/21/63,1/31/91,1/1/99,Technique Leader
98078,Siddarth,Siksek,5/23/64,3/14/92,1/1/99,Engineer
98082,Paris,Kadhim,6/29/62,7/24/95,1/1/99,Senior Staff
98089,Hailing,Harllee,10/20/62,9/2/88,1/1/99,Staff
98094,Zhenbing,Henseler,7/23/62,7/6/98,1/1/99,Engineer
98100,Lokesh,Terwilliger,2/23/62,4/15/92,1/1/99,Staff
98102,Mingdong,Klassen,3/3/63,7/5/92,1/1/99,Senior Staff
98103,Tristan,Marwedel,12/30/64,2/19/85,1/1/99,Engineer
98109,Val,Werthner,9/27/62,1/24/95,1/1/99,Staff
98111,Marjo,Uhrik,3/21/63,9/19/87,1/1/99,Senior Engineer
98113,Changho,Soloway,12/17/63,5/14/94,1/1/99,Staff
98114,Masato,Marchegay,8/6/63,11/20/85,1/1/99,Senior Engineer
98115,Hisao,Asser,8/12/64,6/2/95,1/1/99,Engineer
98132,Zhensheng,Burnard,11/14/63,5/2/86,1/1/99,Senior Engineer
98135,Maris,Weedman,1/18/62,11/9/87,1/1/99,Senior Engineer
98141,Lakshmi,Peng,11/27/64,9/20/93,1/1/99,Engineer
98144,Tesuya,Avouris,4/20/62,12/15/96,1/1/99,Staff
98156,Rajmohan,Tanemo,10/23/63,6/11/97,1/1/99,Staff
98157,Jinxi,Lanteri,12/28/62,1/13/99,1/1/99,Staff
98161,Gully,Krichel,9/24/64,2/7/88,1/1/99,Technique Leader
98162,Toshiki,Bharadwaj,2/10/62,3/1/87,1/1/99,Senior Engineer
98164,KayLiang,Edelhoff,12/25/62,9/7/94,1/1/99,Senior Staff
98172,Demin,Mandell,2/8/64,9/12/95,1/1/99,Senior Staff
98180,Constantine,Janocha,6/22/62,8/17/99,1/1/99,Engineer
98190,Masako,Ambroszkiewicz,9/12/62,5/26/87,1/1/99,Staff
98197,Christ,Soloway,1/23/62,10/28/99,1/1/99,Senior Engineer
98205,Alejandra,Ranum,4/2/64,11/21/95,1/1/99,Senior Staff
98208,Maria,Zeilberger,3/8/63,12/3/99,1/1/99,Technique Leader
98219,Ebru,Benantar,12/3/63,2/8/95,1/1/99,Staff
98223,Kristina,Avouris,9/19/62,9/13/85,1/1/99,Senior Staff
98225,Froduald,Kusakabe,4/10/62,4/13/95,1/1/99,Senior Engineer
98230,Renee,Castellani,12/18/64,9/8/87,1/1/99,Senior Engineer
98242,Palash,Pollacia,7/2/63,6/12/01,1/1/99,Senior Engineer
98250,Freyja,Reeken,8/13/63,8/25/86,1/1/99,Senior Engineer
98254,Xiadong,Peres,9/9/63,10/5/87,1/1/99,Senior Engineer
98276,Quingbo,Perko,3/22/62,4/11/92,1/1/99,Senior Engineer
98283,Giri,Vasanthakumar,9/6/63,1/29/96,1/1/99,Engineer
98288,Sumali,Huttel,1/12/65,9/12/89,1/1/99,Staff
98290,Adin,Braunmuhl,1/10/62,5/23/94,1/1/99,Engineer
98299,Deborah,Sgarro,8/14/63,12/1/97,1/1/99,Senior Staff
98301,Edwin,Falster,11/10/64,3/12/96,1/1/99,Senior Engineer
98302,Carrsten,Schlumberger,2/10/63,5/15/96,1/1/99,Senior Staff
98304,Heather,Shanbhogue,4/29/64,11/18/85,1/1/99,Senior Staff
98306,Ziya,Kadhim,1/16/65,6/24/99,1/1/99,Senior Engineer
98316,Jingling,Dalton,9/4/64,1/21/87,1/1/99,Engineer
98324,Stafford,Hofting,12/25/63,5/11/89,1/1/99,Senior Engineer
98325,Leni,Osgood,3/29/64,8/5/86,1/1/99,Engineer
98340,Ayakannu,Uchoa,9/21/64,1/29/99,1/1/99,Senior Engineer
98344,Keiichiro,Cullers,11/30/64,6/19/98,1/1/99,Senior Staff
98351,Florina,Setia,1/28/62,2/2/85,1/1/99,Staff
98352,Jianhua,Erdi,1/31/63,7/18/02,1/1/99,Senior Staff
98354,Goncalo,Vingron,5/5/63,11/9/85,1/1/99,Senior Staff
98364,Alselm,Larfeldt,2/24/64,11/25/89,1/1/99,Senior Engineer
98372,Shao,Jansch,2/10/64,2/1/96,1/1/99,Staff
98382,Manu,Yoshizawa,2/11/64,5/24/90,1/1/99,Staff
98384,Nadjib,Reeken,5/14/63,12/26/90,1/1/99,Engineer
98386,Theirry,Luiz,7/17/63,4/21/92,1/1/99,Assistant Engineer
98389,Aemilian,Suri,10/30/63,6/20/90,1/1/99,Senior Staff
98397,Domenick,Solares,6/26/63,6/1/96,1/1/99,Senior Staff
98400,Brigham,Badache,12/30/64,1/18/92,1/1/99,Senior Engineer
98401,Kwangjo,Egerstedt,3/20/64,8/12/95,1/1/99,Assistant Engineer
98406,Steen,Plump,3/25/63,1/18/98,1/1/99,Technique Leader
98408,Mabo,Straney,4/22/64,6/2/99,1/1/99,Engineer
98409,Akeno,Perelgut,10/26/64,4/13/85,1/1/99,Senior Engineer
98413,Jianhua,Tagansky,11/27/62,3/20/89,1/1/99,Senior Staff
98415,Rimli,Bottner,9/9/64,12/28/92,1/1/99,Technique Leader
98416,Khue,Baja,1/17/62,1/14/90,1/1/99,Senior Engineer
98418,DAIDA,Malinowski,12/21/62,7/30/88,1/1/99,Senior Engineer
98433,Dulce,Landherr,10/7/63,6/8/98,1/1/99,Senior Engineer
98441,Martins,Reutenauer,12/26/63,12/26/88,1/1/99,Senior Staff
98455,Uli,Melichar,3/14/64,8/19/91,1/1/99,Engineer
98459,Kazuhide,Cyre,10/19/63,6/7/95,1/1/99,Staff
98469,Fen,Leijenhorst,8/31/62,4/2/89,1/1/99,Senior Staff
98474,Shigehito,Potthoff,10/14/63,1/9/87,1/1/99,Staff
98479,Herbert,Lenart,1/24/62,9/1/98,1/1/99,Senior Staff
98492,Kerhong,Thiria,7/23/62,9/26/88,1/1/99,Senior Engineer
98494,Chenye,Penttonen,2/28/62,1/14/91,1/1/99,Senior Staff
98496,Kinh,Krohn,4/13/63,11/11/98,1/1/99,Senior Engineer
98508,Bedir,Stavenow,11/30/63,12/2/91,1/1/99,Senior Engineer
98510,Florina,Osgood,9/14/64,9/23/94,1/1/99,Technique Leader
98512,Yefim,Cyne,12/12/64,12/2/92,1/1/99,Senior Staff
98513,Sumant,Trumbly,9/5/62,3/31/92,1/1/99,Senior Engineer
98515,Dines,Sambasivam,6/12/62,3/29/00,1/1/99,Senior Staff
98519,Shin,Pehl,9/11/64,8/23/86,1/1/99,Senior Staff
98523,Henk,Sommen,10/22/64,8/16/95,1/1/99,Senior Engineer
98527,Marko,Madeira,6/8/63,6/6/96,1/1/99,Senior Staff
98539,Mikhail,Thisen,12/25/63,12/29/92,1/1/99,Senior Engineer
98540,Constantino,Dusink,7/18/64,7/9/99,1/1/99,Engineer
98551,Masoud,Pardalos,2/1/64,8/14/96,1/1/99,Engineer
98553,Maia,Figueira,7/7/64,8/19/93,1/1/99,Senior Staff
98560,Tadahiro,Esteva,1/31/64,5/10/99,1/1/99,Senior Engineer
98561,Moss,Kropf,3/6/62,7/1/96,1/1/99,Engineer
98563,Kazuhira,Begiun,3/11/62,12/29/93,1/1/99,Senior Engineer
98572,Clyde,Bugaenko,1/11/64,4/6/85,1/1/99,Staff
98574,Falguni,Rattan,2/22/62,9/20/89,1/1/99,Senior Engineer
98579,King,Remmers,1/3/64,8/23/99,1/1/99,Engineer
98580,Irene,Otillio,4/17/63,5/11/85,1/1/99,Staff
98588,Nadjib,Unni,12/1/62,6/10/93,1/1/99,Staff
98590,Parke,Furudate,1/25/63,5/2/91,1/1/99,Senior Staff
98597,Anestis,Schiper,11/11/62,4/25/85,1/1/99,Technique Leader
98603,Tommaso,Norsworthy,2/22/64,1/13/87,1/1/99,Senior Engineer
98610,Hausi,Syrzycki,4/17/63,7/10/93,1/1/99,Engineer
98613,Hyuckchul,Baby,12/23/63,5/25/88,1/1/99,Senior Staff
98620,Sampalli,Engelmann,7/1/63,10/12/97,1/1/99,Engineer
98623,Aran,Valiente,3/26/63,4/30/86,1/1/99,Technique Leader
98626,Fox,Emmerich,4/29/63,3/12/01,1/1/99,Engineer
98629,Tesuro,Rodite,1/4/64,1/6/00,1/1/99,Technique Leader
98639,Florina,Assaf,1/29/65,5/18/96,1/1/99,Staff
98641,Luigi,Pietrzykowski,5/26/63,12/10/99,1/1/99,Engineer
98645,IEEE,Gerteisen,12/13/63,7/6/99,1/1/99,Staff
98647,Munehiro,Zweizig,11/10/63,10/23/00,1/1/99,Senior Staff
98648,Stevo,Backhouse,4/11/63,4/14/98,1/1/99,Staff
98649,Leni,Halevi,2/15/63,2/11/98,1/1/99,Engineer
98653,Franziska,Gonthier,1/19/64,6/13/91,1/1/99,Assistant Engineer
98657,Kwok,Brandsma,11/6/63,4/20/98,1/1/99,Staff
98664,Kendra,Felcyn,1/24/63,2/9/92,1/1/99,Staff
98668,Gao,Leppanen,12/22/63,7/14/87,1/1/99,Staff
98669,Bernd,Lorho,2/27/64,8/15/00,1/1/99,Engineer
98677,Lijie,Lampe,9/21/62,5/25/91,1/1/99,Senior Staff
98681,Rimon,Demke,4/16/62,1/18/93,1/1/99,Senior Engineer
98684,Cedric,Granlund,1/9/62,3/5/96,1/1/99,Assistant Engineer
98708,Moriyoshi,Constantine,5/10/62,1/11/90,1/1/99,Senior Engineer
98712,Renny,Chandrasekhar,1/23/64,8/26/85,1/1/99,Senior Staff
98723,Mrinalini,Moehrke,6/17/62,4/1/85,1/1/99,Senior Engineer
98729,Matk,Onuegbe,7/18/63,12/23/95,1/1/99,Engineer
98731,Martina,Lundstrom,9/23/64,9/14/85,1/1/99,Staff
98733,Ebbe,Luft,6/25/64,11/12/97,1/1/99,Engineer
98737,Seongbin,Hatcliff,9/13/64,9/19/89,1/1/99,Senior Staff
98743,Georgy,Macedo,1/25/63,3/28/89,1/1/99,Staff
98751,Jacqueline,Syang,1/3/64,11/19/97,1/1/99,Engineer
98756,Sadegh,Ozeri,3/3/64,5/12/96,1/1/99,Senior Engineer
98763,Dipayan,Swift,6/26/62,6/1/99,1/1/99,Staff
98764,JoAnne,Krupka,8/23/63,8/22/93,1/1/99,Senior Staff
98771,Tsuneo,Laventhal,5/21/63,10/1/94,1/1/99,Senior Staff
98772,Hugo,Bael,8/29/62,5/28/98,1/1/99,Staff
98775,Chiranjit,Serot,1/23/62,12/18/87,1/1/99,Senior Engineer
98777,Alenka,Provine,11/9/62,10/9/96,1/1/99,Assistant Engineer
98790,Dharmaraja,Benveniste,12/17/64,10/22/88,1/1/99,Engineer
98799,Candida,Bazzichi,2/27/64,1/25/95,1/1/99,Senior Staff
98811,Tetsurou,Yurek,10/23/62,10/9/88,1/1/99,Senior Staff
98819,Marl,Ushiama,1/16/64,1/5/88,1/1/99,Staff
98829,Claude,Kragelund,6/27/62,2/8/91,1/1/99,Senior Engineer
98842,Arif,Yetim,3/19/62,6/28/96,1/1/99,Senior Staff
98844,Francoise,Himler,10/22/62,8/27/94,1/1/99,Senior Staff
98856,Yucel,Smailagic,4/19/62,7/29/97,1/1/99,Staff
98858,Pradeep,Docker,10/30/62,5/23/85,1/1/99,Staff
98864,Valter,Schapiro,11/23/62,4/9/87,1/1/99,Engineer
98873,Taegyun,Rohrbach,2/25/64,4/2/02,1/1/99,Engineer
98890,Erez,Alpay,10/31/62,7/15/87,1/1/99,Senior Staff
98902,Akemi,Bernardinello,9/18/63,3/12/98,1/1/99,Engineer
98906,Xinglin,Serdy,10/1/62,2/26/85,1/1/99,Senior Staff
98907,Serge,Jervis,11/24/62,12/17/86,1/1/99,Senior Engineer
98909,Kwok,Pews,12/6/64,5/2/92,1/1/99,Senior Staff
98910,Kiyomitsu,Foong,12/26/62,7/5/97,1/1/99,Staff
98914,Sumant,Rikino,12/22/64,4/19/95,1/1/99,Senior Engineer
98925,Kensei,Heping,2/25/63,11/14/91,1/1/99,Senior Engineer
98934,Aiichiro,Maginnis,9/9/62,11/21/90,1/1/99,Senior Engineer
98940,Maha,Milicic,8/1/63,1/28/96,1/1/99,Technique Leader
98948,Irena,Koblitz,9/12/62,1/24/98,1/1/99,Staff
98949,Kinh,Braunschweig,8/3/62,1/23/94,1/1/99,Engineer
98955,Michaela,Kusakari,3/22/64,9/30/96,1/1/99,Engineer
98966,Zeljko,Aloisi,8/28/64,5/27/95,1/1/99,Engineer
98975,Perry,Kaiser,10/13/63,6/24/89,1/1/99,Senior Staff
98980,Zsolt,Brandsma,3/1/64,7/21/85,1/1/99,Senior Staff
98988,Huei,Acton,7/22/64,9/12/97,1/1/99,Engineer
98990,Huai,Radhakrishnan,7/4/63,10/10/93,1/1/99,Engineer
99008,Adil,Cardazo,1/29/64,9/17/96,1/1/99,Senior Staff
99021,Hilary,Molberg,10/9/64,1/21/93,1/1/99,Assistant Engineer
99028,Oddvar,Erol,8/16/63,7/28/98,1/1/99,Staff
99038,Poornachandra,Emmart,9/22/62,8/30/86,1/1/99,Senior Engineer
99042,Mantis,Budinsky,9/30/64,4/4/94,1/1/99,Engineer
99043,Ebbe,Pagter,12/4/64,3/18/97,1/1/99,Staff
99049,Kenton,Thibadeau,8/6/62,11/26/88,1/1/99,Senior Staff
99051,Susanna,Swift,5/24/62,10/8/99,1/1/99,Staff
99052,Tsutomu,Zweizig,2/3/64,12/15/95,1/1/99,Senior Engineer
99057,Shugo,Reeken,1/30/65,6/21/99,1/1/99,Staff
99065,Rimon,Birdsall,11/5/64,2/25/88,1/1/99,Senior Engineer
99068,Sahrah,Hennings,8/20/64,8/6/99,1/1/99,Senior Staff
99069,Anestis,Gustavson,4/4/64,12/12/95,1/1/99,Engineer
99070,Lihong,Kropatsch,12/13/63,8/1/97,1/1/99,Assistant Engineer
99073,Renee,Coullard,7/15/64,10/30/95,1/1/99,Senior Engineer
99077,Yuchang,Montemayor,2/24/62,12/25/95,1/1/99,Staff
99084,Rildo,Ramalingam,3/10/64,7/25/85,1/1/99,Senior Engineer
99094,Marin,Soicher,9/29/64,5/9/91,1/1/99,Senior Engineer
99096,Pascal,Hedayat,9/27/64,9/20/91,1/1/99,Staff
99098,Denny,Lunn,9/7/64,4/8/94,1/1/99,Staff
99100,Leucio,Crooks,12/31/63,12/2/94,1/1/99,Senior Staff
99106,Mikhail,Peir,5/26/62,8/17/98,1/1/99,Engineer
99115,Jiann,Marakhovsky,4/7/63,11/4/92,1/1/99,Engineer
99120,Candida,Hambrick,8/22/64,12/29/97,1/1/99,Engineer
99121,Honesty,Przulj,8/16/62,11/10/90,1/1/99,Staff
99124,Kwok,Ghandeharizadeh,8/3/63,10/10/86,1/1/99,Staff
99129,Rosalyn,Vernadat,3/9/64,8/15/89,1/1/99,Engineer
99131,Yonghoan,Huxford,4/23/64,5/21/89,1/1/99,Senior Engineer
99136,Jianwen,Sudkamp,7/31/63,11/7/85,1/1/99,Senior Engineer
99144,Shaibal,Hofmeyr,8/28/64,12/21/98,1/1/99,Engineer
99146,Kousuke,Vendrig,10/4/63,4/18/97,1/1/99,Senior Engineer
99150,Tomofumi,Furudate,9/15/62,12/1/95,1/1/99,Engineer
99155,Tadahiro,Beidas,7/7/62,6/13/98,1/1/99,Technique Leader
99156,Babette,Morton,11/3/62,9/29/97,1/1/99,Staff
99157,Aiichiro,Adachi,7/23/64,5/11/85,1/1/99,Senior Staff
99158,Arco,Hofstetter,11/11/64,6/21/88,1/1/99,Engineer
99163,Marit,Pietracaprina,6/3/64,7/21/89,1/1/99,Senior Staff
99170,Kristin,Bharadwaj,11/17/62,6/27/93,1/1/99,Senior Engineer
99175,Ulf,Rullman,6/22/64,1/20/93,1/1/99,Senior Engineer
99179,Goncalo,Masamoto,1/4/62,2/11/94,1/1/99,Senior Engineer
99181,Vesna,Menhardt,8/14/64,5/26/87,1/1/99,Senior Staff
99187,Ghassan,Scharstein,11/20/64,2/25/95,1/1/99,Staff
99195,Adamantios,Hardjono,12/9/63,9/28/92,1/1/99,Senior Engineer
99213,Greger,Lortz,5/9/63,9/14/96,1/1/99,Assistant Engineer
99215,Naftali,Karunanithi,4/14/62,2/12/88,1/1/99,Senior Engineer
99219,Tran,Waeselynck,10/8/64,6/10/01,1/1/99,Staff
99224,Karoline,Peyn,8/15/64,1/25/87,1/1/99,Senior Engineer
99232,Xiping,Cunliffe,4/19/64,11/19/88,1/1/99,Staff
99234,Miquel,Ecklund,7/16/64,2/17/93,1/1/99,Senior Staff
99254,Nidapan,Porotnikoff,11/14/62,8/31/91,1/1/99,Engineer
99259,Guenter,Ertl,1/19/63,8/29/94,1/1/99,Staff
99263,Aemilian,Usery,8/13/63,6/25/99,1/1/99,Staff
99266,Isaac,Passafiume,8/9/64,11/4/94,1/1/99,Senior Staff
99273,Gudjon,Bottner,1/26/64,2/2/99,1/1/99,Staff
99282,Yonghoan,Remmele,3/17/62,2/15/89,1/1/99,Senior Staff
99285,Odoardo,Codenie,8/22/62,2/21/97,1/1/99,Engineer
99287,Mats,Speer,10/19/64,7/11/96,1/1/99,Senior Staff
99289,Naftaly,Erie,5/8/62,6/6/98,1/1/99,Engineer
99294,Hugo,Solares,8/14/63,12/23/91,1/1/99,Staff
99298,Tonny,VanScheik,4/25/63,2/11/96,1/1/99,Senior Staff
99302,Marc,Molenaar,11/4/62,8/2/99,1/1/99,Assistant Engineer
99306,Yunming,Cronan,10/10/64,1/1/93,1/1/99,Engineer
99308,Vatsa,Anido,9/21/62,11/17/87,1/1/99,Senior Engineer
99312,Pranav,Hainaut,12/2/64,1/17/90,1/1/99,Senior Staff
99320,Danae,Kading,10/10/64,5/23/86,1/1/99,Senior Engineer
99327,Dmitri,Toyoshima,9/16/63,5/15/96,1/1/99,Senior Engineer
99334,Rasiah,McConalogue,9/18/64,3/27/85,1/1/99,Senior Staff
99337,Gen,Zielinski,4/24/63,4/7/99,1/1/99,Staff
99341,Weiwu,Muchinsky,5/20/64,3/12/87,1/1/99,Staff
99343,Xiaoheng,Gomatam,5/28/63,12/7/93,1/1/99,Senior Engineer
99346,Tayeb,Bellone,5/30/63,11/19/91,1/1/99,Staff
99348,Shalesh,Nanard,2/27/64,10/3/95,1/1/99,Senior Engineer
99350,Yishai,Mukaidono,5/9/63,1/21/89,1/1/99,Staff
99363,Adel,Gimbel,10/4/62,3/8/89,1/1/99,Engineer
99373,Xiaobin,Christianini,1/13/65,12/25/85,1/1/99,Senior Staff
99377,Carrsten,Francisci,1/18/65,6/16/91,1/1/99,Senior Engineer
99380,Shigeichiro,Cunliffe,6/11/64,5/28/88,1/1/99,Senior Engineer
99387,Harngdar,Butner,7/23/64,4/22/93,1/1/99,Senior Staff
99388,Mani,Thombley,4/22/64,11/24/94,1/1/99,Engineer
99389,Niranjan,Janetzko,9/22/62,2/27/94,1/1/99,Senior Engineer
99393,Gregory,Rosar,8/16/64,3/28/92,1/1/99,Senior Staff
99396,Leandro,Neiman,12/18/63,4/29/97,1/1/99,Senior Staff
99398,Mikhail,Haraldson,12/22/64,6/4/99,1/1/99,Engineer
99399,Zita,Valtorta,9/16/64,9/3/89,1/1/99,Senior Engineer
99403,Djenana,Bamford,12/3/62,4/6/94,1/1/99,Senior Engineer
99405,Chuanti,Conti,1/14/63,2/11/91,1/1/99,Senior Engineer
99410,Fox,Kusalik,6/11/62,6/1/94,1/1/99,Assistant Engineer
99411,Nigel,Velasco,3/4/62,12/17/95,1/1/99,Engineer
99417,Danil,Jarecki,2/2/62,6/23/96,1/1/99,Engineer
99418,Chandrasekaran,Harbusch,12/2/64,7/22/90,1/1/99,Engineer
99421,Jayson,Tchuente,7/21/63,7/22/00,1/1/99,Staff
99425,Shridhar,Kaltofen,8/24/62,7/22/96,1/1/99,Engineer
99430,Zejun,Benaini,3/15/64,12/16/91,1/1/99,Technique Leader
99432,Shaleah,Emden,6/14/63,11/8/95,1/1/99,Engineer
99434,Brendon,Plavsic,10/10/64,2/10/96,1/1/99,Staff
99447,Candida,Picco,3/26/62,11/27/87,1/1/99,Staff
99454,Maren,Bonifati,7/25/62,8/16/96,1/1/99,Staff
99455,Leaf,Lieblein,2/5/63,8/30/96,1/1/99,Staff
99465,Oguz,Liedekerke,6/19/64,4/12/96,1/1/99,Engineer
99468,Sampalli,Klassen,1/6/63,7/14/92,1/1/99,Senior Engineer
99469,Paraskevi,Kemmerer,1/15/64,3/1/02,1/1/99,Senior Staff
99477,Yoshimitsu,Rousseau,9/5/64,7/6/98,1/1/99,Engineer
99479,Wonhee,Braccini,4/4/63,10/10/01,1/1/99,Engineer
99480,Larisa,Aseltine,9/27/62,1/16/89,1/1/99,Staff
99518,Temple,Lung,5/22/63,7/11/95,1/1/99,Assistant Engineer
99526,Arne,Hashii,12/10/64,1/13/87,1/1/99,Staff
99531,Karoline,Schiper,2/18/64,6/19/86,1/1/99,Engineer
99538,Cristinel,Markovitch,3/7/64,1/10/93,1/1/99,Staff
99540,Erzsebet,Rusterholz,1/22/62,10/21/86,1/1/99,Senior Staff
99541,Henk,Bernini,6/18/62,9/14/95,1/1/99,Staff
99551,Hisao,Bondorf,12/3/62,12/17/90,1/1/99,Senior Staff
99556,Sangeeta,Cangellaris,5/4/63,4/29/95,1/1/99,Senior Engineer
99559,Emran,Desikan,11/26/62,11/28/98,1/1/99,Staff
99561,Akeel,Daescu,11/26/63,11/22/94,1/1/99,Senior Engineer
99566,Odysseas,Hambrick,8/5/63,1/1/88,1/1/99,Engineer
99572,Dines,Cappelli,2/13/63,2/20/94,1/1/99,Technique Leader
99577,Xiaoheng,Hartvigsen,12/14/63,2/16/93,1/1/99,Staff
99580,Moss,Besselaar,1/23/64,7/27/89,1/1/99,Senior Engineer
99587,Koichi,Niizuma,1/26/64,1/7/91,1/1/99,Senior Staff
99590,Dhritiman,Anily,1/24/65,12/16/98,1/1/99,Staff
99594,Nikolaus,Zschoche,5/25/63,12/1/98,1/1/99,Senior Staff
99602,Saeko,Pellegrinelli,4/9/62,11/16/99,1/1/99,Staff
99604,Radhia,Nergos,9/23/63,8/30/85,1/1/99,Senior Engineer
99609,Mantis,Osgood,11/8/64,8/26/95,1/1/99,Senior Engineer
99610,Baocai,Matzen,4/5/62,5/30/99,1/1/99,Engineer
99614,Ekawit,Selvestrel,1/12/62,7/20/88,1/1/99,Senior Engineer
99618,Bartek,Itzigehl,3/3/62,4/17/85,1/1/99,Engineer
99621,Bojan,Vecchio,12/12/62,8/14/01,1/1/99,Engineer
99629,Rasiah,Raney,5/19/62,12/27/00,1/1/99,Staff
99640,Mori,Danner,3/13/64,1/3/00,1/1/99,Staff
99641,Sangeeta,Reistad,2/23/63,3/2/88,1/1/99,Senior Engineer
99651,Muneo,Zambonelli,2/23/64,8/22/92,1/1/99,Senior Staff
99654,Mahendra,Motley,1/30/65,9/28/85,1/1/99,Senior Staff
99661,Adly,Georgakopoulos,6/23/63,11/12/90,1/1/99,Senior Engineer
99662,Oksana,Prochazka,2/17/63,8/14/90,1/1/99,Senior Staff
99664,Gen,Jayawardene,9/18/63,2/24/85,1/1/99,Senior Staff
99666,Jackson,Kropp,5/25/64,12/15/01,1/1/99,Senior Staff
99669,Anyuan,Ranka,1/18/64,7/10/97,1/1/99,Staff
99676,Ulises,Vingron,5/25/64,12/25/91,1/1/99,Senior Staff
99678,Munenori,Jayawardene,3/4/63,9/18/98,1/1/99,Engineer
99683,Kwangsub,Cooman,12/18/64,9/14/93,1/1/99,Senior Staff
99685,Odinaldo,Baer,6/6/62,2/14/98,1/1/99,Staff
99698,Masako,Rehfuss,10/31/64,8/3/89,1/1/99,Technique Leader
99699,Martial,Munawer,8/10/64,4/18/97,1/1/99,Staff
99701,Kirk,Nergos,7/6/64,9/1/99,1/1/99,Senior Staff
99704,Kenton,Lowrie,7/14/64,11/5/92,1/1/99,Senior Staff
99713,Gil,Kitsuregawa,11/6/63,10/25/93,1/1/99,Engineer
99720,DeForest,Luga,5/11/64,6/11/95,1/1/99,Senior Staff
99731,Sakthirel,Akazan,1/20/64,7/10/85,1/1/99,Engineer
99741,Nechama,Zwicker,5/30/63,7/6/97,1/1/99,Senior Engineer
99742,Alenka,Fairtlough,3/13/64,9/26/93,1/1/99,Staff
99743,Oscar,Pearson,12/16/62,7/28/91,1/1/99,Senior Engineer
99744,Van,Heiserman,7/28/62,2/4/97,1/1/99,Engineer
99751,Gully,Hebert,5/15/64,8/2/89,1/1/99,Senior Staff
99758,Zhiguo,Brodal,8/6/64,10/10/85,1/1/99,Senior Staff
99759,Stella,Fadgyas,3/18/64,6/13/96,1/1/99,Staff
99762,Luisa,Gaughan,10/2/63,7/29/99,1/1/99,Technique Leader
99765,Arunas,Tokunaga,8/21/64,11/3/89,1/1/99,Senior Staff
99768,Mohan,Gips,7/16/64,6/15/89,1/1/99,Staff
99776,Saniya,Gronowski,8/1/62,12/14/99,1/1/99,Engineer
99778,Golgen,Moehrke,9/7/63,10/28/93,1/1/99,Staff
99789,Xuedong,Murillo,10/30/63,10/6/91,1/1/99,Staff
99791,Holgard,Negoita,7/19/63,10/3/88,1/1/99,Senior Staff
99797,Otilia,Schlumberger,12/29/63,2/22/94,1/1/99,Senior Staff
99799,Ottavia,Khamsi,5/30/64,10/16/95,1/1/99,Engineer
99806,Zhiwei,Cannard,7/9/63,11/19/89,1/1/99,Senior Staff
99810,Xianlong,Peres,7/3/63,8/29/93,1/1/99,Senior Engineer
99812,Yucel,Wilharm,2/29/64,11/7/85,1/1/99,Senior Engineer
99813,Jeanne,Horswill,2/19/62,4/30/86,1/1/99,Staff
99819,Stella,Goodrum,10/14/64,9/14/90,1/1/99,Senior Engineer
99831,Alper,Juneja,7/6/62,10/10/90,1/1/99,Staff
99834,Jaideep,Senzako,9/30/62,9/1/95,1/1/99,Engineer
99835,Khaled,Fujisawa,7/13/62,6/9/91,1/1/99,Senior Staff
99839,Zine,Jiang,10/26/63,6/5/90,1/1/99,Senior Staff
99842,Flemming,Keirsey,12/14/63,4/4/91,1/1/99,Senior Staff
99844,Pramod,Makinen,8/23/62,7/28/95,1/1/99,Technique Leader
99849,Etsuo,Pashtan,4/16/63,12/10/95,1/1/99,Engineer
99850,Sreenivas,Farris,10/3/62,12/6/90,1/1/99,Senior Engineer
99851,Giordano,Schoegge,8/3/62,10/24/88,1/1/99,Senior Staff
99854,Mayuko,Kaminger,4/26/63,7/4/87,1/1/99,Senior Engineer
99863,Constantine,Huhdanpaa,10/14/62,7/20/97,1/1/99,Engineer
99866,Angus,Clemencon,8/19/63,10/26/85,1/1/99,Senior Engineer
99875,Kwangsub,Remmers,2/28/64,3/14/98,1/1/99,Staff
99881,Baruch,Chimia,5/9/63,8/31/89,1/1/99,Senior Staff
99884,Ranga,DuCasse,8/6/62,4/14/86,1/1/99,Senior Staff
99900,Gill,Lorin,1/30/63,10/9/90,1/1/99,Senior Staff
99901,Sanjai,Prenel,7/3/63,5/28/99,1/1/99,Engineer
99905,Serge,Pero,6/1/62,8/3/88,1/1/99,Technique Leader
99906,Takahiro,Peek,3/20/64,12/28/90,1/1/99,Senior Staff
99908,Miomir,Garnier,5/8/62,11/17/95,1/1/99,Senior Staff
99912,Kristen,Mundy,2/12/62,12/9/91,1/1/99,Technique Leader
99914,Supot,Gien,8/10/63,12/20/94,1/1/99,Engineer
99918,Tristan,Raoux,5/25/63,8/6/97,1/1/99,Staff
99922,Sadok,Biran,11/8/62,11/4/89,1/1/99,Technique Leader
99924,Shuky,Emmerich,10/13/64,6/10/94,1/1/99,Senior Staff
99926,Aloys,Penttonen,9/24/64,9/26/97,1/1/99,Staff
99940,Weiwu,Braunschweig,3/7/64,12/10/94,1/1/99,Senior Engineer
99941,Isaac,Serov,10/23/63,6/24/98,1/1/99,Senior Staff
99942,Gopalakrishnan,Radhakrishnan,7/10/64,8/30/93,1/1/99,Engineer
99945,Mana,Lamma,10/16/63,11/23/96,1/1/99,Senior Staff
99946,Mostafa,Aloisi,3/9/63,7/25/86,1/1/99,Staff
99950,Along,Schaap,1/6/62,7/13/02,1/1/99,Senior Staff
99955,Satosi,McConalogue,2/22/63,1/14/87,1/1/99,Senior Engineer
99959,Matt,Curless,12/29/63,9/1/98,1/1/99,Senior Staff
99971,Miomir,Tetzlaff,5/22/64,3/14/97,1/1/99,Senior Engineer
99973,Lijie,Vesna,6/8/62,5/1/86,1/1/99,Senior Staff
99975,Ronnie,Bellmore,6/16/64,11/9/94,1/1/99,Engineer
99976,Toshiko,Eastman,11/18/64,6/16/98,1/1/99,Staff
99983,Shaz,Laurillard,9/7/62,2/16/92,1/1/99,Staff
99985,Tadahiko,Hempstead,12/28/62,5/5/89,1/1/99,Engineer
99987,Mang,Range,1/3/62,4/23/93,1/1/99,Staff
99993,Almudena,Butterworth,9/12/64,5/25/92,1/1/99,Staff
99994,Shin,Gils,1/30/63,3/26/89,1/1/99,Senior Staff
99997,Mack,Morris,4/30/63,1/8/95,1/1/99,Senior Staff
100009,Barton,Veldwijk,7/5/63,6/6/99,1/1/99,Staff
100025,Peer,Braccini,12/25/64,2/15/95,1/1/99,Senior Engineer
100027,Ayakannu,Coullard,1/16/62,5/9/87,1/1/99,Technique Leader
100028,Shahaf,Asrin,5/27/64,2/3/89,1/1/99,Engineer
100033,Bikash,Picci,8/31/62,8/19/94,1/1/99,Engineer
100038,Srinidhi,Krohn,4/17/64,1/15/00,1/1/99,Senior Engineer
100043,Maja,Pintelas,2/3/62,3/29/93,1/1/99,Senior Engineer
100044,Valeska,Waymire,8/10/64,11/22/95,1/1/99,Engineer
100047,Masanao,Zockler,11/16/64,11/30/99,1/1/99,Staff
100049,Mansur,Quittner,2/11/62,10/26/99,1/1/99,Engineer
100055,Gladys,Versino,12/1/63,1/7/99,1/1/99,Staff
100059,Kristinn,Perfilyeva,6/4/62,7/3/00,1/1/99,Staff
100060,Brigham,Leivant,7/1/64,12/20/93,1/1/99,Senior Staff
100065,Uma,Klerer,4/5/63,5/4/86,1/1/99,Engineer
100066,Chandrasekaran,Casperson,12/29/63,7/12/98,1/1/99,Assistant Engineer
100069,Makato,Dulli,3/4/64,1/11/95,1/1/99,Senior Staff
100078,Munehiro,Mansanne,11/11/63,11/17/97,1/1/99,Senior Staff
100086,Adib,Godskesen,5/19/63,6/16/85,1/1/99,Senior Staff
100111,Mayuri,Kornyak,5/15/64,7/31/86,1/1/99,Senior Staff
100113,Hyuncheol,Brodie,10/19/62,10/14/88,1/1/99,Engineer
100124,Demos,Coney,10/15/63,8/16/87,1/1/99,Engineer
100126,Tzvetan,Thorelli,12/12/62,1/19/99,1/1/99,Staff
100141,Uzi,Hennebert,7/28/63,7/28/88,1/1/99,Senior Staff
100147,Insup,Denos,6/4/63,8/23/94,1/1/99,Assistant Engineer
100154,Dmitry,Couchot,5/13/62,10/8/95,1/1/99,Senior Staff
100160,Baoqiu,Gluchowski,6/24/64,12/26/95,1/1/99,Assistant Engineer
100164,Lillian,Beilner,3/24/64,9/28/87,1/1/99,Engineer
100179,Gennadi,Showalter,4/12/64,11/11/89,1/1/99,Assistant Engineer
100184,Aluzio,Morrey,4/6/63,11/6/93,1/1/99,Senior Staff
100187,Marjo,Iwayama,12/23/64,11/14/88,1/1/99,Senior Staff
100191,Gererd,Maccarone,12/23/63,10/6/90,1/1/99,Engineer
100194,Carrsten,Furedi,2/26/62,5/21/94,1/1/99,Engineer
100199,Vasiliy,Veccia,11/16/62,1/8/99,1/1/99,Engineer
100201,Mingzeng,Randt,12/16/63,3/31/97,1/1/99,Engineer
100212,Tze,Miake,1/15/63,12/31/89,1/1/99,Staff
100213,Ibibia,Raoux,3/25/64,3/1/92,1/1/99,Engineer
100219,Howell,Schahn,1/10/63,3/11/86,1/1/99,Senior Staff
100221,Guoxiang,Poulakidas,6/3/62,7/27/94,1/1/99,Staff
100231,Masako,Asser,6/18/64,3/8/89,1/1/99,Senior Engineer
100234,Elliott,Kulisch,10/14/63,11/26/01,1/1/99,Staff
100238,Toshimitsu,Uhrig,11/28/62,9/12/95,1/1/99,Staff
100248,Gina,Vidya,12/11/63,9/1/87,1/1/99,Senior Staff
100251,Shridhar,Gihr,8/4/62,8/26/99,1/1/99,Staff
100253,Hercules,Picht,3/11/62,8/11/96,1/1/99,Senior Staff
100254,Kendra,Oaver,1/6/63,5/23/85,1/1/99,Staff
100262,Alain,Perz,12/15/64,8/12/96,1/1/99,Staff
100269,Kristin,Karunanithi,11/7/62,9/18/99,1/1/99,Staff
100272,Qingxiang,Kroon,1/22/63,12/15/90,1/1/99,Senior Staff
100282,Avishai,Rabehasaina,10/19/62,12/4/98,1/1/99,Staff
100285,Xuejun,Bahk,2/8/62,10/1/97,1/1/99,Staff
100290,Toney,Salverda,1/14/63,12/8/85,1/1/99,Engineer
100291,Tetsurou,Perfilyeva,4/11/63,2/4/93,1/1/99,Engineer
100306,Nevio,Zumaque,6/7/64,8/31/99,1/1/99,Staff
100313,Ekawit,Rijsenbrij,5/23/62,9/25/92,1/1/99,Engineer
100318,Valter,Harllee,10/18/62,10/4/88,1/1/99,Engineer
100328,Florina,Foote,12/8/63,10/31/85,1/1/99,Staff
100335,Tze,Perfilyeva,1/19/63,9/24/85,1/1/99,Technique Leader
100346,Zejun,Plumb,1/13/63,5/25/86,1/1/99,Senior Engineer
100350,Zhensheng,Anguita,6/5/62,11/30/88,1/1/99,Senior Staff
100354,Xiaoheng,Puppe,10/13/63,8/20/87,1/1/99,Senior Engineer
100362,Shaibal,Brodal,4/6/62,4/8/90,1/1/99,Senior Staff
100375,Paraskevi,Lundstrom,12/26/64,12/9/98,1/1/99,Engineer
100376,Piyawadee,Bakhtari,1/11/63,4/3/92,1/1/99,Staff
100377,Chiranjit,Luders,8/26/62,6/18/99,1/1/99,Engineer
100381,Pranav,Beausoleil,1/12/63,12/30/85,1/1/99,Senior Staff
100385,Yucel,Senzako,5/22/62,6/30/02,1/1/99,Engineer
100394,Kasidit,Trystram,7/21/62,5/29/95,1/1/99,Staff
100409,Valery,Birrer,1/12/63,8/12/87,1/1/99,Senior Staff
100423,Christophe,Garnick,9/1/63,12/7/94,1/1/99,Engineer
100427,Huiqun,Gecseg,5/13/63,11/14/89,1/1/99,Senior Engineer
100431,Hideo,Picaronny,3/8/63,12/31/96,1/1/99,Engineer
100437,Uri,Pramanik,5/28/62,8/24/94,1/1/99,Senior Engineer
100441,Vidya,Bratsberg,11/14/62,10/27/94,1/1/99,Senior Staff
100454,Jouni,Rabejac,9/4/64,1/6/02,1/1/99,Staff
100456,Paddy,Beutelspacher,6/26/63,9/29/93,1/1/99,Senior Engineer
100461,Jianhui,Kuszyk,9/4/64,7/12/90,1/1/99,Senior Engineer
100462,Volkmar,Brattka,4/20/62,9/17/88,1/1/99,Engineer
100463,Huican,Riefers,1/17/64,1/6/98,1/1/99,Senior Engineer
100468,Suvo,Rothenberg,5/17/62,1/17/00,1/1/99,Engineer
100471,Suzette,Stranks,2/24/62,9/30/91,1/1/99,Senior Engineer
100477,Danny,Sewelson,4/20/63,11/26/93,1/1/99,Senior Engineer
100482,Nathalie,Peternell,5/30/62,11/15/87,1/1/99,Engineer
100487,Tran,Yeung,3/11/62,8/18/88,1/1/99,Senior Staff
100491,Chaitali,Stanfel,2/5/62,3/29/96,1/1/99,Engineer
100496,Tianruo,Ventosa,7/27/64,11/16/98,1/1/99,Engineer
100502,Bernardo,Gladwell,8/25/62,3/29/92,1/1/99,Senior Staff
100505,Fun,Heemskerk,8/31/62,7/31/97,1/1/99,Technique Leader
100509,Guther,Klassen,11/14/64,8/30/96,1/1/99,Engineer
100518,Dietrich,Underwood,7/29/64,1/3/90,1/1/99,Senior Staff
100520,Poornachandra,Maquelin,7/3/63,7/9/90,1/1/99,Senior Staff
100521,Constantijn,Bernardinello,4/16/62,11/1/87,1/1/99,Senior Staff
100522,Barry,Wolniewicz,7/25/62,11/29/97,1/1/99,Engineer
100526,Huei,Sewelson,7/16/64,9/24/01,1/1/99,Senior Engineer
100530,Margo,Covnot,2/7/63,3/15/97,1/1/99,Engineer
100533,Hongzue,Leaver,4/8/64,9/25/97,1/1/99,Technique Leader
100537,Saniya,Theuretzbacher,7/20/64,1/14/92,1/1/99,Technique Leader
100566,Teunis,Chorvat,9/30/63,9/24/96,1/1/99,Staff
100577,Bernardo,Farris,8/14/63,12/25/97,1/1/99,Engineer
100581,Shigeu,Rusmann,2/14/63,11/29/98,1/1/99,Staff
100598,Kiyokazu,Aumann,5/15/64,7/29/94,1/1/99,Senior Engineer
100599,Taizo,Zeleznik,3/7/62,10/1/90,1/1/99,Engineer
100604,Tsutomu,Nitsche,11/7/62,8/26/98,1/1/99,Engineer
100605,Jeanna,Baer,3/12/63,6/29/94,1/1/99,Senior Staff
100610,Murthy,Marciano,8/10/63,7/7/95,1/1/99,Assistant Engineer
100619,Goncalo,Fontet,6/24/63,1/19/95,1/1/99,Engineer
100620,Yechezkel,Marsiglia,12/28/62,3/6/86,1/1/99,Senior Staff
100624,Sukumar,Pero,9/3/62,8/24/98,1/1/99,Engineer
100635,Susanne,Tzvieli,4/27/64,2/9/93,1/1/99,Senior Engineer
100651,Niclas,Hofman,9/22/62,7/13/98,1/1/99,Engineer
100652,Leszek,Redmiles,10/18/64,11/21/90,1/1/99,Senior Staff
100655,Amabile,Chorvat,12/1/64,7/8/94,1/1/99,Senior Engineer
100662,Hironoby,Bashian,6/13/64,7/3/90,1/1/99,Senior Engineer
100672,Lobel,Highland,12/8/62,7/10/94,1/1/99,Engineer
100689,Jaber,Schueller,9/1/64,6/13/91,1/1/99,Staff
100716,Ute,Kaiserswerth,7/6/64,7/10/96,1/1/99,Engineer
100726,Vivian,Rosenbaum,3/8/64,5/28/90,1/1/99,Engineer
100729,Kwan,Hardjono,3/29/64,5/15/92,1/1/99,Staff
100731,Vitaly,Sankaranarayanan,4/25/62,2/14/98,1/1/99,Staff
100742,Apostol,Lieberherr,11/29/64,3/13/96,1/1/99,Staff
100744,Yurij,Peroz,3/25/62,8/4/98,1/1/99,Senior Staff
100751,Sanjay,McConalogue,11/5/63,3/21/97,1/1/99,Senior Staff
100756,Yurii,Zhang,10/30/63,12/16/94,1/1/99,Senior Staff
100763,Khalil,Cannard,11/27/62,12/7/95,1/1/99,Engineer
100773,Caolyn,Barreiro,7/23/62,5/9/96,1/1/99,Senior Staff
100776,Marsha,Molberg,2/10/64,5/29/92,1/1/99,Engineer
100777,Youngkon,Wielonsky,2/25/64,9/8/87,1/1/99,Engineer
100779,Weijing,Deville,2/9/64,8/11/92,1/1/99,Senior Engineer
100784,Arco,Nishimukai,8/7/63,4/20/94,1/1/99,Senior Staff
100788,Fumiyo,Gien,12/14/62,11/13/86,1/1/99,Senior Engineer
100791,Krisda,Ranze,10/13/64,1/14/93,1/1/99,Engineer
100792,Alselm,Baumann,3/8/64,3/10/97,1/1/99,Senior Engineer
100797,Serge,Ranum,2/24/62,1/19/98,1/1/99,Senior Engineer
100806,Shuzo,Standera,12/16/63,8/29/98,1/1/99,Staff
100811,Shuji,Collette,1/8/63,8/23/92,1/1/99,Senior Engineer
100812,Saniya,Lanphier,7/19/63,7/29/87,1/1/99,Senior Engineer
100820,JoAnna,Atrawala,6/8/62,12/28/86,1/1/99,Staff
100824,Huan,Niizuma,12/22/64,7/17/95,1/1/99,Staff
100829,Jayson,Biron,1/11/62,12/31/85,1/1/99,Senior Staff
100834,Tsz,Jeansoulin,6/30/64,1/28/97,1/1/99,Engineer
100839,Rasikan,Plotkin,4/25/64,2/25/96,1/1/99,Technique Leader
100849,Becky,Goodrum,9/13/64,4/26/97,1/1/99,Engineer
100851,Mansur,Gruenwald,1/15/63,11/14/98,1/1/99,Engineer
100860,Amabile,Aamodt,6/20/64,2/6/93,1/1/99,Senior Staff
100864,Jianhao,Homond,4/4/63,12/17/85,1/1/99,Senior Engineer
100865,Hisao,Peral,1/19/65,10/3/90,1/1/99,Engineer
100871,Froduald,Tramer,3/14/62,7/4/99,1/1/99,Technique Leader
100874,Mana,Thiria,3/9/64,8/2/93,1/1/99,Staff
100882,Hugh,Silva,8/30/63,11/15/97,1/1/99,Staff
100890,Gretta,Ananiadou,12/4/64,2/21/95,1/1/99,Senior Engineer
100912,Aral,Gornas,6/25/64,11/29/93,1/1/99,Engineer
100913,Abdelghani,Azulay,1/11/62,3/20/86,1/1/99,Engineer
100915,Sudharsan,Wynblatt,6/14/63,4/12/93,1/1/99,Engineer
100916,Heejo,Aamodt,1/18/65,4/22/92,1/1/99,Engineer
100918,Tadanori,Schwabacher,6/13/63,2/19/01,1/1/99,Senior Staff
100919,Susuma,Aingworth,5/17/64,9/13/92,1/1/99,Senior Staff
100923,Piyawadee,Bouloucos,5/9/63,2/6/90,1/1/99,Senior Staff
100930,Subhrajyoti,Tsukune,11/26/62,12/9/95,1/1/99,Senior Engineer
100931,Sandeepan,Hanabata,10/29/62,6/30/86,1/1/99,Engineer
100937,Limsoon,Ratzlaff,9/6/63,11/25/01,1/1/99,Staff
100938,Jiafu,Bennis,2/27/63,1/21/00,1/1/99,Staff
100955,Oksana,Karnin,9/16/64,12/29/92,1/1/99,Engineer
100972,Mark,Validov,4/24/64,9/21/85,1/1/99,Senior Staff
100985,Doohun,Hardjono,7/4/64,4/6/93,1/1/99,Staff
100986,Felicidad,Baaleh,3/5/64,1/21/92,1/1/99,Technique Leader
100993,Sastry,Loncour,1/11/63,1/15/99,1/1/99,Staff
100995,Claude,Orlowski,4/9/64,12/10/88,1/1/99,Senior Engineer
100997,Christoph,Pietrzykowski,9/13/62,7/9/00,1/1/99,Senior Engineer
101007,Jaewoo,Zhiwei,1/11/63,9/21/99,1/1/99,Staff
101008,Oscal,Meriste,6/3/64,12/10/99,1/1/99,Senior Staff
101020,Duri,Gulak,2/5/64,3/1/88,1/1/99,Staff
101021,Niranjan,Bolsens,10/24/64,7/2/91,1/1/99,Staff
101022,Giao,Masada,4/6/63,6/24/91,1/1/99,Senior Staff
101024,Tzu,Denis,7/16/62,2/21/88,1/1/99,Staff
101029,Phillip,Bratten,10/16/62,10/31/87,1/1/99,Engineer
101031,Przemyslawa,Varley,9/19/62,3/11/88,1/1/99,Staff
101036,Stamatina,Lammel,7/30/64,3/22/86,1/1/99,Senior Engineer
101038,Pintsang,Chenney,3/27/64,10/23/88,1/1/99,Senior Engineer
101045,Kiam,Talmor,2/9/63,5/11/94,1/1/99,Senior Staff
101047,Larisa,Decaestecker,8/19/62,12/18/97,1/1/99,Engineer
101048,Mizuhito,Magliocco,10/16/63,10/3/93,1/1/99,Senior Engineer
101050,Tetsushi,Rosaz,12/13/63,1/19/95,1/1/99,Senior Engineer
101056,Willard,Delgrossi,3/13/64,1/5/99,1/1/99,Staff
101059,Atreye,Birrer,2/25/64,12/23/91,1/1/99,Senior Staff
101062,Udo,Erman,12/16/62,1/19/94,1/1/99,Engineer
101101,Sreekrishna,Hiroyama,4/22/63,11/1/89,1/1/99,Senior Staff
101118,Hyuncheol,Curless,3/20/63,10/18/92,1/1/99,Engineer
101120,Yishai,Heiserman,10/4/62,8/30/91,1/1/99,Staff
101121,Niteen,Atchley,1/30/64,8/27/95,1/1/99,Staff
101131,Akeno,Krohm,2/16/64,11/19/94,1/1/99,Staff
101136,Weiru,Pelz,10/4/63,4/18/91,1/1/99,Engineer
101137,Wanqing,Tyugu,9/10/64,12/26/86,1/1/99,Technique Leader
101139,Jiakeng,Kobara,11/8/64,8/3/95,1/1/99,Staff
101144,Utz,Junot,6/21/62,2/25/96,1/1/99,Staff
101148,Rosita,Lorcy,10/31/62,7/31/91,1/1/99,Staff
101149,Bedrich,Tomescu,10/3/62,12/4/90,1/1/99,Senior Engineer
101156,Fuqing,Baby,12/25/63,4/25/86,1/1/99,Senior Engineer
101161,Bader,Berstel,7/18/63,4/22/98,1/1/99,Staff
101165,Arto,Thummel,6/2/64,4/17/93,1/1/99,Engineer
101170,Yurij,Liedekerke,12/18/62,5/29/95,1/1/99,Staff
101174,Bojan,Gadepally,4/17/62,10/30/94,1/1/99,Senior Engineer
101183,Debaprosad,Siochi,1/13/63,11/4/91,1/1/99,Senior Engineer
101189,Shounak,Mandell,11/27/62,12/17/89,1/1/99,Senior Staff
101196,Toshiki,Ramsey,7/1/63,6/30/92,1/1/99,Senior Engineer
101197,Akemi,Axelband,5/23/64,2/25/87,1/1/99,Senior Staff
101212,Fox,Murtagh,12/7/64,3/19/92,1/1/99,Senior Engineer
101215,Susanta,Otillio,1/16/62,6/9/88,1/1/99,Senior Engineer
101222,Sanjai,Aumann,4/17/62,10/20/88,1/1/99,Assistant Engineer
101223,Roddy,Lorcy,5/30/62,1/28/89,1/1/99,Senior Staff
101228,Yakkov,Verhaegen,4/12/63,11/15/85,1/1/99,Staff
101229,Sreenivas,Schach,8/11/62,6/29/94,1/1/99,Staff
101247,Mansur,Gelosh,6/16/63,4/11/00,1/1/99,Staff
101253,Yannis,Breugel,6/29/64,7/6/85,1/1/99,Senior Engineer
101256,Jinpo,Walstra,6/12/64,3/19/86,1/1/99,Staff
101259,Kwan,Roohalamini,1/1/62,12/21/93,1/1/99,Engineer
101261,Weiyi,Christ,7/5/62,12/3/87,1/1/99,Senior Engineer
101263,Ranga,Akaboshi,8/19/64,7/13/99,1/1/99,Engineer
101275,Filipe,Bharadwaj,3/28/63,12/9/00,1/1/99,Engineer
101283,Ipke,Swift,11/30/63,6/12/85,1/1/99,Engineer
101306,Lucian,Serre,5/17/63,8/21/97,1/1/99,Engineer
101311,Mack,Goodrum,12/2/64,3/12/92,1/1/99,Senior Engineer
101317,Hitofumi,Flowers,10/5/62,6/30/88,1/1/99,Assistant Engineer
101319,Erzsebet,Bellone,11/3/64,2/8/90,1/1/99,Engineer
101324,Mayuri,Peha,8/23/63,6/26/91,1/1/99,Senior Staff
101325,Elrique,Usery,9/24/62,4/6/89,1/1/99,Engineer
101330,Zhenhua,Fargier,4/12/64,5/15/93,1/1/99,Senior Staff
101339,Anoosh,Butner,8/5/63,10/11/94,1/1/99,Staff
101342,Gay,Rouquie,5/9/62,11/3/95,1/1/99,Senior Engineer
101347,Ger,Jording,7/29/64,5/15/89,1/1/99,Engineer
101355,Subhada,Rosis,12/10/64,5/28/97,1/1/99,Staff
101360,Surveyors,Papsdorf,7/6/63,5/10/95,1/1/99,Engineer
101362,Saddek,Maierhofer,10/24/62,11/5/90,1/1/99,Senior Staff
101366,Gennadi,Muniz,6/5/64,10/21/85,1/1/99,Staff
101367,Shahid,Thiria,4/14/62,5/16/91,1/1/99,Staff
101386,Kwun,Angiulli,8/18/62,12/13/91,1/1/99,Senior Engineer
101388,Gadiel,Georgatos,7/26/64,3/29/88,1/1/99,Staff
101391,Adel,Marshall,2/12/64,9/27/96,1/1/99,Senior Engineer
101392,Ziya,Puoti,10/18/64,5/15/92,1/1/99,Engineer
101393,Mountaz,Lukaszewicz,11/3/64,2/11/86,1/1/99,Engineer
101397,Zongyan,Genther,7/25/63,10/19/92,1/1/99,Staff
101401,Doowon,Ranft,6/30/62,1/25/95,1/1/99,Senior Engineer
101402,Chinya,Farrel,6/3/64,5/27/90,1/1/99,Staff
101409,Fusako,Wielonsky,10/13/62,7/12/92,1/1/99,Senior Engineer
101419,Poorav,Deville,11/23/64,11/1/90,1/1/99,Engineer
101421,Fay,Marciano,9/24/64,1/24/86,1/1/99,Senior Staff
101424,Jolita,Vuskovic,8/28/64,3/8/97,1/1/99,Engineer
101432,Siddarth,Colorni,1/26/64,9/23/89,1/1/99,Senior Staff
101437,Kinh,Chelton,10/5/64,3/30/94,1/1/99,Senior Engineer
101444,Vitali,Ferretti,4/25/63,5/12/89,1/1/99,Engineer
101447,Gonzalo,Staylopatis,1/21/64,7/16/01,1/1/99,Engineer
101449,Shao,Serre,3/20/62,4/12/97,1/1/99,Staff
101451,Nalini,Matzen,5/12/62,7/14/94,1/1/99,Senior Staff
101453,Nectarios,Staylopatis,4/14/62,10/27/86,1/1/99,Senior Staff
101456,Herb,Suri,6/13/62,12/25/94,1/1/99,Staff
101462,Uwe,Plessier,9/6/64,10/8/86,1/1/99,Senior Staff
101482,Mototsugu,Zobel,3/22/63,9/9/98,1/1/99,Staff
101487,Abdelaziz,Sury,1/14/65,1/31/91,1/1/99,Senior Staff
101492,Mohd,Jullig,2/1/64,10/2/85,1/1/99,Senior Engineer
101514,Ger,Broomell,1/9/62,8/9/96,1/1/99,Engineer
101518,Kenton,Lindenbaum,8/23/63,2/26/98,1/1/99,Engineer
101520,Hidekazu,Redmiles,1/15/62,4/4/87,1/1/99,Engineer
101522,Angus,Fandrianto,12/1/64,10/14/91,1/1/99,Staff
101526,Bowen,Lorch,10/29/64,3/4/89,1/1/99,Senior Staff
101529,Tomoyuki,Billawala,3/27/64,12/20/99,1/1/99,Engineer
101531,Kenton,Jumpertz,2/14/64,7/8/91,1/1/99,Senior Staff
101544,Doowon,Setlzner,2/13/62,7/4/93,1/1/99,Senior Staff
101545,Goa,Ranze,4/30/62,5/4/89,1/1/99,Senior Engineer
101549,Takahiro,Gruenwald,5/15/64,8/15/90,1/1/99,Senior Staff
101550,Tonia,Borstler,12/12/62,5/1/95,1/1/99,Engineer
101554,Sukumar,Shumilov,12/18/63,6/27/96,1/1/99,Senior Staff
101556,Yahiko,Back,2/27/62,3/15/93,1/1/99,Engineer
101563,Niclas,Schieder,3/13/62,8/1/97,1/1/99,Staff
101568,Jinxi,Vingron,5/8/62,7/15/94,1/1/99,Staff
101572,Marsha,Isaak,11/28/62,2/7/96,1/1/99,Engineer
101576,Ugo,Buchter,7/18/64,5/26/94,1/1/99,Engineer
101579,Kristof,Schiper,4/28/63,9/5/93,1/1/99,Senior Staff
101582,Yuguang,Desikan,9/16/62,1/12/90,1/1/99,Engineer
101589,Narain,Minakawa,7/24/64,11/26/98,1/1/99,Engineer
101596,Emran,Ramaiah,10/29/64,3/9/91,1/1/99,Senior Engineer
101598,Dung,Weedon,5/24/62,1/29/86,1/1/99,Senior Engineer
101602,Giri,Szmurlo,3/18/62,8/28/94,1/1/99,Senior Engineer
101606,Wilmer,Thorensen,11/11/63,2/15/88,1/1/99,Staff
101615,Shigehito,Berztiss,1/4/62,8/14/98,1/1/99,Senior Staff
101622,Munehiro,Standera,3/1/63,1/20/97,1/1/99,Staff
101627,Munir,Morris,5/18/64,9/27/93,1/1/99,Staff
101629,Toong,Hennebert,9/24/62,12/29/89,1/1/99,Senior Staff
101633,Kyoichi,Willoner,7/15/63,7/29/99,1/1/99,Senior Engineer
101635,Nahum,Farrag,2/27/62,2/23/96,1/1/99,Engineer
101641,Tran,Fioravanti,1/5/62,5/8/95,1/1/99,Engineer
101643,Shushma,Liesche,4/29/64,3/11/91,1/1/99,Senior Engineer
101647,Mori,Homond,1/22/65,5/10/94,1/1/99,Senior Staff
101650,Freyja,Gornas,1/5/62,6/27/85,1/1/99,Staff
101652,Lijia,Ghazalie,10/12/63,1/18/87,1/1/99,Engineer
101653,Neelam,Kawashimo,4/12/62,6/25/91,1/1/99,Senior Engineer
101655,Khedija,Bail,5/3/63,5/30/92,1/1/99,Engineer
101658,Uwe,Henseler,1/17/63,9/1/98,1/1/99,Engineer
101660,Zhilian,Pietracaprina,3/1/62,6/28/97,1/1/99,Engineer
101665,Kristine,Morrow,5/12/63,12/3/96,1/1/99,Staff
101666,Hausi,Zeilberger,4/26/63,3/13/90,1/1/99,Engineer
101669,Erez,Mandell,7/27/62,1/3/92,1/1/99,Staff
101675,Tayeb,Baar,5/15/64,2/15/97,1/1/99,Senior Engineer
101683,Tetsushi,Klerer,5/28/62,4/16/92,1/1/99,Senior Engineer
101684,Kamakshi,Dusink,3/13/63,11/20/96,1/1/99,Engineer
101691,Shaowei,Sundgren,6/9/64,3/31/89,1/1/99,Staff
101693,Shugo,Luders,8/15/64,11/27/96,1/1/99,Engineer
101695,Aiichiro,Merkl,5/5/62,1/15/92,1/1/99,Staff
101710,Moheb,Ullian,4/6/63,8/31/96,1/1/99,Assistant Engineer
101732,Sariel,Einsfeld,11/18/64,11/6/97,1/1/99,Engineer
101734,Huiqun,Mandelberg,5/20/64,6/11/92,1/1/99,Senior Engineer
101743,Udo,Cooley,2/28/64,1/4/89,1/1/99,Senior Staff
101751,Jiafu,Isaak,6/14/64,7/21/92,1/1/99,Senior Staff
101758,Aral,Sadowski,9/4/63,3/29/86,1/1/99,Technique Leader
101764,Xuejun,Skafidas,9/3/64,3/2/87,1/1/99,Senior Engineer
101767,Sandeepan,Parfitt,5/20/64,9/20/98,1/1/99,Staff
101771,Rosalyn,Doering,10/16/63,12/10/94,1/1/99,Engineer
101777,Nidapan,Verspoor,11/1/62,7/16/93,1/1/99,Senior Staff
101779,Nigel,Bridgland,2/22/62,10/4/91,1/1/99,Senior Staff
101780,Vitaly,Morrin,9/28/62,12/7/86,1/1/99,Senior Engineer
101781,Shakhar,Bage,5/24/64,1/5/95,1/1/99,Engineer
101786,Emdad,Cunliffe,11/16/64,11/30/86,1/1/99,Senior Engineer
101795,Chinya,Trelles,10/5/63,7/22/91,1/1/99,Technique Leader
101804,Sanjay,Junet,9/4/63,2/22/91,1/1/99,Staff
101805,Danai,Czaja,12/23/64,3/29/88,1/1/99,Staff
101826,Guozhong,DuCasse,2/22/64,7/5/89,1/1/99,Staff
101828,Younwoo,Validov,6/20/63,11/27/88,1/1/99,Senior Staff
101831,Vasilis,Paludetto,10/30/63,4/5/97,1/1/99,Staff
101835,Uwe,Janocha,3/14/64,11/12/90,1/1/99,Staff
101838,Jixiang,Dredge,10/26/64,4/29/96,1/1/99,Engineer
101839,Parke,Bhattacharjee,8/22/64,1/3/00,1/1/99,Engineer
101844,Magy,Zielinski,1/5/64,11/15/85,1/1/99,Senior Engineer
101846,Gal,Schwartzbauer,2/1/63,11/19/95,1/1/99,Engineer
101852,Moheb,Dengi,1/6/62,6/7/85,1/1/99,Engineer
101856,Geoffrey,Rothenberg,1/14/64,12/1/89,1/1/99,Staff
101857,Barna,Cairo,6/10/64,12/24/96,1/1/99,Senior Engineer
101863,Tuval,Hemaspaandra,1/24/64,6/9/86,1/1/99,Senior Staff
101875,Karoline,Tsunoo,11/19/64,1/2/92,1/1/99,Senior Staff
101879,Doowon,Chimia,6/6/62,12/20/98,1/1/99,Staff
101886,Karlis,Kobara,1/27/62,7/27/91,1/1/99,Engineer
101902,Mantis,Millington,1/14/65,3/18/91,1/1/99,Senior Staff
101911,Insup,Francisci,2/26/64,7/10/95,1/1/99,Senior Staff
101913,Sampalli,Carrere,4/16/62,11/3/93,1/1/99,Staff
101920,Aiman,Trumbly,6/14/62,11/4/87,1/1/99,Senior Staff
101924,Kendra,Chinal,3/25/64,5/5/94,1/1/99,Senior Staff
101926,Wilmer,Bernini,1/17/64,11/23/92,1/1/99,Technique Leader
101929,Shaw,Nyanchama,10/5/63,10/21/91,1/1/99,Engineer
101946,Slavian,Marsiglia,5/12/64,4/6/97,1/1/99,Assistant Engineer
101955,Leif,Bazelow,12/25/64,6/20/90,1/1/99,Engineer
101961,Changho,Garrabrants,1/10/64,3/3/91,1/1/99,Engineer
101988,Akemi,Maierhofer,1/9/64,12/25/01,1/1/99,Staff
101990,Mang,Wursthorn,2/2/62,12/3/89,1/1/99,Staff
101992,Duri,Zaumen,7/13/64,5/19/87,1/1/99,Staff
101995,Boutros,Simmel,8/15/63,9/28/92,1/1/99,Senior Staff
101998,Masato,McClurg,12/23/64,2/23/87,1/1/99,Technique Leader
102007,Parviz,Farrar,1/9/64,10/20/89,1/1/99,Staff
102022,Gio,Kilgour,5/12/62,3/5/96,1/1/99,Staff
102024,Zongyan,Docker,2/24/62,10/6/91,1/1/99,Senior Engineer
102026,Ioana,Herath,4/25/63,2/6/94,1/1/99,Senior Engineer
102035,Bowen,Rabehasaina,10/22/64,9/12/90,1/1/99,Senior Staff
102036,Hatem,Lowrie,6/2/62,10/1/85,1/1/99,Engineer
102039,Jaihie,Eiter,12/24/64,2/5/99,1/1/99,Engineer
102048,Katsuyuki,Boyle,9/10/63,10/30/99,1/1/99,Assistant Engineer
102051,Gina,Suri,9/6/64,1/3/92,1/1/99,Staff
102057,Mitsuyuki,Renear,2/6/64,4/19/87,1/1/99,Staff
102082,Vitali,Serre,4/24/64,4/30/96,1/1/99,Senior Engineer
102083,Panayotis,Hambrick,4/3/62,10/23/88,1/1/99,Engineer
102084,Mingdong,Swen,12/19/63,1/29/97,1/1/99,Staff
102085,Goo,Prenel,10/27/64,10/2/85,1/1/99,Senior Engineer
102094,Gadiel,Kroha,2/13/64,9/3/99,1/1/99,Engineer
102096,Shahab,Rotem,4/21/63,2/5/85,1/1/99,Assistant Engineer
102099,Saeko,Farris,1/6/62,8/10/97,1/1/99,Senior Staff
102106,Boalin,Cools,1/25/62,11/8/90,1/1/99,Senior Engineer
102122,Mountaz,Biron,6/6/64,11/25/89,1/1/99,Senior Staff
102124,Toshimi,Lortz,1/14/64,10/30/93,1/1/99,Engineer
102125,Dmitri,Verhoeff,5/23/62,1/18/87,1/1/99,Senior Staff
102127,Jiakeng,Staelin,12/10/63,2/4/94,1/1/99,Senior Staff
102132,Maris,Brender,6/26/62,1/30/99,1/1/99,Senior Staff
102133,Mari,Wilfing,7/20/62,10/29/89,1/1/99,Senior Staff
102136,Alassane,Zuberek,1/2/62,12/9/99,1/1/99,Engineer
102158,Sakthirel,Beilner,11/28/62,4/25/95,1/1/99,Assistant Engineer
102166,Feiyu,Zschoche,4/19/63,12/6/97,1/1/99,Staff
102168,Ewing,DuBourdieux,1/20/64,5/5/99,1/1/99,Engineer
102171,Xuejia,Gyimothy,5/4/63,12/26/91,1/1/99,Senior Staff
102194,Changho,Avouris,2/27/63,2/16/91,1/1/99,Engineer
102200,Jayson,Ranai,9/28/64,12/24/97,1/1/99,Technique Leader
102209,Jingling,Perko,3/23/64,3/6/88,1/1/99,Senior Staff
102211,Bangqing,Kitsuregawa,2/18/63,1/12/86,1/1/99,Engineer
102213,Yuichiro,Malinowski,7/25/64,7/25/91,1/1/99,Staff
102216,Byong,Biran,8/12/62,10/27/97,1/1/99,Technique Leader
102224,Toshimi,Wilharm,7/28/64,4/6/90,1/1/99,Senior Staff
102230,Erez,Gulik,10/13/62,7/19/94,1/1/99,Senior Engineer
102234,Uli,Frezza,7/15/63,5/31/90,1/1/99,Senior Staff
102241,Udo,Tetzlaff,4/24/62,1/10/89,1/1/99,Staff
102245,Maren,Veeraraghavan,8/27/64,11/21/93,1/1/99,Senior Staff
102246,Pradeep,Acton,9/22/63,2/11/87,1/1/99,Senior Engineer
102247,Neven,Swiss,5/28/63,4/16/96,1/1/99,Staff
102256,Djelloul,Pettis,10/22/64,8/27/98,1/1/99,Staff
102262,Yuchang,Hatcliff,11/22/63,12/4/85,1/1/99,Senior Engineer
102267,Rosella,Kalloufi,8/6/63,7/22/89,1/1/99,Assistant Engineer
102268,Ortrun,Lunt,11/20/64,11/4/98,1/1/99,Engineer
102271,Utz,Maliniak,7/27/64,10/7/89,1/1/99,Staff
102274,Aimee,Herbst,8/25/62,2/22/95,1/1/99,Senior Engineer
102275,Shin,Peac,8/11/62,1/7/90,1/1/99,Engineer
102276,Arvin,Angel,6/10/64,11/2/97,1/1/99,Staff
102278,Jenwei,Montemayor,7/15/63,4/16/93,1/1/99,Senior Engineer
102309,Goetz,Vecchio,1/7/64,7/16/94,1/1/99,Staff
102313,Claude,Menyhert,4/10/63,11/12/00,1/1/99,Engineer
102315,Tamiya,Angel,11/27/62,5/29/91,1/1/99,Senior Engineer
102317,Chenxi,Greibach,12/2/62,8/18/97,1/1/99,Staff
102324,Karoline,Flasterstein,3/26/64,3/3/99,1/1/99,Staff
102328,Along,Gonthier,1/28/64,9/22/92,1/1/99,Senior Engineer
102331,Ulises,Cheshire,5/2/64,11/16/88,1/1/99,Senior Engineer
102335,Panayotis,Rissanen,3/12/62,1/20/87,1/1/99,Staff
102343,Indrajit,Nannarelli,10/30/62,1/12/98,1/1/99,Staff
102350,Candido,Cooman,2/20/64,4/7/95,1/1/99,Technique Leader
102354,Anneke,Beausoleil,8/26/63,12/8/92,1/1/99,Assistant Engineer
102357,Shuzo,Bojadziev,12/4/63,8/4/96,1/1/99,Staff
102359,Luise,Petereit,3/12/62,1/8/95,1/1/99,Engineer
102374,Shir,Plumb,5/26/62,10/28/92,1/1/99,Engineer
102380,Manton,Akiyama,1/23/64,1/16/93,1/1/99,Staff
102387,Gurbir,Miyakawa,1/29/63,6/13/89,1/1/99,Technique Leader
102392,Tzu,Berstel,12/5/62,10/16/91,1/1/99,Technique Leader
102404,Dinah,Weedon,6/14/64,2/8/85,1/1/99,Senior Engineer
102421,Eric,Lorie,6/30/62,7/15/94,1/1/99,Staff
102422,Wojceich,Matteis,2/25/63,7/29/99,1/1/99,Staff
102428,Danny,Rando,6/23/62,7/15/87,1/1/99,Staff
102435,Garnik,Yavatkar,6/28/63,5/14/87,1/1/99,Staff
102438,Jouni,Biros,2/3/64,5/24/88,1/1/99,Senior Engineer
102442,Gita,Schneeberger,11/13/64,12/4/94,1/1/99,Staff
102446,Arumugam,Stassinopoulos,6/30/62,3/11/02,1/1/99,Senior Staff
102449,Gila,Luff,9/15/64,7/9/87,1/1/99,Staff
102455,Urs,Menhardt,11/29/62,10/15/96,1/1/99,Staff
102459,Danai,Barvinok,12/28/63,4/27/91,1/1/99,Senior Engineer
102461,Amabile,Mansanne,11/19/64,5/23/87,1/1/99,Engineer
102462,Munehiko,Gecsei,1/30/63,1/2/91,1/1/99,Technique Leader
102472,Peer,Hiltgen,6/24/62,8/10/86,1/1/99,Staff
102473,Maren,Socorro,4/4/62,3/3/91,1/1/99,Senior Engineer
102477,Sachar,Salvesen,6/15/62,7/1/89,1/1/99,Staff
102484,Jacopo,Peyn,10/25/62,10/30/94,1/1/99,Senior Staff
102489,Martien,Pollacia,9/21/63,4/9/85,1/1/99,Senior Staff
102490,Guozhong,Bernick,5/28/64,1/19/94,1/1/99,Senior Staff
102493,Nevio,Samarati,12/5/62,7/15/91,1/1/99,Senior Engineer
102500,Demin,Slutz,4/18/63,3/31/88,1/1/99,Engineer
102504,Hideo,Farrow,1/9/62,8/11/88,1/1/99,Senior Engineer
102505,Zejun,Krychniak,12/31/64,2/23/89,1/1/99,Senior Engineer
102527,Yakkov,Falck,4/29/63,7/23/93,1/1/99,Staff
102528,Gully,Casperson,1/8/63,1/7/00,1/1/99,Technique Leader
102530,Leen,Basawa,9/14/64,3/1/88,1/1/99,Senior Staff
102535,Candida,Terkki,6/22/64,7/11/95,1/1/99,Senior Engineer
102537,Keung,Welham,9/5/62,4/12/91,1/1/99,Staff
102558,Golgen,Perri,2/1/63,1/14/92,1/1/99,Senior Staff
102559,Hairong,Vanwelkenhuysen,5/10/64,8/6/98,1/1/99,Staff
102562,Kamakshi,Farrel,8/11/63,3/24/85,1/1/99,Staff
102564,Vivian,Ligten,2/16/62,6/27/02,1/1/99,Engineer
102566,Kagan,Gopalakrishnan,3/3/64,3/11/95,1/1/99,Senior Staff
102568,Yagil,Narwekar,1/13/64,6/24/89,1/1/99,Engineer
102571,Shahab,Kropatsch,10/16/63,8/23/93,1/1/99,Senior Engineer
102584,Jianhui,Slaats,4/1/63,9/7/01,1/1/99,Staff
102589,Rasiah,Setlzner,6/3/63,8/22/91,1/1/99,Senior Staff
102595,Goetz,Peltason,7/20/62,2/25/86,1/1/99,Senior Staff
102599,Aran,Setia,3/16/62,1/13/99,1/1/99,Senior Staff
102602,Cullen,Varman,7/10/62,6/25/95,1/1/99,Engineer
102606,Fen,Rusterholz,2/8/62,10/12/89,1/1/99,Senior Staff
102618,Bikash,Yoshimura,10/2/62,3/21/92,1/1/99,Senior Staff
102620,Adin,Templeman,1/3/65,8/12/99,1/1/99,Engineer
102626,Suzette,Jonsson,6/17/63,10/26/87,1/1/99,Staff
102633,Fai,Ernst,7/9/62,5/8/87,1/1/99,Senior Engineer
102634,Dekang,Naumovich,6/11/64,7/2/99,1/1/99,Engineer
102638,Shaowen,Belinskaya,5/13/63,12/15/97,1/1/99,Staff
102639,Sverrir,Jahnichen,7/21/64,8/12/91,1/1/99,Engineer
102643,Muneo,Caine,8/12/63,4/25/90,1/1/99,Senior Staff
102647,Jinya,Matzel,4/18/62,11/23/99,1/1/99,Engineer
102649,Pranjal,Cochrane,9/8/62,7/1/86,1/1/99,Senior Staff
102652,Cristinel,Shimshoni,4/24/63,10/25/97,1/1/99,Engineer
102653,Conor,Zlotek,8/11/63,12/12/92,1/1/99,Senior Engineer
102669,Kazuhisa,Trogemann,8/2/62,12/28/89,1/1/99,Senior Engineer
102672,Tze,Bashian,3/16/62,9/12/88,1/1/99,Senior Staff
102684,Houman,Antonakopoulos,1/26/63,4/27/87,1/1/99,Senior Engineer
102685,Nathan,Ellozy,5/18/63,1/15/90,1/1/99,Engineer
102688,Satosi,Braunschweig,8/15/63,1/26/88,1/1/99,Staff
102691,Irene,Molenaar,10/24/64,7/2/85,1/1/99,Senior Staff
102694,Hironoby,Versino,12/9/64,10/10/98,1/1/99,Senior Engineer
102705,Fen,Engelmann,9/5/63,7/7/91,1/1/99,Engineer
102711,Jianhua,Murtagh,7/24/63,3/24/94,1/1/99,Senior Staff
102713,Chenyi,Khalil,8/28/64,8/30/95,1/1/99,Senior Engineer
102714,Tze,Vieth,12/17/63,2/5/91,1/1/99,Senior Engineer
102716,Tzvetan,Picci,4/21/64,10/28/92,1/1/99,Senior Engineer
102720,Mandell,Flexer,9/22/63,10/7/99,1/1/99,Engineer
102726,Reuven,Klassen,10/13/62,6/13/85,1/1/99,Senior Engineer
102739,Yishai,Teitelbaum,1/24/63,3/15/89,1/1/99,Technique Leader
102743,Moto,Vakili,12/19/62,4/20/00,1/1/99,Staff
102746,Vasilii,Gist,8/18/63,6/3/99,1/1/99,Engineer
102750,Weiru,Ushiama,1/20/64,8/27/85,1/1/99,Staff
102761,Lunjin,Eiron,12/10/63,6/27/95,1/1/99,Senior Staff
102772,JoAnne,Yurov,2/20/62,12/11/01,1/1/99,Senior Staff
102773,Hein,Atrawala,10/5/62,4/26/98,1/1/99,Staff
102784,Yurij,Swiler,11/13/62,3/26/98,1/1/99,Staff
102787,Adas,Rikino,3/27/62,8/27/94,1/1/99,Engineer
102794,Bernardo,Kulisch,4/12/62,3/28/91,1/1/99,Senior Engineer
102821,Sadok,Cesareni,10/6/64,3/6/93,1/1/99,Assistant Engineer
102822,Noritoshi,Masaki,5/22/62,5/28/91,1/1/99,Engineer
102843,Heekeun,Bage,12/7/64,9/9/90,1/1/99,Engineer
102848,Yannis,Dayang,2/19/62,6/17/91,1/1/99,Senior Engineer
102849,Marie,Mondadori,3/20/62,2/6/97,1/1/99,Engineer
102868,Yuqun,Deyuan,12/18/63,6/28/94,1/1/99,Staff
102871,Bernt,Berendt,7/8/64,6/9/98,1/1/99,Senior Engineer
102873,LiMin,Krupka,6/15/63,4/19/85,1/1/99,Staff
102879,Hailing,Khalil,1/27/63,9/3/95,1/1/99,Engineer
102885,Mariangiola,Detkin,7/3/63,11/10/90,1/1/99,Engineer
102888,Mayuri,Swan,7/14/62,6/11/89,1/1/99,Senior Engineer
102891,Divine,Kalorkoti,2/6/64,3/11/93,1/1/99,Staff
102893,Troy,Bodoff,6/23/63,1/24/93,1/1/99,Technique Leader
102897,Khun,Bodoff,11/15/64,7/6/97,1/1/99,Engineer
102902,Utpal,Pollacia,10/13/63,11/11/88,1/1/99,Senior Engineer
102913,Geoffrey,Delgrande,5/29/62,11/10/85,1/1/99,Senior Staff
102914,Phuoc,Tanemo,10/5/62,6/7/90,1/1/99,Staff
102915,Mohammed,Basagni,12/31/62,4/17/92,1/1/99,Staff
102929,Yechiam,Ramsak,6/3/63,5/27/85,1/1/99,Senior Engineer
102936,Jayesh,Rullman,9/13/64,5/15/90,1/1/99,Senior Staff
102938,Apostol,Schmezko,5/20/63,6/13/86,1/1/99,Senior Engineer
102952,Xianlong,Krybus,11/12/62,2/22/86,1/1/99,Staff
102955,Sumant,Murthy,10/16/64,8/26/86,1/1/99,Engineer
102956,Masali,Nyrup,2/21/63,1/3/95,1/1/99,Engineer
102958,Anneke,Fargier,4/28/63,10/6/99,1/1/99,Assistant Engineer
102963,Tommaso,Pews,11/15/64,6/16/90,1/1/99,Senior Staff
102964,Danel,Randt,5/31/62,10/5/98,1/1/99,Engineer
102969,Mang,Lindenbaum,8/15/64,9/25/96,1/1/99,Senior Staff
102975,Shai,Stasinski,1/5/64,3/29/87,1/1/99,Engineer
102979,Sanjai,Kading,8/11/62,8/8/90,1/1/99,Assistant Engineer
102984,Guadalupe,Schrooten,12/22/64,4/20/88,1/1/99,Engineer
102986,Shigeaki,Lubachevsky,7/23/64,2/7/87,1/1/99,Senior Engineer
102989,Shounak,Radhakrishnan,11/6/62,8/30/91,1/1/99,Staff
102991,Prodip,Ghelli,8/25/63,6/15/95,1/1/99,Senior Engineer
103004,Odoardo,Marciano,11/13/62,5/16/95,1/1/99,Staff
103009,Palash,Rabejac,3/18/64,8/13/92,1/1/99,Technique Leader
103010,Yunming,Fraisse,1/24/64,2/28/94,1/1/99,Engineer
103015,Kwangho,Pietrzykowski,2/16/62,1/17/96,1/1/99,Senior Staff
103020,Qunsheng,Boreale,10/9/62,7/15/86,1/1/99,Technique Leader
103030,Venkatesan,Zhiwei,12/11/62,4/23/96,1/1/99,Staff
103036,Remmert,Honglei,6/8/64,2/5/92,1/1/99,Staff
103046,Valeri,Rathonyi,6/10/63,12/9/90,1/1/99,Senior Staff
103049,Alair,Murtha,9/7/63,3/24/92,1/1/99,Engineer
103051,Shounak,Oehlmann,4/5/64,6/7/01,1/1/99,Engineer
103053,Duri,Delgrossi,4/20/62,1/21/00,1/1/99,Engineer
103062,Demin,Eppinger,5/20/62,7/29/93,1/1/99,Senior Staff
103064,Akeel,Uchoa,7/12/63,5/21/93,1/1/99,Staff
103065,Mokhtar,Butner,9/15/62,3/27/89,1/1/99,Senior Staff
103067,Frederique,Ciolek,4/12/64,5/24/94,1/1/99,Engineer
103074,Joydip,Cardazo,10/25/62,5/15/86,1/1/99,Senior Engineer
103078,Limsoon,Schaaf,6/8/63,8/22/87,1/1/99,Senior Engineer
103080,Marit,Veccia,6/24/64,1/28/97,1/1/99,Senior Staff
103081,Goetz,Halevi,4/17/64,5/26/90,1/1/99,Engineer
103086,Basem,Setlzner,3/8/62,9/10/99,1/1/99,Staff
103094,Bernt,Marwedel,11/6/63,10/15/91,1/1/99,Senior Engineer
103099,Hisao,Hatcliff,11/18/62,9/18/99,1/1/99,Staff
103103,Reinhard,Fioravanti,6/7/64,11/13/90,1/1/99,Engineer
103104,Yunming,Massonet,5/1/64,2/21/90,1/1/99,Senior Staff
103117,Yuqun,Conia,12/25/63,3/24/85,1/1/99,Senior Engineer
103121,Toshimitsu,Molenkamp,5/4/63,8/24/98,1/1/99,Engineer
103126,Chikara,Matteis,4/14/63,5/3/91,1/1/99,Senior Staff
103134,Khaled,Hettesheimer,4/6/62,3/27/90,1/1/99,Senior Staff
103136,Tonia,Burnard,8/22/62,2/26/85,1/1/99,Assistant Engineer
103141,Shaw,Mahnke,12/6/62,2/6/90,1/1/99,Staff
103142,Mads,Baja,3/8/63,12/1/90,1/1/99,Engineer
103145,Kokou,Kobara,8/8/62,7/25/92,1/1/99,Senior Engineer
103147,Neelam,Selenyi,9/17/63,7/7/98,1/1/99,Staff
103150,Jongsuk,Poehlman,4/13/63,8/3/97,1/1/99,Senior Staff
103151,Hidefumi,Erdi,5/6/64,10/7/96,1/1/99,Engineer
103154,Godehard,Heiserman,7/31/64,8/21/85,1/1/99,Senior Staff
103161,Xiaoheng,Wrigley,11/15/64,5/15/85,1/1/99,Senior Engineer
103165,Wanqing,Itschner,5/22/64,4/16/97,1/1/99,Engineer
103170,Sachin,Openshaw,8/12/64,8/9/96,1/1/99,Senior Staff
103182,Isaac,Pusterhofer,6/23/64,5/9/98,1/1/99,Senior Engineer
103183,Howell,Morrow,3/18/64,6/6/93,1/1/99,Engineer
103186,Toshiki,Demir,1/25/62,9/19/87,1/1/99,Engineer
103187,Toshimori,Gist,10/14/63,5/21/93,1/1/99,Senior Engineer
103195,Khun,Uchoa,1/1/62,8/26/95,1/1/99,Senior Engineer
103196,Djenana,Albarhamtoshy,1/16/65,7/16/88,1/1/99,Staff
103202,Rance,Escriba,10/23/63,5/19/96,1/1/99,Engineer
103212,Khatoun,Bratten,12/31/64,4/29/92,1/1/99,Staff
103213,Harjit,Thorensen,3/2/62,3/14/97,1/1/99,Staff
103220,Masoud,Chorvat,2/21/63,2/16/92,1/1/99,Senior Staff
103222,Susanna,Danlos,3/28/62,8/22/85,1/1/99,Senior Engineer
103230,Bernd,Peyn,8/6/62,2/4/90,1/1/99,Engineer
103231,Gaurav,Ramsey,5/14/64,4/6/92,1/1/99,Engineer
103240,Valeri,Kruskal,8/29/63,7/10/85,1/1/99,Senior Staff
103244,Utz,Bonifati,11/7/62,12/2/91,1/1/99,Senior Staff
103248,Zhenhua,Alameldin,1/26/63,9/29/94,1/1/99,Engineer
103257,Jixiang,Yeung,6/19/63,3/26/98,1/1/99,Technique Leader
103260,Shigeu,Lorch,2/10/62,11/9/85,1/1/99,Senior Staff
103264,Zeljko,Middleton,4/27/63,3/30/90,1/1/99,Staff
103273,Yinlin,Ozeri,5/16/63,4/25/85,1/1/99,Staff
103279,Shigeichiro,Vuskovic,9/19/62,4/18/88,1/1/99,Staff
103288,Feipei,Prenel,7/5/63,10/12/86,1/1/99,Senior Staff
103289,Chuanyi,Felcyn,12/5/62,3/4/97,1/1/99,Senior Engineer
103292,Vidar,Thimonier,9/7/64,7/31/91,1/1/99,Senior Engineer
103298,Yuichiro,Radhakrishnan,12/16/63,5/29/87,1/1/99,Senior Engineer
103300,Zhenbing,Yurov,5/2/63,1/6/94,1/1/99,Senior Engineer
103303,Katsuo,Gist,12/1/63,6/10/02,1/1/99,Staff
103304,Roded,Kinley,11/3/63,12/18/93,1/1/99,Staff
103306,Arfst,Plotkin,4/30/64,11/25/92,1/1/99,Staff
103309,Barton,Schade,2/18/62,1/30/95,1/1/99,Technique Leader
103310,Visit,Swen,1/7/65,10/2/95,1/1/99,Senior Staff
103316,Susanne,Peternell,1/3/65,7/27/94,1/1/99,Engineer
103317,Aram,Werthner,6/9/62,8/14/98,1/1/99,Staff
103323,Deniz,Binding,3/4/63,4/29/92,1/1/99,Senior Staff
103329,Frederique,Assaf,6/7/64,7/12/96,1/1/99,Engineer
103330,Yuqun,Hardjono,4/5/62,8/31/86,1/1/99,Senior Staff
103336,Shigeaki,Krohn,11/22/62,2/10/89,1/1/99,Senior Staff
103341,Abdelaziz,Alencar,3/29/63,8/30/87,1/1/99,Senior Staff
103342,Beshir,Hellwagner,1/3/65,2/3/98,1/1/99,Engineer
103353,Sastry,Benveniste,3/22/63,1/23/98,1/1/99,Staff
103356,DAIDA,Ladret,11/7/63,4/28/91,1/1/99,Engineer
103364,Jinpo,Kandlur,7/26/64,12/12/98,1/1/99,Staff
103372,Dipankar,Chleq,12/29/64,10/29/85,1/1/99,Senior Engineer
103374,Fuqing,Biros,8/8/64,12/6/95,1/1/99,Engineer
103376,Koichi,Lorys,10/5/64,5/22/99,1/1/99,Engineer
103377,Heejo,Sigstam,12/15/64,6/25/90,1/1/99,Senior Engineer
103378,Tremaine,Sridhar,6/9/64,1/25/91,1/1/99,Staff
103384,Laurentiu,Pezzoli,3/25/63,11/12/89,1/1/99,Staff
103387,Roded,Lorho,1/2/63,5/30/97,1/1/99,Staff
103392,Masadi,Woycyznski,4/16/63,12/23/93,1/1/99,Staff
103402,Khaled,Thiria,11/7/64,11/9/87,1/1/99,Senior Staff
103403,Jinpo,Garnier,7/4/62,3/19/92,1/1/99,Engineer
103405,Tiina,Staudhammer,2/22/62,10/8/99,1/1/99,Senior Engineer
103407,Heejo,Sinitsyn,7/22/63,10/1/89,1/1/99,Senior Staff
103414,Rafols,Orlowski,11/1/64,8/26/87,1/1/99,Senior Staff
103416,Xiaoqiu,Narlikar,4/21/63,9/30/90,1/1/99,Senior Staff
103418,Mayuri,DeMori,4/28/62,9/6/89,1/1/99,Engineer
103421,Chrisa,Mateescu,6/4/63,8/20/93,1/1/99,Staff
103436,Goh,Chorvat,7/17/64,3/30/99,1/1/99,Staff
103440,Chaosheng,Heping,5/10/62,12/25/97,1/1/99,Engineer
103445,Unal,Yurov,4/10/63,2/2/90,1/1/99,Engineer
103446,KayLiang,Kuhnemann,12/7/63,6/24/88,1/1/99,Staff
103451,Radhakrishnan,Spinelli,6/20/63,4/20/00,1/1/99,Senior Staff
103454,Mingzeng,Lammel,5/12/64,5/10/85,1/1/99,Senior Staff
103455,Marl,Schnelling,6/27/62,11/26/96,1/1/99,Engineer
103457,Sashi,Fioravanti,12/17/62,2/23/94,1/1/99,Senior Staff
103458,Hironobu,Dredge,2/23/64,5/19/89,1/1/99,Senior Staff
103461,Clyde,Hashii,11/20/62,6/13/92,1/1/99,Assistant Engineer
103462,Elrique,Bojadziev,8/5/62,6/20/01,1/1/99,Staff
103468,Oldrich,Foong,12/29/62,10/31/95,1/1/99,Staff
103478,Shietung,Eickenmeyer,3/22/62,12/12/89,1/1/99,Senior Staff
103481,Shounak,Peak,2/16/64,4/25/85,1/1/99,Senior Engineer
103487,Amabile,Delgrossi,8/9/63,3/31/93,1/1/99,Senior Staff
103489,Kenton,Lorin,8/10/64,3/16/86,1/1/99,Senior Engineer
103492,Mori,Suppi,9/10/64,7/24/89,1/1/99,Staff
103495,Jiafu,Pietrzykowski,12/7/63,3/15/92,1/1/99,Staff
103497,Sedat,Anily,10/29/62,2/26/95,1/1/99,Engineer
103500,Marie,Holburn,9/10/62,11/7/85,1/1/99,Staff
103509,Tsz,Radhakrishnan,7/30/62,8/3/91,1/1/99,Staff
103514,Marsha,Schmezko,2/20/64,2/26/00,1/1/99,Staff
103519,Sreekrishna,Jansch,4/6/64,6/18/99,1/1/99,Engineer
103525,Mohammad,Itzigehl,3/9/63,12/6/99,1/1/99,Senior Staff
103532,Sivanarayana,Roccetti,9/14/64,3/13/85,1/1/99,Senior Staff
103541,Krisda,Luce,5/9/64,5/15/94,1/1/99,Senior Engineer
103551,Hyuncheol,Trachtenberg,8/19/63,1/4/98,1/1/99,Engineer
103556,Kagan,Coombs,6/4/62,1/31/91,1/1/99,Engineer
103559,Waiman,Molberg,7/6/62,5/1/90,1/1/99,Technique Leader
103582,Lein,Randt,8/23/62,1/1/98,1/1/99,Engineer
103590,Tonia,Furedi,10/27/63,3/14/96,1/1/99,Senior Engineer
103592,Jacopo,Kirkerud,12/13/64,2/10/92,1/1/99,Senior Engineer
103600,Kersti,Ginneken,12/13/62,2/12/97,1/1/99,Staff
103616,Radhia,Mahmud,7/7/63,12/20/97,1/1/99,Senior Engineer
103623,Chinhyun,Poupard,4/26/64,8/31/99,1/1/99,Staff
103628,Jiann,Vakili,4/17/62,8/21/90,1/1/99,Senior Engineer
103629,Deborah,Rabehasaina,6/2/64,8/5/92,1/1/99,Senior Engineer
103638,Tesuya,Heijenga,10/30/64,11/14/99,1/1/99,Staff
103646,Eben,Loncour,4/29/62,1/17/99,1/1/99,Staff
103648,Mohammad,Scallan,1/20/63,12/23/97,1/1/99,Senior Engineer
103650,Nathalie,Tomescu,5/28/64,5/25/86,1/1/99,Senior Engineer
103652,Gregory,Stemann,11/2/63,8/12/94,1/1/99,Staff
103655,DeForest,Farris,11/4/63,9/4/92,1/1/99,Senior Staff
103656,Jiann,Cherinka,9/5/62,6/7/88,1/1/99,Senior Staff
103666,Sariel,Penz,7/27/63,7/26/95,1/1/99,Senior Engineer
103676,Karoline,Matzov,12/2/64,12/3/91,1/1/99,Senior Engineer
103677,Amalendu,Poupard,1/7/64,2/1/87,1/1/99,Senior Engineer
103693,Panayotis,Penttonen,9/2/64,5/19/85,1/1/99,Engineer
103712,Mohammad,Zuberek,11/21/62,6/18/99,1/1/99,Staff
103736,Garnet,Aamodt,4/27/64,7/27/93,1/1/99,Senior Engineer
103738,Kinh,Gulla,5/1/63,11/12/94,1/1/99,Engineer
103744,Remmert,Rissanen,3/28/63,9/24/95,1/1/99,Senior Staff
103750,Lijia,Otillio,5/12/64,4/9/87,1/1/99,Senior Engineer
103756,Heping,Halloran,1/31/65,4/8/92,1/1/99,Engineer
103758,Sham,Koshino,7/20/64,2/6/92,1/1/99,Senior Staff
103768,Brigham,McFarlin,8/12/63,5/28/90,1/1/99,Staff
103769,Magdalena,Baca,8/25/62,4/23/95,1/1/99,Senior Staff
103775,Ingmar,Smailagic,4/11/64,7/29/89,1/1/99,Assistant Engineer
103787,Premal,Emmerich,1/22/63,8/2/89,1/1/99,Engineer
103790,Elvia,Fetvedt,4/17/62,2/13/94,1/1/99,Senior Staff
103793,Premal,Peris,9/14/64,9/14/88,1/1/99,Staff
103799,Takanari,Michaeli,4/20/63,5/22/98,1/1/99,Staff
103802,Eric,Edelhoff,9/28/62,8/18/90,1/1/99,Senior Engineer
103811,Shmuel,Rassart,9/2/62,9/23/91,1/1/99,Engineer
103827,Shen,Staudhammer,3/5/62,4/14/87,1/1/99,Senior Staff
103828,Jianhua,Ishibashi,11/5/62,9/27/85,1/1/99,Senior Staff
103830,Elliott,Esteva,4/11/63,7/31/91,1/1/99,Senior Engineer
103831,Werner,Trelles,9/9/64,7/15/98,1/1/99,Engineer
103834,Sachar,Binkley,5/5/62,2/13/99,1/1/99,Assistant Engineer
103837,Qiwen,Fandrianto,2/4/63,8/22/86,1/1/99,Senior Engineer
103838,Mart,Cangellaris,10/16/63,6/12/97,1/1/99,Staff
103852,Rosalie,Guenter,12/19/64,6/2/93,1/1/99,Senior Staff
103854,Abdulla,Baba,6/26/62,10/20/95,1/1/99,Assistant Engineer
103857,Marla,Pramanik,12/16/64,2/15/89,1/1/99,Senior Staff
103859,Freyja,Siegrist,10/27/64,11/18/92,1/1/99,Senior Engineer
103861,Prodip,Hiltgen,4/11/63,1/4/86,1/1/99,Senior Staff
103863,Yunming,Lambe,7/27/64,9/25/93,1/1/99,Senior Engineer
103866,Elvis,Brodal,3/16/62,12/17/96,1/1/99,Staff
103867,Laurentiu,Masada,11/22/62,8/25/89,1/1/99,Staff
103874,Narain,Goodrum,10/7/64,5/17/89,1/1/99,Engineer
103882,Guadalupe,Herath,8/30/64,2/11/85,1/1/99,Senior Engineer
103895,Vitaly,Pashtan,12/11/64,6/25/94,1/1/99,Engineer
103902,Marit,Gips,12/8/64,10/11/85,1/1/99,Senior Engineer
103904,Sreenivas,Waterhouse,2/19/63,3/2/88,1/1/99,Senior Engineer
103906,Lucian,Sifakis,4/11/64,2/13/99,1/1/99,Staff
103909,Gritta,Escriba,10/26/63,4/17/99,1/1/99,Engineer
103910,Bouchung,Gornas,7/14/63,3/24/94,1/1/99,Staff
103915,Tru,Gaughan,9/6/63,1/5/96,1/1/99,Senior Staff
103919,Chikara,Verhaegen,1/12/62,12/10/96,1/1/99,Staff
103920,Chaosheng,Crooks,4/18/64,1/24/94,1/1/99,Engineer
103922,Nahid,Rijckaert,7/30/64,7/18/96,1/1/99,Senior Staff
103927,Tiina,Setiz,7/19/63,9/17/89,1/1/99,Senior Engineer
103928,Ingmar,Stafford,12/14/63,11/11/94,1/1/99,Senior Staff
103930,Yoshimitsu,Peac,3/19/64,7/7/95,1/1/99,Engineer
103931,Xinglin,Munro,1/23/62,11/4/89,1/1/99,Senior Engineer
103932,Ingmar,Bolotov,7/29/63,7/4/90,1/1/99,Senior Engineer
103945,Unal,Bresenham,8/20/63,11/29/90,1/1/99,Engineer
103946,Vojin,Samarati,4/20/62,12/31/93,1/1/99,Senior Engineer
103949,Babette,Gonthier,12/19/64,10/11/86,1/1/99,Senior Staff
103950,Eirik,Molenkamp,4/13/62,2/11/94,1/1/99,Senior Staff
103956,Francoise,Pell,1/25/64,9/18/85,1/1/99,Senior Staff
103958,Sachem,Sommer,1/3/62,9/24/94,1/1/99,Senior Engineer
103959,Heekeun,Budinsky,11/27/62,9/20/90,1/1/99,Engineer
103966,Weijing,Leijenhorst,12/8/64,1/24/00,1/1/99,Senior Engineer
103970,Thanasis,Melter,9/18/63,8/30/97,1/1/99,Engineer
103972,Goa,Francisci,11/6/64,5/8/95,1/1/99,Engineer
103982,Valeska,Cunliffe,5/1/62,4/1/99,1/1/99,Staff
104006,Kazuyasu,Langford,7/2/62,11/1/91,1/1/99,Senior Engineer
104031,Yuriy,Kading,2/5/64,1/21/92,1/1/99,Staff
104032,Hairong,Falby,2/8/64,7/29/89,1/1/99,Senior Engineer
104034,Gennadi,Snedden,12/2/63,1/29/91,1/1/99,Staff
104036,Goo,Horswill,10/4/64,9/16/92,1/1/99,Staff
104041,Kristinn,Garnier,10/14/64,1/2/91,1/1/99,Senior Engineer
104048,Udi,Riesenhuber,10/16/63,1/31/93,1/1/99,Staff
104053,Arlette,Lalonde,8/30/63,10/31/87,1/1/99,Senior Staff
104057,Stamatina,Remmers,3/4/62,3/25/90,1/1/99,Senior Engineer
104058,Erzsebet,Sluis,2/15/62,4/7/92,1/1/99,Senior Engineer
104063,Bilhanan,Lunt,9/6/63,3/26/98,1/1/99,Assistant Engineer
104070,Neven,Brlek,6/18/63,7/7/95,1/1/99,Senior Staff
104072,Keiichiro,Foote,1/13/63,11/20/95,1/1/99,Senior Engineer
104078,Ayonca,Morrow,11/10/62,5/12/88,1/1/99,Senior Staff
104082,Mihalis,Schwartzburd,11/6/62,7/4/94,1/1/99,Staff
104083,Basil,Matteis,12/25/63,11/23/99,1/1/99,Staff
104090,Shmuel,Leslie,2/28/63,8/25/92,1/1/99,Senior Engineer
104095,Uli,Munawer,9/18/63,6/1/95,1/1/99,Engineer
104098,Odoardo,Kroll,7/3/62,10/7/99,1/1/99,Assistant Engineer
104104,Paraskevi,Siegrist,4/15/63,10/15/98,1/1/99,Staff
104124,Houman,Vendrig,3/30/64,4/2/97,1/1/99,Staff
104129,Soenke,Marchesini,7/21/62,3/17/99,1/1/99,Staff
104133,Pranjal,Zyda,1/31/65,7/3/91,1/1/99,Staff
104139,Tze,Danecki,7/25/64,9/20/99,1/1/99,Staff
104141,Mingsen,Porotnikoff,12/6/63,12/14/98,1/1/99,Engineer
104147,Miquel,Miake,10/16/64,8/23/89,1/1/99,Senior Staff
104148,Sarita,Bahk,10/17/64,3/2/85,1/1/99,Engineer
104149,Arch,Krogh,2/17/62,6/23/98,1/1/99,Staff
104155,Toshimori,Angel,11/9/62,9/1/93,1/1/99,Senior Staff
104159,Chenyi,Toyoshima,11/2/63,6/1/89,1/1/99,Senior Staff
104161,Kiyomitsu,Duclos,9/26/64,11/7/97,1/1/99,Staff
104167,Zengping,Lores,3/31/63,5/4/94,1/1/99,Staff
104169,Frazer,Hiltgen,8/1/64,11/23/89,1/1/99,Staff
104172,Toshiko,Talmon,7/17/64,1/15/90,1/1/99,Technique Leader
104176,Patricio,Kossowski,9/16/64,9/16/92,1/1/99,Assistant Engineer
104178,Vojin,Azadmanesh,11/4/64,2/23/90,1/1/99,Senior Staff
104186,Kenroku,Narahari,8/16/63,5/20/99,1/1/99,Engineer
104189,Kwangsub,McFarlan,4/5/62,6/3/88,1/1/99,Senior Staff
104192,Juichirou,Hutter,9/8/64,9/18/97,1/1/99,Assistant Engineer
104195,Mansur,Worfolk,3/2/62,7/19/99,1/1/99,Engineer
104197,Junichi,Molenkamp,7/25/63,3/9/90,1/1/99,Engineer
104201,Sailaja,Encarnacion,4/21/63,5/21/86,1/1/99,Staff
104202,Boriana,Tasistro,5/25/62,5/24/86,1/1/99,Staff
104209,Utz,Cromarty,10/7/63,5/4/85,1/1/99,Engineer
104217,Almudena,Jullig,3/3/64,9/25/97,1/1/99,Technique Leader
104239,Danil,Zirintsis,10/14/62,4/23/99,1/1/99,Engineer
104240,Nathalie,Cyre,5/6/63,1/3/98,1/1/99,Senior Engineer
104243,Mani,Besancenot,8/13/62,11/24/87,1/1/99,Senior Staff
104246,Mohan,Ghemri,2/24/63,6/30/88,1/1/99,Senior Engineer
104252,Bangqing,Collette,3/9/63,4/17/98,1/1/99,Engineer
104256,Oksana,Etalle,6/17/63,5/16/98,1/1/99,Staff
104257,Goa,Asser,10/11/63,8/10/85,1/1/99,Technique Leader
104261,Mabhin,Demeyer,4/25/64,8/28/86,1/1/99,Senior Engineer
104273,Paloma,Baby,7/20/63,7/15/93,1/1/99,Senior Staff
104276,Hongzhu,Gimbel,12/13/63,7/27/88,1/1/99,Staff
104284,Fumitaka,Noriega,10/26/63,10/14/91,1/1/99,Engineer
104288,Ute,Merey,4/7/62,11/7/92,1/1/99,Senior Staff
104300,Kellie,Deverell,9/2/64,1/5/88,1/1/99,Engineer
104324,Arvin,Coors,12/8/64,3/7/92,1/1/99,Senior Engineer
104332,Dietrich,Rahimi,3/1/63,11/1/98,1/1/99,Engineer
104341,Piyush,Rabehasaina,6/21/64,8/20/97,1/1/99,Engineer
104342,Takahito,Ligten,7/9/64,6/11/88,1/1/99,Senior Staff
104348,Sariel,Huttel,9/18/63,4/26/86,1/1/99,Technique Leader
104353,Leif,Lunn,12/4/63,10/3/90,1/1/99,Staff
104371,Utz,Gunderson,6/8/63,7/27/90,1/1/99,Staff
104374,Radhia,Talmon,9/8/64,1/5/89,1/1/99,Staff
104375,Elvis,Jakobus,5/12/62,8/19/97,1/1/99,Staff
104383,Guenter,Mapelli,3/14/64,9/3/98,1/1/99,Staff
104388,Makato,Streng,7/21/63,12/22/90,1/1/99,Senior Staff
104390,Mahendra,Iwayama,6/10/62,2/24/99,1/1/99,Staff
104396,Jayson,Debuse,3/16/64,1/11/98,1/1/99,Engineer
104408,Bodh,Daescu,3/29/64,12/20/88,1/1/99,Senior Staff
104418,Jingling,Baik,11/11/62,2/16/89,1/1/99,Technique Leader
104422,Gully,Ratnaker,9/3/64,9/16/95,1/1/99,Senior Staff
104429,Chaitali,Caine,2/5/64,6/22/89,1/1/99,Senior Engineer
104434,Saddek,Schueller,4/22/63,7/22/96,1/1/99,Staff
104442,Itzchak,Bratsberg,8/3/64,3/15/96,1/1/99,Senior Staff
104443,Tuval,Thiria,6/3/62,1/30/97,1/1/99,Staff
104444,Jacopo,Danecki,4/29/63,11/5/87,1/1/99,Senior Engineer
104447,Jahangir,Nitsche,12/22/62,10/19/86,1/1/99,Engineer
104448,Margareta,Whittlesey,12/25/62,9/7/89,1/1/99,Senior Engineer
104454,Sachin,Tsukuda,8/2/62,9/3/97,1/1/99,Staff
104461,Dipankar,Krzyzanowski,10/19/64,6/12/97,1/1/99,Technique Leader
104469,Magdalena,Belinskaya,1/20/62,5/7/98,1/1/99,Staff
104470,Navin,Broomell,2/20/62,7/23/97,1/1/99,Senior Engineer
104474,Bernt,Kruskal,1/2/63,8/9/92,1/1/99,Staff
104489,Zsolt,Zambonelli,10/13/62,2/19/95,1/1/99,Senior Engineer
104493,Boalin,Bahr,9/17/63,4/5/90,1/1/99,Staff
104495,Herbert,Schicker,7/8/63,7/15/87,1/1/99,Senior Engineer
104499,Qunsheng,Bergere,10/19/62,11/3/85,1/1/99,Staff
104524,Bikash,Guenter,6/2/63,1/1/88,1/1/99,Senior Engineer
104533,Otmar,Emden,6/28/63,8/21/94,1/1/99,Staff
104534,Vidar,Olano,9/7/64,1/3/89,1/1/99,Staff
104535,Itzchak,Ouhyoung,5/24/64,12/3/89,1/1/99,Senior Engineer
104538,Marko,Klyachko,4/29/63,8/12/99,1/1/99,Senior Staff
104552,Khatoun,Lamma,7/20/64,5/30/88,1/1/99,Technique Leader
104554,Along,Simmen,9/28/64,8/21/85,1/1/99,Senior Engineer
104567,Kwangho,Eldridge,8/14/64,5/23/94,1/1/99,Senior Staff
104580,Karoline,Spieker,4/29/62,11/17/86,1/1/99,Staff
104591,Rasikan,Lanteri,9/21/62,10/9/94,1/1/99,Engineer
104603,Weiru,Soicher,6/4/63,4/30/88,1/1/99,Senior Staff
104606,Gal,Strooper,7/24/63,6/14/85,1/1/99,Staff
104614,Lillian,Makinen,12/5/62,12/25/92,1/1/99,Senior Engineer
104618,Fumiya,Pollock,6/12/63,11/26/85,1/1/99,Staff
104621,Vivian,Holburn,12/6/64,2/23/94,1/1/99,Assistant Engineer
104623,Giap,Kuzuoka,11/26/63,5/23/86,1/1/99,Senior Engineer
104628,Maren,Krichel,12/15/62,8/9/89,1/1/99,Staff
104636,Yoshimitsu,Ruther,2/12/63,3/19/97,1/1/99,Senior Staff
104645,Josyula,Vadhan,8/30/64,5/18/93,1/1/99,Senior Engineer
104651,Panayotis,Comyn,7/10/62,11/6/91,1/1/99,Senior Engineer
104652,Valeska,Talmor,12/21/62,2/13/91,1/1/99,Engineer
104657,Kiyokazu,Waterhouse,8/12/62,11/8/87,1/1/99,Engineer
104664,Licheng,Vandervoorde,3/14/64,8/29/92,1/1/99,Senior Staff
104669,Arvind,Steenbeek,9/14/62,4/5/91,1/1/99,Senior Staff
104671,Shalesh,Menhoudj,5/1/62,11/17/96,1/1/99,Senior Staff
104672,Zhongwei,Rando,1/9/64,12/12/91,1/1/99,Engineer
104679,Roselyn,Acton,5/8/63,12/27/96,1/1/99,Staff
104684,Magdalena,Krider,9/20/64,8/22/93,1/1/99,Technique Leader
104685,Ult,Heuter,12/30/62,11/22/94,1/1/99,Staff
104688,LiMin,Smeets,2/29/64,9/3/90,1/1/99,Staff
104697,Houman,Zambonelli,10/29/64,1/16/89,1/1/99,Senior Engineer
104698,Masako,Halevi,10/23/62,12/12/88,1/1/99,Engineer
104701,Nahum,Lunt,2/22/62,2/20/86,1/1/99,Senior Staff
104702,Shmuel,Czaja,12/14/62,12/5/89,1/1/99,Senior Engineer
104708,Gregory,Matheson,2/3/63,5/7/85,1/1/99,Engineer
104709,Takahiro,Siegrist,8/9/63,4/29/85,1/1/99,Staff
104716,Kirk,Cools,9/4/64,11/16/87,1/1/99,Senior Engineer
104731,Sarita,Azuma,12/11/63,8/20/99,1/1/99,Engineer
104733,Renee,Bernick,11/18/64,7/20/85,1/1/99,Senior Staff
104750,Radhia,Pietracaprina,8/20/64,5/6/86,1/1/99,Senior Staff
104756,Francoise,Rusmann,8/11/63,9/14/89,1/1/99,Staff
104757,Saeed,Junot,9/1/62,3/9/94,1/1/99,Engineer
104768,Jiafu,Luft,5/24/62,3/26/96,1/1/99,Staff
104770,Shigehiro,Vilarrasa,7/31/62,2/16/93,1/1/99,Engineer
104775,Jordanka,Oehlmann,6/7/63,5/10/98,1/1/99,Engineer
104780,Guoxiang,Azulay,8/18/62,2/5/92,1/1/99,Senior Staff
104786,Jouni,Pavlopoulou,8/2/62,5/12/89,1/1/99,Senior Engineer
104790,Makato,Dymetman,2/25/63,9/24/88,1/1/99,Engineer
104793,Vatsa,Baja,9/8/62,4/25/97,1/1/99,Senior Engineer
104802,Sasan,Leslie,7/10/64,6/23/93,1/1/99,Senior Staff
104806,Duangkaew,Slobodova,12/28/63,3/28/91,1/1/99,Engineer
104825,Weidon,Suppi,2/23/62,10/24/85,1/1/99,Senior Staff
104828,Weidon,Swick,12/17/63,3/27/93,1/1/99,Senior Staff
104830,Leif,Glowinski,11/8/64,12/31/92,1/1/99,Senior Engineer
104835,Martine,Maccarone,10/14/64,4/13/89,1/1/99,Senior Staff
104837,Aloys,Ranai,2/17/63,3/19/88,1/1/99,Senior Staff
104844,Annemarie,Veldwijk,10/24/62,12/5/97,1/1/99,Staff
104845,Werner,Lodder,1/29/65,6/17/92,1/1/99,Staff
104851,Val,Kropatsch,8/17/63,9/16/86,1/1/99,Staff
104857,Pranav,Liesche,9/18/62,1/15/97,1/1/99,Engineer
104862,Kwan,Lichtman,5/23/62,8/29/98,1/1/99,Engineer
104867,Fan,Trelles,6/15/62,1/25/99,1/1/99,Staff
104868,Pranay,Baar,5/3/62,6/14/98,1/1/99,Engineer
104873,Sudhanshu,Baba,11/30/64,8/16/93,1/1/99,Senior Staff
104881,Aamod,Nourani,6/1/64,3/1/87,1/1/99,Staff
104893,Mechthild,Tischendorf,5/16/62,9/14/88,1/1/99,Senior Engineer
104895,Nevin,Sankaranarayanan,10/11/62,6/7/87,1/1/99,Senior Engineer
104896,Paloma,Valiente,10/19/62,4/10/89,1/1/99,Staff
104898,Shaowei,Collavizza,8/9/64,11/24/90,1/1/99,Engineer
104901,Chenxi,Murtha,5/11/63,4/19/85,1/1/99,Engineer
104904,Ugo,Valtorta,6/19/62,3/4/88,1/1/99,Staff
104907,Anyuan,Renear,9/22/64,8/2/86,1/1/99,Senior Engineer
104914,Arumugam,Baaz,11/27/63,7/17/01,1/1/99,Staff
104916,Golgen,Akazan,9/26/63,12/2/85,1/1/99,Senior Staff
104927,Mechthild,Picco,1/1/64,10/25/91,1/1/99,Senior Engineer
104932,Aluzio,Rando,3/1/62,11/30/99,1/1/99,Engineer
104935,Basil,Lukaszewicz,1/3/64,11/3/96,1/1/99,Senior Engineer
104942,Radoslaw,Duclos,4/24/63,11/6/89,1/1/99,Senior Engineer
104946,Poornachandra,Hofman,7/29/64,6/26/98,1/1/99,Engineer
104955,Magy,Detkin,12/5/63,9/17/90,1/1/99,Staff
104957,Nectarios,Bain,7/9/63,8/31/87,1/1/99,Staff
104963,Marke,Dusink,7/10/62,9/19/91,1/1/99,Senior Engineer
104965,Shuzo,Bennis,2/12/63,7/25/98,1/1/99,Staff
104971,Gil,Sichman,8/28/62,1/19/97,1/1/99,Engineer
104975,Utpal,Waeselynck,3/8/62,11/7/86,1/1/99,Senior Engineer
104984,Shichao,Yetim,3/31/64,2/11/85,1/1/99,Engineer
104985,Tokuyasu,Porotnikoff,7/15/62,5/25/88,1/1/99,Technique Leader
104987,Giri,Gyorkos,5/4/62,11/27/94,1/1/99,Assistant Engineer
104988,Parviz,Litzler,1/7/65,8/8/92,1/1/99,Engineer
104997,Gino,Luef,9/7/64,4/16/98,1/1/99,Assistant Engineer
104999,Gor,Cusworth,8/29/64,9/14/96,1/1/99,Engineer
105001,Takushi,Zyda,11/14/63,12/8/98,1/1/99,Technique Leader
105004,Hiroyasu,Schoegge,11/30/64,7/6/98,1/1/99,Staff
105009,Kendra,Giarratana,4/14/62,3/24/90,1/1/99,Senior Staff
105016,Vugranam,Azuma,9/30/63,6/28/93,1/1/99,Staff
105022,Yoshimitsu,Uchoa,12/24/64,5/4/88,1/1/99,Staff
105024,Boutros,Demos,12/22/63,8/15/87,1/1/99,Senior Engineer
105029,Dekang,Glowinski,11/15/64,4/25/96,1/1/99,Senior Staff
105031,Kagan,Auyong,5/23/62,8/6/98,1/1/99,Staff
105048,Frederique,Veccia,1/27/62,7/8/99,1/1/99,Engineer
105049,Sastry,Coors,1/8/63,12/25/89,1/1/99,Senior Engineer
105052,Golgen,Walstra,12/28/62,6/19/96,1/1/99,Senior Staff
105054,Gregory,Muhling,7/22/63,1/12/99,1/1/99,Staff
105057,Dipankar,Boissier,7/17/64,4/4/95,1/1/99,Engineer
105059,Diederik,Underwood,6/10/62,9/21/98,1/1/99,Staff
105062,Lucian,Skafidas,3/4/62,12/2/97,1/1/99,Senior Engineer
105064,Cheong,Schade,8/10/63,8/27/87,1/1/99,Senior Staff
105066,Sashi,Staelin,1/29/63,10/20/99,1/1/99,Staff
105076,Cheong,Duclos,1/24/62,10/20/97,1/1/99,Engineer
105082,Achilleas,Knightly,4/2/64,2/16/88,1/1/99,Senior Engineer
105086,Kwan,Merli,6/30/63,9/9/87,1/1/99,Senior Staff
105087,Conal,Reinhart,12/8/64,3/1/98,1/1/99,Staff
105089,Ishfaq,Wrigley,11/8/62,11/11/91,1/1/99,Staff
105090,Arfst,Waterhouse,12/14/64,2/19/00,1/1/99,Technique Leader
105098,Gio,Spieker,12/21/62,7/5/98,1/1/99,Staff
105104,Lena,Melton,8/24/64,10/19/94,1/1/99,Staff
105109,Serif,Navazio,1/8/62,8/12/99,1/1/99,Technique Leader
105110,Yuqun,Onuegbe,5/10/64,3/22/99,1/1/99,Engineer
105111,Nigel,Birch,4/4/64,7/10/90,1/1/99,Staff
105112,Moni,Cullers,5/9/62,7/22/94,1/1/99,Senior Engineer
105116,Toshimitsu,Lambe,7/28/62,10/24/85,1/1/99,Senior Engineer
105119,Moie,Takkinen,10/12/62,7/22/00,1/1/99,Staff
105121,Jasminko,Vilarrasa,1/19/62,8/17/88,1/1/99,Senior Staff
105144,Yechezkel,Eterovic,1/13/62,9/11/89,1/1/99,Senior Engineer
105150,Hongzhu,Cronin,1/10/62,1/25/95,1/1/99,Senior Staff
105151,Zhanqiu,Krybus,3/27/63,11/18/97,1/1/99,Engineer
105165,Mads,Jansch,7/16/64,10/19/86,1/1/99,Senior Engineer
105169,Vasilii,Zhang,1/27/64,4/18/99,1/1/99,Technique Leader
105170,Jordanka,Sinitsyn,11/6/63,7/19/98,1/1/99,Engineer
105181,Joydip,Delgrossi,2/20/63,6/9/88,1/1/99,Senior Staff
105194,Anestis,Lupu,11/23/64,12/15/91,1/1/99,Engineer
105197,Trygve,Birdsall,11/6/62,10/18/99,1/1/99,Senior Staff
105212,Eberhardt,Makinen,1/22/62,1/25/97,1/1/99,Staff
105227,Weijing,Majewski,8/4/63,10/26/98,1/1/99,Staff
105231,Alper,Kushnir,2/19/64,2/24/00,1/1/99,Engineer
105235,Neelam,Bernatsky,11/28/64,12/20/89,1/1/99,Senior Staff
105237,Sven,Wolniewicz,10/23/64,9/17/86,1/1/99,Staff
105248,Sachio,Ramaiah,2/17/63,9/19/91,1/1/99,Senior Engineer
105250,Fumiya,Felcyn,3/25/63,8/14/97,1/1/99,Engineer
105254,Salvador,Norsworthy,7/30/64,12/30/95,1/1/99,Engineer
105255,Deborah,Suomi,12/22/62,8/1/92,1/1/99,Engineer
105258,Waiman,Wilfing,9/12/64,4/25/86,1/1/99,Senior Engineer
105267,Mang,Horswill,4/30/64,10/29/92,1/1/99,Staff
105271,Keung,Yurek,4/24/62,1/13/99,1/1/99,Senior Staff
105273,Alexius,Luft,10/29/64,7/24/87,1/1/99,Technique Leader
105279,Lihong,Baca,3/13/62,8/3/92,1/1/99,Senior Engineer
105289,Pranav,Doering,4/5/62,11/5/92,1/1/99,Senior Staff
105292,Apostol,Erva,3/13/62,8/1/94,1/1/99,Senior Engineer
105299,Martins,Usdin,6/15/62,11/20/91,1/1/99,Senior Engineer
105306,Hirochika,Albarhamtoshy,10/9/63,8/2/96,1/1/99,Senior Staff
105315,Garnik,Dengi,10/22/64,11/12/86,1/1/99,Senior Engineer
105317,Erez,Brandsma,4/10/62,6/10/97,1/1/99,Engineer
105318,Boguslaw,Schach,8/16/64,10/15/93,1/1/99,Staff
105327,Kshitij,Ambroszkiewicz,8/23/63,6/24/98,1/1/99,Senior Engineer
105330,Danil,Meriste,7/30/62,11/11/99,1/1/99,Engineer
105333,Mohd,Collette,3/11/62,5/26/94,1/1/99,Engineer
105338,Arie,Reutenauer,12/1/64,3/11/89,1/1/99,Senior Engineer
105340,Elvia,Winter,11/19/64,4/23/87,1/1/99,Staff
105342,Kwun,Reeker,1/1/65,7/29/99,1/1/99,Technique Leader
105344,Toshiko,Georgakopoulos,11/19/63,5/4/97,1/1/99,Staff
105349,Dinkar,Chinin,4/27/63,8/11/97,1/1/99,Staff
105351,Kannan,Khasidashvili,4/21/64,11/5/91,1/1/99,Engineer
105356,Diederik,Matzov,1/29/65,3/8/95,1/1/99,Engineer
105361,Arvin,Uehara,10/5/63,10/9/94,1/1/99,Senior Engineer
105363,Bingning,Laurillard,4/11/62,10/25/94,1/1/99,Staff
105367,Pascal,Vanwelkenhuysen,5/14/63,9/13/96,1/1/99,Engineer
105378,Ute,Schneeberger,6/28/63,6/20/91,1/1/99,Staff
105381,Kish,Driscoll,10/20/64,3/26/87,1/1/99,Senior Staff
105384,Jayesh,Rijsenbrij,11/18/62,1/8/91,1/1/99,Senior Engineer
105387,Manohar,Carrere,12/13/64,6/20/92,1/1/99,Engineer
105390,Duri,Peltason,9/22/62,1/31/00,1/1/99,Assistant Engineer
105392,Tiina,Wiegley,9/22/63,3/28/85,1/1/99,Senior Engineer
105393,Uli,Nooteboom,1/29/64,6/3/90,1/1/99,Senior Engineer
105409,Mabo,Krohn,6/30/64,6/4/88,1/1/99,Senior Staff
105414,Ulf,Muhling,11/24/64,2/4/97,1/1/99,Engineer
105419,Marjo,Limongiello,8/18/62,11/6/86,1/1/99,Senior Engineer
105420,Petter,Piancastelli,6/26/63,4/21/91,1/1/99,Senior Staff
105426,Hilari,Aseltine,11/12/64,10/18/98,1/1/99,Assistant Engineer
105432,Mohamadou,Stafford,1/8/65,9/12/95,1/1/99,Engineer
105439,Supot,Lampe,7/1/63,6/21/94,1/1/99,Staff
105443,Fuqing,Xiaoshan,12/14/62,12/31/96,1/1/99,Engineer
105444,Oddvar,Pillow,6/21/63,1/17/99,1/1/99,Staff
105447,Tomokazu,Stanger,11/23/62,12/30/98,1/1/99,Engineer
105454,Teiji,Guerreiro,10/18/64,8/31/94,1/1/99,Senior Staff
105458,Fay,Tibblin,12/15/63,7/11/88,1/1/99,Senior Staff
105460,Inderjeet,Plump,8/14/62,7/31/92,1/1/99,Assistant Engineer
105465,Subhrajyoti,Hambrick,7/9/64,5/31/92,1/1/99,Senior Engineer
105467,Olivera,Uhrik,9/14/63,12/17/86,1/1/99,Senior Staff
105472,Ferdinand,Baba,2/12/62,1/3/00,1/1/99,Senior Engineer
105475,Mariangiola,Impagliazzo,1/11/62,10/31/88,1/1/99,Staff
105495,Shuji,Theuretzbacher,7/28/62,6/1/86,1/1/99,Senior Engineer
105501,Murthy,Luca,10/14/63,6/5/86,1/1/99,Senior Staff
105502,Shaz,Selvestrel,6/15/63,6/26/95,1/1/99,Senior Staff
105508,Mariangiola,Swick,12/29/62,10/17/92,1/1/99,Technique Leader
105520,Haldun,Lienhardt,1/1/65,1/29/87,1/1/99,Senior Staff
105524,Tristan,Pashtan,3/3/63,2/23/97,1/1/99,Senior Staff
105526,Yefim,Ohori,9/23/63,11/18/88,1/1/99,Senior Staff
105530,Bowen,Hiroyama,7/7/63,11/22/88,1/1/99,Senior Staff
105537,Junsik,Chartres,2/29/64,10/25/86,1/1/99,Senior Staff
105550,Youpyo,Gustavson,12/31/64,12/19/91,1/1/99,Senior Engineer
105551,Pranjal,Heping,1/26/64,3/30/99,1/1/99,Staff
105566,Fumiyo,Braunmuhl,12/6/62,12/18/92,1/1/99,Engineer
105568,Kwangjo,Penttonen,4/26/63,12/15/99,1/1/99,Staff
105571,Geoff,Meszaros,3/2/62,7/22/87,1/1/99,Staff
105573,Danel,Gecsei,9/5/64,3/3/93,1/1/99,Staff
105575,Mariusz,Rothenberg,8/18/63,10/21/89,1/1/99,Staff
105577,Kellyn,Yoshimura,10/7/64,6/11/93,1/1/99,Senior Staff
105578,Sanjai,Heiserman,2/22/63,1/13/86,1/1/99,Senior Engineer
105598,Manibrata,Naumovich,11/23/62,4/27/93,1/1/99,Senior Engineer
105600,Marek,Narwekar,11/3/62,9/1/93,1/1/99,Engineer
105607,Bangqing,Leijenhorst,2/13/62,5/17/87,1/1/99,Senior Engineer
105628,Ibibia,Vieri,10/8/63,4/30/95,1/1/99,Senior Staff
105636,Saeko,Shiratori,9/19/63,10/9/91,1/1/99,Senior Staff
105649,Shigehito,Peha,12/16/62,10/1/01,1/1/99,Engineer
105678,Phuoc,Bruckman,9/16/64,6/11/92,1/1/99,Senior Staff
105685,Hatim,Melski,2/5/63,9/12/85,1/1/99,Staff
105691,Younwoo,Rullman,10/31/63,8/4/99,1/1/99,Senior Staff
105698,Fumino,Wroclawski,3/23/63,5/7/89,1/1/99,Senior Engineer
105707,Jagoda,Tokunaga,4/8/64,10/19/99,1/1/99,Technique Leader
105713,Rutger,Maraist,1/24/63,3/28/85,1/1/99,Staff
105720,Mingdong,Baba,8/15/62,6/2/95,1/1/99,Engineer
105731,Sachem,Cromarty,1/15/65,8/20/90,1/1/99,Engineer
105733,Martins,Callaway,8/13/62,9/17/89,1/1/99,Senior Engineer
105744,Dayanand,Riexinger,10/18/64,10/25/87,1/1/99,Senior Engineer
105747,Leah,Pavlopoulou,7/26/63,3/1/93,1/1/99,Engineer
105750,Saeko,Keustermans,2/10/63,3/16/89,1/1/99,Senior Staff
105759,Serenella,Rijsenbrij,2/4/62,12/13/91,1/1/99,Engineer
105762,Berry,Babu,2/11/64,8/11/89,1/1/99,Senior Engineer
105769,Heeju,Birdsall,1/15/62,8/5/90,1/1/99,Engineer
105772,Younwoo,Esteva,12/17/63,8/17/97,1/1/99,Senior Staff
105773,Ebbe,Schade,4/21/63,8/4/93,1/1/99,Senior Staff
105783,Gino,Reeker,3/19/64,5/31/96,1/1/99,Senior Staff
105790,Collette,Mandell,8/31/62,6/8/97,1/1/99,Senior Staff
105811,Kenroku,Schreiter,7/19/64,8/11/86,1/1/99,Senior Engineer
105820,Bernt,Koshino,5/10/62,9/24/94,1/1/99,Engineer
105822,Chandrasekaran,Lowrie,3/31/64,12/15/98,1/1/99,Staff
105827,Barton,Byoun,6/10/64,1/21/96,1/1/99,Senior Engineer
105837,Hilary,Christ,2/8/62,4/23/89,1/1/99,Senior Engineer
105838,Sudharsan,Glinert,6/27/64,7/8/88,1/1/99,Engineer
105844,Ugo,Rindone,8/9/63,8/23/93,1/1/99,Senior Staff
105849,Constantino,Weiland,12/29/62,1/6/89,1/1/99,Senior Engineer
105851,Hideyuki,Gronowski,11/12/62,8/9/85,1/1/99,Senior Staff
105858,Sampalli,Marrakchi,4/2/64,7/28/98,1/1/99,Engineer
105859,Tianruo,Ozeri,3/17/62,9/30/96,1/1/99,Senior Staff
105861,Fen,Simmen,10/14/62,8/15/91,1/1/99,Senior Engineer
105865,Arup,Viele,3/30/64,2/1/96,1/1/99,Senior Staff
105866,Volkmar,Parfitt,7/2/64,8/13/93,1/1/99,Engineer
105867,Tadanori,Prochazka,12/13/63,8/24/87,1/1/99,Senior Engineer
105882,Ayakannu,Benzmuller,7/20/62,2/22/89,1/1/99,Engineer
105887,Kristine,Peha,7/22/62,10/26/99,1/1/99,Senior Staff
105890,Pranas,Baumann,4/25/63,10/12/87,1/1/99,Senior Staff
105896,Isaac,Papsdorf,2/19/64,8/15/92,1/1/99,Engineer
105898,Duke,Lowrie,11/1/62,11/27/88,1/1/99,Engineer
105908,Kshitij,Perna,2/3/64,7/9/98,1/1/99,Staff
105911,Yuriy,Brodal,11/27/63,11/6/98,1/1/99,Staff
105917,Zhigen,England,8/31/64,1/4/86,1/1/99,Staff
105919,Beshir,Cesareni,9/6/63,2/14/91,1/1/99,Senior Engineer
105933,Ronghao,Gurbaxani,2/10/63,3/14/91,1/1/99,Senior Staff
105951,Shridhar,Nittel,3/9/62,10/13/96,1/1/99,Engineer
105953,Mahendra,Shobatake,2/14/64,6/19/99,1/1/99,Staff
105955,Bader,Reistad,2/17/63,11/7/90,1/1/99,Senior Staff
105960,Shaowei,Zykh,9/23/63,10/5/99,1/1/99,Staff
105966,Lein,Christ,9/21/63,8/22/93,1/1/99,Senior Engineer
105969,Peternela,Rosenbaum,9/17/62,11/10/90,1/1/99,Technique Leader
105979,Hilari,Servieres,2/11/62,10/25/90,1/1/99,Staff
105985,Armond,Pocchiola,3/2/62,1/5/01,1/1/99,Staff
105990,Guenter,Felder,10/28/63,10/7/87,1/1/99,Technique Leader
105995,Constantijn,Fioravanti,7/30/62,6/22/87,1/1/99,Staff
106012,Cheong,Redmiles,12/26/63,1/10/95,1/1/99,Senior Staff
106015,Divier,Levergood,1/17/64,4/18/93,1/1/99,Staff
106023,Harjit,Greibach,9/5/63,9/6/99,1/1/99,Engineer
106025,Szabolcs,Nooteboom,3/4/64,2/9/94,1/1/99,Senior Staff
106028,Narain,Bahr,1/17/63,1/17/00,1/1/99,Engineer
106034,Tesuya,Wossner,10/4/62,10/28/88,1/1/99,Engineer
106037,Lobel,Dayana,8/11/64,4/13/92,1/1/99,Senior Engineer
106039,Yurii,Petereit,9/25/64,5/22/90,1/1/99,Senior Staff
106041,Radhia,Welham,9/1/62,10/8/88,1/1/99,Senior Engineer
106051,Anneke,Schade,1/10/62,6/10/99,1/1/99,Engineer
106054,Eran,Tokunaga,12/22/62,7/12/88,1/1/99,Engineer
106058,Yannis,Polupanov,4/14/62,4/15/88,1/1/99,Senior Staff
106061,Bedrich,Driscoll,2/7/62,12/24/85,1/1/99,Senior Engineer
106062,Fumiyo,Arlazarov,10/15/62,10/11/98,1/1/99,Senior Staff
106064,Djenana,Shumilov,12/23/64,2/22/88,1/1/99,Senior Staff
106067,Vojin,Vernadat,3/6/62,11/27/85,1/1/99,Senior Engineer
106074,Prasadram,Lung,7/3/64,4/9/97,1/1/99,Staff
106082,Ziva,Bratsberg,3/13/63,1/23/97,1/1/99,Senior Engineer
106086,Teruyuki,Luit,6/13/64,4/26/94,1/1/99,Staff
106089,Remmert,Dulay,2/8/64,11/14/91,1/1/99,Senior Staff
106090,Wayne,Ushiama,11/22/62,2/5/96,1/1/99,Staff
106096,Naftali,Schurmann,1/14/65,12/2/92,1/1/99,Engineer
106097,Piyawadee,Brodal,9/5/64,3/15/92,1/1/99,Senior Engineer
106106,Cullen,Hiraishi,7/3/63,2/13/91,1/1/99,Engineer
106111,Golgen,Cusworth,2/26/64,8/23/93,1/1/99,Technique Leader
106114,Alair,Kalsbeek,11/21/62,5/16/85,1/1/99,Senior Engineer
106116,Mantis,Grandbois,5/12/62,4/18/92,1/1/99,Senior Staff
106117,Bezalel,Mayerwieser,6/18/63,3/4/98,1/1/99,Staff
106119,Sanjay,Bernini,3/26/63,12/11/91,1/1/99,Senior Staff
106124,Aloys,Jahnichen,6/24/64,2/10/97,1/1/99,Senior Engineer
106125,Taiji,Walstra,6/12/63,11/4/86,1/1/99,Senior Engineer
106140,Jouni,Sigstam,10/9/63,2/11/92,1/1/99,Technique Leader
106142,Ugo,Varker,3/25/63,3/4/98,1/1/99,Senior Staff
106144,Roded,Stifter,8/19/63,2/24/96,1/1/99,Staff
106147,Petter,Pettey,6/13/64,11/16/95,1/1/99,Engineer
106150,Terresa,Shumilov,1/22/62,2/23/88,1/1/99,Senior Staff
106153,Arfst,Gluchowski,1/31/63,4/16/00,1/1/99,Staff
106155,Rayond,Bahl,3/29/63,1/24/88,1/1/99,Staff
106156,Mikhail,Himler,1/4/62,4/10/92,1/1/99,Senior Engineer
106172,Baocai,Stenning,7/30/63,6/24/96,1/1/99,Technique Leader
106173,Annemarie,Falco,6/24/64,3/27/97,1/1/99,Engineer
106180,Jiong,Zlotek,7/2/63,9/17/92,1/1/99,Senior Staff
106185,Arunachalam,Mateescu,1/24/63,8/18/89,1/1/99,Senior Engineer
106204,Domenick,Wynblatt,1/2/64,7/13/98,1/1/99,Assistant Engineer
106207,Kitty,Lowrie,5/25/62,10/30/89,1/1/99,Senior Engineer
106216,Moti,Dredge,7/26/64,6/8/99,1/1/99,Staff
106219,Vishwani,Karunanithi,11/16/63,6/3/99,1/1/99,Engineer
106230,Mantis,Copas,6/2/62,1/19/91,1/1/99,Senior Staff
106231,Leaf,Zeidenstein,8/9/62,10/21/92,1/1/99,Senior Staff
106234,Rosli,Alameldin,12/12/64,2/9/88,1/1/99,Engineer
106239,Kensyu,Aumann,9/4/63,3/20/01,1/1/99,Engineer
106242,Nevio,Thisen,2/1/65,3/25/88,1/1/99,Senior Staff
106251,Sajjad,Laurillard,12/4/62,6/15/87,1/1/99,Senior Engineer
106261,Zhonghua,Khalil,1/18/63,2/3/96,1/1/99,Senior Staff
106265,Chanjung,Prampolini,12/23/64,3/25/97,1/1/99,Staff
106267,Oguz,Muchinsky,11/22/64,7/7/99,1/1/99,Senior Engineer
106270,Mantis,Kalefeld,9/18/62,12/1/98,1/1/99,Staff
106272,Khalil,Nitsche,9/27/62,9/9/97,1/1/99,Engineer
106276,Moty,Narwekar,5/11/64,2/28/91,1/1/99,Senior Engineer
106287,Fumiko,Pena,7/12/64,9/22/94,1/1/99,Engineer
106295,Bouchung,Flasterstein,11/10/64,2/7/98,1/1/99,Senior Engineer
106298,Marlo,Baez,11/28/62,6/6/98,1/1/99,Staff
106304,Mats,Cronau,11/16/63,4/22/94,1/1/99,Senior Staff
106308,Nobuyoshi,Kitsuregawa,10/16/64,9/4/95,1/1/99,Senior Staff
106309,Nikolaus,Heydon,12/19/62,9/6/89,1/1/99,Senior Staff
106310,Rance,Bultermann,12/22/62,4/25/97,1/1/99,Staff
106322,Berthier,Benner,11/12/62,12/26/91,1/1/99,Senior Staff
106327,Turgut,Besselaar,10/24/63,5/12/85,1/1/99,Senior Staff
106329,Khaled,Georg,12/16/63,6/11/90,1/1/99,Technique Leader
106333,Shigeaki,Azumi,2/6/63,2/3/85,1/1/99,Engineer
106335,Neven,Ritzmann,9/21/63,2/23/97,1/1/99,Technique Leader
106339,Seshu,Cannane,5/10/64,2/15/98,1/1/99,Staff
106341,Cedric,Streng,4/15/64,12/23/90,1/1/99,Staff
106348,Luigi,Stifter,1/30/64,7/4/87,1/1/99,Engineer
106352,Kiyokazu,Renear,4/3/63,3/27/88,1/1/99,Senior Staff
106368,Lijia,Randt,7/9/63,6/6/87,1/1/99,Engineer
106369,Zhenbing,Gien,5/5/63,6/30/86,1/1/99,Senior Engineer
106370,Venkatesan,Lorch,12/9/62,4/6/85,1/1/99,Staff
106372,Aimee,Merks,10/7/64,4/29/96,1/1/99,Staff
106378,Adib,Seiwald,4/13/62,2/4/86,1/1/99,Senior Staff
106381,Dayanand,Tyugu,7/1/64,11/3/86,1/1/99,Staff
106384,Uzi,Bierman,4/21/63,12/27/99,1/1/99,Engineer
106390,Naraig,Pelc,5/12/62,1/26/97,1/1/99,Senior Engineer
106391,Bedrich,Moffat,12/26/64,10/13/88,1/1/99,Senior Staff
106392,Sungwon,Bernini,12/2/62,9/12/93,1/1/99,Engineer
106399,Renny,Bach,6/25/64,4/5/93,1/1/99,Staff
106409,Aleksander,Lamparter,6/11/63,1/9/94,1/1/99,Staff
106415,Leah,Marquardt,11/23/64,9/22/85,1/1/99,Senior Staff
106419,Gennady,Kuhnemann,4/20/64,11/2/95,1/1/99,Senior Staff
106421,Taizo,Gulak,11/19/64,9/29/99,1/1/99,Engineer
106429,Masanao,Luca,12/1/62,12/27/88,1/1/99,Engineer
106430,Yongmin,Rebaine,9/7/62,11/11/87,1/1/99,Engineer
106436,Shigenori,Haraldson,8/2/62,11/15/88,1/1/99,Senior Engineer
106445,Mircea,Rathonyi,2/18/62,3/15/86,1/1/99,Senior Engineer
106453,Lene,Tchuente,1/29/62,3/13/94,1/1/99,Staff
106456,Mabhin,Zaccaria,9/16/63,7/14/96,1/1/99,Senior Staff
106459,Theron,Geffroy,11/1/62,6/8/88,1/1/99,Engineer
106470,Apostol,Schiettecatte,4/9/63,4/15/91,1/1/99,Senior Engineer
106474,Marjo,Koyama,7/2/63,12/9/87,1/1/99,Engineer
106476,Danco,Carrera,4/1/63,10/17/91,1/1/99,Senior Staff
106479,Baziley,Mapelli,12/25/62,1/3/88,1/1/99,Senior Staff
106488,Rosita,Perelgut,2/12/64,2/23/96,1/1/99,Senior Engineer
106491,Krassimir,Katiyar,10/15/62,1/4/96,1/1/99,Senior Engineer
106494,Berto,Snedden,1/1/62,9/23/89,1/1/99,Senior Engineer
106495,Odysseas,Thimonier,4/25/64,5/4/90,1/1/99,Senior Engineer
106509,Shushma,Jiafu,11/25/62,12/17/92,1/1/99,Staff
106519,Miquel,Hanabata,6/22/62,4/23/95,1/1/99,Senior Engineer
106530,Nimmagadda,Lamba,1/8/63,9/6/92,1/1/99,Senior Engineer
106535,Chenyi,Tsunoo,11/30/63,9/17/96,1/1/99,Senior Engineer
106539,Aram,Orlowski,7/6/64,4/16/94,1/1/99,Senior Engineer
106550,Angus,Beausoleil,3/6/64,11/13/91,1/1/99,Senior Engineer
106551,Duro,Einsfeld,5/8/64,7/18/99,1/1/99,Staff
106556,Leaf,Serdy,5/5/63,3/10/93,1/1/99,Senior Staff
106562,Renny,Ratzlaff,10/24/64,6/24/97,1/1/99,Senior Staff
106566,Nahum,Heuter,4/18/63,9/27/90,1/1/99,Senior Engineer
106574,Guoxiang,Pusterhofer,9/6/64,11/21/89,1/1/99,Senior Staff
106579,Claude,Mahnke,2/7/62,2/25/85,1/1/99,Engineer
106594,Bluma,Demke,4/12/63,7/29/99,1/1/99,Engineer
106596,Noritoshi,Zizka,6/23/63,11/25/99,1/1/99,Staff
106598,Chaitali,Remmers,3/12/64,4/15/92,1/1/99,Senior Staff
106599,Tadanori,Nitsche,6/18/63,7/12/86,1/1/99,Senior Staff
106600,Foong,Boguraev,9/8/62,7/15/97,1/1/99,Senior Engineer
106608,Boguslaw,Chiodo,7/18/63,4/11/88,1/1/99,Engineer
106614,Shuky,Suppi,11/4/62,7/25/98,1/1/99,Engineer
106615,Jaber,Rande,12/12/63,9/3/85,1/1/99,Senior Staff
106619,Tremaine,Murtha,8/7/63,8/3/98,1/1/99,Senior Engineer
106621,Jeanne,Khalil,1/1/62,1/30/99,1/1/99,Engineer
106627,Dietrich,Boudaillier,5/21/63,3/31/99,1/1/99,Staff
106632,Otmar,Jeong,6/24/64,7/22/87,1/1/99,Engineer
106642,Basil,Imataki,4/15/63,9/27/96,1/1/99,Staff
106665,Qiwen,Tchuente,11/27/64,2/26/96,1/1/99,Staff
106666,Zhonghui,Hellwagner,5/31/63,8/30/88,1/1/99,Staff
106674,Sreekrishna,Docker,3/10/62,3/21/97,1/1/99,Technique Leader
106681,Kwangjo,Ghandeharizadeh,11/24/63,12/2/91,1/1/99,Staff
106691,Ranga,Ramras,9/7/62,2/26/97,1/1/99,Senior Engineer
106693,Kellyn,Miake,4/6/62,4/8/90,1/1/99,Engineer
106695,Lijie,Garrabrants,1/31/65,10/26/88,1/1/99,Staff
106706,Zongyan,Piazza,9/5/64,4/15/93,1/1/99,Senior Engineer
106708,Kien,Hofstetter,10/10/63,1/19/91,1/1/99,Technique Leader
106710,Babette,Anandan,1/31/65,11/22/86,1/1/99,Staff
106712,Hugh,Pews,4/26/63,7/2/95,1/1/99,Staff
106714,Kaijung,Radwan,6/30/62,3/29/94,1/1/99,Staff
106717,Arnould,Auyong,5/16/62,2/27/94,1/1/99,Engineer
106732,Luisa,Bolsens,6/13/62,9/2/91,1/1/99,Senior Staff
106733,Suebskul,Ghalwash,2/3/64,5/5/90,1/1/99,Senior Staff
106735,Leni,Dredge,3/6/62,7/21/89,1/1/99,Senior Engineer
106739,Krassimir,Luce,1/25/64,3/14/94,1/1/99,Technique Leader
106741,Tomoyuki,Goldhammer,6/12/63,12/1/87,1/1/99,Staff
106745,Shai,Delgrange,11/16/64,8/26/94,1/1/99,Engineer
106747,Nahid,Grospietsch,2/17/62,10/25/99,1/1/99,Assistant Engineer
106765,Zvonko,Salvesen,5/17/62,7/8/88,1/1/99,Staff
106772,Fumitake,Barriga,7/20/62,7/9/93,1/1/99,Senior Staff
106774,Kwangsub,Erez,10/31/64,8/13/96,1/1/99,Engineer
106780,Alselm,Giarratana,12/23/62,5/3/99,1/1/99,Senior Engineer
106792,Garnet,Heystek,2/4/62,9/7/86,1/1/99,Technique Leader
106799,Willard,Camarinopoulos,4/13/63,1/20/91,1/1/99,Staff
106803,Mack,Ranum,11/30/64,7/29/96,1/1/99,Staff
106809,Yongqiao,Rotem,1/18/64,6/17/94,1/1/99,Senior Staff
106811,Yucel,Akazan,5/27/62,9/29/92,1/1/99,Staff
106817,Feipei,Wursthorn,2/27/62,12/27/94,1/1/99,Senior Staff
106823,Shaleah,Demke,4/11/62,9/18/98,1/1/99,Staff
106835,Flemming,Anido,9/25/64,1/7/92,1/1/99,Staff
106839,Dmitri,Keirsey,2/15/63,10/15/96,1/1/99,Engineer
106841,Shigehiro,Gide,5/25/62,11/21/91,1/1/99,Senior Staff
106849,Srinidhi,Merro,2/28/64,4/25/95,1/1/99,Engineer
106851,George,Sambasivam,7/22/63,5/31/97,1/1/99,Engineer
106856,Bernardo,Cronin,10/19/64,3/4/95,1/1/99,Staff
106864,Divier,Chappelet,10/13/64,10/17/93,1/1/99,Senior Staff
106865,Chaoyi,Stassinopoulos,7/12/63,12/30/87,1/1/99,Senior Staff
106870,Jackson,Birsak,4/18/64,7/29/92,1/1/99,Senior Staff
106873,Joydip,Chinal,11/28/64,11/28/85,1/1/99,Senior Staff
106895,Weiru,Kaelbling,9/6/64,7/5/96,1/1/99,Staff
106906,Ohad,Fontan,7/25/64,7/2/92,1/1/99,Staff
106907,Ramzi,Sudkamp,6/27/64,1/29/98,1/1/99,Staff
106912,Gao,Weiland,1/16/64,8/5/94,1/1/99,Senior Engineer
106913,Shalesh,Baumann,10/2/64,3/8/93,1/1/99,Engineer
106923,Ravishankar,Tibblin,5/31/62,10/23/97,1/1/99,Staff
106937,Adamantios,Wilharm,7/7/64,2/25/93,1/1/99,Staff
106948,Dante,Menyhert,12/28/63,3/24/96,1/1/99,Engineer
106954,Bluma,Itzfeldt,2/2/64,2/6/90,1/1/99,Senior Staff
106956,Sigeru,Schlegelmilch,3/19/63,3/22/99,1/1/99,Staff
106960,Sudharsan,Fiutem,8/26/63,6/17/98,1/1/99,Engineer
106961,Masoud,Perng,3/21/64,6/1/98,1/1/99,Senior Engineer
106962,Lansing,Pleszkun,9/30/64,6/1/85,1/1/99,Staff
106963,Mariangiola,Spell,12/10/62,6/19/97,1/1/99,Staff
106966,Frazer,Ozeri,8/27/63,11/7/98,1/1/99,Staff
106976,Nirmal,Narwekar,7/9/63,5/6/02,1/1/99,Senior Staff
106989,Turgut,Anido,5/4/64,3/14/86,1/1/99,Engineer
106993,Sasan,Koyama,5/16/63,5/28/98,1/1/99,Staff
107001,Shaibal,Vendrig,6/14/64,11/18/98,1/1/99,Technique Leader
107007,Uno,Rajaraman,3/10/62,10/3/94,1/1/99,Senior Staff
107008,Kankanahalli,Alblas,6/6/62,4/3/85,1/1/99,Senior Staff
107013,Freyja,Schaap,1/19/63,2/20/91,1/1/99,Staff
107016,Shaowei,Giarratana,12/20/64,5/14/95,1/1/99,Staff
107021,Dung,Zongker,4/23/62,5/29/86,1/1/99,Technique Leader
107022,Pranay,Basagni,10/14/64,1/14/01,1/1/99,Engineer
107029,Karoline,Capobianchi,6/27/64,7/3/96,1/1/99,Engineer
107030,Adamantios,Cronan,11/4/63,5/18/95,1/1/99,Senior Engineer
107046,Evgueni,DeMori,8/28/62,9/25/97,1/1/99,Staff
107073,Xuejia,Molenkamp,12/23/64,10/27/96,1/1/99,Engineer
107075,Navin,Meszaros,4/1/62,6/12/94,1/1/99,Staff
107078,Ranga,Sundgren,7/22/62,5/30/88,1/1/99,Engineer
107079,Fumitaka,Riexinger,2/21/64,3/1/91,1/1/99,Senior Staff
107081,Martine,Brendel,5/7/64,7/1/88,1/1/99,Senior Staff
107083,Fayez,Lanzelotte,2/13/63,10/27/86,1/1/99,Staff
107091,Manu,Karnin,8/30/62,9/28/89,1/1/99,Senior Engineer
107092,Kasidit,Butterworth,3/13/64,1/27/92,1/1/99,Engineer
107095,Sumant,Legleitner,11/4/64,9/28/95,1/1/99,Staff
107096,Ranan,Huhdanpaa,3/9/64,7/7/91,1/1/99,Senior Staff
107098,Florina,Verhoeff,6/25/63,10/6/86,1/1/99,Staff
107102,Mabo,Neiman,6/20/63,8/7/93,1/1/99,Staff
107109,Wuxu,Schiper,3/16/62,12/16/95,1/1/99,Senior Engineer
107111,Yinlin,Renear,12/7/63,4/20/99,1/1/99,Senior Engineer
107116,Oksana,Nourani,10/8/63,4/16/97,1/1/99,Staff
107124,Mark,Piazza,2/23/63,12/3/85,1/1/99,Engineer
107132,Kwangyoen,Morrin,6/18/64,4/12/89,1/1/99,Senior Staff
107139,Shen,Morrow,8/30/63,7/7/96,1/1/99,Staff
107147,Ger,Collette,6/5/64,10/31/87,1/1/99,Senior Engineer
107152,Jianhua,Lueh,4/29/63,8/10/97,1/1/99,Engineer
107156,Zhiwei,Ouhyoung,9/7/64,12/13/98,1/1/99,Senior Engineer
107158,Aruna,Lorho,10/26/64,11/6/88,1/1/99,Senior Engineer
107168,Wojceich,Kolinko,12/6/64,2/10/01,1/1/99,Senior Engineer
107176,Terresa,Schmiedel,11/6/62,8/21/96,1/1/99,Senior Staff
107177,Zhaofang,Bernardeschi,8/1/64,8/28/97,1/1/99,Engineer
107179,Seshu,Nitto,2/16/64,8/3/86,1/1/99,Senior Engineer
107183,Masako,Jiafu,2/11/64,10/20/93,1/1/99,Staff
107184,Shaleah,Denna,4/10/62,7/7/96,1/1/99,Assistant Engineer
107186,Weiye,Furedi,8/15/64,6/24/94,1/1/99,Senior Engineer
107191,Shahaf,Thiria,7/20/63,9/12/85,1/1/99,Staff
107204,Minghong,Birjandi,12/26/63,1/30/92,1/1/99,Senior Staff
107206,Laurentiu,Randt,8/11/64,2/1/88,1/1/99,Technique Leader
107216,Kish,Murillo,12/22/62,11/18/91,1/1/99,Engineer
107217,Mansur,Mitina,10/31/63,9/13/88,1/1/99,Engineer
107223,Steve,Schaar,11/23/63,10/5/98,1/1/99,Assistant Engineer
107234,Dharmaraja,Pusterhofer,3/23/64,3/24/99,1/1/99,Engineer
107248,Otilia,Antonakopoulos,5/24/64,9/27/95,1/1/99,Senior Staff
107260,Wayne,Tsukune,11/2/63,1/30/97,1/1/99,Staff
107263,Yurij,Sinicrope,11/1/63,9/22/85,1/1/99,Staff
107273,Thanasis,Stafford,5/17/62,1/21/91,1/1/99,Senior Staff
107274,Jinya,Porotnikoff,7/21/62,3/14/86,1/1/99,Senior Staff
107275,Moon,Chaudhuri,2/7/63,7/14/01,1/1/99,Senior Engineer
107283,Murthy,Acton,9/11/62,7/7/85,1/1/99,Engineer
107284,Barton,Baaz,9/8/62,10/18/88,1/1/99,Senior Staff
107288,Irena,Biros,10/5/63,1/20/94,1/1/99,Assistant Engineer
107289,Kellie,Uehara,10/28/62,12/21/95,1/1/99,Technique Leader
107299,Nathan,McDermid,2/23/62,8/17/88,1/1/99,Staff
107300,Berhard,Laurillard,12/10/64,2/21/86,1/1/99,Senior Engineer
107304,Wuxu,Speek,11/11/62,12/31/89,1/1/99,Engineer
107322,Khoa,Tyugu,11/13/62,2/26/91,1/1/99,Engineer
107324,Gregory,Grandbois,11/8/62,4/3/85,1/1/99,Engineer
107334,Rafail,Peak,1/27/64,5/1/97,1/1/99,Senior Staff
107339,Almudena,Keustermans,2/4/63,5/3/99,1/1/99,Engineer
107342,Dharmaraja,Viele,8/23/62,8/13/88,1/1/99,Senior Engineer
107343,Guttorm,Baer,8/29/64,7/30/85,1/1/99,Senior Staff
107355,Divier,Aingworth,8/17/64,9/11/96,1/1/99,Senior Staff
107362,Xiahua,Erman,12/25/63,4/28/92,1/1/99,Senior Staff
107363,Gilbert,Dechter,4/13/64,1/4/87,1/1/99,Senior Engineer
107372,Xiaocheng,Castellani,9/10/64,5/25/89,1/1/99,Senior Engineer
107374,Moon,Himler,12/3/64,6/26/94,1/1/99,Senior Engineer
107377,Irene,Katiyar,6/4/64,7/7/93,1/1/99,Senior Staff
107379,Wonhee,Jakobus,8/18/62,1/15/98,1/1/99,Engineer
107389,Thodoros,Schwartzbauer,4/18/63,7/24/91,1/1/99,Senior Engineer
107398,Berhard,Bottner,8/29/64,6/6/97,1/1/99,Senior Engineer
107402,Mabo,Roccetti,12/6/62,11/14/87,1/1/99,Senior Staff
107404,Arun,Conia,4/1/63,9/7/96,1/1/99,Staff
107407,Berna,Oaver,12/13/63,6/22/95,1/1/99,Technique Leader
107410,Weiyi,Pfau,9/22/62,12/24/86,1/1/99,Senior Staff
107411,Keung,Szmurlo,3/1/64,1/8/87,1/1/99,Engineer
107412,Zhaofang,Nitsch,4/16/63,3/23/98,1/1/99,Senior Engineer
107423,Kasturi,Bennet,1/10/62,10/30/97,1/1/99,Staff
107427,Premsyl,Hebden,9/1/64,12/27/97,1/1/99,Staff
107428,Thodoros,Chandrasekhar,1/13/63,1/2/99,1/1/99,Staff
107433,Subir,Casley,1/30/64,6/23/91,1/1/99,Senior Engineer
107437,Ortrud,Brobst,10/5/63,4/22/95,1/1/99,Engineer
107438,Sukumar,Angel,2/5/62,12/4/92,1/1/99,Engineer
107443,Yahiko,Yurov,5/3/62,8/18/96,1/1/99,Staff
107444,Stella,Gien,1/8/63,3/8/91,1/1/99,Engineer
107446,Valery,Mitchem,2/24/64,6/12/89,1/1/99,Senior Engineer
107448,Udaiprakash,Chartres,12/13/63,5/3/95,1/1/99,Engineer
107449,Jacqueline,Zuberek,4/24/62,4/26/95,1/1/99,Staff
107455,Amstein,Denny,6/30/63,5/2/90,1/1/99,Staff
107463,Cullen,Nannarelli,3/27/63,1/8/99,1/1/99,Engineer
107469,Tuval,Rohrbach,9/24/62,6/19/93,1/1/99,Engineer
107471,Kazuhide,Acton,2/3/62,3/10/02,1/1/99,Staff
107475,Urs,Ramras,2/29/64,9/3/90,1/1/99,Senior Engineer
107486,Siamak,Luiz,1/23/65,2/11/87,1/1/99,Senior Engineer
107498,Sungwon,Hoogerwoord,1/25/62,11/4/90,1/1/99,Senior Engineer
107499,Shahab,Figueira,10/28/64,8/28/97,1/1/99,Engineer
107507,Adel,Grandbois,5/14/64,8/2/92,1/1/99,Engineer
107509,Demin,Plesums,8/8/63,7/28/95,1/1/99,Senior Staff
107511,Hidekazu,Krohn,10/30/62,12/24/96,1/1/99,Engineer
107515,Adly,Lagarias,8/23/62,2/4/89,1/1/99,Engineer
107518,Yuping,Rosti,7/1/62,3/16/95,1/1/99,Senior Engineer
107523,Hein,Anandan,4/6/62,2/5/85,1/1/99,Senior Engineer
107527,Freyja,Ranka,2/17/62,5/12/95,1/1/99,Staff
107538,Gaetan,Levergood,9/10/64,9/20/99,1/1/99,Engineer
107542,Oscar,Serna,4/30/62,8/6/87,1/1/99,Senior Staff
107546,Kwangjo,Gajiwala,6/20/64,8/24/93,1/1/99,Senior Engineer
107548,Rosella,Hmelo,4/12/64,1/18/00,1/1/99,Staff
107556,Masasuke,Schaap,4/19/64,11/27/90,1/1/99,Senior Engineer
107562,Shih,Bierman,5/16/63,8/24/95,1/1/99,Engineer
107565,Radoslaw,Mandelberg,2/3/64,6/5/88,1/1/99,Senior Engineer
107578,Bernardo,Swan,10/8/64,11/2/99,1/1/99,Senior Engineer
107581,Kendra,Bazzichi,3/10/62,3/26/86,1/1/99,Engineer
107589,Subbu,Sidje,4/16/62,4/13/88,1/1/99,Senior Staff
107591,Elvis,Luit,8/17/62,12/13/99,1/1/99,Staff
107596,Kristine,Perly,3/12/63,6/13/91,1/1/99,Senior Staff
107600,Itzchak,Lorho,3/22/64,9/7/97,1/1/99,Engineer
107607,Radoslaw,Cooley,10/25/62,8/29/89,1/1/99,Senior Staff
107614,Arne,Chleq,7/7/62,9/1/97,1/1/99,Engineer
107619,Nigel,Sambasivam,7/31/64,12/5/89,1/1/99,Senior Staff
107622,Tsutomu,Lanteri,10/3/64,10/7/97,1/1/99,Senior Engineer
107626,Shuho,Androutsos,6/29/62,2/25/93,1/1/99,Senior Engineer
107632,Fumino,Schahn,9/15/62,9/9/86,1/1/99,Senior Engineer
107635,Sachio,Baba,10/10/63,2/5/85,1/1/99,Senior Staff
107639,Ingemar,Crabtree,3/26/62,3/14/87,1/1/99,Senior Engineer
107644,Djenana,Erbe,12/27/62,7/22/93,1/1/99,Senior Engineer
107649,Chirstian,Schurmann,8/13/62,9/7/89,1/1/99,Senior Engineer
107656,Demos,Akiyama,3/18/63,12/3/99,1/1/99,Staff
107659,Laurentiu,Swift,11/26/63,10/16/88,1/1/99,Staff
107667,Vidar,Molenkamp,6/14/62,8/18/89,1/1/99,Engineer
107671,Otmar,Gischer,2/11/62,1/16/90,1/1/99,Senior Staff
107676,Alejandro,Emmart,6/23/63,4/4/98,1/1/99,Engineer
107685,Fan,Oskamp,3/6/63,5/26/99,1/1/99,Engineer
107688,Rimli,Perz,9/9/63,9/11/97,1/1/99,Staff
107691,Susuma,Kossowski,1/3/62,5/1/98,1/1/99,Senior Staff
107696,Dulce,Berendt,4/2/64,4/14/96,1/1/99,Staff
107701,Fumiyo,Gist,6/13/64,8/3/96,1/1/99,Senior Staff
107707,Lillian,Doering,12/24/64,1/3/99,1/1/99,Engineer
107719,Jaewoo,Arlazarov,6/26/63,10/27/89,1/1/99,Senior Staff
107725,Shalesh,Schaad,9/3/64,8/20/92,1/1/99,Assistant Engineer
107728,Hairong,Gladwell,11/23/63,1/31/00,1/1/99,Assistant Engineer
107729,Persi,Perna,8/2/63,11/9/98,1/1/99,Senior Staff
107733,Conal,Lovengreen,2/1/63,7/8/86,1/1/99,Senior Staff
107736,Khun,Heinisuo,11/12/62,10/19/87,1/1/99,Senior Engineer
107737,Fabrizio,Chleq,1/23/65,7/31/99,1/1/99,Senior Engineer
107750,Izaskun,Staelin,9/1/63,5/24/94,1/1/99,Staff
107756,Niteen,Kawashima,7/31/63,1/10/95,1/1/99,Senior Engineer
107757,George,Schnabel,1/17/63,5/26/87,1/1/99,Senior Staff
107762,Tamiya,Vesel,5/15/64,12/28/97,1/1/99,Staff
107769,Koldo,Rotem,10/9/64,10/15/95,1/1/99,Senior Engineer
107788,Yuchang,Harnett,12/12/62,2/1/93,1/1/99,Engineer
107789,Vitaly,Anick,2/7/64,2/13/89,1/1/99,Senior Staff
107792,Shahab,Crooks,1/13/65,3/18/92,1/1/99,Senior Staff
107796,Lihong,Ossenbruggen,11/18/64,8/20/97,1/1/99,Engineer
107815,Peer,Vidal,7/26/63,10/1/96,1/1/99,Staff
107819,Ohad,Lakshmanan,12/27/63,10/23/89,1/1/99,Staff
107824,Radhakrishnan,Papastamatiou,10/22/62,2/28/88,1/1/99,Staff
107826,Marsja,Wendorf,2/21/62,4/26/92,1/1/99,Technique Leader
107828,Ramya,Walston,1/26/65,2/3/89,1/1/99,Senior Staff
107829,Arfst,Beetstra,12/28/62,4/20/86,1/1/99,Assistant Engineer
107830,Sungwon,Ladret,7/19/64,7/30/96,1/1/99,Senior Staff
107842,Vidar,Ashish,11/4/64,1/21/90,1/1/99,Senior Staff
107847,Jenwei,Akaboshi,6/26/64,6/26/91,1/1/99,Staff
107851,Arch,Pocchiola,7/8/64,4/20/99,1/1/99,Technique Leader
107864,Panayotis,Badr,9/4/62,5/11/92,1/1/99,Senior Engineer
107868,Fumiko,Ramamoorthy,9/27/62,1/3/91,1/1/99,Senior Engineer
107869,Alejandro,Chenoweth,11/4/63,11/1/89,1/1/99,Assistant Engineer
107910,Sasan,Rassart,3/9/62,5/11/87,1/1/99,Engineer
107911,Yagil,Jervis,3/13/64,7/21/85,1/1/99,Senior Staff
107915,Shigeichiro,Tsukune,7/16/62,8/26/01,1/1/99,Engineer
107921,Fabrizio,Lubachevsky,6/20/63,3/4/85,1/1/99,Engineer
107922,Kiyokazu,Rohrbach,12/30/62,4/7/87,1/1/99,Engineer
107928,Taizo,Deverell,1/19/64,5/19/88,1/1/99,Engineer
107931,Xuejia,Shinomoto,7/6/62,12/4/99,1/1/99,Senior Staff
107940,Jeanne,Servieres,9/4/62,11/2/87,1/1/99,Senior Staff
107943,Koldo,Plesums,5/7/62,10/25/96,1/1/99,Senior Engineer
107960,Jayesh,Gomatam,6/26/62,6/25/97,1/1/99,Staff
107970,Ziva,Keustermans,3/29/62,6/19/97,1/1/99,Staff
107971,Elliott,Ravishankar,8/24/64,10/12/89,1/1/99,Assistant Engineer
107973,Woody,Sridhar,6/2/64,2/23/99,1/1/99,Assistant Engineer
107974,Jacopo,Tanemo,10/13/62,11/17/88,1/1/99,Staff
107978,Chriss,Bergere,11/29/62,11/10/96,1/1/99,Staff
107983,Shakhar,Panwar,7/20/63,10/20/92,1/1/99,Senior Staff
107986,Hidde,Lodder,11/29/62,2/20/02,1/1/99,Senior Staff
107988,Doowon,Luders,8/18/64,8/11/98,1/1/99,Engineer
107991,Kendra,Gurbaxani,3/26/64,4/12/86,1/1/99,Senior Engineer
107999,Adas,Chimia,5/4/63,4/6/92,1/1/99,Engineer
108002,Kazuhiko,Rajala,5/20/62,12/20/93,1/1/99,Senior Staff
108004,Tse,Cichocki,12/25/63,8/4/91,1/1/99,Senior Engineer
108011,Inderjeet,Lupu,2/4/62,8/13/98,1/1/99,Engineer
108013,Odysseas,Kriebel,1/5/63,2/28/88,1/1/99,Engineer
108017,Palash,Gulla,6/24/64,9/5/95,1/1/99,Senior Engineer
108024,Tayeb,Harbusch,4/19/63,5/26/01,1/1/99,Staff
108025,Mariusz,Pagter,5/4/62,9/17/94,1/1/99,Senior Staff
108030,Bodh,Keohane,7/29/63,10/30/95,1/1/99,Engineer
108032,Dietrich,Heijenga,9/10/63,11/4/90,1/1/99,Senior Staff
108035,Muneo,Broomell,12/13/62,3/21/91,1/1/99,Senior Engineer
108037,Xiong,Schiettecatte,11/29/64,8/20/89,1/1/99,Technique Leader
108057,Hitomi,Jiafu,11/1/64,5/10/85,1/1/99,Senior Engineer
108069,Yoshinari,Gimbel,5/24/64,11/27/85,1/1/99,Senior Engineer
108072,Christ,Greibach,8/20/64,8/1/98,1/1/99,Engineer
108077,Makato,Nitsch,4/23/64,5/20/93,1/1/99,Senior Staff
108087,Shay,Vecchio,8/13/63,7/2/87,1/1/99,Engineer
108090,Lucian,Cyre,4/13/63,10/20/86,1/1/99,Engineer
108091,Hisao,Ghemri,1/9/65,11/14/85,1/1/99,Staff
108102,Angus,Ranum,6/1/63,8/22/88,1/1/99,Senior Staff
108108,Valery,Eppinger,6/10/64,11/5/92,1/1/99,Senior Engineer
108112,Cheong,McAffer,7/4/63,12/18/91,1/1/99,Senior Staff
108113,Emdad,Bennis,12/4/64,8/23/91,1/1/99,Engineer
108123,Leen,Pietracaprina,9/24/62,1/16/00,1/1/99,Engineer
108133,Masami,Stentiford,5/25/62,1/7/86,1/1/99,Senior Engineer
108134,Gad,Karnin,11/10/63,5/15/94,1/1/99,Senior Engineer
108143,Shrikanth,Lortz,7/20/64,5/21/94,1/1/99,Senior Staff
108147,Masoud,Leppanen,1/30/62,8/5/98,1/1/99,Assistant Engineer
108156,Miquel,Lally,9/12/63,11/27/94,1/1/99,Senior Engineer
108157,Wayne,Belinskaya,5/9/63,4/4/96,1/1/99,Technique Leader
108158,Radhika,Decaestecker,8/13/62,10/25/97,1/1/99,Senior Engineer
108159,Faiza,Gelosh,8/19/62,2/22/89,1/1/99,Technique Leader
108165,Salvador,Staylopatis,6/15/62,11/13/85,1/1/99,Technique Leader
108167,Khalil,Versino,7/30/63,10/3/93,1/1/99,Senior Staff
108170,Kazuhito,Etalle,3/22/63,8/4/91,1/1/99,Senior Staff
108172,Alois,Angelopoulos,1/24/63,2/6/97,1/1/99,Staff
108174,Adil,Denis,1/17/63,4/9/98,1/1/99,Engineer
108177,Yuping,Pettey,12/15/63,10/7/93,1/1/99,Senior Engineer
108189,Jouko,Zweizig,12/5/64,1/3/97,1/1/99,Staff
108190,Subhrajyoti,Edelhoff,5/2/63,11/29/00,1/1/99,Senior Engineer
108196,Sachio,Barvinok,3/9/62,10/31/99,1/1/99,Staff
108198,Randi,Samarati,1/24/65,10/20/92,1/1/99,Senior Staff
108207,Bowen,Bultermann,11/23/62,1/2/91,1/1/99,Senior Engineer
108209,Shaunak,Auyong,2/21/62,3/24/00,1/1/99,Senior Staff
108224,Niteen,Demian,12/26/63,1/18/87,1/1/99,Senior Engineer
108225,Baocai,Kaminger,10/30/63,5/16/94,1/1/99,Senior Staff
108233,Gladys,Wilfing,11/22/63,11/16/99,1/1/99,Staff
108239,Barna,Beeson,12/28/64,1/2/98,1/1/99,Staff
108266,Florian,Noriega,6/19/62,11/27/92,1/1/99,Engineer
108280,Elzbieta,Thebaut,1/24/64,11/24/87,1/1/99,Engineer
108283,Godehard,Moffat,12/19/62,11/14/93,1/1/99,Senior Engineer
108291,Lucien,Sadowski,12/4/62,6/21/99,1/1/99,Staff
108295,Menkae,Farrar,7/24/62,2/6/96,1/1/99,Staff
108296,Leaf,Eppinger,6/26/63,8/30/93,1/1/99,Engineer
108301,Valery,Suwa,6/8/62,10/12/94,1/1/99,Engineer
108316,Shai,Stellhorn,1/2/65,5/21/92,1/1/99,Senior Engineer
108323,Marsja,Unno,12/15/63,8/7/86,1/1/99,Technique Leader
108334,Kiyotoshi,Bouloucos,12/22/63,8/3/86,1/1/99,Technique Leader
108335,Masaki,Erde,10/2/64,4/26/98,1/1/99,Engineer
108336,Qunsheng,Remmele,4/16/64,9/8/88,1/1/99,Senior Engineer
108337,Hyuckchul,Miara,6/26/64,9/28/93,1/1/99,Senior Staff
108341,Stevo,Montemayor,6/16/63,4/5/93,1/1/99,Senior Staff
108343,Navid,Range,8/15/62,11/28/85,1/1/99,Staff
108346,Matt,Frezza,5/14/63,8/5/90,1/1/99,Senior Staff
108347,Gay,Danecki,6/11/62,8/31/99,1/1/99,Staff
108348,Xiaobin,Serot,5/7/62,3/16/90,1/1/99,Engineer
108351,Herbert,Velardi,2/9/63,9/17/88,1/1/99,Staff
108356,Junsik,Panwar,2/8/64,10/7/85,1/1/99,Senior Staff
108357,Dhritiman,Murillo,4/17/62,4/4/94,1/1/99,Senior Engineer
108361,Reinhold,Billawala,4/16/62,10/26/87,1/1/99,Senior Engineer
108365,Kamran,Mandelberg,4/4/62,10/30/95,1/1/99,Engineer
108366,Chikara,Iisaku,11/25/62,6/28/86,1/1/99,Senior Staff
108376,Ronnie,Solovay,1/3/63,4/17/88,1/1/99,Staff
108377,Margo,Giaccio,11/16/62,11/17/88,1/1/99,Senior Engineer
108385,Martina,Waymire,6/22/64,12/4/99,1/1/99,Staff
108386,Kristof,Kranzdorf,6/20/62,1/11/98,1/1/99,Engineer
108388,Adil,Felder,4/22/63,12/8/99,1/1/99,Technique Leader
108393,Arup,Conta,12/18/63,4/22/85,1/1/99,Senior Engineer
108395,Jaroslava,Claffy,1/13/63,5/31/96,1/1/99,Senior Staff
108398,Danil,Godskesen,6/27/63,7/26/94,1/1/99,Staff
108404,Siddarth,Varman,3/31/63,11/1/94,1/1/99,Engineer
108405,Sadegh,Hanratty,8/29/64,2/11/96,1/1/99,Senior Staff
108418,Kankanahalli,Pollacia,6/30/62,12/28/93,1/1/99,Engineer
108421,Shmuel,Gecsel,1/27/63,12/26/98,1/1/99,Senior Staff
108422,Mohd,Rebaine,8/8/62,3/16/86,1/1/99,Senior Engineer
108424,Jongsuk,Reutenauer,7/4/63,5/2/99,1/1/99,Technique Leader
108432,Duangkaew,Laurillard,3/25/63,6/12/98,1/1/99,Assistant Engineer
108451,Ayakannu,Bahl,10/29/62,4/18/91,1/1/99,Senior Staff
108454,Tsz,Nanard,8/30/64,4/28/86,1/1/99,Engineer
108459,Shigeu,Peck,5/22/63,8/31/94,1/1/99,Staff
108460,Roded,Peroz,6/2/63,7/8/97,1/1/99,Senior Staff
108467,Brigham,Kossowski,3/9/62,9/21/93,1/1/99,Senior Engineer
108479,Gou,Malinowski,3/28/63,2/12/92,1/1/99,Staff
108489,Oscal,Ulupinar,10/6/62,8/28/90,1/1/99,Senior Staff
108490,Rutger,Cincotta,7/28/62,7/16/95,1/1/99,Engineer
108491,Xiadong,Furudate,3/23/63,10/21/94,1/1/99,Engineer
108492,Marjo,Raczkowsky,1/4/63,11/9/92,1/1/99,Senior Engineer
108497,Djelloul,Hanratty,4/23/62,7/11/96,1/1/99,Senior Engineer
108514,Kitty,Baby,1/31/63,6/15/00,1/1/99,Engineer
108516,Arvin,Rusmann,11/15/64,6/7/88,1/1/99,Engineer
108519,Stella,Ballarin,11/23/63,7/21/86,1/1/99,Senior Staff
108526,Guadalupe,Lorch,6/23/62,7/1/86,1/1/99,Senior Engineer
108528,Khue,Pellegrinelli,5/9/63,2/15/91,1/1/99,Senior Staff
108530,Manibrata,Couchot,9/5/64,8/23/93,1/1/99,Senior Staff
108532,Arvind,Luft,4/12/64,3/25/99,1/1/99,Staff
108542,Jaihie,Socorro,4/7/64,2/25/92,1/1/99,Assistant Engineer
108545,Sreenivas,Azadmanesh,6/24/63,8/5/90,1/1/99,Senior Engineer
108546,Noritoshi,Katzenelson,11/6/62,5/23/88,1/1/99,Senior Engineer
108550,Piyawadee,Vesna,8/20/64,7/27/96,1/1/99,Technique Leader
108564,Hsiangchu,Brookner,1/22/64,9/18/98,1/1/99,Staff
108565,Karlis,Gunderson,6/6/64,3/18/96,1/1/99,Staff
108571,Luerbio,Koshiba,11/23/64,3/5/88,1/1/99,Senior Engineer
108573,Boutros,Swan,11/16/62,7/10/95,1/1/99,Senior Staff
108582,Angus,Hempstead,10/6/62,11/1/90,1/1/99,Senior Engineer
108593,Pradeep,Kushnir,8/8/62,2/1/86,1/1/99,Staff
108604,Yakkov,Papsdorf,5/15/62,1/27/88,1/1/99,Senior Engineer
108607,Francesca,Lakshmanan,1/22/63,8/11/96,1/1/99,Senior Staff
108611,Goh,Dymetman,8/3/63,3/28/99,1/1/99,Senior Engineer
108615,Alassane,Veevers,8/12/62,8/4/97,1/1/99,Staff
108620,Radhakrishnan,Cullers,10/3/62,9/16/86,1/1/99,Technique Leader
108621,Saeko,Roohalamini,7/24/63,1/21/96,1/1/99,Staff
108626,Gilbert,Thisen,12/8/64,6/19/89,1/1/99,Senior Engineer
108628,Filipp,Aloisi,8/13/64,10/22/92,1/1/99,Engineer
108635,Teruyuki,Desikan,4/13/64,2/22/95,1/1/99,Engineer
108638,Elvia,Ertl,11/8/64,3/25/94,1/1/99,Senior Engineer
108643,Siamak,Yavatkar,8/31/62,9/17/98,1/1/99,Engineer
108644,Janalee,Bernatsky,2/23/62,11/20/92,1/1/99,Assistant Engineer
108646,Hitomi,Thiran,2/15/62,11/10/95,1/1/99,Senior Staff
108659,Nidapan,Ashish,12/6/62,6/5/95,1/1/99,Senior Engineer
108675,Tremaine,Syrzycki,10/14/62,2/13/99,1/1/99,Staff
108677,Demin,Goodrum,3/8/62,3/25/92,1/1/99,Technique Leader
108678,Guther,Wegerle,2/28/63,3/30/90,1/1/99,Senior Staff
108681,Gretta,Rosen,4/17/63,4/15/93,1/1/99,Senior Staff
108689,Honglan,Menhardt,7/15/64,7/25/96,1/1/99,Senior Engineer
108697,Quingbo,Kambil,5/28/63,10/30/99,1/1/99,Technique Leader
108707,Berry,Holburn,6/17/62,12/26/00,1/1/99,Assistant Engineer
108708,Boaz,Picco,4/6/62,6/5/89,1/1/99,Senior Engineer
108724,Xiaoheng,Madeira,12/1/64,7/8/85,1/1/99,Senior Engineer
108727,Rafols,Lupu,5/28/63,8/8/98,1/1/99,Staff
108741,Dietrich,Waeselynck,4/24/63,5/20/89,1/1/99,Senior Staff
108747,Jayson,Ariola,7/27/63,1/6/98,1/1/99,Senior Engineer
108748,Val,Swift,9/20/64,8/25/91,1/1/99,Engineer
108755,Marco,Comyn,2/10/62,10/13/89,1/1/99,Engineer
108757,Sudharsan,Ghandeharizadeh,6/12/64,4/8/89,1/1/99,Engineer
108760,Saeko,Demir,4/4/64,7/26/93,1/1/99,Senior Staff
108769,Brewster,Ozeki,10/12/64,8/14/00,1/1/99,Engineer
108773,Anneli,Kriebel,9/30/62,10/9/99,1/1/99,Engineer
108783,Hironobu,Jonsson,5/18/62,8/21/87,1/1/99,Technique Leader
108784,Taiji,Porotnikoff,5/19/63,12/28/90,1/1/99,Staff
108789,Gao,Hoogerwoord,11/9/64,10/1/93,1/1/99,Staff
108790,Leaf,Fetvedt,6/22/64,2/9/02,1/1/99,Engineer
108795,Zeydy,Haraldson,5/17/64,8/1/90,1/1/99,Senior Staff
108799,Saeed,Angiulli,7/4/62,10/27/97,1/1/99,Assistant Engineer
108806,Bodo,Swist,7/29/62,12/31/95,1/1/99,Engineer
108811,Gudjon,Rettelbach,6/18/63,7/28/95,1/1/99,Senior Engineer
108813,Marla,Baar,4/2/63,6/16/86,1/1/99,Senior Engineer
108818,Stevo,Lund,12/22/63,1/18/95,1/1/99,Assistant Engineer
108832,Gen,Chinal,5/11/62,5/6/91,1/1/99,Senior Staff
108834,Peer,Spieker,4/12/64,8/2/89,1/1/99,Senior Engineer
108836,Navin,Leivant,12/9/64,5/22/96,1/1/99,Engineer
108844,Yuqun,Pettit,7/8/62,6/7/94,1/1/99,Engineer
108849,Georg,Klerer,1/13/62,9/3/91,1/1/99,Senior Staff
108854,Dmitry,Ranta,9/20/64,5/23/92,1/1/99,Engineer
108858,Noritoshi,Flasterstein,5/27/62,6/14/92,1/1/99,Senior Staff
108862,Chikako,Kleiser,8/11/63,5/24/97,1/1/99,Senior Staff
108866,Tooru,Conia,8/19/62,6/24/87,1/1/99,Engineer
108869,Jinxi,Vasanthakumar,3/1/64,9/15/97,1/1/99,Staff
108876,Mona,Masada,7/27/62,11/8/92,1/1/99,Senior Staff
108879,Jamaludin,Veldwijk,8/7/62,9/10/92,1/1/99,Engineer
108882,Jinxi,Heemskerk,8/24/63,5/9/85,1/1/99,Engineer
108883,Subhada,Ossenbruggen,10/2/63,5/16/97,1/1/99,Engineer
108892,Domenick,Vieth,12/26/62,5/2/91,1/1/99,Senior Engineer
108894,Danny,Schneeberger,3/16/63,6/25/94,1/1/99,Staff
108900,Murthy,Engelmann,9/6/62,5/4/92,1/1/99,Staff
108908,Flemming,Bondorf,7/27/63,12/9/97,1/1/99,Staff
108916,Basim,Kakkad,8/22/62,9/5/93,1/1/99,Senior Staff
108920,Subbu,Fioravanti,4/20/64,11/23/95,1/1/99,Engineer
108924,Miquel,Casperson,8/11/64,2/21/98,1/1/99,Staff
108926,Yinghua,Luga,10/2/62,10/21/97,1/1/99,Engineer
108930,Atreyi,Zumaque,3/27/62,7/19/98,1/1/99,Engineer
108932,Chikara,Peris,2/14/64,7/21/94,1/1/99,Engineer
108938,Ronghao,Peris,7/30/63,8/26/85,1/1/99,Staff
108944,Eric,Chenney,5/21/62,12/17/88,1/1/99,Senior Staff
108959,Huan,Zumaque,9/21/62,5/26/99,1/1/99,Staff
108961,Jianhua,Piveteau,11/13/62,1/2/99,1/1/99,Staff
108962,Przemyslawa,Rajcani,9/30/62,9/10/98,1/1/99,Senior Staff
108968,Boaz,Kruskal,4/1/63,1/19/97,1/1/99,Engineer
108970,Bedrich,Callaway,5/9/63,6/22/96,1/1/99,Staff
108972,Zhonghui,Gajiwala,5/9/64,2/17/92,1/1/99,Staff
108982,Sanjai,Vickson,4/17/62,2/14/94,1/1/99,Senior Staff
108988,Oksana,Baek,1/19/65,7/20/89,1/1/99,Senior Staff
108990,Xiaocheng,Ramalingam,9/1/63,10/22/95,1/1/99,Technique Leader
109001,Huican,Oehlmann,7/29/63,3/4/91,1/1/99,Senior Staff
109021,Guoxiang,Hofmeyr,4/14/64,10/27/97,1/1/99,Senior Engineer
109024,Shigeu,Ulupinar,2/19/63,3/15/90,1/1/99,Engineer
109038,Goh,Budinsky,6/18/62,4/9/87,1/1/99,Senior Engineer
109044,Kannan,Radwan,11/5/64,5/10/85,1/1/99,Engineer
109048,Kristin,Liedekerke,6/3/62,10/13/88,1/1/99,Senior Staff
109051,Qiwen,Peres,4/3/64,3/21/95,1/1/99,Assistant Engineer
109062,Jamaludin,Kandlur,2/1/65,6/19/92,1/1/99,Senior Engineer
109064,Kristin,Trumbly,9/29/62,7/17/88,1/1/99,Engineer
109066,Margo,Zweizig,1/19/63,9/26/98,1/1/99,Staff
109068,Paddy,Wegerle,2/15/62,6/16/89,1/1/99,Technique Leader
109072,Sumant,Matzke,12/5/63,9/3/99,1/1/99,Staff
109074,Bartek,Suwa,9/23/62,10/11/99,1/1/99,Staff
109077,Xudong,Luef,7/30/62,2/25/99,1/1/99,Senior Staff
109081,Gennady,Jording,8/12/64,12/29/89,1/1/99,Staff
109084,Jiang,Vesel,6/23/62,11/24/87,1/1/99,Senior Staff
109087,Soenke,Steenbeek,9/2/63,3/13/98,1/1/99,Senior Engineer
109095,Kyoichi,Bail,3/27/64,9/11/99,1/1/99,Senior Engineer
109100,Xiahua,Validov,4/7/62,9/8/90,1/1/99,Engineer
109103,Fay,Kornatzky,9/19/62,8/8/86,1/1/99,Engineer
109110,Isaac,Bael,4/24/63,9/5/85,1/1/99,Senior Staff
109113,Torsten,Randt,11/27/62,11/15/86,1/1/99,Staff
109127,Khaled,Auria,10/17/63,3/31/94,1/1/99,Senior Staff
109130,Shichao,Ruther,7/22/64,9/16/98,1/1/99,Senior Engineer
109137,Youssef,Stifter,8/28/62,8/6/96,1/1/99,Senior Engineer
109143,Tianruo,Morrow,1/27/64,8/6/99,1/1/99,Engineer
109162,Munehiro,Schonegge,7/2/63,2/24/98,1/1/99,Technique Leader
109163,Zhanqiu,Harnett,4/16/64,7/6/91,1/1/99,Senior Engineer
109170,Nahum,Schaft,9/21/62,12/8/00,1/1/99,Engineer
109177,Sadok,Schapiro,2/13/62,1/15/92,1/1/99,Technique Leader
109179,Kwangsub,Passafiume,10/8/64,2/9/85,1/1/99,Senior Staff
109186,Serge,Keohane,10/18/64,8/19/90,1/1/99,Senior Staff
109188,Insup,Deverell,2/26/64,9/29/87,1/1/99,Senior Engineer
109192,Baruch,Barbanera,4/4/64,10/25/00,1/1/99,Staff
109194,Wilmer,Polajnar,11/24/63,12/31/97,1/1/99,Staff
109195,Gen,Terekhov,2/4/62,1/11/96,1/1/99,Assistant Engineer
109200,Jinya,Budinsky,11/15/62,11/11/99,1/1/99,Engineer
109203,Eishiro,Munro,2/29/64,12/15/88,1/1/99,Senior Engineer
109207,Martine,Langford,8/5/64,3/14/93,1/1/99,Senior Staff
109210,Siamak,Marrevee,3/17/62,5/9/86,1/1/99,Engineer
109211,Gor,Delgrande,1/11/65,6/18/02,1/1/99,Engineer
109225,Ger,Jording,3/28/63,10/17/96,1/1/99,Staff
109229,Fumiko,Krybus,2/11/64,4/30/95,1/1/99,Engineer
109236,Hausi,Schusler,8/21/62,5/6/98,1/1/99,Engineer
109237,Weijing,Heinisuo,8/22/63,5/25/97,1/1/99,Senior Staff
109238,Diederik,Cochrane,11/9/64,9/26/86,1/1/99,Senior Engineer
109242,Huican,Thisen,11/1/63,8/13/97,1/1/99,Staff
109244,Basem,Wegerle,10/1/62,4/18/93,1/1/99,Engineer
109249,Zsolt,Condotta,1/25/62,4/1/86,1/1/99,Technique Leader
109250,Kristinn,Matzen,12/8/64,10/16/85,1/1/99,Senior Staff
109252,Moty,Winter,1/15/65,4/28/91,1/1/99,Technique Leader
109256,Paddy,Huxford,8/17/62,2/24/92,1/1/99,Senior Staff
109262,Suzette,Bisiani,3/4/63,11/5/95,1/1/99,Engineer
109268,Chriss,Massonet,1/14/62,4/18/88,1/1/99,Senior Staff
109274,Kazuyasu,Parfitt,5/13/64,5/7/96,1/1/99,Engineer
109276,Stepehn,Lunt,11/29/62,10/13/96,1/1/99,Engineer
109278,Bangqing,Schach,1/21/65,3/22/88,1/1/99,Senior Staff
109279,Deniz,Decaestecker,7/3/63,7/11/91,1/1/99,Senior Staff
109282,Satosi,Hebert,10/24/63,7/12/85,1/1/99,Technique Leader
109283,Baocai,Kushnir,9/2/64,11/29/89,1/1/99,Engineer
109297,Yurij,Hettesheimer,10/8/63,9/27/98,1/1/99,Technique Leader
109298,Hairong,Menyhert,2/25/63,11/1/88,1/1/99,Engineer
109313,Danel,Ravishankar,7/24/62,12/26/87,1/1/99,Engineer
109317,Ute,Luce,5/30/62,2/2/94,1/1/99,Senior Staff
109321,Fusako,Norsworthy,10/19/63,6/12/91,1/1/99,Staff
109326,Xiaoqiang,Georg,10/26/64,3/13/94,1/1/99,Staff
109327,Xianlong,Einsfeld,1/12/63,3/23/96,1/1/99,Senior Engineer
109328,Duangkaew,Hiraishi,3/5/64,11/26/95,1/1/99,Engineer
109331,Leah,Glowinski,8/11/64,3/12/95,1/1/99,Senior Engineer
109340,Mayumi,Levasseur,6/2/63,9/30/85,1/1/99,Senior Engineer
109342,Huican,Zizka,11/22/63,5/16/93,1/1/99,Senior Staff
109346,Zhensheng,Ramsay,11/27/63,11/12/91,1/1/99,Engineer
109363,Gian,Chleq,8/3/64,11/28/88,1/1/99,Senior Engineer
109383,Tomofumi,Plumb,2/27/63,9/10/97,1/1/99,Staff
109384,Pranas,Loncour,7/5/63,7/30/97,1/1/99,Technique Leader
109386,Danel,Fontet,8/3/63,12/30/97,1/1/99,Senior Engineer
109387,Perry,Rikino,1/19/62,9/13/92,1/1/99,Senior Staff
109396,Mats,Velardi,1/10/64,3/3/86,1/1/99,Technique Leader
109398,Danel,Gente,6/14/64,3/23/85,1/1/99,Technique Leader
109401,Christoper,Kilgour,12/22/64,12/6/92,1/1/99,Senior Staff
109417,Kamran,Radhakrishnan,7/26/64,7/14/96,1/1/99,Assistant Engineer
109418,Krister,Codenie,1/23/64,4/5/96,1/1/99,Engineer
109424,Mantis,Gide,4/9/62,10/6/99,1/1/99,Engineer
109426,Krassimir,Bazelow,1/5/64,11/22/89,1/1/99,Senior Engineer
109428,Chrisa,Koyama,5/10/63,9/27/97,1/1/99,Senior Staff
109431,Minghong,Bazelow,9/14/62,3/31/86,1/1/99,Staff
109434,Beshir,Msuda,3/17/64,8/2/96,1/1/99,Staff
109439,Fumitaka,Rosenbaum,1/25/64,6/6/96,1/1/99,Engineer
109450,Shao,Itzigehl,3/5/62,5/8/88,1/1/99,Assistant Engineer
109453,Fei,Matzel,1/25/62,11/25/95,1/1/99,Senior Staff
109456,Augustine,Cesareni,6/7/62,1/9/89,1/1/99,Engineer
109459,Adas,Soloway,7/10/62,12/30/98,1/1/99,Staff
109462,Rafols,Shokrollahi,5/11/63,11/22/86,1/1/99,Senior Staff
109464,Sandeepan,Hemaspaandra,9/18/64,6/8/86,1/1/99,Senior Staff
109468,Nalini,Kossowski,12/25/63,8/17/91,1/1/99,Senior Staff
109469,Georg,Felder,7/9/64,1/2/86,1/1/99,Engineer
109474,Amalendu,Auyong,2/8/62,7/26/87,1/1/99,Senior Engineer
109475,Eishiro,Katalagarianos,6/15/64,5/29/96,1/1/99,Senior Engineer
109477,Mohan,Piveteau,11/23/62,8/4/86,1/1/99,Senior Engineer
109479,Lihong,Hatcliff,1/9/64,8/7/98,1/1/99,Senior Staff
109480,Danny,Chinin,3/10/63,11/18/97,1/1/99,Assistant Engineer
109482,Herb,Koblick,12/28/64,9/30/98,1/1/99,Engineer
109486,Zhilian,Ranst,9/7/63,8/29/99,1/1/99,Senior Engineer
109488,Tetsurou,Pettit,8/28/63,10/17/86,1/1/99,Senior Staff
109489,Zvonko,Zambonelli,11/9/62,4/11/87,1/1/99,Senior Staff
109497,Make,Bauknecht,10/3/62,4/19/88,1/1/99,Staff
109500,Dzung,Luef,2/21/62,5/2/86,1/1/99,Senior Staff
109511,Srinidhi,Munck,1/22/63,7/12/92,1/1/99,Staff
109516,Navid,Sidou,11/8/63,9/25/85,1/1/99,Senior Engineer
109521,Aron,Schreiter,7/31/62,8/18/89,1/1/99,Senior Staff
109522,Heeju,Kropf,4/6/62,9/11/90,1/1/99,Senior Engineer
109532,Limsoon,Vieri,12/15/64,4/26/94,1/1/99,Engineer
109533,Subhash,Isaac,4/24/62,12/10/99,1/1/99,Staff
109546,Sungwon,Pramanik,6/10/63,2/3/88,1/1/99,Senior Engineer
109551,Atreye,Khalil,10/16/64,10/4/89,1/1/99,Engineer
109552,Menkae,Etalle,1/31/65,5/21/97,1/1/99,Engineer
109554,Akeno,Tomescu,4/5/63,12/30/91,1/1/99,Senior Staff
109555,Ennio,Leslie,8/18/62,1/3/91,1/1/99,Engineer
109562,Sudhanshu,Swiss,7/5/63,5/22/96,1/1/99,Staff
109563,Tomokazu,Luby,7/7/63,11/2/96,1/1/99,Senior Engineer
109568,Mingsen,Mitina,5/6/64,10/17/99,1/1/99,Engineer
109585,Mona,Fujisaki,8/24/62,2/12/97,1/1/99,Senior Staff
109590,Yannik,Reinhard,2/7/62,4/22/86,1/1/99,Senior Engineer
109592,Masasuke,Huttel,2/21/63,4/5/96,1/1/99,Staff
109595,Uta,Lores,1/2/63,8/28/89,1/1/99,Senior Engineer
109598,Stamatina,Auyong,2/1/65,7/5/88,1/1/99,Senior Staff
109617,Murthy,Benzmuller,11/5/64,10/7/93,1/1/99,Staff
109619,Geoffrey,Levasseur,2/2/62,10/20/97,1/1/99,Staff
109620,Mani,Cannata,1/2/65,6/21/89,1/1/99,Staff
109624,Uta,Swick,8/4/64,6/8/99,1/1/99,Engineer
109631,Amstein,England,6/20/64,7/22/93,1/1/99,Technique Leader
109633,Zhaofang,Vendrig,2/23/63,5/2/98,1/1/99,Engineer
109637,Yakkov,Eickenmeyer,3/31/63,11/23/85,1/1/99,Senior Engineer
109638,Utpal,Schauser,10/23/62,1/2/89,1/1/99,Engineer
109640,Spyrose,Khasidashvili,11/23/62,5/21/94,1/1/99,Senior Engineer
109641,Chrisa,Emmart,2/18/62,7/21/89,1/1/99,Senior Staff
109648,Peternela,Unno,6/26/62,12/28/92,1/1/99,Staff
109651,Henk,Velasco,2/25/63,10/3/93,1/1/99,Engineer
109654,Masako,Alencar,12/25/62,3/17/96,1/1/99,Senior Staff
109657,Uma,Asmuth,6/25/62,6/16/87,1/1/99,Senior Engineer
109659,Kyoichi,Pleszkun,12/19/63,11/15/93,1/1/99,Engineer
109662,Kannan,Peltason,7/29/63,11/16/93,1/1/99,Senior Staff
109668,Etsuo,Skogmar,4/2/63,3/18/88,1/1/99,Senior Staff
109669,Sadok,Perna,9/30/62,2/15/98,1/1/99,Staff
109670,Jouko,Bala,6/20/62,12/5/87,1/1/99,Engineer
109676,Serge,Pollock,11/2/63,7/6/93,1/1/99,Senior Engineer
109680,Nahid,Murtagh,2/16/64,12/2/86,1/1/99,Senior Engineer
109682,Feixiong,Percebois,9/27/63,9/18/93,1/1/99,Staff
109683,Piyush,Hegner,3/2/62,8/6/93,1/1/99,Senior Staff
109686,Xinyu,Talmon,8/26/63,8/20/95,1/1/99,Engineer
109690,Oguz,Serra,6/4/62,1/28/95,1/1/99,Engineer
109693,Tamiya,Gladwell,3/17/64,10/13/96,1/1/99,Staff
109694,Along,Erie,9/27/62,10/24/85,1/1/99,Engineer
109703,Arco,Walston,1/17/65,8/16/99,1/1/99,Engineer
109708,Weiye,Showalter,7/3/64,8/5/97,1/1/99,Engineer
109711,Lidong,Tomescu,8/4/64,2/28/95,1/1/99,Senior Staff
109722,Maik,Merlo,8/30/63,9/6/88,1/1/99,Senior Engineer
109728,Huai,Tibblin,7/17/64,12/23/87,1/1/99,Engineer
109731,Qiwen,Alpay,3/19/64,10/11/89,1/1/99,Senior Staff
109741,Hatem,Fadgyas,1/11/65,11/13/91,1/1/99,Senior Engineer
109750,Tamiya,Pappas,8/21/62,4/12/85,1/1/99,Technique Leader
109751,Stepehn,Kisuki,10/12/62,6/1/90,1/1/99,Engineer
109753,LiMin,Lanzelotte,5/9/64,12/10/99,1/1/99,Staff
109754,Oldrich,Gini,5/22/62,7/25/91,1/1/99,Staff
109762,Shem,Ferriere,9/11/64,12/7/92,1/1/99,Technique Leader
109769,Muzhong,Barbanera,1/12/62,7/29/86,1/1/99,Engineer
109788,Yucai,Conte,2/13/64,4/19/95,1/1/99,Engineer
109796,Jenwei,Dehkordi,7/5/62,10/22/96,1/1/99,Senior Engineer
109817,Halsur,Horswill,5/16/62,11/2/92,1/1/99,Senior Engineer
109828,Kasturi,Schrooten,8/11/63,8/12/87,1/1/99,Staff
109839,JoAnne,Billawala,4/1/62,6/18/92,1/1/99,Assistant Engineer
109840,Aria,Narahara,9/24/63,2/25/97,1/1/99,Senior Engineer
109854,Aluzio,Leivant,11/16/64,2/22/86,1/1/99,Senior Staff
109858,Fan,Giveon,6/21/64,9/17/90,1/1/99,Senior Engineer
109861,Utpal,Kieras,8/9/64,6/20/88,1/1/99,Senior Engineer
109869,Hitofumi,Quaggetto,4/4/64,5/10/91,1/1/99,Staff
109873,Owen,Peyn,4/22/62,7/3/87,1/1/99,Engineer
109880,Suvo,Kolinko,2/24/62,5/13/90,1/1/99,Senior Staff
109886,Fan,Schaaf,6/26/63,6/21/86,1/1/99,Senior Staff
109888,Anneli,Ranon,1/12/62,8/11/92,1/1/99,Engineer
109892,Qingxiang,Marciano,5/16/63,12/21/85,1/1/99,Engineer
109893,Bokyung,Perez,10/17/62,6/4/86,1/1/99,Engineer
109913,Howell,Giveon,5/15/63,11/13/93,1/1/99,Staff
109919,Arto,Bharadwaj,10/31/63,6/19/89,1/1/99,Senior Staff
109934,Alagu,Schmittgen,3/5/62,3/9/97,1/1/99,Engineer
109936,Shem,Serov,10/1/62,7/18/00,1/1/99,Senior Staff
109953,Godehard,Chorvat,1/26/65,4/10/88,1/1/99,Senior Staff
109954,Nagui,Sigstam,7/18/63,8/25/90,1/1/99,Assistant Engineer
109958,Bodh,Eickenmeyer,12/10/64,4/28/95,1/1/99,Staff
109960,Miomir,Alblas,1/21/62,2/20/98,1/1/99,Assistant Engineer
109961,Padma,Speckmann,8/6/63,9/18/99,1/1/99,Engineer
109962,Tetsushi,Speer,6/22/64,12/6/86,1/1/99,Senior Engineer
109972,Nigel,Fiutem,11/24/62,3/17/96,1/1/99,Staff
109974,Zhenhua,Ressouche,9/25/64,6/19/91,1/1/99,Staff
109977,Laurentiu,Dechter,1/18/62,9/28/90,1/1/99,Engineer
109981,Kotesh,Merli,4/12/63,5/31/97,1/1/99,Technique Leader
109986,Ohad,Veeraraghavan,11/30/63,9/3/00,1/1/99,Staff
110039,Vishwani,Minakawa,6/21/63,4/12/86,1/1/99,Senior Staff
110420,Oscar,Ghazalie,7/27/63,2/5/92,1/1/99,Senior Engineer
110567,Leon,DasSarma,4/25/64,10/21/86,1/1/99,Manager
110800,Sanjoy,Quadeer,2/7/63,8/12/86,1/1/99,Technique Leader
111035,Przemyslawa,Kaelbling,2/24/62,1/1/85,1/1/99,Manager
111877,Xiaobin,Spinelli,10/18/62,8/17/91,1/1/99,Staff
200018,Adit,Butner,1/9/63,2/8/92,1/1/99,Staff
200024,Subhada,Mansanne,12/15/62,7/23/95,1/1/99,Engineer
200026,Denis,Varman,8/21/63,5/18/02,1/1/99,Engineer
200036,Dietrich,Kaminger,8/31/64,5/9/90,1/1/99,Senior Staff
200039,Siddarth,Ratnakar,7/4/62,5/27/95,1/1/99,Senior Staff
200040,Aamod,Michaels,5/11/64,12/26/89,1/1/99,Senior Engineer
200045,Salvador,Montresor,12/16/64,3/6/94,1/1/99,Senior Staff
200056,Adam,Eiron,9/10/63,11/3/99,1/1/99,Senior Staff
200062,Divier,Rabehasaina,11/10/63,12/1/91,1/1/99,Senior Staff
200064,Shigeu,Suermann,9/25/64,3/25/88,1/1/99,Senior Staff
200065,Frederique,Marchesini,11/4/63,6/27/88,1/1/99,Technique Leader
200068,Gurbir,Moffat,3/11/64,4/4/92,1/1/99,Staff
200075,Shuichi,Erol,6/24/62,3/3/95,1/1/99,Engineer
200086,Aran,Salverda,11/5/63,9/10/99,1/1/99,Senior Staff
200087,Kwan,Heinisuo,12/9/62,1/26/91,1/1/99,Staff
200090,Sastry,Panangaden,4/28/63,1/15/92,1/1/99,Technique Leader
200091,Heon,Marchegay,2/18/64,8/31/97,1/1/99,Staff
200094,Jasminko,Sadowsky,2/6/63,2/14/88,1/1/99,Senior Staff
200097,Paloma,Zumaque,5/16/64,4/30/97,1/1/99,Staff
200099,Rafael,Roohalamini,5/21/63,3/22/98,1/1/99,Staff
200101,Kotesh,Staelin,1/29/62,7/8/94,1/1/99,Engineer
200107,Sachar,Guenter,6/1/62,4/17/93,1/1/99,Senior Engineer
200112,Sailaja,Claffy,9/9/63,5/26/91,1/1/99,Engineer
200124,Parto,Gente,9/7/62,7/15/97,1/1/99,Engineer
200139,Subhankar,Baig,10/23/64,10/17/99,1/1/99,Staff
200142,Christoph,Uehara,1/22/62,6/15/98,1/1/99,Senior Staff
200161,Sven,Alpin,5/12/62,2/23/89,1/1/99,Staff
200167,Krassimir,Swist,1/2/64,8/22/97,1/1/99,Senior Staff
200174,Achilleas,Cooman,7/17/64,1/16/90,1/1/99,Engineer
200179,Adin,Gihr,8/2/63,10/29/92,1/1/99,Senior Staff
200182,Goa,Hofmeyr,10/9/62,1/19/89,1/1/99,Senior Staff
200187,Troy,Hagimont,8/28/63,3/12/96,1/1/99,Technique Leader
200193,Syozo,Servieres,5/28/63,11/11/99,1/1/99,Senior Staff
200204,Zeljko,Maksimenko,3/29/63,5/10/93,1/1/99,Senior Engineer
200207,Sudhanshu,Kobuchi,12/30/64,4/14/93,1/1/99,Senior Staff
200208,Luigi,Milicic,5/27/64,11/19/91,1/1/99,Senior Engineer
200214,Fusako,DeMori,1/19/64,7/27/00,1/1/99,Technique Leader
200231,Giri,Melter,6/19/63,11/3/87,1/1/99,Senior Staff
200234,Jeanna,Montresor,11/19/62,1/1/89,1/1/99,Senior Staff
200267,Chuanti,Luff,1/8/65,9/21/94,1/1/99,Staff
200270,Lubomir,Pelc,2/26/62,2/2/93,1/1/99,Engineer
200271,Jordanka,Peha,12/27/62,9/28/96,1/1/99,Senior Staff
200283,Suebskul,Henseler,11/4/63,4/6/91,1/1/99,Senior Engineer
200290,Eberhardt,Toyoshima,9/3/64,8/8/95,1/1/99,Senior Staff
200296,Golgen,Shigei,6/18/63,7/28/86,1/1/99,Senior Engineer
200297,Giordano,Bernatsky,11/23/64,9/4/94,1/1/99,Engineer
200299,Jeanna,Fujisawa,10/6/64,4/24/96,1/1/99,Senior Engineer
200302,Sanjit,Spataro,8/5/64,11/14/93,1/1/99,Senior Engineer
200307,Yongdong,Jiafu,12/14/64,8/13/93,1/1/99,Senior Staff
200310,Hitofumi,Legleitner,2/23/63,5/23/91,1/1/99,Staff
200312,Akemi,Fujisaki,1/27/65,11/13/01,1/1/99,Senior Engineer
200325,Hitomi,Valette,8/22/63,4/7/86,1/1/99,Staff
200326,Fayez,Chvatal,6/21/64,9/5/88,1/1/99,Senior Engineer
200327,Apostol,Spinelli,12/13/64,7/9/89,1/1/99,Senior Engineer
200336,Beshir,Hiraishi,10/8/62,5/12/94,1/1/99,Engineer
200343,Radhika,Kusakabe,2/9/62,5/31/86,1/1/99,Senior Engineer
200347,Mikhail,Ritzmann,2/29/64,5/28/96,1/1/99,Senior Staff
200349,Claudi,Pileggi,5/3/63,11/30/97,1/1/99,Staff
200359,Yinghua,Syang,6/29/63,3/6/90,1/1/99,Engineer
200363,Kirk,Quaggetto,1/10/65,6/30/87,1/1/99,Senior Engineer
200375,Constantine,Toyoshima,7/13/63,8/22/97,1/1/99,Senior Engineer
200376,Chaitali,Strehl,2/18/62,12/26/00,1/1/99,Senior Staff
200379,Susuma,Heijenga,7/3/64,1/10/93,1/1/99,Staff
200387,Rildo,Akaboshi,9/23/62,1/24/93,1/1/99,Staff
200390,Hugh,Yetto,9/6/63,1/7/93,1/1/99,Senior Engineer
200395,Quingbo,Rosch,10/31/63,12/9/90,1/1/99,Assistant Engineer
200398,Elzbieta,Cmelik,2/1/63,8/2/91,1/1/99,Senior Staff
200403,Moheb,Sridhar,2/17/62,3/27/96,1/1/99,Engineer
200405,Becky,Pintelas,12/28/62,11/16/85,1/1/99,Staff
200416,Almudena,Kornyak,11/2/63,12/29/88,1/1/99,Senior Staff
200420,Byong,Schapire,3/15/64,1/7/01,1/1/99,Staff
200421,Brendon,Masaki,1/5/63,11/26/86,1/1/99,Assistant Engineer
200422,Shaunak,Zirintsis,1/9/62,7/3/87,1/1/99,Senior Staff
200428,Bokyung,Picht,2/5/64,8/16/95,1/1/99,Assistant Engineer
200430,Iara,Alpay,8/14/64,12/4/94,1/1/99,Engineer
200431,Shih,Jumpertz,2/21/64,12/3/95,1/1/99,Engineer
200446,Hatim,Schauser,9/12/64,4/2/96,1/1/99,Staff
200450,Yongqiao,Birnbaum,4/10/63,9/30/85,1/1/99,Staff
200470,Girolamo,Thebaut,2/12/64,2/26/91,1/1/99,Assistant Engineer
200472,Jaihie,Cunliffe,2/1/64,5/7/93,1/1/99,Senior Staff
200481,Valery,Klerer,7/15/64,12/20/85,1/1/99,Senior Staff
200482,Gretta,Osgood,10/18/64,9/26/97,1/1/99,Engineer
200484,Tzu,Ranta,11/9/64,8/13/90,1/1/99,Senior Engineer
200488,Aiman,Kulisch,9/24/62,11/9/88,1/1/99,Staff
200495,Fusako,Pollock,7/23/63,1/4/91,1/1/99,Staff
200498,Haldon,Tokunaga,5/22/64,1/6/98,1/1/99,Senior Engineer
200505,Yuuichi,Suessmith,8/2/63,12/27/89,1/1/99,Engineer
200513,Tsz,Uehara,10/25/64,8/29/97,1/1/99,Senior Staff
200519,Zhenhua,Janocha,10/11/64,5/3/85,1/1/99,Senior Staff
200523,Woody,Shumilov,1/18/64,6/3/92,1/1/99,Senior Staff
200528,Marek,Melter,6/17/63,6/21/96,1/1/99,Senior Engineer
200529,Lene,Chinal,8/22/64,5/4/99,1/1/99,Senior Staff
200533,Howell,Ozeki,6/15/62,5/19/94,1/1/99,Engineer
200537,Mayumi,Iacovou,5/18/64,5/23/97,1/1/99,Engineer
200540,Youpyo,Sifakis,3/3/62,7/14/95,1/1/99,Staff
200545,Mostafa,Cooley,12/24/64,10/17/85,1/1/99,Senior Engineer
200548,Xuedong,Eiter,9/7/64,11/11/86,1/1/99,Staff
200555,Hairong,Kusakari,5/22/62,7/15/92,1/1/99,Assistant Engineer
200566,Mari,Facello,5/6/63,12/3/86,1/1/99,Engineer
200572,Hein,Pollacia,11/17/62,1/26/94,1/1/99,Staff
200580,Roselyn,Rullman,2/18/62,2/15/88,1/1/99,Senior Staff
200582,Doohun,Standera,1/1/62,6/8/91,1/1/99,Staff
200584,Stabislas,Antonisse,11/23/63,12/4/97,1/1/99,Staff
200588,Ferdinand,Seghrouchni,3/14/63,5/2/98,1/1/99,Technique Leader
200609,Gennadi,Scallan,3/15/64,11/3/88,1/1/99,Engineer
200614,Bangqing,Bressoud,8/2/63,5/19/98,1/1/99,Engineer
200616,Sverrir,Himler,6/3/62,6/15/95,1/1/99,Staff
200619,Hyuckchul,Luef,4/5/62,8/22/88,1/1/99,Senior Staff
200628,Dayanand,Karlin,6/5/63,5/17/99,1/1/99,Engineer
200638,Gladys,Onuegbe,11/14/62,3/14/99,1/1/99,Engineer
200643,Kitty,Dechter,5/26/64,2/1/87,1/1/99,Engineer
200646,Somnath,Pietrzykowski,12/1/62,2/17/94,1/1/99,Assistant Engineer
200649,Zorica,Gammage,1/1/62,11/5/85,1/1/99,Senior Engineer
200652,Sudhanshu,Ruemmler,11/30/63,10/30/93,1/1/99,Engineer
200659,Yongdong,Imataki,11/15/62,3/8/92,1/1/99,Engineer
200663,Amstein,McFarlan,3/15/64,10/25/85,1/1/99,Senior Staff
200664,Godehard,Crooks,4/9/63,9/29/91,1/1/99,Staff
200671,Hercules,Shimshoni,8/12/63,11/20/90,1/1/99,Assistant Engineer
200672,Fei,Osgood,8/4/62,8/5/94,1/1/99,Staff
200678,Alassane,Zastre,6/17/62,10/24/90,1/1/99,Senior Engineer
200682,Masato,Orlowski,11/2/64,1/30/00,1/1/99,Staff
200696,Sachio,Kamble,6/1/63,11/30/99,1/1/99,Staff
200726,Jacopo,Valtorta,10/19/63,8/10/85,1/1/99,Senior Staff
200728,Nathan,Radhakrishnan,5/3/62,10/10/94,1/1/99,Technique Leader
200735,Dinah,Denos,1/9/65,9/21/92,1/1/99,Staff
200736,Leon,Leonhardt,9/21/63,3/11/90,1/1/99,Senior Engineer
200737,Rajmohan,Jording,2/5/64,4/1/02,1/1/99,Technique Leader
200741,Steen,Restivo,5/14/64,9/21/96,1/1/99,Senior Engineer
200751,Christoper,Isaak,8/24/63,9/20/99,1/1/99,Engineer
200753,Weijing,Matheson,7/11/64,7/5/94,1/1/99,Engineer
200765,Gregory,Michaeli,6/3/64,2/22/91,1/1/99,Engineer
200775,Toshimi,Marquardt,3/12/64,4/24/97,1/1/99,Senior Engineer
200778,Pranav,Gips,8/18/62,4/1/97,1/1/99,Senior Staff
200781,Bernt,Capobianchi,1/1/62,12/14/88,1/1/99,Senior Engineer
200782,Thodoros,Brobst,1/9/63,5/6/89,1/1/99,Senior Staff
200789,Susumu,Camurati,1/14/65,12/15/91,1/1/99,Senior Staff
200796,Elrique,Puppo,12/26/62,12/5/93,1/1/99,Senior Engineer
200800,Duri,Brandsma,3/29/63,1/18/93,1/1/99,Staff
200807,Woody,Pews,10/13/63,4/1/00,1/1/99,Staff
200817,Guadalupe,Linares,11/3/63,5/7/86,1/1/99,Senior Engineer
200824,Martina,Nicolson,4/27/62,1/17/92,1/1/99,Senior Engineer
200825,Koichi,Honglei,7/17/62,11/24/90,1/1/99,Senior Engineer
200836,Akeno,Brookman,3/22/64,5/15/91,1/1/99,Engineer
200840,Gian,Siepmann,8/24/64,12/20/99,1/1/99,Technique Leader
200845,Rosine,Vidal,7/8/63,12/22/96,1/1/99,Engineer
200851,Leah,Brookman,12/26/63,10/26/98,1/1/99,Engineer
200856,Kotesh,Rosca,7/13/62,4/8/93,1/1/99,Engineer
200861,Xinglin,Socorro,9/5/63,6/24/92,1/1/99,Engineer
200873,Toshimori,Akaboshi,3/10/62,2/15/02,1/1/99,Staff
200878,Breannda,Schwartzburd,8/20/63,4/25/90,1/1/99,Senior Engineer
200897,Ibibia,Peron,7/8/62,2/1/97,1/1/99,Staff
200901,Divier,Duclos,5/28/64,11/24/97,1/1/99,Staff
200903,Masaki,Casperson,10/28/64,9/24/92,1/1/99,Senior Staff
200905,Kazuhisa,Braccini,2/22/62,12/4/94,1/1/99,Staff
200908,Candido,Olivero,5/20/64,9/28/86,1/1/99,Staff
200912,Josyula,Rosaz,8/14/63,4/20/99,1/1/99,Engineer
200913,Xinyu,Birnbaum,8/10/63,12/1/95,1/1/99,Staff
200919,Pradeep,Schwartzbauer,5/25/64,8/30/97,1/1/99,Staff
200925,Isaac,Journel,8/19/63,5/21/88,1/1/99,Staff
200928,Ottavia,Preusig,6/8/64,7/24/95,1/1/99,Senior Engineer
200929,Fan,Rosay,4/28/64,9/17/85,1/1/99,Engineer
200930,Adil,Mitzlaff,9/26/62,5/12/95,1/1/99,Senior Staff
200936,Jaihie,Eldridge,4/16/63,5/3/95,1/1/99,Technique Leader
200941,Pascal,Rassart,7/21/64,7/21/93,1/1/99,Staff
200942,Kagan,Aseltine,12/2/63,8/12/94,1/1/99,Technique Leader
200947,Troy,Perelgut,2/16/63,8/14/95,1/1/99,Staff
200950,Danco,Ashish,6/8/64,5/10/91,1/1/99,Senior Staff
200966,Uli,McConalogue,5/28/62,1/21/93,1/1/99,Engineer
200969,Marko,Schwartzbauer,6/19/63,12/21/96,1/1/99,Senior Engineer
200972,Heping,Koblick,8/28/62,9/14/95,1/1/99,Engineer
200986,Karsten,Bultermann,9/7/64,8/1/95,1/1/99,Senior Engineer
200988,Shaw,Thambidurai,10/18/63,4/7/90,1/1/99,Staff
200990,Sushant,Baranowski,9/8/64,12/11/96,1/1/99,Engineer
200991,Kasturi,Colorni,10/25/64,4/1/89,1/1/99,Senior Engineer
200996,Tonia,Niizuma,6/15/64,7/3/00,1/1/99,Staff
201016,Horward,Domenig,4/10/63,1/31/98,1/1/99,Staff
201025,Boguslaw,Skrikant,2/7/62,5/4/97,1/1/99,Technique Leader
201029,Arun,Zaumen,1/5/63,3/28/97,1/1/99,Staff
201031,Teiji,Henseler,6/20/62,6/5/88,1/1/99,Engineer
201033,Zorica,Gecsei,8/12/63,3/13/89,1/1/99,Staff
201035,Renny,Geffroy,6/30/62,4/12/98,1/1/99,Engineer
201037,Kerhong,Shimshoni,3/13/63,8/17/85,1/1/99,Staff
201042,Somnath,Mitchem,5/5/63,11/7/88,1/1/99,Senior Staff
201053,Gregory,Shokrollahi,8/1/63,10/16/88,1/1/99,Technique Leader
201061,Ronnie,Jiafu,8/16/62,8/31/94,1/1/99,Senior Staff
201064,Ger,Nations,5/19/64,5/16/91,1/1/99,Senior Engineer
201065,Zhonghua,Alencar,5/5/63,9/18/99,1/1/99,Engineer
201067,Weiwu,Maksimenko,10/7/64,8/23/93,1/1/99,Staff
201069,Xiadong,Pelz,12/29/62,6/14/89,1/1/99,Assistant Engineer
201072,George,Teitelbaum,8/27/64,3/3/96,1/1/99,Senior Staff
201078,Toshimitsu,Itzigehl,7/12/63,1/23/96,1/1/99,Engineer
201080,Jinya,Cannane,2/11/62,3/9/99,1/1/99,Assistant Engineer
201081,Suzette,Schlegelmilch,11/6/63,10/3/97,1/1/99,Engineer
201084,Weiru,McConalogue,8/7/64,6/7/89,1/1/99,Staff
201090,Susumu,Babu,3/11/62,8/21/99,1/1/99,Staff
201099,Xiaoheng,Schapire,8/31/63,11/29/87,1/1/99,Engineer
201107,Aleksandar,Garnier,12/8/64,10/5/92,1/1/99,Senior Staff
201112,Hercules,Hashii,7/19/62,11/16/85,1/1/99,Senior Engineer
201116,Kazuhisa,Nations,12/9/62,1/18/86,1/1/99,Senior Engineer
201117,Chenyi,Cronan,7/30/62,7/18/90,1/1/99,Senior Engineer
201143,Valeska,Cardazo,12/6/62,4/24/89,1/1/99,Senior Engineer
201144,Bokyung,Toyoshima,1/28/63,3/5/94,1/1/99,Senior Engineer
201146,TRUE,Wrigley,11/22/63,9/3/92,1/1/99,Senior Engineer
201159,Domenick,Deville,6/30/62,12/25/95,1/1/99,Staff
201164,Kannan,Erol,3/2/63,12/8/99,1/1/99,Staff
201166,Constantino,Alameldin,11/20/63,6/15/99,1/1/99,Engineer
201170,Lalit,Busillo,2/2/64,1/29/92,1/1/99,Senior Engineer
201185,Kien,Dayang,11/4/62,2/19/90,1/1/99,Technique Leader
201197,Yongmao,Eugenio,7/12/62,3/10/00,1/1/99,Engineer
201200,Marjo,Kuszyk,7/24/62,7/11/98,1/1/99,Staff
201206,Radhakrishnan,Luce,11/2/64,10/28/93,1/1/99,Staff
201207,Arie,Cronan,7/23/62,1/26/86,1/1/99,Senior Engineer
201211,Przemyslawa,Tchuente,3/3/63,7/1/95,1/1/99,Technique Leader
201216,Felicidad,Zeilberger,6/20/64,9/9/98,1/1/99,Staff
201218,Katsuo,Marrevee,3/6/64,9/27/96,1/1/99,Engineer
201223,Mayumi,Undy,11/7/63,10/25/90,1/1/99,Engineer
201229,Alejandra,Khasidashvili,1/3/65,7/30/94,1/1/99,Staff
201235,Ebbe,Seghrouchni,12/28/62,5/6/87,1/1/99,Senior Engineer
201239,Marek,Kalafatis,8/25/62,8/1/92,1/1/99,Senior Staff
201240,Francoise,Waymire,7/14/62,6/23/01,1/1/99,Staff
201247,Minghong,Luks,9/18/62,6/27/90,1/1/99,Senior Staff
201253,Toshimi,Siprelle,6/25/64,5/26/85,1/1/99,Senior Staff
201254,Menkae,Reinhard,10/20/62,9/11/92,1/1/99,Senior Engineer
201255,Amabile,Gaughan,8/7/63,8/1/93,1/1/99,Senior Engineer
201260,Fox,Garnham,5/6/62,7/16/95,1/1/99,Senior Staff
201262,Vincent,Garnham,7/7/63,6/29/85,1/1/99,Senior Staff
201263,Huiqun,Azulay,4/12/62,1/17/94,1/1/99,Senior Engineer
201267,Aiichiro,Kavraki,5/10/63,7/8/95,1/1/99,Senior Staff
201271,Huai,Lanphier,12/24/63,8/1/98,1/1/99,Senior Staff
201282,Yahiko,Savasere,8/15/63,4/13/89,1/1/99,Senior Staff
201292,Doohun,Noriega,1/8/62,10/6/98,1/1/99,Technique Leader
201296,Panayotis,Prenel,6/7/64,11/2/95,1/1/99,Technique Leader
201302,Leni,Choobineh,6/13/64,12/11/90,1/1/99,Engineer
201314,Hidefumi,Krichel,2/22/64,10/9/99,1/1/99,Engineer
201318,Richara,Senzako,11/14/62,1/13/89,1/1/99,Staff
201329,Vatsa,Birch,3/26/62,7/25/02,1/1/99,Senior Engineer
201330,Saeko,Schahn,5/10/62,6/14/94,1/1/99,Senior Engineer
201334,Lene,Acton,1/25/64,10/6/97,1/1/99,Staff
201335,Toshiki,Ozeki,2/15/62,8/28/88,1/1/99,Senior Staff
201347,Zsolt,Malinowski,12/27/62,3/3/98,1/1/99,Engineer
201350,Guozhong,Brickell,7/23/62,6/30/85,1/1/99,Senior Staff
201356,Xuedong,Assaf,6/26/64,5/20/88,1/1/99,Technique Leader
201365,Giap,Menyhert,9/17/62,4/14/95,1/1/99,Senior Staff
201373,Anwar,Duclos,10/9/63,11/28/98,1/1/99,Engineer
201375,Petter,Ginesta,7/31/63,8/17/87,1/1/99,Engineer
201382,Gererd,Schiper,10/4/64,11/11/87,1/1/99,Senior Staff
201386,Muneo,Penz,8/18/62,1/17/98,1/1/99,Senior Engineer
201391,Angus,Gargeya,4/5/63,2/28/96,1/1/99,Staff
201405,Halsur,Emmart,10/18/63,8/1/94,1/1/99,Senior Engineer
201407,Pranav,Anguita,6/29/64,3/31/87,1/1/99,Engineer
201409,Geoffrey,Guting,9/1/63,3/25/96,1/1/99,Engineer
201413,Zhensheng,Delgrange,7/7/63,8/8/89,1/1/99,Senior Engineer
201414,Martijn,Peng,12/19/62,7/4/96,1/1/99,Staff
201425,Lunjin,Bolsens,8/17/63,8/13/95,1/1/99,Staff
201431,Aleksandar,Stafford,11/30/62,2/15/98,1/1/99,Assistant Engineer
201443,Vishwani,Zaiane,7/25/64,6/27/89,1/1/99,Engineer
201445,Marie,Liesche,2/15/64,5/1/96,1/1/99,Technique Leader
201447,Gaurav,Pavlopoulou,2/20/62,4/23/97,1/1/99,Staff
201451,Leandro,Ladret,4/16/64,7/10/90,1/1/99,Senior Staff
201469,Boaz,Murtafg,10/28/63,4/24/88,1/1/99,Staff
201472,Hidde,Plessier,7/7/63,9/14/94,1/1/99,Engineer
201475,Gopalakrishnan,Polajnar,9/10/64,10/19/86,1/1/99,Engineer
201476,Isaac,Ariola,2/27/63,10/27/01,1/1/99,Staff
201484,Zongyan,Jayawardene,4/5/63,11/7/92,1/1/99,Senior Staff
201486,Fumitake,Heinisuo,12/18/62,8/28/85,1/1/99,Senior Engineer
201491,Cheong,Binding,10/31/62,4/24/96,1/1/99,Engineer
201493,Moni,Tchuente,8/29/62,6/22/94,1/1/99,Technique Leader
201500,Fumiko,Nitsche,4/13/63,9/27/96,1/1/99,Staff
201501,Mamdouh,Hatcliff,10/22/64,5/18/86,1/1/99,Engineer
201504,Christoph,Spieker,9/22/63,12/22/94,1/1/99,Technique Leader
201506,Martine,Noriega,4/21/63,7/31/93,1/1/99,Staff
201512,Danae,Macedo,4/16/62,9/27/88,1/1/99,Senior Engineer
201521,Vesna,Cooley,8/27/62,6/14/85,1/1/99,Senior Engineer
201534,Subhash,Petereit,12/30/64,11/6/86,1/1/99,Senior Engineer
201539,Jovan,Hutter,1/20/63,7/28/92,1/1/99,Senior Staff
201540,Wanqing,Grospietsch,4/4/64,3/13/95,1/1/99,Staff
201551,Shuho,Gihr,1/9/62,10/24/01,1/1/99,Engineer
201554,Mechthild,Kawashimo,1/23/62,3/14/88,1/1/99,Senior Staff
201555,Vasilis,Weiland,2/11/64,3/28/88,1/1/99,Engineer
201567,Dinkar,Olano,9/17/62,5/10/86,1/1/99,Senior Engineer
201569,Munenori,Nitto,4/4/64,2/10/94,1/1/99,Technique Leader
201570,Perla,Werthner,9/9/62,6/14/96,1/1/99,Engineer
201572,Akhilish,Piancastelli,9/25/62,5/13/88,1/1/99,Senior Engineer
201575,Valery,Lalonde,2/25/64,9/26/94,1/1/99,Engineer
201580,Freyja,Casley,6/4/62,12/5/99,1/1/99,Engineer
201593,Stein,Raczkowsky,3/27/63,8/29/90,1/1/99,Technique Leader
201604,Toshimo,Rando,12/25/63,7/16/97,1/1/99,Engineer
201606,Angus,Dulin,7/3/62,6/10/98,1/1/99,Senior Engineer
201615,Irene,Fontet,9/5/62,12/19/87,1/1/99,Engineer
201617,Tsutomu,Naudin,1/19/64,11/15/98,1/1/99,Senior Staff
201620,Aamod,Randi,9/28/64,12/13/97,1/1/99,Engineer
201623,Noritoshi,Krybus,8/19/64,8/9/99,1/1/99,Staff
201626,Guiseppe,Aloia,2/17/64,5/10/90,1/1/99,Staff
201627,Georgi,Calkin,7/8/63,9/14/99,1/1/99,Senior Engineer
201637,Kwangho,Tsunoo,1/8/64,2/20/97,1/1/99,Engineer
201644,Matk,Jansen,8/15/64,9/2/87,1/1/99,Senior Staff
201646,Dipayan,Serov,7/29/62,12/15/98,1/1/99,Staff
201656,Susanne,Pagter,12/11/64,2/5/94,1/1/99,Senior Staff
201660,Guozhong,Stellhorn,6/6/64,5/6/89,1/1/99,Engineer
201674,Kazuhiko,Muchinsky,8/19/64,4/12/92,1/1/99,Technique Leader
201677,Akeel,Kriebel,11/14/64,2/5/86,1/1/99,Engineer
201682,Shuichi,Kushner,2/16/62,2/25/92,1/1/99,Senior Staff
201689,Shay,Merey,8/15/63,9/15/99,1/1/99,Engineer
201702,Teruyuki,Doering,1/7/64,10/19/98,1/1/99,Staff
201704,Shuzo,Kolvik,4/29/64,3/24/95,1/1/99,Engineer
201705,Kasidit,Lieblein,6/4/62,3/7/93,1/1/99,Senior Staff
201706,Neven,Ullian,11/18/62,3/7/89,1/1/99,Staff
201708,Anneli,Perl,1/15/65,9/8/92,1/1/99,Staff
201709,Fan,Kakkad,1/1/65,2/25/88,1/1/99,Senior Staff
201716,Uwe,Fairtlough,10/26/62,7/5/85,1/1/99,Staff
201718,Oldrich,Suwa,2/9/63,5/28/85,1/1/99,Technique Leader
201726,Gila,Bonifati,12/14/64,8/31/97,1/1/99,Staff
201735,Jongsuk,Peroz,3/9/62,7/26/99,1/1/99,Staff
201737,Abdulla,Danley,7/20/63,6/9/91,1/1/99,Senior Staff
201739,Genta,Terekhov,1/16/65,7/21/98,1/1/99,Assistant Engineer
201740,Falguni,Tokunaga,3/25/63,7/10/02,1/1/99,Senior Engineer
201743,Hyuckchul,Cannard,2/12/64,7/12/99,1/1/99,Engineer
201744,Constantine,Encarnacion,12/28/63,7/23/86,1/1/99,Senior Staff
201754,Nikolaus,Munck,5/18/64,11/13/86,1/1/99,Senior Staff
201758,Chaoyi,Antonakopoulos,2/22/63,12/21/88,1/1/99,Senior Staff
201768,Aksel,Muhling,2/20/63,10/27/99,1/1/99,Assistant Engineer
201771,Fumitaka,Gammage,12/24/62,4/5/90,1/1/99,Engineer
201772,Guenter,Hatcliff,4/8/62,11/26/99,1/1/99,Staff
201781,Toong,Kaiserswerth,12/12/63,1/29/98,1/1/99,Assistant Engineer
201783,Margareta,Petersohn,11/2/64,5/18/87,1/1/99,Senior Engineer
201786,Franziska,Marrevee,6/10/64,12/31/87,1/1/99,Senior Engineer
201787,Gilbert,Mayerwieser,7/19/62,3/18/98,1/1/99,Assistant Engineer
201788,Eishiro,Garigliano,1/12/64,8/17/86,1/1/99,Technique Leader
201792,Shmuel,Sudkamp,4/5/64,5/13/90,1/1/99,Engineer
201798,Matt,Benner,6/14/63,3/20/98,1/1/99,Senior Staff
201801,Waiman,Genin,1/12/65,10/30/88,1/1/99,Senior Engineer
201806,Fay,Genin,11/18/63,5/10/97,1/1/99,Senior Staff
201808,Elvia,Jenevein,1/14/64,4/4/90,1/1/99,Senior Staff
201812,Mong,Tzvieli,6/19/64,2/8/90,1/1/99,Senior Engineer
201825,Bojan,Weisert,1/25/63,3/4/96,1/1/99,Staff
201827,Halsur,Morrey,6/24/64,7/22/88,1/1/99,Engineer
201828,King,Foong,10/24/63,4/2/93,1/1/99,Engineer
201832,Annemarie,Sgarro,5/15/62,5/2/91,1/1/99,Engineer
201843,Lidong,Barreiro,1/26/62,12/4/88,1/1/99,Staff
201844,Perry,Gente,6/9/64,12/24/01,1/1/99,Staff
201847,Giap,Iwayama,10/27/63,6/23/87,1/1/99,Senior Staff
201849,Shakhar,Lyonns,10/13/62,11/30/97,1/1/99,Senior Engineer
201850,Hatsukazu,Tsunoo,11/29/64,2/17/94,1/1/99,Engineer
201855,Venkatesan,Bondorf,4/18/63,3/31/86,1/1/99,Engineer
201856,Shem,Ginesta,11/14/64,6/13/87,1/1/99,Senior Staff
201858,Naftaly,Cyre,6/24/62,5/17/92,1/1/99,Senior Staff
201865,Barry,Karcich,4/11/63,7/1/90,1/1/99,Senior Staff
201868,Berhard,Nannarelli,11/27/64,4/3/87,1/1/99,Senior Engineer
201873,Gad,Auria,4/9/64,2/1/92,1/1/99,Senior Staff
201876,Vishwani,Madeira,11/27/64,7/3/94,1/1/99,Senior Staff
201882,Toshimo,Kaiser,1/30/64,3/20/86,1/1/99,Engineer
201883,Nechama,Gelosh,3/21/62,6/16/88,1/1/99,Senior Staff
201893,Arif,Menhardt,9/1/62,12/30/99,1/1/99,Senior Staff
201894,Van,Francisci,3/18/64,1/21/96,1/1/99,Engineer
201899,Kristin,Lamma,4/24/62,3/17/87,1/1/99,Engineer
201902,Bilhanan,Gronowski,7/19/63,5/24/94,1/1/99,Senior Engineer
201905,Vincent,Setia,6/3/62,3/1/92,1/1/99,Staff
201906,Marke,Vadhan,5/22/64,8/11/91,1/1/99,Staff
201912,Mahendra,Chachaty,1/28/64,1/23/93,1/1/99,Senior Engineer
201915,Sudharsan,DeMori,1/2/65,3/30/92,1/1/99,Senior Engineer
201919,Takahiro,Denis,4/9/63,10/7/91,1/1/99,Staff
201928,Vincent,Suppi,7/29/62,5/29/87,1/1/99,Senior Staff
201935,Kersti,Falck,5/24/63,3/29/86,1/1/99,Technique Leader
201946,Danco,Peek,7/27/62,10/30/95,1/1/99,Assistant Engineer
201954,Kwangho,Kranzdorf,4/8/64,11/12/87,1/1/99,Engineer
201962,Kazuhiro,Chimia,12/21/64,10/8/91,1/1/99,Senior Staff
201966,Ferdinand,Taubenfeld,10/8/62,6/7/98,1/1/99,Senior Staff
201968,Marsha,Birdsall,3/17/64,9/14/87,1/1/99,Senior Staff
201972,Erzsebet,Heydon,9/2/64,12/5/93,1/1/99,Senior Staff
201982,Mohd,Klerer,12/26/63,9/12/91,1/1/99,Senior Engineer
201986,Bezalel,Gubsky,9/14/63,5/18/87,1/1/99,Senior Staff
201991,Kensyu,Kaltofen,7/17/64,11/13/85,1/1/99,Engineer
201995,Hauke,Peternell,8/6/63,5/11/95,1/1/99,Engineer
202007,Alejandro,Heuser,7/14/64,4/25/98,1/1/99,Staff
202008,Shuky,Furudate,3/2/64,7/1/97,1/1/99,Staff
202010,Breannda,Gyimothy,6/29/63,11/27/99,1/1/99,Staff
202015,Alain,VanScheik,8/11/62,11/17/99,1/1/99,Engineer
202017,Shahab,Coorg,4/27/62,9/3/94,1/1/99,Senior Staff
202022,Serap,Granlund,8/19/62,11/6/87,1/1/99,Senior Engineer
202032,Caolyn,Krohm,2/10/63,11/8/90,1/1/99,Engineer
202034,Nikolaus,Sudbeck,3/29/64,12/10/90,1/1/99,Senior Staff
202045,Perry,Bahl,1/18/64,10/11/85,1/1/99,Senior Staff
202055,Kaijung,Menhardt,3/17/63,5/23/90,1/1/99,Staff
202058,Masato,Pleszkun,8/30/62,8/22/01,1/1/99,Senior Engineer
202065,Kristof,Falster,7/1/62,5/31/87,1/1/99,Senior Engineer
202077,Sachio,Bahr,5/31/62,12/26/01,1/1/99,Staff
202082,Akhilish,Jonsson,2/22/62,12/13/93,1/1/99,Senior Staff
202087,Martins,Mahmud,5/11/62,7/24/92,1/1/99,Senior Engineer
202089,Sorina,Gihr,8/9/62,3/16/95,1/1/99,Senior Engineer
202090,Arif,Berendt,2/23/64,10/15/89,1/1/99,Senior Engineer
202101,Takanari,Porenta,1/16/63,1/15/92,1/1/99,Technique Leader
202104,Emdad,Biran,10/15/63,5/9/97,1/1/99,Staff
202106,Saeed,Morton,1/26/62,12/12/93,1/1/99,Senior Engineer
202108,Masoud,Terwilliger,5/25/63,6/29/94,1/1/99,Senior Engineer
202112,Yifei,Kropp,2/12/64,2/13/87,1/1/99,Staff
202114,Bilhanan,Eickenmeyer,5/13/63,10/8/91,1/1/99,Senior Staff
202115,Selwyn,Bellone,7/1/63,7/10/96,1/1/99,Senior Engineer
202118,Waiman,Doering,6/20/64,10/26/90,1/1/99,Engineer
202125,Udi,Raczkowsky,3/8/64,6/30/99,1/1/99,Technique Leader
202132,Huei,Gewali,12/31/62,7/3/86,1/1/99,Senior Staff
202135,Duangkaew,Kaelbling,11/17/62,8/21/88,1/1/99,Senior Staff
202157,Aksel,Schiper,9/23/64,8/8/88,1/1/99,Engineer
202164,Constantijn,Peir,3/23/63,9/17/89,1/1/99,Senior Engineer
202172,Mabry,Manderick,5/13/63,5/14/88,1/1/99,Assistant Engineer
202177,Yoshimitsu,Asser,12/17/64,5/8/93,1/1/99,Senior Staff
202196,Sergi,Kaelbling,7/31/62,11/4/99,1/1/99,Staff
202201,Yoshinari,Narwekar,1/27/62,3/15/95,1/1/99,Senior Engineer
202203,Marie,Kleiser,1/27/64,3/24/89,1/1/99,Senior Engineer
202207,Masamitsu,Rajcani,8/15/63,12/26/95,1/1/99,Engineer
202221,Shridhar,Mattern,1/11/64,4/18/98,1/1/99,Senior Staff
202225,Adhemar,Haraldson,6/14/64,2/1/97,1/1/99,Senior Staff
202228,Margo,Schicker,6/24/62,10/24/85,1/1/99,Engineer
202229,Tianruo,Berendt,9/5/63,9/14/89,1/1/99,Engineer
202231,Arco,Rande,4/6/64,2/18/96,1/1/99,Senior Engineer
202238,Baoqiu,Tetzlaff,12/14/64,7/26/85,1/1/99,Senior Engineer
202247,Toshimitsu,Rothe,11/13/64,1/5/94,1/1/99,Senior Staff
202256,Sangeeta,Waymire,7/6/63,8/12/88,1/1/99,Senior Staff
202262,Valdiodio,Lowrie,9/24/63,2/14/96,1/1/99,Staff
202286,Berhard,Deyuan,10/2/64,6/2/86,1/1/99,Technique Leader
202290,Kazuhisa,Wroclawski,6/7/64,11/20/88,1/1/99,Engineer
202291,Ortrun,Schmiedel,1/16/65,7/18/97,1/1/99,Engineer
202302,Luigi,Nishimukai,4/13/62,8/4/87,1/1/99,Engineer
202312,Paraskevi,Bruckman,11/8/63,9/19/95,1/1/99,Engineer
202313,Amalendu,Haldar,8/11/62,5/6/99,1/1/99,Engineer
202317,Xiaoheng,Bain,2/9/64,3/4/94,1/1/99,Senior Staff
202319,Vatsa,Zyda,5/6/62,10/6/96,1/1/99,Senior Staff
202322,Yefim,Rebaine,3/21/63,8/30/89,1/1/99,Senior Engineer
202323,Reuven,Khalid,2/4/63,10/11/92,1/1/99,Staff
202325,Yuqun,Gils,6/23/64,7/14/87,1/1/99,Senior Engineer
202334,Rafols,Bharadwaj,3/15/62,1/15/00,1/1/99,Engineer
202338,Piyawadee,Bahr,12/29/64,2/6/88,1/1/99,Senior Staff
202340,Nectarios,Kumaresan,1/17/62,1/28/88,1/1/99,Staff
202344,Shigeu,Rosis,11/28/63,8/13/98,1/1/99,Staff
202345,Kish,Yeung,11/9/63,10/24/88,1/1/99,Engineer
202349,Takahiro,Alpay,2/15/64,9/13/85,1/1/99,Staff
202350,Maria,Spieker,3/1/64,12/21/86,1/1/99,Senior Engineer
202352,Aloys,Nannarelli,8/24/63,6/8/86,1/1/99,Senior Engineer
202363,Nikolaos,Lyonns,2/3/62,6/11/87,1/1/99,Senior Engineer
202380,Gian,Etalle,10/6/64,7/10/96,1/1/99,Engineer
202390,Mikhail,Bain,8/22/63,1/22/96,1/1/99,Staff
202394,Serenella,Denos,12/26/62,1/10/92,1/1/99,Senior Staff
202399,Mabhin,Percebois,4/17/63,4/19/92,1/1/99,Senior Staff
202402,Tokuyasu,Kamble,10/1/64,8/6/98,1/1/99,Engineer
202403,Gully,Perko,1/9/65,7/7/99,1/1/99,Engineer
202410,Lalit,Choobineh,11/1/64,12/14/86,1/1/99,Senior Staff
202414,Zvonko,Murthy,1/13/65,1/7/92,1/1/99,Senior Staff
202421,Ennio,Highland,10/23/62,8/2/94,1/1/99,Senior Staff
202428,Gadiel,Steinauer,6/1/62,1/12/89,1/1/99,Senior Staff
202443,Hatim,Driscoll,3/16/63,12/16/86,1/1/99,Senior Staff
202445,Ramya,Fritzsche,1/15/62,8/29/98,1/1/99,Senior Engineer
202451,Younwoo,Muchinsky,10/19/63,11/26/90,1/1/99,Engineer
202459,Gonzalo,Selenyi,6/7/62,9/10/85,1/1/99,Engineer
202467,Sachem,Loncour,3/28/63,4/20/89,1/1/99,Senior Engineer
202469,Siamak,Schaad,7/31/63,6/21/88,1/1/99,Staff
202474,Xiahua,Bugrara,3/4/63,10/21/94,1/1/99,Engineer
202476,Herbert,Chiodo,8/9/63,11/3/95,1/1/99,Engineer
202486,Carrsten,Auria,3/15/64,8/13/95,1/1/99,Senior Engineer
202487,Ult,Krzyzanowski,4/11/64,9/14/98,1/1/99,Assistant Engineer
202493,Iara,Gornas,11/18/63,3/26/96,1/1/99,Staff
202501,Sajjad,Chinin,7/22/62,12/21/99,1/1/99,Staff
202525,Miyeon,Danley,2/14/62,12/25/96,1/1/99,Senior Engineer
202530,Alenka,Lyonns,10/3/62,12/27/88,1/1/99,Engineer
202537,Giao,Silva,1/13/63,11/28/86,1/1/99,Senior Engineer
202544,Shay,Stifter,8/31/64,3/10/96,1/1/99,Senior Engineer
202547,Patricio,Alpin,10/12/62,11/20/01,1/1/99,Staff
202552,Morris,Saoudi,1/5/65,11/22/91,1/1/99,Senior Engineer
202557,Kwangjo,Sudkamp,1/3/63,5/24/92,1/1/99,Staff
202564,Udaiprakash,Narahari,1/6/63,12/16/92,1/1/99,Engineer
202576,Hatsukazu,Murtha,5/10/62,3/29/94,1/1/99,Senior Staff
202589,Miyeon,Roccetti,5/31/62,9/7/97,1/1/99,Staff
202595,Quingbo,Masamoto,12/24/63,12/15/88,1/1/99,Senior Engineer
202615,Chikara,Papsdorf,6/10/64,4/28/92,1/1/99,Senior Engineer
202619,Takahiro,Bahk,3/6/64,1/24/96,1/1/99,Senior Engineer
202629,Wayne,Radwan,12/29/62,5/5/91,1/1/99,Senior Staff
202631,Tayeb,Cannane,5/14/62,10/12/98,1/1/99,Staff
202634,Takushi,Restivo,6/9/63,12/22/98,1/1/99,Staff
202636,Francesca,Azumi,7/4/64,8/30/97,1/1/99,Senior Staff
202674,Uli,Plesums,4/26/64,10/10/96,1/1/99,Engineer
202680,Izaskun,Kohling,1/10/64,5/18/89,1/1/99,Senior Staff
202683,Hongzue,Marwedel,6/4/64,3/20/97,1/1/99,Engineer
202695,Geoffry,Dredge,4/22/63,7/7/88,1/1/99,Senior Staff
202697,Marsal,Falster,9/19/62,9/26/93,1/1/99,Engineer
202702,Neven,Covnot,9/1/63,6/20/87,1/1/99,Senior Engineer
202704,Jaewon,Ebeling,7/10/63,8/23/93,1/1/99,Engineer
202708,Kousuke,Motley,4/2/63,8/5/01,1/1/99,Staff
202709,Gay,Anguita,5/16/64,5/13/99,1/1/99,Staff
202719,Tesuro,Bernick,4/8/64,4/17/93,1/1/99,Engineer
202728,Jiann,Dalphin,7/23/64,5/15/98,1/1/99,Senior Staff
202732,Kenton,Yeung,1/25/64,5/29/92,1/1/99,Senior Engineer
202735,Munehiko,Schauser,4/22/63,9/2/89,1/1/99,Staff
202739,Rasiah,Montresor,2/28/62,4/30/90,1/1/99,Senior Engineer
202743,Danel,Businaro,2/24/63,10/2/92,1/1/99,Senior Engineer
202748,Gen,Alvarado,6/24/64,12/20/91,1/1/99,Engineer
202753,Aimee,Marwedel,11/20/64,6/4/94,1/1/99,Senior Staff
202760,Atreye,Besselaar,4/16/63,2/23/86,1/1/99,Senior Staff
202766,Sasan,Ranst,10/11/62,12/2/90,1/1/99,Staff
202775,Divine,Sadowsky,7/24/62,1/25/89,1/1/99,Staff
202778,Valeri,Masamoto,12/15/63,11/14/88,1/1/99,Engineer
202782,Etsuo,Birnbaum,9/17/62,9/11/97,1/1/99,Engineer
202786,Fayez,Kitai,9/25/62,9/1/86,1/1/99,Senior Staff
202793,Venkatesan,Birke,12/26/62,12/28/93,1/1/99,Senior Staff
202805,Jordanka,Morrow,3/27/63,9/16/95,1/1/99,Senior Engineer
202807,Georgy,Rousseau,8/27/62,9/3/85,1/1/99,Senior Staff
202818,Turgut,Streit,5/19/62,10/18/94,1/1/99,Senior Engineer
202820,Martins,Peternell,1/24/62,1/5/00,1/1/99,Staff
202821,Etsuo,Nanard,10/19/64,10/23/99,1/1/99,Staff
202822,Marl,Perry,6/9/62,1/17/99,1/1/99,Engineer
202826,Kerhong,Matzke,1/19/65,11/14/86,1/1/99,Senior Engineer
202829,Nevin,Jiafu,5/20/63,7/18/94,1/1/99,Staff
202831,Mitchel,Ladret,12/17/62,10/16/96,1/1/99,Engineer
202838,Mack,Tyugu,4/4/63,1/1/00,1/1/99,Senior Staff
202841,Alain,DasSarma,11/22/63,9/13/95,1/1/99,Senior Engineer
202842,Nalini,Wiegley,10/16/63,10/18/90,1/1/99,Senior Staff
202846,Subhash,Middleton,3/19/63,5/17/99,1/1/99,Staff
202849,Mack,Szemeredi,2/20/62,12/20/89,1/1/99,Engineer
202859,Quingbo,Uchoa,2/23/64,4/30/85,1/1/99,Staff
202860,Radhakrishnan,Kieras,5/24/63,8/6/94,1/1/99,Engineer
202861,TRUE,Gini,2/27/64,11/27/89,1/1/99,Staff
202869,Ishfaq,Randt,6/9/62,9/10/97,1/1/99,Technique Leader
202872,Van,Verspoor,6/27/62,2/1/92,1/1/99,Senior Engineer
202877,Rafols,Nitta,4/15/63,12/19/89,1/1/99,Senior Staff
202880,Morris,Kambil,6/28/62,3/20/98,1/1/99,Engineer
202882,Isaac,Koshino,1/25/65,9/28/95,1/1/99,Senior Engineer
202889,Heather,Perz,8/18/62,12/30/87,1/1/99,Senior Staff
202901,Ortrun,Ananiadou,5/6/63,12/12/85,1/1/99,Engineer
202908,Constantine,Munck,3/8/62,3/22/86,1/1/99,Staff
202916,Jeane,Lammel,2/2/64,11/12/86,1/1/99,Senior Staff
202926,Gao,Khalil,6/16/64,12/27/94,1/1/99,Senior Staff
202930,Yurij,Eugenio,1/22/62,1/7/92,1/1/99,Engineer
202938,Krister,Haraldson,12/5/64,8/26/00,1/1/99,Engineer
202940,Van,Polajnar,5/13/64,9/15/86,1/1/99,Senior Engineer
202946,Stella,Orlowski,3/2/63,4/8/85,1/1/99,Senior Engineer
202950,Giordano,Pietrzykowski,1/17/65,3/26/87,1/1/99,Senior Staff
202961,Constantine,Baaz,10/20/62,5/12/95,1/1/99,Engineer
202962,Marit,Georgatos,1/18/62,8/4/96,1/1/99,Engineer
202970,Owen,Paludetto,3/21/64,11/27/97,1/1/99,Staff
202983,Kenroku,Cappello,1/31/63,6/23/96,1/1/99,Senior Engineer
203004,Elliott,Pettis,4/1/64,7/3/86,1/1/99,Senior Staff
203017,Berni,Stamatiou,2/12/62,6/23/88,1/1/99,Senior Engineer
203018,Shrikanth,Zeilberger,4/16/62,10/8/99,1/1/99,Assistant Engineer
203025,Yuichiro,Scallan,7/4/62,3/3/96,1/1/99,Engineer
203031,Huiqun,Anguita,6/30/64,2/21/88,1/1/99,Senior Engineer
203034,Ramzi,Nations,3/27/62,7/23/99,1/1/99,Staff
203042,Rildo,Waeselynck,10/6/63,5/19/90,1/1/99,Senior Engineer
203061,TRUE,Marakhovsky,4/9/63,7/19/95,1/1/99,Staff
203062,Eldridge,Zykh,5/31/64,11/9/96,1/1/99,Engineer
203067,Breannda,Bernick,9/5/62,6/12/96,1/1/99,Engineer
203070,Duri,Thisen,10/24/62,12/28/87,1/1/99,Engineer
203077,Kensyu,Stentiford,7/6/63,4/9/87,1/1/99,Staff
203093,Eric,Zielinski,6/21/64,5/5/91,1/1/99,Engineer
203098,Luisa,Fandrianto,12/21/64,4/25/91,1/1/99,Engineer
203112,Mohamadou,Lindenbaum,6/21/62,2/20/87,1/1/99,Staff
203120,Conrado,Angel,11/1/63,2/28/95,1/1/99,Engineer
203128,Guozhong,Domenig,7/4/64,3/1/02,1/1/99,Senior Staff
203133,Candida,Speer,3/6/62,1/25/98,1/1/99,Assistant Engineer
203140,Abdelaziz,Radivojevic,12/18/63,6/17/98,1/1/99,Assistant Engineer
203146,Sadok,Steinauer,9/26/62,5/22/95,1/1/99,Engineer
203157,Ung,Moffat,6/2/63,8/25/91,1/1/99,Staff
203162,Shigeichiro,Rodham,1/28/62,2/9/94,1/1/99,Staff
203164,Alagu,Rikino,10/31/63,10/21/92,1/1/99,Senior Staff
203165,Guozhong,Alvarado,10/3/64,11/16/86,1/1/99,Senior Engineer
203170,Piyawadee,Sundgren,7/28/62,5/2/96,1/1/99,Engineer
203174,Bogdan,Rajcani,11/7/63,1/23/98,1/1/99,Senior Staff
203175,Turgut,Simmel,12/12/64,7/2/96,1/1/99,Senior Engineer
203176,Trygve,Laventhal,11/9/62,1/12/96,1/1/99,Staff
203179,Hongzue,Mandell,6/7/64,6/23/89,1/1/99,Staff
203182,Katsuo,Ranft,10/19/62,5/13/92,1/1/99,Engineer
203183,Udo,Brattka,7/23/62,3/9/89,1/1/99,Staff
203184,Angus,Linnainmaa,11/20/63,1/30/92,1/1/99,Staff
203200,Kristin,Lovengreen,6/21/62,11/9/94,1/1/99,Staff
203201,Sudharsan,Christ,4/23/64,12/5/98,1/1/99,Staff
203204,Wayne,Kusakabe,9/27/63,12/8/91,1/1/99,Staff
203206,Kshitij,Zolotykh,7/16/62,10/30/98,1/1/99,Staff
203208,Collette,Birjandi,12/30/64,10/19/93,1/1/99,Senior Staff
203209,Nectarios,Melski,6/1/62,3/5/92,1/1/99,Staff
203215,Nechama,Perelgut,8/15/62,4/26/96,1/1/99,Senior Engineer
203220,Moon,Tomescu,7/30/63,10/12/98,1/1/99,Senior Engineer
203221,Manibrata,Awdeh,10/12/62,8/27/95,1/1/99,Senior Engineer
203225,Bangqing,Porotnikoff,8/13/64,11/23/87,1/1/99,Senior Engineer
203230,Bikash,Mitsuhashi,8/26/62,8/5/92,1/1/99,Senior Staff
203232,Toshimitsu,Geffroy,8/15/63,5/3/97,1/1/99,Senior Engineer
203245,Leaf,Magalhaes,9/2/62,10/8/94,1/1/99,Engineer
203253,Paris,Akaboshi,8/23/63,4/7/86,1/1/99,Engineer
203261,Khun,Demian,12/25/64,7/12/93,1/1/99,Engineer
203264,Ingemar,Conde,3/17/64,12/22/92,1/1/99,Assistant Engineer
203270,Gina,Penz,2/17/62,11/10/99,1/1/99,Engineer
203278,Saeko,Rusterholz,12/25/62,5/10/97,1/1/99,Engineer
203282,Wayne,Streit,2/28/62,7/31/89,1/1/99,Senior Engineer
203283,Shakhar,Kawashimo,12/7/64,5/13/87,1/1/99,Engineer
203284,Ult,Flexer,12/27/62,4/2/88,1/1/99,Senior Staff
203300,Gonzalo,Heering,12/2/62,9/16/99,1/1/99,Assistant Engineer
203301,Alassane,Schauser,4/10/62,5/31/94,1/1/99,Senior Staff
203304,Chuanti,Swiss,1/31/62,9/3/89,1/1/99,Engineer
203310,Mingzeng,Katzenelson,7/7/64,12/4/88,1/1/99,Staff
203311,Niclas,Shrader,5/29/63,3/6/85,1/1/99,Senior Engineer
203313,Bedir,Shobatake,7/29/64,5/21/98,1/1/99,Staff
203314,Hironobu,Montresor,9/21/63,7/16/86,1/1/99,Senior Staff
203320,Prodip,Yoshizawa,4/15/63,11/26/93,1/1/99,Assistant Engineer
203325,Chaitali,Jansch,8/17/62,12/23/88,1/1/99,Senior Engineer
203338,Lubomir,Bade,10/4/63,3/7/95,1/1/99,Senior Engineer
203340,Xiaopeng,Steenbeek,9/29/62,10/23/85,1/1/99,Senior Engineer
203341,Morris,Plesums,11/28/62,3/10/91,1/1/99,Senior Engineer
203344,Berto,Shackell,12/22/62,2/24/88,1/1/99,Senior Engineer
203354,Holgard,Veeraraghavan,4/30/64,10/13/95,1/1/99,Senior Engineer
203357,Vasiliy,Ulupinar,11/4/62,8/16/95,1/1/99,Engineer
203362,Sanjeeva,Barinka,5/8/64,2/22/87,1/1/99,Senior Staff
203365,Srinidhi,Terekhov,6/5/64,12/4/98,1/1/99,Staff
203366,Kensei,Liesche,10/24/63,9/2/95,1/1/99,Senior Staff
203367,Amabile,Demian,12/21/63,2/17/99,1/1/99,Senior Engineer
203379,Arch,Heinisuo,10/9/64,10/8/89,1/1/99,Senior Engineer
203381,Danny,Kandlur,7/17/63,12/31/89,1/1/99,Senior Engineer
203393,Remzi,Ritzmann,1/3/64,9/23/94,1/1/99,Senior Staff
203394,Yannik,Rossi,4/9/62,8/11/91,1/1/99,Engineer
203399,Wilmer,Whittlesey,4/30/62,11/1/86,1/1/99,Senior Engineer
203400,Kerhong,Bashian,1/13/64,8/5/89,1/1/99,Senior Staff
203404,Khue,Sinicrope,10/22/62,3/15/87,1/1/99,Engineer
203407,Yucel,Pluym,2/5/64,5/10/98,1/1/99,Staff
203412,Mihalis,Dahlbom,4/13/63,11/11/91,1/1/99,Engineer
203428,Phule,Arlazarov,6/25/62,3/26/99,1/1/99,Senior Engineer
203437,Aemilian,Vesel,6/8/62,4/24/95,1/1/99,Senior Staff
203442,Foong,Gammage,2/19/63,12/28/94,1/1/99,Staff
203443,Elliott,Wixon,7/25/63,11/4/93,1/1/99,Engineer
203449,Moty,Wynblatt,1/7/62,6/21/94,1/1/99,Senior Staff
203450,Wayne,Henders,5/1/62,12/21/95,1/1/99,Staff
203472,Arunas,Nyanchama,3/25/62,11/18/90,1/1/99,Engineer
203474,Hugh,Jonsson,1/3/65,7/6/91,1/1/99,Staff
203479,Kiyomitsu,Selenyi,4/10/62,3/18/95,1/1/99,Technique Leader
203482,Adamantios,Munawer,7/5/62,4/22/98,1/1/99,Senior Staff
203487,Paris,Rabehasaina,7/30/62,2/27/95,1/1/99,Engineer
203495,Zongyan,Gips,1/2/65,5/31/97,1/1/99,Technique Leader
203500,Itzchak,Waleschkowski,6/15/62,8/26/87,1/1/99,Senior Engineer
203502,Changho,Willoner,9/29/64,6/4/98,1/1/99,Senior Staff
203507,Shem,Bratten,10/14/64,3/9/02,1/1/99,Engineer
203511,Sandeepan,Brookner,2/27/63,10/9/88,1/1/99,Senior Staff
203512,Surveyors,Homond,2/23/62,5/20/92,1/1/99,Senior Staff
203515,Otmar,Wixon,10/16/62,3/12/90,1/1/99,Staff
203527,Vivian,Hitomi,6/11/64,4/27/92,1/1/99,Assistant Engineer
203528,Prodip,Birge,11/10/62,2/17/96,1/1/99,Senior Engineer
203537,Remmert,Tsukune,7/16/62,7/9/87,1/1/99,Senior Staff
203540,Eldridge,Heemskerk,10/22/62,1/8/97,1/1/99,Technique Leader
203543,Khosrow,Muniz,5/12/62,3/27/94,1/1/99,Staff
203544,Aemilian,Lienhardt,9/25/64,10/28/90,1/1/99,Staff
203548,Abdelaziz,Baar,9/9/62,7/6/94,1/1/99,Engineer
203556,Xiong,Babb,7/19/62,9/7/93,1/1/99,Senior Engineer
203558,Shaibal,Herath,6/27/64,5/10/87,1/1/99,Senior Engineer
203563,Ugo,Dehkordi,2/28/63,2/12/88,1/1/99,Staff
203565,Manibrata,Jenevein,5/18/64,11/13/89,1/1/99,Senior Engineer
203568,Roded,Porenta,2/19/62,10/7/99,1/1/99,Senior Staff
203574,Aleksander,Biron,8/21/63,9/7/95,1/1/99,Staff
203580,Soenke,Verhaegen,4/23/62,5/14/87,1/1/99,Senior Staff
203582,Elzbieta,Remmers,3/22/63,6/1/94,1/1/99,Senior Staff
203583,Domenico,Pargaonkar,10/12/64,9/10/93,1/1/99,Assistant Engineer
203597,Mona,Lagarias,9/25/63,4/25/93,1/1/99,Staff
203599,Ewing,DiGiano,1/21/65,2/1/00,1/1/99,Technique Leader
203611,Zongyan,Herber,9/19/63,12/15/87,1/1/99,Staff
203622,Ottavia,Birdsall,4/11/64,10/13/90,1/1/99,Staff
203623,Noritoshi,Quaggetto,7/4/64,5/11/99,1/1/99,Engineer
203629,Kristen,Kornatzky,1/13/62,11/16/93,1/1/99,Staff
203635,Mohan,Shobatake,12/28/64,2/17/95,1/1/99,Senior Staff
203636,Gila,Qiwen,9/1/62,6/2/97,1/1/99,Engineer
203637,Yonghong,Murtagh,6/13/62,2/26/85,1/1/99,Senior Staff
203640,Samphel,Demri,10/18/62,1/2/95,1/1/99,Staff
203641,Mingdong,Gaughan,7/31/63,1/18/00,1/1/99,Engineer
203642,Ayonca,Schiettecatte,9/6/63,12/25/94,1/1/99,Senior Staff
203643,Yishai,Mayerwieser,12/23/62,4/10/94,1/1/99,Senior Staff
203647,Aruna,Kleiser,12/11/63,7/8/00,1/1/99,Engineer
203649,Ranga,Garnier,2/10/62,1/27/88,1/1/99,Staff
203651,King,Gomatam,2/10/64,9/4/91,1/1/99,Technique Leader
203655,Harngdar,Chachaty,7/10/64,8/23/93,1/1/99,Engineer
203662,Kazuhiko,Conry,2/20/63,11/22/87,1/1/99,Engineer
203663,Phuoc,Flowers,3/21/62,7/9/86,1/1/99,Senior Staff
203665,Kiyotoshi,Nanard,4/14/62,9/28/91,1/1/99,Staff
203668,Zissis,Verspoor,4/27/63,7/8/93,1/1/99,Senior Staff
203671,Ennio,Gladwell,8/6/64,7/9/96,1/1/99,Staff
203675,Ortrud,Serdy,5/21/64,11/23/90,1/1/99,Engineer
203677,Tayeb,Mandell,3/20/63,3/7/86,1/1/99,Engineer
203679,Leif,Chaudhuri,9/25/63,3/30/89,1/1/99,Engineer
203703,Gift,Decleir,7/26/64,2/7/86,1/1/99,Engineer
203712,Kasturi,Ravishankar,7/1/62,1/1/01,1/1/99,Assistant Engineer
203717,Tetsurou,Frolund,12/30/62,8/12/90,1/1/99,Staff
203718,Poorav,Radivojevic,6/14/63,1/1/98,1/1/99,Senior Engineer
203720,Sasan,Thimonier,1/30/65,8/21/96,1/1/99,Senior Staff
203725,Kwangjo,Rusterholz,6/1/62,1/18/95,1/1/99,Senior Engineer
203729,Anneli,Falby,8/18/62,7/2/97,1/1/99,Staff
203730,Lunjin,Seghrouchni,3/31/62,10/14/86,1/1/99,Staff
203737,Janalee,Shumilov,2/19/62,8/15/86,1/1/99,Senior Staff
203738,Mikhail,Peot,10/10/64,10/15/88,1/1/99,Senior Staff
203742,Vishv,Poehlman,6/4/62,9/23/89,1/1/99,Senior Staff
203743,Mohan,Fiutem,12/2/64,1/30/92,1/1/99,Senior Staff
203744,Odinaldo,Vanwelkenhuysen,1/29/62,10/15/99,1/1/99,Staff
203747,Lijie,Rebaine,5/4/63,8/12/95,1/1/99,Senior Engineer
203755,Manton,Siprelle,12/23/64,4/1/91,1/1/99,Staff
203756,Seongbae,Ashish,2/15/62,9/14/99,1/1/99,Staff
203757,Licheng,Perin,11/15/62,4/28/99,1/1/99,Engineer
203761,Uinam,Eppinger,4/15/63,8/14/99,1/1/99,Senior Engineer
203762,Berto,Luga,11/11/63,4/4/87,1/1/99,Senior Staff
203763,Remzi,Nitta,5/12/62,11/7/87,1/1/99,Staff
203767,Heping,Unno,11/7/63,5/23/88,1/1/99,Engineer
203779,Rutger,Kavanagh,8/22/62,12/26/94,1/1/99,Senior Staff
203781,Cordelia,Matzat,1/8/63,11/29/89,1/1/99,Technique Leader
203786,Kendra,Ratnaker,12/28/64,6/9/87,1/1/99,Engineer
203788,Rosli,Randt,2/25/64,3/30/95,1/1/99,Senior Staff
203793,Persi,Zykh,10/12/62,3/2/95,1/1/99,Staff
203803,Fumiyo,Hambrick,6/18/63,12/25/99,1/1/99,Engineer
203806,Tianruo,Encarnacion,9/14/62,10/7/95,1/1/99,Senior Engineer
203811,Xiong,Beutelspacher,12/20/64,9/13/97,1/1/99,Engineer
203820,Syozo,Holburn,9/29/64,12/29/85,1/1/99,Senior Engineer
203830,Gila,Capobianchi,6/7/64,5/3/98,1/1/99,Engineer
203845,Maria,Ohori,1/7/63,8/11/85,1/1/99,Staff
203846,Wuxu,Crabtree,3/11/63,11/17/96,1/1/99,Technique Leader
203850,Boguslaw,Millington,8/17/62,1/6/89,1/1/99,Senior Staff
203852,Sumant,Markovitch,5/28/64,5/6/88,1/1/99,Technique Leader
203855,Aimee,Laurillard,6/7/64,10/29/88,1/1/99,Senior Engineer
203858,Fai,Speer,2/22/62,2/9/93,1/1/99,Senior Staff
203864,Przemyslawa,Haraldson,6/16/64,6/18/91,1/1/99,Senior Engineer
203876,Fuqing,Mersereau,5/23/63,5/20/92,1/1/99,Engineer
203879,Cristinel,Emden,10/1/63,12/10/94,1/1/99,Staff
203886,Mansur,Rijsenbrij,7/27/63,11/3/97,1/1/99,Staff
203902,Fabrizio,Ohori,11/30/62,8/12/88,1/1/99,Senior Engineer
203904,Trygve,Lanphier,8/2/62,10/22/92,1/1/99,Senior Engineer
203907,Vojin,Pesch,12/30/64,9/29/97,1/1/99,Engineer
203908,Moriyoshi,Merey,9/11/63,6/27/92,1/1/99,Senior Staff
203911,Joydip,Leaver,5/4/64,1/1/93,1/1/99,Senior Staff
203912,Kristinn,Pietrzykowski,11/11/64,1/6/96,1/1/99,Staff
203927,Fun,Thombley,11/6/64,7/20/89,1/1/99,Engineer
203929,Masaki,Breugel,5/20/62,3/14/93,1/1/99,Engineer
203941,Shai,Gist,5/8/64,5/29/85,1/1/99,Senior Engineer
203946,Yefim,Marwedel,1/23/65,3/30/93,1/1/99,Staff
203947,Djenana,Braunmuhl,3/13/64,10/6/89,1/1/99,Senior Engineer
203956,Make,Ishibashi,3/21/63,5/18/96,1/1/99,Staff
203960,Jungsoon,Nourani,11/14/63,9/30/95,1/1/99,Engineer
203961,Amabile,Murtafg,4/17/63,7/13/97,1/1/99,Staff
203969,Zorica,Vilarrasa,2/3/63,12/27/96,1/1/99,Staff
203974,Fay,Leaver,4/8/62,9/9/90,1/1/99,Senior Engineer
203976,Temple,Brookman,9/21/63,1/11/96,1/1/99,Senior Engineer
203977,Xianlong,Puppo,12/3/63,6/16/97,1/1/99,Senior Staff
203983,Nakhoon,Gargeya,6/13/63,9/11/86,1/1/99,Senior Engineer
203984,Berto,Bridgland,3/2/62,2/11/91,1/1/99,Senior Engineer
203988,Serge,Levergood,8/28/63,11/5/85,1/1/99,Assistant Engineer
203990,Shaz,Suermann,10/17/63,4/27/02,1/1/99,Senior Staff
203998,Houman,Lundstrom,12/4/64,9/1/94,1/1/99,Staff
203999,Marie,Sudbeck,8/22/63,8/2/97,1/1/99,Staff
204000,Guozhong,Masand,10/8/64,6/29/93,1/1/99,Staff
204001,Danel,Foote,4/7/63,3/3/01,1/1/99,Senior Engineer
204002,Hatim,Showalter,10/22/62,2/10/88,1/1/99,Senior Staff
204008,Jamaludin,Muhling,6/29/64,5/11/96,1/1/99,Engineer
204009,Temple,Beutelspacher,1/27/62,12/7/87,1/1/99,Senior Staff
204020,Chenxi,Murtafg,2/8/63,11/28/94,1/1/99,Engineer
204028,Dekang,Ghalwash,6/24/64,4/18/90,1/1/99,Senior Staff
204037,Baocai,Weedman,9/11/63,9/11/92,1/1/99,Engineer
204042,Sergi,Vrecion,2/28/63,7/7/98,1/1/99,Technique Leader
204043,Waiman,Rosaz,6/29/63,5/7/97,1/1/99,Senior Staff
204045,Toshimo,Stifter,11/16/64,3/16/98,1/1/99,Staff
204046,Patricia,Chaudhuri,12/23/63,5/18/85,1/1/99,Engineer
204050,Ewing,Kroft,9/28/62,12/19/85,1/1/99,Senior Staff
204063,Renny,Uehara,1/9/64,4/24/87,1/1/99,Staff
204075,Yongdong,Zuberek,5/31/62,4/15/99,1/1/99,Engineer
204077,Dung,Rahimi,8/18/62,5/19/97,1/1/99,Technique Leader
204078,Teruyuki,Pusterhofer,2/26/62,10/25/90,1/1/99,Senior Staff
204083,Zito,Ramsay,10/27/63,9/5/85,1/1/99,Senior Staff
204088,Aral,Isaak,9/30/62,7/28/91,1/1/99,Senior Staff
204096,Fumino,Niizuma,4/10/62,2/21/85,1/1/99,Technique Leader
204102,Noritoshi,Gilg,8/2/63,2/7/94,1/1/99,Senior Staff
204105,Arco,Morrin,6/4/64,8/4/99,1/1/99,Senior Engineer
204107,Jackson,Babb,11/29/62,11/23/90,1/1/99,Senior Engineer
204112,Udo,Picci,7/28/63,10/17/87,1/1/99,Staff
204117,Jessie,Nooteboom,1/10/65,12/13/00,1/1/99,Staff
204118,Ennio,Loncour,4/5/63,8/21/98,1/1/99,Senior Engineer
204133,Susuma,Bergere,1/22/65,2/25/96,1/1/99,Senior Staff
204135,Shounak,Schaaf,5/23/64,12/13/90,1/1/99,Senior Staff
204136,Mary,Tramer,7/10/63,12/23/95,1/1/99,Staff
204139,Fai,Cummings,8/23/64,12/6/88,1/1/99,Senior Staff
204146,Ennio,Fortenbacher,10/13/64,10/2/94,1/1/99,Staff
204162,Stabislas,Perz,10/12/64,9/28/93,1/1/99,Senior Engineer
204173,Gaurav,Viele,3/28/63,2/20/93,1/1/99,Senior Staff
204177,Mara,Schlegelmilch,7/21/62,11/26/86,1/1/99,Senior Staff
204178,Heekeun,Limongiello,11/4/64,9/24/96,1/1/99,Senior Staff
204179,Fumitake,Birsak,4/18/63,1/25/98,1/1/99,Staff
204186,Hatem,Kobuchi,5/27/63,11/15/96,1/1/99,Senior Staff
204189,Anoosh,Perry,4/23/64,11/17/89,1/1/99,Senior Staff
204191,DAIDA,Maliniak,11/5/64,10/12/97,1/1/99,Senior Staff
204193,Sadun,Demir,10/23/64,10/19/93,1/1/99,Senior Engineer
204195,Parke,Setiz,7/20/64,9/24/90,1/1/99,Senior Staff
204196,Jaewoo,Perna,3/5/64,3/26/86,1/1/99,Senior Staff
204198,Gaetan,Ashish,3/31/64,10/8/94,1/1/99,Staff
204200,Berhard,Lorie,11/9/62,5/3/93,1/1/99,Senior Staff
204203,Hidekazu,Pagter,10/16/64,10/16/89,1/1/99,Senior Engineer
204205,JoAnna,Mamelak,11/12/62,5/16/98,1/1/99,Staff
204209,Mabry,Yetto,7/11/62,10/23/90,1/1/99,Senior Staff
204210,Hercules,Heydon,4/10/63,11/21/98,1/1/99,Senior Engineer
204222,Jagoda,Suomi,10/8/62,8/19/85,1/1/99,Senior Staff
204226,Arco,Brizzi,7/7/62,3/5/88,1/1/99,Assistant Engineer
204228,Rosine,Ballarin,5/22/63,9/25/85,1/1/99,Senior Engineer
204232,Geraldo,Stiles,2/10/63,1/14/95,1/1/99,Engineer
204238,Xumin,Ginesta,10/27/63,1/19/98,1/1/99,Staff
204241,Tomoyuki,Llado,9/6/63,9/13/89,1/1/99,Senior Staff
204243,Sugwoo,Mundy,1/24/62,8/26/92,1/1/99,Engineer
204246,Arve,Worfolk,1/9/65,4/1/85,1/1/99,Staff
204255,Marco,Heijenga,12/5/64,9/22/87,1/1/99,Senior Engineer
204260,Geoffry,Coney,6/1/63,5/16/98,1/1/99,Engineer
204264,Udi,Stifter,7/14/62,1/7/95,1/1/99,Senior Engineer
204266,Shirish,Solovay,12/26/63,2/15/94,1/1/99,Engineer
204271,Remko,Langford,3/31/64,9/2/99,1/1/99,Engineer
204275,Mrinalini,Sherertz,3/2/63,2/22/98,1/1/99,Engineer
204276,Fumiya,Norsworthy,1/16/64,9/15/90,1/1/99,Staff
204278,Jiafu,Molenkamp,1/15/63,2/27/85,1/1/99,Senior Staff
204286,Tremaine,Crooks,2/14/62,10/14/95,1/1/99,Senior Engineer
204288,Eckart,Bade,4/16/63,5/20/96,1/1/99,Senior Engineer
204289,Gaurav,Servieres,7/12/64,3/3/96,1/1/99,Staff
204298,Shigehiro,Rahier,1/13/62,11/10/99,1/1/99,Senior Staff
204299,Fai,Chimia,3/8/63,10/2/87,1/1/99,Senior Staff
204301,Khun,Reeken,6/13/64,2/20/90,1/1/99,Senior Engineer
204306,Nechama,Hasham,5/8/63,3/16/92,1/1/99,Senior Engineer
204308,Yurij,Berztiss,3/13/62,7/14/93,1/1/99,Engineer
204320,Danil,Neiman,9/10/63,7/28/88,1/1/99,Senior Staff
204321,Shakhar,Vitiello,5/28/64,10/12/91,1/1/99,Senior Engineer
204322,Udi,Lukaszewicz,7/29/62,4/7/88,1/1/99,Senior Engineer
204323,Alejandro,Sigstam,3/15/62,3/18/90,1/1/99,Engineer
204331,JoAnne,Kroft,3/23/63,1/28/94,1/1/99,Staff
204333,Duro,Peak,4/26/64,8/20/88,1/1/99,Technique Leader
204336,Nishit,Mahnke,9/19/64,8/12/93,1/1/99,Engineer
204341,Ingemar,Schaaf,4/30/62,12/21/89,1/1/99,Senior Staff
204353,Mikhail,Champarnaud,11/1/63,1/16/99,1/1/99,Staff
204356,Marsal,Furudate,12/2/64,5/22/94,1/1/99,Engineer
204357,Nechama,Motley,2/19/64,8/16/99,1/1/99,Staff
204379,Shaowei,Ferriere,10/6/63,1/11/98,1/1/99,Assistant Engineer
204381,Maria,Lubachevsky,8/20/62,2/9/93,1/1/99,Engineer
204382,Stepehn,Roccetti,11/13/62,9/22/91,1/1/99,Staff
204384,Peternela,Alvarado,7/19/64,10/19/90,1/1/99,Technique Leader
204385,Fumino,Tchuente,12/8/64,6/12/02,1/1/99,Staff
204389,Sanjoy,Braccini,12/26/64,2/24/91,1/1/99,Senior Staff
204394,Sachar,Ghalwash,12/25/62,12/21/98,1/1/99,Engineer
204403,Denis,Ranum,3/12/62,12/19/86,1/1/99,Senior Staff
204404,Christoper,Pesch,6/1/64,11/14/93,1/1/99,Engineer
204406,Gila,Orlowski,2/15/63,10/29/97,1/1/99,Engineer
204408,Shahid,Jullig,11/13/64,4/12/86,1/1/99,Assistant Engineer
204425,Gretta,Huttel,1/3/65,10/8/90,1/1/99,Senior Engineer
204431,Masaki,Kalloufi,2/8/63,6/18/90,1/1/99,Engineer
204432,Gretta,Schaft,6/28/62,10/30/89,1/1/99,Engineer
204434,Ung,Wrigley,2/15/64,1/7/00,1/1/99,Senior Staff
204438,Souichi,Gaughan,10/20/64,4/28/98,1/1/99,Engineer
204443,Valeska,Matteis,7/31/62,4/27/87,1/1/99,Engineer
204451,Falguni,Reeken,12/8/62,2/16/99,1/1/99,Senior Staff
204455,Shao,McFarlin,10/8/64,12/2/97,1/1/99,Staff
204462,Bodh,Majewski,7/26/64,7/25/02,1/1/99,Staff
204468,Odinaldo,Wielonsky,4/19/64,10/31/98,1/1/99,Staff
204470,Hein,Lichtner,1/22/65,5/2/98,1/1/99,Staff
204471,Franziska,Maginnis,1/27/65,2/17/86,1/1/99,Senior Engineer
204476,Jixiang,Lovengreen,9/19/62,6/26/96,1/1/99,Senior Staff
204480,Aloys,Prenel,2/17/62,2/1/02,1/1/99,Staff
204481,Adam,Mapelli,5/28/63,1/21/92,1/1/99,Assistant Engineer
204490,Otmar,Litvinov,1/29/63,1/17/02,1/1/99,Senior Engineer
204494,Hatsukazu,Walston,1/13/64,12/13/97,1/1/99,Staff
204501,Mingsen,Lanphier,7/1/62,1/8/90,1/1/99,Senior Engineer
204506,Sanjay,Beznosov,12/20/64,4/29/96,1/1/99,Senior Staff
204511,Dinah,Whitcomb,10/25/63,5/26/89,1/1/99,Staff
204513,Domenick,Oxenboll,3/28/63,11/17/85,1/1/99,Staff
204515,Pintsang,Badr,12/29/63,9/24/98,1/1/99,Senior Engineer
204520,Kwee,Angelov,12/13/62,9/26/87,1/1/99,Staff
204527,Oksana,Kading,3/1/64,1/11/89,1/1/99,Engineer
204549,Hitomi,Terkki,10/17/63,10/18/87,1/1/99,Senior Staff
204553,Sachem,Melski,2/25/62,3/4/88,1/1/99,Senior Staff
204555,Genta,Hemaspaandra,8/26/63,6/23/90,1/1/99,Senior Engineer
204556,Munehiko,Gaughan,4/29/62,5/17/87,1/1/99,Staff
204586,Shmuel,Luca,10/25/63,1/18/01,1/1/99,Engineer
204588,Mariusz,Peak,7/5/64,5/26/86,1/1/99,Senior Engineer
204597,Xiaobin,Salinas,10/12/63,8/1/92,1/1/99,Senior Staff
204601,Aiichiro,Rodham,10/31/62,1/2/87,1/1/99,Senior Engineer
204604,Baoqiu,Erman,5/14/63,2/15/97,1/1/99,Senior Staff
204612,TRUE,Steinauer,4/8/64,7/21/88,1/1/99,Senior Engineer
204621,Macha,Thummel,10/1/63,7/21/87,1/1/99,Engineer
204624,Yuichiro,Uludag,1/26/62,1/16/91,1/1/99,Engineer
204627,Shao,Riexinger,6/2/64,1/6/00,1/1/99,Engineer
204630,Mayumi,Peron,8/2/62,4/22/88,1/1/99,Senior Staff
204633,Morrie,Vrecion,10/28/63,1/13/87,1/1/99,Senior Engineer
204634,Berna,Sooriamurthi,5/17/63,6/27/01,1/1/99,Staff
204644,Sariel,Schicker,5/6/62,7/14/86,1/1/99,Senior Staff
204646,Taizo,Kossowski,6/15/64,2/21/92,1/1/99,Staff
204647,Fan,Gimarc,10/24/63,2/14/94,1/1/99,Engineer
204650,Irene,Kavanagh,8/5/62,6/5/92,1/1/99,Engineer
204654,Mantis,Taubman,4/6/63,6/21/92,1/1/99,Senior Engineer
204659,Saddek,Crouzet,10/2/64,3/25/85,1/1/99,Senior Engineer
204665,Jianhao,Huhdanpaa,7/8/64,8/24/95,1/1/99,Engineer
204668,Hinrich,Willoner,9/5/64,10/12/89,1/1/99,Engineer
204680,Sadegh,Dredge,8/6/64,12/18/88,1/1/99,Senior Staff
204682,Gina,Bennet,12/8/63,5/25/94,1/1/99,Staff
204689,Hairong,Copas,4/5/63,11/23/96,1/1/99,Senior Staff
204694,Huei,Linnainmaa,3/30/62,11/13/98,1/1/99,Engineer
204696,Tadanori,Crouzet,7/7/62,2/20/85,1/1/99,Engineer
204712,Jayesh,Crouzet,7/17/64,12/30/95,1/1/99,Senior Engineer
204715,Nakhoon,Malabarba,4/27/62,10/11/86,1/1/99,Staff
204717,Aamer,Shackel,4/14/62,10/14/90,1/1/99,Senior Staff
204720,Olivera,Taubman,1/12/64,5/28/97,1/1/99,Assistant Engineer
204722,Poorav,Usdin,1/14/63,10/16/96,1/1/99,Engineer
204726,Mats,Stemann,7/16/64,5/19/93,1/1/99,Senior Engineer
204731,Lenore,Billawala,12/22/64,4/25/90,1/1/99,Engineer
204736,Peer,Kakkad,9/20/62,11/12/85,1/1/99,Senior Engineer
204740,Rosine,Walstra,11/10/64,12/3/98,1/1/99,Senior Staff
204741,Saddek,Dusink,3/25/62,6/14/89,1/1/99,Assistant Engineer
204748,Fumitake,Zedlitz,10/27/62,9/10/88,1/1/99,Senior Engineer
204749,Shichao,Berstel,6/28/63,5/20/88,1/1/99,Senior Staff
204759,Chuanti,Rande,8/13/63,2/13/96,1/1/99,Staff
204760,Shuji,Anily,11/16/63,5/7/85,1/1/99,Staff
204763,Shahar,Lunn,11/11/62,9/11/93,1/1/99,Assistant Engineer
204764,Susanne,Mandelberg,1/22/65,11/2/90,1/1/99,Senior Engineer
204772,Sumant,Gecseg,5/21/62,2/23/87,1/1/99,Senior Engineer
204776,Lijia,Merli,8/15/62,5/20/89,1/1/99,Senior Staff
204779,Sugwoo,Uhrig,11/28/62,5/8/91,1/1/99,Senior Engineer
204785,Nathan,Nyrup,11/24/63,10/20/85,1/1/99,Staff
204787,Saeed,Cesareni,5/5/64,11/29/94,1/1/99,Senior Staff
204800,Rafail,Kampfer,8/7/62,5/27/97,1/1/99,Senior Engineer
204802,Shem,Aloia,2/8/64,3/31/86,1/1/99,Senior Staff
204818,Shaowei,Chiola,8/14/63,7/15/91,1/1/99,Engineer
204819,Bogdan,Chinen,9/14/64,7/10/99,1/1/99,Assistant Engineer
204820,Honesty,Honglei,7/7/62,12/7/87,1/1/99,Engineer
204822,Lansing,Colorni,2/15/64,11/19/98,1/1/99,Engineer
204826,Flemming,Nivat,6/7/64,2/11/97,1/1/99,Senior Engineer
204841,Fumitaka,Syang,12/6/63,7/15/95,1/1/99,Senior Staff
204850,Xumin,Schlegelmilch,1/6/64,5/31/87,1/1/99,Senior Engineer
204856,Marc,Pena,5/29/63,7/1/92,1/1/99,Senior Engineer
204865,Kirk,Cooke,5/10/62,4/30/90,1/1/99,Engineer
204869,Jasminko,McConalogue,11/7/62,12/9/93,1/1/99,Staff
204883,Yongmin,Ciolek,3/6/63,7/24/92,1/1/99,Senior Engineer
204887,Nathan,Sidou,3/6/64,10/26/96,1/1/99,Senior Engineer
204889,Kiam,Serna,5/23/62,5/3/86,1/1/99,Senior Engineer
204891,Hisao,Potthoff,9/4/62,10/7/94,1/1/99,Staff
204894,Troy,Merro,7/7/62,9/13/00,1/1/99,Engineer
204906,Zhenhua,Merro,9/25/63,1/13/88,1/1/99,Senior Engineer
204907,Tetsushi,Bala,10/4/64,1/15/97,1/1/99,Engineer
204908,Quingbo,Schurmann,7/18/63,10/7/91,1/1/99,Senior Engineer
204929,Reuven,Hennebert,4/24/64,7/30/99,1/1/99,Engineer
204934,Jayesh,Manders,12/25/64,12/27/86,1/1/99,Senior Engineer
204950,Garnet,Tischendorf,4/24/62,11/23/89,1/1/99,Senior Staff
204953,Ger,Piancastelli,10/4/64,4/4/95,1/1/99,Senior Staff
204957,Mikhail,Gecsel,3/26/62,4/4/86,1/1/99,Senior Engineer
204958,Morrie,Katzenelson,8/11/63,11/9/91,1/1/99,Staff
204979,Abdelaziz,Serov,11/21/63,12/10/99,1/1/99,Staff
204985,Yechezkel,Desikan,7/29/64,6/1/89,1/1/99,Senior Staff
204986,Richara,Schlumberger,1/7/62,11/25/92,1/1/99,Senior Engineer
204990,Kiyotoshi,Setiz,11/28/64,10/20/93,1/1/99,Staff
204995,Sudhanshu,Skogmar,7/17/63,7/7/98,1/1/99,Senior Staff
204996,Xinglin,Bernardinello,7/26/64,8/30/95,1/1/99,Engineer
205009,Hongzue,Ritcey,12/4/62,5/17/85,1/1/99,Staff
205014,Mabhin,Weedman,12/28/64,6/22/90,1/1/99,Senior Staff
205018,Yahiko,Awdeh,1/26/65,8/5/98,1/1/99,Engineer
205030,Dulce,Ebeling,5/12/62,2/7/92,1/1/99,Assistant Engineer
205042,Kazunori,Georgatos,11/2/64,9/22/97,1/1/99,Engineer
205043,Mohd,Beausoleil,5/12/64,8/4/91,1/1/99,Senior Staff
205047,Danae,Cappello,2/25/64,9/1/01,1/1/99,Engineer
205054,Utpal,Bail,7/5/63,8/5/85,1/1/99,Staff
205061,JoAnne,Fargier,1/2/63,5/10/96,1/1/99,Senior Staff
205062,Theron,Schmittgen,7/18/64,10/23/91,1/1/99,Senior Engineer
205068,Hilary,Tchuente,8/30/63,2/26/94,1/1/99,Engineer
205079,Jaihie,Jansen,2/27/63,6/15/88,1/1/99,Engineer
205080,Srinidhi,Nannarelli,10/17/62,5/27/89,1/1/99,Senior Engineer
205083,Hercules,Rubsam,7/28/64,3/26/85,1/1/99,Senior Engineer
205085,Moni,Kornyak,1/23/65,9/26/91,1/1/99,Technique Leader
205094,Sanjay,Rosaz,7/26/62,9/16/96,1/1/99,Engineer
205107,Kenroku,Comellas,2/1/64,12/26/86,1/1/99,Senior Staff
205109,Xianlong,Skogmar,1/24/63,6/3/92,1/1/99,Senior Engineer
205111,Maia,Bail,11/1/63,4/28/85,1/1/99,Engineer
205114,Sanjay,Highland,7/28/63,11/2/93,1/1/99,Staff
205116,Weiru,Peng,7/15/63,2/10/91,1/1/99,Engineer
205118,Deniz,Cappelli,11/14/62,4/21/89,1/1/99,Staff
205128,Arne,Godskesen,8/6/63,8/9/95,1/1/99,Engineer
205133,Szabolcs,Fandrianto,2/16/62,1/16/95,1/1/99,Senior Engineer
205134,Fuqing,Pellegrinelli,7/17/62,9/17/96,1/1/99,Engineer
205136,Amabile,Biros,3/12/63,6/7/98,1/1/99,Staff
205141,Ashish,Wallrath,12/9/63,9/12/98,1/1/99,Staff
205144,Turgut,Janocha,9/13/62,3/12/01,1/1/99,Engineer
205145,Hercules,Halevi,8/11/64,6/26/88,1/1/99,Senior Engineer
205152,Evgueni,Neiman,1/5/62,10/4/95,1/1/99,Engineer
205167,Niclas,Baezner,5/12/62,2/3/85,1/1/99,Staff
205170,Shan,Vingron,8/19/63,9/2/95,1/1/99,Senior Staff
205173,Xiaocheng,Verhoeff,1/25/62,8/26/94,1/1/99,Senior Staff
205174,Leszek,Spinelli,1/5/65,12/10/98,1/1/99,Staff
205175,King,Yoshimura,5/28/64,8/14/00,1/1/99,Engineer
205179,Nalini,Pettis,9/16/63,11/8/98,1/1/99,Engineer
205181,Jianhao,Michaels,7/10/63,7/11/86,1/1/99,Senior Engineer
205182,Filipp,Fargier,1/25/64,3/8/96,1/1/99,Staff
205186,Salvador,Wielonsky,7/11/62,2/9/98,1/1/99,Engineer
205195,Aamod,Feinberg,5/17/64,6/8/01,1/1/99,Senior Staff
205197,Chikara,Isaak,6/12/62,4/19/88,1/1/99,Senior Engineer
205199,Kankanahalli,Figueira,5/28/63,11/1/94,1/1/99,Engineer
205204,Yonghoan,Demos,8/24/62,2/27/95,1/1/99,Senior Staff
205218,Terresa,Gecsei,10/20/63,2/29/92,1/1/99,Senior Engineer
205220,Sadegh,Schade,12/17/62,8/17/85,1/1/99,Senior Staff
205221,Hatsukazu,Jarecki,4/3/63,11/21/99,1/1/99,Senior Staff
205230,Sajjad,Krone,7/13/62,2/21/88,1/1/99,Senior Engineer
205239,Fuqing,Gini,2/7/62,8/9/93,1/1/99,Senior Engineer
205240,Sailaja,Woycyznski,9/17/63,12/7/92,1/1/99,Senior Engineer
205254,Hausi,Ducloy,9/9/63,7/17/93,1/1/99,Staff
205267,Aiichiro,Wossner,5/15/64,4/13/96,1/1/99,Senior Staff
205269,Uriel,Angel,10/31/63,10/18/95,1/1/99,Assistant Engineer
205270,Subhankar,Cesareni,7/16/62,11/20/85,1/1/99,Senior Staff
205282,Inderjeet,Gadepally,5/24/62,3/8/88,1/1/99,Senior Engineer
205286,Mizuhito,Rodham,5/14/63,1/8/86,1/1/99,Engineer
205289,Ranan,Koblitz,3/29/64,3/7/94,1/1/99,Senior Engineer
205308,Menkae,Delgrange,1/25/64,4/25/97,1/1/99,Engineer
205310,Zhanqiu,Kinley,8/10/63,2/12/88,1/1/99,Senior Engineer
205324,Claudi,Barvinok,8/8/62,6/3/89,1/1/99,Engineer
205327,Ziva,Rosenbaum,8/11/63,2/14/98,1/1/99,Engineer
205338,Chenye,Boguraev,3/27/62,12/12/89,1/1/99,Senior Staff
205349,Hidefumi,Brlek,4/14/62,12/29/93,1/1/99,Engineer
205351,Duangkaew,Aingworth,9/10/63,9/1/93,1/1/99,Senior Staff
205355,Wilmer,Pluym,12/10/62,1/24/91,1/1/99,Technique Leader
205358,Syozo,Munck,7/17/63,10/3/87,1/1/99,Engineer
205369,Mizuhito,Perly,5/14/62,7/25/85,1/1/99,Staff
205372,Sakthirel,Oberman,2/18/63,2/18/85,1/1/99,Assistant Engineer
205390,Zito,McAlpine,5/31/63,3/9/86,1/1/99,Senior Staff
205391,Remmert,Ozeki,2/16/64,7/17/95,1/1/99,Senior Engineer
205392,Mani,Bolsens,2/25/63,9/4/91,1/1/99,Engineer
205406,Aloys,Swiler,2/8/64,1/6/97,1/1/99,Senior Staff
205415,Constantino,Otillio,1/8/64,8/20/91,1/1/99,Senior Staff
205416,Kellyn,Baer,12/2/63,4/4/87,1/1/99,Engineer
205420,Ingemar,Pashtan,6/30/64,11/9/98,1/1/99,Assistant Engineer
205422,Xiaocheng,Khasidashvili,10/28/62,11/21/97,1/1/99,Assistant Engineer
205426,Ute,Przulj,7/5/63,6/26/93,1/1/99,Staff
205430,Susuma,Sinitsyn,1/16/64,12/7/98,1/1/99,Engineer
205438,Martial,Benzmuller,2/4/63,2/7/87,1/1/99,Staff
205444,Aran,Ashish,7/27/64,2/20/90,1/1/99,Staff
205451,Bodo,Kawashima,6/7/63,6/14/94,1/1/99,Engineer
205455,Hsiangchu,Waymire,3/29/62,1/8/93,1/1/99,Senior Staff
205463,Atilio,Senzako,5/15/63,2/10/99,1/1/99,Assistant Engineer
205464,Hidekazu,Yurek,1/26/63,3/16/97,1/1/99,Senior Engineer
205468,Boutros,Ermel,5/26/63,4/23/88,1/1/99,Senior Engineer
205477,Rafail,Pelc,11/12/62,9/12/88,1/1/99,Senior Staff
205480,Nobuyoshi,Zolotykh,3/26/62,3/1/96,1/1/99,Engineer
205483,Yechiam,Zuberek,2/19/62,7/28/90,1/1/99,Engineer
205493,Genki,Snedden,12/23/64,3/7/89,1/1/99,Senior Staff
205500,Mary,Setiz,1/4/65,1/13/89,1/1/99,Senior Engineer
205517,Oldrich,Nivat,6/14/64,2/6/94,1/1/99,Staff
205519,Peternela,Casperson,7/10/62,2/1/93,1/1/99,Senior Staff
205523,Frazer,Coors,7/22/64,10/25/93,1/1/99,Senior Staff
205531,Janalee,Lampe,10/15/64,4/9/97,1/1/99,Staff
205532,Mircea,Lichtner,3/15/64,10/2/99,1/1/99,Staff
205534,Valery,Muniz,12/16/63,9/7/94,1/1/99,Technique Leader
205536,Katsuo,Huxford,7/15/64,5/17/86,1/1/99,Staff
205539,Shawna,Trogemann,4/9/63,10/1/91,1/1/99,Technique Leader
205541,Aamod,Luon,12/28/64,7/8/99,1/1/99,Engineer
205543,Nalini,Ernst,8/24/62,8/13/86,1/1/99,Senior Staff
205547,Goo,Hegner,1/6/63,11/14/93,1/1/99,Engineer
205548,Marke,Binding,7/31/63,6/28/99,1/1/99,Staff
205549,Mohammed,Bellmore,11/22/64,12/3/89,1/1/99,Senior Staff
205552,Youjian,Honglei,10/12/63,10/4/87,1/1/99,Engineer
205556,Ulises,Thombley,11/7/64,12/6/85,1/1/99,Senior Staff
205560,Jinya,Shokrollahi,11/26/64,6/9/99,1/1/99,Senior Staff
205564,Mart,Ginesta,6/26/64,2/22/93,1/1/99,Senior Staff
205566,Mountaz,Koblick,7/13/64,11/5/96,1/1/99,Technique Leader
205572,Fumitaka,Gluchowski,10/14/64,5/26/90,1/1/99,Senior Engineer
205577,Stevo,Velardi,9/25/64,5/21/90,1/1/99,Staff
205579,Bodo,Jervis,5/13/63,10/8/86,1/1/99,Senior Staff
205581,Hugo,Felder,10/20/62,9/23/87,1/1/99,Engineer
205585,Abdulah,Stanger,8/2/62,4/2/91,1/1/99,Assistant Engineer
205599,Otmar,Ertl,5/2/62,7/16/97,1/1/99,Staff
205603,Aris,Openshaw,11/27/63,12/4/90,1/1/99,Senior Staff
205609,Bezalel,Leaver,6/16/64,7/8/91,1/1/99,Engineer
205620,Rafael,Ecklund,6/21/63,11/17/98,1/1/99,Engineer
205625,Genta,Gist,7/31/62,2/4/96,1/1/99,Staff
205627,Stabislas,Broder,1/21/65,7/16/96,1/1/99,Engineer
205628,Lillian,Koblitz,10/20/62,11/7/89,1/1/99,Senior Staff
205632,Ayonca,Irland,11/9/64,3/7/93,1/1/99,Senior Engineer
205642,Theirry,Ranka,5/19/63,3/14/89,1/1/99,Engineer
205646,Alejandro,Atchley,3/9/64,7/28/98,1/1/99,Technique Leader
205649,Doohun,Chinen,4/18/63,8/2/94,1/1/99,Senior Staff
205657,Gretta,Pepe,10/1/64,1/5/86,1/1/99,Engineer
205660,Kien,Barreiro,1/27/65,10/24/00,1/1/99,Staff
205663,Debatosh,Makrucki,9/3/62,3/29/99,1/1/99,Senior Engineer
205666,Marin,Maksimenko,8/25/63,10/22/97,1/1/99,Senior Engineer
205671,Moon,Ruemmler,2/7/63,8/10/95,1/1/99,Senior Staff
205675,Mihalis,Versino,12/7/63,11/16/90,1/1/99,Staff
205678,Tze,Undy,11/5/62,5/13/86,1/1/99,Senior Engineer
205679,Lalit,Suermann,6/5/64,8/24/98,1/1/99,Senior Engineer
205682,Bernice,Marzano,5/14/63,7/18/94,1/1/99,Engineer
205684,Sverrir,Knightly,12/13/63,4/28/94,1/1/99,Engineer
205689,Unal,Rissanen,6/4/63,10/31/85,1/1/99,Staff
205698,Rosli,Lally,7/30/64,8/14/93,1/1/99,Senior Staff
205699,Youjian,Yetto,1/31/65,12/7/94,1/1/99,Staff
205701,Manohar,Nanard,11/17/63,2/14/99,1/1/99,Staff
205703,Jiann,Engberts,1/30/63,12/26/87,1/1/99,Senior Staff
205709,Visit,Maquelin,7/10/64,6/13/97,1/1/99,Engineer
205715,Aran,Fiutem,5/14/64,10/18/89,1/1/99,Staff
205720,Huican,Felder,4/27/63,2/1/89,1/1/99,Engineer
205729,Mabo,Gornas,3/13/64,9/19/89,1/1/99,Engineer
205744,Michaela,Fujisawa,1/21/64,3/2/99,1/1/99,Engineer
205762,Chenyi,Hutter,1/5/62,3/13/91,1/1/99,Senior Staff
205766,Jahangir,Pietracaprina,3/24/62,8/6/94,1/1/99,Engineer
205771,Mohd,Worfolk,2/28/64,3/24/86,1/1/99,Senior Staff
205775,Hironobu,Castellani,3/25/64,10/15/99,1/1/99,Engineer
205776,Kazuyasu,Bain,12/4/64,12/7/86,1/1/99,Senior Engineer
205789,Limsoon,Skafidas,1/31/65,8/10/99,1/1/99,Senior Staff
205800,Yongmin,Bolsens,6/8/63,12/17/92,1/1/99,Senior Engineer
205803,Kristina,Erva,5/10/62,9/8/90,1/1/99,Technique Leader
205805,Huai,Birke,6/12/63,4/27/87,1/1/99,Staff
205809,Toshimori,Fargier,8/25/64,6/19/91,1/1/99,Technique Leader
205814,Arlette,Farrow,10/16/62,3/9/98,1/1/99,Engineer
205834,Ebru,Nyanchama,5/15/63,2/23/95,1/1/99,Senior Staff
205837,Lenore,Bolotov,2/18/62,8/5/91,1/1/99,Technique Leader
205845,Mohan,Conry,2/4/64,12/10/85,1/1/99,Senior Engineer
205846,Iara,Milicic,4/26/64,7/4/86,1/1/99,Senior Staff
205852,Janche,Karlin,11/13/62,12/12/95,1/1/99,Staff
205863,Aiichiro,Kusalik,1/6/65,10/4/90,1/1/99,Senior Engineer
205864,Zeljko,Ohori,2/9/62,9/5/86,1/1/99,Senior Staff
205868,Hein,Lieblein,8/27/63,5/12/99,1/1/99,Staff
205891,Shimshon,Tagansky,5/10/64,10/4/90,1/1/99,Senior Staff
205909,Marl,Skogmar,4/26/62,8/30/99,1/1/99,Engineer
205911,Dzung,Ferriere,12/27/62,5/2/94,1/1/99,Senior Staff
205926,Odoardo,Gruenwald,5/14/63,5/1/97,1/1/99,Staff
205929,Nikolaos,Harnett,3/25/62,11/28/87,1/1/99,Engineer
205937,Mohammed,Marquardt,4/12/64,10/27/93,1/1/99,Senior Staff
205955,Caolyn,Sullins,3/5/62,3/1/86,1/1/99,Senior Staff
205959,Geoffrey,Hanabata,4/10/62,11/3/99,1/1/99,Senior Engineer
205964,Josyula,Pulkowski,11/6/64,10/17/85,1/1/99,Senior Engineer
205971,Shigeo,Czap,11/15/64,3/17/99,1/1/99,Engineer
205981,Parviz,Quittner,6/7/64,6/1/94,1/1/99,Senior Staff
205983,Remko,Begiun,1/22/62,5/29/90,1/1/99,Staff
205987,Paraskevi,Hanabata,1/26/62,5/19/99,1/1/99,Senior Staff
205989,Przemyslawa,Heydon,12/31/64,5/16/94,1/1/99,Senior Staff
205991,Moheb,Peternell,3/1/62,3/14/95,1/1/99,Engineer
205996,Sampalli,Ligten,2/9/63,1/24/00,1/1/99,Senior Engineer
206010,Froduald,Lund,7/13/63,5/9/93,1/1/99,Senior Staff
206015,Petter,Borovoy,9/12/63,6/8/99,1/1/99,Senior Engineer
206022,Gor,Bhattacharjee,2/12/63,1/15/87,1/1/99,Senior Engineer
206024,Gian,Gulik,5/3/64,12/17/98,1/1/99,Engineer
206028,Mohit,Choobineh,4/8/64,12/25/97,1/1/99,Engineer
206030,Hilari,Zaccaria,12/26/64,3/20/86,1/1/99,Senior Staff
206031,Tomoyuki,Dengi,5/12/63,3/28/90,1/1/99,Senior Staff
206033,Ebru,Naudin,11/7/64,9/16/94,1/1/99,Engineer
206036,Arno,Facello,6/3/63,4/12/87,1/1/99,Senior Staff
206039,Adamantios,Beausoleil,1/13/62,5/31/98,1/1/99,Senior Staff
206040,Muzhong,Erol,6/21/64,12/28/87,1/1/99,Staff
206047,Sanjit,Gargeya,4/18/62,11/17/96,1/1/99,Engineer
206054,Manohar,Vernadat,4/30/64,3/3/98,1/1/99,Assistant Engineer
206058,Chriss,Nourani,4/11/62,5/18/97,1/1/99,Engineer
206062,Piyawadee,Dengi,5/11/63,2/5/94,1/1/99,Senior Staff
206069,Danae,Scallan,5/12/64,12/23/91,1/1/99,Senior Staff
206070,Guther,Ponthieu,11/1/64,7/7/92,1/1/99,Staff
206077,Doohun,Streit,1/17/64,10/23/89,1/1/99,Senior Staff
206087,Guangming,Picel,11/18/62,7/25/94,1/1/99,Senior Staff
206092,Elvis,Kobara,11/27/64,11/4/94,1/1/99,Staff
206097,Divine,Kaminger,12/15/62,1/17/94,1/1/99,Engineer
206101,Jouko,Flowers,6/4/63,10/10/91,1/1/99,Staff
206109,Frederique,Coombs,8/22/64,1/7/88,1/1/99,Senior Engineer
206111,Guoxiang,Hmelo,8/30/64,4/3/90,1/1/99,Staff
206112,Valery,Verhaegen,4/3/63,4/14/94,1/1/99,Senior Staff
206115,Danil,Perko,8/1/63,12/15/96,1/1/99,Staff
206119,Volkmar,Gadepally,1/7/62,6/23/01,1/1/99,Engineer
206121,Yuqun,Sudbeck,11/27/62,1/28/90,1/1/99,Staff
206124,Rafael,Lanphier,8/12/63,1/15/88,1/1/99,Engineer
206127,Premsyl,Riesenhuber,6/30/63,3/13/02,1/1/99,Senior Engineer
206138,Gen,Skrikant,6/24/63,3/10/92,1/1/99,Staff
206139,Amabile,Peak,8/20/63,10/3/98,1/1/99,Assistant Engineer
206154,Ekawit,Parfitt,9/2/63,4/23/98,1/1/99,Staff
206158,Geoffry,Sidou,7/27/62,9/17/97,1/1/99,Engineer
206162,Stepehn,Juneja,3/3/64,12/14/95,1/1/99,Senior Staff
206172,Pascal,Koblick,3/20/62,7/20/94,1/1/99,Engineer
206176,Aram,Genin,6/12/63,4/9/87,1/1/99,Senior Engineer
206186,Shalesh,Koshiba,8/21/64,5/29/87,1/1/99,Senior Engineer
206188,Kayoko,Rubsam,8/11/63,9/2/95,1/1/99,Senior Staff
206192,Vojin,Ghemri,9/28/62,8/29/91,1/1/99,Senior Staff
206195,Hironobu,Maginnis,5/14/62,7/30/00,1/1/99,Senior Engineer
206197,Vidya,Pearson,1/3/64,8/19/93,1/1/99,Engineer
206201,Lene,Meriste,7/14/62,4/7/98,1/1/99,Senior Staff
206207,Bezalel,Rassart,6/18/62,11/16/86,1/1/99,Engineer
206208,Fumiko,Hellwagner,11/14/63,2/28/92,1/1/99,Senior Engineer
206213,Parke,Impagliazzo,6/6/63,5/1/01,1/1/99,Staff
206219,Marke,Chenoweth,6/9/63,10/5/87,1/1/99,Senior Engineer
206221,Alagu,Salinas,6/1/62,7/19/99,1/1/99,Senior Staff
206222,Oguz,Zhiwei,5/31/62,11/24/87,1/1/99,Technique Leader
206225,Lidong,Pramanik,11/19/63,5/23/93,1/1/99,Senior Staff
206232,Abdelaziz,Peroz,7/25/63,6/30/92,1/1/99,Senior Staff
206236,Gaetan,Ramras,8/10/63,9/6/93,1/1/99,Senior Engineer
206247,Byong,Munos,2/6/62,5/9/99,1/1/99,Staff
206248,Babette,DeMori,12/11/63,3/20/95,1/1/99,Senior Staff
206252,Mohd,Swick,2/13/64,7/23/86,1/1/99,Engineer
206254,Ger,Herbst,2/19/64,1/11/96,1/1/99,Engineer
206275,Qunsheng,Radhakrishnan,8/19/64,7/15/97,1/1/99,Engineer
206280,Xiahua,Perly,8/3/63,2/11/95,1/1/99,Engineer
206290,Barton,Kalorkoti,10/13/62,7/10/98,1/1/99,Staff
206291,Heeju,Claffy,10/8/64,4/20/89,1/1/99,Senior Staff
206293,Slavian,Nitta,11/1/62,8/7/95,1/1/99,Senior Staff
206304,Ugo,Beerel,11/7/62,10/8/96,1/1/99,Staff
206312,Jeane,Egerstedt,7/13/64,3/17/94,1/1/99,Senior Engineer
206315,Chrisa,Gini,2/17/62,4/17/96,1/1/99,Engineer
206316,Masali,Iwayama,7/22/63,3/23/92,1/1/99,Staff
206317,Manton,Fargier,12/31/64,5/1/92,1/1/99,Senior Engineer
206321,Leon,Speckmann,5/9/64,9/27/90,1/1/99,Staff
206325,Selwyn,Guting,12/21/62,10/16/86,1/1/99,Senior Staff
206347,Masato,Cichocki,8/6/64,5/20/87,1/1/99,Senior Engineer
206358,Jahangir,Leaver,5/19/63,9/5/90,1/1/99,Senior Staff
206366,Zhiguo,Sridhar,1/21/64,6/23/86,1/1/99,Senior Staff
206377,Gill,Mondadori,9/22/63,7/30/89,1/1/99,Staff
206379,Kokou,Zolotykh,12/2/63,11/23/95,1/1/99,Engineer
206385,Vishu,Fandrianto,11/10/63,4/12/86,1/1/99,Staff
206391,Kokou,Piazza,5/17/64,12/15/89,1/1/99,Staff
206393,Minghong,Wegerle,2/8/63,11/1/98,1/1/99,Senior Engineer
206395,Boguslaw,Atrawala,6/23/63,5/31/95,1/1/99,Staff
206402,Kazuhide,Lubachevsky,2/3/63,7/18/94,1/1/99,Staff
206404,Shuichi,Bolotov,6/6/62,2/4/99,1/1/99,Engineer
206415,Taisook,Veldwijk,11/17/64,6/1/88,1/1/99,Senior Engineer
206421,Rimli,Peroz,12/17/62,1/14/87,1/1/99,Senior Engineer
206424,Sanjit,Genther,7/21/63,10/9/86,1/1/99,Engineer
206428,Phillip,Salinas,6/11/63,4/19/99,1/1/99,Senior Staff
206434,Navid,Msuda,9/15/63,3/30/99,1/1/99,Staff
206436,Stamatina,Stavenow,4/22/63,6/4/94,1/1/99,Engineer
206443,Tetsushi,Basagni,9/21/63,11/14/86,1/1/99,Staff
206446,Larisa,Rubsam,7/12/63,4/11/90,1/1/99,Senior Staff
206451,Susanna,Underwood,9/20/62,12/1/94,1/1/99,Staff
206458,Angel,Rajcani,4/19/62,10/15/93,1/1/99,Senior Engineer
206461,Xiaopeng,Solovay,4/11/64,9/18/95,1/1/99,Assistant Engineer
206467,Demin,Stassinopoulos,10/20/62,7/19/98,1/1/99,Staff
206483,Berhard,Snyers,6/6/63,4/24/93,1/1/99,Senior Staff
206492,Zijian,Olano,4/28/63,4/21/89,1/1/99,Senior Staff
206498,Babette,Claffy,8/24/64,12/19/88,1/1/99,Senior Engineer
206499,Arlette,Yoshizawa,5/20/64,7/13/96,1/1/99,Technique Leader
206503,Sasan,Azumi,7/12/62,11/24/93,1/1/99,Senior Staff
206504,Berhard,Bage,4/20/62,2/26/98,1/1/99,Staff
206505,Otilia,Krichel,8/25/62,4/22/90,1/1/99,Senior Engineer
206509,Rosalyn,Soloway,11/19/64,5/27/85,1/1/99,Senior Engineer
206510,Yannik,Lores,12/4/64,5/16/94,1/1/99,Senior Engineer
206513,Ortrud,Beilner,7/6/62,2/27/94,1/1/99,Staff
206516,Bodh,Besancenot,6/22/63,5/6/98,1/1/99,Staff
206522,Mansur,Leslie,11/30/64,9/21/95,1/1/99,Engineer
206523,Zdislav,Soloway,9/15/62,1/7/88,1/1/99,Engineer
206524,Khaled,Molberg,5/31/63,11/17/00,1/1/99,Staff
206525,Shaunak,Pramanik,4/27/64,6/9/99,1/1/99,Staff
206528,Martial,Schonegge,4/28/63,7/16/96,1/1/99,Senior Engineer
206538,Takahira,Domenig,1/30/64,1/24/92,1/1/99,Engineer
206546,Kwan,Speer,3/17/63,6/25/88,1/1/99,Engineer
206557,Toshimitsu,Butterworth,11/14/63,9/3/92,1/1/99,Senior Staff
206563,Dannz,Radivojevic,4/11/64,11/26/95,1/1/99,Senior Engineer
206572,Akeno,Ladret,9/28/62,6/12/89,1/1/99,Senior Engineer
206581,Mariangiola,Ratzlaff,8/9/62,6/3/91,1/1/99,Technique Leader
206587,Uma,Khalid,3/13/63,8/24/95,1/1/99,Senior Engineer
206590,Mechthild,Peris,1/22/62,12/31/85,1/1/99,Senior Staff
206595,Parke,Penttonen,3/14/63,9/13/87,1/1/99,Staff
206596,Deniz,Hanratty,3/29/62,10/15/93,1/1/99,Engineer
206597,Limsoon,Baig,11/7/63,1/11/96,1/1/99,Senior Engineer
206601,Diederik,Thummel,10/9/62,6/28/92,1/1/99,Staff
206605,Goetz,Debuse,12/26/63,6/5/92,1/1/99,Staff
206606,Wayne,Oehlmann,6/21/62,4/18/93,1/1/99,Senior Staff
206621,Dulce,Gini,12/24/63,12/29/93,1/1/99,Engineer
206626,Yongqiao,Simkin,6/26/64,2/11/94,1/1/99,Senior Engineer
206627,Mizuhito,Keohane,12/10/64,7/16/98,1/1/99,Assistant Engineer
206630,Mansur,Stafford,1/25/62,5/22/96,1/1/99,Senior Staff
206638,Remco,Bojadziev,7/4/62,8/6/88,1/1/99,Engineer
206640,Rosine,Bale,4/4/62,2/26/97,1/1/99,Senior Engineer
206645,Sandeepan,Thiria,2/6/63,6/17/93,1/1/99,Senior Staff
206647,Chenye,Ratnakar,4/17/62,2/24/88,1/1/99,Staff
206650,Elrique,Salinas,3/8/64,6/21/94,1/1/99,Staff
206652,Nalini,Peroz,2/15/63,3/10/85,1/1/99,Senior Engineer
206658,Frazer,Baba,12/27/63,6/4/93,1/1/99,Senior Staff
206664,Kwee,Zastre,7/22/62,5/18/01,1/1/99,Senior Engineer
206669,Renny,Siepmann,11/8/64,7/30/85,1/1/99,Assistant Engineer
206675,Nahla,Dulay,10/10/64,6/15/90,1/1/99,Senior Engineer
206682,Sorina,Heuter,11/30/63,7/16/97,1/1/99,Staff
206684,Branimir,Dehkordi,9/10/64,11/10/88,1/1/99,Senior Staff
206685,Urs,Hedayat,11/1/62,12/3/86,1/1/99,Technique Leader
206688,Sukumar,Weedon,2/24/63,11/29/94,1/1/99,Engineer
206689,Tze,Laventhal,5/13/62,1/21/99,1/1/99,Staff
206693,Kensei,Koyama,9/7/63,1/13/99,1/1/99,Senior Engineer
206696,Takahiro,Wrigley,6/15/64,3/3/98,1/1/99,Senior Staff
206698,Stella,Bardell,12/27/62,2/26/89,1/1/99,Staff
206699,Leen,Navazio,1/12/62,6/16/95,1/1/99,Technique Leader
206701,Giri,Llado,12/15/63,9/1/92,1/1/99,Staff
206705,Charmane,Melski,5/30/63,9/10/86,1/1/99,Senior Engineer
206709,Brewster,Weedon,9/8/62,5/29/87,1/1/99,Engineer
206716,Dannz,Strooper,1/3/62,3/30/89,1/1/99,Assistant Engineer
206720,Inderjeet,Lally,3/24/63,1/2/96,1/1/99,Staff
206724,Shuji,Stiles,7/1/64,3/10/89,1/1/99,Engineer
206728,Bouchung,Straney,9/29/64,1/2/97,1/1/99,Engineer
206735,Rafols,Gulla,9/24/63,9/13/93,1/1/99,Senior Staff
206736,Radoslaw,Unni,1/8/63,2/2/85,1/1/99,Engineer
206743,Marsha,Zaiane,8/18/62,1/28/89,1/1/99,Senior Staff
206748,Yucai,Fabrizio,1/7/65,10/6/99,1/1/99,Staff
206750,Arnd,Vadhan,3/31/62,12/30/98,1/1/99,Staff
206753,Susanta,Suomi,11/14/62,8/29/90,1/1/99,Senior Engineer
206756,Nalini,Ishibashi,8/8/63,4/16/93,1/1/99,Senior Staff
206757,Mandell,Zschoche,4/5/63,9/13/89,1/1/99,Senior Staff
206772,Shahab,Wissmann,3/21/62,6/25/86,1/1/99,Senior Engineer
206778,Shuky,Janocha,10/4/64,1/24/91,1/1/99,Technique Leader
206780,Torsten,Camurati,4/25/62,12/18/88,1/1/99,Engineer
206785,Mokhtar,Wielonsky,10/10/64,9/24/86,1/1/99,Senior Engineer
206786,Lakshmi,Marwedel,10/23/63,12/23/89,1/1/99,Assistant Engineer
206788,Richara,Kobuchi,8/6/62,12/16/93,1/1/99,Senior Staff
206789,Alassane,Wrigley,8/26/62,7/20/85,1/1/99,Staff
206791,Shigehito,Benveniste,7/8/64,1/9/86,1/1/99,Staff
206800,Fox,Jarecki,1/30/63,10/5/91,1/1/99,Senior Engineer
206824,Nalini,Gyimothy,2/2/63,9/12/85,1/1/99,Senior Staff
206825,Morrie,Kawashima,9/20/63,4/21/98,1/1/99,Senior Staff
206836,Guadalupe,Pfau,1/12/65,3/22/93,1/1/99,Staff
206839,Shirish,Schmittgen,10/18/64,9/25/99,1/1/99,Staff
206853,Nevin,Chenoweth,7/10/63,3/14/89,1/1/99,Senior Engineer
206857,Emran,Leijenhorst,10/6/62,8/22/85,1/1/99,Senior Staff
206867,Sailaja,Gill,12/3/63,5/24/99,1/1/99,Senior Staff
206900,Kauko,Segond,12/19/63,12/21/95,1/1/99,Senior Engineer
206901,Shushma,Hellwagner,10/6/64,9/23/95,1/1/99,Senior Staff
206908,Barton,Ramras,1/7/64,12/31/85,1/1/99,Staff
206910,Mark,Kroha,6/8/62,10/23/93,1/1/99,Senior Engineer
206913,Mandell,Molberg,7/5/62,3/2/88,1/1/99,Engineer
206919,Barun,Wrigley,9/23/63,7/15/91,1/1/99,Senior Engineer
206934,Manu,Smeets,9/21/64,7/9/86,1/1/99,Staff
206936,Moti,Ramsay,1/22/63,6/1/88,1/1/99,Engineer
206937,Charlene,Porenta,10/10/63,1/22/98,1/1/99,Senior Staff
206945,Rimli,Melton,5/17/63,12/15/87,1/1/99,Senior Engineer
206950,Kaijung,Vidal,11/25/62,5/21/95,1/1/99,Senior Engineer
206957,Zhenhua,Rothe,1/31/64,10/6/90,1/1/99,Senior Engineer
206958,Kwan,Anick,5/31/62,12/28/98,1/1/99,Staff
206960,Manu,Michaels,1/24/63,2/28/88,1/1/99,Engineer
206961,Xiong,Gils,1/18/64,4/3/93,1/1/99,Staff
206963,Shunichi,DiGiano,9/27/63,2/22/95,1/1/99,Technique Leader
206966,Tzu,Sichman,1/21/65,11/17/87,1/1/99,Senior Engineer
206968,Shin,Demri,8/10/64,4/16/89,1/1/99,Senior Engineer
206973,Nikolaus,Moffat,5/10/63,1/31/99,1/1/99,Technique Leader
206978,Marsja,Eastman,3/16/62,7/28/01,1/1/99,Engineer
206985,Demos,Talmor,5/2/63,9/9/99,1/1/99,Engineer
206989,Younwoo,Argence,12/30/63,11/28/87,1/1/99,Technique Leader
207002,Shushma,Heijenga,11/21/64,3/31/95,1/1/99,Staff
207007,Hinrich,Etalle,7/27/64,2/23/92,1/1/99,Senior Staff
207013,Yechiam,Bahk,4/24/63,9/2/95,1/1/99,Senior Engineer
207018,Masamitsu,Prampolini,11/26/63,1/2/00,1/1/99,Staff
207021,Jacqueline,Akaboshi,1/20/65,12/6/97,1/1/99,Engineer
207029,Jiafu,Siegrist,10/18/63,12/25/95,1/1/99,Senior Staff
207032,Dante,Boyle,5/27/62,11/21/92,1/1/99,Engineer
207039,Krister,Masada,1/27/63,7/20/97,1/1/99,Engineer
207040,Guenter,Salverda,6/23/64,4/1/88,1/1/99,Senior Staff
207042,Moriyoshi,Desikan,10/14/64,8/4/99,1/1/99,Staff
207045,Zito,Madeira,9/24/62,4/22/89,1/1/99,Engineer
207048,Lech,Berendt,6/28/62,6/6/85,1/1/99,Senior Staff
207059,Elgin,Hofmeyr,1/15/64,4/30/88,1/1/99,Engineer
207062,Vasilis,Alpin,11/11/62,5/24/85,1/1/99,Senior Staff
207066,Gro,Covnot,6/15/62,8/18/88,1/1/99,Technique Leader
207068,Zhiguo,Ariola,1/13/65,9/7/94,1/1/99,Senior Staff
207083,Junsik,Mikschl,12/19/64,4/27/94,1/1/99,Staff
207097,Danae,Winter,3/1/64,4/17/90,1/1/99,Engineer
207098,Gil,Shimshoni,8/26/64,2/4/92,1/1/99,Engineer
207099,Kinh,Czap,9/22/64,2/10/93,1/1/99,Engineer
207107,Shaunak,Shinomoto,8/1/62,10/9/00,1/1/99,Staff
207110,Constantine,Douceur,10/22/62,11/16/90,1/1/99,Senior Engineer
207112,Nimmagadda,Pollock,11/11/63,3/11/87,1/1/99,Engineer
207114,Khun,Marrevee,11/27/63,10/6/98,1/1/99,Engineer
207122,Guoxiang,Gire,4/25/62,2/28/98,1/1/99,Assistant Engineer
207124,Lakshmi,Papastamatiou,1/29/62,1/6/94,1/1/99,Staff
207125,Fei,Brobst,11/4/63,9/24/90,1/1/99,Staff
207132,Hairong,Stille,10/27/64,1/3/95,1/1/99,Staff
207133,Shigeu,Merle,10/24/63,4/27/85,1/1/99,Senior Engineer
207134,Boalin,DuCasse,8/25/62,1/4/99,1/1/99,Senior Staff
207135,Sashi,Nyrup,9/28/64,10/6/99,1/1/99,Senior Engineer
207143,Huan,Gils,12/23/64,4/15/89,1/1/99,Senior Engineer
207144,Kiam,Perelgut,4/20/64,5/20/02,1/1/99,Senior Staff
207161,Malu,Rattan,12/15/64,3/19/91,1/1/99,Engineer
207170,Rafael,Reinhart,1/4/62,9/25/86,1/1/99,Senior Engineer
207171,Chirstian,Neimat,3/5/64,4/29/98,1/1/99,Staff
207174,Marsal,Rande,12/4/63,8/24/01,1/1/99,Staff
207182,Teiji,Erie,11/5/63,8/28/85,1/1/99,Technique Leader
207183,Leen,Zastre,9/25/63,9/3/00,1/1/99,Senior Engineer
207184,Ennio,Nanard,2/14/62,10/6/85,1/1/99,Senior Staff
207185,Annemarie,Keustermans,5/31/62,9/30/98,1/1/99,Technique Leader
207187,Bodh,Alencar,1/9/63,3/17/89,1/1/99,Senior Engineer
207191,Wonhee,Chachaty,4/19/62,10/6/88,1/1/99,Senior Engineer
207194,Billur,Huttel,11/16/62,10/7/91,1/1/99,Engineer
207195,Candida,Pavlopoulou,7/12/63,5/2/98,1/1/99,Engineer
207196,Boutros,Muchinsky,4/10/63,7/10/94,1/1/99,Senior Engineer
207200,Leucio,Sundgren,7/10/64,2/6/99,1/1/99,Staff
207204,Kellie,Schrooten,1/25/65,1/17/91,1/1/99,Assistant Engineer
207209,Yucai,Pelc,3/5/62,9/13/93,1/1/99,Senior Engineer
207211,Aleksandar,Werthner,4/6/64,7/31/88,1/1/99,Senior Engineer
207214,Boutros,Picaronny,8/4/64,9/30/90,1/1/99,Senior Staff
207221,Augustine,Trachtenberg,2/5/64,3/23/95,1/1/99,Senior Engineer
207224,Keung,Speel,12/28/64,3/29/86,1/1/99,Engineer
207230,Charmane,Alencar,5/28/63,1/8/02,1/1/99,Senior Engineer
207231,Shigeo,Auyong,11/19/64,12/30/96,1/1/99,Senior Staff
207236,Otilia,Masaki,11/10/64,7/28/90,1/1/99,Staff
207237,Erez,Kawashima,11/3/62,5/12/95,1/1/99,Assistant Engineer
207238,Inderjeet,Smailagic,7/24/63,3/2/97,1/1/99,Engineer
207239,Nitsan,Vural,3/16/63,7/28/96,1/1/99,Senior Staff
207244,Sariel,Verhaegen,4/13/62,12/12/85,1/1/99,Staff
207248,Hailing,Markovitch,10/8/62,1/26/95,1/1/99,Senior Staff
207250,Aluzio,Kropf,6/6/62,3/30/93,1/1/99,Senior Staff
207251,Fox,Sewelson,10/12/63,10/20/95,1/1/99,Assistant Engineer
207254,Danil,Pietracaprina,8/29/63,2/15/89,1/1/99,Engineer
207257,Hinrich,Strandh,11/7/62,1/18/87,1/1/99,Senior Staff
207260,Heping,Marchesini,1/17/64,8/11/90,1/1/99,Staff
207261,Hailing,Piazza,4/30/62,12/8/96,1/1/99,Senior Engineer
207271,Yoshimitsu,Ghazalie,10/6/62,9/25/90,1/1/99,Senior Engineer
207275,Mong,Skrikant,12/25/63,11/12/90,1/1/99,Engineer
207281,Piyawadee,Rindone,1/2/64,5/25/93,1/1/99,Engineer
207284,Mara,Coorg,11/17/63,3/22/91,1/1/99,Staff
207287,Selwyn,Kroft,10/6/64,2/3/95,1/1/99,Senior Staff
207288,Amabile,Wrigley,8/19/63,6/7/96,1/1/99,Senior Staff
207300,Marek,Ozery,4/1/64,11/11/90,1/1/99,Technique Leader
207310,Arnould,Delgrande,9/18/64,8/15/96,1/1/99,Senior Staff
207320,Shmuel,Famili,10/15/62,11/2/97,1/1/99,Assistant Engineer
207328,Odinaldo,Waeselynck,2/24/63,4/12/01,1/1/99,Staff
207332,Kwee,Gopalakrishnan,7/30/64,8/15/86,1/1/99,Assistant Engineer
207337,Ulises,Pearson,11/5/62,4/18/89,1/1/99,Senior Engineer
207341,Mack,Morrow,10/5/62,4/12/87,1/1/99,Staff
207344,Tsz,Crabtree,3/22/62,10/30/01,1/1/99,Senior Staff
207350,Somnath,Slutz,3/10/62,9/25/95,1/1/99,Senior Staff
207360,Holgard,Peris,11/23/63,4/15/86,1/1/99,Senior Staff
207364,Ramya,Rosenbaum,9/2/64,7/4/85,1/1/99,Staff
207367,Masadi,Wursthorn,10/6/63,2/16/93,1/1/99,Senior Engineer
207371,Marjo,Soicher,1/19/64,5/23/99,1/1/99,Engineer
207377,Udaiprakash,Feldhoffer,9/1/62,8/3/95,1/1/99,Engineer
207385,Valery,Narlikar,1/9/63,4/15/85,1/1/99,Staff
207390,Marco,Khasidashvili,10/30/62,9/11/91,1/1/99,Engineer
207401,Shuji,Barbanera,1/4/65,8/10/87,1/1/99,Staff
207407,Munehiro,Pezzoli,12/30/62,1/25/99,1/1/99,Technique Leader
207415,Kiyomitsu,Heydon,7/10/64,10/21/93,1/1/99,Technique Leader
207420,Maren,Azuma,5/21/62,10/15/93,1/1/99,Engineer
207421,Kiyomitsu,Murtagh,11/21/64,2/22/90,1/1/99,Senior Engineer
207445,Vojin,Gurbaxani,3/29/63,3/27/87,1/1/99,Senior Engineer
207447,Godehard,Murtagh,2/25/63,11/10/90,1/1/99,Engineer
207453,Ingmar,Daescu,2/17/64,9/22/89,1/1/99,Engineer
207456,Yucai,Antonisse,11/16/63,12/24/95,1/1/99,Staff
207463,Sastry,Tibblin,1/13/62,12/11/99,1/1/99,Staff
207465,Shietung,Alencar,1/2/64,6/25/97,1/1/99,Engineer
207475,Mingzeng,Speckmann,8/22/64,12/13/90,1/1/99,Engineer
207479,Shuji,Gecsei,9/2/64,11/7/94,1/1/99,Engineer
207488,Remco,Peternell,1/13/63,4/22/99,1/1/99,Senior Engineer
207493,Zorica,Eterovic,7/17/63,6/14/97,1/1/99,Senior Staff
207494,Alper,Perl,7/29/63,1/7/90,1/1/99,Staff
207504,Qiwen,Maquelin,8/26/64,4/16/96,1/1/99,Engineer
207508,Fumino,Dayana,3/13/62,12/19/92,1/1/99,Senior Engineer
207521,Constantijn,Fraisse,1/19/62,1/26/90,1/1/99,Staff
207525,Tadanori,Fiebach,3/21/63,10/12/88,1/1/99,Senior Engineer
207529,Vojin,Kaiserswerth,11/5/63,3/16/95,1/1/99,Staff
207535,Hairong,Rossi,8/2/62,11/1/92,1/1/99,Engineer
207542,Sanjay,Garrabrants,8/24/62,1/30/96,1/1/99,Staff
207551,Baziley,Falck,1/15/65,2/18/95,1/1/99,Assistant Engineer
207559,Arch,Raczkowsky,5/2/62,7/15/90,1/1/99,Senior Engineer
207561,Gian,Emden,7/16/62,10/1/95,1/1/99,Senior Staff
207562,Susanna,Puppo,1/27/64,6/29/90,1/1/99,Senior Staff
207567,Tomofumi,Chleq,1/14/63,1/4/90,1/1/99,Senior Staff
207594,Khedija,Journel,3/11/64,9/10/86,1/1/99,Engineer
207595,Eric,Hanabata,11/5/62,6/5/96,1/1/99,Assistant Engineer
207596,Demos,Baik,3/26/63,9/17/88,1/1/99,Senior Engineer
207602,Aris,Kulisch,8/14/64,10/17/93,1/1/99,Engineer
207613,Gaurav,Iwayama,9/18/63,1/10/00,1/1/99,Staff
207623,Sampalli,Basagni,4/4/64,4/27/96,1/1/99,Senior Engineer
207625,Leucio,Bage,12/1/64,12/4/95,1/1/99,Senior Engineer
207626,Manohar,Rissanen,1/21/63,1/11/95,1/1/99,Staff
207630,Shay,Provine,1/29/63,5/3/85,1/1/99,Senior Staff
207640,Suzette,Picco,4/16/63,11/2/92,1/1/99,Senior Staff
207653,Kristian,Luga,8/31/63,4/5/94,1/1/99,Senior Engineer
207657,Gonzalo,Massonet,8/14/64,4/30/99,1/1/99,Engineer
207669,Barton,McClurg,7/7/63,11/23/85,1/1/99,Engineer
207671,Amabile,Radivojevic,1/29/63,3/1/90,1/1/99,Engineer
207673,Kensyu,Gustavson,3/24/64,4/8/85,1/1/99,Senior Staff
207674,Freyja,Koblitz,11/5/64,10/25/98,1/1/99,Engineer
207681,Changho,Zongker,2/3/63,3/2/98,1/1/99,Senior Staff
207687,Shaowei,Hiyoshi,2/4/64,10/13/94,1/1/99,Assistant Engineer
207690,Moty,Giaccio,6/22/64,2/6/96,1/1/99,Engineer
207704,Ayonca,Bugrara,9/5/64,9/27/98,1/1/99,Engineer
207708,Susuma,Milicia,12/19/64,3/24/99,1/1/99,Engineer
207709,Sangeeta,Coors,1/3/62,1/27/98,1/1/99,Staff
207718,Tzvetan,Crooks,3/25/64,6/1/89,1/1/99,Engineer
207719,Masako,Leonhardt,5/3/63,12/21/93,1/1/99,Staff
207722,Teruyuki,Weiland,2/3/64,9/10/93,1/1/99,Senior Engineer
207724,Sukumar,Jansen,10/27/63,10/15/93,1/1/99,Engineer
207729,Collette,Gyimothy,10/14/64,8/12/94,1/1/99,Senior Staff
207730,Kasturi,Narahara,10/3/63,12/23/90,1/1/99,Staff
207735,Yuchang,Sidhu,12/3/64,11/12/97,1/1/99,Senior Engineer
207739,Yakkov,Senzako,9/23/64,9/6/94,1/1/99,Senior Engineer
207742,Leandro,Bresenham,10/25/62,2/14/91,1/1/99,Senior Staff
207750,Yishai,Yoshizawa,10/4/62,2/7/98,1/1/99,Technique Leader
207753,Tesuro,Przulj,10/26/63,12/27/93,1/1/99,Staff
207755,Maya,Begiun,2/18/63,1/24/88,1/1/99,Senior Engineer
207756,Bezalel,Deverell,4/28/64,6/9/87,1/1/99,Staff
207758,Jovan,Lorin,3/11/63,5/15/95,1/1/99,Assistant Engineer
207764,Lorien,Rehfuss,4/28/63,5/4/91,1/1/99,Senior Engineer
207775,Shaibal,Thebaut,7/2/62,11/23/99,1/1/99,Senior Engineer
207776,Udi,Lienhardt,7/13/62,2/10/96,1/1/99,Staff
207779,Chinya,Kamble,1/16/65,5/31/92,1/1/99,Senior Staff
207790,Stein,Noriega,2/18/62,5/6/95,1/1/99,Senior Staff
207799,Doohun,Murillo,5/31/62,4/20/89,1/1/99,Engineer
207802,Marit,Krone,2/8/62,6/19/98,1/1/99,Staff
207803,Ortrud,Coorg,7/10/63,3/15/88,1/1/99,Senior Staff
207822,Filipe,Auyong,1/2/62,11/29/89,1/1/99,Senior Engineer
207831,Mong,Toyoshima,10/22/63,11/24/85,1/1/99,Senior Staff
207833,Alexius,Miculan,7/5/64,6/15/99,1/1/99,Engineer
207842,Pranjal,Denos,8/28/64,9/4/97,1/1/99,Staff
207844,Moheb,Adachi,2/23/63,4/4/96,1/1/99,Staff
207846,Larisa,Zastre,5/27/63,12/14/98,1/1/99,Engineer
207862,Carrsten,Hertweck,10/18/64,5/5/87,1/1/99,Senior Engineer
207865,Tse,Gomatam,3/18/64,12/11/94,1/1/99,Senior Engineer
207867,Froduald,Chandrasekhar,12/1/63,2/24/87,1/1/99,Senior Staff
207872,Fumiyo,Bondorf,7/29/63,8/18/90,1/1/99,Staff
207875,Poornachandra,Slaats,12/23/62,6/9/97,1/1/99,Staff
207879,Marc,Keohane,9/26/63,1/8/90,1/1/99,Staff
207884,Teunis,Pettit,1/6/62,12/25/89,1/1/99,Engineer
207893,Indrajit,Geffroy,12/15/62,9/17/94,1/1/99,Technique Leader
207909,Pragnesh,Tsunoo,10/15/64,11/2/89,1/1/99,Senior Staff
207910,Mana,Belinskaya,11/29/62,6/20/02,1/1/99,Senior Engineer
207920,Xuejun,Ranon,12/10/64,5/18/87,1/1/99,Engineer
207923,Ronghao,Strehl,3/24/64,11/8/88,1/1/99,Engineer
207931,Kazuhiro,Hettesheimer,9/6/64,10/22/91,1/1/99,Senior Staff
207935,Theirry,Peng,9/6/62,8/15/89,1/1/99,Senior Staff
207939,Richard,Snedden,1/28/62,1/21/96,1/1/99,Engineer
207942,Florina,Ghandeharizadeh,12/10/62,9/27/91,1/1/99,Engineer
207943,Stafford,Veldwijk,3/20/64,7/2/92,1/1/99,Staff
207946,Djelloul,Nicolson,2/21/63,7/27/98,1/1/99,Staff
207956,Haldun,Baez,9/20/64,11/3/89,1/1/99,Staff
207959,Gill,Brizzi,7/5/64,9/15/99,1/1/99,Engineer
207965,Basant,Brookner,11/13/63,10/2/95,1/1/99,Staff
207973,Jeanne,Petereit,9/6/63,3/14/93,1/1/99,Engineer
207979,Ibibia,Salvesen,4/11/64,9/1/86,1/1/99,Staff
207980,Remko,Vieth,1/7/65,11/22/90,1/1/99,Senior Staff
207981,Eric,Beetstra,8/27/64,6/15/02,1/1/99,Staff
207983,Doohun,Plumb,12/26/64,3/17/94,1/1/99,Senior Staff
207985,Gererd,Frijda,7/3/63,4/15/97,1/1/99,Senior Staff
207990,Yoshimitsu,Murillo,9/2/64,7/19/96,1/1/99,Senior Staff
207994,Fei,Ruther,2/11/63,8/3/88,1/1/99,Technique Leader
207995,Martina,Waeselynck,11/28/63,9/28/90,1/1/99,Senior Engineer
208000,Gaetan,Bauknecht,12/1/63,2/19/97,1/1/99,Staff
208001,Bartek,Desikan,9/26/63,5/2/85,1/1/99,Engineer
208002,Marit,Berztiss,12/7/64,8/26/88,1/1/99,Engineer
208007,Bernice,Back,11/1/62,4/6/97,1/1/99,Senior Engineer
208008,Xinan,Barvinok,8/5/62,1/30/88,1/1/99,Senior Engineer
208013,Chriss,Akazan,6/27/62,11/19/97,1/1/99,Senior Engineer
208021,Shakhar,Taubman,6/2/63,1/20/02,1/1/99,Senior Engineer
208022,Mark,Perng,6/16/64,7/28/91,1/1/99,Engineer
208025,Aruna,Sinicrope,5/22/63,12/15/93,1/1/99,Senior Engineer
208034,Vitaly,Katiyar,2/12/63,4/15/88,1/1/99,Senior Staff
208038,Gurbir,Siochi,9/7/64,9/28/00,1/1/99,Engineer
208048,Chaosheng,Maierhofer,9/7/64,1/13/86,1/1/99,Senior Engineer
208051,LiMin,Marsiglia,12/6/63,1/26/90,1/1/99,Senior Staff
208052,Subhada,Ressouche,11/7/62,10/19/92,1/1/99,Staff
208061,Domenico,Bonifati,10/16/64,3/17/86,1/1/99,Engineer
208064,Avishai,Iisaku,10/17/62,11/17/90,1/1/99,Senior Staff
208090,Shen,Luca,1/5/63,11/21/99,1/1/99,Engineer
208096,Junsik,Ashish,1/7/62,8/28/97,1/1/99,Technique Leader
208102,Hiroyasu,Fargier,3/11/63,4/11/99,1/1/99,Engineer
208106,Indrajit,Peck,4/23/63,9/30/99,1/1/99,Engineer
208113,Goa,Gopalakrishnan,8/20/64,5/11/99,1/1/99,Staff
208120,Arie,Coorg,3/7/64,11/5/88,1/1/99,Staff
208137,Etsuo,dAstous,2/22/64,6/5/93,1/1/99,Senior Staff
208143,Tomoyuki,Fontan,9/28/62,5/5/99,1/1/99,Engineer
208144,Jixiang,Beznosov,6/23/64,6/11/89,1/1/99,Staff
208145,Shawna,Zhiwei,11/21/64,2/25/95,1/1/99,Senior Staff
208147,Manu,Rothenberg,1/9/65,12/6/88,1/1/99,Engineer
208159,Sven,Claffy,9/7/64,6/11/85,1/1/99,Senior Staff
208160,Shichao,Shokrollahi,4/14/62,8/8/95,1/1/99,Senior Staff
208165,Elzbieta,Kavraki,6/1/64,6/10/96,1/1/99,Staff
208168,Hyuckchul,Andreotta,12/31/64,6/4/96,1/1/99,Senior Engineer
208179,Goncalo,Fraisse,6/28/63,5/18/92,1/1/99,Staff
208181,Dayanand,Chenney,4/11/62,3/20/97,1/1/99,Engineer
208182,Baocai,Heering,12/11/64,4/25/87,1/1/99,Technique Leader
208185,Eran,Bratsberg,9/11/63,7/3/01,1/1/99,Technique Leader
208188,Arvin,Ossenbruggen,1/15/63,9/1/94,1/1/99,Senior Engineer
208193,Kenroku,Petersohn,8/5/62,11/1/90,1/1/99,Senior Engineer
208195,Yongqiao,Riefers,11/15/62,5/13/92,1/1/99,Engineer
208201,Kiam,Walston,8/1/64,7/28/91,1/1/99,Senior Engineer
208205,Spyrose,Rosin,3/8/62,1/1/92,1/1/99,Senior Staff
208206,Mingdong,Farrag,6/26/62,2/6/89,1/1/99,Senior Engineer
208222,Shigenori,Pelc,2/22/64,3/27/89,1/1/99,Senior Staff
208231,Carrsten,Borovoy,8/17/62,7/24/88,1/1/99,Senior Engineer
208232,Siddarth,Azumi,11/21/63,8/26/97,1/1/99,Engineer
208237,Adhemar,Joslin,4/14/64,5/18/94,1/1/99,Staff
208241,Janalee,Stanger,11/1/63,1/3/88,1/1/99,Senior Engineer
208251,Berni,Plumb,10/10/64,4/7/00,1/1/99,Senior Engineer
208252,Zhigen,Luks,7/4/62,8/1/93,1/1/99,Staff
208255,Jaihie,Walstra,4/2/64,10/9/92,1/1/99,Technique Leader
208271,Sanjeeva,Crelier,12/29/64,11/12/96,1/1/99,Engineer
208274,Bojan,Kalsbeek,8/2/64,5/16/91,1/1/99,Senior Staff
208276,Ulf,Pena,9/30/64,2/4/93,1/1/99,Staff
208278,Jaques,Benzaken,8/3/63,8/7/91,1/1/99,Senior Engineer
208280,Susanta,Imataki,9/4/64,9/20/98,1/1/99,Staff
208281,Tonia,Hoogerwoord,10/2/63,5/2/87,1/1/99,Senior Engineer
208285,Anwar,Nitsch,6/6/64,1/22/86,1/1/99,Senior Engineer
208289,Zeydy,Dichev,1/19/63,4/4/88,1/1/99,Senior Engineer
208292,Shaz,Rosch,4/10/63,6/23/92,1/1/99,Senior Staff
208300,Aron,Varker,9/20/64,2/5/98,1/1/99,Engineer
208302,Demin,Kuhnemann,9/26/62,2/28/88,1/1/99,Engineer
208303,Shao,Picaronny,7/27/64,8/23/96,1/1/99,Engineer
208316,Xiong,Danecki,8/5/64,11/23/86,1/1/99,Senior Engineer
208323,Bader,Coney,6/15/63,8/3/87,1/1/99,Staff
208329,Leucio,Boissier,5/16/62,1/10/02,1/1/99,Engineer
208330,Shen,Flanders,1/11/65,7/3/89,1/1/99,Staff
208332,Naftali,Melichar,8/17/64,11/24/96,1/1/99,Senior Engineer
208338,Aris,Assaf,8/21/63,8/28/97,1/1/99,Engineer
208339,Pintsang,Bouloucos,1/1/64,8/11/97,1/1/99,Engineer
208343,Nevin,Mellouli,6/19/64,10/9/85,1/1/99,Engineer
208349,Heon,Ranum,3/22/64,5/16/90,1/1/99,Engineer
208350,Jayson,Marrakchi,11/22/62,12/7/88,1/1/99,Senior Staff
208359,Guozhong,Wolniewicz,7/2/62,1/31/88,1/1/99,Senior Staff
208367,Satoru,Wrigley,2/21/63,5/12/96,1/1/99,Engineer
208373,Bodo,Weedon,9/3/63,11/9/98,1/1/99,Senior Engineer
208379,Nevio,Cappelli,10/6/63,8/25/90,1/1/99,Staff
208382,Anyuan,Gill,3/20/62,6/14/97,1/1/99,Senior Engineer
208387,Keiichiro,Sidou,11/26/62,6/26/94,1/1/99,Senior Engineer
208388,Cathie,Rando,5/25/62,4/22/88,1/1/99,Senior Staff
208389,Barun,Heusch,4/13/64,8/29/94,1/1/99,Engineer
208390,Dharmaraja,Bernardinello,11/7/62,4/21/95,1/1/99,Engineer
208391,Jiafu,Bahr,1/2/63,11/19/87,1/1/99,Engineer
208396,Slavian,Heyers,7/31/63,7/29/94,1/1/99,Engineer
208399,Tru,Shobatake,11/20/64,8/22/88,1/1/99,Senior Engineer
208405,Subbu,Terekhov,9/23/62,9/16/85,1/1/99,Engineer
208410,Jagoda,Erdi,1/22/63,5/9/90,1/1/99,Senior Engineer
208411,Krassimir,McDermid,4/24/62,4/15/02,1/1/99,Staff
208412,Limsoon,Peck,5/20/64,7/10/99,1/1/99,Staff
208418,Alain,Gimbel,5/21/62,8/31/87,1/1/99,Senior Engineer
208422,Isamu,Spelt,8/21/63,9/20/98,1/1/99,Engineer
208442,Navin,Bednarek,2/16/64,9/7/92,1/1/99,Senior Staff
208444,Franziska,Duclos,12/25/62,6/24/88,1/1/99,Senior Engineer
208449,Xiong,Greibach,5/26/63,3/31/94,1/1/99,Senior Engineer
208451,Arto,Ginesta,3/27/64,8/16/93,1/1/99,Senior Staff
208452,Huican,Trelles,7/31/63,11/11/88,1/1/99,Senior Engineer
208459,Lobel,Nivat,8/18/64,6/14/95,1/1/99,Senior Staff
208469,Masato,Morrey,10/3/64,1/26/94,1/1/99,Senior Engineer
208491,Valeri,Hofstetter,5/4/62,5/8/89,1/1/99,Staff
208493,Sailaja,Hinsberger,5/16/64,9/17/85,1/1/99,Senior Staff
208495,Kish,Erev,2/27/64,8/8/92,1/1/99,Engineer
208499,Sushant,Kolinko,7/20/62,11/15/91,1/1/99,Staff
208508,Olivera,Bolsens,1/3/62,8/23/90,1/1/99,Senior Staff
208518,Duro,Czap,9/18/64,5/4/87,1/1/99,Senior Engineer
208519,Kenroku,Dengi,1/27/63,6/12/93,1/1/99,Senior Staff
208522,Nigel,Eiron,1/11/63,8/6/88,1/1/99,Senior Engineer
208530,Hatsukazu,Cochrane,5/10/64,3/7/98,1/1/99,Technique Leader
208532,Subhash,Peak,6/16/64,7/9/93,1/1/99,Engineer
208541,Uli,Otillio,3/31/62,7/10/90,1/1/99,Senior Staff
208543,Uinam,Azuma,1/7/64,5/5/92,1/1/99,Senior Staff
208550,Muneo,Gammage,12/25/63,7/28/87,1/1/99,Senior Staff
208554,Ortrud,Isaak,11/30/62,3/22/99,1/1/99,Senior Staff
208561,Bouchung,Morris,11/21/63,3/18/87,1/1/99,Technique Leader
208567,Geoffrey,Mitzlaff,6/29/64,11/12/99,1/1/99,Staff
208575,Oldrich,Ranze,5/29/64,5/31/93,1/1/99,Senior Staff
208578,Munir,Matzat,12/5/64,7/7/96,1/1/99,Senior Engineer
208579,Sudharsan,Malabarba,7/5/64,10/27/87,1/1/99,Senior Staff
208580,Masamitsu,Masaki,7/1/64,3/1/95,1/1/99,Assistant Engineer
208587,Georgy,Lubachevsky,11/30/64,9/18/97,1/1/99,Staff
208598,Abdelkader,Chartres,4/18/64,11/14/99,1/1/99,Staff
208603,Jouni,Simkin,4/21/64,1/29/99,1/1/99,Senior Staff
208609,Tokuyasu,Schreiter,9/14/64,4/11/98,1/1/99,Engineer
208615,Dante,Porotnikoff,11/15/64,11/30/87,1/1/99,Senior Staff
208616,Gaetan,Simkin,6/14/63,9/29/95,1/1/99,Staff
208618,Jinxi,Perko,4/25/63,12/6/93,1/1/99,Technique Leader
208620,Barna,Undy,6/29/63,9/30/97,1/1/99,Engineer
208623,Florian,Figueira,10/13/63,1/9/96,1/1/99,Engineer
208629,Jiafu,Goodrum,9/7/62,11/1/89,1/1/99,Engineer
208634,Janche,Iwayama,1/8/64,12/26/92,1/1/99,Senior Staff
208639,Larisa,Lukaszewicz,1/27/65,10/30/96,1/1/99,Staff
208640,Shawna,Crabtree,12/22/62,5/24/91,1/1/99,Engineer
208653,Phillip,Schade,1/23/65,3/3/89,1/1/99,Senior Engineer
208661,Xuedong,Sommen,11/7/63,10/12/98,1/1/99,Engineer
208665,Kayoko,Beznosov,10/17/62,10/24/90,1/1/99,Staff
208667,Tze,Molenkamp,4/28/63,8/1/86,1/1/99,Senior Engineer
208673,Zorica,Botman,1/22/62,6/24/88,1/1/99,Senior Engineer
208695,Idoia,Mayerwieser,12/11/63,10/14/85,1/1/99,Engineer
208700,Mario,DiGiano,6/19/63,4/20/87,1/1/99,Senior Engineer
208702,Kitty,Highland,12/31/62,10/16/99,1/1/99,Staff
208713,Morris,Reeker,1/20/64,3/20/98,1/1/99,Staff
208729,Arnould,Spinelli,12/8/62,7/29/91,1/1/99,Senior Staff
208739,Stein,Motley,9/11/64,6/8/89,1/1/99,Senior Engineer
208744,Shan,Merel,4/22/64,12/13/94,1/1/99,Technique Leader
208748,Mahmut,Validov,8/3/63,7/1/85,1/1/99,Engineer
208755,Stepehn,Hinsberger,3/27/63,2/3/92,1/1/99,Senior Staff
208756,Masaru,Selvestrel,1/6/63,11/10/88,1/1/99,Senior Engineer
208757,Chrisa,Brendel,12/10/62,6/22/87,1/1/99,Senior Staff
208768,Ravishankar,Schwartzbauer,10/4/64,5/25/88,1/1/99,Staff
208772,Guoxiang,Tyugu,10/3/64,6/7/91,1/1/99,Senior Engineer
208777,Cullen,Tsunoo,7/11/64,5/24/97,1/1/99,Senior Staff
208784,Pranjal,Juneja,1/30/65,3/21/85,1/1/99,Senior Engineer
208790,Ramachenga,Poupard,9/10/64,4/10/85,1/1/99,Senior Engineer
208794,Garnik,Nergos,5/22/64,11/13/92,1/1/99,Senior Staff
208798,Akhilish,Farrar,2/13/62,7/13/92,1/1/99,Engineer
208799,Byong,Warwick,11/12/63,7/18/87,1/1/99,Staff
208801,Lucian,Kriebel,6/14/62,12/25/94,1/1/99,Senior Staff
208803,Mayuri,Zucker,12/27/63,4/14/89,1/1/99,Staff
208808,Chenye,Deville,6/2/63,7/24/94,1/1/99,Assistant Engineer
208812,Atreyi,Asser,8/10/64,6/30/86,1/1/99,Senior Staff
208821,Percy,Gerlach,7/24/62,7/7/86,1/1/99,Senior Engineer
208825,Yongdong,Lubachevsky,8/6/63,2/18/88,1/1/99,Senior Staff
208828,Krassimir,Doering,8/24/62,9/12/98,1/1/99,Engineer
208832,Snehasis,Brodal,6/1/62,9/23/86,1/1/99,Senior Staff
208837,Mitsuyuki,Gini,7/5/63,1/3/90,1/1/99,Engineer
208844,Amabile,Baar,9/6/62,7/7/91,1/1/99,Senior Engineer
208848,Valeska,Kavraki,1/23/64,6/13/94,1/1/99,Staff
208852,Cedric,Dengi,5/7/62,9/26/96,1/1/99,Senior Staff
208867,Youssef,Pokrovskii,6/17/64,4/11/98,1/1/99,Engineer
208868,Vitali,Engelmann,12/12/62,11/22/97,1/1/99,Assistant Engineer
208872,Christ,Morrin,11/23/64,7/25/97,1/1/99,Staff
208887,Gaurav,Zaumen,11/5/63,7/22/93,1/1/99,Engineer
208896,Supot,Ulupinar,10/7/63,1/5/89,1/1/99,Senior Staff
208899,Filipp,Thisen,11/19/64,2/1/87,1/1/99,Senior Engineer
208919,Wanqing,Vidal,6/19/63,4/28/86,1/1/99,Senior Engineer
208921,Ingemar,Grandbois,2/9/62,12/10/91,1/1/99,Engineer
208927,Jeanna,Maksimenko,8/19/62,3/26/95,1/1/99,Senior Staff
208928,Ramzi,Merlo,2/17/62,6/20/97,1/1/99,Senior Staff
208930,Kiyotoshi,Denna,7/23/64,4/7/86,1/1/99,Engineer
208932,Irene,Kolvik,7/26/63,11/9/86,1/1/99,Assistant Engineer
208937,Ebbe,Jeansoulin,4/7/62,5/28/88,1/1/99,Staff
208939,Krisda,Preusig,7/9/64,7/16/00,1/1/99,Engineer
208945,Tomofumi,Restivo,7/21/64,2/14/85,1/1/99,Assistant Engineer
208946,Vishv,Perri,2/25/63,8/20/92,1/1/99,Engineer
208949,Nimmagadda,Waschkowski,12/2/63,11/30/96,1/1/99,Senior Staff
208953,Bernt,Schrooten,11/11/62,5/28/91,1/1/99,Senior Staff
208958,Samphel,Vecchi,8/29/64,7/28/90,1/1/99,Technique Leader
208959,Geoff,Sabnani,3/4/64,10/21/94,1/1/99,Engineer
208962,Reinhold,Willoner,7/24/63,6/26/87,1/1/99,Staff
208967,Sailaja,Kobuchi,10/7/64,5/16/90,1/1/99,Senior Staff
208981,Howell,Molberg,11/17/62,4/23/96,1/1/99,Senior Engineer
208986,Florina,Sundgren,10/21/62,9/20/89,1/1/99,Senior Staff
208988,Maris,Vesna,2/27/63,10/6/98,1/1/99,Senior Engineer
208989,Jianhao,Marquardt,8/20/64,9/12/89,1/1/99,Senior Engineer
208990,Kannan,Trumbly,12/12/64,12/5/85,1/1/99,Senior Engineer
209003,Maik,Kitai,12/15/64,6/8/89,1/1/99,Senior Staff
209007,Dharmaraja,Hmelo,10/22/62,6/5/89,1/1/99,Engineer
209013,Baocai,Lupu,1/4/62,10/16/92,1/1/99,Senior Staff
209016,Xuejun,Lampe,6/6/64,2/12/97,1/1/99,Engineer
209018,Mack,Polajnar,5/7/64,6/13/87,1/1/99,Senior Engineer
209028,Shigehito,Hiroyama,3/13/62,4/21/86,1/1/99,Senior Staff
209029,Shen,Chenoweth,10/24/63,1/26/97,1/1/99,Senior Engineer
209034,Gopalakrishnan,Ozeri,1/27/64,3/10/98,1/1/99,Staff
209039,Thanasis,Pagter,10/3/62,11/23/93,1/1/99,Engineer
209058,Siamak,Stasinski,3/9/64,9/16/95,1/1/99,Technique Leader
209068,Toshiko,Sidje,11/20/64,8/28/85,1/1/99,Senior Staff
209069,Valter,Kobuchi,3/12/64,10/13/89,1/1/99,Senior Engineer
209080,Gift,Bolotov,8/12/62,6/3/91,1/1/99,Staff
209085,Rafols,Yamaashi,5/13/64,4/3/90,1/1/99,Senior Staff
209090,Otmar,Binding,5/17/63,8/19/00,1/1/99,Engineer
209092,Jiang,Poujol,7/6/63,1/29/88,1/1/99,Senior Engineer
209093,Rutger,Slaats,5/27/62,10/8/96,1/1/99,Senior Engineer
209095,Otilia,Alencar,4/21/64,9/22/93,1/1/99,Senior Engineer
209097,Mototsugu,Vakili,7/17/63,11/14/93,1/1/99,Senior Staff
209101,Xinyu,Edelhoff,1/5/65,10/26/97,1/1/99,Senior Engineer
209106,Branimir,Gischer,8/8/63,10/13/87,1/1/99,Senior Staff
209109,Kasturi,Marakhovsky,8/2/62,2/24/95,1/1/99,Technique Leader
209119,Elgin,Mapelli,11/23/64,10/29/95,1/1/99,Engineer
209122,Vishu,Steenbeek,3/19/63,5/8/87,1/1/99,Engineer
209124,Charlene,Murtafg,5/14/62,12/26/87,1/1/99,Senior Staff
209130,Kamakshi,Mahnke,4/12/62,6/1/93,1/1/99,Senior Engineer
209132,Hongzue,Heemskerk,6/16/63,6/15/90,1/1/99,Engineer
209159,Ioana,Mahnke,11/9/64,9/28/97,1/1/99,Engineer
209164,Girolamo,Szmurlo,5/6/64,11/19/92,1/1/99,Senior Engineer
209169,Abdelkader,Antonisse,12/22/62,11/6/96,1/1/99,Staff
209171,Dung,Markovitch,5/26/64,1/29/86,1/1/99,Senior Staff
209177,Sailaja,Mitzlaff,3/17/63,5/11/01,1/1/99,Staff
209178,Yonghoan,Lubachevsky,7/31/64,9/24/95,1/1/99,Senior Engineer
209184,Subhankar,Schoegge,6/4/63,6/2/98,1/1/99,Technique Leader
209191,Isamu,Fontet,4/18/62,10/10/89,1/1/99,Senior Staff
209203,Yurij,Lieblein,1/9/63,8/19/92,1/1/99,Engineer
209207,Takahito,Szmurlo,7/29/63,8/20/89,1/1/99,Senior Engineer
209209,Christ,Selenyi,4/4/62,4/11/86,1/1/99,Staff
209210,Toshimitsu,Halevi,9/14/63,11/2/95,1/1/99,Engineer
209214,Niranjan,Stifter,11/30/63,5/19/97,1/1/99,Engineer
209223,Rutger,Barinka,9/28/62,8/31/91,1/1/99,Staff
209225,Susuma,Kambil,7/26/64,3/6/95,1/1/99,Staff
209229,Zhenbing,Peir,5/26/64,11/4/94,1/1/99,Engineer
209234,Brewster,Iacovou,11/24/63,7/18/98,1/1/99,Engineer
209244,Younwoo,Maquelin,9/4/64,10/2/85,1/1/99,Senior Engineer
209246,Kensei,Pietracaprina,5/19/62,6/30/92,1/1/99,Staff
209251,Irena,Breugel,5/2/64,9/7/85,1/1/99,Engineer
209270,Adam,Baja,7/13/64,1/5/00,1/1/99,Engineer
209271,Udaiprakash,Picaronny,3/2/62,3/21/86,1/1/99,Senior Staff
209273,Billie,Mullainathan,9/18/63,7/20/89,1/1/99,Senior Staff
209274,Yuchang,Heuser,5/14/62,2/9/88,1/1/99,Staff
209283,Chrisa,Matzov,9/26/62,12/4/99,1/1/99,Staff
209284,Shigeu,Dredge,7/22/62,3/19/87,1/1/99,Engineer
209290,Lorien,Shanbhogue,5/27/64,4/6/91,1/1/99,Staff
209294,Pradeep,Gist,7/4/64,9/27/95,1/1/99,Senior Engineer
209295,Jackson,Bondorf,7/4/62,11/15/87,1/1/99,Senior Staff
209299,Uwe,Schwartzburd,3/10/63,12/10/91,1/1/99,Senior Staff
209305,Gio,Horswill,4/23/63,4/24/02,1/1/99,Engineer
209310,Patricia,Kakkad,4/20/64,8/10/89,1/1/99,Engineer
209311,Maya,Luan,3/4/62,5/30/97,1/1/99,Engineer
209318,Tadahiko,Perez,7/31/63,1/14/86,1/1/99,Senior Staff
209321,Elvis,Benveniste,2/24/62,3/10/88,1/1/99,Engineer
209327,Yongqiao,Bratsberg,6/29/64,3/5/93,1/1/99,Senior Engineer
209338,Rosli,Veldwijk,8/12/62,1/24/00,1/1/99,Senior Staff
209342,Khalid,Avouris,7/16/63,12/27/87,1/1/99,Staff
209343,Atreye,Weiland,8/3/63,12/28/86,1/1/99,Senior Engineer
209344,Stein,Stanger,11/2/62,11/12/92,1/1/99,Engineer
209348,Aral,Crelier,1/18/63,10/1/97,1/1/99,Staff
209369,Xiaobin,Thombley,6/24/63,1/10/94,1/1/99,Engineer
209373,Bodh,Schnelling,8/29/63,11/16/96,1/1/99,Senior Engineer
209376,Danel,Walston,8/4/64,11/6/96,1/1/99,Senior Staff
209384,Sariel,Socorro,12/3/64,11/18/86,1/1/99,Senior Staff
209391,Herbert,Speckmann,1/6/62,9/22/90,1/1/99,Senior Staff
209409,Xiadong,Camarinopoulos,11/7/62,9/24/88,1/1/99,Technique Leader
209411,Dinkar,Uchoa,1/27/64,9/1/00,1/1/99,Engineer
209413,Phuoc,Foong,3/31/64,9/4/99,1/1/99,Engineer
209422,Reinhard,Gischer,7/28/64,1/12/99,1/1/99,Engineer
209423,Pradeep,Pusterhofer,10/22/64,5/8/87,1/1/99,Senior Engineer
209424,Eckart,Speckmann,5/21/64,7/16/95,1/1/99,Engineer
209427,Chiranjit,Attimonelli,11/23/62,2/17/93,1/1/99,Staff
209430,Florina,Kulisch,2/5/64,5/23/90,1/1/99,Senior Engineer
209433,Sven,Beznosov,12/27/62,8/11/85,1/1/99,Senior Staff
209434,Marsal,Vecchi,12/8/63,6/4/89,1/1/99,Senior Staff
209437,Candido,Validov,4/3/63,11/1/99,1/1/99,Staff
209440,Boalin,Servieres,8/15/64,7/17/92,1/1/99,Senior Staff
209443,Krassimir,Garnier,1/19/65,1/26/98,1/1/99,Senior Staff
209450,Shugo,Gornas,10/29/62,12/14/89,1/1/99,Senior Engineer
209451,Cheong,Millington,6/11/64,2/17/94,1/1/99,Staff
209479,Frazer,Haumacher,1/29/64,3/21/99,1/1/99,Staff
209480,Yannis,Schueller,2/14/62,2/17/99,1/1/99,Staff
209488,Mari,Ranze,2/22/64,9/12/93,1/1/99,Senior Staff
209491,Goetz,Talmor,10/26/63,7/30/98,1/1/99,Assistant Engineer
209494,Hideo,Muhlberg,4/12/64,10/1/99,1/1/99,Engineer
209495,Yuguang,Saoudi,6/30/64,3/1/93,1/1/99,Engineer
209506,Eben,Jiafu,2/4/63,2/25/99,1/1/99,Engineer
209508,Manton,Bennis,3/18/63,10/13/94,1/1/99,Engineer
209510,Maris,Rosis,1/5/62,1/1/94,1/1/99,Senior Engineer
209513,Tremaine,Yurov,3/25/63,5/26/93,1/1/99,Senior Staff
209514,Haldun,Luca,12/18/64,11/2/88,1/1/99,Senior Engineer
209527,Sashi,Danlos,9/26/62,12/16/99,1/1/99,Staff
209528,Jinpo,Range,6/14/63,7/3/92,1/1/99,Engineer
209537,Mark,Linnainmaa,1/27/64,4/12/94,1/1/99,Engineer
209538,Munehiko,Sherertz,9/7/63,8/26/98,1/1/99,Staff
209541,Achilleas,Maraist,7/31/62,8/3/98,1/1/99,Engineer
209550,Khun,Spinelli,6/9/63,1/2/94,1/1/99,Staff
209556,Jiafu,Besancenot,6/26/63,3/8/93,1/1/99,Assistant Engineer
209557,Remco,Tischendorf,4/20/63,10/15/96,1/1/99,Staff
209558,Kwee,Stroustrup,11/14/64,11/23/97,1/1/99,Engineer
209565,Dante,Covnot,1/9/65,5/28/89,1/1/99,Staff
209572,Lene,Ernst,3/1/64,11/7/95,1/1/99,Engineer
209573,Xudong,Wroclawski,10/27/63,8/19/91,1/1/99,Staff
209579,Kensyu,Hitomi,1/9/62,9/19/89,1/1/99,Senior Staff
209584,Arnould,Rahimi,3/18/63,3/7/92,1/1/99,Senior Staff
209598,Zorica,Shiratori,3/20/62,6/13/96,1/1/99,Staff
209616,Rimli,Besancenot,2/4/62,4/24/98,1/1/99,Senior Engineer
209618,Satosi,Simmen,9/23/62,1/19/89,1/1/99,Senior Engineer
209630,Dayanand,Kabayashi,7/31/62,1/19/94,1/1/99,Staff
209635,Theirry,Belinskaya,8/26/63,3/19/92,1/1/99,Technique Leader
209645,Remko,Kavraki,4/28/63,6/3/94,1/1/99,Staff
209652,Peternela,Lodder,2/25/63,12/21/97,1/1/99,Staff
209664,Fumiya,Impagliazzo,3/9/62,5/12/01,1/1/99,Assistant Engineer
209669,Yishay,Gerteisen,2/20/64,5/11/95,1/1/99,Engineer
209673,Rayond,Assaf,2/23/64,6/12/02,1/1/99,Assistant Engineer
209695,Masami,Fordan,10/11/63,1/29/99,1/1/99,Senior Engineer
209696,Gopalakrishnan,Markovitch,4/7/64,2/14/95,1/1/99,Staff
209697,Theirry,Mundy,6/22/64,1/17/87,1/1/99,Senior Staff
209699,Shuky,Taubenfeld,11/11/62,7/21/99,1/1/99,Engineer
209702,Fumino,Rodiger,5/21/63,4/13/99,1/1/99,Engineer
209707,Shounak,Erol,11/22/64,11/28/99,1/1/99,Senior Engineer
209712,Nimmagadda,Baak,1/17/65,10/30/87,1/1/99,Engineer
209716,Hidekazu,Msuda,4/7/63,5/3/95,1/1/99,Engineer
209726,Yishay,Limongiello,10/27/62,11/26/88,1/1/99,Senior Staff
209729,Gadiel,Jiafu,11/4/64,3/23/91,1/1/99,Senior Staff
209731,Mahendra,Raney,6/30/63,10/19/97,1/1/99,Senior Engineer
209733,Subhash,Hooghiemstra,9/25/62,1/19/92,1/1/99,Senior Staff
209737,Sajjan,Bugrara,5/13/64,2/7/98,1/1/99,Engineer
209738,Giap,Munawer,8/16/63,8/17/96,1/1/99,Senior Engineer
209740,Uwe,Gecsel,2/14/62,7/17/95,1/1/99,Senior Staff
209745,Zhiguo,Chelton,10/28/64,1/29/99,1/1/99,Staff
209753,Xiaoqiu,Basagni,3/6/64,9/8/91,1/1/99,Staff
209755,Douadi,Ligten,8/30/64,10/24/01,1/1/99,Staff
209757,Gao,Magalhaes,7/13/63,10/26/91,1/1/99,Engineer
209759,Mabhin,Lichtner,11/23/64,8/5/99,1/1/99,Senior Staff
209761,Serge,Leijenhorst,5/3/64,9/29/90,1/1/99,Senior Staff
209766,Gritta,Perri,9/21/62,5/6/88,1/1/99,Assistant Engineer
209772,Satoru,Kowalchuk,5/29/63,1/10/00,1/1/99,Engineer
209789,Edwin,Botman,4/3/63,12/28/87,1/1/99,Engineer
209797,Hatim,Luca,12/7/62,11/2/95,1/1/99,Senior Staff
209804,Jianhui,Condotta,1/13/63,1/12/93,1/1/99,Staff
209813,Naraig,Apsitis,3/16/63,10/28/89,1/1/99,Staff
209815,Bader,Kornyak,1/23/62,3/17/87,1/1/99,Senior Staff
209821,Fumiko,Sommer,4/20/64,1/17/94,1/1/99,Senior Engineer
209825,Sugwoo,Beutelspacher,8/9/63,7/14/96,1/1/99,Staff
209830,Conrado,Cincotta,10/8/62,3/30/90,1/1/99,Senior Engineer
209833,Mohit,Larfeldt,6/10/64,9/15/98,1/1/99,Technique Leader
209837,Makato,Peir,3/12/62,3/30/94,1/1/99,Senior Staff
209841,Pasqua,Luiz,9/28/64,12/28/99,1/1/99,Staff
209846,Sangeeta,Gulak,8/9/63,10/6/01,1/1/99,Senior Staff
209847,Adly,Schnelling,6/22/63,3/21/90,1/1/99,Staff
209848,Tadanori,Speel,5/2/64,2/24/91,1/1/99,Technique Leader
209852,Jovan,Butner,1/24/63,4/14/88,1/1/99,Senior Staff
209857,Bogdan,Rodite,8/28/64,11/10/91,1/1/99,Senior Staff
209858,Kellie,Engelmann,9/22/63,5/22/87,1/1/99,Senior Staff
209862,Maha,Tiemann,6/28/62,11/8/98,1/1/99,Engineer
209866,Kwee,Saoudi,2/6/63,2/23/88,1/1/99,Senior Staff
209870,Giao,Zaiane,9/14/64,5/22/96,1/1/99,Engineer
209873,Kankanahalli,Schwabacher,3/22/63,9/13/94,1/1/99,Engineer
209875,Alejandro,Decaestecker,4/7/62,12/27/86,1/1/99,Assistant Engineer
209881,Patricia,Jakobus,10/19/63,3/25/88,1/1/99,Senior Engineer
209898,Arno,Kleiser,2/17/62,10/31/87,1/1/99,Senior Engineer
209909,Sanjeeva,Farrag,4/6/62,8/7/85,1/1/99,Assistant Engineer
209912,Martijn,Shiratori,4/7/64,4/10/91,1/1/99,Engineer
209916,Yuichiro,Koblick,3/5/62,9/16/89,1/1/99,Engineer
209925,Renee,Randt,9/3/64,4/23/95,1/1/99,Engineer
209927,Katsuyuki,Solares,3/21/63,1/21/95,1/1/99,Engineer
209931,Ayakannu,Remmers,10/19/64,9/3/91,1/1/99,Senior Staff
209946,Arco,Clemencon,4/2/63,3/28/95,1/1/99,Senior Engineer
209956,Idoia,Silva,10/15/62,9/1/91,1/1/99,Senior Staff
209973,Shmuel,Morris,8/19/64,12/3/85,1/1/99,Senior Engineer
209974,Mats,Scharstein,8/9/62,11/6/97,1/1/99,Engineer
209975,Parto,Pehl,10/5/64,10/16/92,1/1/99,Staff
209983,Kiam,Garnham,6/16/63,4/8/95,1/1/99,Staff
209987,Alagu,Spieker,5/31/63,12/23/86,1/1/99,Staff
209992,Steve,Tempesti,3/16/62,6/3/87,1/1/99,Senior Staff
210003,Jeane,Prenel,12/20/63,3/19/93,1/1/99,Senior Engineer
210006,Mayuko,Steinauer,1/6/62,6/23/98,1/1/99,Staff
210008,Christoph,Matteis,6/10/62,9/16/85,1/1/99,Senior Engineer
210012,Fusako,Facello,2/20/62,3/8/92,1/1/99,Engineer
210017,Shalesh,Lovengreen,1/28/65,9/29/90,1/1/99,Staff
210018,Chirstian,Khalil,6/13/64,4/7/93,1/1/99,Senior Staff
210020,Zhanqiu,Waeselynck,9/10/63,12/18/91,1/1/99,Technique Leader
210022,Pranas,Rotem,9/1/63,2/27/90,1/1/99,Senior Staff
210024,Christfried,Michaeli,5/10/63,5/29/96,1/1/99,Staff
210026,Pranas,Ratzlaff,12/23/63,1/27/96,1/1/99,Senior Staff
210029,Xiping,Pashtan,10/14/64,2/10/97,1/1/99,Staff
210038,Emdad,Aloia,5/25/63,8/15/90,1/1/99,Senior Staff
210041,Jiakeng,Billingsley,5/6/62,10/27/89,1/1/99,Senior Engineer
210043,Kamakshi,Peltason,9/10/63,12/26/99,1/1/99,Staff
210049,Kellyn,Schiettecatte,9/30/63,8/26/95,1/1/99,Engineer
210051,Alair,Syang,5/27/64,8/4/86,1/1/99,Senior Engineer
210052,Youngkon,Attimonelli,8/17/64,1/20/88,1/1/99,Senior Staff
210059,Charlene,Swiler,4/8/63,1/16/93,1/1/99,Senior Staff
210069,Hironoby,Wrigley,4/22/62,6/30/91,1/1/99,Engineer
210071,Aamod,Bellone,12/19/63,12/5/99,1/1/99,Engineer
210074,Xiaobin,Schmittgen,12/27/63,9/13/98,1/1/99,Staff
210082,Monique,Kolinko,9/6/63,1/18/97,1/1/99,Engineer
210083,Tiina,Wrigley,10/25/63,12/22/85,1/1/99,Senior Engineer
210094,Yuuichi,Hegner,5/28/64,12/31/86,1/1/99,Senior Staff
210095,Sham,Loncour,12/30/62,3/16/87,1/1/99,Senior Engineer
210100,Moti,Szmurlo,2/18/64,5/4/90,1/1/99,Engineer
210103,Sorina,Ulupinar,1/13/63,12/8/85,1/1/99,Senior Engineer
210105,Yuqun,Akazan,11/25/64,8/9/85,1/1/99,Engineer
210108,Hausi,Hedayat,7/12/62,10/18/97,1/1/99,Assistant Engineer
210113,Hisao,Luiz,7/19/62,7/25/98,1/1/99,Engineer
210117,Marek,Greibach,9/27/63,4/20/92,1/1/99,Engineer
210122,Hausi,Anger,5/13/62,12/15/99,1/1/99,Engineer
210123,Kazuhito,Fabrizio,2/21/62,8/1/94,1/1/99,Senior Staff
210124,Weiwu,Malabarba,7/2/62,7/7/88,1/1/99,Senior Staff
210127,Bluma,Oskamp,5/13/63,7/15/88,1/1/99,Engineer
210131,Chinho,Chiola,1/3/62,9/8/86,1/1/99,Senior Engineer
210138,Nahla,Swan,6/18/64,11/19/97,1/1/99,Engineer
210142,Shih,Cichocki,4/26/64,9/20/92,1/1/99,Senior Staff
210146,Tesuya,Hanabata,2/26/62,6/24/98,1/1/99,Engineer
210148,Ulises,Eiron,12/8/64,9/15/98,1/1/99,Engineer
210150,Ziya,Ressouche,6/21/63,6/12/89,1/1/99,Senior Staff
210151,Maya,Scallan,3/6/64,9/6/85,1/1/99,Senior Engineer
210170,Morrie,Egerstedt,4/5/64,11/30/92,1/1/99,Assistant Engineer
210177,Martijn,Menyhert,1/5/64,5/14/89,1/1/99,Senior Engineer
210178,Mostafa,Axelband,3/13/62,4/12/88,1/1/99,Engineer
210179,Lokesh,Felder,7/21/64,5/18/90,1/1/99,Staff
210183,Udi,Comyn,10/29/62,6/17/94,1/1/99,Senior Staff
210185,Juichirou,McAffer,3/12/64,10/8/95,1/1/99,Engineer
210186,Stafford,Iivonen,8/18/63,2/12/97,1/1/99,Staff
210188,Evgueni,Avouris,12/16/62,1/8/97,1/1/99,Assistant Engineer
210192,Mokhtar,Restivo,9/22/63,7/2/85,1/1/99,Senior Engineer
210207,Gor,Shihab,3/27/64,8/13/94,1/1/99,Staff
210210,Chaitali,Cairo,10/9/64,12/2/95,1/1/99,Senior Staff
210211,Masadi,Sifakis,12/18/62,11/10/94,1/1/99,Engineer
210218,Panayotis,Lunt,6/18/62,3/9/93,1/1/99,Senior Staff
210236,Lobel,Imataki,12/23/63,12/25/97,1/1/99,Engineer
210250,Chenxi,Merlo,2/22/64,2/18/85,1/1/99,Senior Staff
210254,Guozhong,Willoner,4/12/62,1/26/94,1/1/99,Technique Leader
210257,Halsur,Snedden,5/18/64,8/6/92,1/1/99,Senior Staff
210258,Achilleas,Navazio,8/25/63,11/23/90,1/1/99,Senior Engineer
210259,Kyoichi,Middleton,7/3/62,12/24/90,1/1/99,Staff
210262,Berhard,Anick,2/9/63,4/7/87,1/1/99,Senior Engineer
210271,Xuedong,Jansen,5/18/64,4/16/98,1/1/99,Senior Staff
210272,Taisook,Krichel,6/30/63,2/15/99,1/1/99,Staff
210292,Lihong,Zeilberger,1/18/65,4/28/96,1/1/99,Staff
210294,Premal,Serdy,5/16/64,11/13/92,1/1/99,Staff
210295,Ottavia,Callaway,8/12/64,11/3/88,1/1/99,Assistant Engineer
210299,Fan,Rubsam,2/23/63,2/20/99,1/1/99,Engineer
210304,Yinlin,Hopewell,2/28/62,6/8/92,1/1/99,Senior Engineer
210306,Shigeo,Emden,8/5/62,11/27/99,1/1/99,Staff
210310,Sreekrishna,Cappello,11/14/62,4/22/88,1/1/99,Engineer
210312,Sudharsan,Montresor,6/14/62,6/6/94,1/1/99,Engineer
210314,Jaideep,Schauser,5/7/64,6/26/92,1/1/99,Senior Staff
210318,Tokuyasu,Potthoff,11/22/63,7/16/94,1/1/99,Assistant Engineer
210322,Domenico,Vecchi,3/20/64,10/27/97,1/1/99,Technique Leader
210331,Shin,Swift,11/23/63,1/7/93,1/1/99,Staff
210339,Akhilish,Hofting,12/1/63,7/19/88,1/1/99,Engineer
210346,Alain,Whitcomb,11/12/64,5/26/89,1/1/99,Staff
210352,Elvia,Slaats,6/4/63,3/19/95,1/1/99,Engineer
210355,Sushant,Mikschl,10/28/64,8/26/92,1/1/99,Engineer
210356,Fumiko,Lamba,11/22/63,8/21/96,1/1/99,Staff
210358,Phuoc,Panwar,2/27/62,12/28/91,1/1/99,Senior Staff
210370,Youssef,Erev,4/26/64,1/30/96,1/1/99,Senior Engineer
210372,Hitomi,Wolniewicz,2/26/64,8/6/96,1/1/99,Staff
210377,Kiyotoshi,Denos,9/21/64,2/19/85,1/1/99,Senior Staff
210384,Maia,Byoun,3/28/62,12/17/98,1/1/99,Engineer
210392,Masamitsu,Velasco,8/23/62,7/23/99,1/1/99,Senior Engineer
210393,Thanasis,Shackell,3/22/62,7/8/98,1/1/99,Engineer
210403,Augustine,Armand,6/8/62,3/4/85,1/1/99,Senior Engineer
210421,Kwangyoen,Badr,3/12/64,5/11/92,1/1/99,Senior Engineer
210422,Angus,Nyanchama,1/24/64,9/11/90,1/1/99,Senior Engineer
210425,Percy,Fujisawa,1/5/64,12/2/93,1/1/99,Senior Engineer
210433,Aimee,Lindenbaum,5/24/64,12/16/88,1/1/99,Assistant Engineer
210435,Xudong,Waymire,12/4/63,8/13/95,1/1/99,Staff
210443,Michaela,Baaz,12/2/64,9/26/97,1/1/99,Engineer
210446,Vishu,Whittlesey,7/29/64,8/25/97,1/1/99,Engineer
210447,Edwin,Kamble,3/26/64,10/29/91,1/1/99,Engineer
210449,Gino,Lagarias,1/19/65,6/22/97,1/1/99,Engineer
210458,Sampalli,Thiran,11/23/62,9/16/97,1/1/99,Assistant Engineer
210460,Kauko,Lanzelotte,4/17/64,12/6/97,1/1/99,Staff
210463,Roselyn,Schlegelmilch,4/11/62,4/11/95,1/1/99,Engineer
210469,Satyanarayana,Yurek,10/27/63,3/28/86,1/1/99,Staff
210471,Weijing,Thiran,3/17/62,10/24/91,1/1/99,Senior Engineer
210491,Iara,Pena,6/6/62,6/13/98,1/1/99,Staff
210510,Hatim,Baba,4/24/63,4/26/99,1/1/99,Staff
210512,Trygve,Bellone,4/28/62,5/16/93,1/1/99,Assistant Engineer
210517,Khun,Vrecion,1/16/63,2/21/01,1/1/99,Staff
210518,Rafael,Muhlberg,5/17/63,7/10/85,1/1/99,Senior Engineer
210522,Adit,Braunschweig,11/9/63,12/23/93,1/1/99,Staff
210524,Sreenivas,Versino,5/22/62,4/18/97,1/1/99,Senior Staff
210525,Eckart,Jiafu,3/6/62,12/3/85,1/1/99,Staff
210530,Mohd,Zizka,6/24/62,1/20/92,1/1/99,Senior Engineer
210538,Bikash,Jayawardene,1/3/62,3/18/86,1/1/99,Staff
210546,Masanao,Slutz,6/19/62,7/15/96,1/1/99,Staff
210561,Jaber,Zultner,2/28/63,4/28/95,1/1/99,Staff
210562,Moni,Nations,11/19/62,11/19/93,1/1/99,Senior Staff
210574,Reinhold,Kornyak,7/15/63,7/10/96,1/1/99,Staff
210576,Gaetan,Linnainmaa,2/6/63,7/13/85,1/1/99,Engineer
210582,Guoxiang,Crelier,11/22/62,8/30/99,1/1/99,Staff
210586,Nahum,Berztiss,9/27/63,12/22/88,1/1/99,Engineer
210587,Uinam,Flanders,7/24/64,1/12/97,1/1/99,Staff
210592,Annemarie,Cyre,3/18/64,3/23/98,1/1/99,Technique Leader
210594,Hidde,Byoun,5/12/63,6/12/89,1/1/99,Engineer
210598,Tsvetan,Gornas,7/29/64,3/18/91,1/1/99,Senior Engineer
210601,Bojan,Kaminger,3/15/64,5/10/99,1/1/99,Engineer
210604,Ronghao,Kugler,3/8/64,10/18/92,1/1/99,Engineer
210613,Saeko,Pramanik,9/15/64,2/27/98,1/1/99,Engineer
210617,Tomokazu,Rosch,2/25/63,8/20/86,1/1/99,Engineer
210627,Uno,Langford,10/28/62,4/4/88,1/1/99,Senior Staff
210628,Boriana,Grandbois,1/30/64,6/24/94,1/1/99,Staff
210633,Vatsa,Pardalos,12/30/64,2/13/99,1/1/99,Senior Engineer
210634,Samphel,Senzako,11/18/64,4/21/93,1/1/99,Senior Staff
210650,Mingsen,Kushnir,5/14/62,2/11/94,1/1/99,Engineer
210661,Boalin,Rosen,6/1/64,3/14/86,1/1/99,Senior Staff
210672,Divine,Kambil,9/4/62,5/15/97,1/1/99,Engineer
210675,Elliott,Brandsma,1/25/62,12/4/86,1/1/99,Senior Engineer
210676,Nahla,Tsukuda,7/25/64,4/3/90,1/1/99,Senior Staff
210680,Chenxi,Mukaidono,6/10/64,8/29/90,1/1/99,Senior Staff
210684,Mohammad,Perna,11/20/63,10/14/97,1/1/99,Technique Leader
210704,Branimir,Benzaken,10/29/62,11/25/97,1/1/99,Assistant Engineer
210707,Akhilish,Herbst,8/14/63,5/16/87,1/1/99,Engineer
210719,Wojceich,Papsdorf,1/21/63,2/18/96,1/1/99,Technique Leader
210720,Masanao,Riexinger,4/29/64,1/22/95,1/1/99,Senior Engineer
210732,Shigenori,Khamsi,4/19/62,10/13/94,1/1/99,Engineer
210736,Mohd,Sidou,8/5/64,7/28/94,1/1/99,Senior Staff
210742,Feixiong,Hatcliff,1/2/63,6/3/91,1/1/99,Staff
210745,Bojan,Mitzlaff,11/28/62,8/12/97,1/1/99,Staff
210749,Mechthild,Mundy,2/28/63,4/16/98,1/1/99,Engineer
210750,Gaurav,Nicolson,1/9/62,5/5/90,1/1/99,Staff
210752,Saniya,Stenning,1/25/65,12/10/86,1/1/99,Staff
210754,Terresa,Rajaraman,2/22/62,2/28/97,1/1/99,Senior Staff
210757,Isamu,Demri,3/22/64,2/13/01,1/1/99,Staff
210760,Tetsushi,Merey,9/7/63,11/7/94,1/1/99,Engineer
210769,Eckart,Cincotta,10/10/63,8/1/99,1/1/99,Engineer
210775,Hailing,Trelles,6/13/63,8/18/99,1/1/99,Engineer
210786,Werner,Ranze,1/31/65,6/5/98,1/1/99,Staff
210791,Mooi,Schreiter,6/14/64,3/6/92,1/1/99,Engineer
210799,Babette,Cairo,1/21/62,1/2/98,1/1/99,Engineer
210801,Adil,Codenie,8/4/63,2/14/88,1/1/99,Engineer
210804,Sverrir,Unno,4/2/62,9/18/99,1/1/99,Engineer
210808,Chuanti,Ramalingam,4/5/64,6/3/94,1/1/99,Senior Engineer
210811,Alselm,Oppitz,7/28/62,12/16/95,1/1/99,Senior Engineer
210813,Harjit,Tibblin,8/22/64,5/21/86,1/1/99,Engineer
210828,Etsuo,Larfeldt,8/21/64,10/31/86,1/1/99,Engineer
210833,Susanna,Heiserman,7/20/64,3/4/99,1/1/99,Engineer
210835,Jinpo,Lemarechal,3/3/64,5/22/97,1/1/99,Senior Staff
210836,Remko,Granlund,7/23/64,3/24/93,1/1/99,Staff
210848,Gennadi,Emiris,10/22/63,9/21/90,1/1/99,Senior Staff
210853,Arnd,Lubachevsky,2/12/64,7/17/96,1/1/99,Staff
210855,Mircea,Pearson,5/1/62,6/17/86,1/1/99,Engineer
210859,Pranjal,Lubachevsky,1/8/64,9/24/94,1/1/99,Senior Staff
210862,Luigi,Conta,11/27/62,9/14/89,1/1/99,Senior Staff
210872,Arno,Benzmuller,4/11/63,10/21/95,1/1/99,Senior Engineer
210874,Kwangsub,Silva,11/17/62,12/2/87,1/1/99,Senior Engineer
210879,Nathan,Denny,3/21/64,9/16/86,1/1/99,Engineer
210886,Becky,Ambroszkiewicz,12/20/62,7/21/85,1/1/99,Senior Engineer
210887,Miyeon,Bashian,4/5/62,8/26/96,1/1/99,Senior Engineer
210896,Bowen,Maquelin,6/2/64,9/1/96,1/1/99,Senior Staff
210900,Koichi,Stavenow,7/3/64,5/12/90,1/1/99,Senior Staff
210901,Sham,Orsini,9/3/63,11/20/98,1/1/99,Engineer
210905,Bokyung,Dechter,8/5/63,5/12/88,1/1/99,Staff
210922,Van,Schwaller,8/11/62,8/25/87,1/1/99,Senior Engineer
210926,Boalin,Danley,7/6/64,10/11/96,1/1/99,Staff
210928,Mona,Heinisuo,9/13/62,3/26/88,1/1/99,Senior Staff
210932,Magdalena,Wallrath,8/29/62,12/7/98,1/1/99,Technique Leader
210937,Odinaldo,Bakhtari,2/12/64,6/6/87,1/1/99,Senior Engineer
210938,Valdiodio,Egerstedt,8/30/64,5/10/01,1/1/99,Senior Engineer
210950,Quingbo,Homond,2/6/64,2/26/94,1/1/99,Staff
210951,Takanari,Tibblin,11/14/63,2/21/85,1/1/99,Senior Staff
210952,Minghong,Farris,2/20/64,2/7/85,1/1/99,Engineer
210956,Jagoda,Bernick,5/20/62,6/10/94,1/1/99,Engineer
210959,Willard,Pews,9/19/63,5/11/86,1/1/99,Senior Engineer
210977,Almudena,Panienski,1/9/64,2/5/96,1/1/99,Engineer
210979,Kauko,Undy,4/18/64,8/25/00,1/1/99,Senior Staff
210988,Alain,Jervis,10/15/62,8/31/91,1/1/99,Senior Engineer
210991,Satoru,Schreiter,10/21/62,10/6/92,1/1/99,Technique Leader
210992,Khue,Matzke,2/25/63,3/16/93,1/1/99,Senior Staff
210998,Mohd,Androutsos,12/21/64,7/1/92,1/1/99,Senior Engineer
210999,Yefim,Ranka,10/31/63,12/9/99,1/1/99,Staff
211001,Leszek,Lakshmanan,9/3/64,10/18/94,1/1/99,Engineer
211003,Iara,Kulisch,1/30/63,7/19/00,1/1/99,Engineer
211005,Gino,Ranta,3/12/64,4/19/88,1/1/99,Senior Staff
211018,Charlene,Stifter,8/15/63,3/8/94,1/1/99,Senior Staff
211021,Rosella,Denna,6/14/63,6/2/92,1/1/99,Assistant Engineer
211026,Vasilii,Ranka,8/13/63,4/28/92,1/1/99,Senior Engineer
211030,Shih,Solares,3/25/62,3/2/88,1/1/99,Senior Engineer
211041,Anoosh,Karlin,9/20/62,6/21/90,1/1/99,Senior Staff
211052,Gro,Zolotykh,6/20/64,3/11/93,1/1/99,Staff
211057,Jouni,Trogemann,10/27/62,10/19/99,1/1/99,Engineer
211067,Hatem,Middleton,8/22/62,10/6/85,1/1/99,Senior Staff
211083,Danae,Jording,5/20/63,8/3/99,1/1/99,Engineer
211086,Wonhee,Simmel,9/18/62,6/23/98,1/1/99,Engineer
211089,Masato,Eiron,8/1/64,2/27/92,1/1/99,Senior Engineer
211096,Serif,Schlegelmilch,10/16/63,4/11/91,1/1/99,Engineer
211104,Heeju,Simmen,12/23/63,4/27/91,1/1/99,Assistant Engineer
211105,Matt,Toyoshima,4/27/62,11/7/86,1/1/99,Senior Staff
211107,Emran,Malinowski,11/12/62,12/12/91,1/1/99,Senior Engineer
211111,Youngkon,Brookman,11/30/64,2/15/85,1/1/99,Senior Staff
211113,Moty,Bharadwaj,4/12/64,8/14/95,1/1/99,Engineer
211117,Garnet,Erie,4/23/63,5/11/94,1/1/99,Senior Staff
211129,Stafford,Prampolini,5/16/63,11/18/85,1/1/99,Senior Staff
211134,Tadahiro,Negoita,2/16/64,11/21/98,1/1/99,Senior Staff
211141,Snehasis,Caine,3/4/62,6/17/91,1/1/99,Staff
211142,Mototsugu,Suomi,6/3/62,5/24/89,1/1/99,Staff
211146,Shirish,Cannard,3/26/64,7/30/87,1/1/99,Senior Engineer
211150,Macha,Ravishankar,10/11/63,9/17/99,1/1/99,Engineer
211156,Tomoyuki,Srimani,1/23/64,10/8/87,1/1/99,Staff
211160,Rosli,Usdin,3/15/62,6/23/95,1/1/99,Engineer
211164,Mack,Bresenham,12/22/63,2/7/91,1/1/99,Senior Staff
211165,Djelloul,Strooper,12/15/63,3/15/99,1/1/99,Senior Staff
211168,Peternela,Selenyi,1/17/63,5/29/92,1/1/99,Senior Staff
211180,Kendra,Poupard,2/3/63,2/21/88,1/1/99,Senior Staff
211181,Pranjal,Demian,4/29/64,8/6/96,1/1/99,Senior Staff
211184,Ugo,Saoudi,3/2/62,7/16/86,1/1/99,Senior Staff
211189,Weiyi,Yoshizawa,10/23/62,1/4/98,1/1/99,Assistant Engineer
211196,Uriel,Varker,10/4/62,9/19/92,1/1/99,Senior Staff
211197,Shaleah,Eastman,10/17/62,3/7/97,1/1/99,Engineer
211206,Tonia,Demizu,10/30/63,5/15/95,1/1/99,Staff
211210,Danco,Zultner,9/13/63,9/22/87,1/1/99,Staff
211219,Jamaludin,Lanteri,11/30/63,7/17/98,1/1/99,Senior Staff
211227,Ebru,Choobineh,7/28/63,6/8/85,1/1/99,Senior Staff
211233,Arch,Coullard,11/16/64,2/27/88,1/1/99,Senior Staff
211235,Remco,Bratten,8/11/62,2/16/85,1/1/99,Staff
211245,Kenroku,Cincotta,4/26/62,1/11/02,1/1/99,Engineer
211246,Tooru,Ginesta,7/16/64,12/18/98,1/1/99,Engineer
211247,Abdelkader,Garnham,12/24/63,11/22/99,1/1/99,Staff
211255,Prasadram,Douceur,8/10/63,11/16/01,1/1/99,Staff
211257,Billur,Bojadziev,3/21/64,5/16/91,1/1/99,Senior Staff
211259,Xiaoheng,Schwaller,3/26/64,6/25/98,1/1/99,Staff
211266,Shirish,Karcich,11/27/63,2/26/88,1/1/99,Senior Staff
211271,Bilhanan,Shrader,4/7/64,9/30/95,1/1/99,Engineer
211273,Candido,Kakkad,7/29/64,5/19/85,1/1/99,Senior Staff
211275,Jenwei,Kobara,10/1/62,8/18/95,1/1/99,Engineer
211281,Trygve,Lichtner,7/8/62,10/9/93,1/1/99,Staff
211287,Jouko,Peral,12/9/63,3/11/94,1/1/99,Staff
211295,Sham,Ranft,9/25/64,1/6/96,1/1/99,Staff
211298,Luisa,Decleir,9/30/63,11/22/88,1/1/99,Senior Staff
211308,Chinhyun,Demeyer,1/31/63,4/16/93,1/1/99,Senior Engineer
211314,Qunsheng,Sgarro,10/30/62,3/18/85,1/1/99,Engineer
211317,Lena,Rosca,3/7/62,4/15/95,1/1/99,Senior Staff
211321,Sreekrishna,Rajaraman,10/24/63,11/28/86,1/1/99,Engineer
211322,Tadahiko,Bach,1/30/63,3/31/92,1/1/99,Staff
211326,Leah,Alpin,10/24/64,5/12/93,1/1/99,Engineer
211335,Chenyi,Pauthner,5/22/64,11/5/87,1/1/99,Engineer
211336,Huan,Mawatari,11/17/64,8/30/93,1/1/99,Staff
211337,Nikolaos,Zweizig,5/2/63,8/2/97,1/1/99,Staff
211339,Georgi,Wixon,12/15/63,12/24/99,1/1/99,Staff
211341,Apostol,Butner,7/4/63,4/29/94,1/1/99,Engineer
211348,Kwangjo,Klassen,8/29/62,2/17/99,1/1/99,Assistant Engineer
211352,Emdad,Ozeki,4/7/62,10/14/90,1/1/99,Staff
211360,Matt,Nyrup,7/31/64,9/10/88,1/1/99,Senior Engineer
211364,Anyuan,Riesenhuber,2/2/64,12/16/97,1/1/99,Engineer
211367,Peternela,Whitcomb,2/22/63,8/15/91,1/1/99,Engineer
211368,Alenka,Zirintsis,8/4/64,8/23/89,1/1/99,Senior Engineer
211372,Kitty,Standera,4/29/63,4/13/93,1/1/99,Staff
211374,Reuven,Mahmud,11/19/63,8/7/98,1/1/99,Engineer
211388,Uzi,Juneja,2/13/62,1/9/91,1/1/99,Engineer
211403,Lokesh,Munro,5/20/64,4/3/85,1/1/99,Engineer
211404,Phuoc,Imataki,5/9/64,5/20/98,1/1/99,Senior Engineer
211408,Chenye,Spelt,4/5/64,7/30/95,1/1/99,Engineer
211409,Kasturi,Ferriere,1/16/64,10/19/94,1/1/99,Staff
211412,Kirk,Keohane,3/7/64,8/23/96,1/1/99,Staff
211414,Subhrajyoti,Zwicker,2/25/64,3/16/87,1/1/99,Senior Staff
211416,King,Candan,11/29/64,9/21/87,1/1/99,Senior Staff
211417,Shuho,Zucker,12/30/62,4/27/88,1/1/99,Engineer
211421,Zhenhua,Schahn,9/11/64,10/1/88,1/1/99,Senior Staff
211423,Teiji,Petereit,2/25/62,3/11/98,1/1/99,Staff
211435,Makato,Schneeberger,1/2/64,3/3/85,1/1/99,Senior Staff
211437,Goh,Middleton,7/13/62,3/8/95,1/1/99,Senior Staff
211446,Apostol,Stemann,11/2/63,2/24/99,1/1/99,Assistant Engineer
211447,Sreekrishna,Majewski,8/31/64,9/8/86,1/1/99,Senior Staff
211449,Yoshinari,Yoshizawa,6/9/64,12/2/95,1/1/99,Staff
211457,Vasilis,Vieth,12/2/63,4/2/90,1/1/99,Senior Engineer
211468,Renny,Katiyar,12/24/63,1/11/88,1/1/99,Senior Staff
211474,Miyeon,Larfeldt,3/22/64,11/19/94,1/1/99,Staff
211477,Fusako,Olano,1/10/62,9/12/91,1/1/99,Technique Leader
211491,Dmitri,Ernst,9/19/64,9/10/90,1/1/99,Senior Engineer
211493,Takanari,Hinsberger,7/9/62,1/27/96,1/1/99,Staff
211497,Moie,Masaki,9/13/63,10/17/94,1/1/99,Engineer
211500,Tadahiro,Stassinopoulos,10/14/64,8/14/91,1/1/99,Engineer
211502,Hitomi,Rattan,6/24/62,1/29/93,1/1/99,Senior Staff
211505,Shirish,Tagansky,4/12/62,11/30/97,1/1/99,Staff
211508,Katsuyuki,Senzako,4/4/64,10/11/96,1/1/99,Technique Leader
211515,Hidekazu,Delgrange,3/17/62,9/6/96,1/1/99,Engineer
211519,Sanjit,Ramalingam,11/6/62,12/25/93,1/1/99,Senior Staff
211520,Saeed,Setia,2/18/63,1/3/95,1/1/99,Staff
211526,Jiong,Georgatos,10/4/62,2/17/94,1/1/99,Staff
211530,Toshiko,Zultner,1/24/62,3/2/00,1/1/99,Staff
211548,Mads,Camurati,2/9/62,8/26/94,1/1/99,Technique Leader
211549,Nagui,Luke,8/18/63,10/11/98,1/1/99,Senior Engineer
211552,Kersti,Vendrig,8/3/62,9/24/94,1/1/99,Senior Staff
211554,Doohun,Setlzner,5/14/63,3/10/98,1/1/99,Engineer
211555,Mayuri,Schwartzburd,11/20/64,1/31/93,1/1/99,Staff
211560,Geoffry,Snyers,5/7/62,4/14/89,1/1/99,Senior Staff
211566,Bokyung,Trachtenberg,9/9/64,8/4/88,1/1/99,Staff
211567,Dmitri,Benveniste,11/18/64,2/11/89,1/1/99,Senior Engineer
211578,Khalid,Ligten,7/19/64,8/24/98,1/1/99,Senior Staff
211582,Sivanarayana,Sewelson,12/30/63,6/11/99,1/1/99,Engineer
211591,Kazuhiko,Pouyioutas,3/15/63,4/3/94,1/1/99,Senior Engineer
211601,Aksel,Tsukune,7/7/62,4/19/89,1/1/99,Staff
211608,Sreekrishna,Doering,9/25/62,5/6/99,1/1/99,Staff
211614,Rayond,Granlund,11/1/63,3/3/97,1/1/99,Staff
211620,Annemarie,Heuter,11/14/62,3/4/89,1/1/99,Engineer
211625,Phuoc,Nilsson,11/1/62,7/29/89,1/1/99,Senior Engineer
211629,Mani,Strandh,8/25/62,6/27/92,1/1/99,Engineer
211631,Gita,Cyre,12/17/62,10/31/87,1/1/99,Senior Engineer
211634,Sandeepan,Engelmann,10/11/64,12/22/95,1/1/99,Engineer
211639,Dipankar,Piveteau,5/18/62,8/25/95,1/1/99,Staff
211641,Heekeun,Nergos,9/13/63,7/2/89,1/1/99,Senior Staff
211642,Ottavia,Welham,10/18/62,8/2/95,1/1/99,Senior Engineer
211645,Volkmar,Zaiane,9/17/64,10/1/98,1/1/99,Engineer
211646,Rosalyn,McDermid,5/17/64,5/11/99,1/1/99,Staff
211652,Siddarth,Birge,7/16/64,10/28/88,1/1/99,Senior Engineer
211658,Jianhui,Sidje,10/12/64,8/11/90,1/1/99,Senior Staff
211660,Khaled,Karunanithi,7/23/63,9/22/94,1/1/99,Senior Engineer
211661,Radoslaw,Krichel,8/8/62,3/28/85,1/1/99,Staff
211662,Hyuncheol,Chartres,2/11/63,12/2/89,1/1/99,Senior Staff
211663,Arco,Ermel,12/18/62,11/7/95,1/1/99,Engineer
211671,Moss,Bahk,3/18/64,8/24/89,1/1/99,Technique Leader
211674,Sajjan,Dahlbom,1/27/63,12/3/98,1/1/99,Staff
211676,Volkmar,Rajaraman,7/1/63,7/27/94,1/1/99,Staff
211682,Nevio,Heering,8/19/62,10/24/95,1/1/99,Engineer
211691,Ishfaq,Hambrick,8/2/62,2/15/90,1/1/99,Engineer
211697,Yongmin,Meszaros,3/4/64,4/13/92,1/1/99,Senior Staff
211702,Xiaoheng,Cannard,5/25/62,7/20/92,1/1/99,Senior Engineer
211706,Garnet,Spell,1/14/63,8/3/92,1/1/99,Staff
211713,Remmert,Selvestrel,12/29/63,11/30/89,1/1/99,Senior Engineer
211719,Jasminko,Aseltine,11/18/62,12/27/92,1/1/99,Staff
211726,Shim,Perng,10/30/63,4/22/93,1/1/99,Assistant Engineer
211727,Oldrich,Stellhorn,11/6/63,7/31/96,1/1/99,Engineer
211736,Quingbo,Ramras,5/20/64,7/13/96,1/1/99,Staff
211741,Ingemar,Michaeli,1/25/64,12/6/94,1/1/99,Senior Engineer
211745,Ramya,Jansen,11/11/64,3/10/94,1/1/99,Engineer
211746,Izaskun,Laurillard,7/31/64,7/25/87,1/1/99,Senior Engineer
211749,Morris,Petereit,4/5/64,6/16/95,1/1/99,Senior Staff
211752,Lidong,Codenie,6/23/62,9/10/96,1/1/99,Staff
211758,Divine,Tiemann,8/27/62,5/16/94,1/1/99,Staff
211776,Susanta,Heijenga,7/7/62,11/6/90,1/1/99,Engineer
211777,Hongzhu,Hiraishi,1/25/63,1/16/97,1/1/99,Staff
211780,Niranjan,Chleq,11/15/62,12/1/93,1/1/99,Staff
211782,Houman,Maccarone,11/6/63,12/15/92,1/1/99,Senior Staff
211793,Jianhao,Ernst,5/15/63,9/20/85,1/1/99,Engineer
211799,Martina,Ozeki,4/6/63,3/19/98,1/1/99,Engineer
211803,Ymte,Rajaraman,12/9/63,2/6/97,1/1/99,Assistant Engineer
211805,Aiichiro,Erman,3/28/62,4/27/87,1/1/99,Senior Engineer
211812,Chiranjit,Ghelli,8/11/62,2/5/85,1/1/99,Staff
211823,Ramya,Ramsak,10/17/63,4/25/89,1/1/99,Assistant Engineer
211832,Susanne,Condotta,1/6/63,8/25/87,1/1/99,Senior Staff
211833,Horward,Trumbly,2/13/63,10/20/90,1/1/99,Engineer
211845,Rosita,Nanard,8/31/63,1/2/99,1/1/99,Staff
211858,Domenico,Ratnaker,1/8/65,3/24/85,1/1/99,Engineer
211865,Radoslaw,Emden,8/5/63,8/20/86,1/1/99,Senior Engineer
211869,Moheb,Liedekerke,8/31/63,5/17/89,1/1/99,Engineer
211873,Duro,Swiss,9/24/62,5/5/86,1/1/99,Staff
211879,Gao,Ranze,1/12/65,11/24/94,1/1/99,Senior Engineer
211883,Cullen,Cromarty,11/2/63,4/30/96,1/1/99,Senior Staff
211888,Jaber,Collavizza,10/24/63,2/24/98,1/1/99,Senior Engineer
211889,Kellie,Boguraev,9/10/63,3/12/98,1/1/99,Senior Staff
211890,Jungsoon,Parhami,3/8/63,12/3/95,1/1/99,Senior Staff
211891,Mingzeng,Lamba,3/6/64,9/30/97,1/1/99,Senior Engineer
211907,Nagui,Sommen,11/3/63,8/16/95,1/1/99,Senior Engineer
211908,Chriss,Biros,5/2/62,5/11/98,1/1/99,Engineer
211911,Janalee,Slutz,4/24/62,11/18/85,1/1/99,Senior Staff
211922,Hisao,Validov,9/10/63,5/28/99,1/1/99,Engineer
211923,Adib,Siprelle,2/23/63,11/10/86,1/1/99,Senior Staff
211924,Beshir,Eppinger,7/1/62,7/28/94,1/1/99,Engineer
211936,Uri,Soicher,12/13/64,12/10/88,1/1/99,Senior Staff
211937,Genevieve,Pashtan,8/4/63,10/4/99,1/1/99,Staff
211938,Baocai,Waleschkowski,12/30/62,3/17/85,1/1/99,Staff
211941,Mary,Hofman,8/11/62,12/30/93,1/1/99,Engineer
211942,Hercules,Ushiama,11/25/64,3/29/01,1/1/99,Senior Engineer
211952,Basant,Luft,5/24/62,1/8/90,1/1/99,Senior Engineer
211960,Leucio,Egerstedt,1/24/63,11/20/92,1/1/99,Senior Staff
211964,Aluzio,Irland,12/6/63,7/16/87,1/1/99,Senior Staff
211967,Anwar,Bain,1/7/65,1/22/89,1/1/99,Senior Engineer
211968,Anneke,Tomescu,11/20/62,12/27/86,1/1/99,Senior Staff
211979,Guadalupe,Maginnis,7/20/63,10/29/95,1/1/99,Engineer
211982,Aruna,Turnbull,5/23/64,2/21/99,1/1/99,Engineer
211985,Shahar,Francisci,3/26/64,1/12/96,1/1/99,Engineer
211995,Gully,Redmiles,4/19/62,4/16/91,1/1/99,Senior Staff
212001,Ramzi,Gronowski,10/12/62,5/26/90,1/1/99,Staff
212004,Xumin,Cincotta,5/2/62,9/5/90,1/1/99,Senior Engineer
212005,Rosalie,Benzmuller,12/5/62,8/18/98,1/1/99,Staff
212025,Wanqing,Kornyak,11/22/64,4/8/94,1/1/99,Senior Staff
212030,Guiseppe,Zockler,3/28/64,4/6/86,1/1/99,Senior Engineer
212033,Guther,Prochazka,1/24/63,7/19/85,1/1/99,Staff
212047,Matk,Itzfeldt,3/21/62,7/22/86,1/1/99,Senior Staff
212049,Pantung,Ritzmann,6/22/62,7/2/91,1/1/99,Senior Engineer
212052,Phule,Setia,7/20/62,2/6/91,1/1/99,Technique Leader
212060,Fuqing,Itschner,8/13/62,4/10/92,1/1/99,Senior Staff
212062,Mang,DiGiano,2/25/64,10/30/87,1/1/99,Senior Engineer
212067,Hilary,Maksimenko,1/27/63,10/5/91,1/1/99,Engineer
212068,Bilhanan,Hofman,1/4/64,1/27/94,1/1/99,Senior Engineer
212071,Tesuya,Crelier,11/20/63,11/4/86,1/1/99,Engineer
212075,Yechiam,Siegrist,1/21/62,4/26/89,1/1/99,Senior Engineer
212076,Radhika,Kowalchuk,10/19/63,6/29/94,1/1/99,Engineer
212078,Wuxu,Sundgren,11/28/64,1/16/96,1/1/99,Engineer
212081,Valery,Preusig,11/10/63,1/4/00,1/1/99,Engineer
212085,Richard,Pillow,8/28/62,2/23/97,1/1/99,Staff
212090,Vincent,Biros,7/21/63,5/8/92,1/1/99,Staff
212093,Leni,Henders,1/11/65,11/19/93,1/1/99,Senior Staff
212100,Mingdong,Templeman,4/29/64,1/10/87,1/1/99,Senior Engineer
212101,Niclas,Merro,8/2/64,1/5/87,1/1/99,Engineer
212104,Aluzio,Parhami,6/7/64,1/20/89,1/1/99,Staff
212107,Mark,Heystek,11/18/63,8/12/86,1/1/99,Assistant Engineer
212123,Fay,Tibblin,1/9/63,3/1/87,1/1/99,Technique Leader
212135,Zvonko,Veeraraghavan,1/7/63,3/25/97,1/1/99,Engineer
212143,Evgueni,Shobatake,5/13/63,12/30/94,1/1/99,Staff
212144,Vitali,Ranze,7/7/64,8/13/87,1/1/99,Senior Engineer
212145,Hatim,Tiemann,12/26/64,1/9/92,1/1/99,Senior Engineer
212148,Deborah,Ranum,10/20/62,1/15/92,1/1/99,Senior Staff
212150,Yucel,Eiter,5/8/62,4/8/89,1/1/99,Engineer
212154,Sailaja,Holburn,1/17/65,3/4/91,1/1/99,Senior Staff
212169,Dinah,Jullig,5/22/62,11/16/98,1/1/99,Engineer
212175,Kazuhisa,Deverell,10/5/63,10/9/96,1/1/99,Engineer
212176,Khatoun,Benantar,4/3/64,9/4/92,1/1/99,Senior Staff
212190,Tayeb,Kroft,4/16/62,9/20/91,1/1/99,Senior Engineer
212194,Kiyotoshi,Rosca,7/3/64,7/17/98,1/1/99,Engineer
212202,Eckart,Merli,5/16/62,12/13/89,1/1/99,Engineer
212203,Mack,Carrere,5/14/62,9/24/94,1/1/99,Senior Staff
212206,Hein,Zucker,7/16/64,4/6/88,1/1/99,Technique Leader
212220,Girolamo,Wossner,4/7/64,6/7/85,1/1/99,Technique Leader
212223,Lakshmi,Bernini,12/12/62,6/13/85,1/1/99,Engineer
212224,Yuriy,Bardell,3/2/63,6/13/99,1/1/99,Senior Engineer
212237,Perry,Bamford,1/1/62,12/4/01,1/1/99,Engineer
212241,Tse,Eppinger,5/20/63,1/18/92,1/1/99,Engineer
212255,Mihalis,Shanbhogue,6/23/63,6/16/02,1/1/99,Senior Staff
212263,Stella,Plesums,8/28/62,5/21/99,1/1/99,Engineer
212273,Junsik,Frezza,2/20/64,6/16/98,1/1/99,Senior Staff
212279,Yuchang,Emden,2/14/63,1/28/86,1/1/99,Senior Staff
212281,Guenter,Kornatzky,10/19/63,10/14/85,1/1/99,Senior Staff
212286,Gio,McFarlin,8/6/63,6/8/85,1/1/99,Engineer
212297,Jiang,Coullard,5/29/62,4/30/97,1/1/99,Engineer
212299,Moheb,Sabnani,8/18/64,9/30/95,1/1/99,Senior Staff
212300,Remko,Bisiani,8/8/64,9/10/93,1/1/99,Senior Engineer
212315,Leah,Sevcikova,9/1/64,7/16/94,1/1/99,Engineer
212316,Wuxu,Toyoshima,1/4/62,9/9/88,1/1/99,Senior Staff
212324,Harjit,Kalsbeek,1/2/62,1/10/86,1/1/99,Technique Leader
212331,Yoshinari,Rosay,8/26/63,3/10/90,1/1/99,Engineer
212344,Saddek,Karlin,1/3/64,11/28/00,1/1/99,Engineer
212347,Kshitij,Ratnaker,12/27/63,4/28/96,1/1/99,Assistant Engineer
212351,Huai,Mondadori,1/25/64,10/2/91,1/1/99,Assistant Engineer
212359,Ulf,Underwood,2/22/64,4/3/89,1/1/99,Senior Staff
212361,Claudi,Stanfel,1/16/65,1/7/96,1/1/99,Senior Engineer
212363,Ugo,Schmiedel,12/13/64,2/6/92,1/1/99,Engineer
212366,Takahito,Meszaros,5/7/63,12/3/98,1/1/99,Staff
212374,Xiaoshan,Serdy,12/13/64,1/28/89,1/1/99,Senior Engineer
212379,Moie,Casley,7/11/62,5/24/91,1/1/99,Senior Engineer
212384,Christ,Lunt,10/14/62,1/5/94,1/1/99,Senior Staff
212386,Tianruo,Fortenbacher,12/17/62,8/25/85,1/1/99,Senior Staff
212387,Xudong,Gaughan,5/18/62,9/8/97,1/1/99,Staff
212390,Zongyan,Marrevee,8/25/63,10/5/91,1/1/99,Staff
212393,Amstein,Rossi,11/25/63,5/26/95,1/1/99,Engineer
212397,Kersti,Halevi,7/31/62,11/6/96,1/1/99,Engineer
212405,Vasilis,Argence,4/18/63,12/23/86,1/1/99,Senior Engineer
212408,Geoffry,Gide,12/16/64,6/16/97,1/1/99,Staff
212415,Kenroku,Schrooten,10/13/64,5/25/98,1/1/99,Staff
212418,Sangeeta,Kolvik,4/12/64,6/3/86,1/1/99,Senior Staff
212420,Masami,Ozeki,11/7/64,9/9/95,1/1/99,Technique Leader
212421,Sumali,Giveon,4/6/62,6/8/95,1/1/99,Senior Staff
212424,Ingmar,Pollacia,5/17/63,8/21/86,1/1/99,Technique Leader
212427,Abdelghani,Impagliazzo,9/7/64,6/4/95,1/1/99,Staff
212428,Sanjeeva,Schieder,6/27/62,12/12/86,1/1/99,Senior Staff
212431,Jixiang,Zizka,1/31/63,10/1/85,1/1/99,Senior Staff
212438,Toshimitsu,Steinauer,12/25/64,5/19/88,1/1/99,Senior Engineer
212439,Deborah,Mandell,2/20/62,2/9/93,1/1/99,Senior Staff
212444,Munehiko,Junot,8/14/63,10/21/95,1/1/99,Engineer
212451,Patricio,Glinert,1/16/63,9/10/91,1/1/99,Senior Staff
212453,Hidekazu,Bouloucos,6/26/63,2/22/87,1/1/99,Technique Leader
212461,Maia,Holburn,6/7/63,10/2/93,1/1/99,Senior Engineer
212470,Junichi,Curless,4/3/62,2/25/95,1/1/99,Senior Engineer
212493,Youjian,Radwan,6/2/63,9/19/98,1/1/99,Engineer
212500,Akemi,Hammerschmidt,1/23/63,1/25/92,1/1/99,Senior Staff
212503,Yefim,Impagliazzo,8/4/63,5/6/85,1/1/99,Senior Staff
212508,Juichirou,Luga,3/8/63,6/10/93,1/1/99,Senior Engineer
212511,Abdulah,Vidya,12/9/64,8/9/99,1/1/99,Senior Engineer
212515,Gererd,Iisaku,1/29/63,11/2/85,1/1/99,Staff
212518,Samphel,Pews,12/14/63,1/5/98,1/1/99,Engineer
212524,Stabislas,Gils,6/2/62,2/21/88,1/1/99,Senior Staff
212528,Seongbin,Molenaar,8/13/63,4/1/92,1/1/99,Staff
212532,Zhigen,Weisert,9/9/64,1/6/95,1/1/99,Staff
212537,Shigeaki,Ballarin,12/30/63,12/5/85,1/1/99,Senior Staff
212541,Aimee,Berendt,5/14/63,12/23/93,1/1/99,Engineer
212542,Alexius,Trelles,12/16/63,12/1/86,1/1/99,Staff
212546,Tommaso,Marzano,1/6/64,2/23/99,1/1/99,Engineer
212551,Hercules,Magliocco,6/9/63,2/1/00,1/1/99,Staff
212557,Kerhong,Hemaspaandra,10/18/64,9/25/00,1/1/99,Engineer
212558,Yaghout,Pollock,2/20/63,8/3/85,1/1/99,Senior Staff
212563,Zhaofang,Francisci,9/14/63,3/18/94,1/1/99,Technique Leader
212569,Tran,Raney,7/25/62,6/5/99,1/1/99,Engineer
212573,Kasidit,Solovay,3/14/62,2/26/86,1/1/99,Senior Staff
212574,King,Bael,5/6/62,1/22/88,1/1/99,Senior Engineer
212575,Younwoo,Beerel,1/24/63,12/2/93,1/1/99,Assistant Engineer
212578,Fai,Hennings,11/18/62,12/13/01,1/1/99,Engineer
212583,Kristinn,Gubsky,12/28/63,1/24/88,1/1/99,Senior Staff
212585,Arunas,Ranst,3/13/63,3/26/86,1/1/99,Senior Staff
212586,Adly,Ranze,3/10/64,8/14/89,1/1/99,Engineer
212589,Remko,Weiland,8/7/64,6/16/91,1/1/99,Senior Staff
212590,Fen,Khasidashvili,3/10/64,2/28/95,1/1/99,Senior Staff
212596,Mohan,Llado,8/6/63,2/16/90,1/1/99,Engineer
212599,Vidya,Cappello,6/13/64,4/21/97,1/1/99,Staff
212600,Fay,Nittel,3/30/64,9/8/89,1/1/99,Engineer
212603,Petter,Plavsic,3/25/63,8/9/91,1/1/99,Engineer
212612,Bernice,Plotkin,12/6/62,12/5/90,1/1/99,Engineer
212615,Vidya,Herbst,10/18/63,4/1/02,1/1/99,Engineer
212617,Malu,Spell,7/20/62,3/27/87,1/1/99,Staff
212619,Youpyo,Meszaros,3/26/62,2/22/94,1/1/99,Engineer
212621,Anwar,Flowers,3/21/62,11/9/89,1/1/99,Senior Staff
212630,Youjian,Katiyar,11/9/62,12/8/92,1/1/99,Senior Engineer
212634,Menkae,Zallocco,1/29/62,7/1/00,1/1/99,Engineer
212637,Junichi,Fasbender,6/7/64,3/10/88,1/1/99,Senior Staff
212645,Gian,Fontet,7/17/63,12/27/91,1/1/99,Senior Staff
212646,Joydip,Rusmann,9/9/63,6/19/91,1/1/99,Engineer
212651,Joydip,Percebois,2/4/62,4/19/94,1/1/99,Staff
212658,Taisook,Jeong,5/6/62,2/12/90,1/1/99,Technique Leader
212661,Shin,Anily,11/1/64,2/27/01,1/1/99,Engineer
212663,Werner,Cannard,12/31/62,10/3/87,1/1/99,Staff
212669,Weidon,Bellone,2/1/63,12/13/89,1/1/99,Senior Staff
212675,Kasturi,Pietracaprina,11/2/63,8/16/85,1/1/99,Senior Engineer
212676,Nobuyoshi,Janocha,12/31/64,6/16/86,1/1/99,Senior Staff
212682,Hyuncheol,Roohalamini,3/4/64,1/12/98,1/1/99,Staff
212689,Adam,Feldmann,9/1/62,7/31/93,1/1/99,Engineer
212693,Serge,Valette,10/9/62,8/8/90,1/1/99,Senior Staff
212696,Alagu,Dredge,10/25/63,9/27/88,1/1/99,Engineer
212700,Honesty,Swan,12/8/63,5/16/02,1/1/99,Staff
212711,Uta,Bottner,12/24/63,5/17/99,1/1/99,Staff
212714,Dipayan,Akiyama,11/21/64,7/28/88,1/1/99,Senior Staff
212715,Alagu,Slobodova,2/20/62,7/1/95,1/1/99,Senior Staff
212719,Doowon,Waeselynck,3/15/64,10/22/95,1/1/99,Staff
212720,Yifei,Jeong,12/15/63,5/22/02,1/1/99,Engineer
212721,Kiam,Ruemmler,5/22/64,12/9/95,1/1/99,Senior Engineer
212725,Rance,Billingsley,6/8/63,2/14/85,1/1/99,Senior Staff
212733,Leandro,Antonakopoulos,12/23/64,3/17/96,1/1/99,Staff
212735,Zhonghui,Azulay,9/12/63,5/5/95,1/1/99,Engineer
212740,Nechama,Narahara,11/5/63,4/15/98,1/1/99,Senior Staff
212747,Kazuhisa,Bennis,8/28/64,9/17/95,1/1/99,Senior Staff
212751,Bangqing,Flexer,11/5/64,10/18/89,1/1/99,Senior Engineer
212753,Limsoon,Perry,6/10/63,10/29/92,1/1/99,Senior Engineer
212759,Christoph,Cooley,5/15/64,9/10/92,1/1/99,Engineer
212764,Remco,Masada,4/19/63,11/28/98,1/1/99,Staff
212766,Ferdinand,Serdy,9/13/62,2/18/94,1/1/99,Senior Engineer
212769,Gurbir,Bazelow,1/29/63,12/9/85,1/1/99,Senior Staff
212773,Bodo,Unni,9/29/63,2/3/95,1/1/99,Staff
212777,Francesca,Nitsche,10/4/63,2/18/93,1/1/99,Senior Staff
212783,Bojan,Speel,12/7/63,9/1/94,1/1/99,Engineer
212786,Arlette,Templeman,11/10/64,1/26/92,1/1/99,Senior Engineer
212794,Munehiro,Bahr,9/10/62,3/2/97,1/1/99,Staff
212807,Kasidit,Rohrbach,9/9/64,6/18/88,1/1/99,Senior Engineer
212812,Bowen,Nyanchama,2/11/64,11/18/97,1/1/99,Engineer
212813,Xiaobin,Yeung,4/24/64,10/12/95,1/1/99,Senior Engineer
212822,Kyoichi,Rabejac,2/26/64,6/15/92,1/1/99,Engineer
212828,Houman,Pepe,10/17/64,10/22/96,1/1/99,Technique Leader
212831,Elliott,Oxman,9/20/64,4/25/90,1/1/99,Engineer
212833,Toshiko,Hopewell,3/3/64,7/5/89,1/1/99,Engineer
212851,Terresa,Quaggetto,9/8/63,12/21/89,1/1/99,Staff
212858,Teruyuki,Henseler,3/16/63,10/24/89,1/1/99,Technique Leader
212865,Shigenori,Gilg,8/21/63,9/17/95,1/1/99,Staff
212866,Kiyotoshi,Narahara,2/4/62,5/16/92,1/1/99,Senior Engineer
212870,Peternela,Birch,1/3/63,11/4/96,1/1/99,Engineer
212872,Nahla,Deyuan,8/5/64,8/9/89,1/1/99,Senior Staff
212874,Shin,Serot,4/17/64,8/9/93,1/1/99,Staff
212878,Kristof,Motley,3/18/62,1/5/88,1/1/99,Senior Engineer
212881,Weiyi,Koblitz,5/9/63,5/4/99,1/1/99,Senior Staff
212890,Kinh,Garrabrants,11/25/64,7/8/87,1/1/99,Engineer
212891,Yurij,Levergood,7/30/64,8/29/01,1/1/99,Engineer
212894,Rayond,Lakshmanan,7/28/62,2/21/96,1/1/99,Assistant Engineer
212903,Baoqiu,Szemeredi,6/30/62,5/3/98,1/1/99,Engineer
212904,Tamiya,Kranzdorf,7/9/63,10/21/88,1/1/99,Engineer
212912,Gererd,Koblitz,2/1/64,6/14/86,1/1/99,Technique Leader
212916,Seongbae,Vieth,9/5/64,3/21/94,1/1/99,Engineer
212923,Teiji,Hellwagner,5/31/64,3/13/97,1/1/99,Senior Staff
212925,Mooi,Wossner,1/5/64,3/26/93,1/1/99,Senior Engineer
212928,Florian,Schiper,11/26/62,1/20/87,1/1/99,Senior Staff
212932,Tsvetan,Rusmann,11/10/63,1/29/98,1/1/99,Engineer
212933,Yurij,Muniz,11/18/63,3/14/87,1/1/99,Engineer
212943,Shuzo,Trelles,7/26/62,4/28/85,1/1/99,Senior Engineer
212947,Snehasis,Passino,8/12/64,8/22/00,1/1/99,Staff
212948,Guiseppe,Undy,5/28/63,8/25/94,1/1/99,Senior Engineer
212951,Ioana,Kavvadias,3/16/62,7/6/92,1/1/99,Engineer
212956,Martine,Meriste,6/18/64,5/7/91,1/1/99,Assistant Engineer
212957,Geraldo,Meriste,7/3/64,10/14/93,1/1/99,Engineer
212964,Fun,Rahier,11/26/63,9/15/97,1/1/99,Staff
212981,Gao,Masada,2/9/63,12/12/97,1/1/99,Staff
213003,Taiji,Luiz,5/30/64,10/14/93,1/1/99,Engineer
213012,Lalit,Brodal,1/18/62,5/7/95,1/1/99,Staff
213016,Yongmao,Fontan,1/22/65,7/26/93,1/1/99,Engineer
213022,Zhiwei,Kopetz,8/21/64,10/19/98,1/1/99,Senior Engineer
213023,Bernt,Fetvedt,11/12/64,7/3/88,1/1/99,Senior Engineer
213030,Baruch,Stenning,5/22/64,3/8/95,1/1/99,Staff
213032,Khatoun,Kornatzky,1/6/62,2/15/91,1/1/99,Senior Engineer
213033,Shuky,Munoz,4/16/62,10/28/98,1/1/99,Engineer
213034,Waiman,Cronau,2/10/62,8/17/92,1/1/99,Senior Engineer
213036,Eckart,Prochazka,12/23/64,8/23/85,1/1/99,Senior Staff
213037,Owen,Etalle,5/31/63,9/27/85,1/1/99,Senior Engineer
213042,Fumitake,Erol,7/14/62,4/3/88,1/1/99,Technique Leader
213046,Shuichi,Zykh,1/30/64,9/10/98,1/1/99,Technique Leader
213058,Ishfaq,Hofmeyr,3/19/64,9/21/87,1/1/99,Staff
213070,Khosrow,Boguraev,2/5/63,9/3/98,1/1/99,Engineer
213074,Kotesh,Calkin,10/22/62,9/7/86,1/1/99,Senior Engineer
213075,Radoslaw,Silva,10/21/62,5/24/87,1/1/99,Engineer
213077,Menkae,Lalonde,7/8/63,11/23/93,1/1/99,Technique Leader
213078,Shigenori,Kabayashi,12/5/62,4/11/96,1/1/99,Staff
213081,Manibrata,Sambasivam,5/14/62,1/15/89,1/1/99,Senior Engineer
213087,Faiza,Ouhyoung,3/12/63,4/7/86,1/1/99,Engineer
213091,Ashish,Conde,4/16/62,7/26/87,1/1/99,Senior Staff
213099,Kenroku,Riefers,8/16/62,11/13/92,1/1/99,Senior Staff
213104,Mahendra,Guardalben,6/19/63,2/13/98,1/1/99,Staff
213110,Moon,Chiodo,10/21/64,5/16/02,1/1/99,Staff
213112,Constantine,Binkley,10/5/62,11/21/97,1/1/99,Engineer
213122,Sven,Schiettecatte,9/16/62,9/19/93,1/1/99,Staff
213130,Bodo,Honiden,12/5/64,11/23/97,1/1/99,Assistant Engineer
213131,Ronghao,Dayang,2/19/62,11/28/96,1/1/99,Staff
213136,Bowen,Reeken,4/30/62,6/2/93,1/1/99,Staff
213140,Tru,Danecki,1/10/65,3/31/97,1/1/99,Staff
213141,Sailaja,Zultner,9/30/62,11/20/92,1/1/99,Engineer
213148,Marke,Falck,5/31/62,10/18/98,1/1/99,Assistant Engineer
213151,Kellie,Honglei,10/5/62,3/26/02,1/1/99,Senior Engineer
213162,Fumiya,Nitta,12/6/63,3/27/94,1/1/99,Senior Staff
213168,Hitofumi,Norsworthy,1/14/64,3/30/95,1/1/99,Staff
213169,Cathie,Restivo,2/23/63,9/25/90,1/1/99,Senior Staff
213176,Nikolaos,Cunliffe,1/19/63,2/18/93,1/1/99,Senior Staff
213181,Kazuyasu,Lieberherr,8/14/63,6/7/93,1/1/99,Senior Engineer
213184,Yoshimitsu,Isard,3/15/64,10/28/95,1/1/99,Senior Staff
213188,Lein,Karner,11/21/62,4/4/93,1/1/99,Senior Engineer
213191,Heekeun,Backhouse,12/11/64,12/31/93,1/1/99,Staff
213192,Alper,Yetim,10/21/64,1/15/94,1/1/99,Staff
213195,Marke,Schiper,9/25/62,2/1/99,1/1/99,Engineer
213200,Claude,Veccia,2/17/64,10/8/91,1/1/99,Staff
213207,Jamaludin,Brookner,9/7/62,3/4/97,1/1/99,Staff
213218,Yunming,Flowers,2/26/62,3/10/97,1/1/99,Senior Staff
213220,Shai,Bala,11/13/64,6/7/91,1/1/99,Senior Engineer
213222,Jovan,Bisiani,1/10/62,10/7/93,1/1/99,Staff
213223,Ennio,Assaf,4/25/64,9/13/95,1/1/99,Engineer
213226,Jaques,Huttel,11/25/63,3/3/92,1/1/99,Senior Staff
213229,Shuichi,Vieth,10/21/62,3/12/94,1/1/99,Senior Engineer
213231,Masami,Yurek,2/2/62,3/4/88,1/1/99,Staff
213238,Foong,Lambe,2/9/64,8/9/86,1/1/99,Engineer
213241,Berni,Thorelli,2/5/62,8/5/86,1/1/99,Senior Staff
213249,Frederique,Staudhammer,12/4/62,3/20/89,1/1/99,Engineer
213250,Caolyn,Danley,11/26/63,2/15/95,1/1/99,Senior Engineer
213256,Sumant,Gischer,11/4/62,3/12/90,1/1/99,Senior Engineer
213257,Zeydy,Murillo,5/1/64,10/11/97,1/1/99,Senior Staff
213276,Mingdong,Leivant,12/1/63,5/16/86,1/1/99,Staff
213282,Hilary,Kisuki,5/17/64,5/17/99,1/1/99,Staff
213285,Huai,Buchter,6/4/63,3/18/98,1/1/99,Engineer
213289,Itzchak,Veccia,4/12/62,12/19/98,1/1/99,Assistant Engineer
213291,Shakhar,Leijenhorst,3/13/62,2/21/90,1/1/99,Engineer
213296,Jingling,Baja,5/2/63,10/15/94,1/1/99,Senior Engineer
213302,Naraig,Erie,8/21/63,11/4/99,1/1/99,Engineer
213313,Turgut,Uchoa,3/1/64,2/1/87,1/1/99,Staff
213320,Sibyl,Stellhorn,3/19/62,12/26/86,1/1/99,Senior Staff
213325,Munenori,Denos,9/23/64,6/8/86,1/1/99,Engineer
213328,Kiyomitsu,Skogmar,1/6/63,6/5/90,1/1/99,Engineer
213329,Tonny,Roohalamini,11/16/63,11/1/89,1/1/99,Senior Staff
213330,Angel,Cairo,10/18/62,3/10/86,1/1/99,Staff
213331,Subbu,Luft,4/2/64,8/19/01,1/1/99,Assistant Engineer
213336,Maha,Kakkar,11/16/64,2/14/96,1/1/99,Assistant Engineer
213337,Gift,Cyre,1/17/62,4/26/90,1/1/99,Senior Staff
213340,Tristan,Callaway,5/19/63,1/24/96,1/1/99,Staff
213343,Josyula,Holburn,7/30/64,4/30/93,1/1/99,Assistant Engineer
213351,Chiranjit,Birrer,6/10/63,1/5/96,1/1/99,Technique Leader
213352,Tadanori,Gecseg,8/12/63,6/13/95,1/1/99,Assistant Engineer
213359,Divine,Gerteisen,10/6/64,12/11/93,1/1/99,Engineer
213369,Claudi,Iacovou,8/5/64,5/20/90,1/1/99,Staff
213370,Tadanori,Masaki,4/20/63,2/19/98,1/1/99,Staff
213377,Sham,Schnelling,1/8/63,2/8/92,1/1/99,Staff
213381,Yishai,Gill,5/24/62,3/21/97,1/1/99,Technique Leader
213382,Shridhar,Birge,11/28/63,3/13/95,1/1/99,Senior Staff
213384,Pranas,Narwekar,1/4/65,9/26/85,1/1/99,Senior Engineer
213390,Vidya,Stroustrup,2/19/62,2/7/96,1/1/99,Engineer
213392,Ramachenga,Maginnis,8/6/64,5/7/99,1/1/99,Senior Staff
213411,Bojan,Legleitner,5/12/62,4/30/88,1/1/99,Engineer
213412,Evgueni,Warwick,4/26/63,6/15/87,1/1/99,Engineer
213416,JoAnna,Pellegrinelli,7/2/63,11/12/85,1/1/99,Senior Engineer
213418,Mariusz,Oaver,12/30/62,6/9/93,1/1/99,Senior Staff
213423,Gil,Gajiwala,4/17/64,2/4/97,1/1/99,Technique Leader
213432,Peternela,Chiodo,1/2/62,5/21/97,1/1/99,Technique Leader
213437,Goh,Borstler,9/20/62,10/14/98,1/1/99,Staff
213442,Vidar,Tibblin,5/23/63,2/20/89,1/1/99,Senior Engineer
213447,Armond,Perly,2/1/65,9/14/89,1/1/99,Engineer
213450,Jungsoon,Irland,1/11/63,1/27/89,1/1/99,Engineer
213451,Nathan,Deville,11/4/62,10/19/90,1/1/99,Engineer
213456,Adhemar,Marwedel,8/30/63,3/19/95,1/1/99,Staff
213459,Mari,Taubenfeld,3/14/62,5/19/92,1/1/99,Senior Staff
213462,Torsten,Taubman,6/30/63,7/6/94,1/1/99,Senior Staff
213476,Tetsurou,Katiyar,12/29/63,11/5/94,1/1/99,Senior Engineer
213488,Tokuyasu,Kamber,11/21/63,10/21/86,1/1/99,Assistant Engineer
213493,Serenella,Snedden,8/4/62,4/16/92,1/1/99,Senior Engineer
213496,Heeju,Syrzycki,8/6/62,7/24/87,1/1/99,Technique Leader
213501,Suvo,Angelopoulos,12/19/63,11/22/90,1/1/99,Engineer
213503,Dinah,Lamma,7/4/62,11/8/94,1/1/99,Senior Engineer
213504,Sadun,Conde,3/7/64,4/10/99,1/1/99,Engineer
213505,Marc,Shimshoni,11/24/63,11/7/99,1/1/99,Engineer
213506,Ohad,Bahr,5/25/64,12/16/86,1/1/99,Senior Staff
213511,Sashi,Rusterholz,1/15/62,7/9/91,1/1/99,Senior Engineer
213527,Chaosheng,Aloia,8/29/62,7/30/87,1/1/99,Senior Engineer
213534,Qingxiang,Ferretti,11/22/63,6/16/89,1/1/99,Engineer
213536,Mansur,Ohori,6/16/63,11/8/91,1/1/99,Engineer
213544,Mohammed,Merli,11/25/64,9/9/89,1/1/99,Engineer
213546,Jayesh,Danlos,3/7/62,4/11/98,1/1/99,Senior Engineer
213551,Aruna,Improta,7/7/64,7/25/97,1/1/99,Engineer
213554,Noritoshi,Ligten,11/1/64,3/12/92,1/1/99,Senior Staff
213559,Tomofumi,Jording,4/7/63,10/21/89,1/1/99,Senior Engineer
213560,Phuoc,Serre,7/27/64,10/4/92,1/1/99,Staff
213565,Przemyslawa,Angel,10/28/63,7/24/93,1/1/99,Senior Staff
213568,Dinah,Gaughan,12/2/63,5/2/01,1/1/99,Staff
213572,Kristin,Passino,2/4/63,7/28/88,1/1/99,Engineer
213579,Dhritiman,Atrawala,4/29/64,2/6/89,1/1/99,Senior Engineer
213581,Radoslaw,Champarnaud,8/19/64,7/4/91,1/1/99,Senior Staff
213583,Gritta,Kuzuoka,7/27/64,9/30/89,1/1/99,Senior Engineer
213585,Steen,Kobara,7/1/63,5/7/93,1/1/99,Staff
213586,Cedric,Schaaf,12/10/62,10/8/87,1/1/99,Senior Engineer
213594,DeForest,Wynblatt,4/18/62,7/27/98,1/1/99,Engineer
213596,Tomoyuki,Hanratty,2/28/63,6/30/95,1/1/99,Senior Staff
213599,Tadahiro,Horswill,10/19/63,12/3/98,1/1/99,Staff
213600,Mabhin,Tagansky,9/4/63,12/9/86,1/1/99,Senior Engineer
213607,Sachem,Kaiser,11/18/64,7/30/99,1/1/99,Engineer
213608,Masaru,Bultermann,9/14/63,9/5/87,1/1/99,Senior Engineer
213610,Kamakshi,Birge,5/21/64,9/22/89,1/1/99,Engineer
213612,Gully,Rabehasaina,9/7/62,10/25/96,1/1/99,Senior Engineer
213613,Jinxi,Pouyioutas,7/2/63,6/22/89,1/1/99,Engineer
213616,Kazuhiro,Marrakchi,5/18/62,7/20/98,1/1/99,Engineer
213618,Berto,Nergos,1/9/62,5/13/99,1/1/99,Engineer
213619,Geraldo,Harbusch,3/21/62,3/13/92,1/1/99,Senior Staff
213627,Guozhong,Georgatos,8/29/64,12/20/96,1/1/99,Senior Engineer
213628,Amstein,Gide,4/19/64,9/23/93,1/1/99,Engineer
213632,Ulises,Gerteisen,3/27/63,3/4/98,1/1/99,Senior Engineer
213642,Stepehn,Berztiss,5/1/63,7/13/94,1/1/99,Engineer
213643,Suebskul,Birke,4/7/63,7/3/96,1/1/99,Assistant Engineer
213652,Marsha,Luef,10/1/62,7/4/86,1/1/99,Senior Staff
213654,Khosrow,Heping,5/2/64,3/4/91,1/1/99,Senior Engineer
213655,Sampalli,Undy,5/11/62,7/18/93,1/1/99,Staff
213656,Chenye,Strehl,9/13/64,10/28/93,1/1/99,Senior Engineer
213664,Xiping,Detkin,12/11/63,6/26/99,1/1/99,Senior Engineer
213665,Seshu,Strehl,12/2/63,6/17/98,1/1/99,Staff
213672,Hatsukazu,Ramras,3/19/64,6/8/91,1/1/99,Senior Engineer
213678,Pradeep,Rahier,6/16/64,3/26/98,1/1/99,Engineer
213688,Taiji,Engelmann,6/15/64,2/20/97,1/1/99,Senior Engineer
213692,Chuanyi,Decleir,10/11/62,1/26/90,1/1/99,Technique Leader
213695,Aran,Rehfuss,12/3/63,2/16/89,1/1/99,Engineer
213697,Xiahua,Shackell,2/10/64,4/14/93,1/1/99,Senior Engineer
213707,Hidde,DeMori,10/27/63,12/2/95,1/1/99,Staff
213715,Sachar,Jeong,9/5/64,7/21/97,1/1/99,Senior Engineer
213720,Bartek,Bain,11/7/62,3/30/86,1/1/99,Engineer
213727,Mayumi,Streng,5/9/64,4/25/97,1/1/99,Staff
213729,Ebru,Kropatsch,12/1/63,9/18/88,1/1/99,Senior Staff
213752,Masoud,Hutter,2/21/62,7/14/98,1/1/99,Engineer
213762,Mikhail,Sidje,1/16/62,7/29/99,1/1/99,Staff
213765,Jasminko,Lung,11/25/62,1/17/00,1/1/99,Senior Engineer
213767,Masadi,Baak,2/16/62,12/2/97,1/1/99,Technique Leader
213769,Shietung,Anguita,8/3/63,4/28/89,1/1/99,Senior Engineer
213770,Huai,Murtagh,8/10/62,8/29/97,1/1/99,Engineer
213782,Avishai,Luon,5/8/63,1/7/92,1/1/99,Senior Engineer
213789,Jeane,Kinley,5/7/63,3/8/96,1/1/99,Assistant Engineer
213791,Mitsuyuki,Escriba,10/22/63,10/12/86,1/1/99,Assistant Engineer
213795,Shuky,DuCasse,12/7/64,5/30/85,1/1/99,Engineer
213796,Dinkar,Marakhovsky,5/25/62,6/4/86,1/1/99,Senior Engineer
213799,Masadi,Luft,5/25/62,9/22/96,1/1/99,Engineer
213807,Shawna,Mitzlaff,6/2/62,4/19/99,1/1/99,Engineer
213816,Bogdan,Magliocco,3/16/63,2/7/89,1/1/99,Engineer
213819,Willard,Schiper,2/14/64,9/15/88,1/1/99,Senior Staff
213821,Heather,Willoner,8/8/62,8/22/90,1/1/99,Senior Staff
213845,Mantis,Coney,12/22/64,4/20/96,1/1/99,Engineer
213852,Sashi,Kavraki,10/11/64,2/25/89,1/1/99,Senior Engineer
213858,Gian,Kushnir,4/1/63,5/5/99,1/1/99,Assistant Engineer
213861,Mona,Boguraev,1/10/64,8/17/85,1/1/99,Senior Staff
213866,Lijia,Murrill,4/28/64,6/18/95,1/1/99,Engineer
213876,Sreekrishna,Mahnke,12/1/63,5/20/86,1/1/99,Senior Staff
213881,Boalin,Hambrick,2/14/64,6/1/96,1/1/99,Engineer
213885,Snehasis,Majewski,12/27/62,3/22/96,1/1/99,Senior Staff
213889,Fabrizio,Qiwen,5/11/63,5/28/86,1/1/99,Engineer
213890,Vatsa,Spinelli,11/6/64,7/20/96,1/1/99,Senior Staff
213893,Jacqueline,Gomatam,4/25/64,3/25/98,1/1/99,Senior Staff
213895,Garnik,Pollacia,8/1/64,3/10/89,1/1/99,Senior Engineer
213907,Mari,Passino,3/8/62,8/12/97,1/1/99,Staff
213908,Ugo,Perez,7/26/62,8/21/96,1/1/99,Engineer
213917,Khun,Puppo,8/6/63,3/22/88,1/1/99,Senior Engineer
213923,Berto,Pettit,2/28/64,3/5/93,1/1/99,Senior Staff
213926,Torsten,Wielonsky,11/12/64,8/26/98,1/1/99,Staff
213949,Narain,Templeman,1/12/62,11/27/89,1/1/99,Technique Leader
213950,Gita,Wissmann,4/27/64,7/16/89,1/1/99,Senior Staff
213954,Toshiko,Vesel,10/26/64,3/9/88,1/1/99,Senior Engineer
213963,Bokyung,Baer,2/27/64,11/21/98,1/1/99,Engineer
213971,Zhensheng,Khamsi,10/25/63,2/19/89,1/1/99,Senior Staff
213972,Vishu,Bednarek,6/12/64,8/22/96,1/1/99,Staff
213979,Herbert,Ponthieu,4/10/64,11/11/99,1/1/99,Engineer
213985,Werner,Rodiger,10/30/63,8/13/87,1/1/99,Staff
213992,Remmert,Vendrig,8/2/62,7/17/98,1/1/99,Staff
213994,Elvis,Bolotov,1/23/64,5/23/98,1/1/99,Engineer
213996,Tomoyuki,Gimarc,5/29/63,12/31/85,1/1/99,Senior Staff
214004,Chiranjit,Kumaresan,3/18/62,2/5/96,1/1/99,Staff
214016,Qingxiang,Baaleh,3/12/62,11/3/91,1/1/99,Staff
214017,Ramya,Reinhard,2/15/63,4/10/95,1/1/99,Engineer
214019,Brendon,Rosay,12/23/63,5/6/98,1/1/99,Senior Staff
214025,Gro,Fandrianto,4/12/62,6/1/85,1/1/99,Senior Engineer
214027,Mark,Raney,10/10/62,1/23/91,1/1/99,Senior Engineer
214038,Danil,Gornas,1/24/62,11/4/99,1/1/99,Staff
214039,Sajjan,Takkinen,11/20/64,6/11/97,1/1/99,Staff
214044,Miyeon,Sherertz,6/27/63,11/14/88,1/1/99,Engineer
214058,Xiahua,Albarhamtoshy,9/29/63,7/15/86,1/1/99,Senior Engineer
214061,Aemilian,Doering,8/21/64,5/22/87,1/1/99,Senior Staff
214066,Richard,Hennebert,5/19/62,12/28/95,1/1/99,Staff
214068,Fei,Walston,3/18/63,4/20/86,1/1/99,Senior Engineer
214070,Arnould,Geffroy,8/8/63,9/5/00,1/1/99,Engineer
214082,Shem,Marletta,2/8/62,12/29/90,1/1/99,Engineer
214091,Sahrah,Ghazalie,6/14/63,3/29/98,1/1/99,Engineer
214095,Serge,Zlotek,8/18/62,12/26/89,1/1/99,Technique Leader
214100,Rayond,Rathonyi,5/22/64,7/15/87,1/1/99,Senior Engineer
214109,Georgi,Gide,4/25/63,10/16/99,1/1/99,Senior Staff
214112,Baocai,Choobineh,1/8/63,5/15/86,1/1/99,Senior Staff
214128,Ottavia,Nitto,8/23/62,3/20/88,1/1/99,Staff
214135,Chriss,DuCasse,2/4/62,8/16/87,1/1/99,Staff
214141,Toshimi,Klassen,7/24/62,8/17/85,1/1/99,Engineer
214151,Tetsurou,Brodie,4/17/62,11/27/92,1/1/99,Senior Staff
214154,Tayeb,Demos,1/31/62,2/15/93,1/1/99,Engineer
214156,Giap,Rijckaert,9/1/64,1/23/91,1/1/99,Senior Staff
214173,Heekeun,Gimarc,3/6/63,12/1/95,1/1/99,Assistant Engineer
214182,Ottavia,Matzat,10/30/64,9/30/85,1/1/99,Senior Engineer
214196,Nirmal,Kaiser,9/1/62,5/10/86,1/1/99,Senior Staff
214197,Mototsugu,Leaver,12/20/62,2/13/86,1/1/99,Senior Staff
214200,Temple,Litecky,2/22/64,6/2/87,1/1/99,Senior Engineer
214206,Vishu,Uchoa,9/1/64,6/17/97,1/1/99,Engineer
214210,Masami,Rebaine,1/16/63,10/6/99,1/1/99,Technique Leader
214212,Gift,Eastman,9/30/64,5/31/90,1/1/99,Staff
214213,Marco,Plotkin,10/18/62,1/15/95,1/1/99,Senior Engineer
214215,Xiaoqiang,Cardazo,1/25/65,5/28/93,1/1/99,Senior Staff
214218,Otmar,Puppe,9/11/62,10/17/98,1/1/99,Engineer
214223,Shigeo,Itzfeldt,8/15/64,1/18/90,1/1/99,Senior Staff
214228,Remmert,Cummings,1/16/62,12/10/98,1/1/99,Engineer
214229,Lalit,Munro,10/11/62,3/25/89,1/1/99,Engineer
214232,Bartek,Schnelling,12/18/63,2/20/97,1/1/99,Staff
214238,Aris,Kroft,10/19/63,2/11/89,1/1/99,Senior Staff
214242,Ibibia,Garnham,4/17/62,2/9/86,1/1/99,Technique Leader
214243,Franziska,Kusakari,12/18/62,3/13/91,1/1/99,Staff
214249,Gor,Hitomi,12/18/64,6/15/90,1/1/99,Technique Leader
214256,Moty,Penn,9/10/62,4/16/90,1/1/99,Assistant Engineer
214257,Ravishankar,Gustavson,4/12/62,4/5/92,1/1/99,Staff
214264,Visit,Ramalingam,2/27/64,12/23/94,1/1/99,Senior Engineer
214268,Gaetan,Pleszkun,6/29/63,2/20/89,1/1/99,Senior Staff
214269,Petter,Liedekerke,5/6/64,4/3/97,1/1/99,Staff
214273,Saddek,Hofting,3/4/64,11/29/95,1/1/99,Engineer
214278,Martijn,Ernst,10/12/64,4/16/96,1/1/99,Engineer
214283,Aimee,Douceur,9/22/63,11/12/90,1/1/99,Senior Staff
214287,Clyde,Munoz,11/28/64,12/12/91,1/1/99,Senior Engineer
214290,Parto,Gien,7/5/64,11/11/92,1/1/99,Engineer
214292,Howell,Siegrist,12/4/64,7/28/89,1/1/99,Staff
214297,Gio,Zeleznik,7/1/62,5/2/95,1/1/99,Staff
214299,Jiafu,Karner,3/23/64,1/27/87,1/1/99,Staff
214303,Fox,Swen,7/21/62,11/15/91,1/1/99,Senior Staff
214304,Sadun,Binding,10/15/63,7/1/89,1/1/99,Senior Engineer
214306,Seshu,Beetstra,5/31/63,12/24/88,1/1/99,Senior Staff
214308,Ymte,Siegrist,9/3/63,5/16/97,1/1/99,Staff
214315,Shigehito,Rehfuss,9/22/63,6/14/97,1/1/99,Senior Engineer
214325,Christ,Erez,7/5/64,3/17/90,1/1/99,Senior Staff
214328,Nikolaos,Sooriamurthi,3/30/64,5/22/90,1/1/99,Engineer
214332,Babette,Albarhamtoshy,12/16/62,7/21/95,1/1/99,Senior Engineer
214344,Nadjib,Gire,11/20/64,1/10/91,1/1/99,Senior Engineer
214346,Lansing,Kusalik,1/19/62,10/28/92,1/1/99,Staff
214352,Luise,Pezzoli,3/11/64,11/16/93,1/1/99,Senior Staff
214361,Hideo,Perz,11/11/63,4/11/92,1/1/99,Engineer
214367,Yongmin,Pillow,2/8/64,12/5/98,1/1/99,Engineer
214372,Kitty,Merli,10/29/64,3/24/86,1/1/99,Senior Staff
214379,Kish,Burnard,12/28/63,8/29/87,1/1/99,Senior Staff
214386,Stein,Gomatam,7/8/64,6/24/94,1/1/99,Senior Staff
214389,Kerhong,Fontet,11/14/62,5/27/88,1/1/99,Engineer
214391,Rayond,Klassen,1/15/65,9/11/93,1/1/99,Staff
214393,Zita,Siepmann,9/18/63,7/7/97,1/1/99,Senior Engineer
214399,Aria,Bade,5/24/62,4/22/98,1/1/99,Staff
214400,Dekang,Miyakawa,6/19/63,8/8/85,1/1/99,Senior Engineer
214403,Jacqueline,Marrakchi,2/25/62,5/26/88,1/1/99,Senior Engineer
214409,Wuxu,Beerel,10/15/62,6/1/99,1/1/99,Engineer
214412,Ger,Skafidas,12/4/62,1/23/97,1/1/99,Staff
214416,Maia,Eickenmeyer,5/8/62,8/3/95,1/1/99,Senior Staff
214426,Tsuneo,Rabejac,3/6/62,8/26/94,1/1/99,Senior Staff
214427,Peer,Molberg,1/29/65,11/17/96,1/1/99,Engineer
214431,Snehasis,Bonifati,10/19/62,7/20/89,1/1/99,Senior Engineer
214433,Jenwei,Garnier,6/6/63,5/28/96,1/1/99,Engineer
214449,Arnould,Kriebel,10/28/62,5/25/87,1/1/99,Engineer
214459,Jouni,Isaac,11/14/63,10/7/99,1/1/99,Engineer
214463,Bedrich,Gewali,3/16/62,5/16/86,1/1/99,Staff
214466,Douadi,Benantar,8/1/64,10/23/99,1/1/99,Technique Leader
214467,Shunichi,Lortz,9/24/64,2/11/98,1/1/99,Staff
214472,Nishit,Rissanen,7/15/63,9/7/93,1/1/99,Senior Staff
214477,Nathalie,Hasenauer,6/13/63,10/24/90,1/1/99,Engineer
214485,Lijia,Bennet,4/17/64,5/7/93,1/1/99,Senior Staff
214487,Geraldo,Luks,10/17/62,5/1/87,1/1/99,Senior Engineer
214488,Dhritiman,Erni,3/9/62,1/26/88,1/1/99,Senior Engineer
214493,Constantine,Naudin,4/20/62,10/20/95,1/1/99,Senior Staff
214495,Abdelghani,Scallan,7/23/63,11/12/95,1/1/99,Staff
214497,Sverrir,Rodite,11/26/64,7/12/93,1/1/99,Senior Staff
214505,Karoline,Prampolini,1/19/62,11/17/89,1/1/99,Senior Engineer
214509,Heejo,Kisuki,8/29/64,3/12/93,1/1/99,Senior Engineer
214516,Kristina,Mukaidono,7/29/62,8/8/86,1/1/99,Senior Engineer
214517,Adin,Magalhaes,1/23/62,10/28/92,1/1/99,Senior Staff
214523,Leen,Georgatos,5/6/62,6/10/88,1/1/99,Senior Engineer
214524,Heekeun,Zambonelli,8/2/62,5/19/92,1/1/99,Senior Engineer
214527,Duke,Mandell,10/28/64,8/29/01,1/1/99,Assistant Engineer
214532,Atreye,Maccarone,8/23/64,8/11/94,1/1/99,Engineer
214533,Mihalis,Denny,3/7/63,10/28/98,1/1/99,Engineer
214539,Ingmar,Kohling,1/27/65,4/25/95,1/1/99,Engineer
214544,Yuping,Cappello,9/13/63,3/2/88,1/1/99,Staff
214545,Halsur,Pettey,11/20/62,12/1/97,1/1/99,Technique Leader
214547,Dines,Gulik,11/25/63,1/25/96,1/1/99,Senior Engineer
214551,Stella,Wixon,6/6/63,11/1/93,1/1/99,Senior Staff
214554,Gritta,Piazza,11/26/64,11/22/99,1/1/99,Senior Staff
214562,Arnd,Coombs,4/1/63,10/12/98,1/1/99,Engineer
214564,Munehiro,Erez,9/19/63,3/13/85,1/1/99,Engineer
214566,Leen,Haraldson,8/21/63,6/10/98,1/1/99,Staff
214571,Qiwen,Haddadi,6/30/62,3/30/92,1/1/99,Engineer
214573,Utpal,Trachtenberg,11/1/64,12/29/90,1/1/99,Senior Staff
214582,Achilleas,Ermel,9/28/62,8/27/87,1/1/99,Staff
214597,Rosalie,Miake,7/31/64,10/14/94,1/1/99,Senior Staff
214600,Serge,Monarch,9/29/63,6/19/94,1/1/99,Senior Engineer
214602,Remko,Budinsky,10/11/63,11/3/85,1/1/99,Senior Engineer
214607,Takanari,Hanabata,6/30/63,10/28/91,1/1/99,Senior Staff
214610,Denny,Lorho,12/6/64,5/10/88,1/1/99,Staff
214612,Nigel,Boyle,11/20/62,4/24/93,1/1/99,Engineer
214632,Arnould,Curless,4/26/63,1/15/88,1/1/99,Senior Engineer
214634,Shirish,Vickson,1/12/65,10/24/89,1/1/99,Engineer
214638,Percy,Vrecion,7/11/62,9/27/93,1/1/99,Senior Staff
214640,Bingning,Serdy,1/22/62,2/22/97,1/1/99,Senior Staff
214641,Palash,Kuhnemann,5/11/63,6/22/91,1/1/99,Senior Engineer
214643,Shridhar,Bharadwaj,8/24/62,11/19/87,1/1/99,Senior Staff
214647,Florina,Taubenfeld,9/11/64,7/23/95,1/1/99,Engineer
214651,Rosine,Taubman,1/18/62,11/7/98,1/1/99,Technique Leader
214656,Dante,Schicker,1/7/62,9/20/92,1/1/99,Senior Staff
214664,Tuval,Cronin,11/23/64,6/30/97,1/1/99,Engineer
214669,Giordano,Riesenhuber,12/15/64,2/4/95,1/1/99,Technique Leader
214671,Achilleas,Norsworthy,5/25/62,5/31/98,1/1/99,Staff
214699,Yurii,Baezner,12/27/63,12/12/98,1/1/99,Senior Engineer
214701,Teunis,Gniady,12/6/64,7/3/90,1/1/99,Engineer
214702,Percy,Murtafg,1/19/63,9/25/96,1/1/99,Engineer
214708,Spyrose,Dredge,12/24/63,1/28/97,1/1/99,Engineer
214710,Kotesh,Kawashima,12/22/64,10/7/98,1/1/99,Senior Staff
214728,Shuzo,Figueira,1/29/63,3/25/97,1/1/99,Staff
214734,Mitsuyuki,Boudaillier,2/10/64,12/6/89,1/1/99,Staff
214737,Uta,Mattern,12/1/63,4/11/92,1/1/99,Senior Engineer
214751,Odinaldo,Pero,8/2/63,1/10/99,1/1/99,Engineer
214754,Taisook,Oehlmann,3/18/63,6/14/98,1/1/99,Engineer
214759,Radoslaw,Fioravanti,12/16/63,4/20/94,1/1/99,Senior Engineer
214764,Moriyoshi,Worfolk,2/29/64,2/23/86,1/1/99,Senior Staff
214774,Mong,Honiden,5/6/62,4/8/99,1/1/99,Senior Engineer
214778,Ashish,Wuwongse,1/25/63,10/12/93,1/1/99,Senior Staff
214781,Phillip,Hiyoshi,2/4/64,10/3/86,1/1/99,Senior Staff
214782,Heon,Salinas,8/5/62,2/15/91,1/1/99,Senior Engineer
214789,Arfst,Chepyzhov,1/28/65,2/6/89,1/1/99,Engineer
214793,Tristan,Rattan,10/1/63,1/8/97,1/1/99,Technique Leader
214801,Supot,Alpin,4/6/64,5/7/96,1/1/99,Staff
214810,Theirry,Thisen,8/8/62,1/31/98,1/1/99,Senior Engineer
214815,Xiaoqiang,Luiz,12/3/62,4/17/96,1/1/99,Senior Engineer
214824,Mayumi,Junet,8/20/62,6/14/98,1/1/99,Assistant Engineer
214829,Aemilian,Remmers,2/5/64,1/29/95,1/1/99,Senior Staff
214830,Volkmar,Mitina,2/24/63,6/3/96,1/1/99,Engineer
214831,Barun,Pulkowski,1/18/64,9/30/91,1/1/99,Staff
214832,Owen,Crouzet,2/26/63,2/5/86,1/1/99,Senior Staff
214839,Venkatesan,Liesche,2/9/62,2/16/96,1/1/99,Senior Staff
214843,Khosrow,Cannata,8/8/64,5/11/92,1/1/99,Engineer
214846,Felicidad,Calkin,7/26/62,2/11/94,1/1/99,Engineer
214847,Junichi,Lowrie,3/17/62,7/28/94,1/1/99,Senior Engineer
214860,Wonhee,Tiemann,12/15/62,11/16/86,1/1/99,Engineer
214866,Gopalakrishnan,Angel,2/1/65,7/5/97,1/1/99,Senior Engineer
214867,Moti,Perez,10/3/64,12/31/86,1/1/99,Senior Engineer
214868,Murthy,Marsiglia,1/5/62,10/11/88,1/1/99,Senior Staff
214877,Demin,Leaver,7/7/62,6/5/98,1/1/99,Engineer
214884,Quingbo,Wroclawski,10/20/64,12/15/86,1/1/99,Senior Engineer
214893,Supot,Rahimi,12/2/62,10/4/95,1/1/99,Staff
214903,Kyoichi,Crelier,4/12/64,6/20/99,1/1/99,Senior Engineer
214914,Gadiel,Rodham,2/29/64,10/27/93,1/1/99,Engineer
214919,Aemilian,Callaway,1/16/62,7/13/94,1/1/99,Senior Staff
214930,Zhaofang,Gini,4/24/62,4/27/95,1/1/99,Senior Staff
214933,Brendon,Bugaenko,3/6/64,6/15/85,1/1/99,Senior Staff
214948,Chandrasekaran,Rosti,7/11/63,6/8/91,1/1/99,Senior Staff
214949,Berto,Willoner,4/19/63,7/13/86,1/1/99,Senior Engineer
214952,Moty,Leppanen,8/12/64,7/7/99,1/1/99,Staff
214957,Akemi,Schapire,1/8/63,3/5/92,1/1/99,Senior Staff
214964,Kasturi,Tempesti,6/3/62,7/8/92,1/1/99,Engineer
214968,Eldridge,Akazan,2/5/62,10/23/87,1/1/99,Senior Staff
214971,Hitomi,Pauthner,9/20/62,11/10/86,1/1/99,Senior Staff
214975,Hongzue,Melton,7/31/64,1/20/86,1/1/99,Engineer
214976,Hauke,Brookman,1/12/64,7/29/87,1/1/99,Senior Engineer
214977,Stein,Penttonen,2/2/63,8/31/90,1/1/99,Assistant Engineer
214985,Francoise,Angot,9/3/62,6/28/88,1/1/99,Senior Staff
214995,Dinkar,Hoppenstand,1/12/65,5/4/94,1/1/99,Engineer
214996,Berthier,Ramsey,11/8/62,8/12/91,1/1/99,Technique Leader
215009,Josyula,Melichar,5/1/63,12/26/87,1/1/99,Staff
215011,Shaowen,Crelier,8/16/62,5/15/87,1/1/99,Senior Engineer
215017,Masaki,Perez,7/7/64,11/16/98,1/1/99,Staff
215024,Theirry,Luga,4/25/64,1/16/91,1/1/99,Engineer
215030,Barton,Ranai,12/4/64,6/16/92,1/1/99,Senior Staff
215034,Shimshon,Vural,7/30/64,5/28/92,1/1/99,Senior Staff
215040,Kristin,Kroft,9/30/64,9/5/98,1/1/99,Engineer
215042,Rajmohan,Hebert,11/27/64,10/23/91,1/1/99,Senior Staff
215051,Nahid,Schnabel,7/7/62,12/11/92,1/1/99,Senior Engineer
215052,Kirk,Tasistro,9/28/64,6/10/93,1/1/99,Senior Staff
215058,Kwan,Pollock,11/13/63,8/20/93,1/1/99,Technique Leader
215060,Oldrich,Boyle,10/28/62,9/18/97,1/1/99,Senior Staff
215071,Sajjan,Makrucki,2/15/64,8/28/85,1/1/99,Staff
215079,Make,Conia,3/27/62,4/8/01,1/1/99,Staff
215080,Kenton,Aingworth,1/7/62,3/31/86,1/1/99,Senior Staff
215081,Mayuko,Gecsel,2/4/62,7/22/88,1/1/99,Senior Staff
215089,Denny,Suomi,1/15/62,9/25/92,1/1/99,Senior Staff
215090,Shigeo,Wielonsky,4/22/63,4/5/96,1/1/99,Senior Engineer
215115,Taisook,Matzov,11/12/62,11/17/99,1/1/99,Staff
215128,Yechezkel,Sudbeck,5/26/62,4/27/93,1/1/99,Senior Engineer
215135,Bernardo,Pintelas,8/14/63,2/27/90,1/1/99,Senior Staff
215136,Marke,Pauthner,1/9/63,6/24/97,1/1/99,Senior Engineer
215143,Jacopo,Fargier,4/7/64,7/20/88,1/1/99,Senior Staff
215148,Jixiang,Geffroy,7/25/64,6/25/99,1/1/99,Senior Engineer
215153,Jaewoo,Thorelli,4/23/64,7/22/91,1/1/99,Senior Staff
215154,Sumant,Weisert,2/7/64,9/20/97,1/1/99,Senior Engineer
215161,Ymte,Lally,4/20/62,2/3/97,1/1/99,Staff
215163,Bokyung,Haddadi,1/11/63,2/17/88,1/1/99,Staff
215167,Susanta,Kaiserswerth,8/11/63,2/15/89,1/1/99,Senior Staff
215175,Gritta,Leonhardt,4/13/62,10/24/85,1/1/99,Staff
215176,Syozo,Yetim,5/19/63,1/16/95,1/1/99,Senior Staff
215182,Maria,Genin,9/10/63,3/26/89,1/1/99,Engineer
215186,Elzbieta,Vidal,8/15/64,1/24/97,1/1/99,Staff
215202,Shietung,Cappello,8/17/63,7/25/98,1/1/99,Engineer
215205,Kirk,DeMori,8/17/63,4/3/97,1/1/99,Engineer
215209,Xiadong,Norsworthy,10/8/62,8/12/88,1/1/99,Senior Engineer
215217,Kazuhisa,Ballarin,2/18/63,7/21/94,1/1/99,Staff
215226,Randi,Ranka,12/30/62,12/18/97,1/1/99,Senior Staff
215232,Tonny,Vanwelkenhuysen,10/2/62,9/22/95,1/1/99,Engineer
215235,Dayanand,Curless,6/21/62,5/2/99,1/1/99,Engineer
215238,Diederik,Uhrik,10/31/62,9/25/98,1/1/99,Engineer
215246,Shimshon,Bratsberg,10/26/63,3/23/96,1/1/99,Engineer
215250,Adas,Lorin,7/16/63,10/30/89,1/1/99,Engineer
215264,Mark,Docker,8/4/63,4/12/91,1/1/99,Senior Engineer
215269,Werner,Wossner,9/19/64,1/9/01,1/1/99,Senior Staff
215270,Zine,Diderrich,4/25/63,10/6/85,1/1/99,Staff
215293,Navin,Bellmore,10/1/64,2/25/97,1/1/99,Staff
215303,Gurbir,Kakkad,1/2/63,5/7/96,1/1/99,Senior Staff
215304,Prodip,Hebden,11/6/64,1/21/93,1/1/99,Engineer
215313,Nakhoon,Azumi,12/30/64,2/8/97,1/1/99,Engineer
215314,Amalendu,Luit,10/30/64,9/8/92,1/1/99,Senior Engineer
215316,Luise,Zaumen,3/3/64,11/22/94,1/1/99,Senior Staff
215331,Zengping,Maginnis,10/31/63,12/4/97,1/1/99,Engineer
215337,Arlette,Rusterholz,9/10/63,11/13/87,1/1/99,Engineer
215343,Lein,Zedlitz,11/17/64,11/11/92,1/1/99,Senior Engineer
215352,Niranjan,Malinowski,10/5/63,1/21/91,1/1/99,Engineer
215358,Valdiodio,Gide,5/15/62,10/18/87,1/1/99,Staff
215362,Dante,Varker,9/3/63,11/10/89,1/1/99,Senior Engineer
215375,Kasturi,Goldhammer,4/23/63,1/23/87,1/1/99,Senior Staff
215386,Oddvar,Iacovou,10/5/63,6/14/97,1/1/99,Staff
215387,Shaz,Sherertz,8/24/62,9/22/89,1/1/99,Engineer
215393,Marla,Nastansky,1/4/63,10/10/99,1/1/99,Staff
215400,Alair,Morrin,9/18/63,5/11/97,1/1/99,Technique Leader
215409,Kazuyasu,Simmen,1/11/64,12/2/93,1/1/99,Staff
215412,Gererd,Desikan,12/3/64,12/15/85,1/1/99,Engineer
215417,Xinglin,Biros,10/9/63,11/24/88,1/1/99,Staff
215419,Flemming,Kroha,1/16/65,1/23/95,1/1/99,Staff
215433,Sachin,Asser,2/15/63,3/29/92,1/1/99,Engineer
215434,Denis,Schicker,1/5/64,3/12/99,1/1/99,Engineer
215441,Rajmohan,Gente,10/4/64,6/7/89,1/1/99,Staff
215453,Alselm,Weiland,10/29/63,6/22/99,1/1/99,Assistant Engineer
215457,Brendon,Erman,6/19/62,5/13/92,1/1/99,Staff
215460,Eberhardt,Anandan,12/25/63,11/24/87,1/1/99,Senior Staff
215461,Aamod,Jarecki,8/13/64,11/5/86,1/1/99,Senior Staff
215462,Abdulah,Mansanne,12/22/62,1/30/90,1/1/99,Senior Staff
215464,TRUE,Lorin,7/25/63,9/17/90,1/1/99,Staff
215477,Roddy,Lupu,1/25/64,7/21/96,1/1/99,Technique Leader
215478,Waiman,Lammel,7/14/64,7/2/92,1/1/99,Engineer
215489,Tadahiro,Fujisaki,5/20/63,6/4/89,1/1/99,Senior Staff
215497,Niclas,Hitomi,9/1/64,6/21/86,1/1/99,Staff
215505,Gudjon,Salinas,10/4/62,4/16/99,1/1/99,Staff
215514,Kien,Sidhu,7/9/63,3/21/91,1/1/99,Staff
215515,Rimli,Syrzycki,10/23/62,10/10/92,1/1/99,Senior Engineer
215518,Chandrasekaran,Luiz,11/10/64,10/22/88,1/1/99,Staff
215520,Toshimi,Passafiume,10/27/62,1/26/94,1/1/99,Staff
215526,Wayne,Beidas,1/3/64,7/2/89,1/1/99,Senior Engineer
215527,Vasilii,Hellwagner,12/29/63,8/28/97,1/1/99,Engineer
215530,Abdelghani,Sinicrope,2/7/62,6/13/96,1/1/99,Engineer
215545,Mayuri,Honglei,8/13/62,8/31/95,1/1/99,Staff
215555,Snehasis,Baig,3/26/64,7/9/87,1/1/99,Staff
215556,Karsten,Guting,7/12/64,9/9/96,1/1/99,Engineer
215558,Nevin,Jullig,12/13/62,11/3/91,1/1/99,Senior Engineer
215559,Stabislas,Picco,12/26/63,5/22/92,1/1/99,Senior Staff
215562,Masali,Itschner,9/14/64,9/7/87,1/1/99,Engineer
215564,Abdulah,Bael,7/16/62,3/24/90,1/1/99,Engineer
215592,Shahaf,Biros,6/9/62,5/2/94,1/1/99,Senior Engineer
215595,Tze,Bruckman,6/19/62,4/23/85,1/1/99,Senior Staff
215606,Pohua,Gewali,11/27/63,2/6/00,1/1/99,Senior Staff
215607,Ulf,Schoegge,11/17/63,4/4/89,1/1/99,Engineer
215609,Conrado,Hopewell,5/24/64,1/12/94,1/1/99,Senior Engineer
215621,Stamatina,Worfolk,12/14/63,3/13/90,1/1/99,Senior Staff
215627,Karoline,Templeman,12/8/64,5/22/98,1/1/99,Assistant Engineer
215629,Munehiro,Manders,1/15/65,5/18/87,1/1/99,Senior Staff
215646,Koldo,Jakobus,12/19/64,4/12/98,1/1/99,Engineer
215647,Kinh,Provine,7/11/64,3/12/94,1/1/99,Senior Staff
215649,Bangqing,Cyne,4/2/63,8/15/91,1/1/99,Senior Engineer
215655,Diederik,Bouloucos,10/11/62,12/26/95,1/1/99,Technique Leader
215660,Kiyokazu,Pleszkun,3/30/62,10/19/94,1/1/99,Senior Engineer
215663,Arunachalam,Biron,8/19/64,12/12/93,1/1/99,Senior Engineer
215686,Lalit,Stellhorn,12/24/64,11/18/87,1/1/99,Engineer
215687,Utz,Casperson,6/3/63,1/23/90,1/1/99,Senior Staff
215690,Kamran,Grabner,4/13/64,5/27/96,1/1/99,Senior Engineer
215699,Gregory,Rettelbach,9/26/64,5/31/02,1/1/99,Engineer
215702,Thodoros,Avouris,8/7/62,2/21/85,1/1/99,Senior Staff
215704,Jungsoon,Khalid,10/7/63,1/27/94,1/1/99,Engineer
215719,Oddvar,Parhami,1/18/64,8/16/87,1/1/99,Technique Leader
215720,Charlene,Radivojevic,8/15/62,7/22/99,1/1/99,Senior Staff
215746,Sven,Speer,1/8/65,7/8/99,1/1/99,Staff
215751,Arnould,Schaap,3/17/64,9/9/97,1/1/99,Staff
215752,Mooi,Botman,3/17/62,11/5/99,1/1/99,Senior Engineer
215756,Yurii,Lagarias,3/11/64,9/26/85,1/1/99,Senior Staff
215770,Saeko,Bamford,8/5/64,3/28/91,1/1/99,Senior Staff
215775,Koichi,Rosca,9/20/62,9/28/87,1/1/99,Engineer
215779,Jaber,Schaaf,9/17/62,4/13/90,1/1/99,Staff
215780,Breannda,Harnett,8/23/63,1/7/97,1/1/99,Assistant Engineer
215784,Sergi,Brickell,9/19/63,10/25/94,1/1/99,Staff
215786,Katsuo,Heusch,1/27/62,6/14/88,1/1/99,Senior Staff
215789,Ennio,Vernadat,4/19/63,1/4/95,1/1/99,Senior Staff
215792,Jianhui,Zaiane,2/28/63,1/2/95,1/1/99,Engineer
215795,Lokesh,Cooman,5/11/64,3/29/01,1/1/99,Senior Engineer
215802,Jingling,Valiente,10/17/62,9/22/96,1/1/99,Engineer
215805,Chaoyi,Siepmann,8/26/62,11/15/89,1/1/99,Engineer
215810,Zissis,Compeau,9/26/63,2/13/95,1/1/99,Senior Staff
215830,King,Comyn,8/9/62,9/23/99,1/1/99,Senior Staff
215836,Zhilian,Vuskovic,12/15/63,1/24/86,1/1/99,Engineer
215838,Toshimori,Munke,12/26/62,10/19/97,1/1/99,Senior Staff
215841,Sham,Einsfeld,4/3/64,11/24/92,1/1/99,Senior Staff
215843,Pramod,Loncour,1/30/65,3/31/87,1/1/99,Staff
215851,Weijing,Bultermann,7/1/63,7/18/88,1/1/99,Senior Engineer
215856,Fan,Perri,8/16/62,11/8/94,1/1/99,Senior Engineer
215859,Guiseppe,Deville,8/30/62,4/3/85,1/1/99,Engineer
215867,Reinhard,Ligten,2/28/63,9/28/87,1/1/99,Senior Staff
215879,Fox,Fendler,3/19/62,11/21/94,1/1/99,Staff
215885,Sanjeeva,Imataki,1/27/63,10/3/94,1/1/99,Staff
215887,Masoud,Ghandeharizadeh,6/10/63,3/4/98,1/1/99,Staff
215892,Aiman,Linnainmaa,10/24/63,5/8/94,1/1/99,Senior Engineer
215893,Martial,Larfeldt,12/31/64,1/4/87,1/1/99,Senior Engineer
215894,Boguslaw,Sury,9/16/62,3/30/94,1/1/99,Senior Engineer
215908,Odysseas,Jording,12/2/64,6/21/02,1/1/99,Staff
215909,Xudong,Maccarone,10/27/62,6/6/96,1/1/99,Senior Engineer
215912,Zongyan,Budinsky,6/2/63,11/11/97,1/1/99,Senior Engineer
215923,Uri,Sridhar,9/19/63,5/30/94,1/1/99,Assistant Engineer
215928,Koldo,Zeilberger,12/24/62,9/9/88,1/1/99,Assistant Engineer
215934,Weiru,Erdi,10/30/62,12/6/98,1/1/99,Staff
215944,Chanjung,Ibel,11/23/64,9/28/89,1/1/99,Senior Engineer
215951,Cullen,Schapiro,7/14/63,7/25/95,1/1/99,Senior Engineer
215959,Bluma,Castellani,4/29/62,7/16/95,1/1/99,Staff
215964,Younwoo,Bardell,12/17/62,12/4/87,1/1/99,Engineer
215965,Alois,Dehkordi,6/9/63,5/22/96,1/1/99,Staff
215969,Billie,Gecsei,8/28/64,2/11/95,1/1/99,Senior Staff
215972,Ennio,Swab,7/21/63,12/24/96,1/1/99,Assistant Engineer
215977,Valeri,Radwan,2/17/64,7/19/97,1/1/99,Assistant Engineer
215984,Munenori,Poehlman,5/27/64,9/12/93,1/1/99,Technique Leader
215987,Fatemeh,Kalafatis,12/3/62,4/6/97,1/1/99,Senior Engineer
215991,Chikako,Biron,1/12/64,10/29/96,1/1/99,Senior Staff
215996,Xiaoqiu,Miyakawa,7/27/64,5/31/97,1/1/99,Staff
216005,Giao,Ghandeharizadeh,6/10/63,2/16/87,1/1/99,Senior Staff
216008,Xiaoshan,Peha,1/5/62,10/5/98,1/1/99,Engineer
216011,Divine,Bhattacharjee,4/27/62,5/11/96,1/1/99,Senior Engineer
216013,Limsoon,Peres,5/29/63,7/24/89,1/1/99,Engineer
216017,Goo,Swan,4/10/63,6/17/85,1/1/99,Senior Engineer
216024,Terresa,Hebert,4/25/63,5/28/86,1/1/99,Technique Leader
216043,Tristan,Fasbender,12/2/63,8/9/89,1/1/99,Staff
216045,Fen,Maraist,3/14/64,3/2/85,1/1/99,Senior Engineer
216048,Kolar,Sridhar,7/25/63,11/13/01,1/1/99,Engineer
216050,Shaw,Macedo,7/24/62,11/4/95,1/1/99,Senior Engineer
216052,Mohua,Strandh,11/17/63,11/14/90,1/1/99,Senior Engineer
216053,Bokyung,Legleitner,4/5/63,7/4/93,1/1/99,Technique Leader
216054,Sahrah,Angiulli,1/24/65,7/31/86,1/1/99,Senior Staff
216064,Hatsukazu,Ashish,3/7/64,4/2/98,1/1/99,Senior Engineer
216067,Sachar,Narahari,10/1/63,1/31/97,1/1/99,Senior Engineer
216069,Aluzio,Marletta,11/21/64,6/3/99,1/1/99,Engineer
216073,Jianwen,Skogmar,4/2/64,7/11/97,1/1/99,Engineer
216096,Seongbae,Lamma,3/29/63,5/30/95,1/1/99,Senior Engineer
216103,Manohar,Wroclawski,3/13/64,1/21/88,1/1/99,Senior Staff
216108,Salvador,Brlek,3/17/63,5/10/87,1/1/99,Assistant Engineer
216109,Poornachandra,Tsukuda,6/6/62,9/5/96,1/1/99,Engineer
216112,Aruna,Benantar,2/25/63,6/8/95,1/1/99,Senior Staff
216117,Joydip,Gornas,10/11/63,3/24/93,1/1/99,Engineer
216121,Aria,Rosch,4/12/64,4/9/96,1/1/99,Assistant Engineer
216137,Shaz,Krichel,2/1/62,7/22/92,1/1/99,Engineer
216139,Jaber,Takanami,3/10/62,8/14/85,1/1/99,Senior Engineer
216141,Marjo,Baek,4/22/62,1/21/92,1/1/99,Senior Engineer
216147,Wonhee,Falck,9/14/62,2/17/96,1/1/99,Engineer
216161,Billie,Sundgren,9/13/63,2/5/95,1/1/99,Engineer
216169,Hsiangchu,Hatcliff,8/7/62,3/12/85,1/1/99,Senior Staff
216182,Tsuneo,Cooley,7/26/64,9/12/98,1/1/99,Staff
216190,Zhaofang,Hofstetter,9/7/62,1/23/96,1/1/99,Staff
216195,Turgut,Ulupinar,2/2/62,4/11/90,1/1/99,Senior Staff
216206,Conal,Wixon,8/20/63,5/12/85,1/1/99,Senior Staff
216207,Gay,Hempstead,1/3/64,2/28/99,1/1/99,Staff
216208,Leon,Mitsuhashi,12/17/62,10/23/95,1/1/99,Senior Staff
216215,Guozhong,Jeansoulin,5/24/62,5/1/95,1/1/99,Engineer
216225,Taiji,Rathonyi,11/30/63,9/9/99,1/1/99,Engineer
216227,Rosalie,Provine,3/7/64,10/31/92,1/1/99,Staff
216240,Jinxi,Basagni,4/28/63,8/28/87,1/1/99,Engineer
216243,Sajjad,Lagarias,9/29/64,4/6/91,1/1/99,Senior Staff
216245,Sanjiv,Engelmann,1/15/62,4/10/96,1/1/99,Staff
216252,Khaled,Schaft,5/25/64,6/21/89,1/1/99,Engineer
216258,Leucio,Heping,7/30/64,12/12/98,1/1/99,Engineer
216259,Yaghout,Matzen,11/6/63,11/19/97,1/1/99,Staff
216260,Ishfaq,Godskesen,12/24/63,11/20/86,1/1/99,Senior Engineer
216267,Toshimitsu,Reistad,11/21/62,12/24/98,1/1/99,Staff
216279,Kenton,Ratnaker,8/1/64,4/24/99,1/1/99,Engineer
216297,Katsuo,Ranka,4/21/64,12/13/89,1/1/99,Technique Leader
216298,Abdulla,Fioravanti,5/26/64,7/30/92,1/1/99,Senior Engineer
216302,Sadok,Serov,1/9/62,11/1/99,1/1/99,Engineer
216305,Hitomi,Strandh,3/24/63,10/24/87,1/1/99,Staff
216306,Tadahiro,Bierbaum,1/19/63,2/26/99,1/1/99,Staff
216310,Elrique,Schrift,3/16/62,10/26/86,1/1/99,Staff
216311,Geoff,Haumacher,8/12/63,8/16/99,1/1/99,Engineer
216314,Khoa,Krohn,11/22/62,6/23/98,1/1/99,Staff
216335,Gunilla,Tramer,11/1/63,1/26/88,1/1/99,Staff
216336,Kristen,Rosiles,6/30/64,11/27/90,1/1/99,Engineer
216340,Barun,Cherinka,7/19/64,9/10/94,1/1/99,Engineer
216342,Aiichiro,Cromarty,1/22/65,6/10/95,1/1/99,Engineer
216346,Rajmohan,Falby,9/1/64,5/4/87,1/1/99,Senior Staff
216360,Kwee,Kavvadias,5/4/64,2/27/91,1/1/99,Senior Engineer
216371,Arup,Barvinok,10/8/64,2/9/97,1/1/99,Senior Staff
216375,Byong,Gustavson,1/16/65,3/12/85,1/1/99,Senior Engineer
216380,Van,Lichtman,2/12/62,9/27/86,1/1/99,Engineer
216387,Sergi,Mitzlaff,5/29/63,3/1/94,1/1/99,Senior Staff
216394,Mingdong,Riesenhuber,4/14/64,8/31/97,1/1/99,Engineer
216407,Rimon,Toyoshima,2/10/62,11/15/99,1/1/99,Engineer
216413,Yechiam,Hofman,10/20/63,10/21/92,1/1/99,Senior Engineer
216429,Susanna,Georgakopoulos,3/15/64,11/10/91,1/1/99,Senior Engineer
216434,Vidya,Veevers,3/24/64,7/31/00,1/1/99,Engineer
216437,Nathan,Poujol,7/8/63,1/20/91,1/1/99,Senior Engineer
216442,Hatim,Slobodova,12/17/62,11/15/99,1/1/99,Engineer
216448,Sudhanshu,Pokrovskii,7/31/62,12/22/90,1/1/99,Senior Staff
216457,Valdiodio,Maraist,12/22/62,1/20/86,1/1/99,Engineer
216459,Hatsukazu,Randi,7/8/62,5/14/91,1/1/99,Senior Staff
216463,Eishiro,Stanfel,5/17/64,9/10/89,1/1/99,Engineer
216472,Kensyu,Gerteisen,4/20/62,12/5/90,1/1/99,Senior Staff
216473,Zhenhua,Heering,8/15/63,1/16/96,1/1/99,Assistant Engineer
216479,Jixiang,Kisuki,6/5/62,9/9/97,1/1/99,Engineer
216485,Inderjeet,Fontan,3/20/62,6/24/91,1/1/99,Staff
216488,Djenana,Perng,11/19/62,6/11/89,1/1/99,Senior Staff
216489,Fei,Casley,8/25/63,7/20/86,1/1/99,Staff
216490,Sudhanshu,Ramamoorthy,2/19/64,8/8/99,1/1/99,Engineer
216492,Fuqing,Peres,11/10/63,12/28/96,1/1/99,Assistant Engineer
216495,Bingning,Guting,2/25/64,6/14/01,1/1/99,Senior Staff
216498,Mads,Imataki,7/23/64,6/6/96,1/1/99,Senior Staff
216502,Xiaocheng,Suermann,1/26/65,12/15/97,1/1/99,Engineer
216506,Christoph,Billawala,8/24/62,12/16/91,1/1/99,Engineer
216508,Bangqing,Stroustrup,7/19/63,10/2/94,1/1/99,Senior Engineer
216509,Jinxi,Bratsberg,4/13/63,1/27/99,1/1/99,Engineer
216513,Shugo,Bellone,8/31/62,5/13/96,1/1/99,Senior Staff
216515,Zongyan,Kampfer,1/9/64,10/17/88,1/1/99,Senior Staff
216518,Pasqua,Koshino,6/29/64,7/6/98,1/1/99,Technique Leader
216520,Dipayan,DiGiano,3/14/64,7/21/89,1/1/99,Engineer
216521,Tomofumi,Yurov,11/18/64,4/5/85,1/1/99,Senior Staff
216523,Nikolaus,Llado,9/24/63,12/29/95,1/1/99,Engineer
216526,Takanari,Matzel,8/7/62,10/15/85,1/1/99,Engineer
216534,Mary,Pillow,3/30/62,9/27/93,1/1/99,Staff
216538,Sachem,Henders,8/13/63,12/30/97,1/1/99,Senior Staff
216544,Jongsuk,Falby,6/21/62,9/1/98,1/1/99,Senior Engineer
216557,Renee,Brodal,7/1/63,10/16/86,1/1/99,Senior Engineer
216565,Sangeeta,Alvarado,8/4/64,2/3/01,1/1/99,Engineer
216568,Baziley,Pepe,7/5/63,10/18/91,1/1/99,Engineer
216573,Ashish,Vidya,1/29/65,6/16/89,1/1/99,Senior Engineer
216581,Martial,Range,11/30/64,9/3/92,1/1/99,Senior Engineer
216593,Seongbin,Pramanik,9/14/64,2/9/97,1/1/99,Engineer
216595,Spyrose,Jeong,3/30/63,3/24/99,1/1/99,Technique Leader
216596,Chenyi,Skogmar,8/20/63,1/4/97,1/1/99,Engineer
216598,Zita,Vural,3/9/63,6/19/96,1/1/99,Senior Staff
216601,Yucel,Hennebert,9/13/63,8/31/90,1/1/99,Senior Staff
216620,Lein,Coors,1/13/62,10/3/94,1/1/99,Senior Staff
216624,Alejandro,Denna,5/16/63,8/5/99,1/1/99,Senior Staff
216626,Kazuhide,Peral,6/4/64,10/16/94,1/1/99,Senior Staff
216632,Gritta,Oaver,12/13/63,3/28/92,1/1/99,Senior Staff
216633,Horward,Delgrande,11/9/62,8/10/86,1/1/99,Senior Staff
216638,Ioana,Maksimenko,3/14/64,1/30/91,1/1/99,Senior Staff
216639,Aemilian,Gecsel,3/18/62,7/25/99,1/1/99,Engineer
216640,Zeydy,Kobara,6/27/63,10/18/89,1/1/99,Engineer
216645,Behnaam,Mikschl,10/14/63,8/9/92,1/1/99,Staff
216664,Hidefumi,Attimonelli,10/8/63,2/25/91,1/1/99,Staff
216666,Shmuel,Larfeldt,5/5/64,11/5/93,1/1/99,Assistant Engineer
216671,Sushant,Percebois,7/23/64,8/23/93,1/1/99,Senior Engineer
216673,Etsuo,Jeong,3/5/63,2/1/89,1/1/99,Engineer
216675,Weidon,Lindenbaum,1/23/62,11/11/96,1/1/99,Engineer
216686,Temple,Nyrup,3/16/62,5/23/88,1/1/99,Senior Engineer
216690,Sudhanshu,Ranst,11/4/63,7/8/88,1/1/99,Senior Staff
216691,Bilhanan,Morrin,6/21/64,12/23/96,1/1/99,Staff
216692,Jianhao,Stenning,5/19/63,8/28/93,1/1/99,Engineer
216695,Subhada,Heering,8/23/63,12/14/93,1/1/99,Engineer
216697,Uno,Hedayat,12/25/63,8/3/99,1/1/99,Senior Staff
216700,Jiafu,Lubachevsky,9/29/63,5/22/94,1/1/99,Senior Staff
216712,Nevio,Ramras,3/31/64,7/13/99,1/1/99,Staff
216723,Kish,Desikan,12/25/62,4/13/95,1/1/99,Staff
216735,Aloke,Hoppenstand,11/20/63,3/1/95,1/1/99,Engineer
216738,Weidon,Borovoy,7/5/64,3/15/93,1/1/99,Senior Staff
216741,Poorav,Perez,3/17/62,10/13/88,1/1/99,Staff
216742,Dmitry,Acton,12/13/62,2/22/02,1/1/99,Senior Engineer
216757,IEEE,Argence,4/22/63,11/2/88,1/1/99,Senior Staff
216761,Boriana,Reeker,7/23/62,8/1/96,1/1/99,Staff
216763,Manton,Fandrianto,3/24/64,5/6/96,1/1/99,Senior Staff
216766,Shuichi,Denis,5/22/63,11/21/95,1/1/99,Staff
216768,Aamod,Facello,1/6/62,1/17/00,1/1/99,Staff
216773,Aloke,Pelz,6/24/63,2/19/92,1/1/99,Senior Staff
216779,Arup,Hertweck,12/6/63,8/8/91,1/1/99,Senior Staff
216790,Marlo,Munawer,6/15/64,5/25/97,1/1/99,Staff
216793,Yongmao,Coullard,2/5/63,9/7/89,1/1/99,Engineer
216800,Sreekrishna,Peha,12/13/62,11/27/98,1/1/99,Senior Staff
216807,Shaz,Hammerschmidt,6/2/64,1/5/91,1/1/99,Engineer
216818,Morris,Portugali,12/17/62,10/4/93,1/1/99,Senior Staff
216824,Yongmin,Vickson,3/2/64,5/8/96,1/1/99,Senior Engineer
216829,Atreyi,Barvinok,10/7/64,9/7/96,1/1/99,Technique Leader
216833,Luerbio,Lortz,3/16/63,6/26/90,1/1/99,Engineer
216844,Alain,Rathonyi,5/13/64,6/24/86,1/1/99,Staff
216847,Lalit,Haraldson,4/27/64,2/6/90,1/1/99,Senior Staff
216852,Demos,Biros,6/21/62,4/22/92,1/1/99,Staff
216859,Otilia,Angelopoulos,3/27/62,9/18/92,1/1/99,Technique Leader
216866,Moheb,Rathonyi,11/25/64,5/30/95,1/1/99,Engineer
216867,Kannan,Emiris,4/10/63,11/30/00,1/1/99,Senior Staff
216870,Hitofumi,Kermarrec,3/1/63,11/6/85,1/1/99,Engineer
216888,Paraskevi,Brodie,10/11/63,5/6/99,1/1/99,Staff
216895,Sumali,Jeong,10/7/62,4/19/92,1/1/99,Senior Staff
216899,Sivanarayana,Poujol,4/21/63,7/9/94,1/1/99,Senior Engineer
216907,Neven,Lorch,7/15/62,5/28/92,1/1/99,Engineer
216908,Jiann,Ernst,10/17/64,12/22/97,1/1/99,Engineer
216920,Nalini,Orlowski,2/16/62,10/17/94,1/1/99,Engineer
216921,Lena,Lenart,1/22/65,12/25/90,1/1/99,Staff
216924,Anestis,Clouatre,9/29/63,4/28/91,1/1/99,Senior Engineer
216926,Reuven,Quittner,8/15/63,4/30/98,1/1/99,Engineer
216929,Matt,Chandrasekhar,5/12/63,6/24/99,1/1/99,Senior Staff
216936,Bernt,Guenter,7/25/64,2/26/96,1/1/99,Senior Staff
216940,Remzi,Luiz,12/30/62,10/8/87,1/1/99,Staff
216943,Sudharsan,Akaboshi,3/26/64,3/10/97,1/1/99,Staff
216946,Oguz,Highland,1/8/62,9/4/93,1/1/99,Senior Staff
216966,Ottavia,Reistad,7/9/63,5/21/88,1/1/99,Senior Engineer
216967,Sudharsan,Falco,8/14/63,6/21/87,1/1/99,Engineer
216970,Erzsebet,Stentiford,7/14/62,12/31/96,1/1/99,Assistant Engineer
216973,Samphel,Kaiser,11/4/62,4/28/95,1/1/99,Senior Engineer
216980,Hyuckchul,Bernardinello,9/14/63,11/12/88,1/1/99,Senior Staff
216982,Chenyi,Adachi,11/14/62,12/24/87,1/1/99,Senior Engineer
216987,Ghassan,Sinitsyn,9/16/62,1/20/87,1/1/99,Senior Engineer
216989,Maya,Plumb,12/5/63,8/28/92,1/1/99,Engineer
216990,Kitty,Thambidurai,6/8/64,2/7/96,1/1/99,Senior Staff
217011,Indrajit,Akazan,12/22/63,10/13/99,1/1/99,Engineer
217026,Otmar,Engberts,1/11/65,8/16/93,1/1/99,Senior Staff
217028,Odinaldo,Shinomoto,12/31/63,9/29/98,1/1/99,Engineer
217032,Radoslaw,Schaad,4/16/62,10/5/99,1/1/99,Staff
217039,Xumin,Hiltgen,1/16/62,1/13/00,1/1/99,Senior Staff
217042,Arunachalam,Ramamoorthy,6/19/62,9/19/95,1/1/99,Engineer
217047,Rosine,Kavraki,10/26/63,5/31/96,1/1/99,Staff
217050,Van,Pearson,11/25/62,5/31/95,1/1/99,Engineer
217052,Baocai,Straney,5/8/64,1/27/98,1/1/99,Senior Engineer
217053,Ebru,Kroll,11/20/62,11/27/98,1/1/99,Staff
217056,Shen,Iisaku,1/7/63,9/13/90,1/1/99,Senior Engineer
217064,Przemyslawa,Gronowski,3/9/64,3/9/92,1/1/99,Technique Leader
217075,Zhiwei,Nilsson,4/5/64,7/19/89,1/1/99,Senior Engineer
217079,Nalini,Schoegge,7/25/62,2/24/89,1/1/99,Senior Staff
217080,Masami,Puoti,1/12/65,1/21/00,1/1/99,Senior Engineer
217083,Xiahua,Douceur,10/10/62,12/4/89,1/1/99,Senior Engineer
217088,Marsja,Rosaz,3/16/63,2/17/86,1/1/99,Staff
217095,Khalid,Serra,5/27/63,7/19/96,1/1/99,Engineer
217113,Falguni,Wroclawski,9/29/64,11/26/99,1/1/99,Staff
217123,Youngkon,Basagni,10/4/63,12/19/96,1/1/99,Staff
217130,Clyde,Gide,7/3/64,2/27/85,1/1/99,Staff
217137,Kerhong,Chorvat,10/9/62,2/22/96,1/1/99,Staff
217143,Gopalakrishnan,Middleton,7/29/62,5/16/95,1/1/99,Senior Engineer
217148,Gina,Kroll,3/4/63,1/5/02,1/1/99,Staff
217161,Pantung,Lorho,7/8/63,4/10/89,1/1/99,Senior Staff
217171,Syozo,Trumbly,9/5/62,3/5/89,1/1/99,Senior Staff
217176,Reuven,Baez,4/29/62,11/28/94,1/1/99,Technique Leader
217180,Sushant,Callaway,4/21/63,4/24/94,1/1/99,Senior Staff
217189,Arch,Serna,8/24/64,12/12/87,1/1/99,Senior Engineer
217207,Billur,Molenaar,4/28/63,9/29/85,1/1/99,Engineer
217210,Hidde,Thummel,10/22/64,7/31/96,1/1/99,Staff
217217,Tuval,Castellani,12/14/63,12/24/87,1/1/99,Senior Staff
217219,Muzhong,Shrader,6/18/63,3/10/89,1/1/99,Senior Staff
217224,Elvia,Heystek,10/7/62,1/26/98,1/1/99,Senior Engineer
217232,Shuzo,Hmelo,5/17/63,5/13/98,1/1/99,Engineer
217233,Xuejia,Ramsay,6/18/63,5/16/86,1/1/99,Engineer
217242,Aram,Riesenhuber,1/6/62,12/15/97,1/1/99,Technique Leader
217244,Nishit,Srimani,12/19/63,9/23/86,1/1/99,Senior Engineer
217245,Jouni,Kroha,11/10/64,11/2/92,1/1/99,Staff
217248,Alagu,Edelhoff,8/30/64,12/10/88,1/1/99,Engineer
217249,Fuqing,Flowers,1/24/62,11/14/89,1/1/99,Engineer
217251,Eran,Standera,4/14/64,11/17/89,1/1/99,Staff
217252,Zine,Bennis,1/4/63,10/10/01,1/1/99,Engineer
217253,Kshitij,Guting,4/2/64,3/25/95,1/1/99,Staff
217257,Hsiangchu,Serre,1/9/62,4/24/88,1/1/99,Staff
217271,Divine,Muntz,3/8/62,11/18/95,1/1/99,Senior Staff
217272,Yuchang,Eldridge,1/21/65,8/1/86,1/1/99,Staff
217274,Kellyn,Oskamp,7/10/64,11/9/85,1/1/99,Senior Engineer
217275,Ishfaq,Portugali,7/2/63,8/27/92,1/1/99,Senior Engineer
217277,Lenore,Plesums,1/17/63,11/18/91,1/1/99,Senior Staff
217286,Yannik,Spelt,1/5/65,9/22/92,1/1/99,Technique Leader
217293,Pragnesh,Engberts,10/26/63,2/13/93,1/1/99,Senior Staff
217300,Przemyslawa,Anger,3/8/64,5/29/92,1/1/99,Senior Engineer
217307,Fumino,Ranta,10/14/62,10/16/98,1/1/99,Staff
217313,Annemarie,Litzler,12/29/62,2/10/88,1/1/99,Engineer
217320,Abdelwaheb,Denis,1/10/65,9/10/93,1/1/99,Engineer
217323,Dinah,Maraist,6/18/62,5/23/90,1/1/99,Senior Staff
217334,Premal,Bael,1/30/62,11/14/97,1/1/99,Senior Staff
217337,Marsha,Trogemann,5/18/62,6/9/98,1/1/99,Senior Engineer
217339,Mana,Kalafatis,1/6/64,7/15/87,1/1/99,Senior Staff
217341,Yucai,Peltason,11/24/64,5/15/97,1/1/99,Engineer
217344,Florian,Chaudhuri,3/10/63,7/7/95,1/1/99,Engineer
217345,Muneo,Petersohn,9/14/64,3/1/97,1/1/99,Assistant Engineer
217363,Horward,Marzano,1/14/65,4/11/96,1/1/99,Staff
217378,Francoise,Luke,4/9/63,7/27/87,1/1/99,Senior Staff
217380,Nadjib,Felcyn,5/9/64,7/15/88,1/1/99,Staff
217381,Aamer,Pocchiola,4/28/62,3/1/85,1/1/99,Senior Staff
217387,Jianhao,Molenaar,1/21/65,10/22/87,1/1/99,Senior Engineer
217401,Rildo,Miyakawa,3/30/62,2/18/86,1/1/99,Engineer
217403,Matt,Carrere,4/7/62,12/4/99,1/1/99,Senior Engineer
217411,Takahiro,Bresenham,12/5/64,4/7/95,1/1/99,Senior Engineer
217416,Jiakeng,Eickenmeyer,9/2/62,6/22/93,1/1/99,Senior Staff
217417,Heejo,Karlin,11/22/63,9/9/97,1/1/99,Senior Engineer
217426,Arco,Badache,5/28/62,3/28/94,1/1/99,Staff
217428,Nimmagadda,Guenter,6/29/63,10/17/95,1/1/99,Engineer
217429,Dung,Perri,3/23/63,1/1/99,1/1/99,Engineer
217444,Jaana,Takanami,4/14/64,5/24/93,1/1/99,Senior Engineer
217448,Masasuke,Hanratty,10/1/64,9/9/99,1/1/99,Senior Staff
217455,Yagil,Marwedel,8/14/64,3/10/91,1/1/99,Engineer
217456,Chenyi,Narahari,1/16/63,9/19/90,1/1/99,Staff
217458,Roselyn,Iwayama,9/1/62,7/1/88,1/1/99,Senior Engineer
217461,Souichi,Bahr,9/22/63,6/11/93,1/1/99,Engineer
217476,Pohua,Kleiser,3/8/63,5/6/93,1/1/99,Senior Staff
217479,Goncalo,Shackel,8/28/64,2/20/97,1/1/99,Engineer
217481,Chuanyi,Fortenbacher,6/27/64,10/12/89,1/1/99,Senior Engineer
217489,Duangkaew,Badr,1/22/64,3/10/86,1/1/99,Engineer
217491,Harjit,Eppinger,11/17/63,10/20/91,1/1/99,Senior Engineer
217495,Sashi,Byoun,12/30/63,4/14/99,1/1/99,Engineer
217500,Babette,Pell,2/23/64,10/29/99,1/1/99,Staff
217508,Xumin,Rosaz,5/26/63,4/2/95,1/1/99,Engineer
217512,Genki,Frezza,9/20/63,1/7/92,1/1/99,Engineer
217515,Yuchang,Bouloucos,7/9/63,6/24/93,1/1/99,Engineer
217526,Franziska,Ariola,2/8/64,12/25/93,1/1/99,Senior Staff
217527,Fumitake,Viele,11/8/62,6/25/95,1/1/99,Engineer
217536,Xuedong,Azulay,5/9/63,3/3/92,1/1/99,Engineer
217539,Fox,Bael,8/23/63,10/4/98,1/1/99,Senior Engineer
217551,Panayotis,Lukaszewicz,1/2/65,6/6/89,1/1/99,Senior Engineer
217552,Lene,Ranta,7/8/64,1/31/94,1/1/99,Engineer
217555,Edwin,Zedlitz,12/27/63,10/21/96,1/1/99,Senior Staff
217563,Pramod,Marchesini,4/12/62,11/16/90,1/1/99,Senior Staff
217570,Morrie,Luit,10/6/63,3/11/96,1/1/99,Senior Engineer
217571,Satyanarayana,Foong,1/3/63,2/16/97,1/1/99,Senior Engineer
217576,Moriyoshi,Pokrovskii,11/6/63,9/13/89,1/1/99,Staff
217585,Amstein,Gammage,12/10/62,6/27/97,1/1/99,Staff
217596,Tesuya,Biran,3/21/63,9/27/99,1/1/99,Engineer
217597,Xiaobin,Ibel,6/4/64,3/6/96,1/1/99,Engineer
217600,Zita,Lupu,3/11/62,3/27/99,1/1/99,Senior Engineer
217608,Hisao,Seghrouchni,7/9/62,9/17/85,1/1/99,Senior Staff
217616,Leif,Uhrik,6/5/62,5/13/00,1/1/99,Senior Staff
217625,Mara,Serot,6/7/64,1/18/96,1/1/99,Staff
217626,Ipke,Haraldson,3/18/64,9/22/85,1/1/99,Senior Staff
217627,Xuejia,Decleir,3/21/62,11/12/95,1/1/99,Staff
217628,Arno,Luef,11/16/64,10/4/87,1/1/99,Senior Staff
217630,Alassane,Ghemri,7/8/63,5/4/98,1/1/99,Senior Staff
217631,Shuichi,Shokrollahi,8/2/63,5/29/94,1/1/99,Engineer
217634,Rimon,Azadmanesh,9/14/62,6/5/88,1/1/99,Engineer
217635,Demos,Munos,1/28/62,1/2/93,1/1/99,Senior Engineer
217647,Nahum,Cappelletti,3/23/62,10/12/97,1/1/99,Assistant Engineer
217650,Ger,Clouatre,4/17/64,3/12/02,1/1/99,Engineer
217652,Yagil,Flanders,11/2/63,10/31/95,1/1/99,Senior Staff
217659,Larisa,Iivonen,12/15/63,9/2/90,1/1/99,Senior Staff
217663,Phule,Luef,10/17/62,1/11/94,1/1/99,Engineer
217667,Filipe,Guting,7/27/64,4/28/99,1/1/99,Engineer
217673,Fumitake,Zirintsis,11/22/63,3/1/87,1/1/99,Staff
217678,Susuma,Sidje,1/2/63,10/26/93,1/1/99,Engineer
217679,Guoxiang,Larfeldt,7/19/63,7/1/94,1/1/99,Staff
217680,Luise,Krone,10/24/64,12/10/91,1/1/99,Senior Engineer
217683,Weidon,Danner,4/6/64,7/1/88,1/1/99,Senior Engineer
217686,Lalit,Renear,9/9/62,11/13/95,1/1/99,Staff
217689,Jaideep,Setia,9/9/64,6/22/90,1/1/99,Senior Staff
217690,Debatosh,Hutton,1/25/62,8/26/93,1/1/99,Senior Staff
217697,Richara,Salvesen,2/15/64,4/7/91,1/1/99,Senior Engineer
217703,Eberhardt,Chleq,8/24/62,8/22/85,1/1/99,Senior Engineer
217705,Denny,Ariola,4/15/62,9/16/96,1/1/99,Senior Engineer
217707,Mary,Lichtman,9/5/62,11/20/87,1/1/99,Staff
217710,Jeong,Boyle,5/20/63,1/11/91,1/1/99,Engineer
217715,Kenroku,Murtafg,9/9/64,9/2/95,1/1/99,Engineer
217717,Danae,Erdmenger,8/10/63,9/13/99,1/1/99,Staff
217718,Sanjai,Cromarty,5/22/64,12/19/88,1/1/99,Engineer
217719,Morrie,Rodier,6/22/62,4/13/90,1/1/99,Staff
217720,Kerhong,Morton,5/6/64,11/1/86,1/1/99,Engineer
217732,Gou,Ramsey,10/16/62,9/29/86,1/1/99,Staff
217738,Elliott,Gimbel,2/15/64,6/13/97,1/1/99,Engineer
217742,Tsutomu,Delaune,5/17/64,5/20/86,1/1/99,Engineer
217747,Margareta,Antonakopoulos,6/26/63,10/27/99,1/1/99,Engineer
217758,Kwangyoen,Masaki,8/16/63,6/6/89,1/1/99,Engineer
217766,Gift,Brickell,7/24/62,4/3/89,1/1/99,Assistant Engineer
217770,Sanjeeva,Schmezko,1/25/62,9/19/86,1/1/99,Senior Staff
217771,Sachin,Anandan,8/26/62,1/26/94,1/1/99,Senior Staff
217772,Sajjan,Garigliano,5/4/62,2/6/94,1/1/99,Engineer
217774,Jinxi,Thummel,7/18/64,6/28/95,1/1/99,Senior Engineer
217779,Herb,Chvatal,10/31/62,6/14/86,1/1/99,Senior Engineer
217781,Kazuyasu,Georg,1/13/64,8/1/93,1/1/99,Senior Staff
217784,Kerhong,Vandervoorde,5/28/62,12/7/89,1/1/99,Senior Staff
217785,Froduald,Clouatre,10/12/63,3/27/93,1/1/99,Staff
217786,Nathan,Danner,12/3/64,9/10/85,1/1/99,Technique Leader
217800,Shay,Servieres,2/1/65,8/6/98,1/1/99,Senior Staff
217812,Gal,Krybus,12/19/64,7/30/01,1/1/99,Staff
217821,Chuanti,Peir,7/23/64,1/28/01,1/1/99,Staff
217831,Jingling,Azadmanesh,4/10/64,3/10/95,1/1/99,Technique Leader
217841,Amstein,Colorni,12/7/63,3/11/88,1/1/99,Technique Leader
217848,Sariel,Tischendorf,7/22/63,7/24/01,1/1/99,Senior Engineer
217857,Ronnie,Leivant,5/18/64,6/30/90,1/1/99,Senior Staff
217863,Adib,Cannard,7/1/64,5/31/98,1/1/99,Staff
217871,Tokuyasu,Bodoff,5/4/62,1/23/89,1/1/99,Engineer
217882,Marit,Usdin,10/12/64,7/18/86,1/1/99,Senior Engineer
217887,Tuval,Quaggetto,8/23/63,7/16/99,1/1/99,Engineer
217893,Mayuri,Bultermann,8/2/63,6/28/96,1/1/99,Engineer
217899,Yucai,Niizuma,9/7/62,12/22/98,1/1/99,Engineer
217901,Takahira,Manders,6/14/62,4/16/85,1/1/99,Engineer
217903,Shim,Peris,8/12/63,10/16/88,1/1/99,Engineer
217904,Leaf,Munch,8/8/63,1/19/90,1/1/99,Engineer
217910,Sivanarayana,Famili,6/8/63,11/13/87,1/1/99,Senior Staff
217916,Chaosheng,Leppanen,5/12/62,5/31/96,1/1/99,Senior Engineer
217950,TRUE,Bernatsky,7/10/62,8/23/89,1/1/99,Senior Engineer
217958,Shunichi,Emden,8/15/63,4/4/93,1/1/99,Senior Staff
217960,Jouni,Mukaidono,12/5/64,8/4/90,1/1/99,Engineer
217962,Yolla,Ohori,8/28/63,2/6/97,1/1/99,Senior Engineer
217968,Dharmaraja,Clemencon,8/22/63,10/20/88,1/1/99,Senior Staff
217972,Guenter,Luby,2/15/62,6/23/91,1/1/99,Engineer
217979,Maria,Perl,8/2/63,6/18/91,1/1/99,Assistant Engineer
217982,Adil,Eastman,10/25/64,6/23/91,1/1/99,Senior Engineer
217985,Joydip,Siegrist,10/26/64,8/22/88,1/1/99,Senior Staff
217988,Uno,Waeselynck,7/2/62,1/3/98,1/1/99,Staff
217989,Honglan,Neimat,9/29/62,5/18/85,1/1/99,Technique Leader
217995,Rance,Bierbaum,10/1/62,3/3/90,1/1/99,Senior Staff
217997,Gila,Fasbender,4/29/64,11/15/85,1/1/99,Senior Staff
218000,Indrajit,Raney,8/4/64,8/31/89,1/1/99,Senior Engineer
218005,Koldo,Greibach,9/2/64,12/30/99,1/1/99,Staff
218015,Mang,Spinelli,10/11/64,1/3/93,1/1/99,Senior Staff
218016,Jayson,Shumilov,11/16/64,5/24/97,1/1/99,Staff
218019,Kamakshi,Gustavson,9/6/64,12/29/95,1/1/99,Staff
218022,Mokhtar,Poupard,1/26/65,2/2/92,1/1/99,Technique Leader
218024,Maha,Madeira,9/30/63,8/1/94,1/1/99,Senior Staff
218032,Steve,Herber,9/5/63,10/20/90,1/1/99,Staff
218043,Kenroku,Katiyar,8/5/63,9/9/87,1/1/99,Senior Staff
218045,Jaideep,McClurg,2/25/64,8/22/85,1/1/99,Senior Staff
218052,Khaled,Siksek,2/10/64,6/16/87,1/1/99,Staff
218055,Zhigen,Baaz,3/4/63,7/8/94,1/1/99,Senior Engineer
218071,Constantine,Kropf,12/4/63,8/4/88,1/1/99,Staff
218080,Falguni,Kalloufi,12/25/62,3/5/91,1/1/99,Senior Engineer
218084,Katsuyuki,Hedayat,12/11/64,12/28/90,1/1/99,Staff
218090,Goh,Daescu,10/27/64,4/27/98,1/1/99,Engineer
218095,Constantine,Sgarro,11/24/64,1/20/98,1/1/99,Engineer
218096,Candida,Velardi,11/6/64,8/8/91,1/1/99,Senior Engineer
218100,Jiong,Garnham,1/24/65,1/2/90,1/1/99,Staff
218108,Douadi,Camurati,7/4/64,1/22/02,1/1/99,Staff
218112,Gad,Pettis,7/12/64,4/22/85,1/1/99,Senior Engineer
218117,Guozhong,Dratva,4/15/62,1/29/00,1/1/99,Staff
218118,Toshiki,Alpin,8/22/62,7/19/91,1/1/99,Engineer
218120,Masaki,Kitai,6/4/63,9/14/87,1/1/99,Senior Staff
218124,Fox,Staelin,11/11/63,10/29/91,1/1/99,Staff
218136,Serge,Heuser,7/26/63,8/30/98,1/1/99,Senior Engineer
218139,Vidar,Sewelson,12/16/63,9/21/97,1/1/99,Engineer
218151,Toney,Trelles,3/10/64,12/18/93,1/1/99,Technique Leader
218152,Pranay,Klyachko,7/18/62,9/29/86,1/1/99,Technique Leader
218155,Mooi,Lamma,5/13/64,10/19/99,1/1/99,Engineer
218161,Chuanyi,Solovay,5/18/64,6/3/93,1/1/99,Senior Staff
218177,Hiroyasu,Brickell,10/26/64,9/16/99,1/1/99,Engineer
218182,Berna,Cangellaris,11/24/62,7/30/89,1/1/99,Senior Engineer
218187,Hyuncheol,Melski,2/2/63,8/6/90,1/1/99,Engineer
218199,Goetz,Giveon,7/1/62,8/4/85,1/1/99,Engineer
218203,Utpal,Gecsel,8/24/62,11/5/95,1/1/99,Engineer
218218,Zhanqiu,Maquelin,10/13/62,6/18/94,1/1/99,Senior Engineer
218220,Jordanka,Herbst,10/30/62,11/1/97,1/1/99,Engineer
218222,Paris,Woycyznski,11/28/62,1/4/95,1/1/99,Engineer
218224,Tetsurou,Siksek,11/22/63,7/11/93,1/1/99,Engineer
218225,Shaleah,Paludetto,2/18/64,3/10/96,1/1/99,Engineer
218232,Ortrud,Jahnichen,1/24/63,9/5/99,1/1/99,Engineer
218236,Doohun,Falck,9/7/63,5/11/94,1/1/99,Staff
218244,Paloma,Scallan,11/28/62,4/10/90,1/1/99,Senior Engineer
218248,Stepehn,Swan,9/27/62,8/29/93,1/1/99,Staff
218249,Yinghua,Gire,3/24/64,4/7/99,1/1/99,Staff
218259,Abdelkader,Oxman,1/23/62,6/7/02,1/1/99,Senior Staff
218270,Valeska,Buescher,6/5/64,7/10/93,1/1/99,Senior Staff
218271,Leandro,Luft,6/25/64,5/3/96,1/1/99,Staff
218277,Zongyan,Munos,3/16/62,4/7/01,1/1/99,Staff
218281,Lidong,Muchinsky,7/3/63,10/8/96,1/1/99,Assistant Engineer
218287,Youjian,Sgarro,7/28/62,10/14/94,1/1/99,Staff
218298,Xuedong,Plumb,6/7/64,4/7/99,1/1/99,Senior Staff
218306,Alair,Staylopatis,12/12/63,7/13/86,1/1/99,Senior Staff
218308,Maha,Templeman,8/25/63,1/26/96,1/1/99,Engineer
218309,Vidar,Gadepally,2/22/62,11/13/99,1/1/99,Senior Engineer
218315,Hironobu,McAffer,6/19/62,12/14/86,1/1/99,Engineer
218321,Izaskun,Kakkar,10/17/64,9/16/86,1/1/99,Senior Engineer
218325,Sanjeeva,Eiter,2/1/62,5/16/96,1/1/99,Staff
218326,Margo,Puppo,1/14/63,2/7/98,1/1/99,Technique Leader
218335,Mountaz,Fiebach,12/3/63,12/18/97,1/1/99,Staff
218353,Candida,Siksek,6/24/64,2/10/95,1/1/99,Staff
218362,Danae,Papsdorf,4/3/63,1/5/87,1/1/99,Assistant Engineer
218372,Ugo,Braunmuhl,1/30/64,7/1/85,1/1/99,Staff
218378,Saeko,Rebaine,3/12/62,1/18/91,1/1/99,Senior Engineer
218383,Teunis,Garnick,2/9/62,3/19/97,1/1/99,Senior Staff
218386,Arunachalam,Peternell,9/1/62,4/30/00,1/1/99,Senior Engineer
218395,Danel,Munch,11/17/64,6/2/88,1/1/99,Staff
218396,Takanari,Gulla,7/3/62,12/25/01,1/1/99,Senior Engineer
218403,Fumiko,Gimbel,8/15/64,6/24/97,1/1/99,Technique Leader
218406,Saddek,Seiwald,7/4/62,8/22/00,1/1/99,Engineer
218426,Mani,Cyne,9/17/64,6/28/96,1/1/99,Staff
218427,Fumino,Lindqvist,4/30/63,7/11/01,1/1/99,Engineer
218430,Greger,Pell,3/29/63,7/5/93,1/1/99,Senior Staff
218436,Kristof,Ginesta,6/22/63,7/24/92,1/1/99,Engineer
218437,Emdad,Rosin,3/13/63,7/23/98,1/1/99,Senior Staff
218451,Kristen,Pouyioutas,11/11/62,8/14/94,1/1/99,Staff
218453,Demos,Sidou,11/29/62,6/1/94,1/1/99,Senior Engineer
218454,Carrsten,Serna,7/14/62,12/20/01,1/1/99,Staff
218455,Rafael,Rosch,1/12/64,3/23/96,1/1/99,Senior Staff
218456,Subhada,Baek,10/17/63,9/30/85,1/1/99,Staff
218464,Mana,Fordan,6/27/64,5/7/00,1/1/99,Engineer
218476,Zhiwei,Moffat,6/10/64,3/28/85,1/1/99,Senior Staff
218483,Selwyn,Herber,12/9/63,8/24/86,1/1/99,Staff
218485,Seongbin,Thombley,3/18/63,5/22/99,1/1/99,Engineer
218490,Along,Bultermann,6/16/62,3/26/86,1/1/99,Senior Staff
218509,Shigehiro,Pargaonkar,3/25/62,10/25/98,1/1/99,Staff
218513,Genki,Garnham,7/23/64,2/15/98,1/1/99,Staff
218515,Kazuhira,Stenning,4/25/64,1/19/89,1/1/99,Senior Staff
218519,Mayuri,Rosaz,7/24/62,5/20/92,1/1/99,Senior Engineer
218523,Boguslaw,Bamford,1/25/63,8/27/88,1/1/99,Senior Engineer
218524,Shahid,Czaja,12/9/64,10/24/96,1/1/99,Staff
218529,Lijia,Crooks,12/12/63,7/18/99,1/1/99,Senior Staff
218536,Steen,Milicic,4/22/64,1/30/91,1/1/99,Engineer
218567,Serap,Pluym,5/22/62,1/17/94,1/1/99,Engineer
218572,Jaihie,Plavsic,7/20/63,3/19/89,1/1/99,Senior Engineer
218573,Shaleah,Litvinov,2/27/64,2/22/93,1/1/99,Staff
218579,Danae,Deville,10/3/63,8/31/90,1/1/99,Senior Engineer
218585,Domenick,Sinitsyn,3/26/62,12/26/86,1/1/99,Engineer
218588,Gadiel,Gustavson,5/14/64,12/26/96,1/1/99,Senior Engineer
218589,Gor,Piveteau,7/9/64,2/9/98,1/1/99,Staff
218591,Christfried,Hofting,1/10/63,6/7/92,1/1/99,Senior Staff
218601,Nakhoon,Openshaw,2/3/63,5/5/97,1/1/99,Staff
218602,Torsten,Kavvadias,2/28/63,10/24/88,1/1/99,Senior Staff
218604,Rasikan,Wilfing,11/15/63,1/19/90,1/1/99,Senior Engineer
218612,Kristinn,Bernatsky,8/14/64,2/27/94,1/1/99,Staff
218613,Willard,Kandlur,4/19/64,8/3/89,1/1/99,Staff
218614,Ekawit,Schwaller,1/24/63,11/20/87,1/1/99,Senior Staff
218620,Otmar,Gronowski,5/3/64,10/15/95,1/1/99,Engineer
218622,Chriss,Peir,9/11/64,3/11/92,1/1/99,Senior Staff
218639,Perry,Ecklund,8/31/63,2/2/99,1/1/99,Staff
218647,Bernardo,Beausoleil,9/30/62,9/2/91,1/1/99,Engineer
218658,Alois,Edelhoff,11/15/64,8/9/98,1/1/99,Engineer
218666,Licheng,Kulisch,9/26/63,3/28/93,1/1/99,Staff
218680,Geraldo,Demeyer,2/18/64,4/5/97,1/1/99,Senior Staff
218687,Amalendu,Spinelli,10/8/63,2/15/88,1/1/99,Senior Engineer
218689,Aruna,Shiratori,12/24/62,10/11/88,1/1/99,Senior Engineer
218697,Remco,Peris,4/11/63,8/10/94,1/1/99,Senior Engineer
218703,Turgut,Peek,1/4/62,5/22/91,1/1/99,Senior Staff
218704,Alois,Aumann,3/11/63,1/13/99,1/1/99,Senior Staff
218711,Shahab,Syrzycki,10/26/62,9/5/94,1/1/99,Senior Engineer
218715,Gunilla,Zuberek,9/3/64,3/1/94,1/1/99,Technique Leader
218729,Sadun,Vieth,10/7/64,5/26/94,1/1/99,Staff
218733,Kwee,Nilsson,10/29/64,9/11/89,1/1/99,Senior Engineer
218737,Oddvar,Hebert,8/1/62,10/21/95,1/1/99,Senior Engineer
218738,Sven,Smeets,10/21/64,3/4/96,1/1/99,Assistant Engineer
218748,Gretta,Bail,4/11/64,8/7/95,1/1/99,Engineer
218762,Filipp,Senzako,2/21/63,10/7/97,1/1/99,Staff
218767,Larisa,Flanders,1/28/62,1/21/97,1/1/99,Engineer
218774,Jiann,Trumbly,4/3/64,10/11/97,1/1/99,Senior Engineer
218775,Apostol,Serdy,4/30/62,3/23/94,1/1/99,Engineer
218779,Yishai,Marakhovsky,11/19/62,6/14/98,1/1/99,Engineer
218781,Gully,Riesenhuber,5/27/64,2/26/93,1/1/99,Senior Engineer
218786,Gopalakrishnan,Uludag,2/6/62,5/5/96,1/1/99,Engineer
218787,Hironobu,Petersohn,11/15/64,12/31/96,1/1/99,Engineer
218792,Weicheng,Rijsenbrij,4/10/63,7/19/93,1/1/99,Senior Staff
218795,Adin,Michaeli,11/28/64,4/29/93,1/1/99,Senior Staff
218807,Jasminko,Goldhammer,5/7/63,9/1/99,1/1/99,Staff
218809,Jayesh,Curless,10/4/62,3/11/86,1/1/99,Senior Engineer
218821,Billie,Hofmeyr,9/27/64,10/9/89,1/1/99,Senior Engineer
218831,Unal,DuBourdieux,1/16/65,3/13/96,1/1/99,Engineer
218836,Abdelghani,Wegerle,4/26/63,11/10/96,1/1/99,Engineer
218843,Mads,Siksek,7/24/63,5/18/95,1/1/99,Staff
218851,Marlo,Birdsall,8/25/64,12/5/93,1/1/99,Engineer
218854,Anwar,Kuszyk,7/14/62,8/20/96,1/1/99,Staff
218862,Shawna,Rusterholz,1/6/62,3/11/87,1/1/99,Senior Staff
218873,Shaz,Birnbaum,3/5/64,2/13/98,1/1/99,Technique Leader
218874,Jordanka,Cappello,12/5/63,10/28/99,1/1/99,Engineer
218882,Christ,Ressouche,6/11/63,1/31/94,1/1/99,Engineer
218899,Hidefumi,Quadeer,8/21/63,12/25/96,1/1/99,Staff
218901,Tokuyasu,Schapiro,8/5/63,5/6/93,1/1/99,Senior Staff
218911,Moty,Heuter,11/26/62,12/29/89,1/1/99,Senior Engineer
218918,Aloke,Muhlberg,9/25/63,11/18/91,1/1/99,Staff
218920,Fumiko,Gecsei,1/13/63,12/18/85,1/1/99,Staff
218926,Xiaopeng,Suomi,10/13/64,7/11/97,1/1/99,Engineer
218928,Breannda,Acton,5/26/62,5/21/99,1/1/99,Engineer
218930,Toshimitsu,Chachaty,5/1/64,10/13/88,1/1/99,Engineer
218935,Shahab,Fujisawa,4/1/63,12/5/94,1/1/99,Senior Engineer
218936,Padma,Peris,6/28/62,6/9/86,1/1/99,Assistant Engineer
218941,Bernt,Lamma,7/19/63,12/25/01,1/1/99,Senior Engineer
218945,Willard,Gecseg,12/11/64,1/26/89,1/1/99,Senior Engineer
218948,Vugranam,Peroz,3/25/64,7/19/89,1/1/99,Senior Staff
218953,Sahrah,Kugler,4/21/64,1/28/97,1/1/99,Technique Leader
218959,Kokou,Lanzelotte,1/18/64,5/3/85,1/1/99,Senior Engineer
218962,Masami,Narwekar,8/11/62,12/10/87,1/1/99,Senior Engineer
218963,Kristen,Petersohn,10/5/62,3/26/99,1/1/99,Engineer
218971,Aloys,Valette,6/6/62,7/14/98,1/1/99,Staff
218973,Tadahiro,Yurov,3/17/64,7/13/88,1/1/99,Senior Engineer
218974,Willard,Peak,2/2/64,8/9/94,1/1/99,Assistant Engineer
218990,Urs,Frezza,12/2/64,9/6/99,1/1/99,Engineer
218999,Odinaldo,Kalafatis,2/11/62,7/25/99,1/1/99,Engineer
219001,Syozo,Luan,11/22/63,2/22/94,1/1/99,Staff
219004,Dharmaraja,Gronowski,8/26/63,8/8/97,1/1/99,Staff
219018,Aral,Papadias,7/13/63,12/18/85,1/1/99,Senior Staff
219020,Yongmin,Ferretti,8/13/62,11/28/93,1/1/99,Senior Engineer
219029,Christoper,Gladwell,11/2/63,3/30/94,1/1/99,Senior Staff
219033,Christophe,Polupanov,11/18/64,3/25/86,1/1/99,Senior Engineer
219035,Kristine,Bierman,1/18/65,5/13/88,1/1/99,Technique Leader
219042,Adas,Flanders,9/4/62,5/5/89,1/1/99,Senior Engineer
219044,Jiang,Apsitis,4/11/64,9/12/86,1/1/99,Senior Engineer
219047,Aemilian,Kusalik,1/30/65,5/27/87,1/1/99,Senior Engineer
219048,Herbert,Edelhoff,7/23/63,2/28/93,1/1/99,Senior Engineer
219052,Marsal,Acton,1/6/65,8/2/95,1/1/99,Staff
219053,Fox,Griswold,1/17/64,5/28/95,1/1/99,Senior Staff
219075,Demin,Aingworth,11/13/63,5/7/96,1/1/99,Engineer
219085,Feiyu,Iisaku,12/23/62,10/3/97,1/1/99,Engineer
219087,Moti,Rettelbach,7/17/62,12/29/91,1/1/99,Engineer
219088,Magdalena,Falck,4/18/64,6/24/87,1/1/99,Senior Staff
219089,Boutros,Setiz,7/8/63,8/6/99,1/1/99,Senior Engineer
219093,Mayuri,Byoun,7/11/62,10/18/98,1/1/99,Staff
219096,Kamran,Karnin,2/24/64,2/14/87,1/1/99,Engineer
219103,Yoshinari,Hasham,4/20/62,1/22/97,1/1/99,Staff
219108,Satyanarayana,Hofman,11/8/62,3/16/88,1/1/99,Senior Engineer
219122,Paddy,Luce,10/15/63,8/16/88,1/1/99,Senior Staff
219125,Amabile,Danner,7/7/62,10/26/99,1/1/99,Engineer
219126,Pasqua,Fujisaki,9/4/64,4/22/85,1/1/99,Engineer
219130,Shirish,Zallocco,12/3/63,5/6/00,1/1/99,Technique Leader
219142,Gregory,Glinert,3/8/63,8/10/90,1/1/99,Engineer
219143,Dipankar,Coorg,7/3/62,12/19/85,1/1/99,Engineer
219145,Ugo,Yurek,3/10/64,12/20/97,1/1/99,Engineer
219148,Abdelkader,Ventosa,9/2/64,7/2/94,1/1/99,Senior Staff
219159,Licheng,Hammerschmidt,12/6/64,8/28/99,1/1/99,Senior Engineer
219162,Kazuyasu,Quaggetto,9/6/62,3/19/85,1/1/99,Senior Engineer
219165,Chenxi,Heping,4/8/64,11/23/91,1/1/99,Engineer
219172,DAIDA,Fetvedt,8/15/64,7/20/99,1/1/99,Staff
219178,Udaiprakash,Chiodo,11/16/62,6/29/96,1/1/99,Staff
219186,Lobel,Rosca,6/27/62,10/7/92,1/1/99,Senior Engineer
219187,Denis,Schrift,3/22/62,10/21/94,1/1/99,Staff
219196,Shuky,Kohling,10/22/62,1/16/97,1/1/99,Senior Engineer
219199,Apostol,Nitsche,2/2/63,10/2/87,1/1/99,Engineer
219210,Krassimir,Shumilov,5/30/63,1/27/90,1/1/99,Senior Engineer
219212,Divier,Suomi,4/8/63,2/27/89,1/1/99,Senior Staff
219216,Gad,Vesna,3/28/63,6/5/86,1/1/99,Senior Engineer
219217,Claude,Slutz,9/9/62,6/25/93,1/1/99,Senior Engineer
219222,Somnath,Kawashima,3/29/63,6/24/97,1/1/99,Engineer
219240,Toney,Barriga,6/5/62,8/23/94,1/1/99,Engineer
219243,Theron,Kenevan,5/15/64,5/1/91,1/1/99,Engineer
219249,Narain,Mundy,3/26/63,12/1/99,1/1/99,Staff
219250,Abdulah,Kushner,11/14/63,6/29/98,1/1/99,Staff
219258,Lillian,Monarch,4/24/63,3/27/01,1/1/99,Senior Engineer
219261,Maha,Aloia,4/3/62,1/16/89,1/1/99,Senior Engineer
219262,Brewster,Ranai,3/9/63,3/11/97,1/1/99,Engineer
219279,Pranjal,Kriebel,2/10/63,9/18/85,1/1/99,Technique Leader
219286,Berni,Schmittgen,5/18/62,8/14/92,1/1/99,Engineer
219292,Fan,Domenig,9/8/64,2/22/92,1/1/99,Engineer
219296,Nikolaos,England,12/9/63,7/20/97,1/1/99,Engineer
219298,Brigham,Lortz,1/10/63,6/11/97,1/1/99,Staff
219299,Mong,Lunn,7/6/63,6/12/98,1/1/99,Engineer
219304,Ulises,Waymire,10/24/63,7/8/98,1/1/99,Staff
219305,Valery,Tokunaga,7/30/62,2/24/87,1/1/99,Staff
219307,Mohan,Zirintsis,2/21/63,5/20/87,1/1/99,Senior Engineer
219308,Shuzo,Butner,8/9/64,8/28/98,1/1/99,Engineer
219313,Peer,Uhrik,11/16/64,6/10/98,1/1/99,Engineer
219314,Lobel,Begiun,4/21/64,7/6/85,1/1/99,Engineer
219316,Martine,Scharstein,2/15/64,11/7/99,1/1/99,Engineer
219321,Vojin,Miculan,1/11/62,1/6/99,1/1/99,Senior Engineer
219331,Claude,Velardi,1/1/64,1/6/95,1/1/99,Staff
219332,Shaowen,Verhoeff,10/21/62,5/3/97,1/1/99,Staff
219333,Ayakannu,Chinen,1/7/62,7/5/88,1/1/99,Staff
219335,Remco,Puppo,12/19/63,3/31/88,1/1/99,Engineer
219338,Geoffrey,Eterovic,8/29/63,3/11/93,1/1/99,Senior Engineer
219341,Mototsugu,Chinin,10/2/63,9/16/98,1/1/99,Engineer
219354,Weiru,Doering,8/22/63,3/10/96,1/1/99,Assistant Engineer
219360,Subhada,Biros,2/10/63,9/27/92,1/1/99,Senior Staff
219361,Sarita,Gomatam,10/21/62,4/2/98,1/1/99,Staff
219371,Somnath,Bondorf,12/27/64,1/25/99,1/1/99,Senior Engineer
219377,Miyeon,Remmers,4/21/64,11/6/93,1/1/99,Staff
219382,Ramachenga,Bennis,6/10/64,5/18/85,1/1/99,Staff
219385,Yolla,Keirsey,12/15/63,6/7/90,1/1/99,Senior Engineer
219386,Aksel,Pillow,6/12/63,2/25/92,1/1/99,Engineer
219387,Bouchung,Alencar,4/18/63,4/30/85,1/1/99,Engineer
219390,Heon,Turnbull,5/22/63,4/5/99,1/1/99,Senior Engineer
219402,Tetsushi,Geffroy,9/13/62,2/26/86,1/1/99,Senior Staff
219408,Lakshmi,Shiratori,11/8/63,5/27/93,1/1/99,Senior Staff
219412,Bernardo,Schlumberger,4/10/64,1/21/99,1/1/99,Staff
219415,Hsiangchu,Kowalchuk,5/3/64,6/6/94,1/1/99,Senior Staff
219417,Subhrajyoti,Denna,1/29/65,7/25/96,1/1/99,Staff
219421,Elgin,Bale,5/12/63,6/13/96,1/1/99,Senior Engineer
219422,Yuguang,Luan,5/19/64,3/27/88,1/1/99,Senior Engineer
219445,Atreye,Luft,7/19/62,6/14/94,1/1/99,Engineer
219467,Jinxi,Farris,2/17/62,1/8/99,1/1/99,Staff
219468,Ferdinand,Marciano,3/26/64,10/13/97,1/1/99,Senior Staff
219482,Giri,Camarinopoulos,9/6/62,7/24/87,1/1/99,Senior Engineer
219486,Gudjon,Osgood,11/16/62,7/17/97,1/1/99,Engineer
219490,Lunjin,Polupanov,11/23/64,2/25/93,1/1/99,Engineer
219495,Karlis,Cmelik,2/7/62,7/22/94,1/1/99,Senior Engineer
219497,Moie,Zastre,1/22/65,10/11/91,1/1/99,Technique Leader
219500,Jiakeng,Kaiserswerth,10/5/62,9/18/90,1/1/99,Assistant Engineer
219502,Sadun,Rodiger,6/13/64,5/17/90,1/1/99,Staff
219504,Yannis,Bugrara,11/3/63,4/12/88,1/1/99,Senior Engineer
219508,Kazuhisa,Perelgut,10/17/63,5/27/96,1/1/99,Staff
219517,Sungwon,Fabrizio,3/27/62,4/3/93,1/1/99,Staff
219518,Piyush,Nitsche,12/16/64,2/18/92,1/1/99,Engineer
219521,Jeanne,Lemarechal,11/4/64,7/4/91,1/1/99,Senior Staff
219523,Jaques,Alpay,9/3/62,3/30/90,1/1/99,Senior Staff
219526,Angel,Taubenfeld,1/18/62,1/21/88,1/1/99,Engineer
219530,Taizo,Werthner,12/31/64,10/10/99,1/1/99,Staff
219541,Syozo,Shrader,1/21/63,4/26/96,1/1/99,Staff
219543,Qiwen,Parveen,12/20/62,7/10/88,1/1/99,Senior Staff
219557,Dayanand,Collette,9/27/64,6/15/85,1/1/99,Senior Staff
219559,Steen,Serna,6/21/63,11/10/85,1/1/99,Senior Staff
219560,Vasilis,Falco,11/24/62,8/12/97,1/1/99,Engineer
219561,Paloma,Schaap,9/17/63,9/5/91,1/1/99,Engineer
219564,Harngdar,Reinhard,6/20/62,7/7/00,1/1/99,Senior Engineer
219567,Eberhardt,Coney,10/24/64,8/21/89,1/1/99,Engineer
219572,Jayson,Maginnis,12/13/62,12/12/95,1/1/99,Staff
219574,Shimshon,Gerteisen,3/24/63,4/20/90,1/1/99,Senior Staff
219588,Brendon,Himler,10/20/64,10/5/89,1/1/99,Senior Engineer
219593,Palash,Huttel,5/29/64,11/21/90,1/1/99,Engineer
219599,Mitsuyuki,Anily,6/26/62,12/14/93,1/1/99,Senior Staff
219607,Breannda,Maginnis,12/4/64,8/27/88,1/1/99,Senior Engineer
219623,Eric,Gulak,6/27/64,11/25/85,1/1/99,Staff
219627,Petter,Peac,8/21/62,8/28/95,1/1/99,Senior Engineer
219638,Satoru,Lally,11/23/64,5/4/98,1/1/99,Staff
219639,Hsiangchu,Hammerschmidt,11/10/63,7/31/85,1/1/99,Engineer
219653,Cheong,Goldhammer,2/23/62,7/31/88,1/1/99,Engineer
219656,Zhenhua,Lorcy,4/3/63,2/23/99,1/1/99,Senior Engineer
219657,Zhanqiu,Shihab,8/16/64,12/4/97,1/1/99,Senior Engineer
219665,Honesty,Vadhan,8/11/63,10/18/99,1/1/99,Engineer
219683,Kauko,Prenel,3/29/62,8/22/85,1/1/99,Engineer
219687,Eckart,Uhrik,6/2/62,1/21/94,1/1/99,Engineer
219692,Krassimir,Norsworthy,2/21/64,3/27/87,1/1/99,Senior Engineer
219694,Shaleah,Savasere,8/2/64,6/30/96,1/1/99,Staff
219695,Khalil,Kushner,6/12/64,12/20/98,1/1/99,Staff
219696,Gad,Levasseur,8/16/62,11/26/86,1/1/99,Staff
219698,Demin,Frezza,8/26/64,2/23/92,1/1/99,Engineer
219706,Kien,DuBourdieux,8/18/63,4/14/90,1/1/99,Senior Staff
219714,Shounak,Yurek,2/24/64,6/2/88,1/1/99,Senior Engineer
219715,Persi,Taneja,9/5/62,2/18/86,1/1/99,Senior Engineer
219717,Conrado,Penttonen,10/20/62,12/24/89,1/1/99,Senior Staff
219725,Elvis,Zockler,3/28/63,4/29/85,1/1/99,Staff
219727,Paraskevi,Showalter,11/17/64,5/14/92,1/1/99,Senior Staff
219729,Terresa,Weedman,6/8/63,10/25/88,1/1/99,Senior Engineer
219740,Zine,Schiettecatte,9/14/64,8/17/00,1/1/99,Technique Leader
219741,Kolar,Vakili,2/23/62,4/13/95,1/1/99,Technique Leader
219747,Oksana,Constantine,12/14/64,5/13/93,1/1/99,Engineer
219753,Tadahiko,Merel,3/2/64,1/29/92,1/1/99,Engineer
219762,Nahum,Giveon,3/22/64,12/22/99,1/1/99,Senior Staff
219764,Hidde,Remmele,9/14/62,12/13/86,1/1/99,Senior Staff
219765,Radhakrishnan,Baalen,10/2/62,11/26/87,1/1/99,Senior Engineer
219769,Georg,Munoz,8/7/63,6/21/86,1/1/99,Engineer
219779,Cristinel,Isaak,4/24/64,3/24/97,1/1/99,Staff
219793,Nitsan,Lampe,3/2/64,3/29/02,1/1/99,Senior Staff
219795,Jinya,Manderick,5/28/62,12/14/90,1/1/99,Engineer
219803,Shahar,Fabrizio,10/29/62,10/21/97,1/1/99,Senior Engineer
219815,Theron,Alblas,11/12/63,12/26/88,1/1/99,Technique Leader
219819,Moheb,Linnainmaa,9/9/64,7/24/98,1/1/99,Senior Engineer
219821,Mandell,Vakili,3/19/62,11/21/85,1/1/99,Engineer
219830,Shimshon,Luke,11/7/62,5/4/90,1/1/99,Senior Staff
219837,Vitaly,Impagliazzo,10/17/64,12/17/99,1/1/99,Staff
219838,Shahar,Lupu,6/1/63,8/10/94,1/1/99,Staff
219846,Mitchel,Janetzko,6/15/62,7/17/99,1/1/99,Staff
219854,Maik,Warwick,10/20/64,4/15/90,1/1/99,Senior Engineer
219855,Izaskun,Badache,9/1/62,3/20/89,1/1/99,Staff
219857,Bader,Cairo,7/22/63,1/30/97,1/1/99,Staff
219875,Stein,Montresor,6/26/64,9/24/87,1/1/99,Senior Staff
219876,Adin,Matzat,3/5/64,3/19/86,1/1/99,Senior Staff
219893,Kazunori,Kuzuoka,7/19/62,2/23/93,1/1/99,Senior Engineer
219894,Geoff,Ramaiah,11/22/64,5/7/90,1/1/99,Senior Engineer
219900,Peer,Birge,10/26/63,3/15/97,1/1/99,Engineer
219902,Yaghout,Vilarrasa,2/10/64,4/28/89,1/1/99,Senior Staff
219904,Georgy,Teitelbaum,6/8/62,2/9/90,1/1/99,Staff
219905,Limsoon,Berztiss,10/28/63,2/4/92,1/1/99,Senior Engineer
219910,Luise,Munoz,8/18/64,6/29/91,1/1/99,Assistant Engineer
219913,Xinan,Slutz,6/11/63,5/4/85,1/1/99,Staff
219916,Kagan,Arlazarov,9/29/62,10/19/01,1/1/99,Senior Staff
219922,Anneli,Koblitz,10/21/62,9/18/86,1/1/99,Senior Engineer
219936,Vishu,Danlos,2/18/62,1/13/98,1/1/99,Senior Staff
219937,Arra,Munos,11/26/63,1/4/87,1/1/99,Technique Leader
219942,Bogdan,Erbe,12/1/63,8/12/91,1/1/99,Senior Engineer
219949,Kinh,Erev,8/14/63,7/5/92,1/1/99,Engineer
219950,Sibyl,Oppitz,4/5/63,9/22/85,1/1/99,Senior Engineer
219953,Evgueni,Bouloucos,9/17/62,6/6/93,1/1/99,Senior Staff
219954,Nobuyoshi,Mikschl,1/10/64,1/3/00,1/1/99,Staff
219955,Stabislas,Guardalben,6/27/62,12/14/98,1/1/99,Technique Leader
219960,Shan,Keohane,5/29/62,4/23/93,1/1/99,Engineer
219967,Susanna,Reeken,1/16/65,3/16/98,1/1/99,Senior Staff
219980,Ekawit,Limongiello,1/6/63,5/13/96,1/1/99,Technique Leader
219984,Bojan,Weisert,7/29/62,9/11/99,1/1/99,Staff
219990,Maia,Pocchiola,2/12/62,11/16/94,1/1/99,Senior Engineer
219993,Bodh,Gaughan,9/21/62,2/20/87,1/1/99,Senior Engineer
219996,Krassimir,Sudkamp,7/7/63,9/13/95,1/1/99,Senior Engineer
220002,Chrisa,Bojadziev,4/18/64,1/26/00,1/1/99,Engineer
220005,Toshiko,Wrigley,9/4/64,6/25/02,1/1/99,Senior Staff
220025,Mitsuyuki,Strehl,6/8/64,2/7/90,1/1/99,Engineer
220029,Demos,Asser,1/17/65,11/4/85,1/1/99,Senior Engineer
220030,Brendon,Siprelle,7/17/62,1/16/89,1/1/99,Technique Leader
220031,Naftaly,Azuma,11/30/62,7/6/88,1/1/99,Staff
220032,Remmert,Krogh,7/1/62,7/6/97,1/1/99,Senior Staff
220038,Conor,Iisaka,7/23/62,7/7/95,1/1/99,Senior Engineer
220039,Peternela,Coney,8/12/64,10/22/87,1/1/99,Senior Engineer
220045,Dipayan,Lunt,7/24/63,7/3/95,1/1/99,Senior Staff
220053,Margareta,Luders,5/24/64,5/15/87,1/1/99,Senior Staff
220054,Wuxu,Mikschl,1/24/64,8/4/99,1/1/99,Engineer
220063,Muzhong,McConalogue,10/9/64,10/17/97,1/1/99,Staff
220071,Paloma,Zockler,10/14/63,7/21/92,1/1/99,Senior Staff
220076,Duangkaew,Journel,4/2/62,11/12/86,1/1/99,Senior Engineer
220078,Mabhin,Szemeredi,12/15/62,4/25/87,1/1/99,Engineer
220094,Dulce,Spieker,6/21/63,1/18/93,1/1/99,Engineer
220098,Bader,Krider,6/27/62,8/15/89,1/1/99,Senior Engineer
220101,Nigel,Kropf,5/3/63,10/12/89,1/1/99,Staff
220107,Claudi,Niizuma,5/1/64,1/5/96,1/1/99,Senior Engineer
220122,Gor,Shanbhogue,9/25/62,3/21/90,1/1/99,Technique Leader
220130,Fumiko,Hinsberger,6/19/63,9/6/91,1/1/99,Senior Staff
220131,Reinhard,Slaats,1/9/65,6/8/94,1/1/99,Engineer
220135,Jixiang,Yoshimura,1/18/63,8/22/87,1/1/99,Staff
220146,Ebbe,Garrabrants,6/2/63,5/31/89,1/1/99,Senior Engineer
220147,Yonghong,Mansanne,7/9/62,6/15/90,1/1/99,Senior Engineer
220158,Luerbio,Munawer,3/6/63,10/17/97,1/1/99,Assistant Engineer
220162,Gopalakrishnan,Delgrange,2/8/63,7/27/97,1/1/99,Engineer
220165,Sangeeta,Spinelli,8/29/62,10/17/88,1/1/99,Senior Engineer
220167,Hilary,Ghazalie,1/6/63,8/18/87,1/1/99,Senior Staff
220168,Aksel,Worfolk,8/14/64,12/15/92,1/1/99,Assistant Engineer
220172,Kitty,Lung,12/27/63,5/6/94,1/1/99,Staff
220179,Bouchung,Mitchem,6/16/64,3/28/94,1/1/99,Senior Staff
220181,Kristin,Duclos,11/3/62,8/2/85,1/1/99,Engineer
220185,Olivera,Riesenhuber,8/6/63,2/8/94,1/1/99,Engineer
220187,Genta,Millington,4/30/63,10/5/99,1/1/99,Senior Staff
220193,Ingemar,Schieder,7/5/63,12/18/87,1/1/99,Engineer
220196,Dietrich,Peac,11/16/64,2/12/86,1/1/99,Senior Engineer
220198,Geoffrey,Pargas,2/15/62,10/20/94,1/1/99,Staff
220201,Zhensheng,Krichel,5/30/63,10/26/87,1/1/99,Senior Staff
220207,Shaleah,Czaja,1/28/62,7/4/93,1/1/99,Senior Engineer
220223,Gor,Ghandeharizadeh,6/13/62,12/8/92,1/1/99,Senior Engineer
220231,Sadun,Axelband,1/17/63,5/9/91,1/1/99,Senior Staff
220233,Basil,Kornyak,5/20/63,4/15/90,1/1/99,Engineer
220241,Harngdar,Gulik,3/31/64,8/18/88,1/1/99,Senior Staff
220254,Marsha,Kaiser,9/25/62,11/11/88,1/1/99,Staff
220266,Pohua,Msuda,9/21/63,6/11/98,1/1/99,Senior Engineer
220267,Zhongwei,Anido,10/2/63,3/9/89,1/1/99,Senior Staff
220272,Rildo,Silva,8/10/62,5/27/97,1/1/99,Assistant Engineer
220287,Gaurav,Azuma,5/17/64,5/30/96,1/1/99,Senior Engineer
220288,Hilary,Tzvieli,5/21/64,11/16/97,1/1/99,Staff
220295,Serge,Pashtan,11/11/64,5/14/96,1/1/99,Senior Staff
220298,Hairong,Heping,3/24/62,12/29/99,1/1/99,Staff
220304,Premal,McFarlin,7/15/62,3/15/85,1/1/99,Staff
220305,Xiaoqiu,Bahi,8/28/63,8/20/90,1/1/99,Senior Staff
220306,Tomoyuki,Falby,5/10/64,6/19/85,1/1/99,Staff
220309,Maris,Whitcomb,9/11/63,4/6/87,1/1/99,Senior Staff
220310,Zine,Bernini,10/27/63,7/24/88,1/1/99,Technique Leader
220314,Jacqueline,Itschner,10/24/63,2/5/92,1/1/99,Staff
220324,Licheng,Schoegge,6/25/64,7/13/89,1/1/99,Senior Engineer
220325,Chirstian,Baaleh,2/16/63,11/11/88,1/1/99,Engineer
220342,Tayeb,Swist,2/29/64,11/6/95,1/1/99,Senior Engineer
220345,Guttorm,Zizka,10/24/63,2/17/98,1/1/99,Technique Leader
220346,Valery,Kropp,1/6/64,3/2/92,1/1/99,Senior Staff
220350,Pohua,Schwabacher,2/15/63,6/6/96,1/1/99,Staff
220354,Alejandra,Backhouse,2/23/64,1/13/95,1/1/99,Senior Engineer
220365,Tonny,Menhardt,1/12/64,1/14/00,1/1/99,Staff
220371,Waiman,Skrikant,3/25/64,11/16/98,1/1/99,Assistant Engineer
220379,Bikash,Veldwijk,5/1/64,1/1/91,1/1/99,Senior Staff
220382,Vishu,Rosen,4/5/64,2/20/93,1/1/99,Staff
220384,Teunis,Chiodo,1/25/64,6/6/88,1/1/99,Senior Staff
220392,Stafford,Lundstrom,10/22/64,7/21/97,1/1/99,Senior Staff
220407,Mihalis,Decleir,2/1/62,2/15/98,1/1/99,Senior Engineer
220418,Poorav,Laventhal,1/23/65,8/16/97,1/1/99,Staff
220424,Pantung,Borovoy,5/5/64,11/17/99,1/1/99,Senior Staff
220440,Gunilla,Zaiane,10/10/63,6/10/87,1/1/99,Engineer
220444,Augustine,Gargeya,3/1/63,3/5/91,1/1/99,Senior Engineer
220483,Lunjin,Brookner,10/7/63,7/9/97,1/1/99,Senior Engineer
220486,Mikhail,Pagter,6/18/62,2/4/96,1/1/99,Staff
220493,Elrique,Magliocco,3/29/64,1/13/94,1/1/99,Engineer
220501,Patricio,Perng,12/17/63,3/9/86,1/1/99,Engineer
220503,Kokou,Unni,6/13/62,9/4/96,1/1/99,Senior Staff
220505,Stein,Solovay,5/31/63,4/3/01,1/1/99,Senior Staff
220506,Shaibal,Stassinopoulos,11/20/64,10/14/89,1/1/99,Staff
220511,Manu,Panwar,6/5/63,7/14/91,1/1/99,Staff
220513,Otmar,Pokrovskii,12/20/62,8/2/87,1/1/99,Engineer
220520,Vasiliy,Schrooten,12/1/64,5/18/97,1/1/99,Staff
220528,Sibyl,Rabehasaina,1/6/65,2/23/98,1/1/99,Senior Staff
220529,Oguz,Chinin,1/31/62,2/18/97,1/1/99,Staff
220531,Aria,Larfeldt,8/17/62,9/9/90,1/1/99,Senior Engineer
220532,Jeong,Harbusch,11/26/63,4/7/02,1/1/99,Staff
220535,Xiaocheng,Ligten,4/17/63,5/16/91,1/1/99,Engineer
220536,DAIDA,Baby,11/24/64,10/22/85,1/1/99,Staff
220541,Reinhold,Eiron,3/10/64,10/30/88,1/1/99,Engineer
220542,Kristina,Maierhofer,1/2/64,5/13/97,1/1/99,Technique Leader
220544,Sadun,Chenoweth,2/24/62,9/15/89,1/1/99,Senior Staff
220552,Bernice,Dulli,8/13/63,9/19/91,1/1/99,Senior Staff
220558,Weiwu,Francisci,12/11/62,2/10/97,1/1/99,Technique Leader
220561,Hongzue,Larfeldt,10/17/63,11/9/94,1/1/99,Senior Staff
220562,Tetsushi,Mitchem,10/17/62,3/10/97,1/1/99,Staff
220582,Poornachandra,Zielinski,1/8/65,2/13/96,1/1/99,Senior Staff
220585,Vidar,Rullman,4/3/62,7/13/87,1/1/99,Senior Staff
220587,Kerhong,Ritzmann,5/29/64,9/10/98,1/1/99,Staff
220592,Marek,Cooman,8/9/62,10/13/99,1/1/99,Engineer
220597,Godehard,Katiyar,7/29/62,1/2/88,1/1/99,Engineer
220603,Gritta,Lowrie,4/14/64,7/22/87,1/1/99,Senior Staff
220611,Yuping,Babb,1/23/65,1/31/95,1/1/99,Senior Staff
220612,Jianwen,Danley,2/2/63,8/2/96,1/1/99,Senior Engineer
220616,Zhonghua,Slaats,10/14/62,2/19/01,1/1/99,Staff
220623,Sanjay,Androutsos,12/1/62,10/10/94,1/1/99,Engineer
220625,Shigenori,Deville,1/25/65,12/24/92,1/1/99,Technique Leader
220629,Morrie,Linares,8/2/62,9/24/89,1/1/99,Staff
220633,Kinh,Validov,2/18/62,4/25/92,1/1/99,Engineer
220636,Demos,Gimarc,5/3/62,9/6/99,1/1/99,Staff
220648,Zito,Gornas,10/5/63,11/15/96,1/1/99,Senior Engineer
220653,Guenter,Flanders,5/12/64,8/22/94,1/1/99,Staff
220655,Reuven,Minakawa,8/3/62,2/6/96,1/1/99,Senior Engineer
220662,Atreyi,Calkin,6/28/63,3/26/93,1/1/99,Senior Staff
220669,Khalil,Zizka,9/26/64,11/7/91,1/1/99,Engineer
220670,Tru,Demri,4/15/64,9/6/88,1/1/99,Senior Engineer
220686,Nirmal,Peng,5/4/63,12/23/92,1/1/99,Technique Leader
220687,Shem,Wursthorn,10/19/64,10/10/92,1/1/99,Staff
220694,Moty,Krogh,12/4/62,4/30/95,1/1/99,Senior Staff
220699,Nahid,Gyimothy,1/7/65,8/18/95,1/1/99,Staff
220701,Spyrose,Streit,10/5/64,8/16/94,1/1/99,Senior Staff
220707,Zine,Stille,7/9/63,9/18/93,1/1/99,Senior Staff
220710,Manohar,Granlund,4/2/64,7/31/95,1/1/99,Staff
220720,Yuguang,Acton,12/16/64,6/20/89,1/1/99,Engineer
220738,Shigehiro,Ariola,5/30/64,5/8/91,1/1/99,Staff
220745,Huiqun,Luby,6/29/62,1/21/88,1/1/99,Senior Engineer
220750,Angus,Mattern,6/25/63,3/27/87,1/1/99,Engineer
220758,Chiradeep,Schapire,3/9/63,3/30/92,1/1/99,Senior Staff
220764,Fun,Olivero,8/13/62,4/2/90,1/1/99,Staff
220773,Ekawit,Perry,9/1/63,6/5/89,1/1/99,Staff
220784,Bodo,Docker,3/21/62,5/23/99,1/1/99,Staff
220790,IEEE,Oppitz,3/19/64,12/19/86,1/1/99,Staff
220799,Perla,Orlowska,1/17/65,10/13/98,1/1/99,Senior Engineer
220801,Sakthirel,Edelhoff,5/4/64,8/22/94,1/1/99,Engineer
220813,Xiong,Picaronny,5/15/62,7/22/95,1/1/99,Senior Engineer
220814,Anoosh,Range,7/9/62,7/3/96,1/1/99,Staff
220819,Yoshimitsu,Linnainmaa,11/21/62,7/28/96,1/1/99,Senior Engineer
220823,Eckart,Gischer,11/22/64,7/3/97,1/1/99,Technique Leader
220828,Gully,Hanabata,1/22/62,7/11/95,1/1/99,Staff
220835,Atreyi,Stemann,11/5/62,12/12/94,1/1/99,Engineer
220839,Limsoon,Waterhouse,8/3/63,3/26/87,1/1/99,Senior Engineer
220841,Danny,Nations,7/19/64,7/13/94,1/1/99,Assistant Engineer
220846,Spyrose,Parhami,10/7/62,10/1/86,1/1/99,Staff
220847,Uinam,Perez,11/26/64,2/5/88,1/1/99,Staff
220852,Krisda,Birke,3/17/63,8/19/85,1/1/99,Senior Staff
220853,Gladys,Einsfeld,8/30/63,9/2/92,1/1/99,Senior Engineer
220855,Froduald,Leuchs,2/27/62,8/12/96,1/1/99,Staff
220856,Arun,Luca,5/24/64,11/21/95,1/1/99,Staff
220863,Marlo,Rajala,6/17/64,10/6/91,1/1/99,Technique Leader
220864,Frazer,Azuma,6/19/62,11/13/98,1/1/99,Senior Staff
220866,Miquel,Danlos,5/10/63,9/25/98,1/1/99,Senior Engineer
220871,Kazuyasu,Pietracaprina,2/4/64,3/22/91,1/1/99,Senior Engineer
220873,Saeed,Sadowsky,4/23/63,7/9/99,1/1/99,Senior Engineer
220878,Conor,Whitcomb,7/30/63,3/13/90,1/1/99,Engineer
220887,Conrado,Marciano,1/24/63,8/31/95,1/1/99,Assistant Engineer
220889,Ayonca,Bratten,1/5/62,6/8/94,1/1/99,Assistant Engineer
220898,Marlo,Peroz,2/12/64,7/6/88,1/1/99,Senior Staff
220913,Nahid,Goldhammer,3/18/62,7/7/87,1/1/99,Staff
220920,Goa,Pezzoli,2/13/64,4/30/92,1/1/99,Senior Engineer
220944,Bojan,Molenaar,11/9/63,5/25/99,1/1/99,Engineer
220970,Shahab,Ranze,5/8/63,1/11/92,1/1/99,Senior Engineer
220972,Tadahiro,Kisuki,11/16/64,1/19/92,1/1/99,Senior Staff
220979,Gio,Hashii,2/24/62,2/7/86,1/1/99,Senior Staff
220983,Unal,Varker,1/12/63,11/12/97,1/1/99,Staff
220990,Tetsushi,Anily,3/4/64,11/11/87,1/1/99,Senior Engineer
220993,Christ,Riefers,2/11/64,6/30/97,1/1/99,Engineer
220995,Shooichi,Hagimont,8/21/63,10/18/90,1/1/99,Senior Engineer
220996,Turgut,Mahnke,2/6/64,9/21/90,1/1/99,Senior Staff
221001,Xiaoqiu,Brookman,1/28/62,11/5/97,1/1/99,Senior Staff
221006,Perry,Lamba,11/19/62,6/25/88,1/1/99,Senior Engineer
221016,Vidya,Cyre,6/11/64,5/12/98,1/1/99,Senior Staff
221022,Changho,Pell,11/20/62,10/17/85,1/1/99,Staff
221024,Rosine,Luan,6/8/64,8/19/96,1/1/99,Senior Staff
221036,JoAnna,Ranze,2/23/62,11/4/90,1/1/99,Senior Engineer
221037,Shigeaki,Radhakrishnan,4/1/64,7/14/90,1/1/99,Senior Staff
221043,Katsuyuki,Basagni,5/19/62,6/1/94,1/1/99,Engineer
221044,Xiaocheng,Erbe,1/24/63,7/29/97,1/1/99,Staff
221049,Woody,Doering,7/15/63,6/13/94,1/1/99,Senior Engineer
221054,Khalid,Rosiles,4/17/64,5/9/98,1/1/99,Staff
221057,Tomofumi,Ferretti,11/21/62,8/15/86,1/1/99,Engineer
221082,Goetz,Munck,2/27/64,9/28/86,1/1/99,Senior Engineer
221083,Masato,Cullers,4/12/63,11/4/93,1/1/99,Engineer
221091,Kirk,Kobara,11/18/64,7/8/87,1/1/99,Senior Engineer
221094,Ulises,Kitsuregawa,8/29/62,4/20/96,1/1/99,Technique Leader
221097,Arnould,Ruther,8/4/64,10/11/92,1/1/99,Senior Staff
221098,Yechezkel,Hammerschmidt,12/19/63,2/21/91,1/1/99,Engineer
221099,Nahum,Malinowski,12/17/63,11/14/90,1/1/99,Staff
221100,Billie,Hasenauer,2/26/63,5/2/98,1/1/99,Engineer
221106,Berry,Caine,1/14/63,10/10/90,1/1/99,Staff
221107,Ziya,Coombs,6/4/62,2/2/87,1/1/99,Staff
221114,Subbu,Stafford,9/26/64,6/23/87,1/1/99,Technique Leader
221119,Parviz,Legleitner,9/24/64,2/6/95,1/1/99,Staff
221126,Tesuya,dAstous,1/23/65,11/29/88,1/1/99,Senior Engineer
221133,Mohan,Munos,6/11/64,11/28/88,1/1/99,Senior Engineer
221140,Surveyors,Geffroy,8/8/63,2/26/88,1/1/99,Staff
221146,Younwoo,Vural,10/3/62,9/14/95,1/1/99,Engineer
221151,Aruna,Kushnir,6/9/63,3/3/99,1/1/99,Engineer
221153,Randy,Sundgren,7/10/62,6/13/96,1/1/99,Senior Engineer
221164,Godehard,Biran,4/6/64,3/15/95,1/1/99,Engineer
221165,Luise,Huttel,3/13/63,6/9/85,1/1/99,Senior Engineer
221169,Tiina,Massonet,6/22/64,9/10/86,1/1/99,Staff
221171,Eldridge,Glinert,9/24/64,2/8/89,1/1/99,Senior Staff
221190,Stella,Paciorek,8/25/63,7/24/97,1/1/99,Engineer
221191,Basem,Cannata,7/27/62,3/4/93,1/1/99,Senior Engineer
221192,Xiaoshan,Danley,9/14/63,8/22/98,1/1/99,Staff
221202,Arlette,Zastre,12/1/62,5/28/93,1/1/99,Engineer
221210,Radoslaw,Thambidurai,3/23/64,12/11/90,1/1/99,Senior Staff
221213,Chenye,Ducloy,11/11/62,6/19/95,1/1/99,Senior Staff
221217,Nechama,Nyrup,6/29/63,11/8/87,1/1/99,Senior Staff
221218,Kish,Schaft,4/16/63,2/8/98,1/1/99,Engineer
221222,Arunachalam,Schwartzbauer,9/26/62,10/28/87,1/1/99,Staff
221226,Remko,Hartvigsen,5/11/63,12/13/99,1/1/99,Senior Engineer
221237,Zhonghua,Bernini,12/7/62,7/30/02,1/1/99,Engineer
221238,Kensei,Szilard,9/13/63,11/12/96,1/1/99,Staff
221242,Lenore,Rodier,10/3/62,4/22/99,1/1/99,Assistant Engineer
221244,Harjit,Schoegge,5/20/62,5/25/92,1/1/99,Technique Leader
221246,Vidya,Beznosov,10/12/64,2/3/87,1/1/99,Senior Staff
221251,Sven,Sury,2/12/62,7/22/95,1/1/99,Engineer
221253,Oscar,Rijckaert,1/10/63,2/21/98,1/1/99,Staff
221254,Laurentiu,Koprowski,12/1/62,7/25/94,1/1/99,Senior Engineer
221258,Leen,Skogmar,4/8/63,12/3/90,1/1/99,Engineer
221263,Bedir,Hanratty,4/17/62,11/29/95,1/1/99,Assistant Engineer
221264,Jeane,Juneja,12/29/63,4/16/98,1/1/99,Senior Staff
221271,Randy,Vrecion,11/20/64,1/31/95,1/1/99,Senior Staff
221292,Ranan,Parveen,2/6/62,3/17/00,1/1/99,Engineer
221293,Lalit,Fujisaki,6/7/62,5/17/90,1/1/99,Senior Engineer
221298,Tremaine,Gajiwala,12/7/63,4/10/96,1/1/99,Senior Engineer
221303,Mariangiola,Itzfeldt,12/4/62,1/30/90,1/1/99,Senior Staff
221304,Chrisa,Heping,4/29/63,3/8/99,1/1/99,Engineer
221307,Gunilla,Pileggi,8/16/63,11/9/97,1/1/99,Engineer
221313,Golgen,McAlpine,5/17/64,8/9/89,1/1/99,Senior Engineer
221317,Adin,Gulak,12/5/62,7/12/91,1/1/99,Senior Staff
221320,Janche,Kakkad,2/28/62,9/17/90,1/1/99,Technique Leader
221329,Giri,Nergos,8/4/62,6/6/92,1/1/99,Engineer
221330,Moto,Nooteboom,8/6/63,5/21/91,1/1/99,Staff
221333,Luise,Karnin,2/21/64,5/6/92,1/1/99,Staff
221336,Behnaam,Giaccio,2/27/63,11/15/00,1/1/99,Engineer
221338,Moss,Munawer,12/3/62,4/6/91,1/1/99,Senior Staff
221341,Dante,Coors,6/16/63,2/19/93,1/1/99,Senior Engineer
221344,Szabolcs,Orlowska,3/18/64,1/6/91,1/1/99,Staff
221355,Kasturi,Gunderson,1/2/62,9/14/95,1/1/99,Senior Engineer
221364,Branimir,Leslie,1/17/64,5/22/01,1/1/99,Senior Engineer
221365,Pasqua,Wynblatt,8/8/63,1/10/98,1/1/99,Staff
221367,Saddek,Farris,1/13/65,11/6/90,1/1/99,Senior Staff
221369,Abdulah,Pocchiola,1/28/65,8/28/96,1/1/99,Engineer
221379,Hatem,Plavsic,1/4/63,8/7/97,1/1/99,Staff
221381,Adamantios,Brandsma,2/14/62,8/7/87,1/1/99,Senior Engineer
221390,Shir,Kusalik,7/22/62,2/26/86,1/1/99,Senior Engineer
221391,Deniz,Vilarrasa,7/17/62,9/16/87,1/1/99,Senior Engineer
221392,Ennio,Dalton,9/18/63,12/16/97,1/1/99,Senior Engineer
221405,Jianwen,Gubsky,8/21/64,11/23/99,1/1/99,Staff
221407,Bokyung,Lores,5/22/62,10/2/93,1/1/99,Senior Staff
221415,Jouni,Unno,4/28/62,8/20/96,1/1/99,Engineer
221421,Mohammed,Landherr,6/15/64,1/23/94,1/1/99,Engineer
221424,Kwangho,Polajnar,7/5/63,6/23/86,1/1/99,Staff
221430,Unal,Merlo,3/18/62,8/29/91,1/1/99,Engineer
221435,Djenana,Marrevee,1/6/65,2/6/94,1/1/99,Engineer
221438,Akeel,Vernadat,9/22/63,2/9/98,1/1/99,Engineer
221444,Magdalena,Ramsak,7/10/64,6/24/86,1/1/99,Senior Staff
221447,Giap,Brendel,10/20/62,10/8/89,1/1/99,Staff
221448,Nidapan,Lukaszewicz,12/21/62,11/15/91,1/1/99,Senior Engineer
221457,Anyuan,Schach,2/16/62,9/10/86,1/1/99,Engineer
221462,Girolamo,Strandh,12/6/64,6/17/93,1/1/99,Engineer
221470,Dzung,Erdmenger,8/22/62,10/21/89,1/1/99,Engineer
221473,Chenxi,Lueh,11/26/64,7/20/97,1/1/99,Engineer
221480,Martine,Shackel,11/19/63,5/14/88,1/1/99,Technique Leader
221496,Nathan,Mitina,10/7/62,7/18/97,1/1/99,Engineer
221497,Masami,Zlotek,1/7/64,10/17/89,1/1/99,Senior Engineer
221499,Ronghao,Swift,5/15/63,1/18/86,1/1/99,Technique Leader
221503,Naftali,Gammage,11/21/62,7/15/99,1/1/99,Engineer
221506,Ewing,Kushner,1/5/63,4/21/88,1/1/99,Senior Engineer
221508,Kazuhiro,Snyers,6/21/63,3/19/87,1/1/99,Technique Leader
221511,Zsolt,Wendorf,4/4/62,3/24/90,1/1/99,Senior Engineer
221518,Maren,Syang,3/15/62,2/26/97,1/1/99,Staff
221520,Yuuichi,Sudkamp,4/22/64,4/6/85,1/1/99,Senior Engineer
221533,Christ,Magliocco,12/2/64,3/1/92,1/1/99,Senior Staff
221535,Theirry,Rijsenbrij,11/7/63,4/30/86,1/1/99,Senior Staff
221538,Hsiangchu,Argence,11/9/64,3/28/92,1/1/99,Engineer
221548,Renee,Zaiane,4/9/64,9/15/97,1/1/99,Engineer
221552,Krassimir,Picht,11/30/64,9/3/90,1/1/99,Staff
221567,Gift,Babb,8/30/64,5/22/92,1/1/99,Senior Staff
221582,Magy,Chappelet,4/7/62,12/9/89,1/1/99,Engineer
221589,Kayoko,Nitto,8/25/64,6/17/87,1/1/99,Senior Engineer
221612,Rasiah,Yoshimura,1/28/63,5/13/89,1/1/99,Senior Engineer
221614,Demin,Mitchem,8/5/64,9/8/97,1/1/99,Staff
221617,Aram,Veevers,1/22/62,8/24/97,1/1/99,Engineer
221620,Makato,Pagter,1/9/63,6/18/96,1/1/99,Staff
221624,Roded,Crouzet,6/16/64,6/17/85,1/1/99,Senior Engineer
221625,Valdiodio,Capobianchi,2/18/63,3/21/90,1/1/99,Technique Leader
221630,Pradeep,Itzfeldt,3/3/62,8/6/95,1/1/99,Engineer
221633,Rutger,Duclos,9/10/63,2/28/88,1/1/99,Senior Staff
221635,Margareta,Ghemri,12/19/64,10/3/88,1/1/99,Assistant Engineer
221655,Yefim,Bultermann,5/25/62,11/3/92,1/1/99,Senior Engineer
221656,Bernd,Ibel,7/7/63,6/12/90,1/1/99,Senior Staff
221665,Gadiel,Anily,5/23/62,12/18/96,1/1/99,Staff
221668,Shen,Frezza,8/3/62,9/12/85,1/1/99,Senior Staff
221677,Alain,McDermid,4/9/63,3/25/91,1/1/99,Engineer
221687,Shuji,Aumann,7/1/63,10/25/90,1/1/99,Engineer
221698,Ayakannu,Kumaresan,2/28/62,5/24/98,1/1/99,Engineer
221704,Horward,Swab,3/13/62,9/1/99,1/1/99,Staff
221711,Susumu,Birdsall,12/6/64,12/8/89,1/1/99,Engineer
221714,Zeydy,Tagansky,9/28/63,8/21/94,1/1/99,Staff
221720,Satoru,Pocchiola,4/16/62,8/12/96,1/1/99,Senior Engineer
221721,Tonia,Kopetz,1/6/64,3/19/94,1/1/99,Senior Staff
221727,Aluzio,Rettelbach,2/16/63,11/15/85,1/1/99,Senior Engineer
221733,Ranan,Braccini,1/3/63,3/13/87,1/1/99,Senior Staff
221741,Ingemar,Jakobus,10/23/63,11/17/96,1/1/99,Engineer
221751,Piyawadee,Acton,6/11/64,10/21/86,1/1/99,Senior Staff
221754,Lidong,Honglei,5/10/62,11/17/85,1/1/99,Senior Engineer
221764,Kyoichi,Luce,4/24/63,8/28/88,1/1/99,Staff
221782,Conor,McFarlin,10/14/62,7/17/88,1/1/99,Senior Engineer
221790,Zhensheng,Kakkar,5/3/62,3/18/98,1/1/99,Senior Staff
221791,Sushant,Rathonyi,3/3/62,10/1/97,1/1/99,Senior Engineer
221807,Guther,Msuda,12/21/62,11/8/98,1/1/99,Engineer
221811,Chikako,Zeidenstein,6/26/64,8/23/94,1/1/99,Technique Leader
221817,Szabolcs,DeMori,1/18/63,8/31/96,1/1/99,Engineer
221820,Vitali,Jiang,7/31/64,8/3/86,1/1/99,Senior Staff
221827,Guozhong,DuCasse,9/7/64,11/8/92,1/1/99,Senior Engineer
221831,Goh,Honglei,1/11/62,5/20/92,1/1/99,Senior Engineer
221836,Maik,Georgakopoulos,1/27/63,8/8/93,1/1/99,Senior Engineer
221842,Bokyung,Buescher,8/31/63,7/11/92,1/1/99,Senior Staff
221844,Ferdinand,Kroha,9/15/63,6/18/98,1/1/99,Engineer
221847,Tomoyuki,Masand,12/13/62,12/30/93,1/1/99,Staff
221849,Zdislav,Rothenberg,7/29/64,11/20/92,1/1/99,Technique Leader
221862,Ortrud,Ishibashi,7/2/64,3/5/99,1/1/99,Staff
221868,Kerryn,Unno,8/13/62,3/26/88,1/1/99,Engineer
221870,Quingbo,Kenevan,8/4/64,6/3/94,1/1/99,Assistant Engineer
221877,Duri,Bellone,3/22/63,12/3/91,1/1/99,Senior Engineer
221885,Jacopo,Joslin,11/1/62,10/22/90,1/1/99,Staff
221893,Ipke,Cheshire,11/18/63,11/30/88,1/1/99,Staff
221897,Nalini,Molenkamp,9/8/63,8/31/95,1/1/99,Engineer
221898,Tesuya,Peek,4/7/62,9/27/98,1/1/99,Senior Engineer
221901,Thanasis,Akiyama,11/12/64,10/5/94,1/1/99,Senior Engineer
221910,Malu,Peek,3/5/62,7/4/02,1/1/99,Technique Leader
221913,Sadun,Ranze,4/9/64,7/21/86,1/1/99,Senior Engineer
221915,Tse,Chleq,8/27/62,11/11/96,1/1/99,Staff
221920,Arup,Klyachko,3/8/62,8/23/87,1/1/99,Senior Engineer
221929,Chuanti,Panangaden,3/19/63,3/26/98,1/1/99,Engineer
221933,Susanne,Porotnikoff,3/25/63,3/27/96,1/1/99,Senior Staff
221939,Sanjay,Borovoy,1/30/64,10/17/85,1/1/99,Senior Staff
221940,Dulce,Rosiles,9/30/64,3/7/90,1/1/99,Senior Engineer
221942,Vishwani,Weiland,6/11/62,3/7/88,1/1/99,Senior Staff
221944,Matk,Qiwen,2/14/64,6/15/96,1/1/99,Engineer
221949,Gopalakrishnan,Tsunoo,1/25/64,1/15/02,1/1/99,Technique Leader
221951,Basim,Deverell,7/18/62,12/12/94,1/1/99,Staff
221952,Laurentiu,Heering,11/27/62,3/9/90,1/1/99,Staff
221957,Sumant,Kohling,11/1/63,7/4/91,1/1/99,Senior Engineer
221966,Tayeb,Lamma,7/18/63,12/4/93,1/1/99,Senior Staff
221970,Luise,Sudbeck,1/28/62,6/16/89,1/1/99,Senior Staff
221973,Sangeeta,Kalefeld,1/17/65,6/6/90,1/1/99,Senior Staff
221975,Zhaofang,Hasenauer,5/9/63,3/21/92,1/1/99,Senior Staff
221977,Juichirou,Herbst,7/22/63,12/22/97,1/1/99,Senior Engineer
221995,Howell,Salinas,9/15/64,11/1/87,1/1/99,Staff
221998,Augustine,Ponthieu,3/5/62,1/4/99,1/1/99,Assistant Engineer
222001,Muneo,Swick,4/20/63,4/29/94,1/1/99,Senior Engineer
222003,Chrisa,Veeraraghavan,2/12/63,1/9/96,1/1/99,Senior Staff
222005,Ortrun,Giaccio,1/28/62,4/23/99,1/1/99,Senior Staff
222015,Dzung,Muhling,12/15/63,7/22/97,1/1/99,Engineer
222018,Alain,Pena,5/7/63,11/5/99,1/1/99,Staff
222020,Monique,Schurmann,8/28/63,12/14/96,1/1/99,Technique Leader
222021,JoAnne,Iisaku,1/12/63,5/15/91,1/1/99,Staff
222027,Aruna,Braunmuhl,3/29/63,11/24/98,1/1/99,Staff
222037,Zhiwei,Picht,7/30/63,6/22/97,1/1/99,Engineer
222049,DeForest,Flanders,11/26/63,7/28/98,1/1/99,Senior Staff
222052,Ferdinand,Sadowski,12/2/64,5/3/98,1/1/99,Engineer
222054,Chinho,Sherertz,1/8/64,12/26/93,1/1/99,Senior Staff
222056,Serge,Geffroy,6/12/62,4/17/98,1/1/99,Engineer
222057,Toshimo,Openshaw,9/10/63,5/1/89,1/1/99,Senior Staff
222063,Genta,Reinhart,3/9/62,7/4/92,1/1/99,Staff
222064,Ziva,Ramras,5/8/63,10/10/98,1/1/99,Senior Engineer
222071,Luigi,Baik,1/29/62,4/4/88,1/1/99,Senior Staff
222088,Wojceich,Stellhorn,7/2/64,9/27/88,1/1/99,Engineer
222091,Guozhong,Muhlberg,12/6/63,9/23/92,1/1/99,Senior Staff
222093,Toshimori,Lenart,9/5/62,10/7/91,1/1/99,Assistant Engineer
222100,Fay,Ertl,2/12/64,11/27/96,1/1/99,Staff
222106,Weijing,Hegner,2/3/64,4/1/98,1/1/99,Senior Engineer
222120,Moon,Seiwald,8/30/64,12/12/86,1/1/99,Senior Staff
222123,Freyja,Karcich,9/5/64,5/7/85,1/1/99,Senior Staff
222124,Saddek,Gruenwald,12/4/62,3/18/96,1/1/99,Engineer
222130,Vincent,Stellhorn,1/29/64,9/8/91,1/1/99,Senior Staff
222134,Qunsheng,Speer,3/10/62,3/16/87,1/1/99,Engineer
222138,Yolla,Chinin,1/21/63,1/2/89,1/1/99,Senior Engineer
222144,Janche,Dehkordi,4/30/62,5/7/92,1/1/99,Senior Staff
222152,Abdelghani,Merel,5/27/64,1/9/96,1/1/99,Technique Leader
222162,Gererd,Tasistro,11/25/64,3/22/87,1/1/99,Senior Engineer
222165,Kensei,Waterhouse,8/17/64,9/1/91,1/1/99,Technique Leader
222177,Frazer,Reistad,11/18/63,7/19/88,1/1/99,Senior Engineer
222181,Vivian,Denti,9/17/64,8/21/87,1/1/99,Engineer
222184,Przemyslawa,Ashish,6/13/62,7/15/96,1/1/99,Engineer
222185,Yahiko,Furedi,10/29/63,1/30/91,1/1/99,Senior Staff
222186,Chinya,Comte,5/19/62,10/9/92,1/1/99,Senior Engineer
222188,Sarita,Klassen,12/27/64,5/25/92,1/1/99,Engineer
222193,Elzbieta,Botman,5/25/64,5/22/93,1/1/99,Senior Staff
222194,Szabolcs,Nilsson,2/17/62,4/17/88,1/1/99,Senior Staff
222200,Guther,Keirsey,2/7/63,5/9/88,1/1/99,Senior Engineer
222206,Stein,Uludag,1/21/65,1/30/88,1/1/99,Senior Staff
222207,Jacopo,Pouyioutas,12/8/62,9/28/94,1/1/99,Staff
222224,Girolamo,Tischendorf,9/1/63,7/24/93,1/1/99,Senior Staff
222226,Erzsebet,Limongiello,5/13/64,7/26/86,1/1/99,Senior Staff
222227,Gilbert,Validov,11/9/62,11/24/87,1/1/99,Staff
222230,Kankanahalli,Gaughan,3/11/63,11/6/98,1/1/99,Staff
222236,Xuejun,Wixon,5/23/63,3/11/87,1/1/99,Staff
222237,Alejandro,Birsak,10/22/62,11/1/93,1/1/99,Engineer
222243,Kristine,Segond,5/28/64,5/21/90,1/1/99,Senior Staff
222264,Sachio,Sevcikova,2/26/63,6/23/98,1/1/99,Engineer
222271,Taizo,dAstous,12/9/64,7/13/91,1/1/99,Senior Engineer
222272,Fumiko,Ramsey,2/7/62,4/5/93,1/1/99,Engineer
222275,Haldon,Koprowski,12/13/64,12/19/96,1/1/99,Engineer
222276,Fox,Hiroyama,6/7/63,6/30/92,1/1/99,Staff
222290,Jaihie,Crelier,2/9/62,4/17/89,1/1/99,Engineer
222305,Leah,Rodite,8/27/64,1/6/98,1/1/99,Staff
222309,Bedrich,Munawer,2/15/62,10/21/99,1/1/99,Engineer
222310,Navid,Jarecki,6/4/64,2/13/87,1/1/99,Senior Staff
222311,Miyeon,Billingsley,1/20/65,12/5/92,1/1/99,Senior Engineer
222316,Shridhar,Antonakopoulos,12/8/64,4/12/90,1/1/99,Assistant Engineer
222317,Rafols,Cannard,6/11/64,3/10/85,1/1/99,Senior Staff
222319,Matt,Chvatal,1/20/65,11/9/94,1/1/99,Senior Engineer
222334,Suvo,Viele,2/10/62,2/17/94,1/1/99,Staff
222342,Radhakrishnan,Fandrianto,6/13/62,10/16/99,1/1/99,Staff
222343,Zhongwei,Nooteboom,1/24/62,7/16/96,1/1/99,Engineer
222344,Abdelwaheb,Trachtenberg,7/13/63,7/13/93,1/1/99,Senior Staff
222348,Zeydy,Masada,11/10/63,8/16/91,1/1/99,Engineer
222350,Remco,Spell,2/5/62,4/5/93,1/1/99,Senior Engineer
222352,Zhensheng,Schnabel,12/24/62,8/1/85,1/1/99,Technique Leader
222354,Valdiodio,Schlumberger,1/15/65,8/7/93,1/1/99,Assistant Engineer
222362,Nalini,Besancenot,5/26/63,7/5/95,1/1/99,Engineer
222368,Conrado,Kumaresan,7/23/62,8/1/94,1/1/99,Engineer
222391,Duri,Pusterhofer,10/27/63,9/5/88,1/1/99,Engineer
222393,Lunjin,Lanzelotte,11/30/63,10/31/98,1/1/99,Senior Engineer
222395,Steve,Bednarek,2/18/64,8/25/93,1/1/99,Senior Engineer
222409,Arve,Herath,1/7/64,1/30/00,1/1/99,Staff
222411,Padma,Ozery,10/9/64,10/29/86,1/1/99,Senior Staff
222412,Takushi,Varman,12/24/63,1/4/95,1/1/99,Engineer
222414,Theirry,Gubsky,12/15/62,4/15/88,1/1/99,Technique Leader
222415,Nirmal,Tomescu,10/12/62,6/20/02,1/1/99,Senior Engineer
222417,Qingxiang,Mersereau,6/15/63,3/30/97,1/1/99,Senior Staff
222418,Krister,Bernick,8/30/64,2/19/91,1/1/99,Senior Engineer
222432,Moie,Meriste,6/18/64,1/9/90,1/1/99,Technique Leader
222441,Tetsushi,Schlumberger,11/29/62,2/1/88,1/1/99,Staff
222444,Kazuhide,Bruckman,12/22/62,11/14/98,1/1/99,Senior Engineer
222457,Kristian,Bael,2/19/64,9/3/92,1/1/99,Staff
222474,Takanari,Rothenberg,5/19/64,4/10/97,1/1/99,Staff
222480,Shietung,Ranum,9/6/63,5/20/95,1/1/99,Senior Engineer
222488,Falguni,Farrow,6/4/62,8/15/85,1/1/99,Technique Leader
222490,Takahiro,Menyhert,1/24/62,7/29/95,1/1/99,Staff
222492,Lansing,Detkin,9/17/64,4/22/94,1/1/99,Senior Engineer
222493,Kauko,Setlzner,2/2/63,5/2/90,1/1/99,Staff
222503,Augustine,Feldmann,8/7/64,3/8/98,1/1/99,Engineer
222508,Taegyun,Bahk,12/25/64,5/17/92,1/1/99,Staff
222517,Subhankar,Steinauer,5/6/62,8/29/96,1/1/99,Senior Engineer
222522,Ymte,Kolvik,5/1/63,1/22/91,1/1/99,Engineer
222524,Tremaine,Covnot,12/24/64,7/20/97,1/1/99,Engineer
222533,Lein,Zyda,2/16/64,5/20/99,1/1/99,Senior Staff
222539,Dzung,Veldwijk,6/22/64,11/17/98,1/1/99,Staff
222541,Kendra,Mullainathan,9/11/62,7/17/87,1/1/99,Senior Staff
222548,Guozhong,Braunschweig,2/17/64,3/9/85,1/1/99,Engineer
222555,Yurii,Schaft,12/10/64,11/8/96,1/1/99,Engineer
222568,Kamran,Quaggetto,1/2/62,3/30/92,1/1/99,Senior Engineer
222571,Manibrata,Crelier,7/13/62,1/22/92,1/1/99,Engineer
222572,Xianlong,Coullard,5/7/64,2/23/99,1/1/99,Engineer
222574,Otmar,Gien,10/20/64,12/3/93,1/1/99,Technique Leader
222578,Jasminko,Randt,3/18/62,3/1/98,1/1/99,Engineer
222583,Kenton,Pettey,9/5/62,12/28/87,1/1/99,Senior Staff
222584,Sandeepan,Yeung,7/23/63,6/28/98,1/1/99,Staff
222586,Cathie,Navazio,7/20/63,11/29/97,1/1/99,Staff
222588,JiYoung,Aloia,11/27/63,4/5/95,1/1/99,Senior Engineer
222596,Rafols,Schaap,3/19/63,8/24/95,1/1/99,Staff
222603,Kellie,Ranft,4/5/63,2/1/92,1/1/99,Senior Engineer
222606,Sanjoy,Chinen,8/23/63,6/12/96,1/1/99,Senior Engineer
222608,Leni,Thimonier,7/13/63,12/4/96,1/1/99,Assistant Engineer
222614,Vitaly,Bugaenko,8/21/62,1/12/00,1/1/99,Staff
222616,Badri,Schapire,2/1/65,1/19/98,1/1/99,Assistant Engineer
222628,Huei,Baig,5/12/62,6/17/85,1/1/99,Senior Staff
222631,Barton,Tsukune,8/5/63,9/14/92,1/1/99,Senior Staff
222635,Utz,Narlikar,5/7/62,1/24/95,1/1/99,Staff
222642,Greger,Simmen,8/11/63,6/29/93,1/1/99,Staff
222645,Goa,Guardalben,10/8/64,11/14/85,1/1/99,Senior Staff
222649,Amstein,Remmers,2/4/63,12/9/86,1/1/99,Senior Staff
222658,Youpyo,Litecky,2/16/64,4/14/89,1/1/99,Senior Engineer
222663,Kshitij,Ginneken,6/16/64,8/19/90,1/1/99,Senior Staff
222672,Rasikan,Peltason,5/2/64,4/19/92,1/1/99,Engineer
222683,Junsik,Ponthieu,8/30/63,6/26/99,1/1/99,Engineer
222684,Randi,Crabtree,4/6/62,7/11/90,1/1/99,Staff
222694,Sachem,Baumann,5/12/62,11/19/99,1/1/99,Staff
222698,Masanao,Malinowski,10/31/63,11/9/89,1/1/99,Engineer
222704,Mats,Cooley,6/6/63,3/21/89,1/1/99,Assistant Engineer
222705,Shirish,Oppitz,10/15/62,12/6/89,1/1/99,Engineer
222714,Sergi,Hiltgen,1/10/64,2/15/91,1/1/99,Engineer
222727,Tadanori,Melski,10/15/64,2/23/87,1/1/99,Staff
222739,Djenana,Binkley,3/23/64,10/31/97,1/1/99,Engineer
222750,Halsur,Syang,3/25/63,10/20/90,1/1/99,Staff
222753,Ravishankar,Heydon,3/18/64,1/22/99,1/1/99,Staff
222754,Mani,Angot,12/21/64,11/16/85,1/1/99,Staff
222755,Yongqiao,Frolund,9/13/64,8/20/95,1/1/99,Senior Staff
222758,Kazuhide,Akaboshi,1/18/63,11/22/97,1/1/99,Technique Leader
222759,Dines,Zizka,12/26/62,1/21/00,1/1/99,Engineer
222762,Sivanarayana,Swiss,10/8/62,11/3/98,1/1/99,Staff
222767,Hideyuki,Kandlur,9/11/64,8/24/89,1/1/99,Senior Engineer
222770,Kazuhiko,Kushner,1/22/65,8/1/95,1/1/99,Senior Engineer
222777,Oldrich,Sudbeck,11/7/64,1/23/90,1/1/99,Senior Engineer
222788,Perla,Luef,7/5/64,4/21/99,1/1/99,Engineer
222789,Shih,Bahr,8/22/64,10/20/95,1/1/99,Senior Staff
222792,Adit,Stamatiou,10/30/62,1/10/00,1/1/99,Staff
222794,Rosalie,Erev,9/5/64,2/14/97,1/1/99,Engineer
222798,Pranay,Nitsche,3/6/64,1/3/90,1/1/99,Engineer
222806,Kiam,Ratnakar,10/18/62,3/22/94,1/1/99,Staff
222810,Constantijn,Validov,11/5/62,1/20/01,1/1/99,Engineer
222811,Shigeichiro,Turnbull,2/8/63,10/25/97,1/1/99,Staff
222818,Kasturi,Coullard,11/17/64,1/18/87,1/1/99,Senior Staff
222824,Kazuhito,Coorg,9/12/62,2/11/98,1/1/99,Staff
222825,Sachin,Unno,2/18/62,7/30/95,1/1/99,Staff
222826,Sangeeta,Falck,12/18/62,10/13/93,1/1/99,Senior Engineer
222837,Toshimori,Azumi,10/22/62,4/10/91,1/1/99,Engineer
222846,Kellie,Baik,2/20/62,11/17/85,1/1/99,Senior Engineer
222856,Niranjan,Trumbly,1/3/63,6/7/98,1/1/99,Staff
222862,Behnaam,Schurmann,8/1/62,1/30/93,1/1/99,Senior Staff
222864,Elgin,Kropf,3/11/63,7/18/89,1/1/99,Engineer
222872,Gil,Kalorkoti,6/12/62,7/23/94,1/1/99,Senior Engineer
222877,Kwok,Picci,2/20/63,10/15/99,1/1/99,Senior Staff
222878,Annemarie,Zallocco,1/10/65,12/1/96,1/1/99,Engineer
222889,Alain,Pehl,1/27/62,9/12/88,1/1/99,Engineer
222897,Sven,Gladwell,6/7/62,9/4/90,1/1/99,Senior Engineer
222898,Arra,Erman,11/17/63,10/1/93,1/1/99,Engineer
222901,Rosella,Kaelbling,11/23/62,10/2/85,1/1/99,Staff
222907,Kirk,Backhouse,11/8/62,5/12/02,1/1/99,Staff
222911,Shahab,Maccarone,6/4/62,6/29/85,1/1/99,Senior Engineer
222913,Arch,Awdeh,4/29/62,3/5/89,1/1/99,Senior Staff
222914,Armond,Conry,5/2/64,10/11/86,1/1/99,Senior Engineer
222918,Fen,Schwabacher,4/12/64,1/8/87,1/1/99,Senior Staff
222921,Conrado,Zaccaria,4/5/64,2/1/92,1/1/99,Senior Engineer
222926,Limsoon,Erol,1/10/65,12/31/97,1/1/99,Senior Engineer
222936,Djenana,Lindqvist,2/28/62,12/11/95,1/1/99,Staff
222941,Takushi,Birrer,4/14/63,10/5/90,1/1/99,Engineer
222946,Marin,Narahari,10/11/63,4/27/02,1/1/99,Technique Leader
222951,Jouni,Uludag,10/5/63,9/19/91,1/1/99,Senior Staff
222952,Gopalakrishnan,Suermann,1/28/65,4/30/91,1/1/99,Engineer
222953,Roselyn,Dayang,3/25/63,10/14/86,1/1/99,Technique Leader
222957,Jenwei,Chaudhuri,2/1/64,2/5/92,1/1/99,Staff
222963,Zengping,Baumann,8/31/64,1/1/96,1/1/99,Senior Engineer
222974,Izaskun,Bellmore,8/17/64,7/20/85,1/1/99,Engineer
222980,Shin,Rohrbach,2/23/63,3/5/99,1/1/99,Technique Leader
222985,Evgueni,Granlund,6/9/64,8/9/92,1/1/99,Senior Engineer
222998,Leaf,Awdeh,1/7/65,10/2/92,1/1/99,Senior Staff
223000,Mostafa,Mundy,11/17/64,10/26/92,1/1/99,Senior Staff
223011,Alair,Poupard,6/12/64,2/6/99,1/1/99,Staff
223012,Shunichi,Cyre,9/24/62,6/10/92,1/1/99,Engineer
223022,Christophe,Tsukune,8/1/64,8/18/88,1/1/99,Engineer
223029,Kristina,Lieberherr,3/10/64,11/25/86,1/1/99,Senior Engineer
223030,Yurii,Rahier,10/21/64,1/24/91,1/1/99,Engineer
223031,Tsz,Walstra,7/1/62,2/22/87,1/1/99,Senior Staff
223033,Ayonca,Lunt,10/6/64,10/17/87,1/1/99,Engineer
223045,Erzsebet,dAstous,3/30/63,7/13/92,1/1/99,Engineer
223049,Chriss,Arlazarov,11/8/62,11/27/93,1/1/99,Senior Engineer
223060,Wonhee,Varker,12/29/63,1/10/97,1/1/99,Staff
223062,Valdiodio,Itzfeldt,3/16/64,12/14/87,1/1/99,Engineer
223075,Wonhee,Huttel,4/5/64,6/1/89,1/1/99,Staff
223086,Hercules,Litzkow,11/30/64,3/29/91,1/1/99,Senior Staff
223088,Maren,Bahk,1/26/64,5/27/99,1/1/99,Assistant Engineer
223089,Mikhail,Matzat,11/25/62,9/19/98,1/1/99,Engineer
223090,Hsiangchu,Frijda,3/31/64,8/28/85,1/1/99,Senior Staff
223094,Giao,Stanfel,1/6/63,4/24/86,1/1/99,Engineer
223097,Marsal,Mitchem,10/4/62,8/26/91,1/1/99,Assistant Engineer
223104,Kensei,Himler,6/28/62,2/18/91,1/1/99,Technique Leader
223105,Mana,Heusch,8/7/63,6/10/98,1/1/99,Senior Staff
223112,Mingzeng,Walston,5/10/63,6/8/89,1/1/99,Senior Engineer
223115,Bokyung,Versino,3/20/62,1/7/93,1/1/99,Senior Engineer
223120,Yuguang,Benner,11/4/63,10/1/00,1/1/99,Senior Staff
223121,Moty,Lamma,7/20/62,12/25/99,1/1/99,Engineer
223132,Gil,Picht,8/31/62,12/8/97,1/1/99,Senior Staff
223133,Nathalie,Falster,10/19/64,7/4/96,1/1/99,Staff
223136,Jacopo,Schwabacher,4/27/64,6/25/94,1/1/99,Senior Staff
223143,Weicheng,Dolinsky,7/29/63,3/9/86,1/1/99,Senior Engineer
223146,Ayakannu,Alencar,9/7/64,6/1/96,1/1/99,Staff
223151,Sugwoo,Jayawardene,6/11/64,2/18/85,1/1/99,Technique Leader
223161,Gennadi,Maksimenko,5/27/62,10/23/85,1/1/99,Senior Staff
223162,Kannan,Lund,7/29/64,7/12/95,1/1/99,Senior Engineer
223180,Remmert,Munoz,5/5/64,4/30/98,1/1/99,Engineer
223187,Filipp,Zirintsis,7/13/63,5/2/94,1/1/99,Senior Staff
223188,Giap,Zobel,5/5/64,5/28/90,1/1/99,Engineer
223203,Filipe,Bahr,8/29/62,3/15/93,1/1/99,Engineer
223208,Munir,Orlowska,6/19/64,12/17/88,1/1/99,Senior Staff
223210,Luise,Pollock,8/28/62,2/16/93,1/1/99,Senior Staff
223221,Seongbae,Munck,10/8/64,2/2/96,1/1/99,Staff
223235,Junsik,Milicia,6/9/62,12/26/99,1/1/99,Engineer
223236,Niclas,Fiebach,8/8/63,4/1/95,1/1/99,Staff
223241,Denis,Jayawardene,1/19/63,6/21/92,1/1/99,Senior Engineer
223255,Kellyn,Babu,9/24/64,12/26/90,1/1/99,Senior Staff
223267,Chanjung,Bresenham,11/2/64,8/13/90,1/1/99,Senior Engineer
223276,Goo,Mukaidono,10/4/64,5/15/91,1/1/99,Senior Staff
223280,Goncalo,Heystek,12/29/64,12/24/98,1/1/99,Senior Engineer
223288,Syozo,Schapiro,6/9/63,6/15/95,1/1/99,Senior Staff
223293,Terresa,Leaver,5/10/63,6/22/96,1/1/99,Senior Staff
223295,LiMin,Flasterstein,11/9/64,5/16/90,1/1/99,Staff
223300,Ioana,Kroft,1/11/62,9/17/01,1/1/99,Engineer
223313,Leucio,Daescu,6/28/62,11/24/89,1/1/99,Senior Staff
223318,Gil,Isaac,9/5/62,6/17/85,1/1/99,Staff
223322,Qiwen,Morrey,11/16/64,12/17/90,1/1/99,Staff
223326,Basant,Pelc,9/1/62,6/11/86,1/1/99,Senior Staff
223332,Jingling,Lagarias,9/6/62,1/24/90,1/1/99,Engineer
223334,Randy,Monkewich,7/19/63,11/11/96,1/1/99,Senior Staff
223336,Aris,Bratten,5/26/64,7/11/95,1/1/99,Assistant Engineer
223337,Uwe,Kugler,11/10/62,10/14/86,1/1/99,Senior Engineer
223362,Rosella,Plump,9/28/63,4/7/95,1/1/99,Engineer
223367,Douadi,Puppe,5/2/64,3/20/89,1/1/99,Senior Engineer
223372,Terresa,Eiter,12/21/63,3/29/93,1/1/99,Staff
223380,Irene,Stasinski,7/29/64,10/8/92,1/1/99,Engineer
223388,Katsuo,Vigier,4/28/62,11/28/86,1/1/99,Staff
223400,Lorien,Hartvigsen,8/29/63,12/29/92,1/1/99,Engineer
223404,Chirstian,Gelosh,9/24/62,12/26/98,1/1/99,Senior Engineer
223410,Ioana,Hockney,10/14/63,1/9/93,1/1/99,Senior Engineer
223411,Erzsebet,Gils,1/18/62,2/24/91,1/1/99,Senior Engineer
223412,Wanqing,Reutenauer,10/20/62,5/12/88,1/1/99,Senior Engineer
223416,Falguni,Serra,2/9/62,4/29/98,1/1/99,Technique Leader
223420,Bader,Otillio,2/28/64,9/18/89,1/1/99,Senior Staff
223429,Zsolt,Moffat,11/11/64,3/21/86,1/1/99,Senior Engineer
223432,Kokou,Iwayama,11/20/64,5/17/92,1/1/99,Senior Staff
223434,Valery,Schaap,9/20/62,10/8/94,1/1/99,Technique Leader
223439,Richara,Schwartzburd,12/13/64,6/28/90,1/1/99,Technique Leader
223441,Shridhar,Rajcani,6/10/63,2/24/97,1/1/99,Senior Engineer
223448,Premsyl,Munck,11/29/64,8/9/94,1/1/99,Engineer
223465,Venkatesan,Cronin,6/3/63,11/27/99,1/1/99,Engineer
223474,Maria,Katalagarianos,9/6/63,6/29/88,1/1/99,Senior Engineer
223482,Lidong,Piveteau,8/18/64,11/11/87,1/1/99,Senior Staff
223488,Edwin,Asmuth,4/21/62,5/24/98,1/1/99,Staff
223499,Sakthirel,Maraist,10/29/62,7/28/96,1/1/99,Senior Staff
223521,Perla,Plessier,1/18/62,2/7/85,1/1/99,Senior Engineer
223534,Younwoo,Alblas,11/23/62,6/29/85,1/1/99,Engineer
223544,Hisao,Ranka,10/1/62,10/16/88,1/1/99,Senior Staff
223558,Eldridge,Navazio,3/31/62,12/9/94,1/1/99,Staff
223576,Ute,Vakili,9/16/62,9/1/97,1/1/99,Staff
223579,Munehiko,Rusmann,12/6/63,3/30/99,1/1/99,Assistant Engineer
223583,Uma,Wroclawski,5/27/64,3/15/89,1/1/99,Senior Staff
223585,Bartek,Lanzelotte,6/30/63,3/5/93,1/1/99,Engineer
223587,Josyula,Peha,2/4/63,12/28/92,1/1/99,Staff
223592,Mart,Riesenhuber,10/26/62,2/28/89,1/1/99,Technique Leader
223593,Hidefumi,Moehrke,1/20/65,3/4/98,1/1/99,Staff
223595,Chiranjit,Dredge,2/1/65,9/5/99,1/1/99,Technique Leader
223601,Carrsten,Wissmann,3/19/62,12/23/99,1/1/99,Senior Engineer
223607,Zeljko,Mandelberg,11/16/63,6/6/88,1/1/99,Senior Engineer
223609,Raimond,Petersohn,10/2/63,10/5/98,1/1/99,Senior Engineer
223613,Tomokazu,Gerlach,10/10/62,8/29/99,1/1/99,Engineer
223617,Shaunak,Baezner,3/12/64,8/15/98,1/1/99,Staff
223623,Randi,Erman,3/4/64,1/9/97,1/1/99,Staff
223626,Florina,Trystram,11/19/62,2/8/96,1/1/99,Engineer
223629,Jinpo,Wissmann,8/19/63,6/23/89,1/1/99,Engineer
223631,Jouko,Underwood,11/4/64,1/28/99,1/1/99,Staff
223632,Masako,Sury,9/2/63,8/11/94,1/1/99,Technique Leader
223639,Perry,Marletta,4/9/62,12/13/95,1/1/99,Engineer
223649,Christ,Jumpertz,3/18/62,4/2/88,1/1/99,Senior Staff
223654,Tsz,Kowalchuk,12/19/64,3/20/87,1/1/99,Senior Staff
223660,Zhenbing,Azuma,7/12/62,11/30/86,1/1/99,Senior Staff
223662,Kazuhira,Rebaine,3/12/63,1/2/00,1/1/99,Senior Staff
223668,Kotesh,Tanemo,1/14/64,11/3/86,1/1/99,Senior Staff
223669,Van,Orlowski,7/5/64,7/17/97,1/1/99,Engineer
223671,Yonghoan,Neimat,10/31/62,8/27/95,1/1/99,Staff
223679,Katsuo,Comyn,10/16/64,8/5/99,1/1/99,Engineer
223680,Shahar,Vidal,3/10/62,12/28/95,1/1/99,Senior Staff
223685,Kousuke,Danley,5/3/63,10/6/87,1/1/99,Senior Engineer
223686,Hugh,Kusakari,8/15/63,12/3/87,1/1/99,Senior Engineer
223690,Inderjeet,Engberts,2/9/62,1/29/90,1/1/99,Senior Engineer
223691,Mooi,Versino,9/17/64,9/18/95,1/1/99,Engineer
223696,Janche,Kornatzky,9/11/64,2/13/85,1/1/99,Senior Staff
223697,Kazuhide,Ozery,3/14/62,11/22/91,1/1/99,Senior Staff
223704,Niranjan,Merks,2/3/62,1/7/99,1/1/99,Senior Staff
223706,Khalid,Pellegrinelli,12/21/63,7/25/92,1/1/99,Senior Staff
223710,Ioana,Bisiani,9/16/63,8/7/91,1/1/99,Engineer
223712,Kinh,Andreotta,10/4/62,9/1/01,1/1/99,Engineer
223713,Sudhanshu,Schneeberger,6/3/64,6/11/99,1/1/99,Engineer
223718,Godehard,Gente,7/11/63,5/26/86,1/1/99,Technique Leader
223724,Aamod,Eterovic,11/3/64,3/9/99,1/1/99,Engineer
223727,Conal,Speel,3/4/63,5/31/89,1/1/99,Senior Engineer
223738,Zito,Aseltine,9/24/63,4/19/99,1/1/99,Staff
223749,Branimir,Griswold,1/7/62,8/7/92,1/1/99,Staff
223751,Uli,Shiratori,5/21/62,8/3/97,1/1/99,Engineer
223754,Mrinalini,Nyrup,12/15/64,6/24/88,1/1/99,Senior Staff
223755,Gen,Emmart,4/14/62,3/31/93,1/1/99,Engineer
223761,Jouko,Facello,12/17/64,10/28/92,1/1/99,Senior Staff
223762,Fumiko,Pettit,11/12/62,11/13/93,1/1/99,Staff
223772,Freyja,Baer,5/9/63,10/10/86,1/1/99,Engineer
223773,Moty,Lanteri,5/22/62,11/29/92,1/1/99,Senior Staff
223774,Premal,Boyle,9/29/62,2/11/95,1/1/99,Staff
223778,Leszek,Luders,9/21/64,11/27/85,1/1/99,Staff
223796,Remco,Bouloucos,2/12/63,1/20/97,1/1/99,Staff
223803,Wanqing,Lieberherr,9/4/62,5/9/97,1/1/99,Engineer
223813,Susumu,Bennis,10/13/63,2/7/98,1/1/99,Engineer
223814,Billur,Montemayor,9/12/64,11/25/90,1/1/99,Senior Staff
223815,Sorina,Strandh,10/2/62,12/13/99,1/1/99,Assistant Engineer
223831,Morrie,Buchter,10/12/64,5/7/85,1/1/99,Engineer
223835,Erzsebet,Schmezko,6/24/63,1/25/90,1/1/99,Senior Staff
223843,Nectarios,Henders,6/29/64,10/7/86,1/1/99,Senior Staff
223846,Arvind,Luce,9/1/62,12/18/88,1/1/99,Senior Staff
223848,Hilary,Erman,7/21/62,1/14/02,1/1/99,Senior Staff
223852,Theirry,Kobara,4/17/64,11/28/86,1/1/99,Engineer
223855,Tooru,Conia,9/7/62,12/2/86,1/1/99,Engineer
223858,Turgut,Dusink,12/28/62,9/21/96,1/1/99,Engineer
223862,Geoff,Michaeli,8/9/63,9/12/91,1/1/99,Staff
223867,Licheng,Parveen,7/7/63,7/31/96,1/1/99,Engineer
223876,Hsiangchu,Ramsay,8/19/63,12/17/94,1/1/99,Senior Staff
223884,Minghong,Morris,12/9/64,3/4/99,1/1/99,Senior Engineer
223889,Yagil,Rosis,4/21/64,5/21/99,1/1/99,Staff
223894,Guther,Rahimi,9/19/62,10/12/85,1/1/99,Assistant Engineer
223901,Aimee,Slaats,10/22/63,11/19/97,1/1/99,Senior Staff
223906,Dhritiman,Samarati,10/28/64,11/24/96,1/1/99,Staff
223913,Vincent,Masand,8/4/64,1/8/86,1/1/99,Engineer
223916,Lene,Aumann,4/14/63,2/5/88,1/1/99,Senior Staff
223922,Maja,Piveteau,2/18/64,7/27/91,1/1/99,Staff
223924,Udaiprakash,Mersereau,6/20/63,10/23/97,1/1/99,Senior Engineer
223936,Froduald,Suri,11/11/64,9/9/90,1/1/99,Technique Leader
223938,Shounak,Parascandalo,8/19/64,3/16/89,1/1/99,Engineer
223944,Bader,Gulak,2/2/62,2/3/94,1/1/99,Engineer
223949,Heather,Vidya,1/29/64,12/22/87,1/1/99,Senior Engineer
223957,Angus,Muntz,10/27/62,10/11/85,1/1/99,Engineer
223973,Zhiguo,Plessier,4/21/62,12/13/89,1/1/99,Senior Staff
223978,Christophe,Peral,9/19/64,6/15/90,1/1/99,Technique Leader
223982,Marek,Litecky,9/3/62,9/25/99,1/1/99,Staff
223983,Vitali,Boudaillier,1/5/62,10/15/01,1/1/99,Assistant Engineer
223986,Yechezkel,Showalter,12/3/62,8/10/98,1/1/99,Assistant Engineer
223988,Sumali,Hegner,7/17/64,4/10/96,1/1/99,Staff
223990,Sasan,Rissland,10/20/62,8/27/89,1/1/99,Senior Staff
223993,Herbert,Nishimukai,3/16/63,12/16/95,1/1/99,Staff
223994,Jenwei,Stifter,12/5/63,2/3/99,1/1/99,Staff
224007,Parviz,Morris,10/18/63,1/21/98,1/1/99,Senior Engineer
224008,Remco,Kaiser,1/23/62,7/1/93,1/1/99,Senior Staff
224017,Yurii,Lunn,6/15/63,3/24/96,1/1/99,Engineer
224021,Minghong,Pepe,10/24/64,8/21/99,1/1/99,Staff
224022,Neelam,Swift,4/3/62,11/12/91,1/1/99,Engineer
224024,Feixiong,Standera,8/8/62,4/4/94,1/1/99,Engineer
224031,Kamran,Murthy,6/14/62,6/20/90,1/1/99,Engineer
224043,Mountaz,Pietracaprina,8/6/64,12/28/90,1/1/99,Senior Staff
224048,Syozo,Alpin,6/12/63,6/20/98,1/1/99,Senior Staff
224053,Jaber,Sundgren,3/29/64,3/20/90,1/1/99,Senior Engineer
224057,Erez,Shigei,1/15/63,9/11/00,1/1/99,Senior Staff
224059,Shalesh,Rothenberg,3/23/64,3/20/88,1/1/99,Engineer
224061,Tran,Baalen,4/25/63,6/22/95,1/1/99,Engineer
224068,Miomir,Murrill,8/3/63,10/22/93,1/1/99,Senior Staff
224073,Alejandra,Fujisawa,11/16/64,9/9/87,1/1/99,Senior Engineer
224079,Hyuckchul,Merlo,9/20/62,4/3/95,1/1/99,Staff
224081,Luise,Schwabacher,11/3/64,9/4/90,1/1/99,Senior Staff
224093,Chinhyun,Dayang,6/1/62,11/21/97,1/1/99,Engineer
224096,Randi,Madeira,4/13/63,5/28/89,1/1/99,Senior Staff
224103,Augustine,Benzaken,6/28/64,8/22/95,1/1/99,Senior Staff
224112,Rosli,Walston,12/31/64,8/23/92,1/1/99,Senior Engineer
224116,Przemyslawa,Etalle,12/1/64,9/26/90,1/1/99,Senior Staff
224122,Saeed,Majewski,3/21/62,5/31/00,1/1/99,Senior Staff
224124,Jixiang,Luit,6/28/62,9/11/89,1/1/99,Engineer
224135,Annemarie,Bressoud,1/2/65,6/23/98,1/1/99,Engineer
224137,Candida,Staudhammer,3/22/63,10/7/87,1/1/99,Senior Staff
224146,Jianwen,Schach,9/15/62,5/26/92,1/1/99,Senior Staff
224149,Jovan,Zobel,4/22/64,12/24/98,1/1/99,Engineer
224151,Susanta,Rodite,8/2/62,7/20/88,1/1/99,Staff
224159,Manibrata,Plesums,12/1/62,5/17/98,1/1/99,Engineer
224163,Kristen,Shanbhogue,9/9/63,4/14/89,1/1/99,Technique Leader
224165,Aleksander,Comyn,7/9/63,6/28/85,1/1/99,Senior Staff
224173,Gou,DeMori,10/18/62,8/11/92,1/1/99,Senior Staff
224174,Yuchang,Alvarado,1/9/63,6/1/99,1/1/99,Engineer
224182,Jovan,Hasham,8/2/63,1/21/90,1/1/99,Staff
224183,Mohua,Panwar,5/6/64,11/8/97,1/1/99,Staff
224186,Paris,Erol,5/19/64,10/5/93,1/1/99,Engineer
224188,Fumiko,Marrakchi,12/19/63,10/13/87,1/1/99,Senior Staff
224192,Remmert,Deyuan,9/16/64,9/2/85,1/1/99,Technique Leader
224194,Sorina,Fujisaki,11/26/62,2/17/85,1/1/99,Staff
224200,Yongdong,Kohling,12/19/63,1/28/92,1/1/99,Senior Engineer
224208,Gurbir,Murtha,8/17/62,12/10/87,1/1/99,Engineer
224215,Sivanarayana,Kawashimo,2/6/64,4/15/99,1/1/99,Staff
224228,Isamu,Swan,1/3/63,10/20/91,1/1/99,Senior Staff
224239,Eben,Schapire,8/20/64,3/10/99,1/1/99,Engineer
224244,Gina,Barriga,10/31/64,3/2/88,1/1/99,Staff
224256,Jaewoo,Dolinsky,8/2/64,2/16/96,1/1/99,Engineer
224270,Gad,Vickson,2/22/62,9/13/98,1/1/99,Assistant Engineer
224272,Nathan,Luff,7/31/63,12/18/89,1/1/99,Technique Leader
224274,Wanqing,Lorcy,10/8/63,9/3/94,1/1/99,Senior Engineer
224276,Jolita,Marletta,1/2/62,9/25/90,1/1/99,Technique Leader
224283,Kazuhiro,Berendt,6/17/64,3/25/97,1/1/99,Engineer
224295,Zorica,Gist,4/28/63,5/17/91,1/1/99,Staff
224298,Randy,Zschoche,3/16/62,12/10/90,1/1/99,Senior Engineer
224300,Yongmao,Escriba,5/17/63,12/23/88,1/1/99,Senior Engineer
224302,Shalesh,Couchot,8/7/62,12/19/90,1/1/99,Senior Engineer
224306,Karoline,Eugenio,5/7/62,1/7/97,1/1/99,Engineer
224311,Leen,Collette,8/25/64,6/1/88,1/1/99,Engineer
224315,Hyuckchul,Boissier,4/7/63,7/27/85,1/1/99,Senior Engineer
224316,Niteen,Busillo,4/5/63,5/26/96,1/1/99,Staff
224318,Hyuckchul,Varley,7/28/62,6/15/90,1/1/99,Senior Engineer
224323,Ebru,Schwartzbauer,5/20/63,5/4/89,1/1/99,Senior Staff
224325,Berry,Gien,8/25/62,10/13/93,1/1/99,Staff
224328,Xudong,Hambrick,3/26/63,5/8/95,1/1/99,Senior Engineer
224330,Youssef,Dichev,3/6/63,11/9/99,1/1/99,Staff
224331,Fan,Solares,1/6/64,9/25/94,1/1/99,Engineer
224335,Perry,Chachaty,1/29/65,7/22/85,1/1/99,Engineer
224336,Rosine,Andreotta,1/27/64,8/12/93,1/1/99,Engineer
224348,Guadalupe,Wiegley,5/24/64,8/2/99,1/1/99,Assistant Engineer
224365,Eben,Hennings,5/14/62,8/19/87,1/1/99,Senior Engineer
224372,Francoise,Liesche,9/22/63,3/27/01,1/1/99,Staff
224374,Kazuhide,Miara,12/30/63,11/16/88,1/1/99,Engineer
224376,Khatoun,Stamatiou,8/18/63,7/3/95,1/1/99,Senior Staff
224383,Abdelwaheb,Vingron,11/10/62,12/6/90,1/1/99,Engineer
224388,Nidapan,Businaro,9/12/62,6/13/97,1/1/99,Senior Staff
224390,TRUE,Shobatake,1/24/65,5/17/96,1/1/99,Senior Staff
224393,Naftali,Heemskerk,12/4/64,9/22/97,1/1/99,Staff
224399,Larisa,Onuegbe,12/8/63,7/22/88,1/1/99,Senior Staff
224407,Mizuhito,McClure,6/16/63,4/29/85,1/1/99,Senior Staff
224415,Luisa,Doering,3/25/64,6/22/88,1/1/99,Senior Engineer
224417,Parto,Hempstead,8/2/62,6/10/93,1/1/99,Senior Engineer
224425,Zhigen,Heiserman,2/28/63,9/8/93,1/1/99,Senior Engineer
224427,Shridhar,Taneja,10/19/62,5/3/89,1/1/99,Senior Staff
224428,Uli,Neiman,9/19/64,5/28/00,1/1/99,Staff
224429,Munir,Juneja,11/10/62,12/11/92,1/1/99,Senior Staff
224435,Lunjin,Tsukune,9/2/63,2/26/99,1/1/99,Engineer
224439,Nobuyoshi,Schmiedel,11/1/63,1/23/94,1/1/99,Staff
224444,Martien,Perry,9/18/64,9/2/96,1/1/99,Senior Staff
224449,Martina,Dayana,3/15/64,4/1/96,1/1/99,Staff
224459,Naftaly,Munawer,7/22/64,6/17/93,1/1/99,Staff
224474,Josyula,Waschkowski,6/8/62,7/3/95,1/1/99,Senior Engineer
224486,Vidya,Granlund,4/5/64,12/2/86,1/1/99,Senior Staff
224489,Marek,Macedo,9/10/63,6/6/90,1/1/99,Engineer
224499,Augustine,Budinsky,12/23/62,8/26/92,1/1/99,Senior Engineer
224501,Sarita,Ghalwash,12/8/63,2/10/95,1/1/99,Engineer
224503,Gilbert,Callaway,10/9/62,5/21/87,1/1/99,Senior Engineer
224506,Kaijung,Jenevein,4/1/63,6/6/85,1/1/99,Senior Engineer
224508,Eran,Ventosa,9/25/63,7/24/92,1/1/99,Senior Engineer
224510,Weiru,Cangellaris,5/8/64,3/15/99,1/1/99,Senior Staff
224513,Olivera,Akiyama,1/28/62,2/13/87,1/1/99,Engineer
224514,Mayuko,VanScheik,9/16/64,6/2/88,1/1/99,Engineer
224515,Xiahua,Suwa,9/24/62,1/27/92,1/1/99,Senior Staff
224522,Shuho,Dengi,9/9/63,4/10/85,1/1/99,Technique Leader
224525,Matt,Leaver,3/5/62,5/13/86,1/1/99,Senior Staff
224531,Atilio,Syrzycki,7/5/64,4/23/92,1/1/99,Technique Leader
224534,Adib,Porenta,2/28/64,6/3/87,1/1/99,Senior Engineer
224535,Honglan,Cannard,3/3/63,4/6/96,1/1/99,Staff
224546,Lansing,Armand,3/17/64,5/6/00,1/1/99,Senior Engineer
224550,Xuedong,Koyama,4/20/64,7/7/95,1/1/99,Senior Engineer
224583,Ziyad,Callaway,6/5/63,4/12/98,1/1/99,Assistant Engineer
224586,Anneke,Prenel,2/26/63,12/24/89,1/1/99,Senior Engineer
224596,Patricia,Poujol,3/4/64,7/6/99,1/1/99,Engineer
224599,Domenick,Koshiba,5/18/62,10/30/91,1/1/99,Senior Engineer
224602,Anneli,Rissland,3/4/63,5/20/90,1/1/99,Engineer
224607,Khoa,Murtha,7/27/64,6/20/91,1/1/99,Senior Staff
224610,Yishai,Nollmann,2/8/62,3/10/91,1/1/99,Engineer
224625,Falguni,DiGiano,3/3/64,3/17/95,1/1/99,Technique Leader
224631,Tomoyuki,Katalagarianos,5/23/63,4/14/88,1/1/99,Staff
224635,Ramachenga,Gerlach,7/11/64,9/27/91,1/1/99,Staff
224641,Sangeeta,Litzler,2/3/64,9/20/00,1/1/99,Engineer
224642,Domenico,Jonsson,4/6/64,9/24/96,1/1/99,Senior Engineer
224648,Mayumi,Antonakopoulos,7/26/63,4/29/87,1/1/99,Staff
224650,Leif,Hammerschmidt,8/31/63,12/7/99,1/1/99,Engineer
224656,Xudong,Lienhardt,8/19/63,6/26/99,1/1/99,Assistant Engineer
224662,Sorina,Stiles,8/15/63,3/12/96,1/1/99,Senior Staff
224666,Gritta,Rikino,3/30/63,10/18/96,1/1/99,Engineer
224674,Monique,Scharstein,6/15/64,2/4/95,1/1/99,Engineer
224677,Collette,Rothe,4/14/62,7/28/90,1/1/99,Senior Staff
224682,Shuichi,McFarlin,7/6/64,8/29/85,1/1/99,Staff
224685,JoAnna,Cronau,1/19/63,5/4/93,1/1/99,Senior Staff
224693,Christfried,Ashish,9/10/62,5/3/95,1/1/99,Engineer
224696,Souichi,Sichman,7/29/62,4/9/92,1/1/99,Senior Staff
224697,Petter,Champarnaud,7/12/64,2/2/87,1/1/99,Engineer
224698,Reinhold,Shimshoni,5/1/63,3/19/99,1/1/99,Staff
224716,Hitofumi,Sridhar,12/8/64,1/31/99,1/1/99,Senior Staff
224718,Abdelghani,Felder,1/21/62,2/10/86,1/1/99,Senior Staff
224722,Qunsheng,Kalorkoti,12/29/63,1/31/98,1/1/99,Senior Engineer
224729,Howell,Radivojevic,9/24/62,11/27/92,1/1/99,Senior Staff
224740,Shim,Liedekerke,4/10/63,7/27/92,1/1/99,Senior Engineer
224744,Vojin,Merkl,7/22/62,5/23/88,1/1/99,Engineer
224747,Lorien,Benzmuller,12/23/62,11/14/96,1/1/99,Engineer
224752,Fumitaka,Leppanen,1/21/64,8/2/96,1/1/99,Engineer
224753,Waiman,Osgood,7/27/64,9/14/93,1/1/99,Staff
224759,Chaitali,Farrar,6/8/62,7/28/90,1/1/99,Senior Staff
224763,Danel,Streng,9/26/63,4/5/98,1/1/99,Staff
224766,Chanjung,Brodie,2/20/63,5/10/93,1/1/99,Staff
224774,Holgard,Falck,1/15/64,1/3/87,1/1/99,Senior Engineer
224778,Hyuncheol,Lyonns,10/17/62,1/14/98,1/1/99,Staff
224784,Nevin,Munos,6/15/62,10/17/89,1/1/99,Senior Staff
224787,Val,Klassen,10/18/62,6/15/97,1/1/99,Engineer
224794,Ziyad,Hiltgen,1/28/63,11/6/89,1/1/99,Staff
224798,Guttorm,Schmiedel,12/12/62,4/22/96,1/1/99,Staff
224801,Mohamadou,Leonhardt,12/14/63,6/5/94,1/1/99,Staff
224803,Poornachandra,Liedekerke,5/15/63,4/5/98,1/1/99,Engineer
224812,Valter,Ramaiah,10/18/64,11/6/90,1/1/99,Senior Staff
224817,Siamak,Lindqvist,3/28/62,4/30/98,1/1/99,Senior Staff
224821,Mabhin,Gulak,7/13/62,12/13/90,1/1/99,Technique Leader
224836,Sibyl,Openshaw,11/25/62,1/2/94,1/1/99,Engineer
224842,Hyuncheol,Dichev,7/8/64,4/3/89,1/1/99,Engineer
224854,Adel,Gubsky,2/7/63,5/15/94,1/1/99,Engineer
224856,Xuedong,Nyanchama,10/6/62,10/1/87,1/1/99,Engineer
224867,Takahira,Itschner,2/29/64,9/24/98,1/1/99,Engineer
224868,Fun,Lukaszewicz,3/9/62,7/15/93,1/1/99,Senior Engineer
224870,Hauke,Choobineh,1/19/64,7/7/99,1/1/99,Engineer
224878,Yongqiao,Puppo,10/9/62,12/30/94,1/1/99,Staff
224881,Uno,Hofting,5/16/64,6/11/87,1/1/99,Engineer
224888,Kazuhide,Demizu,10/20/64,3/6/99,1/1/99,Senior Staff
224889,Maris,Demir,7/24/62,3/11/90,1/1/99,Engineer
224893,Berhard,Cincotta,4/14/62,8/21/92,1/1/99,Senior Staff
224895,Vatsa,Klassen,6/29/64,1/6/97,1/1/99,Engineer
224898,Renee,Schaaf,6/18/63,5/12/97,1/1/99,Staff
224908,Aloke,Swiler,9/7/64,4/2/95,1/1/99,Assistant Engineer
224912,Zeydy,Pavlopoulou,1/6/63,8/22/98,1/1/99,Staff
224913,Niteen,Marrevee,12/13/63,8/2/00,1/1/99,Senior Staff
224916,Mats,Walstra,4/30/62,4/30/94,1/1/99,Senior Staff
224921,Florian,Rissland,6/16/62,7/20/90,1/1/99,Staff
224922,Thanasis,Schlenzig,11/14/63,9/19/96,1/1/99,Senior Staff
224926,Kwok,Vandervoorde,9/14/63,3/12/93,1/1/99,Engineer
224930,Charlene,Beilner,6/9/62,3/25/94,1/1/99,Senior Staff
224934,George,Miake,1/5/65,1/2/88,1/1/99,Staff
224940,Jeanna,Luon,3/8/63,3/23/94,1/1/99,Senior Staff
224946,Abdelkader,Nanard,6/25/63,7/10/97,1/1/99,Engineer
224952,Laurentiu,Hockney,3/15/62,9/11/85,1/1/99,Senior Staff
224957,Jianhao,Baik,8/30/64,12/5/87,1/1/99,Senior Engineer
224958,Kwee,Kuhnemann,3/7/64,10/11/93,1/1/99,Engineer
224961,Srinidhi,Baaz,6/29/62,12/21/86,1/1/99,Senior Staff
224962,Sanjit,Mitzlaff,2/19/63,2/27/90,1/1/99,Engineer
224964,Marc,Clouatre,12/18/64,9/29/92,1/1/99,Senior Engineer
224965,Kayoko,Lorho,4/14/62,12/10/98,1/1/99,Engineer
224967,Navin,Kossowski,7/10/63,4/16/96,1/1/99,Senior Staff
224975,Gretta,McConalogue,5/28/64,12/21/99,1/1/99,Staff
224990,Adhemar,Thambidurai,4/7/63,1/1/93,1/1/99,Staff
224992,Bartek,Perelgut,10/14/64,4/14/92,1/1/99,Engineer
225002,Shigenori,Condotta,10/11/64,4/11/85,1/1/99,Senior Engineer
225008,Shaw,Hockney,7/23/64,7/29/93,1/1/99,Engineer
225014,Ung,Gornas,4/5/64,8/7/93,1/1/99,Senior Staff
225015,Snehasis,Makinen,10/23/63,10/20/90,1/1/99,Staff
225027,Somnath,Tischendorf,10/15/64,6/28/01,1/1/99,Engineer
225028,Alper,Vrecion,12/5/64,6/23/90,1/1/99,Senior Staff
225035,Yongmin,Kulisch,2/17/62,3/27/87,1/1/99,Staff
225040,Spyrose,Butterworth,12/12/64,1/13/00,1/1/99,Engineer
225045,Boalin,Shiratori,7/18/62,4/21/98,1/1/99,Senior Engineer
225046,Shaleah,Engberts,12/19/64,1/30/87,1/1/99,Senior Engineer
225052,Amstein,Karcich,10/22/62,11/19/93,1/1/99,Engineer
225057,Youngkon,Schurmann,10/18/63,1/2/95,1/1/99,Engineer
225073,Flemming,Pileggi,10/21/62,8/21/94,1/1/99,Staff
225076,Caolyn,Sifakis,8/24/62,3/8/92,1/1/99,Engineer
225077,Dines,Kaltofen,12/28/64,2/22/85,1/1/99,Staff
225082,Arie,Marrakchi,8/19/64,1/14/90,1/1/99,Engineer
225083,Siamak,Krichel,3/4/63,10/14/99,1/1/99,Engineer
225084,Maik,Ranze,1/30/63,11/9/94,1/1/99,Engineer
225089,Tru,Kroft,4/1/62,2/3/87,1/1/99,Staff
225104,Shmuel,Swen,6/13/64,1/22/95,1/1/99,Senior Engineer
225117,Marek,Lores,12/18/63,2/22/87,1/1/99,Staff
225122,Junsik,Ramamoorthy,1/11/63,7/4/91,1/1/99,Senior Staff
225134,Waiman,Benner,7/26/64,6/5/91,1/1/99,Senior Staff
225139,Radhakrishnan,Albarhamtoshy,1/21/63,10/17/88,1/1/99,Senior Staff
225140,Sachio,Bonifati,9/16/64,12/5/85,1/1/99,Technique Leader
225143,Kwok,Levergood,4/28/64,11/8/93,1/1/99,Staff
225144,Maris,Hoppenstand,6/4/64,2/11/01,1/1/99,Engineer
225149,Koldo,Schieder,3/1/64,2/11/95,1/1/99,Engineer
225160,Xiahua,Clemencon,2/9/63,10/25/94,1/1/99,Senior Engineer
225163,Saeko,Brandsma,1/12/64,3/30/88,1/1/99,Senior Engineer
225177,Harjit,Borovoy,2/4/63,2/23/99,1/1/99,Staff
225181,Patricia,Rusterholz,3/6/64,11/27/90,1/1/99,Senior Staff
225182,Boguslaw,Decaestecker,4/11/64,9/19/90,1/1/99,Engineer
225183,Laurentiu,Vakili,11/21/64,1/8/91,1/1/99,Senior Engineer
225190,Pascal,Tibblin,1/3/64,11/1/91,1/1/99,Senior Staff
225191,Jinxi,Keohane,4/4/64,11/11/91,1/1/99,Senior Staff
225192,Apostol,Thummel,11/11/63,3/7/97,1/1/99,Engineer
225195,Nadjib,Janocha,4/23/64,4/24/94,1/1/99,Senior Engineer
225202,Hironobu,Slaats,10/19/63,10/10/99,1/1/99,Senior Staff
225204,Bogdan,Bahk,12/5/62,12/19/94,1/1/99,Engineer
225213,Fabrizio,Bazzichi,8/9/62,5/26/87,1/1/99,Technique Leader
225214,Pranas,Lyonns,3/6/62,11/6/88,1/1/99,Technique Leader
225217,Nahid,Reinhart,8/1/63,12/27/85,1/1/99,Senior Staff
225222,Kousuke,Redmiles,4/6/63,12/22/96,1/1/99,Engineer
225225,Shigehito,Speckmann,10/5/63,12/11/99,1/1/99,Engineer
225232,Pohua,Meriste,12/2/63,11/28/96,1/1/99,Staff
225235,Radhakrishnan,Murrill,9/29/64,8/17/86,1/1/99,Senior Staff
225237,Sumant,Tokunaga,5/11/62,4/2/98,1/1/99,Engineer
225240,Magy,Rijckaert,7/18/62,10/1/99,1/1/99,Senior Engineer
225243,Pragnesh,Birta,8/31/63,7/3/90,1/1/99,Senior Engineer
225246,Constantine,Maccarone,2/10/63,11/3/92,1/1/99,Technique Leader
225250,Hilary,Gammage,10/18/63,5/15/99,1/1/99,Staff
225256,Zita,Dusink,8/6/64,3/12/87,1/1/99,Senior Engineer
225264,Badri,Bahl,1/2/64,1/18/00,1/1/99,Staff
225274,Guenter,Vuskovic,12/4/63,6/18/85,1/1/99,Engineer
225276,Pascal,Emmart,6/16/64,10/3/93,1/1/99,Engineer
225278,Michaela,Greenaway,9/13/64,11/19/00,1/1/99,Staff
225282,Baoqiu,Pelc,10/4/63,4/24/95,1/1/99,Assistant Engineer
225295,Patricia,Mellouli,8/2/63,5/31/99,1/1/99,Senior Staff
225308,Yinlin,Irland,3/3/64,3/26/86,1/1/99,Senior Engineer
225316,Isaac,Lieberherr,4/13/63,8/2/91,1/1/99,Senior Engineer
225338,Jayesh,Kitai,4/26/63,8/15/97,1/1/99,Senior Staff
225354,Larisa,Pollock,5/27/62,7/6/87,1/1/99,Senior Engineer
225358,Sadok,Gerlach,5/9/62,9/27/85,1/1/99,Senior Engineer
225360,Parto,Douceur,11/27/64,11/26/85,1/1/99,Senior Engineer
225369,Hauke,Reeken,11/18/62,6/7/90,1/1/99,Senior Engineer
225377,Heejo,Vasanthakumar,10/10/62,7/8/91,1/1/99,Staff
225379,Mantis,Oehlmann,4/19/64,5/14/99,1/1/99,Staff
225380,Ingemar,Kilgour,12/23/64,12/2/95,1/1/99,Engineer
225389,Etsuo,Wissmann,12/28/62,1/29/91,1/1/99,Senior Staff
225393,Boalin,Nitsch,4/24/62,3/5/94,1/1/99,Engineer
225403,Nalini,Reistad,3/7/64,3/14/85,1/1/99,Engineer
225407,Akhilish,Isaak,4/30/64,3/21/85,1/1/99,Senior Engineer
225410,Jingling,Plesums,12/28/62,12/2/94,1/1/99,Assistant Engineer
225414,Aiichiro,Muchinsky,7/16/64,2/20/94,1/1/99,Engineer
225416,Tremaine,Molenaar,12/10/63,11/13/90,1/1/99,Staff
225421,Chriss,Cincotta,3/6/64,1/30/92,1/1/99,Engineer
225430,Xiahua,Birke,6/8/63,3/28/85,1/1/99,Staff
225438,Remmert,Quaggetto,1/14/65,4/28/92,1/1/99,Staff
225440,Shigeaki,Herber,6/23/63,10/11/94,1/1/99,Senior Engineer
225441,Aruna,Yurek,4/26/62,11/12/86,1/1/99,Senior Engineer
225449,Barun,Norsworthy,2/26/62,1/11/00,1/1/99,Staff
225456,Howell,Yavatkar,4/9/63,5/19/99,1/1/99,Assistant Engineer
225458,Xiaoheng,Salverda,10/12/62,10/1/97,1/1/99,Staff
225460,Karlis,Nannarelli,3/15/64,8/14/92,1/1/99,Senior Engineer
225467,Lenore,Encarnacion,12/20/63,12/25/87,1/1/99,Senior Engineer
225471,Subbu,Vidya,10/19/64,1/4/02,1/1/99,Senior Engineer
225493,Lihong,Cairo,4/18/63,12/3/90,1/1/99,Technique Leader
225495,Sadegh,Driscoll,8/5/64,1/28/96,1/1/99,Senior Engineer
225502,Mabo,Bharadwaj,12/24/64,9/18/93,1/1/99,Senior Engineer
225507,Nikolaus,Mamelak,11/30/62,1/6/02,1/1/99,Senior Staff
225510,Adel,Molenaar,1/13/62,12/19/94,1/1/99,Engineer
225514,Hatim,Hennebert,5/24/62,5/25/93,1/1/99,Technique Leader
225525,Remko,Pargas,11/19/63,3/19/98,1/1/99,Engineer
225526,Steen,Anily,6/19/62,2/14/88,1/1/99,Engineer
225530,Lijia,Pokrovskii,5/18/64,11/24/94,1/1/99,Engineer
225532,Hideo,Felder,6/10/63,1/21/91,1/1/99,Engineer
225534,Gor,Jarecki,12/24/63,8/10/87,1/1/99,Staff
225538,Masasuke,Miara,6/25/63,2/20/98,1/1/99,Staff
225539,Elrique,Danner,9/17/63,3/21/94,1/1/99,Senior Engineer
225548,Djelloul,Erde,3/22/62,8/30/88,1/1/99,Senior Staff
225554,Gift,Szmurlo,5/7/63,2/9/90,1/1/99,Staff
225559,Remmert,Steenbeek,8/14/62,6/19/92,1/1/99,Senior Engineer
225564,Caolyn,Larfeldt,8/22/64,4/27/87,1/1/99,Senior Staff
225566,Tadahiko,Highland,3/11/64,3/14/95,1/1/99,Engineer
225578,Eran,Goodrum,9/17/62,6/14/86,1/1/99,Senior Staff
225585,Shawna,Servieres,4/29/62,10/17/91,1/1/99,Engineer
225596,Ioana,Luke,7/22/63,3/16/98,1/1/99,Staff
225598,Ramachenga,Glinert,11/30/64,11/27/91,1/1/99,Senior Staff
225601,Masasuke,Genin,1/13/65,6/25/94,1/1/99,Assistant Engineer
225614,Ronghao,Leppanen,2/15/64,8/4/91,1/1/99,Senior Staff
225620,Haldon,Cappelli,7/26/64,6/15/92,1/1/99,Engineer
225625,Aiichiro,Baak,3/8/63,11/13/93,1/1/99,Engineer
225626,Rasiah,Lundstrom,3/13/63,6/8/91,1/1/99,Staff
225632,Lillian,Haraldson,11/17/64,8/24/93,1/1/99,Technique Leader
225638,Mariangiola,Rosin,5/30/64,1/18/95,1/1/99,Technique Leader
225641,Abdelaziz,Kinley,9/18/62,11/8/97,1/1/99,Engineer
225648,King,Keirsey,8/20/63,4/14/86,1/1/99,Engineer
225653,Mads,Brodal,3/18/63,7/2/89,1/1/99,Engineer
225659,Shahar,Erdi,3/8/62,10/11/92,1/1/99,Staff
225668,Mingzeng,Nyrup,10/6/64,9/23/95,1/1/99,Staff
225669,Lokesh,Khalid,10/1/64,6/8/96,1/1/99,Staff
225674,Ziyad,Cronau,4/12/63,12/23/98,1/1/99,Senior Staff
225676,Moriyoshi,Mukaidono,2/21/63,12/14/95,1/1/99,Staff
225683,Phillip,Castellani,10/2/63,8/5/88,1/1/99,Senior Staff
225685,Marin,Burnard,9/28/62,7/1/88,1/1/99,Senior Engineer
225686,Guenter,Radwan,2/2/63,8/18/87,1/1/99,Staff
225695,Serif,Baek,8/12/63,11/30/94,1/1/99,Senior Engineer
225698,Mamdouh,Calkin,5/23/64,1/2/91,1/1/99,Engineer
225702,Shigeichiro,Zockler,2/7/62,6/18/86,1/1/99,Engineer
225705,Hongzue,Crabtree,5/15/64,7/8/96,1/1/99,Senior Engineer
225706,Gian,Pepe,5/22/62,4/11/99,1/1/99,Senior Staff
225712,Heejo,Pramanik,8/6/63,8/25/96,1/1/99,Engineer
225721,Ghassan,Marsiglia,3/7/62,12/31/98,1/1/99,Staff
225725,Kwangho,Macedo,4/13/63,3/8/91,1/1/99,Senior Staff
225731,Sorina,Dichev,4/23/63,8/24/86,1/1/99,Senior Engineer
225736,Genki,Vingron,5/12/64,4/23/99,1/1/99,Engineer
225737,Guttorm,Bakhtari,8/9/63,11/4/99,1/1/99,Assistant Engineer
225739,Frederique,Tiemann,3/12/63,9/4/88,1/1/99,Senior Engineer
225746,Baoqiu,Valiente,7/12/63,1/4/92,1/1/99,Senior Staff
225750,Yaghout,Porenta,12/24/64,2/8/98,1/1/99,Engineer
225751,Lein,Pellegrinelli,12/16/64,8/20/98,1/1/99,Assistant Engineer
225774,Alagu,Mikschl,6/2/62,8/28/85,1/1/99,Senior Engineer
225775,Susuma,Gente,3/3/64,12/31/85,1/1/99,Senior Engineer
225776,Bojan,Zweizig,1/24/62,3/17/89,1/1/99,Senior Engineer
225778,Feipei,Heuser,3/27/62,5/9/99,1/1/99,Staff
225781,Chuanyi,Merkl,4/2/64,6/16/85,1/1/99,Senior Engineer
225784,Weidon,Manderick,6/18/62,2/14/93,1/1/99,Senior Staff
225788,Ipke,Kieras,1/8/65,12/18/95,1/1/99,Engineer
225796,Wuxu,Bahi,2/6/64,10/17/93,1/1/99,Senior Staff
225797,Atreye,Vidal,10/23/62,3/14/98,1/1/99,Staff
225800,Doowon,Shackel,6/16/63,9/10/98,1/1/99,Staff
225809,Kien,Zweizig,9/3/63,3/31/93,1/1/99,Assistant Engineer
225823,Parto,Mukaidono,11/2/64,11/5/86,1/1/99,Senior Engineer
225827,Koldo,Lovengreen,10/2/64,9/19/99,1/1/99,Technique Leader
225830,Takushi,Bernini,6/6/64,7/6/00,1/1/99,Senior Engineer
225835,Naftaly,Suppi,5/15/62,1/16/99,1/1/99,Staff
225836,Suzette,Sullins,10/20/64,11/30/89,1/1/99,Staff
225838,Alselm,Matzov,10/19/64,10/6/99,1/1/99,Senior Staff
225841,Remco,Schaaf,4/28/62,1/19/92,1/1/99,Engineer
225845,Zhonghua,Massonet,3/6/63,7/15/89,1/1/99,Senior Engineer
225852,Rutger,Templeman,10/3/64,3/11/99,1/1/99,Engineer
225855,Yuqun,Fiebach,8/10/63,7/2/99,1/1/99,Engineer
225858,Moti,Simkin,4/7/64,7/20/99,1/1/99,Senior Engineer
225867,Ramalingam,Remmele,1/26/65,9/3/99,1/1/99,Senior Engineer
225872,Odinaldo,Sambasivam,3/12/63,10/24/86,1/1/99,Staff
225876,Arvind,Valiente,9/8/63,7/21/91,1/1/99,Staff
225882,Susanna,Berstel,2/1/64,10/4/94,1/1/99,Staff
225903,Oscar,Camurati,12/13/64,7/29/96,1/1/99,Senior Engineer
225907,Zhiguo,Baer,10/28/62,1/9/98,1/1/99,Assistant Engineer
225908,Udo,Shigei,2/5/62,7/7/93,1/1/99,Senior Staff
225910,Szabolcs,Cmelik,2/27/64,1/31/95,1/1/99,Senior Engineer
225920,Weicheng,Uhrig,1/10/64,8/10/91,1/1/99,Senior Staff
225922,JoAnne,Miculan,8/11/62,1/29/98,1/1/99,Engineer
225923,Taiji,Masada,8/17/62,1/20/96,1/1/99,Engineer
225932,Sampalli,Keustermans,9/24/63,4/23/99,1/1/99,Assistant Engineer
225934,Aral,Seuren,10/18/64,7/20/85,1/1/99,Senior Staff
225943,Kristian,Stanger,8/23/63,11/15/86,1/1/99,Engineer
225944,Duri,Gewali,9/16/62,7/2/98,1/1/99,Engineer
225947,Jahangir,Thambidurai,11/2/62,11/20/93,1/1/99,Engineer
225949,Goh,Kobuchi,3/3/62,5/18/87,1/1/99,Senior Staff
225953,Feixiong,Nicolson,11/9/62,11/30/90,1/1/99,Engineer
225954,Conrado,Kaminger,4/12/64,10/25/97,1/1/99,Technique Leader
225957,Arie,Domenig,5/3/63,2/15/85,1/1/99,Staff
225964,Mooi,Cooman,1/19/65,6/7/89,1/1/99,Engineer
225970,Oddvar,Farrar,2/10/63,8/9/97,1/1/99,Engineer
225971,Shuzo,Schneeberger,7/3/63,7/14/88,1/1/99,Senior Staff
225973,Miyeon,Conte,3/11/64,7/16/93,1/1/99,Senior Engineer
225974,Yucel,Legleitner,8/26/62,9/25/87,1/1/99,Staff
225988,Macha,Glinert,1/17/64,12/16/88,1/1/99,Senior Staff
225996,Xiadong,Saoudi,1/6/64,4/28/96,1/1/99,Engineer
226003,Martins,Conde,5/10/64,9/29/90,1/1/99,Engineer
226005,Seongbin,Ramaiah,7/20/64,4/2/98,1/1/99,Staff
226016,Martijn,Delaune,7/31/63,12/18/87,1/1/99,Staff
226018,Rosalie,Puppe,3/19/63,9/24/99,1/1/99,Staff
226022,Perla,Cheshire,11/26/64,11/25/98,1/1/99,Staff
226026,Subbu,Rosca,5/29/63,3/3/98,1/1/99,Staff
226030,Rimli,Morrin,5/24/63,6/29/90,1/1/99,Senior Staff
226031,Yuping,Shokrollahi,5/10/64,10/25/96,1/1/99,Engineer
226034,Kinh,Erol,8/9/63,3/27/94,1/1/99,Senior Engineer
226038,Sorina,Sluis,2/3/64,9/1/91,1/1/99,Senior Staff
226046,Szabolcs,Salinas,9/5/63,7/17/86,1/1/99,Engineer
226056,Goh,Gargeya,10/23/62,9/7/86,1/1/99,Senior Engineer
226059,Ekawit,Ratnaker,10/31/62,8/13/90,1/1/99,Staff
226069,Saeko,Veevers,9/9/64,6/16/95,1/1/99,Engineer
226071,Venkatesan,Back,7/13/63,8/24/92,1/1/99,Staff
226075,Achilleas,Swen,9/25/62,7/26/86,1/1/99,Engineer
226083,Jahangir,Marakhovsky,1/10/63,11/13/88,1/1/99,Senior Engineer
226108,Fei,Rohrbach,8/30/62,6/6/96,1/1/99,Senior Engineer
226111,Anestis,Marchegay,9/15/62,1/27/87,1/1/99,Senior Engineer
226115,Lein,Sichman,6/18/62,2/11/91,1/1/99,Senior Engineer
226119,Jiann,Azadmanesh,9/21/64,12/21/97,1/1/99,Staff
226124,Zhaofang,Ossenbruggen,12/30/64,9/4/97,1/1/99,Engineer
226125,Udi,Barvinok,3/11/64,8/1/87,1/1/99,Staff
226129,Christ,Szilard,10/17/62,4/9/99,1/1/99,Engineer
226132,Mohammed,Danner,8/24/63,2/23/86,1/1/99,Staff
226136,Yannik,Thisen,7/5/63,6/21/99,1/1/99,Staff
226137,Shooichi,Zuberek,4/15/63,10/14/01,1/1/99,Senior Staff
226139,Qunsheng,Kugler,2/1/62,10/9/91,1/1/99,Staff
226145,Hitomi,Perko,4/15/63,3/30/86,1/1/99,Staff
226149,Eirik,Braccini,12/19/64,6/3/92,1/1/99,Senior Engineer
226151,Evgueni,Basart,8/1/63,1/6/90,1/1/99,Staff
226152,Dipankar,Danecki,11/5/62,3/16/96,1/1/99,Staff
226153,Hauke,Ranft,9/6/63,12/28/88,1/1/99,Senior Engineer
226161,Adas,Reeker,12/20/62,3/24/87,1/1/99,Senior Engineer
226164,Xiping,Solares,5/5/64,1/29/93,1/1/99,Senior Staff
226167,Tadahiko,Junet,11/9/64,12/8/95,1/1/99,Senior Engineer
226170,Masoud,Pearson,12/9/62,8/27/85,1/1/99,Senior Staff
226176,Alassane,Gewali,10/15/62,11/19/93,1/1/99,Engineer
226177,Phuoc,Delgrange,7/24/63,2/10/95,1/1/99,Senior Staff
226182,Mana,Isaak,8/23/64,7/27/90,1/1/99,Engineer
226187,Bader,Kobuchi,4/25/62,10/9/93,1/1/99,Senior Staff
226190,Berna,Negoita,6/7/64,4/14/85,1/1/99,Senior Engineer
226194,Diederik,Lamma,3/26/63,7/12/99,1/1/99,Engineer
226198,Leen,Azumi,11/26/64,5/26/94,1/1/99,Staff
226199,Baruch,Conde,4/8/64,10/11/92,1/1/99,Engineer
226200,Brigham,Gente,7/5/64,11/29/89,1/1/99,Engineer
226202,Gonzalo,Pargas,12/18/63,10/22/89,1/1/99,Senior Engineer
226203,Subhash,Veccia,7/3/64,6/26/96,1/1/99,Staff
226205,Sedat,Rosay,2/20/64,1/29/90,1/1/99,Senior Engineer
226206,Vincent,Alvarado,10/18/64,3/17/97,1/1/99,Senior Engineer
226208,Younwoo,Klerer,8/4/63,2/20/88,1/1/99,Engineer
226211,Shawna,Vilarrasa,3/11/62,10/1/88,1/1/99,Technique Leader
226212,Charmane,Peng,12/3/63,7/19/01,1/1/99,Technique Leader
226214,Shem,Panienski,9/4/64,8/30/99,1/1/99,Senior Engineer
226216,Giordano,Gini,1/28/65,8/14/93,1/1/99,Technique Leader
226218,Lene,Ramsay,6/24/62,2/22/90,1/1/99,Senior Staff
226221,Martine,Randt,10/28/64,7/9/02,1/1/99,Staff
226227,Herbert,Erva,1/7/65,9/6/86,1/1/99,Engineer
226239,Mayuri,Zastre,1/22/63,1/31/86,1/1/99,Senior Staff
226249,Jouni,Massonet,2/4/64,11/19/94,1/1/99,Senior Staff
226256,Jaihie,Rassart,12/2/62,6/7/86,1/1/99,Engineer
226258,Alper,Rissland,5/18/63,1/31/97,1/1/99,Staff
226268,Shuichi,Norsworthy,11/24/63,2/22/89,1/1/99,Staff
226276,Fuqing,Cangellaris,8/11/62,12/21/96,1/1/99,Senior Staff
226279,Randy,Krohm,8/17/62,2/9/95,1/1/99,Engineer
226288,Arnd,Cangellaris,12/25/64,8/20/94,1/1/99,Senior Engineer
226289,Godehard,Fordan,6/22/64,6/1/85,1/1/99,Senior Engineer
226290,Adhemar,Hoppenstand,8/13/64,5/5/95,1/1/99,Senior Engineer
226292,Khosrow,Radhakrishnan,3/9/63,4/30/94,1/1/99,Staff
226295,Phule,Blokdijk,10/20/62,8/15/97,1/1/99,Staff
226305,Kersti,Reinhard,7/31/63,6/18/86,1/1/99,Senior Staff
226308,Shahab,Merks,9/18/62,6/14/97,1/1/99,Staff
226312,Kazuhira,Zallocco,8/15/64,10/21/86,1/1/99,Engineer
226320,Rasiah,Bridgland,6/22/63,3/8/92,1/1/99,Engineer
226329,Karoline,Aseltine,7/20/62,11/13/89,1/1/99,Staff
226330,Denny,Mitsuhashi,4/26/63,3/21/92,1/1/99,Engineer
226331,Kristian,Oppitz,4/12/63,3/22/88,1/1/99,Senior Engineer
226332,Quingbo,Maliniak,6/30/64,9/23/86,1/1/99,Engineer
226334,Jiakeng,Kamble,6/27/62,5/26/96,1/1/99,Senior Staff
226349,Xianlong,Haraldson,6/8/63,4/15/95,1/1/99,Engineer
226350,Kiam,Alencar,7/28/64,11/24/96,1/1/99,Engineer
226355,Sadok,Pillow,10/3/62,5/22/89,1/1/99,Engineer
226360,Ymte,Kambil,9/28/62,9/19/88,1/1/99,Senior Staff
226362,Ebbe,Kamble,8/26/62,6/27/97,1/1/99,Engineer
226363,Isamu,Sessa,8/16/63,7/29/90,1/1/99,Senior Staff
226368,Kwun,Ecklund,10/7/63,5/22/91,1/1/99,Senior Staff
226372,Sanjiv,Haldar,5/19/64,1/18/00,1/1/99,Technique Leader
226381,Filipp,Ghelli,1/10/64,2/16/93,1/1/99,Senior Engineer
226389,Weiyi,Landherr,6/19/64,7/6/87,1/1/99,Staff
226393,Sariel,Brandsma,11/27/64,11/8/92,1/1/99,Technique Leader
226394,Toshimi,Pell,4/12/62,12/31/91,1/1/99,Senior Staff
226409,Sajjad,Suwa,12/19/64,12/11/92,1/1/99,Staff
226415,Debatosh,Glowinski,3/24/62,8/23/98,1/1/99,Staff
226416,Goncalo,Ullian,4/27/64,11/28/87,1/1/99,Senior Engineer
226417,Mads,Chiola,12/12/62,2/15/00,1/1/99,Senior Staff
226420,Jianwen,Benzaken,5/28/63,9/8/99,1/1/99,Engineer
226429,Dharmaraja,Brendel,12/10/64,3/12/97,1/1/99,Engineer
226434,Tianruo,Birdsall,3/2/62,10/10/89,1/1/99,Senior Staff
226460,Xinyu,Fontan,11/18/63,3/29/98,1/1/99,Engineer
226464,Shigeo,Huxford,11/10/62,5/16/91,1/1/99,Staff
226469,Rimon,Schnelling,5/12/64,8/2/85,1/1/99,Staff
226475,Nikolaos,Rosaz,1/12/62,2/23/94,1/1/99,Engineer
226476,Vincent,Gomatam,1/2/64,8/9/91,1/1/99,Technique Leader
226478,Larisa,Byoun,7/24/62,7/25/92,1/1/99,Staff
226481,Yolla,Reeken,12/27/62,8/7/90,1/1/99,Engineer
226485,Erzsebet,Lupu,9/5/62,2/23/01,1/1/99,Staff
226492,Aiichiro,Demian,7/23/62,5/11/88,1/1/99,Senior Staff
226493,Jeane,Czaja,11/15/63,5/24/89,1/1/99,Engineer
226495,Anyuan,Warwick,7/28/63,11/12/91,1/1/99,Senior Staff
226506,Mingdong,Selvestrel,2/15/64,2/24/90,1/1/99,Engineer
226508,Elzbieta,Picaronny,4/18/64,12/31/90,1/1/99,Staff
226509,Dhritiman,Botman,1/29/64,11/6/92,1/1/99,Senior Engineer
226510,Shounak,Chepyzhov,10/6/64,11/13/99,1/1/99,Senior Engineer
226511,Shaw,Colorni,2/12/62,11/22/97,1/1/99,Technique Leader
226518,Christoper,Lampe,12/12/63,1/17/92,1/1/99,Senior Engineer
226528,Christophe,Cannard,8/8/63,5/6/98,1/1/99,Engineer
226533,Fusako,Hiraishi,9/28/63,9/19/86,1/1/99,Senior Engineer
226540,Vishv,Linnainmaa,12/24/63,12/10/98,1/1/99,Engineer
226547,Fumitake,Kambil,11/12/64,2/2/93,1/1/99,Engineer
226551,Zeydy,Maksimenko,4/27/64,2/22/99,1/1/99,Engineer
226552,Manton,Swiss,2/11/62,1/7/95,1/1/99,Senior Staff
226555,Pranav,Kranzdorf,3/14/62,4/2/87,1/1/99,Senior Staff
226561,Claudi,Demeyer,4/6/62,6/15/88,1/1/99,Technique Leader
226565,Quingbo,Kroft,7/16/64,9/9/98,1/1/99,Staff
226567,Rafael,Marrakchi,12/29/63,1/14/01,1/1/99,Senior Engineer
226575,Martien,Codenie,10/18/64,10/25/98,1/1/99,Engineer
226576,Randi,Lunt,12/3/63,7/17/94,1/1/99,Technique Leader
226585,Ashish,Callaway,8/28/62,12/19/87,1/1/99,Senior Engineer
226591,Guiseppe,Rodham,2/14/62,1/29/00,1/1/99,Engineer
226593,Edwin,Krohn,2/16/62,4/6/96,1/1/99,Senior Engineer
226602,Miyeon,Pokrovskii,12/22/62,3/1/91,1/1/99,Senior Staff
226606,Marla,Tchuente,1/19/63,11/22/87,1/1/99,Senior Engineer
226608,Odysseas,Wroclawski,12/14/64,4/25/93,1/1/99,Engineer
226617,Limsoon,Zultner,5/22/64,11/14/93,1/1/99,Engineer
226618,Shietung,Brender,2/29/64,4/15/93,1/1/99,Technique Leader
226620,Nalini,Levasseur,12/19/63,10/9/99,1/1/99,Staff
226625,Sadun,Trachtenberg,8/23/63,8/14/92,1/1/99,Senior Engineer
226638,Rosalie,Ibel,11/19/64,1/13/00,1/1/99,Senior Engineer
226649,Fan,Langford,2/1/62,11/1/93,1/1/99,Engineer
226673,Berna,Linares,7/23/63,3/25/92,1/1/99,Senior Staff
226674,Georgi,Shinomoto,11/14/63,9/27/99,1/1/99,Staff
226679,Aleksander,Shumilov,4/29/62,3/31/95,1/1/99,Staff
226684,Aron,Ferriere,2/20/64,12/11/87,1/1/99,Senior Engineer
226694,Nimmagadda,Sifakis,12/13/62,7/16/95,1/1/99,Senior Engineer
226696,Niranjan,Masamoto,12/29/63,4/27/90,1/1/99,Senior Staff
226702,Shuho,Sudkamp,11/23/63,6/5/98,1/1/99,Engineer
226705,Eirik,Steenbeek,7/28/62,6/19/94,1/1/99,Senior Engineer
226713,Dines,Apsitis,4/22/64,12/21/98,1/1/99,Staff
226716,Yishai,Peres,12/21/62,2/8/86,1/1/99,Engineer
226717,Geraldo,Swist,8/17/62,8/18/95,1/1/99,Senior Engineer
226724,Dietrich,Birnbaum,12/5/64,1/27/96,1/1/99,Senior Engineer
226726,Kiam,Manderick,11/10/62,1/15/99,1/1/99,Staff
226734,Danel,Baranowski,7/11/64,12/10/90,1/1/99,Senior Staff
226735,Huan,Bage,2/2/63,10/27/87,1/1/99,Engineer
226740,Jaroslava,Perelgut,6/15/63,3/13/87,1/1/99,Engineer
226745,Khun,Huxford,11/28/63,6/18/89,1/1/99,Senior Engineer
226749,Niranjan,Cherinka,4/6/63,8/31/86,1/1/99,Engineer
226751,Shao,Akiyama,10/5/62,11/1/95,1/1/99,Senior Engineer
226757,Marke,Pezzoli,6/27/63,8/17/94,1/1/99,Staff
226759,Shirish,Crouzet,7/13/64,3/13/96,1/1/99,Staff
226760,Takahiro,Siepmann,10/16/63,5/11/95,1/1/99,Engineer
226762,Collette,Bardell,1/18/63,7/14/99,1/1/99,Engineer
226766,Manu,Benantar,1/25/62,5/30/99,1/1/99,Senior Engineer
226768,Kazuhisa,Kambil,9/6/63,9/29/97,1/1/99,Senior Engineer
226769,Mostafa,Akiyama,7/3/64,6/4/98,1/1/99,Assistant Engineer
226770,Lenore,Lowrie,9/1/62,11/6/91,1/1/99,Senior Engineer
226779,Neven,Cyne,5/16/62,6/13/90,1/1/99,Senior Staff
226784,Vatsa,Prochazka,8/13/64,6/15/85,1/1/99,Staff
226790,Saniya,Casperson,3/8/64,9/14/97,1/1/99,Senior Staff
226791,Kazuyasu,Schicker,3/22/62,7/9/90,1/1/99,Senior Engineer
226819,Shai,Ernst,12/30/63,2/21/94,1/1/99,Staff
226821,Frederique,Heiserman,12/5/62,8/20/97,1/1/99,Technique Leader
226823,Khun,Bondorf,12/7/64,2/12/01,1/1/99,Engineer
226827,Uri,Badache,9/19/63,6/3/85,1/1/99,Senior Staff
226833,Shaibal,Alameldin,5/14/63,6/4/94,1/1/99,Assistant Engineer
226834,Rance,Zwicker,7/7/62,1/14/97,1/1/99,Engineer
226839,Cristinel,Genther,3/12/64,6/2/94,1/1/99,Senior Staff
226841,Deniz,Kitai,10/14/63,4/13/89,1/1/99,Senior Engineer
226847,Oldrich,Kading,2/3/62,3/3/98,1/1/99,Staff
226848,Stevo,Asmuth,10/20/62,5/2/89,1/1/99,Senior Staff
226855,Aloke,Lukaszewicz,8/3/64,9/11/86,1/1/99,Senior Staff
226864,Ashish,Roohalamini,6/27/63,3/26/89,1/1/99,Senior Staff
226877,Satyanarayana,Tchuente,6/21/63,4/29/91,1/1/99,Senior Engineer
226881,Heping,Undy,7/2/63,4/17/99,1/1/99,Technique Leader
226883,Michaela,Gecsei,10/5/63,3/23/89,1/1/99,Engineer
226889,Shirish,Zeleznik,8/20/62,9/2/93,1/1/99,Senior Staff
226892,Jianhui,Erev,7/31/62,4/9/98,1/1/99,Technique Leader
226894,Yuchang,Falby,3/16/64,11/28/87,1/1/99,Senior Engineer
226895,Vasilii,Ishibashi,7/25/63,10/11/85,1/1/99,Staff
226901,Wojceich,Baja,10/6/64,12/22/99,1/1/99,Staff
226902,Prasadram,Bernardeschi,3/26/62,12/20/97,1/1/99,Staff
226904,Ioana,Selenyi,2/16/62,3/15/96,1/1/99,Staff
226906,Rosella,Pileggi,2/20/63,3/5/89,1/1/99,Staff
226907,Shigenori,Nivat,6/24/63,10/7/97,1/1/99,Staff
226913,Urs,Papadias,2/2/64,7/16/85,1/1/99,Staff
226927,Ewing,Tsunoo,8/15/62,4/30/93,1/1/99,Senior Staff
226941,Ingmar,Boreale,11/21/64,1/15/95,1/1/99,Senior Engineer
226946,Kolar,Baja,10/2/64,3/15/99,1/1/99,Senior Engineer
226957,Bogdan,Brodal,3/25/62,12/11/89,1/1/99,Senior Engineer
226961,Mabry,Roohalamini,2/16/63,9/18/98,1/1/99,Staff
226966,Heather,Rubsam,6/25/64,8/31/86,1/1/99,Senior Engineer
226970,Phule,Figueira,10/4/63,6/17/89,1/1/99,Engineer
226971,Taegyun,Rosin,5/6/63,10/30/98,1/1/99,Senior Staff
226980,Jeanna,Thiran,8/7/63,7/22/97,1/1/99,Staff
226981,Maria,Huxford,3/24/62,6/16/88,1/1/99,Engineer
226988,Kazuyasu,Riefers,2/1/64,12/8/99,1/1/99,Senior Staff
226989,Eric,Gadepally,9/30/64,5/1/88,1/1/99,Engineer
226990,Tomofumi,Awdeh,8/23/64,9/26/96,1/1/99,Staff
226994,Vojin,Kuhnemann,3/17/64,1/24/93,1/1/99,Senior Staff
227010,Maris,Zallocco,10/2/62,5/25/96,1/1/99,Staff
227012,Alexius,Stafford,11/29/64,2/18/85,1/1/99,Senior Staff
227013,Yannik,Uehara,9/8/63,4/4/89,1/1/99,Staff
227016,IEEE,Peha,11/21/62,12/3/87,1/1/99,Engineer
227018,Hauke,Majewski,6/26/62,12/29/97,1/1/99,Technique Leader
227021,Mayuri,Morris,7/1/63,12/20/86,1/1/99,Senior Engineer
227033,Mihalis,Calkin,6/18/63,6/27/88,1/1/99,Senior Engineer
227051,Bluma,Kavraki,12/5/62,8/22/89,1/1/99,Staff
227052,Macha,Calkin,3/7/63,10/6/99,1/1/99,Staff
227056,Hidde,Baja,3/12/62,9/19/93,1/1/99,Senior Engineer
227061,Kellie,Stemann,9/2/64,10/26/87,1/1/99,Senior Staff
227066,Kristian,Sundgren,9/12/62,11/7/98,1/1/99,Staff
227075,Shiv,Marletta,9/2/64,2/9/93,1/1/99,Senior Engineer
227079,Serif,Litzler,6/19/64,2/23/95,1/1/99,Engineer
227088,Zine,Geffroy,12/22/63,2/12/95,1/1/99,Senior Staff
227091,Selwyn,Butterworth,11/23/62,10/12/85,1/1/99,Staff
227092,Chanjung,Ranka,5/15/62,7/7/92,1/1/99,Staff
227098,Diederik,Lammel,11/24/63,10/2/96,1/1/99,Engineer
227100,Tamiya,Hanratty,11/30/62,11/23/90,1/1/99,Technique Leader
227105,Elzbieta,Gluchowski,4/30/62,12/24/97,1/1/99,Staff
227112,Mostafa,Setlzner,1/15/64,3/24/97,1/1/99,Engineer
227117,Susanta,Birsak,10/20/62,11/10/98,1/1/99,Engineer
227122,Bedir,Furudate,7/24/63,5/18/91,1/1/99,Engineer
227128,Teruyuki,Claffy,1/20/62,6/6/97,1/1/99,Staff
227131,Sadok,Joslin,8/3/62,6/9/98,1/1/99,Engineer
227137,Zongyan,Lores,2/24/63,8/11/98,1/1/99,Assistant Engineer
227141,Arvin,Basart,7/21/64,9/15/99,1/1/99,Engineer
227145,Munir,Fortenbacher,4/19/64,11/12/90,1/1/99,Technique Leader
227147,Yucel,Servieres,10/9/63,1/9/00,1/1/99,Staff
227151,Shaibal,Erev,8/9/64,10/22/91,1/1/99,Senior Staff
227168,Rimli,Irland,2/25/64,7/21/88,1/1/99,Senior Engineer
227169,Alexius,Schade,11/28/62,7/9/94,1/1/99,Engineer
227170,Atreyi,Mawatari,10/5/62,4/11/88,1/1/99,Senior Engineer
227174,Fei,Perez,10/12/63,11/17/87,1/1/99,Senior Engineer
227176,Ebru,Demeyer,10/31/64,1/11/86,1/1/99,Senior Staff
227180,Uma,Schmiedel,12/30/62,12/5/92,1/1/99,Engineer
227184,Pragnesh,Henseler,1/17/62,5/25/85,1/1/99,Senior Engineer
227192,Shuky,Gente,8/6/64,1/6/92,1/1/99,Engineer
227194,Zita,Rosar,1/12/62,10/29/97,1/1/99,Senior Engineer
227197,Satosi,Tramer,3/30/62,9/6/96,1/1/99,Engineer
227198,Aloys,Oaver,9/23/62,3/27/87,1/1/99,Senior Engineer
227204,Branimir,Velasco,4/10/63,4/17/94,1/1/99,Senior Engineer
227206,Mariangiola,Ohori,8/10/64,1/14/98,1/1/99,Engineer
227208,Kristinn,Daescu,9/16/64,11/16/89,1/1/99,Staff
227216,Munehiro,Sridhar,2/19/63,8/20/90,1/1/99,Engineer
227224,Ute,Fasbender,6/23/63,9/28/86,1/1/99,Senior Engineer
227231,Aloke,Picco,2/20/62,7/3/98,1/1/99,Engineer
227236,Deniz,Millington,9/19/63,11/23/87,1/1/99,Senior Engineer
227237,Niteen,Yamaashi,12/21/62,6/9/89,1/1/99,Staff
227241,Khaled,Comyn,6/29/62,9/11/95,1/1/99,Senior Staff
227243,Shuho,Thorelli,12/27/64,4/8/88,1/1/99,Senior Engineer
227246,Kamran,Rosaz,11/10/64,8/4/86,1/1/99,Staff
227251,Domenick,Broder,5/29/62,1/20/90,1/1/99,Senior Staff
227253,Gennadi,Setia,10/11/63,12/2/00,1/1/99,Engineer
227265,Eishiro,Nitta,11/3/62,7/14/90,1/1/99,Senior Staff
227266,Jaewon,Malabarba,7/20/64,1/15/99,1/1/99,Engineer
227267,Mang,Melichar,4/19/63,8/4/88,1/1/99,Senior Engineer
227269,Valeska,Ghelli,1/26/63,2/6/87,1/1/99,Senior Engineer
227270,Junichi,Pena,3/12/63,1/10/99,1/1/99,Staff
227274,Chenxi,Heusch,4/18/64,6/23/96,1/1/99,Staff
227279,Augustine,Maraist,6/27/64,5/30/94,1/1/99,Senior Engineer
227284,Dulce,Fujisawa,6/3/63,8/25/99,1/1/99,Staff
227288,Bangqing,Coullard,2/11/64,12/29/99,1/1/99,Staff
227291,Aris,Spataro,2/18/63,7/1/99,1/1/99,Engineer
227300,Jinya,Fiutem,5/20/63,10/8/89,1/1/99,Senior Engineer
227301,Heng,Debuse,1/19/62,5/7/95,1/1/99,Senior Engineer
227307,Zine,Joslin,8/10/62,2/12/93,1/1/99,Engineer
227312,Aluzio,Dalton,7/30/63,12/27/92,1/1/99,Senior Staff
227314,Muzhong,Sethi,6/19/63,3/22/98,1/1/99,Engineer
227329,Ingmar,Syrotiuk,9/16/63,12/26/97,1/1/99,Staff
227331,Syozo,Sichman,2/19/64,7/22/89,1/1/99,Senior Engineer
227334,Conrado,Ramamoorthy,8/20/62,8/13/95,1/1/99,Engineer
227335,Holgard,Vecchi,8/1/63,5/28/86,1/1/99,Senior Staff
227336,Shim,Binding,4/28/64,8/11/96,1/1/99,Staff
227337,Feipei,Kusakabe,2/18/63,7/6/89,1/1/99,Staff
227340,Kshitij,Duclos,2/12/62,6/6/93,1/1/99,Senior Engineer
227343,Irene,Lorin,10/27/63,9/17/94,1/1/99,Senior Staff
227354,Gio,Murtha,1/12/65,11/11/86,1/1/99,Engineer
227355,Niranjan,Merks,6/1/62,12/25/96,1/1/99,Senior Engineer
227364,Palash,Stasinski,7/21/64,8/3/00,1/1/99,Engineer
227368,Phuoc,Benveniste,2/19/64,3/27/85,1/1/99,Senior Engineer
227369,Vasilis,Bierman,8/15/63,1/19/95,1/1/99,Assistant Engineer
227374,Rayond,Tanemo,5/29/63,5/31/99,1/1/99,Engineer
227377,Heng,Schlumberger,2/4/63,2/15/90,1/1/99,Senior Engineer
227379,Martine,Luders,8/15/63,7/24/95,1/1/99,Senior Staff
227380,Danel,Meriste,7/8/63,1/20/98,1/1/99,Technique Leader
227406,Marie,Schrooten,5/7/64,2/24/95,1/1/99,Staff
227414,Ger,Remmers,1/12/63,3/11/94,1/1/99,Staff
227426,Paloma,Awdeh,12/4/64,12/10/95,1/1/99,Engineer
227428,Gully,Serot,9/27/62,11/19/99,1/1/99,Assistant Engineer
227434,Sajjan,Bouloucos,12/23/64,2/18/91,1/1/99,Staff
227436,Along,Pena,9/18/64,3/13/88,1/1/99,Engineer
227446,Mitsuyuki,Toyoshima,8/6/63,2/21/98,1/1/99,Engineer
227449,Odysseas,Toyoshima,5/12/64,9/6/89,1/1/99,Engineer
227458,Masamitsu,Birrer,9/18/63,3/26/94,1/1/99,Senior Engineer
227467,Sedat,Osgood,7/13/63,5/26/85,1/1/99,Senior Engineer
227468,Martina,Deverell,7/31/63,3/10/98,1/1/99,Engineer
227474,Mona,Kirkerud,1/25/64,4/22/87,1/1/99,Senior Staff
227476,Macha,Schnabel,1/11/65,5/11/88,1/1/99,Senior Engineer
227480,Prasadram,Janocha,7/30/62,10/29/93,1/1/99,Senior Staff
227481,Patricio,Peres,7/12/64,10/20/93,1/1/99,Senior Staff
227485,Kiyomitsu,Denos,8/14/64,6/15/99,1/1/99,Staff
227499,Bangqing,Benner,6/22/63,6/13/88,1/1/99,Engineer
227504,Ziyad,Zeidenstein,11/22/62,2/10/86,1/1/99,Staff
227505,Niteen,Gimbel,6/17/63,2/6/96,1/1/99,Engineer
227509,Almudena,Markovitch,9/16/63,9/4/87,1/1/99,Senior Staff
227512,Constantine,Krone,3/23/63,9/29/92,1/1/99,Engineer
227516,Richara,Pelz,11/9/64,5/23/97,1/1/99,Engineer
227519,Juichirou,Petereit,9/22/64,12/5/87,1/1/99,Senior Staff
227520,Feixiong,Cairo,8/19/62,7/10/98,1/1/99,Staff
227525,Mechthild,Lunt,8/13/62,4/4/90,1/1/99,Senior Staff
227529,Shigehito,Gajiwala,5/28/63,2/14/85,1/1/99,Senior Engineer
227535,Nahid,Hofting,1/30/64,11/4/97,1/1/99,Staff
227536,Jamaludin,Pileggi,11/27/62,8/16/01,1/1/99,Staff
227537,Karoline,Boudaillier,5/25/63,2/27/93,1/1/99,Staff
227541,Marco,Hiyoshi,8/30/64,1/13/00,1/1/99,Engineer
227546,Mingdong,Pavlopoulou,7/9/62,2/9/02,1/1/99,Engineer
227547,Yakkov,Fraisse,1/13/62,6/28/87,1/1/99,Senior Staff
227552,Vasiliy,Reinhard,12/16/63,1/21/94,1/1/99,Staff
227556,Candido,Michaeli,3/21/63,5/9/99,1/1/99,Senior Staff
227569,Adel,Lunn,10/29/62,9/19/88,1/1/99,Senior Staff
227570,Berni,Tchuente,1/19/64,11/23/95,1/1/99,Engineer
227576,Gor,Katiyar,1/12/63,2/20/97,1/1/99,Staff
227587,Bedir,Whitcomb,4/26/64,2/14/89,1/1/99,Senior Staff
227597,Byong,Vendrig,6/13/63,6/30/89,1/1/99,Senior Staff
227598,Fayez,Laurillard,11/13/63,9/13/97,1/1/99,Senior Engineer
227600,Ioana,Jarecki,10/16/62,11/14/87,1/1/99,Senior Staff
227605,Mitsuyuki,Erdi,8/21/63,4/5/87,1/1/99,Senior Staff
227616,Tzvetan,Woycyznski,8/29/63,12/16/90,1/1/99,Senior Engineer
227625,Foong,Rusmann,3/2/63,3/31/91,1/1/99,Staff
227631,Takahiro,Bernatsky,12/5/64,3/1/94,1/1/99,Senior Engineer
227632,Eben,Munos,3/18/63,9/5/90,1/1/99,Senior Engineer
227633,Gian,Itzfeldt,7/17/62,1/29/94,1/1/99,Staff
227636,Weidon,Ghelli,3/2/64,4/7/85,1/1/99,Senior Staff
227641,Krassimir,Hasham,8/11/64,7/11/94,1/1/99,Senior Staff
227664,Ottavia,Facello,10/11/63,9/23/90,1/1/99,Staff
227671,Alexius,Restivo,3/19/64,7/21/85,1/1/99,Senior Engineer
227673,Carrsten,Sidje,2/22/62,9/6/96,1/1/99,Engineer
227679,Roded,Heping,11/9/64,9/2/96,1/1/99,Senior Staff
227681,Mikhail,Rousseau,1/30/65,11/30/98,1/1/99,Staff
227686,Sajjan,Pena,2/25/64,4/25/86,1/1/99,Engineer
227700,Minghong,Skafidas,8/8/62,10/29/94,1/1/99,Technique Leader
227718,Mariusz,Gaughan,10/19/63,1/5/02,1/1/99,Staff
227719,Divine,Speel,7/29/62,7/25/86,1/1/99,Assistant Engineer
227725,Peternela,Aamodt,11/26/64,3/26/95,1/1/99,Technique Leader
227747,Shaleah,Malinowski,3/30/63,6/17/93,1/1/99,Senior Engineer
227748,Atilio,Lanzelotte,7/2/64,2/28/94,1/1/99,Staff
227751,Arvind,Munch,9/4/62,6/2/89,1/1/99,Senior Staff
227753,Alper,Schieder,11/1/63,8/24/90,1/1/99,Staff
227755,Lein,Lorys,6/15/63,11/27/96,1/1/99,Staff
227758,Fox,Guting,8/15/64,9/7/98,1/1/99,Senior Staff
227763,Leen,Comyn,12/4/63,7/31/88,1/1/99,Engineer
227768,Lenore,Worfolk,12/8/64,3/26/88,1/1/99,Technique Leader
227774,Guozhong,Edelhoff,4/4/62,1/5/92,1/1/99,Senior Staff
227776,Xinglin,Murillo,9/18/63,4/16/01,1/1/99,Staff
227794,Nikolaos,Terlouw,3/25/64,9/23/85,1/1/99,Engineer
227799,Hyuncheol,Schwartzburd,11/9/63,3/20/91,1/1/99,Staff
227802,Yuguang,Usery,12/26/62,5/15/94,1/1/99,Senior Engineer
227805,Zhonghua,Murtagh,9/3/62,11/13/95,1/1/99,Staff
227813,Karsten,Prenel,2/19/64,11/20/90,1/1/99,Senior Engineer
227814,Marke,Levasseur,3/21/63,7/24/85,1/1/99,Senior Staff
227824,Souichi,Schneeberger,12/23/62,10/23/90,1/1/99,Staff
227826,Seongbin,Bednarek,4/16/64,8/12/87,1/1/99,Engineer
227831,Khedija,Kruskal,6/18/64,7/28/89,1/1/99,Senior Staff
227832,Lalit,Christianini,6/4/64,2/3/93,1/1/99,Senior Staff
227833,Oldrich,Encarnacion,10/11/62,8/14/96,1/1/99,Staff
227840,Berry,Alpin,2/12/62,6/28/98,1/1/99,Staff
227841,Pramod,Itzfeldt,5/1/62,2/23/93,1/1/99,Senior Staff
227848,Shigeaki,Itzfeldt,8/22/63,1/29/02,1/1/99,Senior Staff
227851,Bezalel,Krichel,5/28/63,5/11/87,1/1/99,Engineer
227852,Jovan,Simmen,11/14/64,1/19/98,1/1/99,Engineer
227855,Rimli,Lukaszewicz,11/21/64,2/7/89,1/1/99,Senior Engineer
227856,Shounak,Shiratori,6/16/62,7/20/86,1/1/99,Senior Engineer
227858,Troy,Shiratori,7/3/63,10/6/90,1/1/99,Senior Engineer
227859,Domenick,Segond,11/22/63,5/12/92,1/1/99,Staff
227863,Shahid,Ducloy,10/22/64,11/1/85,1/1/99,Staff
227881,Ebru,Gill,4/13/64,5/27/89,1/1/99,Staff
227884,Geoffrey,Mawatari,8/25/62,7/5/86,1/1/99,Senior Engineer
227899,Garnik,Luce,1/23/65,9/15/98,1/1/99,Staff
227901,Francesca,Azuma,1/26/65,6/8/96,1/1/99,Senior Staff
227902,Arup,Meszaros,10/14/64,1/24/99,1/1/99,Engineer
227912,Cathie,Turnbull,4/30/63,6/5/94,1/1/99,Senior Staff
227922,Vasilis,Hofman,7/10/63,8/20/94,1/1/99,Engineer
227927,Rosine,Delgrossi,10/16/62,2/19/91,1/1/99,Senior Staff
227945,Terresa,Ozeki,8/5/63,6/24/94,1/1/99,Engineer
227946,Ewing,Manders,1/20/63,5/7/89,1/1/99,Engineer
227949,Shigenori,Kulisch,3/4/64,8/2/97,1/1/99,Engineer
227951,Guadalupe,Serre,6/4/63,1/25/97,1/1/99,Engineer
227952,Stevo,Perng,9/20/64,2/25/87,1/1/99,Senior Staff
227953,Falguni,Swen,12/16/64,8/10/87,1/1/99,Staff
227965,Ramachenga,Syrotiuk,2/17/64,4/23/88,1/1/99,Engineer
227971,Halsur,Viele,10/2/63,7/25/90,1/1/99,Staff
227974,Michaela,Dulli,5/19/64,11/18/89,1/1/99,Senior Engineer
227975,Atreye,Feinberg,10/30/64,10/3/92,1/1/99,Senior Engineer
227982,Sampalli,Kenevan,7/17/64,3/8/95,1/1/99,Staff
227999,Eldridge,Hellwagner,1/11/62,1/14/92,1/1/99,Engineer
228007,Teiji,Jumpertz,6/25/62,5/5/93,1/1/99,Engineer
228009,Lillian,Spell,3/2/62,12/20/98,1/1/99,Staff
228011,Elvis,Keustermans,3/6/62,1/19/98,1/1/99,Engineer
228015,Arnould,Eugenio,10/20/62,6/7/89,1/1/99,Senior Engineer
228021,Behnaam,Krupka,1/26/62,12/14/96,1/1/99,Senior Staff
228022,Takahito,Bolsens,12/9/64,10/8/93,1/1/99,Senior Staff
228031,Khaled,Radhakrishnan,1/14/62,9/25/99,1/1/99,Engineer
228032,Gal,Renear,10/12/64,11/2/95,1/1/99,Engineer
228036,Arunas,Rettelbach,12/25/63,5/21/86,1/1/99,Engineer
228038,Nahid,Azuma,5/21/64,5/7/96,1/1/99,Staff
228039,Uli,Azumi,11/8/64,6/15/94,1/1/99,Engineer
228041,Izaskun,Selvestrel,2/27/64,1/30/87,1/1/99,Engineer
228050,Jacopo,Zongker,6/17/62,9/23/96,1/1/99,Engineer
228055,Giap,Hanabata,3/10/64,5/19/96,1/1/99,Senior Staff
228057,Etsuo,Stellhorn,1/29/64,12/16/94,1/1/99,Staff
228063,Kokou,Matzel,10/23/64,4/6/85,1/1/99,Engineer
228076,Jinpo,Zaumen,8/11/62,7/8/97,1/1/99,Staff
228077,Noritoshi,Lanzelotte,10/17/64,7/10/92,1/1/99,Technique Leader
228081,Shmuel,Steenbeek,7/8/64,5/14/86,1/1/99,Staff
228083,Yunming,Slobodova,9/27/62,12/14/93,1/1/99,Senior Staff
228092,Anneke,Conry,8/22/64,9/16/99,1/1/99,Engineer
228094,Utpal,Speek,7/7/64,4/3/94,1/1/99,Senior Engineer
228098,IEEE,Kroll,1/18/65,2/17/98,1/1/99,Engineer
228099,Subhash,Range,3/20/64,12/27/96,1/1/99,Senior Engineer
228101,Brendon,Minakawa,12/23/62,5/26/98,1/1/99,Engineer
228108,Ronghao,Murtafg,10/15/62,4/23/95,1/1/99,Staff
228110,Baoqiu,Kriebel,11/17/62,5/21/87,1/1/99,Senior Staff
228114,Fan,Sundgren,1/20/63,9/27/95,1/1/99,Staff
228118,Hyuckchul,Lindenbaum,8/26/64,4/18/97,1/1/99,Staff
228125,Pohua,Bharadwaj,2/26/62,8/3/99,1/1/99,Staff
228128,Shuky,Katiyar,9/11/64,3/19/89,1/1/99,Staff
228140,Mang,Terkki,10/14/63,9/8/93,1/1/99,Staff
228143,Mamdouh,Weedman,11/8/63,12/15/99,1/1/99,Senior Staff
228151,Gadiel,Schreiter,8/16/64,7/7/90,1/1/99,Senior Engineer
228157,Niclas,Conti,2/22/63,11/12/88,1/1/99,Senior Engineer
228158,Eran,Uhrig,11/8/62,4/23/89,1/1/99,Staff
228159,Taegyun,Sury,11/7/62,9/17/90,1/1/99,Staff
228168,Subhankar,Morton,10/25/63,1/29/00,1/1/99,Staff
228169,Sahrah,Suessmith,7/25/62,6/18/91,1/1/99,Technique Leader
228170,Jasminko,Jeong,11/16/62,3/10/99,1/1/99,Staff
228172,Fumitake,Cannane,1/19/64,6/29/99,1/1/99,Senior Engineer
228181,Claude,Dehkordi,4/19/62,7/7/88,1/1/99,Engineer
228195,Kish,Krider,8/13/62,6/3/90,1/1/99,Engineer
228201,Ziyad,Grabner,9/28/62,8/10/93,1/1/99,Senior Staff
228206,Heping,Farrow,8/18/64,12/29/85,1/1/99,Senior Engineer
228216,Maris,Iacovou,11/30/63,8/14/01,1/1/99,Engineer
228217,Khedija,Luke,4/12/64,3/18/94,1/1/99,Senior Staff
228221,Mrinalini,Koyama,11/5/62,3/12/99,1/1/99,Engineer
228234,Divine,Conta,1/19/63,10/9/86,1/1/99,Engineer
228248,Yuriy,Plump,1/9/65,9/8/88,1/1/99,Staff
228251,Aiman,Hiyoshi,5/13/64,2/21/95,1/1/99,Engineer
228252,Felicidad,Bellmore,2/7/62,4/27/88,1/1/99,Staff
228253,Eckart,Sinitsyn,7/23/62,12/28/95,1/1/99,Engineer
228274,Seongbae,Siepmann,11/4/63,9/7/89,1/1/99,Senior Staff
228275,Tetsushi,Syrzycki,5/10/62,4/23/96,1/1/99,Technique Leader
228281,Willard,Saoudi,11/13/63,12/4/85,1/1/99,Senior Engineer
228289,Jianhua,Bugrara,4/15/64,5/8/99,1/1/99,Technique Leader
228297,Guiseppe,Huxford,4/4/63,3/16/95,1/1/99,Senior Engineer
228298,Niteen,Shackell,12/21/64,10/13/89,1/1/99,Senior Engineer
228309,Lakshmi,Remmers,8/23/63,6/21/95,1/1/99,Engineer
228326,Moto,Luon,11/7/63,5/30/90,1/1/99,Senior Engineer
228328,Zeljko,Nanard,5/31/64,12/8/98,1/1/99,Staff
228332,Hugh,Demri,2/3/63,9/6/96,1/1/99,Senior Engineer
228339,Vishwani,Businaro,1/26/63,11/14/90,1/1/99,Senior Engineer
228342,Xiahua,Sadowski,1/14/63,9/11/96,1/1/99,Engineer
228360,Manohar,Brookner,3/15/64,11/14/86,1/1/99,Engineer
228363,Honglan,Suwa,1/23/64,5/16/96,1/1/99,Engineer
228364,Alain,Baja,12/18/64,10/24/91,1/1/99,Senior Engineer
228369,Aamer,Lemarechal,3/12/62,5/17/98,1/1/99,Engineer
228370,Arun,Szmurlo,5/1/62,8/2/90,1/1/99,Senior Engineer
228382,Arlette,Kabayashi,4/7/64,12/22/96,1/1/99,Senior Engineer
228384,Cathie,Shimshoni,4/7/63,12/17/93,1/1/99,Staff
228388,Ramzi,Wuwongse,10/24/64,7/8/87,1/1/99,Technique Leader
228389,Bernt,Juneja,9/8/63,3/23/89,1/1/99,Senior Staff
228390,Takanari,Crelier,5/28/63,7/10/94,1/1/99,Engineer
228392,Junsik,Falck,10/24/62,11/1/86,1/1/99,Senior Staff
228397,Masasuke,Szemeredi,9/22/62,7/16/88,1/1/99,Senior Staff
228400,Valter,Lortz,6/28/62,10/21/93,1/1/99,Engineer
228406,Saddek,Kroll,9/6/62,7/17/99,1/1/99,Staff
228408,Bokyung,Debuse,7/14/64,12/15/89,1/1/99,Senior Staff
228410,Yongmao,Noriega,12/31/64,2/14/99,1/1/99,Engineer
228415,Jacqueline,Improta,12/7/64,9/17/98,1/1/99,Senior Engineer
228418,Kersti,Baaleh,5/26/64,8/8/85,1/1/99,Senior Engineer
228428,Lijia,Kriebel,4/21/62,3/31/99,1/1/99,Assistant Engineer
228437,Toshiki,Penn,2/3/63,10/2/96,1/1/99,Senior Engineer
228439,Raimond,Erev,10/28/63,2/10/97,1/1/99,Staff
228440,Sudharsan,Mahnke,2/1/62,4/13/94,1/1/99,Senior Staff
228443,Sigeru,Bellone,1/18/64,1/15/87,1/1/99,Engineer
228445,Janche,Kilgour,12/31/63,9/12/01,1/1/99,Staff
228447,JoAnne,Zhiwei,9/17/62,1/1/00,1/1/99,Engineer
228453,Przemyslawa,Juneja,2/16/62,1/17/92,1/1/99,Staff
228455,Lobel,Massonet,12/7/64,9/2/91,1/1/99,Senior Staff
228458,Jahangir,Coorg,10/14/64,12/25/94,1/1/99,Staff
228469,Bernice,Schwaller,10/30/62,5/28/98,1/1/99,Engineer
228471,Kristine,Socorro,6/16/63,6/27/95,1/1/99,Engineer
228479,Christfried,Deville,1/30/63,2/17/89,1/1/99,Senior Staff
228483,Marl,Stentiford,4/4/62,1/11/95,1/1/99,Senior Engineer
228489,Maren,Nourani,5/10/63,5/4/87,1/1/99,Staff
228491,Toney,Beausoleil,8/10/64,7/6/95,1/1/99,Engineer
228493,Bilhanan,Underwood,2/28/62,1/22/92,1/1/99,Senior Staff
228499,Susuma,Famili,10/17/62,6/22/91,1/1/99,Staff
228508,Tesuro,Nyrup,11/19/64,2/16/86,1/1/99,Senior Staff
228510,Jongsuk,Lichtman,12/21/64,12/27/86,1/1/99,Senior Engineer
228516,Ortrun,Schapiro,2/10/63,2/15/94,1/1/99,Senior Staff
228521,Yuichiro,Pettit,6/24/62,4/12/00,1/1/99,Senior Engineer
228522,Luise,Straney,10/8/64,9/6/97,1/1/99,Engineer
228525,Valeri,Ozeri,4/26/63,9/24/96,1/1/99,Staff
228527,Bilhanan,Hanratty,2/4/64,2/4/90,1/1/99,Staff
228532,Yakkov,Katalagarianos,2/26/64,4/2/85,1/1/99,Senior Staff
228536,Houman,Iwayama,11/20/63,4/13/88,1/1/99,Senior Staff
228538,Adel,Zeleznik,3/3/63,9/22/99,1/1/99,Engineer
228549,Gor,Merks,6/30/64,5/3/99,1/1/99,Engineer
228551,Juichirou,Dengi,8/13/63,2/23/87,1/1/99,Staff
228554,Bilhanan,Brendel,1/3/65,12/23/90,1/1/99,Senior Staff
228560,Ute,Sewelson,8/19/62,10/12/99,1/1/99,Staff
228562,Hsiangchu,Sichman,10/18/64,8/28/96,1/1/99,Engineer
228568,Seongbin,Staylopatis,4/16/62,3/29/97,1/1/99,Senior Engineer
228571,Udi,Brender,2/2/64,10/17/95,1/1/99,Senior Staff
228577,Sastry,Argence,1/11/64,7/8/89,1/1/99,Senior Engineer
228579,Teruyuki,Cesareni,6/17/62,12/7/86,1/1/99,Staff
228592,Zhongwei,McAffer,12/14/62,6/25/85,1/1/99,Staff
228593,Sanjit,Brandsma,8/18/63,1/11/89,1/1/99,Engineer
228594,Annemarie,Zielinski,6/4/62,1/21/91,1/1/99,Senior Staff
228608,Rimon,Boguraev,1/2/64,8/21/93,1/1/99,Senior Staff
228611,Mabhin,Bazelow,5/23/64,1/13/99,1/1/99,Engineer
228616,Kristine,Bhattacharjee,8/11/62,10/24/92,1/1/99,Senior Engineer
228618,Ortrun,Crelier,12/16/63,5/19/92,1/1/99,Senior Staff
228619,Clyde,Milicia,5/11/63,7/30/02,1/1/99,Engineer
228625,Zhenbing,Perri,2/11/62,10/27/95,1/1/99,Senior Staff
228629,Gor,Litzler,4/15/62,12/10/97,1/1/99,Engineer
228630,Yuping,Marsiglia,6/19/63,5/10/94,1/1/99,Engineer
228633,Sushant,Negoita,4/10/64,8/5/95,1/1/99,Senior Staff
228639,Weiye,Underwood,4/29/64,5/5/88,1/1/99,Senior Staff
228641,Makato,Brandsma,2/28/62,11/30/97,1/1/99,Engineer
228648,Mountaz,Takanami,11/10/64,5/31/88,1/1/99,Staff
228659,Junsik,Maccarone,11/2/63,2/18/96,1/1/99,Engineer
228664,Valery,Janocha,2/1/62,4/4/88,1/1/99,Senior Staff
228677,Hein,Servieres,1/28/62,9/9/87,1/1/99,Staff
228682,Deniz,Crelier,2/4/62,9/5/85,1/1/99,Senior Staff
228684,Teiji,Dymetman,10/24/63,2/24/99,1/1/99,Engineer
228695,Shirish,Lubachevsky,2/13/63,3/27/94,1/1/99,Senior Engineer
228696,Subhash,Meriste,1/9/62,4/28/93,1/1/99,Technique Leader
228704,Conal,Lamma,4/26/62,8/15/86,1/1/99,Engineer
228708,Yuguang,Karner,5/6/62,9/7/86,1/1/99,Engineer
228709,Randy,Benantar,1/6/64,7/13/85,1/1/99,Senior Staff
228710,Premal,Krogh,10/10/63,11/1/99,1/1/99,Senior Staff
228722,Ung,Simmen,11/21/62,1/10/98,1/1/99,Technique Leader
228729,Jackson,Baik,11/8/63,1/1/87,1/1/99,Assistant Engineer
228732,Geoffry,Pouyioutas,5/17/62,6/2/00,1/1/99,Staff
228736,Xianlong,Rahier,10/21/62,6/1/98,1/1/99,Staff
228738,Jasminko,Azevdeo,3/2/62,1/10/96,1/1/99,Engineer
228747,Jiann,Szmurlo,7/9/62,9/17/94,1/1/99,Assistant Engineer
228756,Shawna,Chandrasekhar,1/14/62,9/20/93,1/1/99,Staff
228761,Nahla,Mersereau,5/17/63,10/3/87,1/1/99,Engineer
228764,Mohammed,Rajcani,11/28/62,7/9/98,1/1/99,Senior Engineer
228766,Nahla,Smailagic,1/11/65,2/12/93,1/1/99,Engineer
228784,Lubomir,Chenney,1/5/64,6/23/93,1/1/99,Senior Engineer
228787,Supot,Solares,7/12/64,1/23/92,1/1/99,Senior Staff
228788,Saddek,Lammel,5/6/62,2/1/86,1/1/99,Senior Engineer
228796,Jayesh,Undy,10/1/64,3/5/00,1/1/99,Technique Leader
228797,Mohammad,McClure,12/16/63,8/22/94,1/1/99,Senior Staff
228805,Matt,Perry,2/10/62,11/16/91,1/1/99,Senior Staff
228813,Lalit,Randi,11/2/62,2/22/85,1/1/99,Senior Engineer
228820,Sugwoo,Sluis,1/29/62,10/3/90,1/1/99,Engineer
228826,Vitaly,Ginesta,7/16/62,7/10/94,1/1/99,Senior Staff
228835,Jianhui,Hebden,9/17/64,3/28/90,1/1/99,Senior Staff
228837,Avishai,Alencar,9/16/63,2/19/93,1/1/99,Engineer
228841,Adly,Cromarty,6/25/64,1/4/95,1/1/99,Engineer
228854,Arvind,Rossi,6/30/63,8/24/90,1/1/99,Senior Staff
228856,Shay,Bressoud,7/24/64,10/4/94,1/1/99,Staff
228864,Toshimo,Furudate,5/16/64,9/30/90,1/1/99,Engineer
228867,Yinghua,Detkin,8/27/63,6/2/96,1/1/99,Senior Engineer
228870,Shuzo,Czap,6/23/63,8/13/87,1/1/99,Senior Engineer
228871,Elzbieta,Pluym,10/7/62,2/21/94,1/1/99,Senior Engineer
228878,Prasadram,Muhlberg,11/2/63,7/16/98,1/1/99,Assistant Engineer
228882,Xiong,Guting,4/24/64,4/11/92,1/1/99,Staff
228885,Goh,Nitsch,9/13/63,5/28/90,1/1/99,Engineer
228901,Inderjeet,Couchot,3/10/64,9/18/96,1/1/99,Engineer
228907,Lidong,Matzat,1/12/64,10/6/93,1/1/99,Engineer
228908,Candida,Rissland,11/18/63,8/22/90,1/1/99,Senior Engineer
228911,Somnath,Cannard,4/9/64,3/22/96,1/1/99,Engineer
228914,Martien,Baez,8/15/64,12/13/90,1/1/99,Senior Engineer
228915,Trygve,Denny,1/5/64,9/21/91,1/1/99,Staff
228937,Magy,Binkley,7/25/64,5/23/85,1/1/99,Senior Engineer
228953,Sastry,Schmezko,2/6/62,6/7/94,1/1/99,Engineer
228955,Jianhui,Cincotta,12/16/63,1/5/86,1/1/99,Senior Staff
228970,Fumiyo,Czap,3/7/64,9/4/92,1/1/99,Senior Engineer
228979,Sariel,Miculan,9/4/62,6/20/91,1/1/99,Senior Staff
228981,Berni,Einsfeld,10/31/64,5/5/92,1/1/99,Staff
228983,Mario,Azevdeo,7/31/64,7/30/91,1/1/99,Engineer
228988,Oldrich,Serna,12/23/62,5/3/98,1/1/99,Staff
228996,Rimli,Schieder,6/29/63,12/11/94,1/1/99,Technique Leader
228998,Adil,Anger,6/20/64,7/23/01,1/1/99,Senior Engineer
229008,Odysseas,Rothe,8/2/63,4/16/93,1/1/99,Senior Engineer
229012,Shuky,Taubenfeld,5/23/63,4/28/92,1/1/99,Senior Staff
229014,IEEE,Dolinsky,11/11/62,11/24/92,1/1/99,Senior Staff
229020,Naraig,Hennebert,11/22/62,2/18/94,1/1/99,Senior Engineer
229029,Tadanori,Kandlur,9/22/62,9/8/87,1/1/99,Senior Engineer
229030,Yannik,Ladret,10/3/63,12/28/93,1/1/99,Senior Engineer
229042,Deborah,Karnin,7/22/62,2/16/90,1/1/99,Senior Engineer
229050,Ingmar,Spinelli,9/24/64,2/27/96,1/1/99,Staff
229054,Theron,Gadepally,10/12/64,8/7/86,1/1/99,Senior Engineer
229056,Abdelghani,Keohane,11/28/64,6/1/85,1/1/99,Senior Staff
229057,Uriel,Michaeli,3/3/64,7/18/90,1/1/99,Staff
229065,Gal,Ghelli,5/10/62,5/27/96,1/1/99,Engineer
229066,Kristinn,Bernardeschi,5/18/63,10/29/96,1/1/99,Senior Staff
229076,Waiman,Solovay,4/21/63,2/26/85,1/1/99,Staff
229077,Ewing,Busillo,6/30/63,4/22/85,1/1/99,Senior Engineer
229083,Hugh,Pews,3/13/64,2/6/94,1/1/99,Senior Staff
229085,Guther,Chleq,7/28/62,4/16/86,1/1/99,Senior Engineer
229086,Arup,Benzaken,3/27/64,7/19/92,1/1/99,Technique Leader
229087,Moon,Bratsberg,6/7/64,12/7/97,1/1/99,Assistant Engineer
229090,Shaowen,Kawashimo,10/10/63,12/20/91,1/1/99,Engineer
229091,Kamran,Anger,9/16/63,5/16/99,1/1/99,Staff
229094,Fayez,Pell,10/30/64,7/22/95,1/1/99,Engineer
229098,Berry,Yurek,1/8/65,8/16/95,1/1/99,Senior Staff
229104,Augustine,Braccini,6/23/62,2/5/88,1/1/99,Senior Staff
229109,Atilio,Bahi,2/16/64,7/22/91,1/1/99,Senior Engineer
229116,Moty,Oehlmann,4/19/63,9/21/85,1/1/99,Senior Staff
229117,Divine,Frolund,7/30/64,3/20/93,1/1/99,Senior Engineer
229125,Heon,Negoita,4/22/64,4/20/95,1/1/99,Senior Staff
229130,Gao,Alvarado,2/13/64,2/14/92,1/1/99,Senior Engineer
229132,Poornachandra,Srimani,2/17/62,5/27/87,1/1/99,Senior Engineer
229140,Divine,Clouatre,1/22/64,4/12/90,1/1/99,Engineer
229153,Tzvetan,Uehara,12/25/62,4/11/93,1/1/99,Senior Engineer
229156,Yuqun,Senzako,12/16/64,6/17/95,1/1/99,Senior Staff
229159,Vishv,Cannane,8/12/62,12/23/87,1/1/99,Senior Engineer
229160,Kerryn,Alvarado,12/27/62,1/27/88,1/1/99,Senior Staff
229167,Holgard,Negoita,7/19/63,7/11/93,1/1/99,Senior Staff
229168,Bikash,Nastansky,10/15/62,7/5/91,1/1/99,Senior Staff
229169,Teunis,Gluchowski,5/13/62,12/11/87,1/1/99,Senior Engineer
229174,Kristina,Selvestrel,7/20/63,6/21/94,1/1/99,Technique Leader
229176,Ranga,Peot,4/17/64,12/30/89,1/1/99,Engineer
229181,Oldrich,Ponthieu,8/1/64,7/10/97,1/1/99,Staff
229183,Ute,Vuskovic,5/15/62,10/5/96,1/1/99,Staff
229184,Goo,Shimshoni,9/2/63,2/12/97,1/1/99,Senior Staff
229187,Mats,Wendorf,11/28/62,8/19/98,1/1/99,Staff
229191,Taiji,Figueira,7/15/63,9/29/85,1/1/99,Senior Engineer
229204,Tomoyuki,Sichman,1/5/62,8/18/93,1/1/99,Senior Staff
229205,Goa,Percebois,4/7/63,7/24/92,1/1/99,Engineer
229209,Ziya,Schwartzburd,10/5/63,1/1/87,1/1/99,Senior Engineer
229213,Etsuo,Horswill,11/26/62,11/12/97,1/1/99,Senior Engineer
229217,Freyja,Rousseau,5/18/63,4/10/85,1/1/99,Senior Staff
229220,Fabrizio,Lichtman,1/21/65,2/9/87,1/1/99,Senior Engineer
229230,Tayeb,Herbst,7/17/63,9/24/95,1/1/99,Senior Staff
229243,Hatsukazu,Sessa,7/18/64,4/16/92,1/1/99,Senior Staff
229245,Vugranam,Rodiger,5/19/64,5/29/99,1/1/99,Engineer
229248,Harjit,Terekhov,1/27/65,10/19/95,1/1/99,Staff
229252,Khalil,Sury,11/25/63,4/27/93,1/1/99,Engineer
229253,Sushant,Stille,3/29/63,1/10/87,1/1/99,Staff
229254,Tran,Terekhov,2/18/63,5/28/89,1/1/99,Engineer
229258,Leen,Pettit,2/16/64,3/23/94,1/1/99,Assistant Engineer
229260,Moto,Slaats,10/8/62,5/7/92,1/1/99,Senior Staff
229270,Aral,Erev,11/13/64,2/18/94,1/1/99,Engineer
229275,Shmuel,Zweizig,8/11/63,9/25/89,1/1/99,Staff
229279,Toong,Cannata,8/3/63,9/15/01,1/1/99,Staff
229294,Subhada,Babu,12/22/64,3/16/95,1/1/99,Staff
229297,Maria,Bresenham,5/15/63,8/15/94,1/1/99,Senior Engineer
229301,Masato,Stanger,12/24/62,9/30/95,1/1/99,Senior Staff
229303,Sumant,Bednarek,4/27/62,2/20/85,1/1/99,Senior Engineer
229309,Subhrajyoti,Crelier,6/29/64,7/18/92,1/1/99,Staff
229320,Rimon,Zastre,5/6/63,11/7/90,1/1/99,Engineer
229324,Mechthild,Pintelas,9/10/63,12/6/97,1/1/99,Senior Engineer
229325,Arfst,Schade,7/20/63,3/26/97,1/1/99,Staff
229329,Dmitry,Rissland,2/11/62,4/13/86,1/1/99,Engineer
229330,Halsur,Woycyznski,1/17/63,7/24/89,1/1/99,Senior Engineer
229339,Kousuke,Showalter,12/5/63,3/18/02,1/1/99,Senior Engineer
229341,Barun,Luce,6/4/62,11/19/86,1/1/99,Senior Staff
229342,Ranga,Ariola,1/3/63,6/1/89,1/1/99,Engineer
229345,Remco,Falck,1/22/62,1/20/93,1/1/99,Senior Staff
229349,Lillian,Hmelo,6/30/62,7/9/94,1/1/99,Technique Leader
229357,Aiichiro,Serna,5/8/62,10/6/89,1/1/99,Senior Staff
229362,Make,Kushnir,10/17/62,5/2/86,1/1/99,Senior Staff
229366,Aran,Schmiedel,8/23/64,5/13/94,1/1/99,Senior Engineer
229375,Alexius,Bellone,9/15/64,5/31/98,1/1/99,Senior Staff
229382,Christoph,Jullig,11/25/63,4/28/91,1/1/99,Senior Engineer
229383,Manibrata,Rosti,7/14/62,8/25/89,1/1/99,Technique Leader
229386,Pohua,Tasistro,1/3/65,11/4/94,1/1/99,Technique Leader
229391,Paloma,Henseler,1/15/65,6/11/91,1/1/99,Senior Engineer
229399,Shaw,Maquelin,4/14/62,2/10/99,1/1/99,Staff
229404,Gilbert,Kilgour,1/11/65,4/5/96,1/1/99,Staff
229411,Mrinalini,Birke,7/12/63,10/2/98,1/1/99,Engineer
229417,Jeane,Nanard,8/28/64,2/16/89,1/1/99,Staff
229424,Aria,Hardjono,1/17/62,8/14/92,1/1/99,Engineer
229428,Mantis,Schaaf,6/13/64,10/14/94,1/1/99,Assistant Engineer
229433,Mantis,Rossi,10/8/64,11/13/88,1/1/99,Engineer
229438,Neven,Callaway,6/3/62,3/26/97,1/1/99,Technique Leader
229440,Izaskun,Gulik,8/20/63,12/12/98,1/1/99,Engineer
229441,Gao,Heuser,5/12/63,7/31/96,1/1/99,Engineer
229451,Bouchung,Morrin,10/14/64,5/10/94,1/1/99,Staff
229453,Amabile,Sommer,5/16/63,11/25/00,1/1/99,Engineer
229462,Marko,Simmen,2/7/62,1/28/91,1/1/99,Senior Staff
229463,Sham,Broder,7/22/62,7/31/90,1/1/99,Staff
229467,Mayuko,Matheson,5/28/62,8/26/88,1/1/99,Senior Engineer
229489,Susuma,Bennis,8/2/62,9/2/99,1/1/99,Senior Staff
229493,Zissis,Shihab,11/4/62,5/31/89,1/1/99,Senior Engineer
229496,Val,Motley,3/17/64,7/7/89,1/1/99,Senior Engineer
229501,Tesuro,Rathonyi,5/30/62,2/24/98,1/1/99,Senior Engineer
229509,Shigenori,Merkl,2/17/62,12/29/99,1/1/99,Staff
229518,Sakthirel,Azuma,8/4/64,9/28/96,1/1/99,Senior Engineer
229519,Toshimi,Brodal,12/11/62,2/24/85,1/1/99,Senior Engineer
229527,Shem,Schwartzbauer,8/2/62,2/19/99,1/1/99,Staff
229532,Moti,Huxford,2/15/64,12/31/86,1/1/99,Engineer
229535,Sudhanshu,Solovay,11/19/64,7/18/89,1/1/99,Staff
229537,Hitofumi,Shrader,5/8/63,7/7/85,1/1/99,Senior Staff
229545,Patricio,Picel,4/16/63,2/9/86,1/1/99,Senior Staff
229547,Moni,Schach,1/3/65,7/4/86,1/1/99,Senior Staff
229556,Yechiam,Copas,3/3/64,11/9/89,1/1/99,Senior Engineer
229568,Sanjai,Bain,10/4/62,5/27/86,1/1/99,Staff
229572,Zejun,Suri,2/25/63,10/7/89,1/1/99,Engineer
229573,Frederique,Geffroy,10/21/62,2/1/01,1/1/99,Staff
229581,Greger,Massonet,4/30/64,10/10/89,1/1/99,Technique Leader
229604,Susumu,Mandell,9/29/63,4/15/96,1/1/99,Staff
229607,Jayesh,Basagni,1/15/63,6/24/86,1/1/99,Senior Staff
229619,Ebbe,Berstel,4/30/62,7/25/88,1/1/99,Senior Engineer
229629,Kamakshi,Klyachko,8/3/64,4/22/92,1/1/99,Senior Staff
229630,Zvonko,Dahlbom,2/25/64,6/18/95,1/1/99,Engineer
229633,Vishwani,Ressouche,5/18/63,4/1/85,1/1/99,Senior Staff
229637,Mantis,Harnett,1/25/62,9/19/98,1/1/99,Staff
229643,Geraldo,Lanteri,2/27/64,4/5/93,1/1/99,Senior Staff
229644,Kiyomitsu,Callaway,4/28/63,8/8/98,1/1/99,Senior Engineer
229652,Ulises,Gornas,8/4/64,3/5/92,1/1/99,Senior Engineer
229653,Candido,Schlegelmilch,10/30/62,12/20/93,1/1/99,Senior Staff
229655,Navin,Hertweck,10/11/63,11/4/95,1/1/99,Staff
229659,Richara,Butterworth,3/28/62,7/4/98,1/1/99,Engineer
229663,Ishfaq,Fraisse,7/25/62,7/26/97,1/1/99,Senior Engineer
229666,Shounak,Besselaar,9/18/62,8/27/94,1/1/99,Staff
229667,Fusako,Angelopoulos,1/8/62,5/6/88,1/1/99,Technique Leader
229669,Fen,Brendel,6/19/63,2/29/96,1/1/99,Senior Engineer
229672,Sachar,Berendt,8/28/62,1/2/91,1/1/99,Senior Engineer
229680,Shunichi,Camarinopoulos,11/10/63,1/13/98,1/1/99,Engineer
229692,Doohun,Heyers,12/12/63,12/8/89,1/1/99,Technique Leader
229697,Karlis,Kalsbeek,12/20/64,1/26/90,1/1/99,Staff
229708,Lubomir,Marakhovsky,8/11/64,2/1/94,1/1/99,Senior Engineer
229713,Pragnesh,Carrera,5/9/64,10/16/91,1/1/99,Senior Staff
229716,Mostafa,Curless,7/28/64,10/1/95,1/1/99,Staff
229718,Yannis,Chleq,4/15/64,1/16/99,1/1/99,Senior Staff
229721,Marla,Conte,7/25/64,11/21/94,1/1/99,Senior Staff
229726,Bikash,Vasanthakumar,9/7/62,4/27/99,1/1/99,Engineer
229727,Ewing,Millington,1/23/65,9/28/99,1/1/99,Engineer
229728,Hausi,Shackel,9/26/63,5/10/88,1/1/99,Staff
229733,Sariel,Maquelin,7/21/64,9/24/99,1/1/99,Senior Staff
229735,Ewing,Ozery,5/2/64,3/14/85,1/1/99,Senior Staff
229744,Mabhin,Vilarrasa,9/2/63,3/15/90,1/1/99,Senior Engineer
229749,Vivian,Rosen,10/28/64,10/21/93,1/1/99,Staff
229751,Aamer,Syang,10/24/62,2/2/00,1/1/99,Assistant Engineer
229756,Kish,Peha,12/4/64,12/23/86,1/1/99,Engineer
229758,Hatem,Valtorta,9/29/62,4/9/95,1/1/99,Staff
229764,Weiyi,Guting,2/2/64,7/12/91,1/1/99,Engineer
229767,Christfried,Waymire,10/20/63,9/6/85,1/1/99,Engineer
229774,Miyeon,Schiettecatte,1/6/64,2/27/87,1/1/99,Senior Engineer
229777,Sudhanshu,Zhiwei,4/4/63,5/5/90,1/1/99,Senior Staff
229786,Berhard,Perelgut,11/3/62,9/10/92,1/1/99,Engineer
229796,Jouni,Keohane,11/21/64,1/26/88,1/1/99,Engineer
229797,Iara,Felcyn,4/14/63,2/2/85,1/1/99,Senior Staff
229814,Ymte,Brodie,4/28/64,12/19/97,1/1/99,Engineer
229820,Moto,Bazzichi,6/20/63,7/29/92,1/1/99,Engineer
229821,Shushma,Weedman,7/3/64,5/3/97,1/1/99,Staff
229828,Martina,Attimonelli,6/13/62,6/4/95,1/1/99,Senior Staff
229831,Lijie,Brobst,3/18/64,6/27/85,1/1/99,Senior Engineer
229837,Jaideep,Pillow,1/14/63,6/7/96,1/1/99,Staff
229841,Ebru,Erman,1/20/63,1/18/96,1/1/99,Senior Engineer
229850,Jeanna,Landherr,7/20/64,9/30/98,1/1/99,Technique Leader
229854,Hongzue,Lamba,1/18/64,3/9/90,1/1/99,Senior Staff
229861,Kristinn,Kragelund,7/26/62,10/10/98,1/1/99,Engineer
229889,Sakthirel,Pell,5/4/62,9/27/98,1/1/99,Engineer
229894,Moti,Savasere,1/5/62,12/20/94,1/1/99,Staff
229895,Dietrich,Schiettecatte,6/4/63,12/19/99,1/1/99,Engineer
229901,Percy,Hofman,4/30/62,12/26/96,1/1/99,Staff
229909,Shir,Peroz,6/26/64,11/22/90,1/1/99,Senior Engineer
229916,Hilary,DuBourdieux,7/22/62,10/18/98,1/1/99,Engineer
229920,Arfst,Schlenzig,6/2/63,4/19/02,1/1/99,Engineer
229921,Bernt,Templeman,8/17/62,9/10/92,1/1/99,Senior Staff
229924,Basim,Atchley,1/26/63,7/11/96,1/1/99,Staff
229929,Shuky,Peyn,3/11/64,1/24/98,1/1/99,Senior Engineer
229938,Adam,Gilg,8/3/62,9/7/94,1/1/99,Senior Engineer
229946,Kazunori,Melski,6/22/64,6/21/98,1/1/99,Senior Staff
229950,Moto,Birrer,10/8/64,4/2/97,1/1/99,Staff
229952,Basem,Kruskal,12/11/63,1/6/91,1/1/99,Staff
229962,Niclas,Liedekerke,4/25/64,9/6/85,1/1/99,Senior Staff
229963,Jongsuk,Massonet,1/3/64,11/24/91,1/1/99,Engineer
229966,Ymte,Hofmeyr,5/3/62,11/22/93,1/1/99,Engineer
229968,Ute,Baranowski,7/28/64,8/17/99,1/1/99,Engineer
229973,Xudong,Belinskaya,3/15/64,3/12/88,1/1/99,Senior Engineer
229977,Goo,Schrift,9/19/64,5/21/99,1/1/99,Staff
229978,Dzung,Nergos,4/7/62,7/16/00,1/1/99,Staff
229981,Jamaludin,Fordan,1/19/65,2/6/92,1/1/99,Engineer
229983,Shmuel,Gini,10/15/62,6/21/85,1/1/99,Staff
229996,Shahid,Emmart,9/2/64,12/22/87,1/1/99,Technique Leader
229999,Wilmer,Schnabel,10/3/64,8/20/87,1/1/99,Senior Engineer
230002,Tadahiro,Backhouse,1/7/65,10/2/91,1/1/99,Senior Engineer
230007,Mircea,Rijsenbrij,4/10/62,9/2/96,1/1/99,Staff
230011,Marla,Plumb,8/12/62,2/10/92,1/1/99,Senior Engineer
230018,Renee,Brendel,8/20/63,3/13/99,1/1/99,Technique Leader
230019,Becky,Baja,5/7/64,11/3/99,1/1/99,Engineer
230020,Shao,Merkl,1/24/64,6/19/90,1/1/99,Staff
230026,Lidong,Uchoa,8/4/64,4/14/98,1/1/99,Senior Engineer
230033,Kristinn,Kandlur,3/27/64,3/15/85,1/1/99,Engineer
230034,Debatosh,Muntz,8/30/62,10/16/93,1/1/99,Engineer
230035,Marsha,Rissland,4/12/63,5/9/91,1/1/99,Senior Staff
230041,Shahar,Stranks,5/6/64,5/24/89,1/1/99,Senior Engineer
230043,Divier,Swist,11/3/64,9/16/99,1/1/99,Staff
230056,Tzu,Huxford,1/20/62,1/18/98,1/1/99,Engineer
230066,Gift,Jayawardene,3/7/62,9/25/99,1/1/99,Engineer
230067,Genki,Yurek,6/2/64,5/14/89,1/1/99,Senior Engineer
230071,Larisa,Monarch,6/21/64,3/8/99,1/1/99,Engineer
230072,Lansing,Vural,12/23/64,4/16/96,1/1/99,Staff
230079,Elvia,Krzyzanowski,11/3/63,6/17/90,1/1/99,Staff
230085,Aria,Alameldin,12/15/62,4/6/01,1/1/99,Staff
230088,Armond,Matzat,10/2/64,11/16/91,1/1/99,Senior Engineer
230090,Froduald,Hemaspaandra,9/14/64,3/27/88,1/1/99,Staff
230098,Fen,Nilsson,12/1/63,11/4/88,1/1/99,Senior Staff
230103,Yannis,Cullers,5/10/64,8/20/97,1/1/99,Engineer
230106,Chiranjit,Swick,7/8/64,5/21/94,1/1/99,Assistant Engineer
230107,Venkatesan,Francisci,4/21/64,4/7/85,1/1/99,Staff
230111,Gill,Krupka,3/24/64,11/26/86,1/1/99,Senior Engineer
230112,Dulce,Ozeri,4/21/64,8/6/86,1/1/99,Senior Staff
230114,Sastry,Zyda,10/16/63,11/9/91,1/1/99,Engineer
230117,Jessie,Hofman,8/25/62,11/20/85,1/1/99,Technique Leader
230126,Bezalel,Radivojevic,1/31/65,7/2/88,1/1/99,Senior Staff
230127,Kwee,Sichman,12/8/63,12/23/87,1/1/99,Staff
230137,Luerbio,Nanard,10/21/62,10/5/86,1/1/99,Staff
230147,Valter,Androutsos,8/15/63,9/10/99,1/1/99,Engineer
230152,Georg,Baig,2/15/64,4/13/01,1/1/99,Senior Engineer
230161,Chriss,Comyn,10/12/63,2/29/96,1/1/99,Staff
230163,Sajjad,Kroha,4/17/63,6/26/98,1/1/99,Senior Staff
230164,Nikolaus,Thebaut,1/5/63,1/30/96,1/1/99,Senior Engineer
230165,Ottavia,Shrader,2/17/62,9/15/95,1/1/99,Staff
230173,Aleksander,Karner,1/16/62,8/29/92,1/1/99,Senior Staff
230186,Nechama,Milicia,9/26/64,11/3/99,1/1/99,Senior Staff
230189,Arie,Schnabel,2/17/62,5/1/87,1/1/99,Engineer
230193,Ingemar,Kilgore,3/6/64,2/12/86,1/1/99,Senior Staff
230203,DeForest,Impagliazzo,9/29/62,4/27/89,1/1/99,Senior Engineer
230204,Jiakeng,Sidje,5/25/63,10/18/85,1/1/99,Senior Engineer
230207,Krassimir,Passafiume,9/17/63,4/4/99,1/1/99,Senior Staff
230216,Ravishankar,Remmers,6/27/62,11/15/95,1/1/99,Staff
230226,Karoline,Ranai,10/31/64,3/26/91,1/1/99,Staff
230232,Xumin,Tanemo,4/12/63,6/1/87,1/1/99,Engineer
230234,Kwangho,Zumaque,2/1/62,8/17/96,1/1/99,Senior Staff
230237,Yakichi,Luiz,1/15/62,1/8/93,1/1/99,Senior Engineer
230240,Kwee,Vilarrasa,11/9/63,2/8/89,1/1/99,Senior Engineer
230249,Divier,Tagansky,6/18/62,8/23/96,1/1/99,Engineer
230250,Phule,Gyimothy,12/9/63,4/24/00,1/1/99,Engineer
230254,Beshir,Etalle,8/15/64,12/8/92,1/1/99,Engineer
230256,Arne,Kuzuoka,5/1/64,1/29/93,1/1/99,Senior Staff
230258,Mong,Huxford,1/28/64,7/29/89,1/1/99,Staff
230259,Horward,Kowalchuk,8/8/62,11/2/96,1/1/99,Senior Staff
230260,Vincent,Willoner,4/14/64,11/25/99,1/1/99,Staff
230263,Aruna,Scallan,3/29/64,12/23/88,1/1/99,Engineer
230273,Jianhao,Claffy,4/11/63,2/27/87,1/1/99,Staff
230274,Nectarios,Hertweck,11/9/64,11/26/97,1/1/99,Senior Staff
230276,Mototsugu,Cherinka,4/4/62,11/1/92,1/1/99,Technique Leader
230287,Renny,Alameldin,1/14/65,9/28/97,1/1/99,Assistant Engineer
230294,Arne,Cairo,9/16/63,9/10/90,1/1/99,Senior Staff
230295,Hausi,Rusterholz,10/17/64,10/30/91,1/1/99,Technique Leader
230302,Shigeichiro,Brizzi,7/4/62,12/7/90,1/1/99,Engineer
230313,Jolita,Hanabata,8/23/62,11/1/97,1/1/99,Engineer
230318,Guadalupe,Marrevee,6/15/62,6/18/99,1/1/99,Engineer
230330,Hongzhu,Biron,7/21/64,6/21/95,1/1/99,Engineer
230333,Mantis,Rajcani,10/17/64,2/4/98,1/1/99,Engineer
230335,Fun,Fargier,11/30/64,7/1/98,1/1/99,Staff
230336,Navin,Binkley,1/16/63,2/21/96,1/1/99,Engineer
230347,Arnd,Schaar,2/23/64,7/26/94,1/1/99,Engineer
230349,Yongqiao,Marzano,8/23/64,4/24/99,1/1/99,Senior Staff
230350,Amalendu,Gelosh,8/25/62,3/27/87,1/1/99,Senior Staff
230354,Yinghua,Lorho,1/31/65,8/9/91,1/1/99,Senior Staff
230363,Kazunori,Hettesheimer,7/20/63,4/7/85,1/1/99,Senior Engineer
230371,Behnaam,Levasseur,10/18/63,8/23/99,1/1/99,Engineer
230375,Nirmal,Sewelson,11/18/64,4/18/92,1/1/99,Senior Engineer
230380,Nagui,DuBourdieux,8/14/63,11/20/96,1/1/99,Staff
230384,Manohar,Szemeredi,1/4/64,2/25/86,1/1/99,Technique Leader
230387,Jacopo,Benner,11/28/64,7/3/89,1/1/99,Senior Engineer
230397,Jenwei,Benner,9/13/62,7/28/97,1/1/99,Staff
230400,Toong,Meriste,7/8/63,9/2/94,1/1/99,Senior Engineer
230417,Youssef,Jumpertz,6/12/64,9/19/93,1/1/99,Engineer
230421,Vishu,Rosti,1/1/63,11/5/89,1/1/99,Senior Engineer
230424,Navin,Raczkowsky,3/31/64,3/30/98,1/1/99,Staff
230427,Paddy,Boreale,1/18/63,2/14/86,1/1/99,Senior Engineer
230435,Richard,Frezza,7/25/62,10/14/93,1/1/99,Senior Engineer
230437,Shuichi,Loncour,3/18/64,12/7/94,1/1/99,Senior Engineer
230446,Baocai,Kragelund,2/10/63,6/27/85,1/1/99,Senior Engineer
230450,Yuguang,Mandell,5/1/64,6/5/86,1/1/99,Technique Leader
230457,Hongzue,Figueira,1/26/63,6/17/00,1/1/99,Engineer
230461,Arno,Seiwald,1/28/62,4/18/99,1/1/99,Engineer
230463,Arun,Gurbaxani,12/13/62,5/15/87,1/1/99,Engineer
230466,Sajjad,Benzmuller,10/15/63,5/1/99,1/1/99,Engineer
230476,Tsuneo,Gecsei,7/22/62,10/31/95,1/1/99,Senior Engineer
230485,Atreye,Christ,5/2/62,11/8/85,1/1/99,Senior Staff
230488,Ugo,Raney,4/7/64,4/27/92,1/1/99,Senior Engineer
230489,Honglan,Bain,11/17/62,9/27/90,1/1/99,Technique Leader
230494,Adib,Stroustrup,4/28/64,6/27/94,1/1/99,Senior Engineer
230498,Kolar,Puppo,1/15/65,4/25/90,1/1/99,Senior Engineer
230504,Giap,Angelopoulos,4/4/64,4/24/98,1/1/99,Assistant Engineer
230506,Kwun,Heusch,2/11/63,8/15/90,1/1/99,Senior Staff
230508,Herb,Schrift,1/28/62,2/14/95,1/1/99,Engineer
230511,Martine,Matheson,11/17/63,12/31/94,1/1/99,Staff
230515,Dmitry,Gaughan,1/20/63,3/13/86,1/1/99,Senior Staff
230522,Izaskun,Bail,9/9/64,11/18/99,1/1/99,Engineer
230525,Kayoko,Laventhal,11/16/63,9/12/85,1/1/99,Staff
230528,Randy,Trelles,2/12/63,12/1/93,1/1/99,Senior Staff
230533,Kamakshi,Facello,5/12/63,8/26/92,1/1/99,Senior Engineer
230546,Bartek,Christianini,7/20/64,3/20/98,1/1/99,Engineer
230556,Aemilian,Dehkordi,9/12/63,3/10/96,1/1/99,Staff
230557,Martien,Kroon,1/3/62,9/2/93,1/1/99,Staff
230559,Barton,Serot,2/27/64,12/21/85,1/1/99,Senior Staff
230561,Shahid,Chappelet,9/26/64,5/3/94,1/1/99,Senior Staff
230565,Dipankar,Bugrara,10/20/63,7/16/85,1/1/99,Senior Staff
230566,Mohammad,Picel,1/11/62,3/11/97,1/1/99,Senior Engineer
230568,Mariusz,Xiaoshan,8/15/62,10/7/94,1/1/99,Engineer
230569,Ekawit,Rosar,3/30/64,4/27/89,1/1/99,Engineer
230570,Shan,Gill,8/27/63,8/20/93,1/1/99,Senior Engineer
230571,Ziva,Penttonen,2/11/63,2/20/99,1/1/99,Staff
230576,Hilari,Kleiser,5/22/64,1/1/99,1/1/99,Staff
230579,Shahar,Negoita,1/17/65,3/19/94,1/1/99,Staff
230584,Matt,Stavenow,3/31/64,8/4/88,1/1/99,Engineer
230585,Nechama,Granlund,11/14/62,6/19/96,1/1/99,Engineer
230588,Shaw,Talmor,5/15/63,1/17/98,1/1/99,Senior Engineer
230589,Shigehiro,Kowalchuk,2/18/63,2/1/98,1/1/99,Engineer
230595,Mansur,Riesenhuber,4/21/63,9/15/86,1/1/99,Engineer
230596,Sivanarayana,Erva,3/1/63,8/12/88,1/1/99,Senior Engineer
230604,Rafols,Birdsall,4/23/63,12/28/89,1/1/99,Senior Engineer
230606,Yannik,Keohane,9/26/64,3/7/93,1/1/99,Senior Staff
230617,Shunichi,Mandell,9/15/64,11/26/86,1/1/99,Technique Leader
230620,Jiong,Chenoweth,4/22/64,11/5/91,1/1/99,Assistant Engineer
230627,Chenxi,Alblas,10/27/64,1/29/86,1/1/99,Staff
230632,Moheb,Lorcy,4/9/62,11/10/94,1/1/99,Engineer
230634,Gurbir,Mahnke,4/22/62,7/1/87,1/1/99,Senior Staff
230639,Jeane,Conta,3/7/62,8/2/86,1/1/99,Staff
230650,Hiroyasu,Melichar,10/7/62,11/6/94,1/1/99,Senior Staff
230654,Brendon,Sudkamp,11/4/63,10/21/94,1/1/99,Senior Engineer
230663,Yonghoan,Morrey,3/24/64,9/12/93,1/1/99,Staff
230666,Stabislas,Greibach,5/29/64,1/12/94,1/1/99,Senior Staff
230667,Mircea,Karlin,2/7/62,8/3/92,1/1/99,Engineer
230670,Fan,Swan,6/18/64,12/22/92,1/1/99,Senior Engineer
230678,Lillian,Kenevan,8/9/64,10/2/95,1/1/99,Senior Staff
230679,Nadjib,Braunschweig,12/20/62,12/12/91,1/1/99,Senior Engineer
230684,Leif,Orlowski,12/18/64,7/25/89,1/1/99,Senior Staff
230689,Dietrich,Crabtree,1/14/65,5/24/86,1/1/99,Senior Staff
230693,Guangming,Binding,2/20/64,2/24/90,1/1/99,Senior Engineer
230704,Younwoo,Chepyzhov,7/19/63,12/4/85,1/1/99,Engineer
230705,JiYoung,DiGiano,8/9/62,3/16/99,1/1/99,Staff
230708,Premal,Crooks,6/6/63,12/4/91,1/1/99,Engineer
230720,Maren,Farrow,5/24/63,2/23/01,1/1/99,Senior Staff
230731,Pasqua,Esposito,1/13/62,5/17/85,1/1/99,Staff
230740,Sadok,Yemenis,4/25/63,3/28/97,1/1/99,Senior Engineer
230743,Georgi,Fabrizio,7/21/62,1/2/00,1/1/99,Engineer
230748,Alejandra,Hainaut,5/27/63,12/4/94,1/1/99,Technique Leader
230755,Karlis,Garnick,1/6/63,3/26/93,1/1/99,Senior Engineer
230760,Parke,Laventhal,9/25/63,8/18/87,1/1/99,Senior Engineer
230764,Jaihie,Kadhim,6/5/64,6/30/86,1/1/99,Engineer
230766,Bartek,Baaleh,6/4/62,8/24/95,1/1/99,Senior Staff
230770,Mircea,Kalorkoti,9/11/64,1/5/88,1/1/99,Senior Engineer
230788,Ayonca,Waleschkowski,6/4/62,5/30/97,1/1/99,Staff
230789,Lucien,Kopetz,1/29/63,10/14/90,1/1/99,Technique Leader
230790,Cordelia,Dulin,10/21/64,2/6/98,1/1/99,Engineer
230796,Yaghout,Sabnani,9/19/63,6/7/85,1/1/99,Senior Engineer
230811,Alair,Hatcliff,1/13/63,7/8/95,1/1/99,Engineer
230817,Zejun,Birke,4/14/63,6/21/99,1/1/99,Engineer
230827,Bogdan,Zumaque,10/30/63,8/6/96,1/1/99,Senior Engineer
230830,Sumant,Hofstetter,8/20/64,12/1/99,1/1/99,Staff
230831,Sudharsan,Msuda,12/14/63,2/12/94,1/1/99,Staff
230852,Vishwani,Panwar,4/10/63,3/13/97,1/1/99,Staff
230855,Munehiro,Oxenboll,10/29/63,12/6/88,1/1/99,Senior Engineer
230863,Poornachandra,Milicia,9/12/63,9/6/88,1/1/99,Senior Staff
230865,Takushi,Brattka,1/2/65,6/3/99,1/1/99,Staff
230870,Manu,Cappelletti,1/4/63,5/19/85,1/1/99,Staff
230877,Nathalie,Tetzlaff,9/11/63,3/18/93,1/1/99,Engineer
230879,Weiyi,Kaltofen,12/20/63,6/3/88,1/1/99,Senior Engineer
230881,Shooichi,Murrill,6/6/62,7/19/94,1/1/99,Senior Engineer
230893,Mechthild,Apsitis,12/20/62,6/24/95,1/1/99,Senior Staff
230907,Shirish,Lieblein,6/5/64,3/28/89,1/1/99,Senior Staff
230908,Nahum,Templeman,5/10/64,5/20/98,1/1/99,Technique Leader
230913,Miquel,Awdeh,9/11/62,3/27/01,1/1/99,Senior Engineer
230923,Moto,Emmerich,5/21/62,12/7/90,1/1/99,Senior Engineer
230925,Jayesh,Reghbati,11/13/62,1/10/87,1/1/99,Staff
230930,Gully,Hatcliff,8/25/63,3/16/86,1/1/99,Engineer
230932,Ulf,Fontet,8/10/64,5/12/91,1/1/99,Engineer
230933,Janche,Penn,9/15/63,11/8/94,1/1/99,Technique Leader
230942,Masadi,Schaar,4/11/62,5/29/87,1/1/99,Senior Staff
230951,Utz,Bardell,5/25/62,2/14/90,1/1/99,Senior Engineer
230963,Ziva,Vidya,10/15/64,10/30/96,1/1/99,Engineer
230964,Teunis,Perko,8/1/63,8/5/96,1/1/99,Senior Staff
230972,Howell,Pell,1/7/62,11/30/91,1/1/99,Senior Staff
230983,Heekeun,Eldridge,3/9/63,5/25/86,1/1/99,Senior Engineer
230994,Hilari,Shackel,1/2/62,1/17/87,1/1/99,Engineer
230998,Lene,Gire,6/7/62,9/25/85,1/1/99,Senior Engineer
230999,Shao,Tzvieli,3/10/64,11/23/85,1/1/99,Technique Leader
231002,Yinghua,Maierhofer,9/9/64,4/15/88,1/1/99,Engineer
231010,Urs,Gischer,3/25/64,7/27/96,1/1/99,Senior Engineer
231032,Marsal,Molberg,6/30/63,4/28/86,1/1/99,Senior Staff
231055,Manibrata,Gladwell,7/26/64,6/29/89,1/1/99,Senior Engineer
231061,Franziska,Strooper,1/21/64,4/29/96,1/1/99,Senior Engineer
231065,Mart,Comellas,8/13/63,8/12/96,1/1/99,Senior Staff
231066,Arnd,Bashian,8/8/64,8/2/88,1/1/99,Engineer
231069,Trygve,Siksek,1/22/65,11/9/95,1/1/99,Staff
231070,Pranay,Baer,8/31/63,11/24/98,1/1/99,Engineer
231085,Moss,Chaudhuri,4/18/64,8/12/93,1/1/99,Assistant Engineer
231087,Kazunori,Duclos,8/19/63,5/9/90,1/1/99,Staff
231095,Manton,Gajiwala,1/28/63,8/19/95,1/1/99,Staff
231103,Weiwu,Wrigley,12/9/63,1/21/96,1/1/99,Senior Staff
231104,Giao,Linares,11/14/62,3/21/95,1/1/99,Staff
231106,Mohammed,Anguita,6/4/63,7/13/97,1/1/99,Engineer
231128,Francoise,Deville,2/18/62,2/7/86,1/1/99,Staff
231135,Shigehito,Kulisch,3/18/64,10/4/86,1/1/99,Senior Engineer
231137,Anneli,Ranst,3/10/63,10/26/97,1/1/99,Senior Engineer
231140,Sachin,Baba,8/31/62,9/11/96,1/1/99,Engineer
231145,Mahendra,DuCasse,6/28/63,1/14/99,1/1/99,Staff
231150,Jiong,Schaar,9/19/63,1/2/88,1/1/99,Senior Staff
231155,Ramzi,Benveniste,6/13/62,4/9/94,1/1/99,Senior Engineer
231158,Satyanarayana,Thimonier,10/3/64,11/9/90,1/1/99,Senior Staff
231168,Kyoichi,Morton,2/7/64,1/29/97,1/1/99,Senior Engineer
231171,Jackson,Redmiles,12/4/63,9/1/85,1/1/99,Engineer
231172,Berthier,Berstel,1/26/62,11/5/99,1/1/99,Staff
231186,Denny,Chvatal,5/1/62,8/28/86,1/1/99,Staff
231189,Yannis,Birge,5/22/64,8/20/86,1/1/99,Staff
231191,Heekeun,Akaboshi,1/11/63,5/16/91,1/1/99,Technique Leader
231196,Remmert,Walstra,9/3/63,3/19/92,1/1/99,Senior Engineer
231197,Teruyuki,Wursthorn,10/14/63,11/10/94,1/1/99,Engineer
231209,Minghong,Streit,7/3/63,4/23/90,1/1/99,Senior Staff
231214,Ung,Ladret,7/26/63,6/22/91,1/1/99,Senior Staff
231227,Filipe,Pettis,5/3/62,2/3/94,1/1/99,Engineer
231229,Kwangsub,Roccetti,10/6/64,11/30/89,1/1/99,Senior Staff
231240,Salvador,Kitai,6/28/64,1/18/99,1/1/99,Engineer
231241,Subir,Bain,5/10/63,5/11/89,1/1/99,Technique Leader
231242,Nechama,Ramalingam,11/17/62,6/6/99,1/1/99,Staff
231247,Padma,Chimia,10/26/64,3/17/02,1/1/99,Staff
231251,Bedir,Cummings,6/20/63,9/1/88,1/1/99,Senior Engineer
231255,Kwan,Nollmann,5/7/63,7/10/93,1/1/99,Senior Staff
231264,Vidar,Tsukuda,10/13/62,2/24/86,1/1/99,Senior Staff
231266,Masato,Basawa,1/9/62,11/13/90,1/1/99,Staff
231273,Uwe,Panienski,4/6/62,5/1/98,1/1/99,Senior Engineer
231290,Arnould,Luce,4/24/63,10/16/89,1/1/99,Senior Staff
231292,Gererd,Koshino,1/5/62,3/28/97,1/1/99,Staff
231296,Heng,Bridgland,11/4/64,9/16/99,1/1/99,Engineer
231303,Yucel,Hasenauer,3/25/64,9/3/87,1/1/99,Engineer
231310,Goetz,Detkin,12/10/64,2/24/91,1/1/99,Engineer
231319,Filipp,Azumi,3/29/64,6/8/87,1/1/99,Senior Engineer
231325,Uli,Zweizig,5/2/63,5/25/93,1/1/99,Senior Staff
231330,Mohammad,Krupka,9/11/62,4/15/85,1/1/99,Engineer
231337,Randi,Maliniak,7/13/62,7/24/89,1/1/99,Senior Engineer
231342,Kankanahalli,Rando,11/10/63,1/18/90,1/1/99,Senior Staff
231365,Neelam,Flanders,4/9/62,3/3/92,1/1/99,Senior Engineer
231373,Behnaam,Rosca,10/30/64,4/1/94,1/1/99,Staff
231374,Izaskun,Hiltgen,8/23/62,10/14/95,1/1/99,Assistant Engineer
231381,Vivian,Erez,5/30/63,3/31/90,1/1/99,Staff
231387,Ronghao,Bernatsky,7/29/64,1/20/98,1/1/99,Engineer
231388,Aemilian,Nitsche,10/23/64,2/7/93,1/1/99,Engineer
231389,Arunachalam,Sundgren,5/15/63,5/3/86,1/1/99,Senior Engineer
231394,Jaihie,Oxman,8/26/63,5/29/94,1/1/99,Senior Engineer
231400,Lene,Neiman,3/5/63,6/14/94,1/1/99,Engineer
231418,Mary,Bierbaum,3/22/64,4/13/88,1/1/99,Engineer
231420,Lorien,Leslie,3/20/64,11/21/87,1/1/99,Staff
231423,Eberhardt,Isaak,3/9/62,12/21/86,1/1/99,Senior Staff
231426,Aruna,Ducloy,12/20/62,1/13/93,1/1/99,Staff
231438,Uta,Shackel,2/23/62,4/10/95,1/1/99,Senior Engineer
231442,Parto,DeMori,7/2/63,6/14/99,1/1/99,Staff
231458,Steve,Spell,10/16/62,6/6/86,1/1/99,Senior Engineer
231459,Nectarios,Pramanik,1/28/65,11/18/99,1/1/99,Assistant Engineer
231464,Duke,Warwick,3/8/64,8/28/00,1/1/99,Senior Engineer
231476,Toshiko,Khamsi,10/11/63,10/19/90,1/1/99,Senior Staff
231480,Lein,Serra,9/7/64,5/7/88,1/1/99,Senior Staff
231482,Yurii,Monkewich,8/18/62,8/18/94,1/1/99,Senior Engineer
231489,Unal,Zielinski,6/13/62,1/8/98,1/1/99,Engineer
231498,Dulce,Schnabel,5/3/62,2/28/91,1/1/99,Senior Staff
231500,Richara,Stenning,2/24/64,8/7/89,1/1/99,Staff
231506,Muneo,Fordan,7/4/62,12/29/98,1/1/99,Assistant Engineer
231510,Becky,Ellozy,4/8/62,11/1/98,1/1/99,Staff
231529,Boalin,Peot,7/17/62,12/5/86,1/1/99,Engineer
231556,Magdalena,Turnbull,7/12/64,11/7/99,1/1/99,Staff
231559,Otilia,Bergere,2/11/64,5/6/93,1/1/99,Staff
231576,Tamiya,Shimshoni,11/1/63,6/10/90,1/1/99,Technique Leader
231581,Roselyn,Akaboshi,3/16/64,4/3/85,1/1/99,Technique Leader
231590,Hirochika,Mukaidono,11/24/64,12/24/89,1/1/99,Staff
231592,Hausi,Vanwelkenhuysen,10/26/64,4/15/91,1/1/99,Engineer
231597,Danco,Pintelas,8/31/63,1/22/98,1/1/99,Technique Leader
231601,Miquel,Peek,9/26/62,9/8/92,1/1/99,Senior Staff
231608,Stepehn,Lorho,1/20/62,3/14/87,1/1/99,Senior Staff
231622,Hein,Einsfeld,3/17/63,6/20/91,1/1/99,Senior Staff
231623,Harngdar,Rodiger,3/25/64,11/17/99,1/1/99,Staff
231626,Zdislav,Garigliano,5/17/62,3/31/91,1/1/99,Engineer
231643,Vishv,Jakobus,10/22/62,8/11/99,1/1/99,Engineer
231655,Nahla,Schonegge,5/8/62,1/9/91,1/1/99,Senior Staff
231657,Nevin,Farrel,2/15/64,4/10/95,1/1/99,Technique Leader
231664,Yuuichi,Erni,1/17/62,2/23/96,1/1/99,Senior Staff
231669,Mohua,Tischendorf,9/25/63,8/29/98,1/1/99,Staff
231671,Chandrasekaran,Pearson,1/7/65,4/14/95,1/1/99,Staff
231677,Badri,Beilner,7/5/62,5/13/02,1/1/99,Senior Staff
231713,Kolar,Lunn,8/5/64,5/26/88,1/1/99,Senior Staff
231722,Sudharsan,Zuberek,11/9/63,1/26/96,1/1/99,Engineer
231734,Howell,Fadgyas,11/9/62,4/1/89,1/1/99,Engineer
231739,Pragnesh,Bael,5/7/62,7/2/98,1/1/99,Senior Staff
231741,Toong,Remmele,8/4/64,3/20/97,1/1/99,Engineer
231743,Wanqing,Willoner,10/25/64,5/26/85,1/1/99,Senior Staff
231744,Keiichiro,Poehlman,8/18/63,11/30/87,1/1/99,Senior Staff
231755,Xuedong,Sgarro,2/9/62,12/24/86,1/1/99,Engineer
231758,Mani,Keustermans,4/26/64,2/13/93,1/1/99,Staff
231771,Shietung,Worfolk,2/17/64,2/20/93,1/1/99,Technique Leader
231773,Tua,Gronowski,2/5/62,3/27/99,1/1/99,Engineer
231774,Adly,Tischendorf,8/24/64,12/22/94,1/1/99,Engineer
231776,Lech,Solares,6/28/63,4/26/00,1/1/99,Senior Engineer
231777,Mandell,Poehlman,11/11/64,7/21/97,1/1/99,Engineer
231781,Pantung,Angiulli,1/19/64,11/23/99,1/1/99,Staff
231786,Karsten,Rathonyi,12/25/64,1/19/89,1/1/99,Engineer
231788,Leah,Piazza,10/17/63,11/3/88,1/1/99,Senior Engineer
231798,Goetz,Alvarado,1/28/65,12/25/88,1/1/99,Senior Engineer
231799,Vishu,Vadhan,11/19/64,11/8/94,1/1/99,Engineer
231801,Neelam,Nyrup,4/11/63,8/7/99,1/1/99,Engineer
231807,Zhiguo,Takkinen,2/11/63,8/1/95,1/1/99,Staff
231808,Atreyi,Candan,12/17/64,11/12/91,1/1/99,Senior Engineer
231809,Izaskun,Schurmann,7/21/64,7/28/90,1/1/99,Senior Staff
231812,Zorica,Pell,2/2/62,8/30/99,1/1/99,Assistant Engineer
231813,Elgin,Bach,5/28/64,7/11/97,1/1/99,Senior Staff
231821,Goh,Schwabacher,4/28/62,1/5/97,1/1/99,Staff
231822,Steve,Vickson,10/19/62,7/17/88,1/1/99,Engineer
231823,Arnould,Lung,9/8/63,2/2/93,1/1/99,Senior Staff
231827,Alexius,Kulisch,7/9/64,12/11/90,1/1/99,Senior Staff
231830,Takanari,Berendt,4/29/63,5/19/87,1/1/99,Senior Staff
231843,Gaurav,Melton,3/17/64,1/6/95,1/1/99,Senior Engineer
231854,Nadjib,Dehkordi,6/30/63,11/21/93,1/1/99,Assistant Engineer
231860,Chikara,Bisiani,8/15/62,1/17/91,1/1/99,Senior Engineer
231871,Morris,Edelhoff,6/1/62,3/24/91,1/1/99,Engineer
231872,Sadegh,Mitzlaff,4/28/62,12/19/96,1/1/99,Staff
231877,Weijing,Aloia,4/24/64,2/15/93,1/1/99,Staff
231878,Maren,Thimonier,6/12/62,3/14/87,1/1/99,Senior Staff
231889,Feipei,Sidje,10/10/63,1/11/97,1/1/99,Engineer
231893,Shigeichiro,Brizzi,11/10/64,6/28/87,1/1/99,Senior Staff
231896,Emdad,Fiebach,9/26/64,10/28/87,1/1/99,Senior Engineer
231897,Masamitsu,Engberts,9/5/64,3/3/98,1/1/99,Assistant Engineer
231898,Lihong,Deyuan,10/25/62,10/20/88,1/1/99,Staff
231901,Ebru,Chachaty,3/6/62,11/24/90,1/1/99,Senior Engineer
231910,Halsur,Rouquie,6/27/64,1/28/97,1/1/99,Senior Engineer
231912,Piyawadee,Binding,4/20/63,3/17/90,1/1/99,Senior Engineer
231915,Kazuyasu,Marsiglia,12/12/64,8/15/98,1/1/99,Technique Leader
231916,Trygve,Daescu,8/25/63,7/25/97,1/1/99,Engineer
231928,Satosi,Emmart,3/30/63,6/25/99,1/1/99,Engineer
231930,Sailaja,Roohalamini,12/20/63,6/5/87,1/1/99,Senior Engineer
231946,Jamaludin,Talmon,12/1/63,3/9/99,1/1/99,Staff
231949,Remzi,Lodder,8/19/64,12/30/85,1/1/99,Senior Staff
231953,Moty,Armand,7/14/63,4/4/97,1/1/99,Engineer
231957,Mohd,Einsfeld,7/1/62,4/20/91,1/1/99,Senior Engineer
231971,Kauko,Terlouw,2/12/62,12/9/93,1/1/99,Senior Staff
231973,Subhankar,Muhlberg,9/3/64,11/11/95,1/1/99,Senior Engineer
231974,Dinkar,Lamma,1/22/63,5/10/91,1/1/99,Staff
231983,Carrsten,Radivojevic,1/1/63,3/26/88,1/1/99,Engineer
231986,Seongbae,Hinsberger,11/16/62,5/1/01,1/1/99,Staff
231987,Ottavia,Sewelson,6/13/62,1/14/94,1/1/99,Senior Engineer
231995,Katsuo,Pehl,2/6/64,12/21/87,1/1/99,Engineer
231999,Tetsushi,Mahnke,9/17/63,1/1/96,1/1/99,Senior Engineer
232002,Zsolt,Papsdorf,11/4/64,4/9/87,1/1/99,Senior Engineer
232005,Mario,Iisaku,1/3/64,12/28/99,1/1/99,Staff
232014,Xianlong,Pagter,1/14/64,4/15/95,1/1/99,Senior Staff
232015,Christoper,Karlin,11/1/62,7/21/88,1/1/99,Engineer
232020,Moty,Dulin,3/9/63,2/24/98,1/1/99,Engineer
232026,Jongsuk,Steenbeek,1/3/63,5/29/96,1/1/99,Engineer
232032,Alain,Alameldin,4/28/63,7/24/86,1/1/99,Engineer
232034,Patricio,Marrakchi,4/23/63,2/15/96,1/1/99,Engineer
232039,Sarita,Gunderson,11/1/64,2/12/90,1/1/99,Senior Staff
232047,Sachin,Imataki,8/6/62,7/3/97,1/1/99,Senior Staff
232052,Sorina,Erez,9/10/63,9/19/99,1/1/99,Staff
232063,Neven,Dichev,9/19/62,5/25/94,1/1/99,Senior Engineer
232066,Janche,Snedden,8/4/63,5/12/93,1/1/99,Technique Leader
232074,Phuoc,Ranai,7/15/62,5/29/93,1/1/99,Assistant Engineer
232081,Shigehito,Baaleh,10/19/62,1/8/96,1/1/99,Engineer
232085,Luise,Baig,5/6/64,2/23/98,1/1/99,Technique Leader
232086,Yonghoan,Schicker,7/17/64,12/19/87,1/1/99,Senior Staff
232094,Lech,Miyakawa,10/13/62,5/15/99,1/1/99,Staff
232103,Satosi,Waleschkowski,9/20/63,2/24/99,1/1/99,Staff
232105,Christfried,Passino,6/8/62,4/30/86,1/1/99,Technique Leader
232109,Angus,Gladwell,10/18/63,3/22/96,1/1/99,Senior Engineer
232115,Gennadi,Andreotta,9/30/64,4/1/99,1/1/99,Engineer
232116,Kitty,Heering,11/18/63,12/5/91,1/1/99,Senior Engineer
232120,Katsuyuki,Mungall,8/10/63,6/11/01,1/1/99,Senior Staff
232129,Izaskun,Parhami,2/5/63,9/4/96,1/1/99,Engineer
232144,Nechama,Ferretti,8/8/63,9/25/96,1/1/99,Engineer
232149,Duri,Busillo,7/11/64,7/9/88,1/1/99,Senior Engineer
232151,Mohammad,Heuser,11/24/62,5/13/99,1/1/99,Senior Engineer
232153,Satyanarayana,Scallan,12/16/63,12/18/94,1/1/99,Senior Staff
232155,Ger,Aumann,8/3/62,12/28/91,1/1/99,Staff
232157,Lihong,Sudbeck,3/4/63,8/12/97,1/1/99,Technique Leader
232159,Jinxi,Gluchowski,5/28/64,2/5/87,1/1/99,Senior Staff
232160,Miyeon,Isard,12/31/64,2/10/91,1/1/99,Senior Engineer
232165,Arnd,Sethi,3/28/62,11/9/95,1/1/99,Engineer
232167,Bartek,Hockney,6/22/64,3/4/96,1/1/99,Senior Staff
232168,Mantis,Linares,11/3/63,11/16/97,1/1/99,Engineer
232178,Etsuo,Anandan,1/29/65,12/13/89,1/1/99,Senior Staff
232187,Akeel,Lammel,8/7/63,7/15/91,1/1/99,Senior Engineer
232189,Ravishankar,Larfeldt,4/1/64,7/17/85,1/1/99,Staff
232192,Jeong,Meriste,12/26/63,6/26/88,1/1/99,Senior Engineer
232193,Michaela,Streng,5/17/62,9/28/98,1/1/99,Engineer
232197,Vitaly,Jansch,6/10/62,10/22/90,1/1/99,Staff
232200,Nakhoon,Tibblin,7/23/62,9/2/85,1/1/99,Engineer
232209,Nitsan,Rouquie,1/11/65,8/1/88,1/1/99,Senior Engineer
232210,Sumant,Stemann,10/21/63,1/1/86,1/1/99,Engineer
232213,Macha,Shinomoto,11/16/64,12/2/87,1/1/99,Engineer
232218,Mototsugu,Versino,5/2/64,2/1/92,1/1/99,Engineer
232222,Arvin,Manders,2/18/63,2/20/91,1/1/99,Staff
232223,Shaunak,Solares,11/22/62,10/6/93,1/1/99,Assistant Engineer
232225,Tonny,Ernst,7/20/63,10/15/85,1/1/99,Staff
232228,Remzi,Yoshimura,6/13/64,12/24/93,1/1/99,Engineer
232237,Debaprosad,Eickenmeyer,4/1/62,2/21/93,1/1/99,Assistant Engineer
232239,Shuky,Shihab,2/24/62,1/14/94,1/1/99,Engineer
232246,Claudi,Kamber,10/2/63,10/19/97,1/1/99,Staff
232249,Hinrich,Akaboshi,5/22/64,4/2/86,1/1/99,Engineer
232253,Percy,Boyle,5/4/63,11/5/93,1/1/99,Senior Staff
232257,Dipankar,Crabtree,8/2/63,6/29/91,1/1/99,Engineer
232261,Kyoichi,Klassen,4/8/62,3/28/93,1/1/99,Senior Staff
232263,Teunis,Neiman,4/7/62,11/1/97,1/1/99,Engineer
232270,Neven,Koshiba,11/1/63,9/6/92,1/1/99,Senior Engineer
232271,Jiann,Lampe,2/15/64,7/16/98,1/1/99,Staff
232272,Wojceich,Serov,6/27/62,3/5/85,1/1/99,Engineer
232274,Irene,Stemann,4/2/63,3/31/97,1/1/99,Senior Engineer
232302,Ayakannu,Pashtan,3/23/64,11/11/00,1/1/99,Technique Leader
232305,Sanjeeva,Clouatre,4/20/62,9/4/92,1/1/99,Engineer
232306,Cathie,Plotkin,8/23/63,3/20/90,1/1/99,Staff
232315,Vitali,Mitina,4/21/64,12/27/87,1/1/99,Senior Staff
232318,Gudjon,Spieker,2/13/62,2/3/96,1/1/99,Engineer
232319,Marsal,Kavraki,7/16/62,11/20/85,1/1/99,Engineer
232325,Steve,Streit,12/21/64,7/26/99,1/1/99,Staff
232327,Arno,Radivojevic,5/11/64,3/19/90,1/1/99,Senior Staff
232329,Indrajit,Beilner,2/23/64,9/25/86,1/1/99,Senior Staff
232339,Kwan,Herber,11/26/63,1/30/98,1/1/99,Engineer
232342,Chuanyi,Thiran,9/28/64,6/13/91,1/1/99,Engineer
232345,Janche,Munawer,2/27/64,4/20/92,1/1/99,Senior Engineer
232347,Vojin,Birjandi,11/23/62,3/3/96,1/1/99,Senior Engineer
232353,Neelam,Comte,6/28/63,12/26/94,1/1/99,Staff
232354,Shushma,Fraisse,1/30/62,11/18/90,1/1/99,Senior Staff
232356,Rajmohan,Masada,4/18/62,8/20/87,1/1/99,Senior Staff
232360,Hsiangchu,Madeira,5/6/62,1/10/00,1/1/99,Staff
232378,Anoosh,Jiang,7/1/62,10/2/92,1/1/99,Technique Leader
232386,Dulce,Ballarin,7/8/64,10/8/96,1/1/99,Senior Staff
232387,Chenxi,Radwan,2/26/62,10/19/98,1/1/99,Engineer
232391,KayLiang,Juneja,2/16/63,6/14/95,1/1/99,Senior Staff
232393,Yongmao,Waschkowski,10/21/63,7/7/87,1/1/99,Engineer
232397,Fumiya,Armand,11/2/64,8/21/93,1/1/99,Engineer
232404,Tonia,Joslin,7/12/64,12/10/90,1/1/99,Staff
232405,Hongzhu,Riexinger,3/30/63,6/28/92,1/1/99,Senior Staff
232406,Yinlin,Szilard,4/2/62,7/4/95,1/1/99,Staff
232420,Gunilla,Alpin,6/26/63,8/10/85,1/1/99,Engineer
232422,Zorica,Swist,9/1/64,4/26/85,1/1/99,Senior Staff
232426,Jaber,Aumann,1/24/63,3/21/97,1/1/99,Staff
232441,Yagil,Godskesen,2/1/63,4/25/86,1/1/99,Engineer
232456,Ranga,Murtagh,11/3/62,10/3/99,1/1/99,Engineer
232461,Shaleah,Gilg,10/2/62,10/17/95,1/1/99,Staff
232463,Boutros,Lorys,12/17/62,12/3/96,1/1/99,Senior Engineer
232465,Arlette,Miculan,11/21/62,7/18/88,1/1/99,Senior Engineer
232469,Oksana,Rohrbach,2/14/64,3/28/91,1/1/99,Staff
232477,Neelam,Pehl,9/24/64,8/28/97,1/1/99,Staff
232494,Eirik,Pargaonkar,6/2/62,6/6/99,1/1/99,Engineer
232495,Amstein,Koyama,8/12/64,7/27/96,1/1/99,Senior Staff
232500,Junsik,Kermarrec,11/3/64,2/25/93,1/1/99,Senior Staff
232506,Badri,Srimani,1/15/64,3/1/98,1/1/99,Engineer
232517,Kwangsub,Mahmud,5/3/64,4/12/90,1/1/99,Engineer
232519,Supot,Bauknecht,3/14/64,12/3/94,1/1/99,Engineer
232527,Houman,Ritzmann,8/30/63,5/28/85,1/1/99,Engineer
232530,Boguslaw,Luks,12/16/63,5/7/86,1/1/99,Senior Staff
232535,Aimee,Rullman,5/9/64,12/20/98,1/1/99,Senior Staff
232537,Ziva,Ambroszkiewicz,6/26/63,9/18/91,1/1/99,Assistant Engineer
232539,Xiaoheng,Trystram,11/28/64,10/13/88,1/1/99,Staff
232556,Angus,Perfilyeva,10/8/64,1/12/00,1/1/99,Senior Staff
232557,Subbu,Muhlberg,6/21/62,1/8/92,1/1/99,Staff
232562,Nathan,Vigier,3/14/64,5/11/97,1/1/99,Staff
232571,Aris,Junot,4/2/62,1/26/91,1/1/99,Engineer
232576,Erez,Minakawa,5/31/62,7/9/98,1/1/99,Senior Staff
232577,Yagil,Rettelbach,9/10/64,12/26/87,1/1/99,Senior Staff
232580,Prasadram,Ebeling,5/11/64,6/19/89,1/1/99,Senior Engineer
232582,Arnd,Leslie,4/4/63,10/30/92,1/1/99,Senior Engineer
232585,Karoline,Marsiglia,12/16/63,2/7/99,1/1/99,Staff
232586,Eben,Schaap,10/29/63,9/2/94,1/1/99,Engineer
232603,Uriel,Khasidashvili,6/26/63,2/20/91,1/1/99,Engineer
232611,Wonhee,Pezzoli,2/11/64,8/11/89,1/1/99,Senior Engineer
232612,Heeju,Leppanen,6/27/63,5/29/89,1/1/99,Engineer
232614,Diederik,Benzaken,12/28/62,4/23/91,1/1/99,Technique Leader
232619,Moti,Benzaken,1/6/62,12/20/89,1/1/99,Senior Staff
232621,Yahiko,Hinsberger,7/30/64,11/12/86,1/1/99,Engineer
232639,Abdelwaheb,Kossowski,1/10/63,11/28/97,1/1/99,Staff
232640,Keung,Luce,12/5/64,11/27/91,1/1/99,Staff
232650,Marco,Shiratori,4/7/62,10/25/90,1/1/99,Staff
232651,Masaru,Hutton,7/19/63,2/3/93,1/1/99,Engineer
232654,Khue,Serov,8/2/62,8/8/99,1/1/99,Senior Engineer
232658,Rildo,Terlouw,9/22/63,6/8/96,1/1/99,Senior Staff
232660,Jaideep,Biros,12/3/63,3/3/88,1/1/99,Senior Engineer
232663,Lihong,Cincotta,12/7/62,10/23/98,1/1/99,Senior Staff
232665,Dhritiman,Ritcey,1/2/62,11/19/93,1/1/99,Senior Staff
232669,Dines,Homond,8/6/64,4/3/00,1/1/99,Senior Staff
232676,Shugo,Vecchio,12/15/62,2/20/99,1/1/99,Engineer
232678,Shounak,Bolotov,9/5/64,11/3/97,1/1/99,Engineer
232687,Danae,Farrow,8/25/63,8/14/97,1/1/99,Senior Staff
232697,Barry,Ramsak,1/23/65,9/7/90,1/1/99,Senior Engineer
232700,Matk,Krohm,5/15/63,8/2/89,1/1/99,Technique Leader
232702,Teunis,Thiran,4/28/64,1/13/86,1/1/99,Senior Engineer
232710,Basim,Ranum,4/26/62,8/7/88,1/1/99,Senior Engineer
232714,Fan,Gimbel,9/27/64,10/10/97,1/1/99,Engineer
232715,Fumiya,Kinley,12/14/64,7/27/94,1/1/99,Senior Engineer
232718,Utpal,Cools,4/2/62,3/23/85,1/1/99,Senior Staff
232723,Tesuya,Bugrara,1/14/65,2/13/93,1/1/99,Engineer
232730,Makato,Schueller,6/23/63,12/29/87,1/1/99,Technique Leader
232731,Renny,Biran,1/27/62,4/29/93,1/1/99,Technique Leader
232733,Xinan,Morrin,6/10/63,10/29/92,1/1/99,Staff
232740,Niranjan,Katalagarianos,10/21/64,8/10/88,1/1/99,Staff
232741,Marc,Chimia,12/26/62,9/27/97,1/1/99,Engineer
232745,Kwan,Merey,8/15/63,6/25/85,1/1/99,Senior Engineer
232746,Candido,Lammel,3/17/64,4/21/97,1/1/99,Assistant Engineer
232759,Mariangiola,Fiutem,12/3/64,6/22/90,1/1/99,Staff
232763,Zijian,Thorelli,9/9/62,5/19/97,1/1/99,Engineer
232768,Bokyung,Benzaken,6/7/64,12/22/97,1/1/99,Staff
232770,DeForest,Cannane,8/24/64,9/8/90,1/1/99,Staff
232778,Amstein,Simmen,5/1/62,12/11/87,1/1/99,Senior Staff
232783,Tonny,Rotem,7/20/62,9/17/91,1/1/99,Engineer
232793,KayLiang,Cannane,3/10/63,6/16/87,1/1/99,Assistant Engineer
232794,Nimmagadda,Asmuth,12/1/64,5/4/98,1/1/99,Staff
232797,Turgut,Rotem,9/29/64,10/28/99,1/1/99,Assistant Engineer
232800,Aksel,Marsiglia,12/31/63,6/13/95,1/1/99,Senior Engineer
232803,Duro,Coorg,7/2/63,1/23/91,1/1/99,Senior Staff
232809,Siddarth,Gronowski,10/11/63,7/24/88,1/1/99,Senior Staff
232810,Saeed,Kandlur,3/27/64,8/3/98,1/1/99,Engineer
232814,Ewing,Bashian,5/6/62,5/22/89,1/1/99,Senior Staff
232815,Goh,Diderrich,8/17/62,4/3/97,1/1/99,Engineer
232828,Dipayan,Weedon,5/22/64,9/21/93,1/1/99,Engineer
232848,Munehiko,Swab,10/1/63,1/24/91,1/1/99,Senior Engineer
232850,Vasilii,Vecchio,4/22/62,8/25/86,1/1/99,Engineer
232851,Leah,Etalle,4/30/63,12/24/96,1/1/99,Staff
232862,Juichirou,Alameldin,3/22/62,10/20/90,1/1/99,Senior Engineer
232863,Adin,Detkin,9/16/64,4/11/95,1/1/99,Senior Staff
232864,Collette,Woycyznski,10/18/63,11/23/89,1/1/99,Engineer
232870,Alejandro,Wegerle,11/15/62,3/18/94,1/1/99,Senior Staff
232872,Akeel,Tischendorf,4/23/63,7/23/97,1/1/99,Senior Engineer
232873,Babette,Sewelson,6/1/63,7/7/88,1/1/99,Senior Staff
232877,Shai,Gluchowski,1/7/63,8/4/91,1/1/99,Senior Staff
232885,Georgi,Shackel,6/23/63,11/10/88,1/1/99,Senior Staff
232894,Heeju,Perelgut,11/1/62,7/20/90,1/1/99,Senior Staff
232901,Guther,Siepmann,4/11/62,4/4/95,1/1/99,Senior Engineer
232906,Roddy,Cesareni,7/1/63,1/20/99,1/1/99,Engineer
232914,Yuuichi,Sidou,10/9/63,3/20/90,1/1/99,Senior Staff
232926,Achilleas,Emmart,10/16/63,12/6/98,1/1/99,Staff
232927,Ebru,Anger,11/4/62,3/7/02,1/1/99,Senior Staff
232948,Monique,Uchoa,8/31/63,8/27/90,1/1/99,Senior Staff
232956,Tristan,Simmen,12/17/62,10/25/91,1/1/99,Engineer
232959,Ioana,Zeilberger,2/3/64,6/27/02,1/1/99,Staff
232970,Abdulah,Brickell,9/13/63,7/23/87,1/1/99,Senior Staff
232975,Kersti,Vitiello,11/6/62,6/6/93,1/1/99,Staff
232980,Bouchung,Hennings,10/12/62,10/29/91,1/1/99,Senior Staff
232986,Toshiki,Osgood,4/25/62,5/13/94,1/1/99,Engineer
232994,Satosi,Szemeredi,9/12/64,8/25/97,1/1/99,Senior Staff
233004,Maja,Berztiss,1/21/63,6/20/93,1/1/99,Engineer
233005,Ortrun,Bernini,9/23/64,9/29/93,1/1/99,Engineer
233014,Ingmar,Lorie,4/5/62,2/5/87,1/1/99,Engineer
233015,Khedija,Poupard,11/23/63,8/7/91,1/1/99,Senior Engineer
233016,Shay,Stasinski,10/30/64,5/30/87,1/1/99,Senior Staff
233018,Yuichiro,Kamber,3/18/63,5/6/94,1/1/99,Senior Staff
233023,Georgi,Schaaf,1/8/64,8/25/92,1/1/99,Engineer
233029,IEEE,Perna,4/12/63,4/18/99,1/1/99,Engineer
233031,Cheong,Scharstein,5/16/63,9/2/87,1/1/99,Senior Engineer
233033,Pranjal,Waterhouse,1/14/64,2/21/93,1/1/99,Senior Staff
233036,Shooichi,Smeets,9/4/62,4/8/87,1/1/99,Senior Engineer
233039,Ronnie,Emden,9/22/63,4/19/85,1/1/99,Senior Engineer
233042,Renee,Coullard,12/25/63,12/15/86,1/1/99,Assistant Engineer
233052,Uno,Bernardeschi,8/28/63,8/24/87,1/1/99,Senior Engineer
233054,Abdulah,Meszaros,8/27/63,9/15/91,1/1/99,Engineer
233057,Sibyl,Molenaar,10/1/62,12/6/99,1/1/99,Engineer
233062,Kensei,Poulakidas,2/26/64,8/24/86,1/1/99,Engineer
233064,Satoru,Ranze,7/30/63,6/17/90,1/1/99,Senior Engineer
233068,Seongbae,Alpin,1/19/62,8/29/01,1/1/99,Staff
233070,Miquel,Aumann,7/7/64,10/30/87,1/1/99,Engineer
233078,LiMin,Maliniak,12/27/63,12/8/98,1/1/99,Engineer
233081,Aluzio,Matteis,11/1/63,10/10/99,1/1/99,Technique Leader
233085,Nahid,Melter,5/24/62,10/4/92,1/1/99,Senior Staff
233089,Kagan,Hoogerwoord,1/16/63,3/2/93,1/1/99,Technique Leader
233096,Cordelia,Morrow,4/24/64,1/26/91,1/1/99,Senior Staff
233098,Persi,Sommer,5/18/62,1/15/95,1/1/99,Senior Staff
233113,Tetsushi,Godskesen,12/17/63,6/8/98,1/1/99,Staff
233114,Alselm,Gargeya,1/20/65,12/25/87,1/1/99,Senior Engineer
233120,Toshimitsu,Melichar,1/5/64,1/12/92,1/1/99,Engineer
233124,Khoa,Wendorf,8/13/62,1/2/86,1/1/99,Staff
233125,Shiv,Menhardt,2/19/64,11/3/89,1/1/99,Senior Engineer
233128,Janche,Gyimothy,3/25/64,4/7/95,1/1/99,Senior Staff
233135,Pranas,Kuhnemann,10/27/62,12/30/95,1/1/99,Senior Staff
233141,Gill,Katalagarianos,3/20/62,11/8/89,1/1/99,Senior Staff
233144,Larisa,Crelier,12/2/64,2/3/88,1/1/99,Staff
233152,Alagu,Dusink,11/3/62,6/14/98,1/1/99,Engineer
233156,Izaskun,Denis,11/4/62,1/8/98,1/1/99,Senior Staff
233158,Jiann,Chelton,5/10/64,10/22/89,1/1/99,Senior Engineer
233160,Reinhold,Pelz,2/1/64,1/7/93,1/1/99,Engineer
233162,Xiadong,Benantar,1/29/62,3/24/90,1/1/99,Senior Staff
233172,Dipankar,Sanella,11/24/63,10/30/88,1/1/99,Engineer
233173,Mario,Bolotov,9/11/62,9/8/00,1/1/99,Engineer
233179,Tzvetan,Mandelberg,8/25/63,7/7/97,1/1/99,Staff
233180,Cristinel,Apsitis,1/7/64,9/24/88,1/1/99,Assistant Engineer
233181,Etsuo,Vernadat,3/15/63,11/25/89,1/1/99,Engineer
233183,Sumali,Petereit,10/28/64,7/4/92,1/1/99,Senior Staff
233186,Gritta,Muchinsky,1/29/62,11/8/95,1/1/99,Engineer
233189,Hitomi,Bruckman,5/22/63,10/10/86,1/1/99,Senior Staff
233191,Premsyl,Gien,12/12/64,11/6/99,1/1/99,Staff
233195,Breannda,Matzov,9/19/64,5/14/97,1/1/99,Senior Staff
233205,Foong,Alpay,4/27/63,1/5/99,1/1/99,Staff
233208,Shir,Turnbull,5/21/64,12/13/97,1/1/99,Staff
233214,Nigel,Kalsbeek,10/20/62,4/22/97,1/1/99,Senior Engineer
233224,Insup,Barbanera,5/19/62,4/20/88,1/1/99,Senior Staff
233226,Shunichi,Furedi,6/1/64,4/7/94,1/1/99,Senior Staff
233231,Hilari,Merro,1/26/63,9/30/93,1/1/99,Technique Leader
233234,Lijia,Serre,3/29/63,6/30/90,1/1/99,Technique Leader
233237,Kazuhide,Reutenauer,9/25/64,7/27/88,1/1/99,Senior Staff
233240,Dietrich,Thisen,1/14/64,5/3/93,1/1/99,Engineer
233245,Rayond,Riefers,5/1/62,2/3/85,1/1/99,Senior Engineer
233246,Yuping,Murthy,12/30/63,1/6/96,1/1/99,Staff
233248,Chinhyun,Peac,9/10/64,12/28/92,1/1/99,Senior Staff
233254,Sumali,Schneeberger,2/21/63,4/28/95,1/1/99,Technique Leader
233255,Kwan,Antonisse,7/22/64,7/26/87,1/1/99,Senior Engineer
233259,Xumin,Fraisse,4/22/63,8/19/95,1/1/99,Senior Engineer
233266,Zhenhua,Matzel,10/18/63,9/25/96,1/1/99,Staff
233267,Charlene,Ullian,5/23/62,3/21/86,1/1/99,Engineer
233269,George,Cromarty,6/14/63,4/1/88,1/1/99,Senior Staff
233270,Huan,Ghandeharizadeh,1/23/64,9/10/91,1/1/99,Senior Staff
233271,Hongzhu,Detkin,8/14/63,5/8/00,1/1/99,Staff
233279,Danae,Bernick,8/13/62,7/29/97,1/1/99,Staff
233283,Alair,Frijda,4/15/64,1/2/98,1/1/99,Engineer
233285,Holgard,Jeansoulin,7/10/64,1/29/88,1/1/99,Engineer
233289,Palash,Glinert,5/25/64,12/22/01,1/1/99,Senior Engineer
233294,Vitaly,Velasco,6/18/64,12/5/92,1/1/99,Staff
233298,Fumino,Encarnacion,10/12/62,11/2/98,1/1/99,Staff
233301,Karlis,Perz,3/3/64,9/13/89,1/1/99,Senior Staff
233304,Saddek,Sudbeck,6/20/62,1/24/98,1/1/99,Staff
233307,Kamakshi,Heiserman,2/24/63,6/14/88,1/1/99,Staff
233309,Piyawadee,Pena,7/3/64,1/17/96,1/1/99,Senior Staff
233315,Edwin,Borstler,3/5/63,9/13/94,1/1/99,Senior Engineer
233318,Sarita,Perl,6/18/63,5/24/98,1/1/99,Engineer
233319,Janalee,Schade,7/27/64,7/10/85,1/1/99,Senior Engineer
233321,Kaijung,Borovoy,5/18/64,4/20/92,1/1/99,Senior Engineer
233334,Selwyn,Lieblein,12/14/62,5/5/97,1/1/99,Engineer
233337,Eberhardt,Schneeberger,7/21/63,8/31/93,1/1/99,Staff
233344,Shahid,Rosch,5/16/63,6/6/97,1/1/99,Engineer
233350,Arnould,Norsworthy,4/6/64,9/25/90,1/1/99,Senior Engineer
233353,Shen,Rindone,5/16/64,3/22/90,1/1/99,Staff
233363,Magy,Lieberherr,7/18/64,4/30/96,1/1/99,Staff
233367,Guenter,Cooley,7/4/63,7/9/96,1/1/99,Staff
233382,Bojan,Diderrich,12/27/64,3/11/01,1/1/99,Senior Staff
233387,Shaowei,Arlazarov,5/15/64,6/10/97,1/1/99,Senior Engineer
233389,Masanao,Chaudhuri,7/22/63,12/6/90,1/1/99,Senior Staff
233394,Khalid,Lenart,1/6/65,12/24/95,1/1/99,Engineer
233395,Satosi,Vieri,8/14/63,2/22/98,1/1/99,Engineer
233397,Fay,Sundgren,1/16/65,7/7/90,1/1/99,Senior Staff
233398,Boalin,Streng,10/5/62,12/25/88,1/1/99,Senior Staff
233408,Neven,Leuchs,9/1/64,10/28/90,1/1/99,Senior Staff
233413,Wuxu,Leonhardt,5/6/62,11/19/86,1/1/99,Engineer
233416,Yolla,Wroclawski,12/5/64,11/4/90,1/1/99,Senior Engineer
233418,Hilari,Farrag,10/2/64,11/8/90,1/1/99,Senior Engineer
233426,Etsuo,Usery,1/12/65,3/2/95,1/1/99,Senior Engineer
233427,Cristinel,Rusmann,4/20/64,10/17/96,1/1/99,Staff
233433,Pantung,Akiyama,12/2/62,2/10/89,1/1/99,Senior Staff
233435,Uma,Plotkin,8/9/63,5/5/97,1/1/99,Staff
233437,Kristian,Alpay,6/18/63,4/1/94,1/1/99,Senior Engineer
233444,Chanjung,Rebaine,1/9/62,2/9/95,1/1/99,Senior Staff
233445,Sahrah,Reghbati,7/29/62,4/6/90,1/1/99,Senior Staff
233446,Yagil,Atchley,6/16/62,4/1/91,1/1/99,Senior Staff
233449,Masali,Matzel,10/7/63,1/22/97,1/1/99,Engineer
233450,Toshiki,Mahmud,5/21/62,3/24/99,1/1/99,Staff
233458,Lene,Farrag,3/18/62,4/4/88,1/1/99,Staff
233460,Kendra,Heering,8/25/63,12/10/85,1/1/99,Technique Leader
233471,Bedrich,Babu,9/8/64,6/18/94,1/1/99,Engineer
233474,Kazuhiro,Falby,6/20/62,8/31/88,1/1/99,Senior Engineer
233475,Jeong,Boreale,10/25/63,10/31/99,1/1/99,Engineer
233478,Hongzhu,Seghrouchni,1/23/64,7/23/01,1/1/99,Engineer
233486,Gennadi,Pintelas,4/21/62,10/5/93,1/1/99,Staff
233497,Anoosh,Simmen,12/8/63,11/29/91,1/1/99,Senior Engineer
233500,Magdalena,Leppanen,12/20/62,5/8/91,1/1/99,Senior Staff
233502,Trygve,Baumann,3/2/63,9/22/93,1/1/99,Senior Staff
233512,Xiaoshan,Swick,12/22/64,1/20/91,1/1/99,Senior Engineer
233516,Giri,Naudin,6/21/62,12/22/94,1/1/99,Senior Engineer
233532,Kamakshi,Aloisi,10/31/63,6/6/96,1/1/99,Staff
233540,Tremaine,Raczkowsky,11/19/63,5/21/91,1/1/99,Senior Staff
233546,Hiroyasu,Rijsenbrij,3/23/64,10/16/95,1/1/99,Engineer
233556,Gennadi,Stiles,10/15/63,6/5/93,1/1/99,Senior Engineer
233564,Erzsebet,Blokdijk,7/7/63,7/23/87,1/1/99,Senior Engineer
233565,Shigeichiro,Krzyzanowski,3/28/63,1/2/92,1/1/99,Staff
233584,Hein,Cooley,3/21/64,6/17/86,1/1/99,Senior Staff
233589,Nectarios,Tsukune,10/24/64,9/19/90,1/1/99,Engineer
233592,Dekang,Picci,12/12/62,5/3/95,1/1/99,Engineer
233598,Toshimori,Moehrke,10/21/64,2/24/86,1/1/99,Senior Engineer
233599,Chenyi,Vesel,10/15/62,11/12/88,1/1/99,Senior Staff
233618,Srinidhi,Bahi,6/8/62,5/8/85,1/1/99,Senior Staff
233622,Serenella,Babu,5/18/64,7/10/96,1/1/99,Staff
233625,Byong,Perry,12/16/64,8/1/86,1/1/99,Senior Staff
233630,Shaowei,Delgrange,11/9/64,12/3/96,1/1/99,Senior Engineer
233634,Hilari,Ohori,8/14/62,11/29/88,1/1/99,Staff
233637,Alejandra,Borstler,8/7/62,1/26/94,1/1/99,Staff
233638,Marin,Dehkordi,5/18/63,12/22/97,1/1/99,Engineer
233640,Moheb,Babb,1/26/64,8/8/86,1/1/99,Technique Leader
233651,Deborah,Takanami,12/1/64,1/18/88,1/1/99,Senior Engineer
233654,Vatsa,Erva,5/5/64,6/13/88,1/1/99,Engineer
233655,Arch,Parveen,5/14/63,5/5/86,1/1/99,Staff
233658,Goetz,Hiroyama,1/11/63,1/19/95,1/1/99,Senior Staff
233670,Sreekrishna,Uehara,12/17/63,6/3/98,1/1/99,Senior Staff
233674,Boriana,Baumann,3/19/62,10/18/86,1/1/99,Senior Engineer
233686,Chenye,Winter,12/22/62,2/26/91,1/1/99,Senior Staff
233688,Changho,Gopalakrishnan,10/25/62,3/27/95,1/1/99,Staff
233689,Ramachenga,Sevcikova,6/17/63,1/17/00,1/1/99,Senior Engineer
233690,Cedric,Riefers,1/17/65,9/8/94,1/1/99,Engineer
233692,Marsha,Rosenbaum,1/14/62,7/9/95,1/1/99,Staff
233696,Mori,Farrar,6/13/63,11/7/92,1/1/99,Senior Engineer
233712,Ioana,Mawatari,1/14/62,1/19/98,1/1/99,Engineer
233713,Takanari,Masamoto,8/30/63,7/17/86,1/1/99,Senior Engineer
233715,Zengping,Nishimukai,2/14/63,3/4/00,1/1/99,Engineer
233725,Junichi,Peek,1/15/63,4/10/90,1/1/99,Senior Staff
233726,Bilhanan,Cyne,3/17/62,10/30/96,1/1/99,Staff
233728,Brewster,Delaune,12/1/64,7/22/90,1/1/99,Staff
233739,Debatosh,Dratva,8/11/64,9/12/91,1/1/99,Staff
233740,JiYoung,Schusler,11/29/64,10/2/94,1/1/99,Technique Leader
233743,Srinidhi,Erdmenger,3/29/62,1/16/94,1/1/99,Staff
233753,Wayne,Flexer,7/25/63,3/9/90,1/1/99,Senior Engineer
233759,Zissis,Lodder,1/14/65,5/27/00,1/1/99,Engineer
233763,Baruch,Esteva,9/15/62,9/27/90,1/1/99,Engineer
233765,Kotesh,Chachaty,1/20/65,3/25/91,1/1/99,Engineer
233768,Dzung,Lipner,2/2/63,12/30/96,1/1/99,Staff
233769,Lena,Rindone,12/2/62,5/15/86,1/1/99,Senior Engineer
233774,Joydip,Onuegbe,1/18/64,6/8/95,1/1/99,Assistant Engineer
233777,Larisa,Hiltgen,12/13/63,3/19/99,1/1/99,Senior Engineer
233779,Fumino,Uhrig,1/13/62,12/30/91,1/1/99,Engineer
233781,Rasikan,Frolund,5/20/64,7/3/89,1/1/99,Engineer
233784,Takahiro,Sichman,7/14/62,8/3/90,1/1/99,Engineer
233785,Baziley,Ballarin,1/30/65,7/28/87,1/1/99,Senior Staff
233789,Alselm,Mapelli,9/25/62,5/9/92,1/1/99,Technique Leader
233795,Mayuri,Lichtman,5/13/64,2/4/99,1/1/99,Senior Engineer
233803,Eran,Asser,1/1/64,11/19/96,1/1/99,Staff
233808,Koldo,Koshino,4/29/64,8/1/90,1/1/99,Senior Staff
233816,Yishay,Braunschweig,2/20/62,2/24/94,1/1/99,Technique Leader
233818,Kellie,Heydon,1/1/65,11/11/85,1/1/99,Engineer
233833,Serif,Demri,6/7/62,10/5/89,1/1/99,Senior Engineer
233843,Fun,Kropp,7/11/62,8/9/94,1/1/99,Senior Engineer
233845,Baziley,Hiyoshi,12/22/64,3/4/99,1/1/99,Senior Staff
233846,Jaewoo,Bellone,7/6/62,7/12/93,1/1/99,Senior Engineer
233849,Mani,Honglei,3/13/62,2/22/95,1/1/99,Engineer
233853,Basil,Mullainathan,7/9/62,2/12/88,1/1/99,Senior Engineer
233855,Rafail,Veldwijk,3/25/62,9/6/88,1/1/99,Engineer
233856,Wuxu,Viele,12/10/64,12/16/96,1/1/99,Senior Engineer
233859,Phillip,Sullins,1/17/63,6/23/93,1/1/99,Assistant Engineer
233860,Alejandra,Duclos,1/22/64,12/14/92,1/1/99,Engineer
233861,Arne,Gornas,7/8/63,3/25/86,1/1/99,Staff
233864,Dekang,Schaft,9/2/62,8/17/97,1/1/99,Staff
233881,Petter,Buescher,3/10/64,3/23/95,1/1/99,Senior Staff
233888,Adhemar,Hiltgen,2/14/64,10/4/92,1/1/99,Engineer
233900,Vojin,Caine,1/12/62,3/15/95,1/1/99,Engineer
233904,Martins,Bottner,3/25/64,3/1/98,1/1/99,Engineer
233911,Aran,Yurek,11/15/64,10/26/89,1/1/99,Senior Engineer
233927,Masaki,Loncour,7/14/64,5/29/97,1/1/99,Engineer
233928,Prodip,Brickell,1/28/63,11/8/99,1/1/99,Engineer
233931,Mani,Tyugu,5/23/62,11/26/95,1/1/99,Engineer
233939,Annemarie,Kavvadias,5/20/62,9/22/90,1/1/99,Senior Staff
233944,Sanjeeva,DasSarma,2/23/62,4/22/85,1/1/99,Engineer
233947,Shan,Uehara,11/11/64,12/31/95,1/1/99,Assistant Engineer
233957,Masaki,Gill,10/21/63,2/11/89,1/1/99,Senior Engineer
233962,Adit,Schaar,10/16/64,9/14/87,1/1/99,Engineer
233972,Chuanti,Randi,10/13/62,3/10/95,1/1/99,Technique Leader
233979,Denis,Pews,5/18/63,4/27/87,1/1/99,Staff
233989,Mohamadou,Gulik,10/10/62,5/12/87,1/1/99,Staff
233992,Sadok,Morrin,8/8/62,3/4/85,1/1/99,Staff
233993,Nishit,Lamma,2/11/64,11/2/90,1/1/99,Staff
233998,Shalesh,Baby,7/2/64,1/18/94,1/1/99,Senior Staff
234000,Heather,Binding,8/12/64,9/4/93,1/1/99,Technique Leader
234001,Lijia,Mamelak,8/11/63,2/4/95,1/1/99,Senior Staff
234005,Marko,Eugenio,5/6/63,8/29/92,1/1/99,Staff
234006,Mrinalini,Butner,2/6/64,7/29/00,1/1/99,Engineer
234026,Tadanori,Yavatkar,5/28/63,8/10/85,1/1/99,Engineer
234032,Mountaz,Monkewich,12/13/63,10/27/95,1/1/99,Senior Staff
234033,Piyawadee,Angel,12/11/64,6/8/94,1/1/99,Senior Engineer
234037,Huiqun,Alblas,11/16/63,3/21/93,1/1/99,Senior Engineer
234050,Niclas,Attimonelli,3/26/63,9/25/99,1/1/99,Engineer
234059,Kensyu,Halevi,4/25/64,3/31/99,1/1/99,Engineer
234067,Kensyu,Flexer,3/19/64,5/26/90,1/1/99,Staff
234071,Souichi,Serre,12/15/62,6/8/95,1/1/99,Senior Staff
234075,Moriyoshi,Schueller,3/24/64,5/11/92,1/1/99,Senior Engineer
234076,Kwun,Dolinsky,6/7/63,2/10/97,1/1/99,Engineer
234078,Doowon,Iacovou,2/24/64,12/3/91,1/1/99,Senior Staff
234079,Tsuneo,Linares,9/27/63,2/27/94,1/1/99,Staff
234090,Ger,Lupu,1/19/63,4/8/87,1/1/99,Staff
234095,Arlette,Quadeer,8/9/63,12/5/95,1/1/99,Senior Engineer
234096,Ravishankar,Mahmud,12/30/64,8/17/95,1/1/99,Engineer
234097,Rosita,Qiwen,9/21/64,5/6/88,1/1/99,Senior Engineer
234101,Takahira,Chiodo,4/26/62,2/26/95,1/1/99,Engineer
234102,Khaled,Manderick,8/29/63,3/19/93,1/1/99,Staff
234104,Shuji,Laurillard,6/9/62,12/22/85,1/1/99,Senior Engineer
234112,Moon,Warwick,11/26/63,8/6/90,1/1/99,Engineer
234117,Bilhanan,Giarratana,5/13/64,4/21/92,1/1/99,Engineer
234118,Uli,Granlund,6/13/63,4/23/89,1/1/99,Senior Staff
234139,Subir,Zweizig,3/25/64,4/10/99,1/1/99,Engineer
234141,Hsiangchu,Denis,7/25/64,5/9/87,1/1/99,Senior Staff
234143,Zsolt,Yavatkar,9/9/63,9/5/86,1/1/99,Senior Staff
234150,Xinyu,Krichel,8/12/64,5/28/93,1/1/99,Senior Engineer
234154,Khaled,Liedekerke,10/25/64,1/23/90,1/1/99,Staff
234155,Mingsen,Champarnaud,6/20/62,7/4/91,1/1/99,Senior Staff
234159,Tremaine,Marletta,11/7/63,7/30/99,1/1/99,Engineer
234165,Sashi,Kalloufi,5/10/63,3/26/97,1/1/99,Engineer
234178,Feipei,Pouyioutas,10/16/64,9/9/93,1/1/99,Engineer
234182,Mountaz,Braunmuhl,10/28/62,3/19/88,1/1/99,Senior Staff
234189,Fatemeh,Denos,2/20/63,2/19/89,1/1/99,Senior Engineer
234195,Luerbio,Terkki,1/7/65,5/14/91,1/1/99,Senior Staff
234200,Nikolaos,Varman,3/2/62,11/18/95,1/1/99,Senior Engineer
234203,Magdalena,Heyers,7/29/63,10/15/92,1/1/99,Engineer
234222,Suebskul,Dulay,4/1/63,10/20/87,1/1/99,Senior Staff
234227,Jaques,Koshiba,10/29/62,5/12/98,1/1/99,Staff
234238,Marko,Sethi,3/6/63,5/8/92,1/1/99,Senior Engineer
234248,Sumali,Muntz,6/4/62,11/30/99,1/1/99,Engineer
234251,Miquel,Lammel,11/8/62,11/26/95,1/1/99,Technique Leader
234254,Ulises,Dymetman,3/29/62,12/18/98,1/1/99,Senior Engineer
234262,Valeri,Winter,4/28/63,11/2/95,1/1/99,Engineer
234267,Kamakshi,Rajala,3/24/62,6/26/91,1/1/99,Senior Staff
234268,Chaosheng,Kaiser,4/5/63,2/27/95,1/1/99,Engineer
234270,Shawna,Rosay,11/20/63,7/30/97,1/1/99,Engineer
234272,Barton,Perin,11/21/62,7/16/87,1/1/99,Engineer
234277,Dipayan,Peternell,9/24/62,10/23/98,1/1/99,Staff
234287,Sajjan,Desikan,8/21/62,9/5/90,1/1/99,Senior Engineer
234293,Karsten,Langford,9/25/64,4/26/92,1/1/99,Engineer
234306,Shooichi,Luby,3/7/64,12/20/97,1/1/99,Staff
234316,Xuedong,Honiden,3/16/64,12/20/89,1/1/99,Senior Engineer
234328,Ayakannu,Hanratty,3/22/63,1/24/91,1/1/99,Staff
234333,Gina,Lorch,6/25/63,10/26/87,1/1/99,Engineer
234335,Miquel,Rabehasaina,1/5/64,4/14/97,1/1/99,Senior Staff
234340,Menkae,Benveniste,3/9/64,4/8/87,1/1/99,Staff
234341,Dante,Leuchs,11/16/62,8/13/97,1/1/99,Engineer
234344,Toshiki,Matzat,2/29/64,4/12/98,1/1/99,Engineer
234354,George,Kriebel,2/12/63,8/1/92,1/1/99,Senior Engineer
234364,Marke,Gimbel,3/26/62,5/27/95,1/1/99,Engineer
234368,Tzu,Unni,1/26/64,9/7/98,1/1/99,Assistant Engineer
234369,Elgin,Constantine,11/5/64,8/15/93,1/1/99,Senior Staff
234371,Satosi,Chleq,6/21/63,7/2/86,1/1/99,Engineer
234373,Premal,Prenel,4/12/64,1/26/94,1/1/99,Senior Staff
234375,Khoa,Borstler,1/29/62,8/15/97,1/1/99,Engineer
234392,Jixiang,Yemenis,8/31/62,2/28/95,1/1/99,Engineer
234401,Samphel,Dalton,12/9/64,10/11/89,1/1/99,Senior Staff
234402,Rosita,Katiyar,3/10/64,10/3/88,1/1/99,Senior Engineer
234409,Adas,Kawashima,8/3/62,1/6/99,1/1/99,Staff
234413,Weiyi,Reinhart,5/28/64,7/2/96,1/1/99,Staff
234414,Nigel,Lovengreen,6/15/62,6/11/87,1/1/99,Senior Engineer
234418,Bojan,Nitsche,2/5/63,3/25/90,1/1/99,Technique Leader
234420,Shir,Einsfeld,5/14/63,7/28/99,1/1/99,Engineer
234425,Khalid,Schlumberger,1/26/63,8/12/92,1/1/99,Engineer
234430,Huan,Gecseg,7/19/62,8/31/92,1/1/99,Staff
234436,Lucien,Vesna,7/11/64,7/19/86,1/1/99,Staff
234440,Khalid,Kusalik,1/22/63,2/3/93,1/1/99,Senior Engineer
234458,Hironoby,Sadowski,5/10/64,3/31/02,1/1/99,Senior Staff
234459,Shaowei,Lienhardt,6/26/64,10/21/88,1/1/99,Senior Engineer
234460,Stamatina,Paludetto,3/30/62,1/5/98,1/1/99,Technique Leader
234461,Kenton,Biros,10/19/63,7/3/85,1/1/99,Senior Engineer
234467,Boaz,Bahi,4/8/63,3/22/93,1/1/99,Engineer
234470,Christ,Yoshimura,5/1/64,2/28/98,1/1/99,Engineer
234472,Kazuhiko,Hardjono,2/26/62,6/3/96,1/1/99,Engineer
234478,Lene,Antonisse,9/1/63,5/19/99,1/1/99,Engineer
234485,Vishwani,Stranks,7/10/64,10/21/86,1/1/99,Senior Staff
234492,Vasilii,Brandsma,12/25/64,5/11/89,1/1/99,Staff
234496,Thodoros,Zambonelli,5/27/62,8/21/89,1/1/99,Senior Staff
234499,Lenore,Akazan,3/21/64,8/20/86,1/1/99,Senior Engineer
234513,Haldon,Yetim,12/26/64,1/11/98,1/1/99,Engineer
234528,Bedrich,Kuhnemann,1/26/62,12/15/87,1/1/99,Engineer
234532,Dung,Ghazalie,3/31/64,3/1/89,1/1/99,Technique Leader
234534,Tomofumi,Speel,5/4/63,3/28/91,1/1/99,Senior Staff
234537,Berry,Zlotek,11/16/64,7/16/98,1/1/99,Senior Staff
234540,Valdiodio,Pleszkun,5/24/64,2/9/85,1/1/99,Senior Staff
234550,Zhanqiu,Onuegbe,6/16/64,8/31/91,1/1/99,Staff
234571,Breannda,Koblick,4/16/62,6/19/87,1/1/99,Senior Engineer
234572,Brendon,Leonhardt,8/19/62,11/24/97,1/1/99,Engineer
234579,Rafols,Thambidurai,11/3/62,9/7/94,1/1/99,Technique Leader
234584,Saeko,Silva,3/24/63,8/20/90,1/1/99,Staff
234585,Lakshmi,Soloway,2/13/62,8/3/01,1/1/99,Engineer
234595,Luigi,Billawala,6/18/64,9/2/97,1/1/99,Staff
234602,Xudong,Liesche,6/20/63,8/1/85,1/1/99,Engineer
234610,Mountaz,Selenyi,7/3/62,7/16/98,1/1/99,Engineer
234611,Shaibal,Lindqvist,6/22/64,11/21/92,1/1/99,Staff
234612,Alain,Andreotta,5/2/62,4/24/86,1/1/99,Senior Staff
234614,Aleksander,Nations,6/19/63,3/26/99,1/1/99,Senior Staff
234618,Chenye,Baezner,10/7/62,6/24/92,1/1/99,Engineer
234622,Charmane,Demir,2/25/63,12/20/90,1/1/99,Senior Staff
234628,Phuoc,Kavraki,8/28/62,9/2/86,1/1/99,Senior Engineer
234630,Jahangir,Ozery,5/5/63,7/31/91,1/1/99,Senior Engineer
234631,Aran,Bernatsky,2/5/63,12/2/93,1/1/99,Senior Staff
234634,Georgy,Lores,11/29/64,7/27/90,1/1/99,Staff
234647,Zhiguo,Hebden,3/16/62,4/13/95,1/1/99,Senior Engineer
234654,Shaibal,Zongker,6/4/64,12/12/98,1/1/99,Staff
234660,Vidar,Valtorta,8/23/62,4/9/99,1/1/99,Senior Staff
234661,Shooichi,Krogh,10/11/63,10/21/01,1/1/99,Senior Engineer
234667,Bodh,Akaboshi,3/13/62,9/7/97,1/1/99,Engineer
234695,Shuky,Candan,4/22/64,10/13/88,1/1/99,Senior Engineer
234706,Bodh,Lampe,9/24/62,3/19/92,1/1/99,Staff
234713,Sachio,Bottner,1/25/62,2/21/86,1/1/99,Staff
234720,Ingemar,Comyn,5/22/64,11/2/89,1/1/99,Senior Staff
234724,Martina,Keohane,6/28/64,8/8/97,1/1/99,Senior Staff
234727,Marjo,Farrag,9/24/64,10/28/99,1/1/99,Staff
234736,Zhaofang,Harbusch,9/15/62,7/15/90,1/1/99,Engineer
234738,Isamu,Alblas,8/30/62,1/11/88,1/1/99,Engineer
234739,Foong,Aamodt,1/31/65,6/28/86,1/1/99,Senior Engineer
234743,Sven,Rijckaert,8/18/62,2/8/85,1/1/99,Engineer
234747,Xinan,Hagimont,10/26/64,12/18/90,1/1/99,Engineer
234748,Shaibal,Tsukune,7/10/63,6/11/86,1/1/99,Staff
234755,Munehiko,Peng,8/6/62,4/10/93,1/1/99,Staff
234763,Doowon,Badr,12/7/63,12/31/95,1/1/99,Staff
234771,Shunichi,Peac,10/16/63,5/21/86,1/1/99,Senior Staff
234788,Hatim,Tasistro,9/19/62,5/11/96,1/1/99,Engineer
234791,Moie,Lund,4/1/63,5/21/91,1/1/99,Staff
234792,Herbert,Miara,3/21/63,10/19/99,1/1/99,Staff
234810,Arun,Usery,5/11/64,5/8/96,1/1/99,Staff
234819,Sachar,Cochrane,5/8/64,12/31/95,1/1/99,Staff
234831,Ramachenga,Ranka,3/6/64,9/17/85,1/1/99,Senior Staff
234838,Khalil,Tetzlaff,4/23/62,1/18/87,1/1/99,Staff
234845,Gudjon,Baez,2/1/63,8/12/97,1/1/99,Staff
234846,Hatsukazu,Onuegbe,11/22/63,4/14/92,1/1/99,Engineer
234849,Serge,DasSarma,11/26/64,1/1/96,1/1/99,Staff
234858,Gully,Ressouche,6/20/62,8/29/99,1/1/99,Staff
234869,Zhongwei,Cronin,5/15/64,10/27/91,1/1/99,Staff
234875,Duri,Pileggi,5/6/62,10/30/96,1/1/99,Engineer
234880,Mack,Luders,7/12/63,10/2/87,1/1/99,Senior Engineer
234883,Basim,Rikino,8/1/62,10/16/96,1/1/99,Engineer
234892,Moriyoshi,Cannata,8/10/63,11/28/99,1/1/99,Engineer
234900,Elliott,Dayana,2/27/62,8/4/00,1/1/99,Senior Engineer
234905,Peer,Sommer,2/4/64,2/28/92,1/1/99,Senior Engineer
234909,Hairong,Fioravanti,10/21/63,6/28/93,1/1/99,Senior Engineer
234914,Xuejia,Stasinski,2/10/63,7/11/95,1/1/99,Assistant Engineer
234916,Georgy,Clouatre,11/18/63,1/13/96,1/1/99,Senior Engineer
234921,Tzvetan,Heemskerk,4/30/62,7/20/85,1/1/99,Staff
234925,Moheb,Eterovic,7/1/64,1/10/90,1/1/99,Senior Engineer
234927,Geoffry,Heemskerk,4/18/63,10/11/88,1/1/99,Senior Engineer
234935,Honglan,Vieth,9/8/62,6/4/97,1/1/99,Technique Leader
234936,Perla,Mellouli,5/31/63,12/13/98,1/1/99,Staff
234940,Guenter,Puppe,7/4/64,3/22/94,1/1/99,Engineer
234951,Sampalli,Kornatzky,7/25/63,9/25/92,1/1/99,Senior Staff
234956,Mechthild,Stanger,9/23/62,4/14/89,1/1/99,Senior Engineer
234977,Miyeon,Atrawala,10/24/62,5/7/90,1/1/99,Staff
234986,Sanjai,Setiz,10/20/63,4/23/89,1/1/99,Senior Staff
234987,Martien,Demeyer,8/14/62,6/28/94,1/1/99,Technique Leader
234989,Arno,Gide,1/12/64,8/14/85,1/1/99,Senior Engineer
234997,Marsja,Jansch,4/10/63,10/2/97,1/1/99,Staff
234999,Nidapan,Ruther,6/16/63,10/29/97,1/1/99,Engineer
235007,Rafols,Flexer,9/27/62,11/8/88,1/1/99,Staff
235015,Tse,Setlzner,2/17/62,8/19/90,1/1/99,Staff
235017,Irena,Dratva,1/17/65,9/7/91,1/1/99,Senior Staff
235023,Gor,Pesch,6/26/62,11/30/93,1/1/99,Staff
235035,Renny,Laurillard,4/28/63,1/21/88,1/1/99,Senior Staff
235038,Conor,Shokrollahi,9/6/62,9/5/96,1/1/99,Senior Staff
235041,Kshitij,Stellhorn,12/18/64,8/15/90,1/1/99,Senior Staff
235053,Noritoshi,McAlpine,12/1/63,9/27/85,1/1/99,Senior Engineer
235054,Dipankar,Rahimi,4/10/64,8/22/85,1/1/99,Staff
235059,Yuuichi,Angiulli,6/7/63,12/4/95,1/1/99,Staff
235061,Premal,Tomescu,7/27/62,1/9/90,1/1/99,Senior Staff
235065,Etsuo,Orsini,12/7/63,5/31/92,1/1/99,Staff
235068,Moto,Lampe,4/28/64,11/29/95,1/1/99,Staff
235070,Radoslaw,Cheshire,4/29/64,6/21/91,1/1/99,Senior Staff
235083,Gritta,Vecchi,1/15/64,11/30/95,1/1/99,Engineer
235096,Sverrir,Gyimothy,1/21/65,7/30/95,1/1/99,Staff
235100,Angel,Krider,4/12/62,3/7/92,1/1/99,Senior Engineer
235104,Jovan,Showalter,9/18/64,12/20/97,1/1/99,Staff
235120,Mona,Jiang,5/17/64,8/30/99,1/1/99,Staff
235125,Tsz,Munos,10/7/63,7/3/94,1/1/99,Engineer
235129,Vishwani,Redmiles,9/7/63,6/4/99,1/1/99,Staff
235133,Arch,Taneja,8/4/64,11/6/89,1/1/99,Staff
235139,Jeong,Kobara,3/11/62,2/7/87,1/1/99,Senior Engineer
235142,Indrajit,Jahnichen,2/13/62,11/21/98,1/1/99,Assistant Engineer
235163,Hein,McClurg,9/11/62,8/3/97,1/1/99,Senior Staff
235172,Tomoyuki,Ulupinar,7/13/63,2/13/94,1/1/99,Staff
235178,Uinam,Czap,1/20/62,12/19/98,1/1/99,Staff
235183,Arne,Cooke,8/12/62,7/27/85,1/1/99,Assistant Engineer
235194,Venkatesan,Meszaros,2/17/63,11/27/90,1/1/99,Staff
235199,Shen,Erev,10/25/64,1/24/00,1/1/99,Staff
235202,Guoxiang,Ernst,4/24/64,5/4/95,1/1/99,Engineer
235205,Lijie,Tchuente,10/8/62,8/11/98,1/1/99,Engineer
235207,Thodoros,Baaz,1/22/62,8/8/93,1/1/99,Engineer
235209,Nobuyoshi,Kowalchuk,10/29/63,7/30/95,1/1/99,Engineer
235216,Diederik,Tramer,4/2/62,7/5/92,1/1/99,Assistant Engineer
235221,Ebbe,Danlos,7/31/62,10/26/99,1/1/99,Engineer
235224,Bowen,Cochrane,8/29/64,4/14/99,1/1/99,Staff
235238,Pranjal,Albarhamtoshy,6/9/63,10/8/87,1/1/99,Senior Staff
235240,Takahira,Heuser,11/21/63,4/27/85,1/1/99,Senior Staff
235241,Slavian,Jording,5/3/64,12/4/97,1/1/99,Staff
235250,Fuqing,Parveen,2/17/64,5/4/86,1/1/99,Senior Staff
235256,Sudharsan,Keirsey,1/16/63,10/31/91,1/1/99,Engineer
235259,Leif,Giveon,3/21/63,8/19/87,1/1/99,Engineer
235260,Dines,Gill,7/23/62,8/30/99,1/1/99,Engineer
235262,Heon,Goodrum,7/25/62,5/12/98,1/1/99,Engineer
235266,Subbu,Engelmann,12/20/64,5/21/85,1/1/99,Engineer
235288,Sastry,Bugaenko,3/13/63,7/29/95,1/1/99,Senior Staff
235295,Malu,Erva,4/21/62,4/22/88,1/1/99,Engineer
235299,Lalit,McAffer,3/24/64,7/6/94,1/1/99,Senior Engineer
235308,Lena,Buchter,6/11/62,8/6/96,1/1/99,Staff
235312,Lene,Salverda,8/21/64,4/23/98,1/1/99,Technique Leader
235320,Sashi,Back,3/5/62,7/27/92,1/1/99,Senior Engineer
235322,Jordanka,Horswill,9/21/63,3/2/93,1/1/99,Senior Engineer
235323,Kwee,Cummings,2/27/62,9/20/85,1/1/99,Engineer
235325,Gro,Prochazka,1/6/65,10/16/92,1/1/99,Engineer
235328,Marek,Ventosa,2/25/62,10/27/89,1/1/99,Senior Engineer
235332,Sreenivas,Pardalos,6/25/62,2/27/95,1/1/99,Engineer
235333,Masaru,Bratsberg,12/10/63,6/7/98,1/1/99,Staff
235350,Horward,Servieres,6/13/63,6/5/88,1/1/99,Engineer
235352,Bedir,Munke,6/15/63,4/10/94,1/1/99,Senior Engineer
235354,Utpal,Ranai,11/8/63,2/20/02,1/1/99,Staff
235355,LiMin,Iwayama,6/4/64,8/8/91,1/1/99,Senior Engineer
235368,Anneli,Joslin,1/9/65,4/12/87,1/1/99,Senior Engineer
235369,Pradeep,Waleschkowski,9/11/64,10/6/90,1/1/99,Senior Engineer
235370,Jixiang,Bridgland,5/2/62,3/2/99,1/1/99,Senior Engineer
235383,Yahiko,Cannard,5/23/62,11/11/97,1/1/99,Technique Leader
235384,Mohamadou,Zeilberger,10/17/64,8/28/91,1/1/99,Senior Staff
235387,Adhemar,Zschoche,11/18/64,12/20/94,1/1/99,Staff
235389,Sariel,Luks,7/11/62,8/29/90,1/1/99,Senior Staff
235390,Khedija,Perri,5/21/63,5/17/96,1/1/99,Engineer
235398,Serge,Hashii,2/9/63,6/25/94,1/1/99,Senior Staff
235405,Syozo,Rosiles,4/11/64,6/14/85,1/1/99,Senior Staff
235408,Pascal,Polajnar,8/9/64,2/14/95,1/1/99,Engineer
235412,Maren,Zallocco,12/15/62,9/13/85,1/1/99,Engineer
235413,Isaac,Hutton,10/15/63,9/27/98,1/1/99,Assistant Engineer
235414,Sverrir,Rajcani,9/6/64,8/11/94,1/1/99,Senior Staff
235416,Zissis,Perz,5/2/62,2/3/99,1/1/99,Staff
235421,Masako,Ranta,7/8/63,4/17/92,1/1/99,Senior Engineer
235424,Zito,Nourani,11/1/62,1/15/92,1/1/99,Senior Engineer
235431,Krister,Vesel,2/22/62,8/28/01,1/1/99,Senior Staff
235440,Byong,Chepyzhov,2/26/62,1/3/93,1/1/99,Senior Engineer
235452,Henk,Pehl,10/29/63,4/10/95,1/1/99,Assistant Engineer
235457,Jeanna,Feldmann,3/31/63,10/30/92,1/1/99,Engineer
235458,Gio,Heuser,1/5/65,6/28/92,1/1/99,Senior Staff
235462,Terresa,Sooriamurthi,8/22/63,7/20/96,1/1/99,Engineer
235466,Gretta,Neimat,10/28/62,11/2/93,1/1/99,Senior Staff
235479,Anwar,Kuzuoka,11/26/62,11/17/86,1/1/99,Senior Staff
235484,Jasminko,Sidou,4/6/62,3/24/94,1/1/99,Technique Leader
235485,Girolamo,Zhang,1/18/62,2/15/85,1/1/99,Engineer
235498,Sahrah,Maierhofer,1/13/63,7/29/88,1/1/99,Senior Staff
235502,Mingsen,Mattern,4/20/63,8/30/86,1/1/99,Engineer
235504,Mokhtar,Erde,2/13/64,12/13/87,1/1/99,Senior Engineer
235510,Koldo,Vecchio,2/29/64,11/10/95,1/1/99,Engineer
235518,Bodh,Baaleh,1/16/64,5/8/87,1/1/99,Senior Engineer
235520,Ung,Hiroyama,7/18/62,7/6/87,1/1/99,Engineer
235521,Jixiang,Hofmeyr,2/10/64,6/1/91,1/1/99,Staff
235525,Saddek,Clemencon,4/17/64,6/11/95,1/1/99,Senior Staff
235527,Achilleas,Vilarrasa,11/10/63,9/15/97,1/1/99,Technique Leader
235532,Changho,Ghelli,6/19/64,6/23/87,1/1/99,Staff
235533,Gretta,Perelgut,8/9/63,3/11/89,1/1/99,Engineer
235535,Mototsugu,Pettey,2/20/63,8/4/97,1/1/99,Staff
235537,Tomoyuki,Anguita,6/5/62,8/22/88,1/1/99,Senior Engineer
235542,Fumiyo,Vanwelkenhuysen,10/2/62,8/13/99,1/1/99,Staff
235552,Heekeun,Griswold,11/6/64,3/29/89,1/1/99,Senior Engineer
235559,Jiafu,Wilharm,4/13/63,8/7/93,1/1/99,Staff
235564,Rosalyn,Hofstetter,4/8/64,6/2/87,1/1/99,Senior Staff
235584,Hatem,Yetto,7/2/64,3/11/86,1/1/99,Engineer
235586,Takahiro,Rissanen,6/10/64,12/8/91,1/1/99,Senior Staff
235592,Shuky,Conia,5/19/64,7/26/96,1/1/99,Staff
235596,Gio,Prenel,6/6/62,9/2/90,1/1/99,Senior Staff
235612,Bojan,Pesch,3/27/62,1/27/98,1/1/99,Engineer
235618,Haldun,Radivojevic,2/27/62,3/27/95,1/1/99,Engineer
235624,Kerryn,Merli,6/29/63,8/2/98,1/1/99,Senior Staff
235635,Sumant,Baby,8/30/62,1/30/94,1/1/99,Engineer
235637,Paddy,Zallocco,9/16/62,7/27/95,1/1/99,Senior Staff
235641,Billie,Haraldson,2/9/64,11/28/93,1/1/99,Senior Staff
235644,Shim,Boudaillier,4/7/62,1/7/98,1/1/99,Engineer
235647,Adin,Parhami,10/28/64,1/15/91,1/1/99,Senior Staff
235649,Saddek,Serre,12/25/63,6/24/86,1/1/99,Assistant Engineer
235650,Khosrow,Godskesen,3/31/63,6/23/93,1/1/99,Engineer
235657,Nirmal,DiGiano,10/12/63,11/10/88,1/1/99,Engineer
235668,Nigel,Babu,11/7/64,11/14/99,1/1/99,Senior Engineer
235669,Nikolaos,Hennebert,1/6/63,1/6/00,1/1/99,Engineer
235671,Suebskul,Ferriere,11/28/63,5/7/96,1/1/99,Engineer
235676,Chuanyi,Smailagic,12/12/64,8/4/86,1/1/99,Senior Engineer
235681,Shuky,Chorvat,12/27/64,8/19/87,1/1/99,Senior Engineer
235682,Guenter,Lundstrom,6/26/62,6/19/95,1/1/99,Engineer
235688,Shigehiro,Angot,1/25/62,5/31/90,1/1/99,Senior Staff
235697,Babette,Ladret,8/19/63,8/28/94,1/1/99,Staff
235700,Franziska,Ambroszkiewicz,3/2/62,5/16/94,1/1/99,Staff
235704,Sahrah,Bale,1/24/63,5/6/94,1/1/99,Technique Leader
235705,Kayoko,Gomatam,5/18/63,8/30/93,1/1/99,Senior Staff
235712,Vasilis,Murtafg,5/1/64,1/29/96,1/1/99,Senior Staff
235715,Zejun,Ballarin,7/7/63,7/23/98,1/1/99,Senior Engineer
235723,Jaques,Camurati,12/22/64,9/25/87,1/1/99,Assistant Engineer
235724,Malu,Bellmore,12/24/62,3/14/92,1/1/99,Senior Staff
235726,Nectarios,Mondadori,5/24/63,4/12/85,1/1/99,Senior Engineer
235729,Henk,Anger,2/1/65,1/19/93,1/1/99,Staff
235736,Bouchung,Lores,9/21/64,6/29/90,1/1/99,Staff
235743,Brewster,Spieker,7/13/62,10/26/96,1/1/99,Senior Engineer
235744,Premal,Demizu,4/30/62,8/12/92,1/1/99,Technique Leader
235745,Margo,Ducloy,12/10/62,12/6/97,1/1/99,Technique Leader
235746,Chiradeep,Denny,4/11/64,6/25/95,1/1/99,Engineer
235747,Marl,Hebden,3/28/63,9/21/85,1/1/99,Senior Engineer
235752,Kwangsub,Selenyi,8/2/64,1/5/95,1/1/99,Engineer
235763,Heekeun,Molenaar,12/22/63,11/17/95,1/1/99,Engineer
235780,Sampalli,Bergere,1/17/65,4/8/94,1/1/99,Senior Engineer
235784,Marsal,Morrow,1/5/62,5/22/96,1/1/99,Senior Engineer
235793,Jayesh,Spinelli,1/3/65,1/16/99,1/1/99,Senior Engineer
235794,Phule,Gomatam,8/28/64,1/16/92,1/1/99,Senior Staff
235796,Randi,Siochi,1/9/63,11/23/85,1/1/99,Senior Engineer
235798,Zita,Kossowski,4/24/64,10/25/88,1/1/99,Engineer
235808,Xiaopeng,Ranze,5/7/64,1/8/98,1/1/99,Senior Engineer
235813,Taizo,Hammerschmidt,9/24/64,10/25/89,1/1/99,Engineer
235817,Mingsen,Sidou,12/9/64,8/11/86,1/1/99,Senior Staff
235819,Leen,Puppe,12/13/64,6/12/93,1/1/99,Senior Engineer
235829,Sumant,Iivonen,7/6/62,12/16/94,1/1/99,Senior Staff
235840,Xiadong,Hiroyama,11/17/64,10/18/90,1/1/99,Senior Engineer
235842,Keiichiro,Rosis,6/27/63,3/11/88,1/1/99,Staff
235855,Mariusz,Ranai,3/9/62,6/5/97,1/1/99,Senior Staff
235879,Odinaldo,Shumilov,8/27/64,11/28/92,1/1/99,Staff
235891,Yuguang,Pfau,8/17/64,9/15/85,1/1/99,Senior Staff
235892,Sajjad,VanScheik,4/20/62,8/31/87,1/1/99,Senior Staff
235897,Miomir,Conti,8/30/62,12/28/94,1/1/99,Senior Engineer
235898,Maia,Nanard,6/17/64,10/28/99,1/1/99,Senior Engineer
235901,Shuji,Ressouche,5/4/64,8/19/87,1/1/99,Engineer
235902,Anoosh,Sullins,9/7/62,5/16/92,1/1/99,Senior Engineer
235903,Leon,Menyhert,2/10/64,12/28/96,1/1/99,Staff
235904,Saddek,Desikan,10/14/64,3/21/92,1/1/99,Senior Staff
235907,Francesca,Gerteisen,6/29/63,12/24/90,1/1/99,Senior Staff
235909,Guadalupe,Thisen,5/22/64,1/17/01,1/1/99,Senior Engineer
235910,Indrajit,Kroon,7/11/63,1/21/91,1/1/99,Senior Staff
235911,Divine,Srimani,5/26/64,4/16/91,1/1/99,Senior Staff
235917,Marin,Fetvedt,8/10/63,3/26/96,1/1/99,Assistant Engineer
235922,Diederik,Shimshoni,11/19/63,10/5/99,1/1/99,Technique Leader
235940,Leah,Chorvat,9/25/64,4/10/90,1/1/99,Staff
235946,Dmitri,Narahari,6/21/64,3/3/86,1/1/99,Senior Engineer
235947,Weicheng,Baby,4/7/64,2/26/85,1/1/99,Senior Engineer
235955,Christophe,Vidya,2/14/63,1/16/00,1/1/99,Senior Engineer
235961,Basem,Ciolek,8/6/64,12/7/97,1/1/99,Senior Engineer
235963,Takahira,Fasbender,5/17/64,5/30/96,1/1/99,Engineer
235967,Gully,Gopalakrishnan,12/11/64,3/7/97,1/1/99,Engineer
235978,Gita,Christianini,12/1/62,9/10/97,1/1/99,Engineer
235981,Takahiro,Boguraev,1/9/63,6/11/97,1/1/99,Staff
235983,Mariangiola,Radwan,7/11/62,3/18/88,1/1/99,Senior Engineer
235993,Jiang,Oaver,8/9/64,8/10/90,1/1/99,Senior Staff
236003,Subhankar,Restivo,11/29/64,11/16/92,1/1/99,Staff
236008,Khatoun,Hanratty,2/28/64,5/21/92,1/1/99,Staff
236010,Eben,Naumovich,12/4/64,10/26/98,1/1/99,Staff
236018,Joydip,Pews,10/23/62,12/8/88,1/1/99,Engineer
236020,Hitofumi,Georgakopoulos,3/11/64,8/6/90,1/1/99,Senior Engineer
236023,Mizuhito,Kopetz,3/25/63,11/29/94,1/1/99,Senior Engineer
236026,Berna,Azulay,9/5/64,12/27/93,1/1/99,Senior Engineer
236032,JoAnna,Meszaros,2/19/64,12/5/91,1/1/99,Engineer
236049,Yonghong,Pleszkun,3/11/63,6/22/96,1/1/99,Senior Staff
236053,Fumitaka,Giveon,2/11/63,1/9/97,1/1/99,Senior Engineer
236054,Chinhyun,Seiwald,12/13/62,6/26/93,1/1/99,Engineer
236064,Venkatesan,Harbusch,4/18/64,7/23/94,1/1/99,Senior Staff
236070,Hugo,Rajala,5/28/63,11/28/88,1/1/99,Senior Engineer
236071,Mihalis,Zschoche,4/14/63,4/13/89,1/1/99,Engineer
236072,Lillian,Ressouche,11/5/63,12/7/89,1/1/99,Engineer
236073,Kiyokazu,Wrigley,1/13/63,5/27/90,1/1/99,Engineer
236077,Dannz,Parfitt,3/6/62,9/10/96,1/1/99,Staff
236082,Susanna,Peris,2/14/62,8/22/85,1/1/99,Senior Staff
236090,Peer,Miculan,12/3/63,3/8/90,1/1/99,Senior Engineer
236092,Demin,Bail,10/2/64,1/12/97,1/1/99,Engineer
236093,Xianlong,Lunt,10/5/62,6/2/88,1/1/99,Staff
236098,Candida,Vrecion,7/18/63,9/2/89,1/1/99,Engineer
236100,Yefim,Eiron,2/17/64,10/27/91,1/1/99,Staff
236109,Supot,Cherinka,12/11/62,9/23/95,1/1/99,Engineer
236117,Susumu,Budinsky,4/24/64,8/19/95,1/1/99,Engineer
236121,Georg,Ghazalie,2/2/62,9/3/86,1/1/99,Senior Staff
236124,Kish,Brizzi,4/28/64,5/17/94,1/1/99,Engineer
236131,Mario,Nourani,10/10/62,11/15/86,1/1/99,Senior Engineer
236132,Uzi,Pews,6/1/62,9/17/90,1/1/99,Engineer
236134,Divier,Roisin,8/17/62,12/24/90,1/1/99,Senior Engineer
236140,Serge,Vidal,3/29/62,5/20/88,1/1/99,Staff
236147,Jiang,Nyanchama,9/24/62,8/2/88,1/1/99,Technique Leader
236149,Stella,Eastman,7/22/62,12/2/92,1/1/99,Senior Engineer
236151,Oguz,Cannard,1/26/62,9/18/85,1/1/99,Staff
236152,Ulises,Demian,3/8/62,8/9/96,1/1/99,Senior Engineer
236157,Margo,Aingworth,8/22/62,7/4/87,1/1/99,Senior Engineer
236159,Rance,Setlzner,10/19/63,11/8/93,1/1/99,Senior Staff
236160,Malu,Trumbly,11/5/64,5/23/98,1/1/99,Technique Leader
236162,Hausi,Fontet,5/19/64,7/5/96,1/1/99,Staff
236165,Khoa,Pargaonkar,1/6/64,5/1/87,1/1/99,Senior Staff
236174,Atilio,Kakkar,3/22/64,2/4/90,1/1/99,Technique Leader
236177,Masali,Ruther,8/5/63,7/12/89,1/1/99,Senior Staff
236184,Giri,Ramamoorthy,2/5/63,12/29/86,1/1/99,Engineer
236188,Boguslaw,Emmart,9/6/63,12/28/96,1/1/99,Assistant Engineer
236196,Qiwen,Escriba,4/30/64,1/9/00,1/1/99,Staff
236197,Piyawadee,Ullian,7/25/63,1/20/91,1/1/99,Senior Engineer
236199,Mart,Tomescu,7/14/63,4/2/94,1/1/99,Engineer
236206,Peer,Vecchi,7/13/63,12/16/93,1/1/99,Engineer
236207,Ulises,Pena,3/11/63,4/1/93,1/1/99,Engineer
236218,Yannik,Cmelik,11/25/64,10/29/95,1/1/99,Staff
236227,Guadalupe,Gimbel,11/17/62,4/19/85,1/1/99,Senior Engineer
236230,Baoqiu,Milicia,11/6/62,2/18/92,1/1/99,Senior Staff
236233,Weiye,Besancenot,7/14/64,4/24/94,1/1/99,Staff
236235,Khun,Fiutem,1/18/62,9/1/97,1/1/99,Technique Leader
236238,Lunjin,Cangellaris,1/4/63,7/25/97,1/1/99,Engineer
236249,Saeko,Gente,3/7/64,2/17/92,1/1/99,Engineer
236263,JiYoung,Kaiser,9/24/62,3/27/93,1/1/99,Senior Staff
236266,Mohan,Barreiro,10/26/64,7/8/88,1/1/99,Technique Leader
236292,Elgin,Haraldson,11/27/64,5/21/93,1/1/99,Engineer
236296,Danel,Uehara,8/27/62,7/6/94,1/1/99,Senior Staff
236297,Gao,Katalagarianos,9/26/64,8/1/93,1/1/99,Senior Engineer
236298,Hideyuki,Munke,8/9/64,8/29/89,1/1/99,Engineer
236301,Jixiang,Rahier,7/16/62,9/22/96,1/1/99,Staff
236302,Weiru,Hempstead,2/5/64,6/5/99,1/1/99,Senior Staff
236305,Bojan,Aumann,1/15/62,2/21/93,1/1/99,Technique Leader
236312,Masami,Kriebel,7/24/62,9/23/97,1/1/99,Staff
236315,IEEE,Raczkowsky,1/31/65,7/24/96,1/1/99,Technique Leader
236319,Arunachalam,Klerer,12/10/63,11/7/91,1/1/99,Senior Staff
236321,Vishwani,Kandlur,5/24/63,7/22/90,1/1/99,Senior Staff
236330,Dmitry,Lambe,3/8/64,12/19/98,1/1/99,Engineer
236335,Youjian,Rosin,3/21/64,12/22/90,1/1/99,Senior Engineer
236336,Toshimi,Emden,10/15/63,1/17/97,1/1/99,Engineer
236343,Takahiro,Reutenauer,12/29/63,9/28/88,1/1/99,Technique Leader
236345,Sadegh,Sidhu,12/9/64,1/8/87,1/1/99,Staff
236355,Fai,Panienski,12/7/63,6/24/93,1/1/99,Senior Staff
236358,Adas,Plotkin,12/30/64,12/27/98,1/1/99,Engineer
236366,Juyoung,Coorg,8/11/63,2/27/95,1/1/99,Technique Leader
236368,Radhia,Baalen,12/26/64,12/14/91,1/1/99,Senior Engineer
236379,Caolyn,Kaltofen,12/31/64,4/11/91,1/1/99,Engineer
236382,Sungwon,Nyrup,8/28/62,6/12/87,1/1/99,Engineer
236387,Hatem,Porotnikoff,5/4/62,4/28/93,1/1/99,Senior Staff
236389,Chandrasekaran,Heusch,6/18/62,3/3/97,1/1/99,Engineer
236390,Abdelaziz,Trachtenberg,10/26/63,11/17/99,1/1/99,Assistant Engineer
236391,Anoosh,Provine,1/8/64,8/21/91,1/1/99,Engineer
236399,Rutger,Azuma,10/14/64,11/15/88,1/1/99,Engineer
236403,Arun,Morrey,7/29/64,1/24/94,1/1/99,Senior Engineer
236416,Ronnie,Brickell,5/24/62,8/27/96,1/1/99,Engineer
236420,Uta,Sommer,4/26/62,3/28/86,1/1/99,Senior Staff
236425,Sverrir,Tomescu,9/5/62,10/13/89,1/1/99,Staff
236428,Hsiangchu,Itzigehl,6/10/62,5/27/98,1/1/99,Staff
236429,Vesna,Schwabacher,11/29/62,6/25/88,1/1/99,Senior Engineer
236439,Geoff,Glowinski,1/6/64,9/11/96,1/1/99,Engineer
236446,Poornachandra,Aloisi,10/19/64,2/17/91,1/1/99,Senior Staff
236450,Zdislav,Ellozy,7/28/64,12/27/85,1/1/99,Senior Staff
236456,Richara,Serre,3/7/63,8/8/96,1/1/99,Staff
236459,Mayuko,Grandbois,10/19/62,12/12/87,1/1/99,Senior Staff
236465,Yoshimitsu,Desikan,10/24/64,5/4/92,1/1/99,Senior Staff
236471,Nadjib,Seiwald,3/13/64,3/16/91,1/1/99,Engineer
236472,Lena,Ponthieu,6/3/64,8/12/94,1/1/99,Senior Engineer
236481,Geoff,Cooley,11/17/63,8/30/93,1/1/99,Staff
236487,Duangkaew,VanScheik,5/11/64,5/9/90,1/1/99,Senior Engineer
236490,Piyush,Yoshizawa,7/18/62,5/13/01,1/1/99,Engineer
236493,Yuping,Nitsch,9/3/64,8/21/99,1/1/99,Staff
236510,Sanjeeva,Parascandalo,11/26/64,8/16/99,1/1/99,Engineer
236513,Zongyan,Swist,6/28/63,10/19/85,1/1/99,Senior Staff
236519,Xumin,Felder,2/14/62,4/1/92,1/1/99,Senior Engineer
236524,Almudena,Wissmann,6/20/63,8/9/91,1/1/99,Senior Staff
236525,Wuxu,Hofstetter,2/14/64,7/18/95,1/1/99,Senior Staff
236529,Arie,Quaggetto,5/26/62,4/27/92,1/1/99,Technique Leader
236530,Anneke,Danlos,6/17/62,9/23/99,1/1/99,Staff
236531,Suzette,Poulakidas,12/10/63,9/11/90,1/1/99,Staff
236533,Nikolaus,Castellani,7/11/64,3/26/98,1/1/99,Assistant Engineer
236534,Shim,Miake,5/15/62,2/9/91,1/1/99,Senior Staff
236543,Eirik,Schonegge,5/16/64,6/8/87,1/1/99,Engineer
236554,Xiaoshan,Hofmeyr,9/15/62,6/15/85,1/1/99,Staff
236556,Akemi,Heuser,4/25/62,1/20/97,1/1/99,Senior Staff
236562,Mansur,Lunt,5/25/64,10/3/86,1/1/99,Senior Staff
236565,Shaw,Rahimi,10/7/64,12/19/92,1/1/99,Senior Engineer
236566,Yechezkel,Maginnis,1/17/65,12/11/92,1/1/99,Senior Staff
236570,Nevin,Rehfuss,11/9/62,5/15/92,1/1/99,Senior Staff
236575,Tianruo,Uludag,7/2/63,4/23/99,1/1/99,Engineer
236578,Lech,Bierman,10/27/62,9/2/95,1/1/99,Assistant Engineer
236579,Feiyu,Mitchem,5/28/64,2/19/92,1/1/99,Senior Staff
236583,Jordanka,Malabarba,12/28/64,1/28/02,1/1/99,Staff
236587,Shim,Huxford,10/8/64,11/28/92,1/1/99,Engineer
236588,Serge,Serdy,10/17/63,8/14/90,1/1/99,Senior Staff
236591,Insup,Reinhard,1/11/65,4/8/85,1/1/99,Senior Staff
236603,Kiyomitsu,Cangellaris,9/20/62,1/23/94,1/1/99,Senior Staff
236604,Oguz,Turnbull,8/30/63,8/10/99,1/1/99,Engineer
236612,Naftaly,Kavvadias,11/30/62,7/9/92,1/1/99,Engineer
236613,Jeong,Auyong,2/20/64,12/25/90,1/1/99,Staff
236620,Dekang,Harbusch,7/30/63,10/4/87,1/1/99,Senior Staff
236621,Urs,Zongker,1/26/64,8/9/99,1/1/99,Assistant Engineer
236625,Gift,Cusworth,4/20/64,7/11/87,1/1/99,Senior Staff
236630,Xuejia,Savasere,11/17/64,12/1/92,1/1/99,Senior Staff
236636,Olivera,Casley,3/8/64,8/26/85,1/1/99,Senior Staff
236649,Ramalingam,Maccarone,3/9/63,8/30/99,1/1/99,Engineer
236650,Hercules,Birge,12/24/64,6/13/97,1/1/99,Engineer
236653,Ekawit,Koshino,3/23/62,3/15/94,1/1/99,Engineer
236655,Cedric,Perko,10/14/62,11/24/97,1/1/99,Staff
236661,Premal,Montresor,6/4/62,7/5/91,1/1/99,Engineer
236665,Nahum,Belinskaya,4/19/62,10/19/85,1/1/99,Senior Engineer
236667,Jayesh,Slaats,6/15/62,3/28/86,1/1/99,Senior Staff
236675,Sungwon,McFarlan,12/29/62,4/24/93,1/1/99,Senior Engineer
236677,Kauko,Taubman,5/9/64,2/23/96,1/1/99,Engineer
236685,Jagoda,Hainaut,2/22/63,3/31/97,1/1/99,Engineer
236689,Jagoda,Couchot,12/22/63,6/9/98,1/1/99,Staff
236692,JoAnne,Furudate,1/16/63,3/4/96,1/1/99,Staff
236693,Shen,Ballarin,4/15/63,2/19/89,1/1/99,Senior Engineer
236694,Basem,Yurek,10/5/63,11/12/95,1/1/99,Technique Leader
236699,Valdiodio,Vrecion,7/27/62,6/26/92,1/1/99,Staff
236705,Hongzhu,Cyne,3/31/63,3/21/89,1/1/99,Senior Engineer
236707,Udaiprakash,Angelov,7/20/64,9/30/88,1/1/99,Senior Staff
236712,Michaela,Rande,9/15/62,11/6/95,1/1/99,Staff
236713,Mariusz,Lorys,7/22/63,3/1/92,1/1/99,Senior Engineer
236755,Salvador,Miake,2/13/63,9/18/91,1/1/99,Staff
236761,Hitofumi,Bale,8/12/62,8/20/98,1/1/99,Staff
236769,Adam,Morrin,4/24/63,3/14/96,1/1/99,Staff
236771,Gladys,Puppe,9/1/62,2/24/98,1/1/99,Senior Staff
236773,Shiv,Flanders,11/28/62,7/28/90,1/1/99,Staff
236774,Josyula,Talmor,8/16/62,11/17/91,1/1/99,Senior Engineer
236776,Aemilian,Milicic,9/8/62,10/26/99,1/1/99,Assistant Engineer
236781,Claudi,Pargas,12/22/63,3/31/91,1/1/99,Senior Engineer
236796,Chikako,Veldwijk,8/4/63,10/1/90,1/1/99,Engineer
236803,Chirstian,Ranft,10/5/62,6/26/94,1/1/99,Senior Engineer
236809,Yoshinari,Woycyznski,2/26/64,8/27/93,1/1/99,Technique Leader
236813,Rafael,Mungall,3/4/63,10/17/96,1/1/99,Senior Engineer
236815,Florian,Miyakawa,2/24/62,12/18/99,1/1/99,Engineer
236822,Huiqun,Pfau,6/8/64,6/10/86,1/1/99,Senior Engineer
236826,Miomir,Sudbeck,5/18/63,7/5/98,1/1/99,Staff
236827,Almudena,Rijckaert,1/28/65,2/16/94,1/1/99,Engineer
236829,Itzchak,Tagansky,4/4/64,8/28/87,1/1/99,Staff
236835,Yurii,Rahimi,6/18/64,11/6/92,1/1/99,Senior Staff
236841,Kazuhiro,Neiman,3/20/62,7/26/92,1/1/99,Staff
236843,Kayoko,Hertweck,2/19/62,3/4/96,1/1/99,Senior Staff
236844,Zeljko,Barvinok,9/3/62,11/28/90,1/1/99,Engineer
236845,Val,Billingsley,7/11/62,3/30/87,1/1/99,Engineer
236853,Bernice,Adachi,5/17/63,1/26/98,1/1/99,Senior Engineer
236854,Lillian,Nittel,12/30/62,7/20/86,1/1/99,Engineer
236859,Jaber,Poujol,10/3/62,7/4/97,1/1/99,Engineer
236864,Gudjon,Godskesen,7/28/62,3/24/97,1/1/99,Staff
236876,Stepehn,Baaleh,12/11/64,12/11/95,1/1/99,Senior Engineer
236880,Xuedong,Yurov,12/6/63,12/10/98,1/1/99,Staff
236883,Huan,Olivero,1/27/65,11/19/99,1/1/99,Staff
236884,Nahla,Berztiss,12/14/62,9/7/99,1/1/99,Senior Engineer
236892,Xudong,Gyimothy,10/21/62,7/29/93,1/1/99,Senior Engineer
236900,Mohammed,Budinsky,10/4/64,4/16/88,1/1/99,Senior Engineer
236901,Mohammed,Bottner,2/28/62,10/30/91,1/1/99,Senior Engineer
236903,Babette,Peng,6/6/63,2/21/88,1/1/99,Staff
236909,JoAnna,Kalorkoti,5/2/62,3/10/86,1/1/99,Senior Engineer
236914,Bingning,McClurg,10/23/64,4/25/93,1/1/99,Senior Staff
236918,Youjian,Setia,9/5/62,5/9/89,1/1/99,Technique Leader
236919,Duri,Bernick,12/18/64,8/13/94,1/1/99,Senior Staff
236922,Qiwen,Beausoleil,9/21/62,10/15/88,1/1/99,Staff
236932,Akhilish,Pietracaprina,1/26/62,5/25/98,1/1/99,Engineer
236935,Arvin,Lubachevsky,10/30/62,6/10/88,1/1/99,Engineer
236943,Seongbin,Ginesta,2/24/63,10/3/89,1/1/99,Senior Staff
236954,Gal,Ghazalie,12/21/64,6/22/98,1/1/99,Staff
236958,Piyush,Stroustrup,4/18/62,3/15/96,1/1/99,Senior Engineer
236962,Chuanyi,Hambrick,7/13/63,6/28/85,1/1/99,Senior Staff
236964,Adel,Foote,1/17/65,3/20/00,1/1/99,Staff
236967,Maren,Rahier,6/5/62,1/5/98,1/1/99,Staff
236971,Youpyo,Malinowski,7/4/62,10/5/94,1/1/99,Engineer
236982,Reinhard,Paciorek,2/24/62,12/1/92,1/1/99,Engineer
236983,Mostafa,Danlos,12/31/63,3/5/97,1/1/99,Staff
236984,Bangqing,Gubsky,2/23/63,10/23/98,1/1/99,Engineer
236986,Shimshon,Baca,12/9/62,2/5/98,1/1/99,Staff
236988,Giao,Eterovic,3/18/63,4/24/87,1/1/99,Senior Staff
236994,Nakhoon,Cronau,4/17/63,11/22/00,1/1/99,Senior Staff
237001,Mountaz,Raczkowsky,4/21/62,2/24/97,1/1/99,Senior Staff
237004,Maik,Segond,1/13/64,1/27/00,1/1/99,Senior Staff
237017,Troy,Muntz,4/9/62,9/23/86,1/1/99,Senior Engineer
237026,Baoqiu,Keohane,3/8/63,8/27/86,1/1/99,Engineer
237031,Tayeb,Nitto,11/29/64,12/12/98,1/1/99,Engineer
237033,Kenton,Merel,8/1/63,5/11/95,1/1/99,Senior Engineer
237041,Fayez,Halloran,5/13/63,6/9/90,1/1/99,Technique Leader
237044,Heejo,Schlumberger,3/9/64,11/10/94,1/1/99,Engineer
237049,Divine,Streit,9/3/62,1/25/94,1/1/99,Senior Engineer
237052,Adamantios,Demizu,1/25/63,10/29/96,1/1/99,Engineer
237054,Takahira,Ermel,9/23/64,5/11/97,1/1/99,Engineer
237058,Ashish,Jenevein,9/21/64,11/24/99,1/1/99,Senior Staff
237066,Sarita,Comte,4/29/64,11/6/85,1/1/99,Senior Staff
237069,Uta,Lowrie,3/9/62,5/23/87,1/1/99,Senior Staff
237072,Supot,Kuhnemann,1/2/62,12/24/95,1/1/99,Staff
237075,Subhada,Bierbaum,8/29/62,1/18/99,1/1/99,Staff
237076,Geoff,Aloia,8/16/64,7/28/87,1/1/99,Senior Staff
237077,Lihong,Isaac,10/24/63,12/22/85,1/1/99,Senior Staff
237079,Ashish,Schach,5/8/64,8/30/87,1/1/99,Staff
237082,Hsiangchu,Schneeberger,5/20/64,9/26/87,1/1/99,Senior Engineer
237086,Ipke,Jansen,8/26/64,6/30/01,1/1/99,Senior Staff
237088,Gererd,Chartres,1/6/62,2/10/91,1/1/99,Engineer
237091,Hyuncheol,Erez,1/28/63,3/19/86,1/1/99,Engineer
237099,Mariusz,Frolund,12/6/64,12/20/91,1/1/99,Staff
237106,Arco,England,1/30/62,8/19/99,1/1/99,Technique Leader
237107,Laurentiu,Siksek,11/7/64,2/20/92,1/1/99,Senior Engineer
237109,Paris,Rijsenbrij,6/28/64,2/20/87,1/1/99,Engineer
237122,Heeju,Kleiser,7/18/64,10/17/94,1/1/99,Senior Staff
237126,Mana,Conte,1/2/63,12/4/91,1/1/99,Engineer
237129,Shiv,Baak,2/3/64,10/29/98,1/1/99,Staff
237131,Shem,Orsini,11/11/64,8/18/86,1/1/99,Senior Staff
237139,Mary,Lienhardt,7/26/63,9/10/92,1/1/99,Assistant Engineer
237147,Seshu,Baby,10/27/63,4/10/89,1/1/99,Technique Leader
237151,Maren,Jording,6/24/62,6/30/95,1/1/99,Senior Engineer
237165,Aamer,Azevdeo,2/23/62,6/28/91,1/1/99,Senior Staff
237167,Bartek,Benaini,11/4/62,8/9/97,1/1/99,Technique Leader
237170,Xiaoqiang,Fujisaki,7/2/64,4/8/91,1/1/99,Staff
237189,Jinya,Matzke,8/14/64,5/20/97,1/1/99,Senior Engineer
237191,Jolita,Reghbati,2/25/64,2/6/98,1/1/99,Technique Leader
237200,Murthy,Verhoeff,7/14/64,9/21/92,1/1/99,Senior Engineer
237209,Katsuo,DeMori,11/18/63,11/2/87,1/1/99,Senior Engineer
237215,Utz,Vecchi,4/30/64,8/29/92,1/1/99,Senior Staff
237223,Ashish,Wegerle,1/7/64,5/16/98,1/1/99,Senior Staff
237228,Zongyan,Armand,4/28/63,2/26/93,1/1/99,Engineer
237235,Yonghoan,Wixon,8/3/63,4/5/94,1/1/99,Engineer
237251,Moon,Nations,8/25/62,7/14/99,1/1/99,Staff
237257,Djelloul,Kenevan,1/25/63,10/25/90,1/1/99,Staff
237267,Augustine,Ullian,3/3/63,12/31/85,1/1/99,Senior Staff
237287,Arie,Cooman,5/13/64,7/18/93,1/1/99,Senior Staff
237288,Tomofumi,Lagarias,9/16/63,11/11/94,1/1/99,Staff
237293,Steen,Lichtman,12/6/64,7/6/94,1/1/99,Senior Staff
237300,Nadjib,Dymetman,1/11/62,11/24/98,1/1/99,Engineer
237304,Arup,Vakili,3/5/62,11/28/97,1/1/99,Staff
237309,Woody,Himler,1/3/64,5/18/93,1/1/99,Assistant Engineer
237318,Mabo,Hempstead,10/3/63,9/23/86,1/1/99,Senior Engineer
237321,Tua,Krohm,8/6/62,9/19/96,1/1/99,Engineer
237329,Gad,Gien,9/12/63,1/30/00,1/1/99,Staff
237334,Isamu,Vernadat,8/15/62,9/13/85,1/1/99,Engineer
237335,Leandro,Kuszyk,6/23/62,1/26/00,1/1/99,Staff
237344,Kankanahalli,Maierhofer,4/24/64,12/9/85,1/1/99,Senior Engineer
237353,Sanjeeva,Toyoshima,1/4/64,5/11/92,1/1/99,Assistant Engineer
237355,Danel,Cichocki,5/14/62,10/27/94,1/1/99,Engineer
237368,Aleksandar,Nittel,8/20/63,6/30/89,1/1/99,Senior Staff
237372,Ugo,Alpin,11/28/64,2/11/93,1/1/99,Senior Staff
237373,Owen,Luef,10/7/63,11/17/99,1/1/99,Senior Staff
237379,Tadanori,Azuma,2/12/64,3/24/91,1/1/99,Engineer
237382,Qunsheng,Staylopatis,7/1/62,2/18/86,1/1/99,Senior Engineer
237385,Valeska,Danecki,8/4/64,3/7/91,1/1/99,Senior Engineer
237389,Doowon,Erie,6/20/64,12/1/87,1/1/99,Senior Engineer
237390,Remmert,Emiris,6/11/62,5/4/89,1/1/99,Senior Engineer
237396,Mark,Krider,12/8/63,10/8/88,1/1/99,Staff
237397,Wanqing,Rosca,11/23/62,8/29/86,1/1/99,Technique Leader
237399,Bernt,Pintelas,7/23/64,2/13/95,1/1/99,Engineer
237405,Hiroyasu,Rosin,6/25/63,2/1/98,1/1/99,Assistant Engineer
237408,Zhonghui,Menyhert,8/22/63,9/1/88,1/1/99,Senior Engineer
237411,Diederik,Krzyzanowski,11/7/63,6/2/93,1/1/99,Engineer
237412,Babette,Miyakawa,8/4/62,7/26/96,1/1/99,Senior Staff
237420,Parto,Kaltofen,12/24/63,5/19/91,1/1/99,Senior Engineer
237448,Lillian,Dulay,2/3/63,6/26/93,1/1/99,Senior Engineer
237453,Tetsurou,Bondorf,6/13/63,10/8/99,1/1/99,Senior Staff
237462,Kasturi,Kossowski,12/29/62,10/16/94,1/1/99,Assistant Engineer
237466,Gita,Gunderson,9/21/63,4/11/89,1/1/99,Senior Staff
237467,Angus,Stemann,4/29/62,6/2/91,1/1/99,Technique Leader
237468,Mari,Slutz,9/2/64,12/15/98,1/1/99,Engineer
237471,Yongqiao,Hegner,6/14/62,2/6/96,1/1/99,Engineer
237485,Mong,Steenbeek,9/6/63,5/10/93,1/1/99,Engineer
237494,Jordanka,Monarch,4/17/63,6/12/97,1/1/99,Technique Leader
237496,Adel,Bednarek,2/12/64,2/2/98,1/1/99,Senior Staff
237509,Sandeepan,Haraldson,5/21/63,5/29/93,1/1/99,Senior Staff
237513,Hongzhu,Sifakis,3/9/64,4/22/85,1/1/99,Engineer
237521,Laurentiu,Collette,5/31/64,10/2/88,1/1/99,Engineer
237524,Valeri,Baca,6/20/64,4/28/02,1/1/99,Engineer
237525,Kwangsub,Bottner,2/10/64,2/26/85,1/1/99,Engineer
237526,Giordano,Rosenbaum,2/2/63,9/12/89,1/1/99,Senior Staff
237532,Kagan,Thiran,5/28/62,9/5/87,1/1/99,Staff
237535,Yefim,Lenart,9/1/62,10/8/93,1/1/99,Senior Staff
237543,Jaihie,Demizu,12/8/62,5/8/98,1/1/99,Staff
237544,Shahaf,Dulin,8/20/62,10/13/99,1/1/99,Senior Staff
237549,Otilia,Matzel,9/3/63,6/1/88,1/1/99,Engineer
237552,Zorica,Dratva,9/25/62,5/26/85,1/1/99,Engineer
237553,Ortrun,Bonifati,5/15/62,2/2/97,1/1/99,Engineer
237565,Margareta,Merel,1/10/62,10/22/87,1/1/99,Staff
237569,Chinya,Matzen,1/17/63,10/6/98,1/1/99,Staff
237575,Makato,Laventhal,2/18/64,10/18/99,1/1/99,Staff
237579,Surveyors,Simmen,12/9/64,11/21/99,1/1/99,Senior Staff
237589,Chriss,Leaver,8/22/63,9/4/89,1/1/99,Senior Engineer
237594,Chaoyi,Couchot,5/28/64,4/20/85,1/1/99,Senior Staff
237608,Baruch,Bade,10/3/62,8/22/88,1/1/99,Staff
237612,Zhonghua,Spieker,8/27/64,6/2/98,1/1/99,Assistant Engineer
237615,Mohammed,Atchley,4/28/62,6/22/87,1/1/99,Staff
237620,Jixiang,Pettis,3/18/64,2/17/94,1/1/99,Staff
237625,Apostol,Peak,9/29/62,6/28/97,1/1/99,Staff
237629,Khosrow,Harllee,5/16/63,7/6/90,1/1/99,Senior Staff
237630,Lenore,Mitina,7/20/62,6/22/95,1/1/99,Engineer
237632,Sreekrishna,Lunt,4/5/63,6/4/91,1/1/99,Staff
237634,Zito,Schahn,1/25/62,5/9/93,1/1/99,Staff
237635,Geoffrey,Heering,8/23/63,5/19/98,1/1/99,Staff
237636,Suebskul,Georg,6/6/63,8/30/90,1/1/99,Engineer
237642,Kannan,Thorelli,11/8/62,10/19/87,1/1/99,Senior Staff
237654,Hitofumi,Berstel,7/12/63,4/15/96,1/1/99,Senior Staff
237655,Reinhard,Ravishankar,10/8/62,8/25/93,1/1/99,Engineer
237659,Sailaja,Hofting,4/30/63,10/16/87,1/1/99,Senior Staff
237661,Jaques,Kuszyk,11/21/62,11/11/87,1/1/99,Staff
237675,Trygve,Schwaller,11/5/63,1/31/94,1/1/99,Staff
237680,Christfried,Granlund,4/13/62,12/29/89,1/1/99,Staff
237686,Yunming,Bierman,8/25/62,10/22/00,1/1/99,Senior Engineer
237688,Chikako,Lenart,3/3/62,2/18/95,1/1/99,Senior Staff
237690,Kousuke,Oppitz,12/10/64,4/2/85,1/1/99,Senior Engineer
237691,Nidapan,Yamaashi,6/10/64,4/20/89,1/1/99,Engineer
237694,Munenori,Riefers,7/4/63,6/14/86,1/1/99,Staff
237696,Kwan,Tomescu,6/12/64,6/23/85,1/1/99,Staff
237698,Tuval,Gustavson,4/9/64,11/19/98,1/1/99,Senior Staff
237710,Aleksander,Zykh,10/28/62,7/23/95,1/1/99,Engineer
237727,Willard,Smailagic,1/7/62,10/16/93,1/1/99,Engineer
237731,Seongbae,Negoita,2/4/63,6/18/98,1/1/99,Senior Engineer
237747,Goetz,Msuda,12/31/62,12/9/91,1/1/99,Senior Engineer
237754,Stamatina,McClure,5/6/64,5/1/88,1/1/99,Senior Engineer
237765,Yinghua,Bolotov,6/5/63,9/22/85,1/1/99,Staff
237772,Gennady,Kermarrec,7/24/64,6/7/98,1/1/99,Senior Engineer
237774,Naraig,Siksek,5/22/62,10/6/94,1/1/99,Senior Engineer
237780,Vishwani,Klyachko,5/25/63,12/16/91,1/1/99,Senior Staff
237783,Eirik,Veccia,1/15/64,7/31/95,1/1/99,Engineer
237785,Christ,Ramamoorthy,12/23/63,3/8/90,1/1/99,Senior Staff
237791,Denny,Heering,5/1/62,12/4/97,1/1/99,Engineer
237799,Rildo,Keirsey,3/23/63,6/22/91,1/1/99,Staff
237805,Tooru,Warwick,10/22/63,1/30/89,1/1/99,Engineer
237808,Snehasis,Encarnacion,3/4/64,6/27/96,1/1/99,Senior Engineer
237810,Lorien,Bottner,8/5/64,8/16/92,1/1/99,Technique Leader
237811,Zine,Guenter,2/28/63,8/22/88,1/1/99,Senior Engineer
237828,Martins,Kamber,3/5/62,4/2/87,1/1/99,Senior Engineer
237834,Eldridge,Taneja,12/10/62,7/26/95,1/1/99,Engineer
237837,Chinhyun,Marchesini,9/25/64,1/12/90,1/1/99,Senior Engineer
237845,Salvador,Czaja,7/25/63,1/3/94,1/1/99,Senior Engineer
237847,Lunjin,Murillo,2/8/64,6/1/92,1/1/99,Technique Leader
237854,Erez,Serov,10/19/64,7/29/92,1/1/99,Senior Engineer
237856,Candida,Lovengreen,5/1/64,7/12/95,1/1/99,Senior Staff
237873,Reinhard,Kermarrec,2/28/62,8/17/85,1/1/99,Engineer
237888,Yechiam,Heping,8/21/64,3/21/96,1/1/99,Engineer
237895,Francesca,Verhoeff,5/1/64,8/20/87,1/1/99,Senior Engineer
237906,Chriss,Braccini,12/19/64,1/18/96,1/1/99,Staff
237913,Kazuhito,Srimani,2/25/63,2/18/90,1/1/99,Senior Engineer
237919,Xiaopeng,Baer,12/19/64,10/28/99,1/1/99,Engineer
237920,King,Stanfel,4/9/64,2/27/99,1/1/99,Engineer
237927,Garnet,Lamba,3/16/64,2/18/90,1/1/99,Senior Staff
237945,Christophe,Kusakabe,5/22/62,1/24/88,1/1/99,Senior Staff
237946,Matt,Pietracaprina,12/9/64,1/3/92,1/1/99,Staff
237962,Mingzeng,Wiegley,6/19/63,1/19/97,1/1/99,Staff
237966,Horward,Zedlitz,2/17/64,4/5/01,1/1/99,Senior Staff
237967,Menkae,Rabejac,12/14/64,11/22/99,1/1/99,Engineer
237978,Mariangiola,Berstel,7/2/63,10/30/88,1/1/99,Engineer
237987,Parke,Zucker,6/25/64,4/2/97,1/1/99,Senior Staff
238002,Sumali,Zumaque,11/14/62,2/22/99,1/1/99,Staff
238013,Lalit,Vecchi,10/29/62,2/16/86,1/1/99,Senior Staff
238022,Subhrajyoti,Fritzsche,3/20/64,8/15/89,1/1/99,Senior Engineer
238025,Quingbo,Hettesheimer,5/16/64,4/10/93,1/1/99,Engineer
238026,Kazuhito,Skogmar,3/31/63,10/12/86,1/1/99,Senior Staff
238030,Hailing,Silva,7/24/62,7/27/90,1/1/99,Senior Staff
238034,Zhigen,Siksek,8/17/64,11/12/99,1/1/99,Senior Staff
238036,Toshimo,Badache,4/3/63,5/7/93,1/1/99,Senior Staff
238048,Eldridge,Azulay,10/18/64,5/22/95,1/1/99,Engineer
238058,Pradeep,Landherr,8/31/63,9/3/99,1/1/99,Senior Staff
238061,Subhash,Hoppenstand,11/8/63,3/14/91,1/1/99,Senior Engineer
238065,Kwok,Genther,10/24/64,5/29/97,1/1/99,Staff
238073,Saddek,Alblas,5/14/64,11/2/87,1/1/99,Engineer
238083,Zdislav,Yurov,8/19/62,1/29/89,1/1/99,Senior Staff
238089,Kellie,Seuren,11/24/62,6/8/94,1/1/99,Senior Engineer
238095,Shin,Angot,6/27/63,5/9/97,1/1/99,Senior Staff
238098,Shugo,Cullers,11/6/62,6/13/91,1/1/99,Staff
238103,Lansing,Karcich,4/25/62,9/30/94,1/1/99,Engineer
238109,Weiye,Milicic,8/17/64,8/26/88,1/1/99,Senior Staff
238112,Miomir,Frezza,1/12/65,5/25/91,1/1/99,Technique Leader
238114,Aria,Bouloucos,10/13/64,9/17/85,1/1/99,Senior Engineer
238118,Vatsa,Schahn,10/25/64,4/11/89,1/1/99,Senior Staff
238120,Sastry,Pavlopoulou,12/6/63,9/18/90,1/1/99,Senior Engineer
238134,Munehiro,Snedden,8/22/62,3/25/94,1/1/99,Staff
238136,Yuriy,Belinskaya,10/16/64,6/12/01,1/1/99,Assistant Engineer
238140,Peer,Sluis,3/8/62,12/24/89,1/1/99,Senior Engineer
238154,Rafail,Bazzichi,5/17/62,5/18/88,1/1/99,Staff
238162,Janalee,Goldhammer,7/30/63,1/19/89,1/1/99,Senior Staff
238167,Matk,Suomi,9/12/63,3/31/85,1/1/99,Engineer
238175,Owen,Thiran,5/28/62,5/2/88,1/1/99,Staff
238180,Howell,Delgrande,4/16/63,2/27/97,1/1/99,Engineer
238181,Karlis,Tibblin,9/14/62,10/17/87,1/1/99,Senior Engineer
238191,Bedrich,Bage,9/17/62,5/14/85,1/1/99,Staff
238192,Uma,Remmele,3/8/62,8/26/96,1/1/99,Staff
238197,Kyoichi,Farris,3/16/63,6/26/95,1/1/99,Engineer
238204,Yuguang,Plessier,1/22/64,8/5/87,1/1/99,Senior Staff
238214,Isaac,Kermarrec,1/18/63,7/29/85,1/1/99,Staff
238215,Adib,Thisen,7/16/62,11/7/99,1/1/99,Engineer
238216,Aiman,Ramalingam,1/7/62,9/1/94,1/1/99,Senior Engineer
238217,Mads,Denos,11/3/62,6/29/90,1/1/99,Senior Staff
238220,Demin,Bahl,3/20/62,7/23/89,1/1/99,Senior Staff
238230,Toshimitsu,Ferretti,5/7/63,12/18/99,1/1/99,Technique Leader
238232,Navin,Lindenbaum,11/3/63,8/18/97,1/1/99,Engineer
238235,Ipke,Vieri,3/24/62,6/27/86,1/1/99,Staff
238248,Lorien,Begiun,6/1/64,4/3/94,1/1/99,Staff
238249,Heeju,Ermel,1/7/62,2/1/88,1/1/99,Staff
238252,Uno,Suppi,1/9/65,12/27/96,1/1/99,Staff
238254,Jixiang,Waymire,9/23/62,1/17/90,1/1/99,Senior Engineer
238256,Leandro,Syrzycki,2/12/63,1/31/89,1/1/99,Senior Engineer
238260,Chaitali,Picci,12/15/64,10/22/96,1/1/99,Engineer
238263,Vitaly,Rahimi,7/2/64,1/22/89,1/1/99,Senior Staff
238268,Behnaam,Thombley,1/28/62,5/16/85,1/1/99,Senior Staff
238276,Marla,Glowinski,10/19/63,7/24/94,1/1/99,Senior Staff
238280,Toshimori,Pettit,11/24/64,8/21/89,1/1/99,Engineer
238281,Xudong,Bahr,10/29/64,10/7/97,1/1/99,Engineer
238282,Avishai,Kobara,1/12/63,12/19/97,1/1/99,Engineer
238284,Maja,Siochi,12/16/64,10/8/97,1/1/99,Engineer
238291,Chiradeep,Moehrke,1/27/64,7/22/95,1/1/99,Assistant Engineer
238292,Yuqun,Ghalwash,2/2/63,11/15/95,1/1/99,Senior Engineer
238300,Xiaoshan,Peternell,7/26/62,1/2/96,1/1/99,Staff
238306,Manohar,Birke,10/26/62,5/30/98,1/1/99,Technique Leader
238311,Mari,Bahk,6/23/62,5/22/89,1/1/99,Staff
238313,Barna,Kusalik,2/7/64,2/5/91,1/1/99,Senior Engineer
238314,Jouni,Riexinger,8/14/63,10/30/87,1/1/99,Engineer
238315,Douadi,Rosay,8/6/64,7/20/93,1/1/99,Senior Engineer
238326,Parviz,Fujisaki,3/16/64,2/10/91,1/1/99,Staff
238327,Kamran,Luef,12/6/62,4/16/90,1/1/99,Senior Engineer
238329,Fayez,Thisen,8/10/64,3/6/92,1/1/99,Senior Engineer
238338,Lein,Bergere,11/10/62,11/15/92,1/1/99,Senior Engineer
238340,Tayeb,Orlowski,7/10/62,6/28/86,1/1/99,Senior Staff
238343,Noritoshi,Plessier,7/30/63,6/27/90,1/1/99,Senior Engineer
238344,Radhika,Stiles,3/8/62,4/14/98,1/1/99,Staff
238345,Vincent,Bojadziev,2/13/64,1/10/99,1/1/99,Senior Engineer
238352,Harngdar,Ruemmler,10/21/62,11/18/99,1/1/99,Senior Engineer
238358,Margareta,Birjandi,3/24/63,3/25/87,1/1/99,Assistant Engineer
238359,Sergi,Callaway,8/22/62,11/18/85,1/1/99,Senior Staff
238367,Hideyuki,Budinsky,7/31/63,1/1/86,1/1/99,Senior Staff
238370,Munenori,Samarati,2/22/64,5/19/91,1/1/99,Senior Engineer
238376,Koichi,Bernick,4/20/64,12/22/89,1/1/99,Engineer
238396,Kinh,Holburn,5/20/62,4/3/91,1/1/99,Senior Staff
238402,Frederique,Tischendorf,11/23/63,10/22/87,1/1/99,Senior Staff
238408,Arvind,Srimani,11/4/63,7/20/99,1/1/99,Staff
238422,Vishv,Angelov,1/10/65,3/8/88,1/1/99,Senior Staff
238425,Martijn,Cmelik,5/30/64,7/29/91,1/1/99,Engineer
238426,Tzvetan,Decleir,4/9/64,8/17/96,1/1/99,Engineer
238431,Djelloul,Marrakchi,3/15/64,4/15/94,1/1/99,Senior Engineer
238433,Gay,Tramer,1/31/64,2/12/99,1/1/99,Senior Staff
238453,Gad,Harbusch,4/6/64,1/19/90,1/1/99,Senior Staff
238456,Tetsushi,Kamber,6/23/64,6/13/90,1/1/99,Technique Leader
238462,Radoslaw,Bultermann,5/28/63,4/29/01,1/1/99,Staff
238465,Poornachandra,Versino,12/29/62,11/27/85,1/1/99,Staff
238477,Tonny,Lores,5/14/63,8/9/96,1/1/99,Staff
238482,Teiji,Muntz,12/27/64,3/26/01,1/1/99,Engineer
238483,Mabo,Munoz,2/23/64,7/18/87,1/1/99,Senior Staff
238486,Sukumar,Thiran,11/6/64,11/20/96,1/1/99,Engineer
238507,Chiradeep,Peha,3/13/64,6/20/86,1/1/99,Engineer
238517,Eran,Armand,5/27/63,11/5/99,1/1/99,Technique Leader
238523,Eldridge,Denti,12/13/63,5/27/94,1/1/99,Engineer
238527,Shiv,Chartres,2/17/64,10/9/85,1/1/99,Engineer
238532,Theron,Saoudi,9/27/62,10/10/88,1/1/99,Senior Engineer
238534,Lillian,Valiente,12/8/64,3/8/90,1/1/99,Staff
238541,Arno,Azumi,12/30/62,9/22/92,1/1/99,Senior Staff
238544,Xuedong,Wissmann,10/20/62,10/5/97,1/1/99,Staff
238549,Maren,Denis,10/29/62,10/8/90,1/1/99,Assistant Engineer
238554,Golgen,Parhami,6/8/64,6/13/92,1/1/99,Technique Leader
238555,Berna,Maksimenko,2/9/63,1/13/98,1/1/99,Staff
238562,Abdulla,Osgood,5/4/62,4/30/96,1/1/99,Assistant Engineer
238567,Marc,Schneeberger,10/9/62,9/10/94,1/1/99,Engineer
238568,Junichi,Ozeri,4/23/64,10/13/99,1/1/99,Engineer
238581,Manu,Thiran,8/2/62,4/12/93,1/1/99,Staff
238584,Khatoun,Thorensen,10/29/62,4/17/98,1/1/99,Engineer
238586,Marek,Bednarek,12/5/62,1/4/86,1/1/99,Staff
238587,Christophe,Burnard,9/30/63,5/12/92,1/1/99,Technique Leader
238588,Marla,Guting,10/4/63,3/16/92,1/1/99,Staff
238602,Kasturi,Merey,11/12/64,9/1/97,1/1/99,Engineer
238614,Sreekrishna,Nastansky,8/2/62,11/12/98,1/1/99,Assistant Engineer
238627,Marc,Lamma,2/10/62,4/18/85,1/1/99,Senior Staff
238633,Masali,Tomescu,8/27/62,7/27/99,1/1/99,Staff
238637,Danny,Hofmeyr,10/29/63,1/6/94,1/1/99,Engineer
238638,Dzung,Leaver,12/16/63,7/30/92,1/1/99,Staff
238645,Moti,Mawatari,2/9/64,6/2/85,1/1/99,Senior Engineer
238647,Bedrich,Kamble,11/8/63,11/16/85,1/1/99,Senior Staff
238649,Candido,Walstra,9/16/63,2/21/96,1/1/99,Staff
238655,Kersti,Molberg,2/26/62,12/29/87,1/1/99,Senior Engineer
238656,Kamakshi,Henders,5/12/62,9/5/89,1/1/99,Staff
238658,Ayakannu,McFarlin,8/8/64,1/7/96,1/1/99,Senior Engineer
238660,Kannan,Cooley,9/19/62,9/19/98,1/1/99,Staff
238666,Shir,Pillow,1/5/63,11/2/85,1/1/99,Senior Staff
238671,Zhigen,Gajiwala,7/23/63,4/11/93,1/1/99,Senior Staff
238688,Takushi,Back,9/30/64,5/29/90,1/1/99,Senior Staff
238690,Chenxi,Peac,1/23/62,8/18/93,1/1/99,Staff
238691,Akeel,Irland,8/1/64,9/28/94,1/1/99,Engineer
238695,Jaana,Kalorkoti,7/27/63,12/4/01,1/1/99,Engineer
238715,Susanna,Adachi,12/8/62,3/17/94,1/1/99,Technique Leader
238718,Sakthirel,Barbanera,11/18/64,2/20/85,1/1/99,Senior Staff
238720,Samphel,Hedayat,11/25/64,8/6/85,1/1/99,Senior Staff
238721,Gonzalo,Stavenow,2/7/63,3/1/97,1/1/99,Senior Engineer
238723,Hidde,Baik,4/20/63,3/27/94,1/1/99,Engineer
238730,Bartek,Koshino,7/27/64,1/14/91,1/1/99,Assistant Engineer
238739,Berhard,Schoegge,3/17/62,9/21/86,1/1/99,Senior Staff
238746,Augustine,Ballarin,4/8/62,11/21/98,1/1/99,Assistant Engineer
238750,Uinam,Snedden,9/18/62,10/12/86,1/1/99,Senior Engineer
238751,Jeane,Merey,3/21/64,6/4/90,1/1/99,Senior Engineer
238761,Vivian,Krzyzanowski,5/18/62,9/14/99,1/1/99,Staff
238766,Sanjai,Sessa,4/30/62,5/6/91,1/1/99,Senior Staff
238767,Baziley,Litvinov,1/4/64,6/16/92,1/1/99,Senior Staff
238778,Caolyn,Beidas,6/5/64,6/20/02,1/1/99,Senior Staff
238780,JoAnne,Pusterhofer,2/18/62,6/23/94,1/1/99,Senior Staff
238786,Ohad,Qiwen,8/13/64,9/20/88,1/1/99,Staff
238794,Claudi,Crouzet,7/19/62,7/23/99,1/1/99,Engineer
238796,Marke,Suomi,4/15/62,8/15/87,1/1/99,Staff
238798,Leucio,Cronin,1/19/64,8/24/90,1/1/99,Technique Leader
238799,Seongbae,Birta,10/14/62,4/1/95,1/1/99,Staff
238803,Yefim,Velardi,10/2/62,8/22/91,1/1/99,Senior Engineer
238806,Zengping,Adachi,7/8/63,3/11/87,1/1/99,Senior Engineer
238812,Yongmin,Leuchs,3/18/63,7/20/98,1/1/99,Technique Leader
238814,Genta,Thebaut,12/10/63,7/16/92,1/1/99,Staff
238825,Hauke,Sankaranarayanan,4/30/64,6/13/96,1/1/99,Staff
238830,Jeane,Kalafatis,7/26/63,5/22/93,1/1/99,Senior Engineer
238835,Giao,Zyda,4/13/62,10/5/93,1/1/99,Senior Staff
238839,Jingling,Pietrzykowski,5/20/64,6/16/90,1/1/99,Senior Engineer
238840,Tuval,Waschkowski,10/18/64,7/12/93,1/1/99,Senior Staff
238849,Snehasis,Pargas,11/5/62,5/3/01,1/1/99,Senior Engineer
238850,Akhilish,Doering,12/11/62,5/1/86,1/1/99,Senior Engineer
238854,Kagan,Gargeya,2/10/63,5/20/98,1/1/99,Engineer
238858,Jacopo,Waeselynck,6/8/62,3/30/94,1/1/99,Staff
238864,Sadegh,Butterworth,12/24/62,12/21/85,1/1/99,Senior Staff
238868,Yishai,Shackell,3/16/63,10/12/93,1/1/99,Technique Leader
238887,Khedija,Kohling,9/20/63,12/16/90,1/1/99,Engineer
238888,Baruch,Ranon,1/19/63,7/28/85,1/1/99,Technique Leader
238896,Freyja,Lorho,5/4/62,3/23/86,1/1/99,Senior Engineer
238897,Randy,Dahlbom,5/6/62,10/21/87,1/1/99,Engineer
238899,Szabolcs,Mitzlaff,9/12/62,9/5/97,1/1/99,Assistant Engineer
238911,Tetsurou,Gimbel,10/10/64,10/21/91,1/1/99,Senior Staff
238912,Shahar,Cyre,1/15/64,2/25/85,1/1/99,Senior Engineer
238919,Samphel,Frijda,6/14/63,8/7/99,1/1/99,Staff
238922,Larisa,Wegerle,12/2/63,11/14/85,1/1/99,Engineer
238929,Vidar,Himler,11/20/64,3/25/89,1/1/99,Engineer
238936,Emran,Rajaraman,6/16/63,8/3/91,1/1/99,Assistant Engineer
238939,Ger,Percebois,11/14/63,3/25/86,1/1/99,Senior Staff
238940,Mikhail,Hemaspaandra,12/30/62,11/14/96,1/1/99,Staff
238941,Toshimo,Erie,2/25/62,12/12/99,1/1/99,Engineer
238949,Minghong,Cronin,1/9/65,10/4/87,1/1/99,Senior Staff
238951,Genevieve,Benzaken,3/1/64,9/13/92,1/1/99,Senior Engineer
238955,Douadi,Buchter,9/28/64,2/16/96,1/1/99,Staff
238959,Mitchel,Shackel,4/21/64,11/4/86,1/1/99,Senior Engineer
238961,Mikhail,Delaune,12/12/64,3/21/87,1/1/99,Senior Staff
238970,Marco,Schrift,12/17/62,10/10/98,1/1/99,Staff
238979,Poornachandra,Albarhamtoshy,8/22/63,7/4/89,1/1/99,Senior Staff
238988,Jacopo,Angelov,3/20/63,10/20/99,1/1/99,Engineer
238990,Gor,Lunn,3/22/63,12/26/87,1/1/99,Staff
238991,Brewster,Decleir,6/15/64,3/11/95,1/1/99,Staff
238994,Martine,Makrucki,4/17/63,1/21/99,1/1/99,Senior Engineer
238998,Chinhyun,Madeira,4/15/62,4/14/94,1/1/99,Senior Engineer
239000,Vatsa,Emmart,3/7/63,10/14/98,1/1/99,Senior Engineer
239006,Danil,Perna,8/6/63,1/28/86,1/1/99,Senior Staff
239015,Shakhar,Krichel,3/24/62,3/24/95,1/1/99,Engineer
239017,Ronnie,Androutsos,7/28/63,12/2/91,1/1/99,Senior Engineer
239018,Kendra,Rosen,4/13/62,6/8/99,1/1/99,Technique Leader
239023,Brewster,Parfitt,5/1/62,5/6/93,1/1/99,Technique Leader
239027,Hironobu,Serot,9/21/63,2/9/88,1/1/99,Engineer
239039,Vasilii,Adachi,7/24/62,5/24/96,1/1/99,Senior Engineer
239047,Laurentiu,Savasere,12/15/64,7/9/86,1/1/99,Senior Staff
239052,Randi,Gulla,8/16/64,8/4/90,1/1/99,Senior Staff
239059,Piyawadee,Rosca,3/11/64,4/12/02,1/1/99,Technique Leader
239062,Wonhee,Breugel,3/31/63,1/14/92,1/1/99,Technique Leader
239063,Slavian,Linares,1/23/62,12/18/91,1/1/99,Engineer
239067,Tadahiko,Pocchiola,1/11/65,4/2/96,1/1/99,Staff
239079,Parto,Papastamatiou,4/3/62,9/15/95,1/1/99,Engineer
239086,Adil,Sadowski,4/24/62,6/30/92,1/1/99,Senior Engineer
239098,Muneo,Collavizza,5/27/63,4/21/96,1/1/99,Staff
239101,Flemming,Geffroy,10/13/62,1/13/93,1/1/99,Technique Leader
239107,Debatosh,Prampolini,11/11/63,9/30/85,1/1/99,Senior Staff
239120,Ulf,Tibblin,4/20/63,11/18/95,1/1/99,Engineer
239124,Jaana,Ramsey,12/1/62,10/5/89,1/1/99,Senior Staff
239126,Sverrir,Spieker,12/27/63,3/19/93,1/1/99,Senior Staff
239136,Kasturi,Ritzmann,9/5/64,12/3/90,1/1/99,Senior Staff
239143,Subhada,Radwan,6/30/64,1/11/97,1/1/99,Senior Staff
239144,Kerryn,Radwan,1/6/64,2/8/88,1/1/99,Staff
239148,Lijia,Kossowski,1/7/62,8/28/92,1/1/99,Staff
239152,Lansing,Bergere,8/20/62,7/15/96,1/1/99,Technique Leader
239159,Jagoda,Gladwell,2/27/62,12/8/99,1/1/99,Senior Staff
239164,Boriana,Chepyzhov,3/14/64,2/8/91,1/1/99,Senior Staff
239168,Sungwon,Condotta,3/26/63,9/23/91,1/1/99,Engineer
239174,Froduald,Turnbull,6/14/63,5/4/85,1/1/99,Assistant Engineer
239175,Tzu,Picaronny,7/7/62,7/17/87,1/1/99,Senior Staff
239177,Zhenbing,Oxman,7/2/63,12/16/91,1/1/99,Senior Staff
239181,Fumiya,Kieras,3/28/63,4/26/86,1/1/99,Staff
239192,Felicidad,Caine,12/23/63,3/9/97,1/1/99,Staff
239194,Gopalakrishnan,Fraisse,6/17/63,6/25/91,1/1/99,Senior Engineer
239195,Huai,Polupanov,5/28/62,6/23/89,1/1/99,Senior Engineer
239197,Naraig,Esteva,8/12/63,2/20/90,1/1/99,Senior Staff
239199,Gian,Oxman,9/13/64,6/13/87,1/1/99,Staff
239200,Akemi,Hanratty,10/23/64,1/4/95,1/1/99,Assistant Engineer
239201,Tadahiro,Basart,11/18/63,1/12/95,1/1/99,Engineer
239207,Lakshmi,Kornatzky,1/23/63,9/5/92,1/1/99,Senior Engineer
239213,Pranas,Yoshizawa,7/27/64,8/21/86,1/1/99,Engineer
239218,Denny,Camarinopoulos,3/26/64,11/13/88,1/1/99,Engineer
239221,Sanjeeva,Giaccio,2/2/64,11/22/88,1/1/99,Staff
239233,Eberhardt,Lorie,12/24/62,3/13/86,1/1/99,Senior Engineer
239234,Isaac,Beidas,9/22/63,1/26/87,1/1/99,Senior Staff
239241,Jolita,Tramer,8/26/63,3/26/96,1/1/99,Senior Staff
239244,Abdulla,Kitai,1/13/65,2/20/87,1/1/99,Staff
239249,Poorav,Bernini,6/24/63,8/27/99,1/1/99,Assistant Engineer
239251,Franziska,Weedon,1/30/62,6/12/87,1/1/99,Staff
239258,Tua,Furudate,6/27/63,9/23/85,1/1/99,Senior Staff
239263,Chaoyi,Aloisi,9/5/64,8/19/93,1/1/99,Staff
239272,Jianwen,Ventosa,5/31/62,9/14/92,1/1/99,Engineer
239279,Anestis,Isard,8/14/64,3/23/99,1/1/99,Staff
239282,Sergi,Guardalben,12/12/64,8/1/91,1/1/99,Engineer
239285,Martins,Maquelin,12/19/63,2/5/89,1/1/99,Senior Staff
239290,Theron,Cools,9/18/64,8/27/90,1/1/99,Senior Staff
239298,Eberhardt,McConalogue,5/24/63,12/21/94,1/1/99,Technique Leader
239301,Maha,Greenaway,2/28/62,10/11/86,1/1/99,Senior Engineer
239305,Masoud,Brookman,3/19/62,11/6/97,1/1/99,Senior Engineer
239309,Youjian,Lienhardt,8/29/63,8/19/91,1/1/99,Senior Staff
239313,Jouni,Solares,8/17/63,6/4/92,1/1/99,Engineer
239323,Martial,Pokrovskii,2/20/64,11/7/99,1/1/99,Engineer
239328,Hironobu,Soloway,8/7/64,3/23/93,1/1/99,Senior Staff
239331,DAIDA,Lenart,3/18/64,5/6/94,1/1/99,Assistant Engineer
239340,Ulf,Menyhert,4/23/64,5/29/88,1/1/99,Senior Staff
239343,Gianluca,Kavanagh,7/26/63,6/9/88,1/1/99,Senior Staff
239344,Kiyomitsu,Baez,12/10/62,9/20/86,1/1/99,Engineer
239355,Zissis,Leonhardt,1/10/64,11/14/86,1/1/99,Staff
239357,Tze,Middleton,4/3/64,5/26/99,1/1/99,Engineer
239366,Premal,Luga,1/30/63,8/25/87,1/1/99,Senior Engineer
239369,Abdulah,Zuberek,12/16/64,12/7/86,1/1/99,Senior Engineer
239373,Shridhar,Ruther,12/2/63,6/28/88,1/1/99,Senior Staff
239374,Roselyn,Setlzner,3/12/64,10/21/96,1/1/99,Senior Engineer
239379,Neelam,Kakkar,3/6/62,8/13/01,1/1/99,Engineer
239381,Prodip,Kulisch,3/18/62,6/26/93,1/1/99,Staff
239389,Tamiya,Christ,7/7/64,7/22/02,1/1/99,Staff
239392,Matk,Bernick,4/25/62,4/12/97,1/1/99,Engineer
239398,Rajmohan,Bazelow,1/9/62,7/27/90,1/1/99,Senior Staff
239399,Felicidad,Rosis,2/8/64,10/17/01,1/1/99,Senior Staff
239415,Susumu,Brender,1/1/65,4/17/93,1/1/99,Senior Engineer
239419,Martine,Douceur,4/12/63,1/17/95,1/1/99,Engineer
239426,Vesna,Fairtlough,1/8/65,5/7/02,1/1/99,Engineer
239428,Syozo,Masaki,8/17/64,9/14/90,1/1/99,Engineer
239429,Martial,Mansanne,6/15/64,10/18/92,1/1/99,Senior Staff
239431,Sachem,Sambasivam,1/2/63,8/4/97,1/1/99,Staff
239435,Arco,Conta,4/29/64,10/12/90,1/1/99,Senior Staff
239452,Divine,Cangellaris,4/19/64,3/14/92,1/1/99,Senior Engineer
239455,Zongyan,Menyhert,1/6/62,2/8/93,1/1/99,Senior Staff
239461,Subhash,Ishibashi,9/11/62,10/23/91,1/1/99,Assistant Engineer
239465,Reinhold,Baak,10/14/63,11/7/86,1/1/99,Senior Engineer
239479,Sajjan,Stamatiou,4/15/64,9/1/95,1/1/99,Engineer
239486,Slavian,Papastamatiou,7/29/63,11/23/93,1/1/99,Senior Engineer
239487,Yagil,Kushnir,11/11/64,6/8/98,1/1/99,Engineer
239498,Subhada,Kugler,4/19/62,12/5/92,1/1/99,Engineer
239504,Debaprosad,Skafidas,9/20/62,3/11/93,1/1/99,Senior Staff
239508,Yurij,Anandan,6/5/63,5/14/88,1/1/99,Staff
239512,Zhaofang,Morrin,7/2/63,4/9/95,1/1/99,Assistant Engineer
239521,Aloys,Asser,2/5/63,3/29/97,1/1/99,Engineer
239533,Lubomir,Nooteboom,7/5/64,11/1/98,1/1/99,Engineer
239547,Wojceich,Fontan,3/6/63,2/12/92,1/1/99,Senior Staff
239551,Theirry,Baar,5/21/64,1/10/02,1/1/99,Staff
239567,Zsolt,Kisuki,7/7/64,6/28/95,1/1/99,Engineer
239570,Vasilii,Lalonde,9/19/62,6/30/99,1/1/99,Assistant Engineer
239573,Jeane,Lowrie,10/17/64,5/5/95,1/1/99,Engineer
239578,Honesty,Denti,8/12/62,12/24/85,1/1/99,Assistant Engineer
239579,Kagan,Camurati,3/29/62,4/9/95,1/1/99,Staff
239580,Valeska,Collette,3/28/64,12/29/90,1/1/99,Senior Engineer
239583,Atreyi,Denny,8/16/63,5/21/86,1/1/99,Engineer
239602,Toshimori,Waleschkowski,9/9/62,8/29/89,1/1/99,Senior Engineer
239605,Gad,Cyne,11/30/62,11/12/91,1/1/99,Senior Engineer
239609,Hongzhu,Setiz,1/15/64,11/28/87,1/1/99,Senior Engineer
239613,Tadahiro,Ozery,12/9/62,11/12/91,1/1/99,Staff
239615,Gritta,Jansen,11/1/64,9/10/90,1/1/99,Staff
239617,Salvador,Demian,6/12/63,7/25/99,1/1/99,Engineer
239618,Tesuya,Munoz,3/8/63,12/29/99,1/1/99,Staff
239622,Mona,Vernadat,9/12/62,10/12/98,1/1/99,Senior Engineer
239626,Heping,Vecchio,3/12/62,1/16/98,1/1/99,Senior Engineer
239627,Matt,Matzov,1/29/62,4/9/94,1/1/99,Staff
239634,Hercules,Vesna,3/26/63,6/26/87,1/1/99,Senior Engineer
239636,Moni,Moehrke,1/17/62,2/6/98,1/1/99,Senior Engineer
239645,DeForest,Lung,4/24/63,6/15/97,1/1/99,Engineer
239646,Yagil,Acton,3/12/64,10/25/00,1/1/99,Engineer
239655,Luise,Bhattacharjee,2/22/62,2/20/00,1/1/99,Engineer
239658,Zine,Gecsel,4/28/62,10/22/90,1/1/99,Engineer
239660,Takahito,Deyuan,3/10/64,9/7/97,1/1/99,Staff
239664,Sugwoo,Michaels,1/4/65,8/2/92,1/1/99,Senior Engineer
239665,Remko,Bael,12/6/63,5/19/85,1/1/99,Staff
239666,Maha,Giarratana,3/22/62,3/15/85,1/1/99,Technique Leader
239680,Tuval,Speer,11/21/64,7/15/96,1/1/99,Engineer
239684,Evgueni,Kavvadias,9/10/63,8/16/01,1/1/99,Senior Staff
239691,Howell,Thummel,7/29/63,9/25/94,1/1/99,Staff
239693,Lech,Rebaine,7/23/63,4/3/01,1/1/99,Technique Leader
239694,Hausi,Velardi,4/15/64,3/11/92,1/1/99,Engineer
239701,Jahangir,Mitzlaff,11/25/64,2/25/96,1/1/99,Staff
239706,Arunas,Bugrara,1/15/65,4/3/97,1/1/99,Assistant Engineer
239707,TRUE,Oskamp,11/19/62,8/16/95,1/1/99,Engineer
239708,Mitsuyuki,Kossowski,12/16/64,12/19/85,1/1/99,Senior Engineer
239712,Wuxu,Nanard,10/16/63,9/15/94,1/1/99,Senior Staff
239715,Cathie,Schaar,12/3/63,11/26/97,1/1/99,Staff
239716,Tadahiko,Akazan,4/12/63,7/7/97,1/1/99,Assistant Engineer
239717,Rutger,Gire,6/25/62,2/3/86,1/1/99,Staff
239726,Hinrich,Bojadziev,7/28/62,2/2/96,1/1/99,Senior Staff
239727,Genevieve,Schrooten,6/16/63,3/25/93,1/1/99,Senior Staff
239730,Kensyu,Socorro,3/16/63,9/8/91,1/1/99,Senior Engineer
239741,Marek,Wixon,2/29/64,1/14/92,1/1/99,Senior Staff
239748,Bilhanan,Dusink,1/23/65,6/4/88,1/1/99,Senior Staff
239763,Greger,Speckmann,2/24/64,11/21/89,1/1/99,Senior Staff
239766,Barton,Pulkowski,12/23/63,2/22/87,1/1/99,Staff
239776,Susanta,Bernick,4/8/62,6/25/86,1/1/99,Senior Staff
239784,Ranan,Varley,1/22/63,5/26/91,1/1/99,Engineer
239792,Fen,Masamoto,10/29/62,10/12/00,1/1/99,Engineer
239796,Hidefumi,Luiz,12/16/64,6/27/93,1/1/99,Engineer
239797,Augustine,Binding,7/22/63,6/29/90,1/1/99,Senior Engineer
239803,Oscal,Ernst,1/30/65,5/19/92,1/1/99,Staff
239804,Ult,Tzvieli,1/28/63,5/20/95,1/1/99,Staff
239820,Shaowei,Moehrke,5/23/62,8/21/85,1/1/99,Senior Engineer
239824,Remzi,Crabtree,12/7/62,5/5/89,1/1/99,Senior Engineer
239827,Szabolcs,Lieberherr,6/29/62,1/31/99,1/1/99,Staff
239839,Bojan,Ranft,6/18/63,2/25/86,1/1/99,Engineer
239848,Arlette,Templeman,7/1/63,8/31/92,1/1/99,Staff
239850,Danel,Peac,10/1/64,2/23/98,1/1/99,Senior Engineer
239855,Chenxi,Provine,12/14/64,1/23/99,1/1/99,Engineer
239864,Geoffry,Basawa,11/2/63,4/6/86,1/1/99,Staff
239867,Snehasis,McClurg,4/6/64,9/29/89,1/1/99,Senior Staff
239874,Kazuhiro,Suppi,10/28/63,3/24/99,1/1/99,Staff
239881,Zdislav,Lunn,12/25/64,8/27/87,1/1/99,Staff
239884,Christoph,Pesch,5/14/63,7/1/95,1/1/99,Engineer
239889,Willard,Butterworth,8/29/63,11/14/98,1/1/99,Engineer
239890,Chuanyi,Lung,6/29/62,6/1/92,1/1/99,Senior Staff
239899,Zhongwei,Keohane,12/6/64,6/25/95,1/1/99,Engineer
239900,Saddek,Brattka,9/20/64,8/2/99,1/1/99,Staff
239906,Perla,Albarhamtoshy,7/7/62,4/27/87,1/1/99,Technique Leader
239908,Tonia,Heusch,11/26/64,5/7/98,1/1/99,Senior Staff
239933,Subhankar,Kaelbling,8/31/63,7/26/86,1/1/99,Senior Engineer
239942,Kenton,Erez,9/27/62,9/27/89,1/1/99,Staff
239943,Boriana,Mikschl,11/24/62,2/28/95,1/1/99,Engineer
239945,Ingmar,Nations,12/7/62,7/3/89,1/1/99,Senior Engineer
239947,Kiam,Knightly,11/30/63,11/23/97,1/1/99,Assistant Engineer
239949,Zhiwei,Aamodt,8/21/62,11/26/90,1/1/99,Engineer
239951,Deniz,Uhrik,8/22/64,9/4/87,1/1/99,Senior Staff
239956,Naftaly,Lieberherr,3/21/64,12/14/90,1/1/99,Engineer
239957,Gay,Motley,6/11/63,6/9/88,1/1/99,Engineer
239962,Owen,Ossenbruggen,10/24/64,7/24/90,1/1/99,Senior Staff
239966,Kolar,Speckmann,3/12/64,5/25/88,1/1/99,Staff
239969,Shan,Begiun,11/13/63,2/28/94,1/1/99,Technique Leader
239970,Kokou,Penttonen,11/12/63,1/14/90,1/1/99,Technique Leader
239973,Surveyors,Wuwongse,5/26/62,4/25/90,1/1/99,Senior Engineer
239977,Mayuko,Rijsenbrij,5/17/62,6/11/96,1/1/99,Staff
239990,Danil,Kulisch,1/8/62,9/1/92,1/1/99,Technique Leader
239996,Behnaam,Beutelspacher,1/25/63,8/19/91,1/1/99,Staff
239997,Doowon,Sullins,7/30/64,11/22/92,1/1/99,Senior Engineer
239998,Yucai,Schwartzburd,4/11/63,12/11/88,1/1/99,Senior Staff
239999,Kagan,Weisert,10/11/63,3/10/96,1/1/99,Senior Staff
240002,Eran,Makinen,1/29/64,1/10/95,1/1/99,Technique Leader
240009,Dinkar,Luce,3/5/64,2/5/96,1/1/99,Senior Staff
240013,Hitofumi,Falby,6/23/63,4/17/94,1/1/99,Staff
240024,Abdelaziz,Papsdorf,6/11/62,3/30/99,1/1/99,Staff
240029,Kristof,Rissland,11/24/63,1/16/93,1/1/99,Staff
240032,Jixiang,Emiris,6/8/64,10/6/92,1/1/99,Assistant Engineer
240034,Marek,Samarati,5/21/62,5/15/91,1/1/99,Senior Engineer
240035,Marsha,Billawala,7/27/63,6/5/90,1/1/99,Engineer
240036,Yoshinari,Bierman,8/15/62,11/18/90,1/1/99,Senior Engineer
240037,Christoper,Deverell,1/3/62,4/6/99,1/1/99,Engineer
240045,Rafols,Narwekar,12/29/63,4/22/99,1/1/99,Engineer
240047,Anneli,Bolotov,8/16/64,7/28/91,1/1/99,Senior Engineer
240053,Krassimir,Karcich,4/22/62,4/2/86,1/1/99,Engineer
240063,Adamantios,Hettesheimer,11/28/62,10/8/86,1/1/99,Senior Staff
240071,Debatosh,Dayana,11/18/63,4/7/85,1/1/99,Staff
240073,Nikolaos,Chenoweth,11/14/64,3/11/96,1/1/99,Engineer
240074,Sudharsan,Slobodova,5/2/62,9/3/97,1/1/99,Senior Engineer
240077,Zdislav,Docker,5/24/63,9/14/94,1/1/99,Senior Staff
240079,Stafford,Osgood,12/27/63,2/11/85,1/1/99,Senior Staff
240081,Bikash,Swick,3/27/64,12/18/95,1/1/99,Engineer
240084,Chuanyi,Kamber,6/28/62,6/21/89,1/1/99,Senior Engineer
240087,Shai,Spieker,9/9/62,7/23/90,1/1/99,Technique Leader
240096,Huei,Copas,6/11/63,4/27/89,1/1/99,Technique Leader
240101,Marie,Cromarty,6/19/63,4/13/94,1/1/99,Engineer
240102,Maik,Sambasivam,8/24/63,10/18/87,1/1/99,Assistant Engineer
240108,Malu,Tetzlaff,12/14/62,9/18/93,1/1/99,Senior Staff
240109,Jaana,Murtha,4/24/63,10/15/99,1/1/99,Engineer
240120,Uri,Axelband,8/1/62,5/13/92,1/1/99,Senior Staff
240123,Surveyors,Harbusch,11/17/62,6/28/99,1/1/99,Senior Engineer
240124,Conrado,Plump,6/1/63,5/7/92,1/1/99,Senior Engineer
240125,Bedir,Bazelow,7/9/64,11/27/00,1/1/99,Senior Engineer
240132,Mizuhito,Kobara,2/1/65,8/9/96,1/1/99,Senior Staff
240144,Satyanarayana,Caine,6/6/62,2/8/02,1/1/99,Senior Staff
240153,Zhongwei,Lamparter,1/6/64,7/13/97,1/1/99,Engineer
240157,Shahar,Kalsbeek,5/6/62,8/26/92,1/1/99,Staff
240165,Zhaofang,Munck,6/10/64,7/7/98,1/1/99,Staff
240172,Tokuyasu,Lichtner,11/27/63,3/19/98,1/1/99,Staff
240173,Tomofumi,Munro,6/14/64,1/12/94,1/1/99,Engineer
240184,Nagui,Onuegbe,1/10/64,1/16/01,1/1/99,Senior Engineer
240186,Vishwani,Shiratori,4/18/64,11/25/89,1/1/99,Senior Staff
240188,Serenella,Makrucki,2/4/63,7/14/91,1/1/99,Senior Engineer
240192,Teunis,Validov,11/1/64,8/29/90,1/1/99,Staff
240195,Xiaobin,Waterhouse,8/16/64,9/13/93,1/1/99,Senior Engineer
240200,Subhrajyoti,Anick,1/23/62,10/29/87,1/1/99,Senior Engineer
240201,Jovan,Erev,1/30/64,6/21/85,1/1/99,Senior Engineer
240205,Moriyoshi,Masada,3/13/64,7/6/87,1/1/99,Staff
240210,Uma,Mundy,6/5/64,12/30/85,1/1/99,Senior Staff
240211,Jiang,Nitsch,6/10/63,3/3/91,1/1/99,Senior Engineer
240216,Jouni,Rando,11/23/63,7/2/89,1/1/99,Senior Staff
240222,Amalendu,Nannarelli,8/19/64,7/4/90,1/1/99,Engineer
240223,Christoper,Schreiter,11/20/62,12/3/89,1/1/99,Senior Staff
240232,Eberhardt,Polajnar,2/7/63,6/11/97,1/1/99,Senior Engineer
240236,TRUE,Tischendorf,1/24/65,1/19/86,1/1/99,Senior Engineer
240243,Yuchang,Riexinger,12/10/63,1/12/95,1/1/99,Senior Staff
240249,Sanjay,Oehlmann,9/6/62,8/12/92,1/1/99,Engineer
240257,Shahab,Perry,2/5/62,2/28/89,1/1/99,Senior Engineer
240270,Arco,Ranka,3/5/64,4/12/87,1/1/99,Senior Engineer
240274,Kamran,Kuzuoka,7/29/64,1/6/92,1/1/99,Assistant Engineer
240275,Arno,Dehkordi,1/13/62,5/16/93,1/1/99,Engineer
240278,Maik,Lanphier,10/27/64,12/12/87,1/1/99,Senior Staff
240281,Neelam,Perri,11/25/63,1/4/89,1/1/99,Senior Engineer
240284,Boguslaw,Kriebel,3/3/62,11/22/97,1/1/99,Engineer
240285,Kolar,Greenaway,1/23/65,11/14/98,1/1/99,Staff
240291,Jiann,Colorni,2/4/63,1/28/95,1/1/99,Staff
240295,Sudhanshu,Camurati,2/22/63,7/21/87,1/1/99,Engineer
240296,Randy,Gelosh,6/5/63,4/27/90,1/1/99,Senior Engineer
240300,Flemming,Seuren,2/16/64,6/10/85,1/1/99,Senior Engineer
240302,Geraldo,Waterhouse,8/16/62,3/31/89,1/1/99,Senior Staff
240320,Dipankar,Bellmore,12/22/64,4/14/97,1/1/99,Staff
240323,Karsten,Scharstein,7/23/62,5/24/92,1/1/99,Engineer
240324,Paraskevi,Sigstam,2/23/63,2/8/96,1/1/99,Senior Engineer
240336,Alexius,Lorcy,8/7/64,12/19/96,1/1/99,Engineer
240340,Mack,Staylopatis,1/14/65,4/2/85,1/1/99,Engineer
240349,Maja,Greenaway,6/11/63,6/22/99,1/1/99,Senior Staff
240351,Limsoon,Boguraev,10/2/62,3/10/88,1/1/99,Senior Engineer
240355,Oksana,Kabayashi,4/23/63,10/4/93,1/1/99,Senior Staff
240359,Karoline,Hempstead,11/1/62,12/9/87,1/1/99,Staff
240380,Marc,Swift,4/16/62,7/11/98,1/1/99,Staff
240384,Iara,Breugel,4/27/64,12/17/00,1/1/99,Senior Staff
240390,Poornachandra,Andreotta,2/21/64,6/10/85,1/1/99,Engineer
240399,Jenwei,Iwayama,12/1/63,12/27/88,1/1/99,Senior Staff
240403,Cristinel,Birrer,7/21/63,2/22/85,1/1/99,Senior Staff
240405,Shigenori,Msuda,6/14/63,11/11/96,1/1/99,Engineer
240408,Zsolt,Herath,7/25/63,7/23/92,1/1/99,Senior Engineer
240410,Mohammed,Picaronny,5/24/63,9/14/89,1/1/99,Senior Engineer
240411,Tonny,Ossenbruggen,10/12/62,11/20/86,1/1/99,Senior Engineer
240419,Bernice,Bardell,10/22/63,8/12/86,1/1/99,Senior Engineer
240424,Billur,DasSarma,9/25/63,7/17/98,1/1/99,Senior Engineer
240426,Heejo,Gomatam,5/9/63,1/22/96,1/1/99,Senior Engineer
240427,Xiaopeng,Schnabel,5/17/63,9/4/97,1/1/99,Staff
240438,Temple,Cyre,1/2/65,9/30/92,1/1/99,Staff
240443,Chuanyi,Jahnichen,5/29/64,12/21/89,1/1/99,Senior Staff
240446,Gal,Erdmenger,8/6/63,3/20/90,1/1/99,Engineer
240450,Poorav,Simkin,2/16/64,1/8/96,1/1/99,Engineer
240451,Jagoda,Compeau,3/8/62,10/19/89,1/1/99,Engineer
240463,Lena,Birta,5/28/64,4/8/85,1/1/99,Senior Engineer
240466,Chanjung,Perfilyeva,7/18/63,5/1/89,1/1/99,Staff
240468,Toney,Braunschweig,8/30/64,4/17/90,1/1/99,Engineer
240487,Masato,Bressoud,4/20/63,12/10/93,1/1/99,Senior Engineer
240489,Pradeep,Sullins,7/8/62,4/20/02,1/1/99,Staff
240491,Nakhoon,Eiter,2/14/63,4/1/87,1/1/99,Senior Staff
240492,Slavian,Vidya,12/29/64,11/30/92,1/1/99,Engineer
240493,Arco,Bruckman,2/17/63,11/18/93,1/1/99,Senior Staff
240498,Shih,Curless,12/9/64,4/2/90,1/1/99,Engineer
240522,Somnath,Litecky,1/31/63,3/18/91,1/1/99,Senior Staff
240523,Pascal,England,10/19/62,6/10/88,1/1/99,Technique Leader
240525,Atilio,Herber,4/6/64,1/24/91,1/1/99,Staff
240529,Rasikan,Szemeredi,11/9/62,3/16/85,1/1/99,Technique Leader
240533,Sanjoy,Beidas,4/4/64,9/20/93,1/1/99,Technique Leader
240536,Nishit,Karnin,7/23/64,4/29/86,1/1/99,Senior Staff
240545,Masanao,Pardalos,3/29/64,6/12/93,1/1/99,Engineer
240550,Moss,Figueira,8/29/62,9/27/93,1/1/99,Senior Engineer
240555,Florina,Marletta,6/15/63,10/18/86,1/1/99,Engineer
240558,Yaghout,Nannarelli,6/12/64,3/23/94,1/1/99,Senior Staff
240564,Chriss,Muhlberg,12/30/62,12/19/98,1/1/99,Senior Engineer
240568,Xianlong,Przulj,12/19/64,9/13/97,1/1/99,Engineer
240570,Saeed,Dulay,12/7/62,8/25/87,1/1/99,Technique Leader
240577,Shaleah,Aseltine,11/24/63,10/12/94,1/1/99,Assistant Engineer
240583,Yakichi,Poulakidas,6/15/64,9/13/91,1/1/99,Senior Engineer
240591,Jianhua,Erde,10/7/63,10/6/97,1/1/99,Engineer
240595,Dante,Willoner,7/3/62,6/19/96,1/1/99,Senior Staff
240599,Gully,Peek,7/30/62,11/1/89,1/1/99,Technique Leader
240601,Fei,Vigier,12/8/62,12/23/89,1/1/99,Staff
240606,Kauko,Emmart,9/3/64,9/22/98,1/1/99,Engineer
240611,Niranjan,Hatcliff,2/27/64,9/1/92,1/1/99,Staff
240612,Sadegh,Unno,4/28/64,10/8/96,1/1/99,Senior Staff
240614,Erzsebet,Dalton,10/14/63,12/31/85,1/1/99,Senior Engineer
240622,Narain,Kaltofen,9/6/62,2/1/88,1/1/99,Staff
240625,Jaana,Bouloucos,1/9/64,7/5/94,1/1/99,Engineer
240627,Djelloul,Foong,8/31/62,5/16/00,1/1/99,Staff
240638,Joydip,Limongiello,6/16/62,10/10/96,1/1/99,Senior Engineer
240640,Sumali,Marwedel,10/19/64,8/20/92,1/1/99,Senior Staff
240642,Jaber,Schahn,4/23/64,4/25/85,1/1/99,Senior Staff
240649,Elvia,Angiulli,7/25/62,11/26/95,1/1/99,Senior Engineer
240653,Denny,Majewski,3/7/63,11/17/99,1/1/99,Engineer
240656,Muzhong,Pardalos,7/24/63,7/26/91,1/1/99,Senior Engineer
240657,Berhard,Danecki,11/9/63,3/21/96,1/1/99,Senior Staff
240658,Saddek,Fendler,11/1/63,4/28/97,1/1/99,Technique Leader
240662,Zsolt,Keustermans,3/2/62,11/15/92,1/1/99,Senior Staff
240664,Martijn,Isard,10/9/62,1/9/94,1/1/99,Senior Staff
240668,Chanjung,Matheson,12/6/62,4/26/91,1/1/99,Senior Engineer
240671,Hideo,Cairo,10/14/63,1/23/97,1/1/99,Technique Leader
240673,Gou,Swick,5/8/62,1/16/86,1/1/99,Senior Staff
240688,Christfried,Templeman,4/22/62,11/13/91,1/1/99,Staff
240700,Kazuhira,Axelband,12/31/64,8/28/89,1/1/99,Senior Staff
240702,Ziva,Holburn,10/18/64,3/22/93,1/1/99,Senior Engineer
240704,Arlette,Skrikant,10/24/63,5/21/94,1/1/99,Engineer
240710,Ennio,Slobodova,7/2/63,1/18/00,1/1/99,Engineer
240718,Haldun,Luke,12/11/62,8/28/95,1/1/99,Senior Engineer
240728,Satoru,Ramaiah,9/2/64,6/26/01,1/1/99,Technique Leader
240729,Herb,Casperson,5/19/62,10/2/95,1/1/99,Engineer
240732,Jongsuk,Chandrasekhar,4/21/64,5/8/90,1/1/99,Staff
240734,George,Matzov,3/21/64,6/14/93,1/1/99,Senior Engineer
240739,Jeanne,Sigstam,1/27/64,11/3/88,1/1/99,Assistant Engineer
240743,Brendon,Poehlman,7/17/62,11/12/99,1/1/99,Engineer
240746,Amstein,Pokrovskii,12/3/62,4/18/91,1/1/99,Senior Staff
240752,Jaana,Serna,7/10/62,1/20/88,1/1/99,Senior Engineer
240765,Fumino,Decleir,6/30/64,10/25/89,1/1/99,Staff
240777,Otmar,Aloia,7/27/63,5/12/95,1/1/99,Senior Engineer
240778,Munenori,Mattern,8/21/62,2/21/93,1/1/99,Staff
240781,Xiaobin,Kulisch,4/16/64,1/28/86,1/1/99,Engineer
240782,Dinah,Atrawala,12/4/64,10/14/94,1/1/99,Staff
240784,Nikolaos,Budinsky,9/12/63,4/13/94,1/1/99,Staff
240790,Rildo,Zeidenstein,7/31/64,10/19/99,1/1/99,Engineer
240792,Filipp,Flexer,6/7/63,11/15/91,1/1/99,Senior Staff
240796,Atreyi,Kamble,11/25/63,7/15/02,1/1/99,Senior Staff
240804,Roddy,Alencar,9/13/62,3/22/99,1/1/99,Staff
240810,Inderjeet,Hofman,9/12/64,1/21/88,1/1/99,Staff
240816,Ymte,Heusch,11/9/63,4/8/89,1/1/99,Staff
240822,Babette,Erman,7/29/64,5/6/87,1/1/99,Senior Engineer
240823,Piyawadee,Peng,4/21/62,4/1/89,1/1/99,Assistant Engineer
240825,Mostafa,Dredge,6/6/62,5/1/91,1/1/99,Staff
240837,Panayotis,Savasere,5/7/63,12/6/89,1/1/99,Senior Staff
240839,Christ,Bellone,4/13/63,3/14/99,1/1/99,Staff
240847,Maik,Massonet,1/27/64,9/25/94,1/1/99,Senior Engineer
240851,Alper,Matzov,7/25/63,3/17/99,1/1/99,Senior Engineer
240858,Masadi,Staelin,5/7/62,2/18/86,1/1/99,Engineer
240861,Shuzo,Ohori,5/15/62,6/16/96,1/1/99,Staff
240867,Barry,Sudbeck,10/19/64,10/14/93,1/1/99,Staff
240870,Francesca,Chorvat,1/6/65,3/17/92,1/1/99,Senior Staff
240873,Ziyad,Anger,4/23/62,12/6/97,1/1/99,Engineer
240874,Nitsan,Flasterstein,3/1/64,12/30/87,1/1/99,Senior Staff
240877,Zorica,Pehl,5/7/62,10/18/91,1/1/99,Senior Staff
240881,Ottavia,Khasidashvili,6/30/62,10/25/95,1/1/99,Senior Staff
240882,Alois,Rikino,10/19/62,5/21/91,1/1/99,Assistant Engineer
240883,Domenick,Cronin,2/13/63,12/9/88,1/1/99,Senior Staff
240890,Gift,Lowrie,7/7/62,4/20/90,1/1/99,Senior Staff
240894,Shao,Dulli,9/30/62,5/10/88,1/1/99,Engineer
240895,Boaz,Mateescu,12/23/64,12/18/95,1/1/99,Engineer
240896,Duke,Thebaut,7/27/62,3/30/98,1/1/99,Staff
240900,Yaghout,Moffat,8/31/63,10/29/98,1/1/99,Staff
240901,Hironobu,Detkin,11/25/62,1/1/90,1/1/99,Senior Staff
240908,Renny,Talmor,11/4/64,2/6/88,1/1/99,Senior Staff
240909,Genevieve,Baaleh,2/24/62,2/18/95,1/1/99,Engineer
240914,Alenka,Kavvadias,5/12/64,2/25/95,1/1/99,Engineer
240917,Almudena,Ponthieu,7/8/63,9/5/93,1/1/99,Engineer
240926,Shigenori,Peron,6/11/63,3/23/93,1/1/99,Engineer
240929,Susanna,Plavsic,11/4/64,10/8/99,1/1/99,Senior Staff
240931,Sivanarayana,Kleiser,8/14/63,8/11/92,1/1/99,Senior Engineer
240935,Berry,Rijckaert,10/23/64,2/6/96,1/1/99,Engineer
240938,Duri,Byoun,7/23/62,11/26/85,1/1/99,Engineer
240948,Nimmagadda,Bach,3/17/62,5/10/95,1/1/99,Senior Engineer
240952,Chenxi,Crouzet,6/24/62,3/9/93,1/1/99,Engineer
240959,Genta,Valiente,12/26/64,5/17/98,1/1/99,Engineer
240979,Mang,Tibblin,10/1/62,11/22/87,1/1/99,Engineer
240981,Jaihie,Vieth,2/21/64,4/16/92,1/1/99,Staff
240994,Chuanyi,Bala,8/27/63,1/19/91,1/1/99,Engineer
240999,Raimond,Aloia,5/2/63,10/25/89,1/1/99,Staff
241003,Make,Chiola,3/11/63,2/2/85,1/1/99,Senior Staff
241009,Edwin,Hitomi,1/11/62,3/1/90,1/1/99,Senior Staff
241012,Khosrow,Beilner,7/14/64,6/20/91,1/1/99,Staff
241025,Uta,Seghrouchni,7/11/63,5/19/98,1/1/99,Senior Engineer
241027,Zorica,Sridhar,10/26/63,8/8/97,1/1/99,Engineer
241032,Xiaopeng,Pettis,7/28/62,11/3/90,1/1/99,Staff
241042,Kerhong,Zastre,7/7/64,4/12/99,1/1/99,Staff
241046,Susumu,Trumbly,5/17/64,6/14/92,1/1/99,Engineer
241047,Rimli,Stafford,10/11/64,7/5/92,1/1/99,Engineer
241048,Lucian,Panienski,8/27/64,5/2/95,1/1/99,Senior Staff
241053,Alair,Kalafatis,11/7/64,10/7/88,1/1/99,Staff
241070,Giordano,Kaelbling,5/1/63,3/1/94,1/1/99,Senior Engineer
241074,Atreye,Tomescu,2/11/63,3/5/99,1/1/99,Staff
241082,Marko,Rijckaert,2/8/62,2/25/94,1/1/99,Engineer
241083,Saniya,Gomatam,5/24/64,6/9/97,1/1/99,Senior Engineer
241084,Eldridge,Mondadori,2/20/62,11/8/86,1/1/99,Senior Engineer
241100,Cedric,Molenaar,1/23/65,10/6/90,1/1/99,Engineer
241101,Tonia,Schwaller,9/21/63,11/23/97,1/1/99,Staff
241104,Jingling,Nergos,10/9/62,3/20/94,1/1/99,Senior Staff
241106,Nobuyoshi,Gajiwala,4/13/63,12/17/91,1/1/99,Senior Engineer
241111,Carrsten,Lorcy,10/28/64,7/4/93,1/1/99,Engineer
241118,Goa,Osgood,7/16/62,11/1/99,1/1/99,Staff
241122,Ute,Shigei,9/21/63,2/7/85,1/1/99,Staff
241127,Turgut,Takkinen,9/25/64,3/16/02,1/1/99,Senior Engineer
241133,Kazuhisa,Rossi,10/10/64,4/13/90,1/1/99,Engineer
241143,Claudi,Berztiss,4/27/63,7/18/97,1/1/99,Engineer
241144,Apostol,Farrel,11/26/62,2/21/87,1/1/99,Senior Engineer
241147,Herbert,Unno,5/21/63,10/28/95,1/1/99,Engineer
241148,Kensyu,Jenevein,2/5/62,2/2/89,1/1/99,Senior Staff
241154,Tokuyasu,Bakhtari,2/27/64,12/13/92,1/1/99,Senior Staff
241157,Hideyuki,Yeung,3/22/62,7/14/02,1/1/99,Staff
241159,Richara,Peng,10/1/63,8/20/97,1/1/99,Senior Staff
241163,Shigehito,Yurov,6/20/62,12/26/99,1/1/99,Senior Engineer
241165,Munehiro,Cochrane,6/27/64,8/11/98,1/1/99,Engineer
241172,Turgut,Schach,7/13/64,6/10/89,1/1/99,Engineer
241173,Krister,Beetstra,11/8/63,1/12/97,1/1/99,Engineer
241174,Leszek,Koblick,10/14/63,6/12/88,1/1/99,Staff
241177,Lorien,Kaelbling,2/23/64,6/13/93,1/1/99,Senior Staff
241179,Rimon,Cyre,1/14/64,4/17/97,1/1/99,Staff
241183,Jahangir,Garigliano,3/18/62,11/16/89,1/1/99,Senior Engineer
241185,Armond,Neimat,2/26/63,2/25/92,1/1/99,Engineer
241190,Satoru,Busillo,8/11/63,3/1/89,1/1/99,Staff
241199,Mads,Bach,5/18/64,10/15/85,1/1/99,Senior Engineer
241201,Moie,Conry,9/1/62,6/2/99,1/1/99,Staff
241214,Feixiong,Gomatam,7/21/64,2/27/98,1/1/99,Technique Leader
241227,Younwoo,Przulj,8/9/63,5/19/93,1/1/99,Senior Staff
241232,Weijing,Fadgyas,2/4/64,12/28/99,1/1/99,Staff
241233,Sariel,Thebaut,6/23/64,7/16/97,1/1/99,Senior Engineer
241237,Kazunori,Knightly,4/4/64,3/28/88,1/1/99,Senior Engineer
241239,Arup,Matzke,3/29/62,6/28/88,1/1/99,Senior Engineer
241240,Aloys,Benzmuller,12/11/63,12/1/97,1/1/99,Engineer
241249,Radoslaw,Rosaz,2/1/62,10/22/85,1/1/99,Assistant Engineer
241250,Kwangho,Granlund,3/14/63,6/16/95,1/1/99,Senior Staff
241254,Jagoda,Anguita,1/15/65,5/11/93,1/1/99,Senior Engineer
241257,Sukumar,Parfitt,6/13/64,12/10/96,1/1/99,Staff
241262,Radhia,Adachi,3/7/64,2/19/93,1/1/99,Senior Engineer
241267,Suvo,Attimonelli,9/16/63,11/26/85,1/1/99,Engineer
241273,Heather,Boreale,7/18/64,8/3/94,1/1/99,Staff
241278,Bodo,Gerlach,9/29/64,1/26/97,1/1/99,Staff
241285,Chuanti,Walston,6/14/62,10/29/97,1/1/99,Assistant Engineer
241286,Lillian,Shumilov,5/4/62,7/28/97,1/1/99,Staff
241288,Shigeichiro,Cromarty,2/8/63,3/31/86,1/1/99,Staff
241291,Honesty,Roisin,11/14/63,12/3/95,1/1/99,Senior Staff
241292,Uri,Lampe,1/29/65,12/11/01,1/1/99,Staff
241297,Evgueni,Litvinov,10/3/64,12/4/98,1/1/99,Technique Leader
241300,Mang,Nittel,11/28/63,7/8/94,1/1/99,Technique Leader
241307,Rance,Kermarrec,6/22/62,9/11/99,1/1/99,Staff
241308,Roddy,Broder,6/16/62,6/21/85,1/1/99,Senior Staff
241312,Alassane,Ligten,10/4/63,11/4/01,1/1/99,Engineer
241315,Leen,Setiz,5/13/64,4/9/95,1/1/99,Senior Staff
241317,Nakhoon,Koshiba,2/13/63,5/19/91,1/1/99,Senior Staff
241323,Angel,Hammerschmidt,12/31/62,1/30/94,1/1/99,Staff
241324,Kyoichi,Tzvieli,12/1/64,6/25/92,1/1/99,Staff
241326,Rayond,Compeau,9/2/63,4/22/96,1/1/99,Staff
241333,Arun,Jahnichen,11/6/64,8/13/97,1/1/99,Senior Engineer
241335,Kankanahalli,Baja,6/11/64,5/21/87,1/1/99,Senior Engineer
241336,Lucien,Yurek,7/27/63,3/29/85,1/1/99,Staff
241337,Nadjib,Armand,12/8/64,12/9/94,1/1/99,Senior Engineer
241338,Branimir,Griswold,12/10/62,2/3/90,1/1/99,Technique Leader
241349,Billie,Melter,10/5/62,8/10/93,1/1/99,Staff
241351,Nahid,Pavlopoulou,7/19/63,4/2/94,1/1/99,Senior Engineer
241358,Pintsang,Pena,8/13/63,6/23/92,1/1/99,Senior Engineer
241366,Hitofumi,Foote,10/31/63,5/21/98,1/1/99,Staff
241374,Susuma,Baez,6/2/64,12/26/95,1/1/99,Senior Engineer
241381,Eldridge,Keirsey,6/3/63,2/10/89,1/1/99,Staff
241385,Charmane,Leuchs,3/18/62,6/7/02,1/1/99,Engineer
241386,Cedric,Keohane,3/2/64,3/17/98,1/1/99,Senior Engineer
241390,Chenxi,Baik,6/1/63,6/30/85,1/1/99,Staff
241391,Hercules,Bisiani,2/27/62,7/19/85,1/1/99,Senior Engineer
241393,Shaleah,Bolsens,1/23/63,10/7/95,1/1/99,Senior Engineer
241402,Aamod,Verspoor,6/3/63,10/23/88,1/1/99,Senior Staff
241409,Tzu,Riexinger,11/2/63,4/21/94,1/1/99,Senior Engineer
241412,Ewing,Ramaiah,6/24/63,2/13/96,1/1/99,Senior Engineer
241415,Cullen,Stavenow,3/31/63,8/19/93,1/1/99,Senior Staff
241418,Berto,Caine,3/3/64,11/3/87,1/1/99,Staff
241426,Moni,Diderrich,10/3/62,1/31/87,1/1/99,Engineer
241428,Adas,Swiss,11/24/62,8/25/88,1/1/99,Engineer
241430,Nikolaus,Fioravanti,4/4/64,8/8/93,1/1/99,Staff
241438,Val,Marwedel,3/25/63,6/28/97,1/1/99,Senior Staff
241439,Jongsuk,Miake,12/26/63,1/15/95,1/1/99,Engineer
241440,Geraldo,Jansch,1/6/62,8/22/90,1/1/99,Senior Engineer
241449,Weiwu,Munos,9/3/63,8/28/98,1/1/99,Engineer
241451,Florian,Gerlach,4/17/64,5/2/01,1/1/99,Engineer
241453,Dekang,Streng,2/11/63,1/7/97,1/1/99,Engineer
241462,Sibyl,Orsini,1/28/63,1/11/96,1/1/99,Senior Engineer
241464,Aksel,Clemencon,5/31/63,12/7/86,1/1/99,Engineer
241471,Gladys,Wursthorn,6/25/64,2/18/99,1/1/99,Staff
241475,Koldo,Kroll,8/14/63,3/12/87,1/1/99,Engineer
241491,Heon,Gyimothy,8/9/63,2/2/98,1/1/99,Senior Engineer
241506,Ute,Lunt,7/4/64,9/18/87,1/1/99,Senior Staff
241507,Atilio,Buescher,2/3/63,4/9/90,1/1/99,Senior Engineer
241510,Zhensheng,Boudaillier,9/2/64,4/3/95,1/1/99,Senior Staff
241511,Val,Skafidas,6/25/63,7/3/91,1/1/99,Senior Staff
241516,Sumant,Usdin,2/2/62,11/9/91,1/1/99,Engineer
241524,Chinho,Khamsi,4/11/64,1/28/99,1/1/99,Engineer
241527,Shooichi,Luck,7/24/64,11/28/88,1/1/99,Senior Engineer
241529,Huiqun,Muniz,9/14/62,6/11/86,1/1/99,Senior Staff
241540,Hercules,Denti,6/27/62,6/4/89,1/1/99,Senior Staff
241544,Sivanarayana,Stamatiou,1/17/64,6/13/99,1/1/99,Technique Leader
241552,Mandell,Hettesheimer,4/7/62,11/4/94,1/1/99,Staff
241556,Werner,Ratzlaff,10/3/63,1/31/94,1/1/99,Technique Leader
241557,Bangqing,Butner,1/28/64,3/22/96,1/1/99,Staff
241561,Constantijn,Delaune,4/1/64,2/18/93,1/1/99,Senior Staff
241565,Bingning,Comellas,9/15/64,6/22/97,1/1/99,Staff
241567,Emran,Miara,1/18/65,5/2/89,1/1/99,Engineer
241568,Remko,Stanger,2/9/64,7/12/86,1/1/99,Senior Engineer
241579,Shakhar,Mansanne,1/13/63,12/9/99,1/1/99,Engineer
241594,Nahla,Schwaller,12/13/62,7/22/94,1/1/99,Senior Staff
241603,Kazuhito,Bergere,4/28/64,5/13/00,1/1/99,Staff
241608,Gilbert,Pauthner,4/4/64,9/17/88,1/1/99,Technique Leader
241624,Bowen,Shigei,5/21/64,12/22/99,1/1/99,Staff
241630,Selwyn,Templeman,1/27/64,11/19/00,1/1/99,Senior Staff
241633,Weijing,Dayang,8/9/64,9/15/99,1/1/99,Engineer
241634,Gurbir,Krone,8/24/62,3/14/97,1/1/99,Staff
241645,Jacopo,Maccarone,4/27/63,4/4/87,1/1/99,Staff
241648,Subhankar,Koshino,1/8/63,10/27/98,1/1/99,Engineer
241656,Jinpo,Roohalamini,6/13/62,7/9/91,1/1/99,Staff
241659,Ibibia,Ladret,12/12/64,5/31/85,1/1/99,Staff
241663,Make,Junot,12/11/62,2/23/93,1/1/99,Senior Staff
241667,Atilio,Olivero,1/28/65,9/4/85,1/1/99,Senior Engineer
241679,Marjo,Kuszyk,8/3/62,3/13/89,1/1/99,Engineer
241681,Berna,Vrecion,6/12/63,3/22/99,1/1/99,Staff
241682,Vishu,Unno,1/12/62,12/6/95,1/1/99,Senior Engineer
241685,Parviz,Gargeya,1/27/62,10/21/91,1/1/99,Engineer
241686,Hideyuki,Perri,10/5/63,4/26/86,1/1/99,Staff
241694,Susumu,Tzvieli,6/27/63,9/4/97,1/1/99,Engineer
241696,Shunichi,Lindqvist,12/1/64,2/12/92,1/1/99,Assistant Engineer
241697,Tadahiko,McDermid,6/24/62,5/9/91,1/1/99,Senior Staff
241699,Shigeichiro,Yurek,9/6/63,9/28/98,1/1/99,Senior Staff
241706,Maria,Macedo,6/16/63,4/6/90,1/1/99,Senior Staff
241708,Theron,Kornyak,6/7/63,9/6/01,1/1/99,Assistant Engineer
241714,Marjo,Hopewell,4/26/63,10/11/86,1/1/99,Senior Staff
241725,Tooru,Wegerle,11/12/62,9/13/98,1/1/99,Engineer
241727,Shaz,Lung,3/30/63,9/3/97,1/1/99,Staff
241728,Limsoon,Boudaillier,1/30/65,8/8/99,1/1/99,Senior Engineer
241731,Takushi,Lorch,5/18/62,9/18/90,1/1/99,Engineer
241743,Mayumi,Dehkordi,7/8/64,12/20/93,1/1/99,Senior Engineer
241744,Sadun,Luby,7/29/64,11/1/99,1/1/99,Staff
241754,Filipp,Conde,8/20/63,9/25/96,1/1/99,Engineer
241758,Yifei,Porenta,10/13/62,3/8/92,1/1/99,Engineer
241759,Dmitry,Taubman,9/9/64,8/13/85,1/1/99,Engineer
241760,Leaf,Kaltofen,7/17/64,3/22/85,1/1/99,Senior Staff
241765,Gino,Babb,12/31/62,6/14/89,1/1/99,Senior Staff
241768,Leon,Greenaway,6/21/62,3/23/90,1/1/99,Staff
241771,Nagui,Kalefeld,12/16/64,10/29/96,1/1/99,Engineer
241774,Paris,Conry,6/6/63,6/14/85,1/1/99,Engineer
241780,Sumali,Gecsel,5/16/64,2/10/01,1/1/99,Technique Leader
241781,Slavian,Hoogerwoord,2/11/62,7/20/91,1/1/99,Senior Staff
241792,Weiye,Matzel,2/25/63,11/7/96,1/1/99,Staff
241794,Claude,Egerstedt,8/30/62,7/19/96,1/1/99,Engineer
241795,Phillip,Bernardinello,12/10/62,7/22/85,1/1/99,Engineer
241799,Pranjal,Grabner,1/30/62,11/8/98,1/1/99,Assistant Engineer
241802,Kaijung,Puppo,2/24/63,11/6/90,1/1/99,Staff
241806,Takahito,Puppe,12/20/64,11/9/97,1/1/99,Staff
241823,Richard,Chenney,11/14/63,5/1/95,1/1/99,Technique Leader
241830,Masami,Frezza,7/20/62,6/11/94,1/1/99,Engineer
241832,Dayanand,Simmen,11/30/63,6/2/98,1/1/99,Senior Staff
241839,Kristine,Ramaiah,3/18/62,9/20/92,1/1/99,Senior Staff
241841,Hatim,Berendt,10/5/63,11/23/93,1/1/99,Senior Engineer
241845,Marie,Loncour,7/25/64,1/18/94,1/1/99,Engineer
241850,Vasilis,Viele,7/30/63,8/13/94,1/1/99,Senior Staff
241861,Moto,Heydon,7/5/63,8/16/98,1/1/99,Engineer
241869,Palash,Sridhar,1/21/63,8/18/94,1/1/99,Engineer
241871,Koichi,Trystram,11/2/62,6/1/92,1/1/99,Senior Staff
241872,Bluma,Fetvedt,1/11/65,11/14/01,1/1/99,Staff
241874,Eldridge,Simmel,9/2/63,2/11/87,1/1/99,Senior Engineer
241885,Bezalel,Ananiadou,1/7/62,4/19/91,1/1/99,Senior Staff
241889,Avishai,Gihr,6/5/62,10/29/88,1/1/99,Engineer
241893,Kwangho,Penz,10/14/63,10/23/00,1/1/99,Senior Staff
241905,Alagu,Zuberek,11/22/64,11/20/99,1/1/99,Engineer
241907,Eberhardt,Cyne,8/29/63,4/10/94,1/1/99,Senior Engineer
241910,Gro,Anger,2/7/63,11/6/98,1/1/99,Staff
241913,Berto,Perko,11/24/64,8/12/88,1/1/99,Senior Staff
241921,Herbert,Schlegelmilch,8/25/64,9/21/86,1/1/99,Engineer
241927,Ashish,Asrin,9/26/64,2/15/91,1/1/99,Engineer
241931,Jianhua,Gulik,6/21/63,9/21/96,1/1/99,Engineer
241948,Florina,England,10/4/62,9/24/96,1/1/99,Senior Staff
241951,Gererd,Isaak,6/12/62,7/16/91,1/1/99,Staff
241956,Arch,Alpin,8/8/64,10/30/91,1/1/99,Senior Staff
241957,Pragnesh,Flanders,5/14/64,5/26/99,1/1/99,Engineer
241960,Jaideep,Ebeling,5/21/62,8/13/91,1/1/99,Senior Engineer
241962,Monique,Kakkad,10/2/63,1/26/86,1/1/99,Senior Engineer
241981,Jingling,Ramalingam,12/11/63,11/27/86,1/1/99,Staff
241992,Hailing,Ferretti,12/31/63,12/11/90,1/1/99,Engineer
241997,Toshiko,Peng,12/30/62,9/30/95,1/1/99,Staff
242000,Steen,Rusmann,3/13/63,6/30/85,1/1/99,Engineer
242004,Fumitaka,Braunschweig,2/5/64,5/10/97,1/1/99,Senior Engineer
242015,LiMin,Frolund,8/8/62,5/19/98,1/1/99,Engineer
242018,Leni,Conry,4/10/62,12/26/94,1/1/99,Staff
242019,Herb,Murrill,1/9/65,10/28/01,1/1/99,Senior Engineer
242020,Youssef,Gargeya,12/30/64,10/3/97,1/1/99,Staff
242022,Turgut,Morrow,2/1/64,7/16/87,1/1/99,Senior Staff
242025,Basant,Setiz,3/13/63,3/8/94,1/1/99,Staff
242039,Zine,Douceur,7/17/64,8/5/90,1/1/99,Staff
242041,Arve,Zastre,6/26/63,8/1/99,1/1/99,Staff
242043,Owen,Denos,2/15/63,8/13/97,1/1/99,Staff
242044,Divier,Keirsey,4/22/62,6/23/88,1/1/99,Engineer
242075,Mohd,Waterhouse,1/15/63,5/2/91,1/1/99,Staff
242080,Avishai,Paciorek,12/19/63,4/16/98,1/1/99,Engineer
242081,Tomokazu,Pargas,1/12/65,11/15/96,1/1/99,Assistant Engineer
242083,Arve,Lagarias,12/12/62,3/2/94,1/1/99,Staff
242090,Younwoo,Zyda,4/9/63,2/26/96,1/1/99,Senior Engineer
242099,Gererd,Rehfuss,8/26/63,2/18/90,1/1/99,Assistant Engineer
242104,Richara,Sudkamp,1/5/65,9/5/89,1/1/99,Senior Staff
242106,Lobel,Perko,3/23/63,12/11/90,1/1/99,Senior Engineer
242108,Mohammed,Androutsos,3/11/62,11/14/96,1/1/99,Technique Leader
242109,Bodh,Herbst,5/12/62,7/29/86,1/1/99,Engineer
242112,Tse,Montemayor,11/14/64,4/3/88,1/1/99,Senior Staff
242115,Aloke,Varman,3/25/64,4/2/95,1/1/99,Senior Engineer
242119,Nathan,Murrill,12/19/63,2/28/97,1/1/99,Engineer
242124,Kyoichi,Rebaine,10/10/63,10/16/87,1/1/99,Senior Staff
242127,Narain,Kropatsch,5/11/62,1/24/89,1/1/99,Technique Leader
242134,Chrisa,Nitsche,5/5/62,1/10/86,1/1/99,Senior Engineer
242135,Arve,Comte,10/29/64,8/25/95,1/1/99,Engineer
242142,Maik,Akaboshi,10/26/64,2/7/99,1/1/99,Staff
242155,Heeju,Oxman,5/18/63,11/4/86,1/1/99,Staff
242156,Nahla,Hettesheimer,7/30/62,4/1/01,1/1/99,Assistant Engineer
242164,Mary,Shihab,1/29/63,1/24/94,1/1/99,Staff
242165,Jeane,Syrzycki,4/14/64,11/15/95,1/1/99,Staff
242167,DeForest,Babb,6/30/62,10/3/88,1/1/99,Senior Engineer
242169,Steen,Granlund,11/2/64,3/28/92,1/1/99,Senior Staff
242178,Masali,Giveon,1/28/64,8/23/85,1/1/99,Technique Leader
242187,Sampalli,Walston,5/19/62,3/6/89,1/1/99,Senior Engineer
242189,Boalin,Monkewich,6/7/63,3/20/85,1/1/99,Senior Staff
242202,Shai,Azevdeo,10/12/62,8/19/94,1/1/99,Senior Engineer
242209,Zhonghua,Alvarado,8/1/63,8/26/96,1/1/99,Staff
242217,Serenella,Kamble,7/18/64,11/3/96,1/1/99,Senior Engineer
242218,Shuho,Verhaegen,8/5/63,6/17/91,1/1/99,Senior Staff
242219,Kellie,Erdmenger,4/6/64,9/12/93,1/1/99,Technique Leader
242222,Yongmin,Schueller,4/13/62,8/3/89,1/1/99,Senior Staff
242229,Barton,Szmurlo,3/26/64,5/18/02,1/1/99,Staff
242232,Manton,Krupka,12/30/62,7/30/94,1/1/99,Technique Leader
242238,Guangming,Iwayama,10/28/63,11/17/97,1/1/99,Staff
242239,Abdelghani,Fioravanti,2/9/62,3/2/99,1/1/99,Staff
242241,Uriel,Imataki,12/29/62,12/20/94,1/1/99,Senior Staff
242244,Aron,Yurek,12/25/62,7/9/89,1/1/99,Staff
242260,Oguz,Birnbaum,3/6/62,6/30/96,1/1/99,Engineer
242270,Arif,Beidas,3/29/64,5/13/97,1/1/99,Assistant Engineer
242272,Prodip,Sluis,7/23/62,12/12/94,1/1/99,Engineer
242279,Arumugam,Suermann,8/11/62,5/25/87,1/1/99,Staff
242286,Shooichi,Jervis,10/23/64,3/9/86,1/1/99,Senior Staff
242287,Marin,Bridgland,4/20/63,11/9/94,1/1/99,Senior Staff
242290,Shietung,Monkewich,10/1/63,5/23/98,1/1/99,Staff
242292,Chenxi,Validov,7/9/64,1/30/91,1/1/99,Senior Engineer
242293,Sven,Stenning,2/11/63,3/16/93,1/1/99,Senior Staff
242295,Xinan,Luders,12/13/62,11/24/92,1/1/99,Assistant Engineer
242300,Anoosh,Stasinski,2/22/62,2/8/91,1/1/99,Senior Staff
242301,Garnik,Strandh,9/21/64,7/13/93,1/1/99,Engineer
242302,Nadjib,Ratzlaff,9/11/62,8/17/92,1/1/99,Senior Engineer
242310,Kwangyoen,Pokrovskii,8/17/62,3/6/90,1/1/99,Senior Staff
242312,IEEE,Bratten,1/29/63,4/19/97,1/1/99,Assistant Engineer
242316,Wojceich,Fabrizio,6/12/62,7/16/94,1/1/99,Senior Staff
242318,Mayuri,Lung,2/7/64,1/9/96,1/1/99,Staff
242319,Jacqueline,Improta,8/20/63,3/12/91,1/1/99,Senior Staff
242323,Jamaludin,Shimshoni,2/22/63,3/20/85,1/1/99,Engineer
242325,Taisook,Ratnakar,3/24/62,11/3/93,1/1/99,Senior Engineer
242328,Akhilish,Highland,8/27/62,7/2/93,1/1/99,Technique Leader
242338,Nishit,Peng,7/29/64,6/9/99,1/1/99,Senior Staff
242341,Mansur,Legleitner,6/12/62,12/8/86,1/1/99,Engineer
242352,Vishu,Reghbati,11/6/63,10/26/91,1/1/99,Staff
242353,Shaowen,Mahmud,1/30/63,7/27/90,1/1/99,Engineer
242354,Angel,Tetzlaff,12/27/62,12/16/96,1/1/99,Staff
242366,Angel,Heinisuo,11/17/64,2/22/93,1/1/99,Staff
242369,Christoper,Cyne,5/7/64,11/7/85,1/1/99,Senior Staff
242370,Ennio,Besselaar,7/11/62,9/15/97,1/1/99,Senior Staff
242372,Selwyn,Seiwald,10/23/63,3/9/99,1/1/99,Staff
242374,Munenori,Radhakrishnan,4/9/64,4/20/95,1/1/99,Senior Engineer
242378,Sudhanshu,Alencar,9/14/63,7/25/89,1/1/99,Senior Staff
242385,Masanao,Tanemo,12/1/64,10/5/97,1/1/99,Staff
242388,Nahla,Gammage,3/26/63,12/2/92,1/1/99,Senior Staff
242394,Vivian,Streit,8/3/64,7/3/96,1/1/99,Staff
242405,Garnet,Hopewell,4/5/62,12/7/97,1/1/99,Engineer
242417,Magdalena,Schlenzig,1/5/62,9/5/95,1/1/99,Staff
242418,Mack,Zumaque,5/31/63,6/9/98,1/1/99,Engineer
242419,Kazuhiko,Berendt,11/20/62,12/21/90,1/1/99,Senior Engineer
242422,Mahmut,Radwan,7/11/64,6/10/99,1/1/99,Engineer
242423,Val,Pellegrinelli,3/17/62,1/3/98,1/1/99,Senior Staff
242427,Honesty,Rijsenbrij,6/3/62,7/18/02,1/1/99,Staff
242445,Berhard,Bodoff,9/26/64,9/29/86,1/1/99,Senior Engineer
242448,Xiaoqiu,Terkki,11/9/64,4/23/96,1/1/99,Assistant Engineer
242449,Dulce,Kushner,10/16/64,11/30/91,1/1/99,Staff
242464,Hinrich,Szmurlo,8/6/63,2/7/88,1/1/99,Engineer
242466,Sugwoo,Welham,11/14/63,12/14/92,1/1/99,Assistant Engineer
242469,Bedir,Talmor,10/15/62,5/31/87,1/1/99,Senior Engineer
242475,Domenico,Minakawa,11/3/63,8/22/86,1/1/99,Senior Staff
242479,Abdulah,Gulak,1/24/64,2/25/91,1/1/99,Senior Staff
242486,Constantijn,Pramanik,11/15/63,6/18/87,1/1/99,Senior Staff
242490,Bernardo,Perelgut,6/24/64,6/18/91,1/1/99,Technique Leader
242498,Nalini,Schapire,4/9/64,6/19/91,1/1/99,Senior Staff
242500,Bingning,Iisaku,1/8/65,6/26/89,1/1/99,Staff
242505,Yishay,Hockney,12/9/64,10/25/97,1/1/99,Staff
242510,Khosrow,Codenie,5/21/63,10/20/92,1/1/99,Senior Staff
242513,Morris,Jarecki,8/19/64,1/14/91,1/1/99,Technique Leader
242516,Zito,Reeken,10/29/64,7/31/89,1/1/99,Engineer
242517,Pradeep,Rabehasaina,5/23/63,10/12/89,1/1/99,Senior Engineer
242525,Uno,Breugel,3/31/62,3/18/95,1/1/99,Engineer
242527,Eberhardt,Bach,5/28/63,1/3/90,1/1/99,Senior Staff
242529,Gian,Ouhyoung,12/17/64,9/20/94,1/1/99,Staff
242534,Kyoichi,Baek,4/13/62,12/17/86,1/1/99,Staff
242537,Lijie,Oxman,9/22/63,8/13/91,1/1/99,Senior Engineer
242552,Charmane,Sherertz,11/16/64,8/17/91,1/1/99,Staff
242555,Ung,Miake,12/23/64,6/7/94,1/1/99,Senior Engineer
242557,IEEE,Ranai,4/18/63,7/22/94,1/1/99,Senior Staff
242570,Sachio,Staelin,4/24/63,5/25/90,1/1/99,Senior Staff
242576,Matk,Matheson,2/12/63,7/31/88,1/1/99,Staff
242578,Janalee,Buchter,7/10/64,12/25/92,1/1/99,Staff
242581,King,Couchot,4/13/64,8/3/97,1/1/99,Assistant Engineer
242582,LiMin,Vieri,2/16/63,2/8/87,1/1/99,Senior Staff
242584,Vasiliy,Calkin,8/9/62,7/10/96,1/1/99,Staff
242589,Prodip,Brickell,7/20/64,2/27/90,1/1/99,Technique Leader
242595,Moti,Carrere,2/29/64,6/17/85,1/1/99,Technique Leader
242597,Xinyu,DuBourdieux,10/21/63,9/7/95,1/1/99,Staff
242599,Yinlin,Koprowski,11/20/63,2/14/95,1/1/99,Staff
242604,Florina,Ranum,10/9/63,10/4/97,1/1/99,Engineer
242605,Stepehn,Journel,10/29/62,9/1/91,1/1/99,Engineer
242618,Uinam,Bharadwaj,12/9/63,8/27/96,1/1/99,Staff
242620,Djelloul,Egerstedt,7/12/62,6/6/91,1/1/99,Engineer
242621,Leandro,Kakkad,12/13/62,12/20/87,1/1/99,Senior Engineer
242623,Ghassan,Shiratori,12/4/63,6/10/93,1/1/99,Senior Engineer
242628,Palash,Matzke,8/19/62,10/18/88,1/1/99,Staff
242631,Xiaocheng,Foote,11/1/62,11/19/92,1/1/99,Senior Staff
242632,Marjo,Schwartzburd,11/15/64,11/8/98,1/1/99,Engineer
242640,Carrsten,Anick,6/16/62,5/31/89,1/1/99,Senior Staff
242647,Jiong,Itzigehl,12/4/64,7/11/93,1/1/99,Staff
242654,Nalini,Copas,8/5/63,6/2/96,1/1/99,Engineer
242657,Shigehito,Mateescu,11/25/63,6/17/90,1/1/99,Senior Engineer
242659,Mokhtar,Conry,3/18/64,5/10/96,1/1/99,Engineer
242661,Oksana,Ushiama,4/20/63,11/6/93,1/1/99,Senior Engineer
242673,Katsuyuki,Meszaros,11/26/62,11/25/91,1/1/99,Senior Staff
242676,Tremaine,Vitiello,2/27/63,5/16/88,1/1/99,Senior Staff
242677,Hyuckchul,Nyrup,3/27/63,6/11/87,1/1/99,Assistant Engineer
242704,Toshiki,Kuzuoka,11/24/63,4/11/89,1/1/99,Senior Engineer
242705,Aron,Stamatiou,3/22/64,2/10/91,1/1/99,Senior Engineer
242706,Anestis,Isaak,11/21/63,3/5/90,1/1/99,Senior Engineer
242715,Guoxiang,Hennings,6/6/64,4/14/92,1/1/99,Senior Staff
242734,Masasuke,Munos,3/15/62,5/25/91,1/1/99,Senior Staff
242737,Szabolcs,Mawatari,12/7/62,5/17/87,1/1/99,Senior Engineer
242739,Tremaine,Weedon,1/16/64,3/29/85,1/1/99,Technique Leader
242740,Khoa,Thummel,4/4/64,3/25/96,1/1/99,Staff
242745,Goetz,Meriste,4/23/63,5/19/96,1/1/99,Senior Engineer
242753,Serap,Salinas,5/9/64,10/30/95,1/1/99,Senior Engineer
242758,Rosine,Bernatsky,3/30/63,9/22/86,1/1/99,Senior Staff
242764,Jasminko,Cesareni,9/24/63,11/9/98,1/1/99,Engineer
242765,Herbert,Esteva,11/3/64,9/21/92,1/1/99,Senior Staff
242768,Mana,Segond,12/28/62,10/1/89,1/1/99,Staff
242770,Abdelwaheb,Peroz,9/29/64,10/12/91,1/1/99,Senior Staff
242772,Ghassan,Barvinok,11/22/64,9/11/90,1/1/99,Engineer
242788,Gudjon,Isard,4/22/64,1/27/98,1/1/99,Staff
242800,Kazuyasu,Levergood,1/11/65,2/10/96,1/1/99,Engineer
242836,Geoff,Ranon,8/3/64,1/9/86,1/1/99,Senior Engineer
242842,Bodh,Heusch,6/24/64,10/10/96,1/1/99,Assistant Engineer
242852,Nikolaus,Morrow,4/11/63,12/23/00,1/1/99,Senior Staff
242854,Pradeep,Lichtner,2/14/64,2/18/95,1/1/99,Senior Staff
242855,Vitaly,Munch,9/14/62,7/16/94,1/1/99,Staff
242858,Mohammed,Hanratty,2/27/63,10/3/88,1/1/99,Senior Staff
242877,Seshu,Linares,2/27/62,6/16/87,1/1/99,Staff
242878,Atilio,Busillo,11/12/62,4/15/95,1/1/99,Senior Engineer
242884,Marlo,Baaleh,4/4/63,10/22/92,1/1/99,Senior Staff
242890,Teruyuki,Luks,11/16/64,2/7/89,1/1/99,Staff
242897,Mang,Fordan,9/16/62,3/26/87,1/1/99,Engineer
242902,Leszek,Muntz,7/28/62,2/21/98,1/1/99,Senior Staff
242908,Francoise,Hellwagner,7/15/64,1/22/88,1/1/99,Engineer
242915,Shin,Cherinka,6/20/64,1/7/95,1/1/99,Senior Engineer
242919,Genki,Matzen,1/12/63,11/29/98,1/1/99,Senior Engineer
242925,Takahira,Yemenis,8/15/64,11/23/87,1/1/99,Senior Engineer
242931,Ewing,Gadepally,6/28/63,5/14/96,1/1/99,Senior Staff
242941,Dung,Klassen,10/24/63,6/28/94,1/1/99,Senior Staff
242947,Alain,Varley,6/9/64,2/6/93,1/1/99,Staff
242952,Dayanand,Restivo,3/14/64,10/8/97,1/1/99,Assistant Engineer
242960,Mohit,Stassinopoulos,1/2/64,5/22/95,1/1/99,Engineer
242966,Kenroku,Heping,11/30/64,8/17/95,1/1/99,Engineer
242983,Moty,Erdmenger,5/7/62,10/17/98,1/1/99,Technique Leader
242995,Mihalis,Capobianchi,10/23/64,11/28/94,1/1/99,Staff
242996,Mona,Demri,4/3/64,8/29/89,1/1/99,Senior Staff
243002,Chrisa,Zeleznik,1/18/62,11/10/93,1/1/99,Senior Engineer
243003,Toshiko,Jonsson,9/8/64,8/20/98,1/1/99,Senior Staff
243006,Abdelghani,Sankaranarayanan,11/12/63,1/28/86,1/1/99,Engineer
243008,Sham,Oehlmann,3/9/63,12/29/97,1/1/99,Engineer
243011,Genevieve,Rusmann,3/9/62,3/10/93,1/1/99,Staff
243017,Shim,Llado,4/19/63,7/2/95,1/1/99,Staff
243018,Bowen,Deverell,1/2/65,12/27/98,1/1/99,Senior Staff
243034,Phule,Schneeberger,5/17/62,1/27/93,1/1/99,Senior Staff
243041,Adhemar,Cannata,9/9/62,3/21/98,1/1/99,Staff
243050,Anneli,Wilharm,4/1/62,10/3/88,1/1/99,Staff
243065,Yuguang,Uludag,2/28/62,3/28/91,1/1/99,Senior Engineer
243072,Sungwon,Wielonsky,3/23/64,9/10/00,1/1/99,Senior Engineer
243073,Paddy,Czap,7/31/63,6/13/90,1/1/99,Engineer
243076,Bodh,Brlek,11/22/62,8/31/95,1/1/99,Engineer
243077,Kazunori,Perz,2/1/65,2/25/99,1/1/99,Senior Engineer
243078,Randy,Alvarado,1/26/63,2/7/94,1/1/99,Senior Staff
243079,Lalit,Scallan,3/18/64,2/12/91,1/1/99,Senior Staff
243087,Marsja,Eugenio,8/14/62,4/5/86,1/1/99,Engineer
243102,Weiwu,Danley,7/25/62,5/19/88,1/1/99,Senior Engineer
243106,Shuho,Kolinko,11/24/62,6/26/95,1/1/99,Senior Staff
243108,Gererd,Terekhov,9/17/62,1/5/87,1/1/99,Technique Leader
243118,Sanjai,Pokrovskii,11/8/64,12/28/00,1/1/99,Engineer
243119,Shaleah,Zolotykh,4/14/62,9/22/86,1/1/99,Engineer
243121,Snehasis,Melski,10/23/64,4/17/91,1/1/99,Staff
243122,Tru,DiGiano,6/21/62,9/27/95,1/1/99,Senior Staff
243125,Atreye,Schlumberger,8/23/64,4/16/97,1/1/99,Staff
243126,Jagoda,Lakshmanan,4/11/62,12/16/93,1/1/99,Staff
243132,Abdelkader,Rosis,6/27/63,9/22/92,1/1/99,Engineer
243136,Ortrun,Gilg,3/23/64,10/14/91,1/1/99,Staff
243139,Bedir,Heiserman,10/24/63,11/17/92,1/1/99,Senior Engineer
243144,Feipei,Norsworthy,8/23/62,4/12/87,1/1/99,Senior Staff
243153,Berry,Papastamatiou,8/21/64,3/3/88,1/1/99,Senior Engineer
243158,Otilia,Kaiserswerth,8/3/63,12/6/96,1/1/99,Senior Engineer
243165,Brewster,Ballarin,3/22/64,2/8/85,1/1/99,Senior Staff
243166,Duro,Olano,6/9/62,11/15/00,1/1/99,Engineer
243168,Maris,Snedden,1/12/64,4/28/98,1/1/99,Senior Engineer
243172,Salvador,Chiodo,1/22/62,8/7/97,1/1/99,Staff
243175,Gully,Kossowski,10/4/62,3/15/96,1/1/99,Senior Engineer
243179,Irene,Narwekar,12/12/62,6/6/85,1/1/99,Senior Staff
243186,Mandell,Impagliazzo,4/17/62,5/3/87,1/1/99,Senior Engineer
243190,Xiadong,Murtha,1/30/64,8/5/88,1/1/99,Staff
243198,Sajjad,Matheson,12/1/63,1/2/90,1/1/99,Staff
243204,Adel,Ghalwash,3/14/62,10/5/86,1/1/99,Engineer
243206,Morrie,Moehrke,9/9/62,12/4/85,1/1/99,Engineer
243222,Falguni,Emiris,4/10/63,5/22/90,1/1/99,Senior Staff
243227,Debaprosad,Zirintsis,6/17/62,4/11/89,1/1/99,Senior Staff
243232,Nishit,Hertweck,4/17/64,8/28/96,1/1/99,Engineer
243234,Demin,Nourani,6/9/62,5/17/89,1/1/99,Engineer
243235,Feiyu,Kolvik,6/7/62,11/28/89,1/1/99,Technique Leader
243247,Kazuhide,Suomi,2/18/64,3/20/88,1/1/99,Senior Engineer
243264,Shmuel,Peek,9/17/63,2/3/90,1/1/99,Senior Staff
243276,Arunas,Plesums,9/11/64,8/15/92,1/1/99,Senior Engineer
243284,Hitomi,Boissier,3/3/62,12/17/94,1/1/99,Senior Staff
243287,Branimir,Vesel,5/25/62,8/3/88,1/1/99,Engineer
243297,Alselm,Cappello,12/25/62,7/14/97,1/1/99,Staff
243299,Francoise,Ranta,7/3/64,12/27/96,1/1/99,Staff
243300,Tomoyuki,Itschner,3/25/63,12/4/00,1/1/99,Senior Engineer
243303,Chuanyi,Lubachevsky,4/30/63,9/6/93,1/1/99,Senior Engineer
243320,Sarita,Lueh,3/28/63,3/21/85,1/1/99,Staff
243325,Vishu,Ushiama,4/9/62,2/25/87,1/1/99,Senior Staff
243326,Boguslaw,Marquardt,6/6/62,1/12/00,1/1/99,Senior Engineer
243339,Arup,Zaiane,10/29/63,12/5/87,1/1/99,Senior Engineer
243348,Zeljko,Bale,8/5/64,10/2/96,1/1/99,Engineer
243352,Genevieve,Verhaegen,7/6/62,7/3/89,1/1/99,Senior Staff
243357,Berthier,Gecsei,11/5/64,1/19/98,1/1/99,Staff
243370,Ult,Itzfeldt,11/6/64,7/15/86,1/1/99,Senior Engineer
243386,Jordanka,Peltason,6/15/63,6/12/93,1/1/99,Engineer
243388,Nakhoon,Zastre,10/30/64,11/4/98,1/1/99,Senior Engineer
243395,Mads,Zucker,10/12/64,5/8/89,1/1/99,Staff
243401,Irene,Stanger,1/24/64,1/8/88,1/1/99,Staff
243405,Xuedong,Azevdeo,1/19/64,3/25/95,1/1/99,Staff
243411,Miyeon,Kroll,10/29/64,10/17/97,1/1/99,Staff
243413,Munehiro,Ranft,10/13/63,3/23/99,1/1/99,Staff
243414,Boalin,Hofstetter,7/19/62,11/20/99,1/1/99,Engineer
243421,Shir,Kitsuregawa,10/25/64,8/24/97,1/1/99,Staff
243425,Leen,Erni,5/10/63,8/22/90,1/1/99,Engineer
243431,Chiranjit,Schwaller,11/3/63,4/29/99,1/1/99,Engineer
243439,Zengping,Sinicrope,5/24/63,2/18/01,1/1/99,Senior Staff
243443,Danco,Backhouse,7/31/64,2/18/93,1/1/99,Engineer
243446,Jaewoo,Chenney,2/22/64,1/18/90,1/1/99,Staff
243447,Weijing,Lundstrom,11/3/62,9/13/86,1/1/99,Engineer
243448,Shalesh,Kropatsch,9/30/64,12/29/93,1/1/99,Senior Engineer
243460,Danny,Maliniak,3/19/63,5/2/94,1/1/99,Senior Staff
243467,Otmar,Kaltofen,3/12/63,6/13/97,1/1/99,Senior Staff
243482,Amstein,Ginneken,9/23/62,4/9/93,1/1/99,Senior Engineer
243489,Jaihie,Gelosh,12/17/64,12/17/99,1/1/99,Engineer
243493,Shaunak,Papadias,5/19/63,10/20/88,1/1/99,Engineer
243496,Kristinn,Curless,1/5/62,2/7/94,1/1/99,Senior Engineer
243504,Behnaam,Bultermann,7/28/62,11/30/99,1/1/99,Engineer
243506,Mountaz,Perelgut,12/30/63,11/16/90,1/1/99,Senior Staff
243523,Maja,Pepe,6/9/64,3/30/85,1/1/99,Senior Staff
243525,Tru,Alencar,10/22/62,9/16/95,1/1/99,Senior Staff
243527,Chrisa,Bouloucos,12/1/63,8/31/86,1/1/99,Senior Staff
243544,Filipe,Lieblein,1/2/63,6/29/87,1/1/99,Engineer
243547,Arve,Godskesen,9/11/63,3/18/85,1/1/99,Senior Engineer
243553,Amalendu,Randt,4/13/63,3/5/98,1/1/99,Senior Engineer
243567,Hitofumi,Atchley,6/2/63,10/27/97,1/1/99,Staff
243576,Abdulah,Lodder,1/4/65,11/10/96,1/1/99,Senior Staff
243596,Sashi,Zirintsis,2/14/63,2/8/95,1/1/99,Assistant Engineer
243609,Lunjin,Bratten,11/13/62,2/12/02,1/1/99,Engineer
243610,Alois,Gammage,7/3/64,12/28/96,1/1/99,Staff
243619,Tse,Zielinski,11/5/63,9/4/94,1/1/99,Staff
243620,Unal,Bednarek,6/8/62,8/6/98,1/1/99,Engineer
243623,Basim,Stasinski,12/16/62,6/16/89,1/1/99,Engineer
243624,Leon,Iisaku,6/14/64,6/5/90,1/1/99,Staff
243637,Marjo,Delgrange,1/16/65,6/24/90,1/1/99,Senior Staff
243638,Aran,Neimat,4/2/63,8/23/90,1/1/99,Staff
243645,Dinkar,Zielinski,3/4/64,2/6/92,1/1/99,Senior Engineer
243646,Gio,Douceur,9/4/64,5/5/85,1/1/99,Senior Engineer
243650,Tetsushi,Peroz,3/22/64,4/13/98,1/1/99,Engineer
243652,Bingning,Rissland,10/13/62,4/29/97,1/1/99,Technique Leader
243659,Tse,Delgrange,12/30/64,4/15/86,1/1/99,Engineer
243662,Leah,Broder,12/28/64,10/18/86,1/1/99,Senior Engineer
243663,Lakshmi,Molberg,6/7/63,10/17/97,1/1/99,Assistant Engineer
243664,Chikako,Pintelas,4/25/64,2/7/99,1/1/99,Staff
243672,Mohamadou,Ghazalie,12/15/64,7/20/92,1/1/99,Senior Engineer
243676,Cullen,Rathonyi,3/18/62,5/5/98,1/1/99,Assistant Engineer
243679,Satoru,Bugaenko,8/1/63,4/5/96,1/1/99,Staff
243698,Unal,Geffroy,1/11/62,4/24/89,1/1/99,Senior Staff
243706,Yefim,Taubman,4/11/64,11/7/91,1/1/99,Senior Staff
243712,Kyoichi,Lorys,7/27/63,10/17/88,1/1/99,Senior Staff
243714,Shaowen,Gulak,12/23/62,2/7/93,1/1/99,Senior Engineer
243718,Mingzeng,Validov,8/19/62,4/21/86,1/1/99,Staff
243722,Heekeun,Ritzmann,2/17/63,11/22/97,1/1/99,Senior Staff
243730,Youjian,Bellmore,6/20/62,12/9/86,1/1/99,Assistant Engineer
243740,Yoshinari,McClure,8/12/64,12/12/93,1/1/99,Senior Engineer
243742,Jongsuk,Zykh,7/15/64,3/11/02,1/1/99,Senior Staff
243747,Xudong,Alblas,8/13/63,6/14/85,1/1/99,Engineer
243751,Tran,Kaiserswerth,4/9/64,9/24/85,1/1/99,Senior Engineer
243755,Oguz,Cummings,12/7/64,3/21/92,1/1/99,Engineer
243756,Avishai,Demri,12/8/62,11/3/89,1/1/99,Senior Staff
243759,Piyush,Chimia,10/3/63,9/22/99,1/1/99,Staff
243778,Gino,Sabnani,6/10/64,7/2/96,1/1/99,Senior Staff
243780,Arto,Ananiadou,9/30/64,5/21/99,1/1/99,Senior Staff
243784,Goo,Kuszyk,1/23/64,7/19/91,1/1/99,Senior Engineer
243788,Katsuo,Poupard,4/15/63,4/2/91,1/1/99,Engineer
243791,Jianhui,Bazelow,1/22/62,6/15/97,1/1/99,Staff
243792,Moti,Luan,7/29/62,9/8/91,1/1/99,Senior Engineer
243802,Ziva,Coors,12/13/63,12/28/85,1/1/99,Senior Engineer
243813,Zhaofang,Neimat,10/25/64,4/15/97,1/1/99,Staff
243824,Karsten,Kobuchi,7/31/63,7/16/94,1/1/99,Engineer
243827,Gil,Michaels,8/21/62,12/6/88,1/1/99,Senior Staff
243834,Franziska,Trumbly,2/18/62,10/5/93,1/1/99,Senior Engineer
243843,Prasadram,Thorensen,8/2/62,6/28/91,1/1/99,Senior Staff
243857,Kazuhira,Leijenhorst,8/13/62,7/19/98,1/1/99,Staff
243858,Kazuhide,Litzler,11/12/63,8/3/86,1/1/99,Senior Engineer
243859,Manu,Zaccaria,8/18/64,9/14/96,1/1/99,Engineer
243862,Pramod,Ohori,9/16/64,7/10/96,1/1/99,Staff
243864,Mara,Szmurlo,11/3/64,2/13/99,1/1/99,Engineer
243865,Jaques,Kroon,3/18/64,5/19/90,1/1/99,Staff
243867,Subhash,Nitta,4/13/63,6/13/88,1/1/99,Staff
243871,Chanjung,Kilgore,7/9/64,1/13/97,1/1/99,Staff
243873,Hilary,Butner,9/2/63,8/17/99,1/1/99,Senior Staff
243879,Dinah,Zallocco,2/4/62,1/4/98,1/1/99,Engineer
243889,Hitomi,Coullard,2/21/62,5/10/90,1/1/99,Engineer
243890,Khun,Talmon,8/26/63,12/1/97,1/1/99,Senior Staff
243896,Bedrich,Bade,7/5/63,5/2/92,1/1/99,Staff
243898,Arch,Basawa,1/9/65,5/10/98,1/1/99,Staff
243901,Susanne,Renear,5/27/64,10/31/99,1/1/99,Staff
243908,Shakhar,Chaudhury,12/21/64,6/15/92,1/1/99,Senior Staff
243916,Constantine,Luft,1/7/62,6/18/89,1/1/99,Senior Staff
243947,Yakkov,Garrabrants,9/9/64,3/17/85,1/1/99,Engineer
243949,Visit,Back,5/26/63,2/29/92,1/1/99,Technique Leader
243951,Ingmar,Heinisuo,4/9/63,6/7/99,1/1/99,Engineer
243956,Tsuneo,Beetstra,10/23/62,7/22/96,1/1/99,Engineer
243960,Georgy,Ghemri,5/30/64,5/9/94,1/1/99,Staff
243971,Denny,Zhang,12/22/63,9/11/99,1/1/99,Staff
243976,Murthy,Gajiwala,3/13/64,12/2/01,1/1/99,Staff
243978,Pasqua,Olano,9/28/64,11/2/91,1/1/99,Senior Engineer
243982,Jianhao,Zaiane,11/4/63,8/11/88,1/1/99,Senior Engineer
243983,Branimir,Pezzoli,1/3/64,12/28/97,1/1/99,Staff
243994,Thanasis,Krybus,6/29/63,5/5/00,1/1/99,Staff
244005,Vesna,Grabner,5/30/64,1/14/94,1/1/99,Staff
244020,Adam,Waymire,4/28/62,9/13/90,1/1/99,Senior Staff
244022,Kwee,Turnbull,1/23/63,1/26/91,1/1/99,Staff
244027,Macha,Ambroszkiewicz,4/18/63,3/27/88,1/1/99,Senior Staff
244037,Irene,Farrar,5/13/62,11/28/95,1/1/99,Staff
244043,Paraskevi,Pramanik,10/26/63,2/15/97,1/1/99,Engineer
244045,Arco,Ballarin,1/20/62,2/6/90,1/1/99,Senior Engineer
244049,Shooichi,Godskesen,2/23/64,6/28/86,1/1/99,Senior Staff
244052,Kensyu,Clemencon,4/23/63,2/2/97,1/1/99,Engineer
244054,Satoru,Savasere,7/20/62,6/11/97,1/1/99,Senior Engineer
244057,Vishwani,Erdmenger,6/14/64,6/20/91,1/1/99,Staff
244058,Guozhong,Piveteau,12/5/62,9/30/98,1/1/99,Engineer
244061,Gererd,Pollock,5/5/64,11/2/92,1/1/99,Assistant Engineer
244063,Xiaopeng,Schaap,12/31/62,9/29/92,1/1/99,Senior Staff
244070,Janche,Beutelspacher,1/25/64,5/11/89,1/1/99,Senior Engineer
244076,Mototsugu,Gecseg,9/8/64,2/8/90,1/1/99,Staff
244079,Subbu,Peternell,9/28/62,5/25/87,1/1/99,Staff
244082,Alselm,Makinen,6/26/62,2/25/96,1/1/99,Assistant Engineer
244093,Jacopo,Zastre,7/15/64,2/20/90,1/1/99,Engineer
244095,Francesca,Heuter,4/29/63,2/2/87,1/1/99,Senior Engineer
244106,Adil,Junet,8/30/64,6/25/89,1/1/99,Senior Staff
244108,Mang,Usery,8/19/62,3/6/93,1/1/99,Assistant Engineer
244120,Yechezkel,Preusig,4/17/63,9/11/94,1/1/99,Staff
244124,Neven,Srimani,7/6/64,4/30/94,1/1/99,Senior Engineer
244125,Goetz,Gubsky,4/1/62,3/21/01,1/1/99,Technique Leader
244131,Stevo,Hockney,5/24/64,2/3/87,1/1/99,Staff
244140,Weiye,Kruskal,6/21/64,11/16/85,1/1/99,Staff
244142,Honesty,Hanabata,6/17/63,1/17/89,1/1/99,Staff
244143,Heekeun,Merks,5/16/63,5/10/99,1/1/99,Senior Staff
244144,Oscar,Ginneken,3/16/62,9/15/87,1/1/99,Senior Staff
244149,Aruna,Ligten,11/21/63,11/12/93,1/1/99,Engineer
244154,Tayeb,Jarecki,8/5/62,5/27/89,1/1/99,Technique Leader
244156,Gaetan,Gerlach,1/11/62,3/20/87,1/1/99,Senior Staff
244161,Chanjung,Demri,10/13/63,9/20/98,1/1/99,Senior Engineer
244166,Rayond,Worfolk,1/15/62,10/10/96,1/1/99,Engineer
244167,Panayotis,Passino,5/17/63,7/7/94,1/1/99,Staff
244174,Premsyl,Cannata,11/27/63,4/18/85,1/1/99,Senior Engineer
244176,Valdiodio,Raney,5/16/63,5/17/86,1/1/99,Staff
244194,Geoff,Picaronny,1/14/64,11/10/99,1/1/99,Staff
244199,Masaru,Simkin,10/15/62,3/7/94,1/1/99,Staff
244201,Alejandra,Gaughan,12/21/62,10/24/96,1/1/99,Senior Staff
244210,Troy,Lienhardt,3/21/62,6/21/93,1/1/99,Staff
244212,Yakichi,Roisin,12/14/64,6/30/97,1/1/99,Senior Staff
244219,Gift,Godskesen,3/23/62,5/13/89,1/1/99,Senior Staff
244244,Susanne,Chaudhuri,8/23/63,7/23/00,1/1/99,Senior Engineer
244251,Hairong,Stranks,2/15/62,9/2/89,1/1/99,Senior Staff
244259,Pranav,Herbst,5/10/64,1/15/98,1/1/99,Staff
244262,Stafford,Rothenberg,6/21/64,6/13/89,1/1/99,Senior Engineer
244270,Wonhee,Luce,4/15/63,6/13/93,1/1/99,Engineer
244278,Leucio,Pepe,6/22/62,10/10/90,1/1/99,Senior Staff
244282,Syozo,Katiyar,8/17/64,4/30/92,1/1/99,Senior Staff
244284,Shigeaki,Lambe,8/6/64,4/18/89,1/1/99,Technique Leader
244289,Mandell,Kolvik,11/16/63,7/18/88,1/1/99,Senior Engineer
244294,Sreenivas,Deverell,9/10/62,1/16/94,1/1/99,Senior Staff
244298,Somnath,Detkin,11/7/63,11/7/94,1/1/99,Senior Staff
244299,Urs,Schwartzburd,8/31/63,10/13/86,1/1/99,Senior Engineer
244306,Vojin,Turnbull,12/10/64,2/7/89,1/1/99,Senior Engineer
244308,Mokhtar,Rebaine,1/10/65,7/23/91,1/1/99,Staff
244310,Jacqueline,Spelt,5/26/63,3/2/95,1/1/99,Senior Engineer
244317,Boutros,Baar,8/4/63,3/27/88,1/1/99,Senior Staff
244321,Uli,Ranum,9/27/64,2/3/92,1/1/99,Senior Staff
244325,Ramya,Bruckman,4/2/64,11/5/96,1/1/99,Assistant Engineer
244326,Francoise,Nastansky,9/7/63,1/19/95,1/1/99,Engineer
244328,Hausi,Fontet,2/17/62,11/29/93,1/1/99,Senior Staff
244331,Stepehn,Murrill,3/25/64,8/25/95,1/1/99,Engineer
244334,Goh,Foote,4/2/63,5/28/93,1/1/99,Technique Leader
244335,Goetz,Pluym,11/27/62,8/4/99,1/1/99,Staff
244345,Masoud,Giarratana,7/29/64,1/9/89,1/1/99,Senior Staff
244347,Soenke,Valette,3/10/62,9/20/90,1/1/99,Staff
244348,Hailing,Guerreiro,11/9/62,8/13/90,1/1/99,Engineer
244354,Gudjon,Bauknecht,5/9/62,8/13/97,1/1/99,Senior Staff
244358,Hatem,Angot,3/18/64,11/4/87,1/1/99,Staff
244385,Idoia,Sudbeck,1/14/63,6/22/97,1/1/99,Engineer
244386,Uwe,Monarch,8/20/64,3/20/99,1/1/99,Assistant Engineer
244387,Xiaocheng,Bakhtari,11/10/63,11/26/96,1/1/99,Senior Engineer
244391,Francoise,Schmiedel,10/8/63,12/17/87,1/1/99,Senior Staff
244392,Owen,Riefers,6/27/62,1/16/97,1/1/99,Senior Staff
244394,Renee,Impagliazzo,10/9/63,1/10/90,1/1/99,Senior Engineer
244397,Marin,Baaz,7/5/63,9/12/93,1/1/99,Engineer
244399,Conor,Mapelli,11/21/63,1/29/99,1/1/99,Staff
244409,Maia,Talmor,12/19/63,9/30/88,1/1/99,Assistant Engineer
244412,Goo,Kieras,4/13/63,12/6/95,1/1/99,Engineer
244418,Gregory,Katzenelson,12/5/64,8/7/85,1/1/99,Engineer
244420,Munehiro,Shiratori,2/5/63,10/4/99,1/1/99,Engineer
244446,Wilmer,Levergood,11/20/64,10/23/92,1/1/99,Staff
244447,Elvis,Einsfeld,12/11/63,4/7/90,1/1/99,Senior Staff
244450,Serenella,Linares,8/9/63,2/10/96,1/1/99,Staff
244452,Sudhanshu,Ventosa,6/5/63,7/27/85,1/1/99,Technique Leader
244460,Valter,Velardi,11/3/64,2/19/88,1/1/99,Senior Staff
244465,Lunjin,dAstous,8/2/62,3/10/87,1/1/99,Engineer
244466,Herbert,Conia,2/14/62,5/28/85,1/1/99,Staff
244468,Kazuhira,Flanders,1/18/64,6/4/99,1/1/99,Staff
244469,Dharmaraja,Baik,1/20/62,3/15/90,1/1/99,Staff
244472,Lokesh,DiGiano,2/16/64,4/6/97,1/1/99,Senior Engineer
244474,Jaana,Deverell,9/30/63,2/24/91,1/1/99,Staff
244476,Shuji,Reinhart,10/28/62,6/10/99,1/1/99,Technique Leader
244482,Woody,Smailagic,2/23/63,1/20/88,1/1/99,Senior Engineer
244487,Chiranjit,Speer,3/31/64,2/3/91,1/1/99,Senior Engineer
244489,Zvonko,Falck,9/20/62,6/17/85,1/1/99,Staff
244494,Chaoyi,Walstra,2/9/62,6/22/91,1/1/99,Senior Engineer
244499,Srinidhi,Foote,7/26/62,11/10/85,1/1/99,Senior Staff
244504,Bezalel,Luby,11/10/63,4/27/85,1/1/99,Engineer
244519,Greger,Peral,3/29/62,9/21/98,1/1/99,Staff
244525,Fai,Fadgyas,5/27/62,3/26/96,1/1/99,Engineer
244528,Gianluca,Rahimi,7/26/63,10/18/95,1/1/99,Senior Engineer
244531,Heather,Belinskaya,2/14/64,3/17/96,1/1/99,Senior Engineer
244533,Mitsuyuki,Garnier,3/27/62,9/2/96,1/1/99,Engineer
244535,Shounak,Majewski,7/13/63,1/16/92,1/1/99,Senior Staff
244536,Martine,Schmittgen,3/14/63,7/9/88,1/1/99,Staff
244542,Kristof,Sidje,12/2/63,5/29/85,1/1/99,Senior Engineer
244543,Beshir,Gelosh,7/28/63,6/18/97,1/1/99,Senior Engineer
244555,Lakshmi,Harbusch,12/12/62,2/8/86,1/1/99,Staff
244570,Jaana,Morris,11/12/64,3/9/95,1/1/99,Senior Engineer
244571,Nevin,Weiland,4/28/63,9/28/85,1/1/99,Staff
244572,Georgy,Litzler,5/5/63,9/8/92,1/1/99,Engineer
244574,Patricia,Couchot,2/9/62,12/3/96,1/1/99,Senior Engineer
244575,Yannis,Poupard,8/22/64,9/24/96,1/1/99,Assistant Engineer
244582,Seongbin,Gils,2/27/62,5/22/97,1/1/99,Engineer
244605,Masoud,Suwa,1/22/65,10/10/98,1/1/99,Senior Staff
244618,Make,Muntz,10/11/64,5/31/96,1/1/99,Engineer
244621,Anwar,Bednarek,10/3/64,3/13/92,1/1/99,Senior Staff
244624,Boaz,Seuren,1/31/65,3/27/87,1/1/99,Senior Staff
244625,Alejandro,Zallocco,6/25/64,9/18/85,1/1/99,Engineer
244631,Mingzeng,Spieker,7/17/62,6/15/93,1/1/99,Staff
244643,Sanjeeva,Kilgour,7/25/63,6/28/94,1/1/99,Senior Engineer
244663,Gio,Xiaoshan,11/27/64,7/1/99,1/1/99,Technique Leader
244665,Christ,Passafiume,6/2/63,7/20/98,1/1/99,Engineer
244674,Jackson,Millington,6/12/64,2/20/93,1/1/99,Senior Engineer
244679,Muzhong,DuCasse,8/20/64,2/27/01,1/1/99,Senior Engineer
244692,Ekawit,Dolinsky,3/10/64,7/5/87,1/1/99,Staff
244693,Nahla,Avouris,5/21/62,7/22/96,1/1/99,Staff
244695,Oldrich,Smailagic,12/5/62,12/28/85,1/1/99,Senior Staff
244697,Moie,Schaar,3/15/62,4/16/98,1/1/99,Senior Engineer
244702,Tommaso,Chaudhury,9/10/63,6/19/95,1/1/99,Senior Staff
244711,Rosli,Butner,1/25/65,3/20/91,1/1/99,Assistant Engineer
244713,Jouko,Verhaegen,9/24/64,6/16/98,1/1/99,Senior Engineer
244714,Poorav,Clouatre,1/27/65,5/6/96,1/1/99,Senior Engineer
244722,Martina,Pews,6/1/63,3/12/89,1/1/99,Staff
244728,Akhilish,Syrzycki,5/16/64,4/25/95,1/1/99,Senior Staff
244732,Elgin,Kropp,8/18/63,1/1/88,1/1/99,Staff
244735,Goa,Zirintsis,9/7/63,8/8/91,1/1/99,Engineer
244736,Gino,Benzmuller,2/1/62,8/16/97,1/1/99,Engineer
244751,Vasiliy,Sidou,7/5/64,12/28/89,1/1/99,Senior Staff
244765,Masaru,Puppo,7/23/63,4/27/98,1/1/99,Staff
244778,Cathie,Birjandi,5/24/63,10/24/87,1/1/99,Senior Staff
244786,Tomoyuki,Giveon,11/11/62,7/9/99,1/1/99,Staff
244789,Hitofumi,Arlazarov,2/9/63,4/5/94,1/1/99,Senior Engineer
244790,Constantino,Jording,6/3/64,11/12/88,1/1/99,Staff
244792,Gonzalo,Borovoy,1/12/64,4/11/86,1/1/99,Staff
244796,Byong,Brookner,7/21/63,10/4/93,1/1/99,Senior Staff
244797,Demin,Sethi,12/8/64,6/17/99,1/1/99,Staff
244799,Gonzalo,Swiss,12/5/62,6/6/97,1/1/99,Senior Staff
244800,Maia,Zyda,8/5/64,5/24/93,1/1/99,Senior Engineer
244806,Navin,Gide,9/2/62,8/11/94,1/1/99,Senior Engineer
244809,Adil,Tsunoo,9/24/64,12/6/98,1/1/99,Staff
244810,Ishfaq,Gammage,4/27/62,2/12/90,1/1/99,Senior Engineer
244811,Akeel,Polupanov,9/11/62,11/3/91,1/1/99,Senior Staff
244812,Huan,Horswill,10/1/64,6/5/95,1/1/99,Senior Staff
244820,Shigenori,Hertweck,1/15/65,4/13/87,1/1/99,Senior Engineer
244825,Sailaja,Zyda,10/28/62,4/27/88,1/1/99,Technique Leader
244828,Vishv,Kawashimo,4/19/63,4/24/93,1/1/99,Senior Staff
244843,Dekang,Terekhov,8/25/62,8/6/86,1/1/99,Senior Engineer
244849,Ravishankar,Nittel,4/1/63,10/23/94,1/1/99,Senior Engineer
244855,Faiza,Pellegrinelli,6/12/63,7/17/93,1/1/99,Senior Staff
244862,Genta,Ramalingam,8/9/62,3/15/96,1/1/99,Engineer
244873,Arunachalam,Oppitz,1/4/65,5/20/86,1/1/99,Staff
244875,Gay,Erev,1/28/64,4/29/97,1/1/99,Assistant Engineer
244879,Zhiwei,Majewski,10/8/64,6/3/98,1/1/99,Engineer
244887,Ewing,Pokrovskii,4/23/64,5/2/86,1/1/99,Senior Engineer
244888,Subhada,Borovoy,12/11/62,12/24/85,1/1/99,Engineer
244895,Barry,Serov,3/23/63,12/12/87,1/1/99,Senior Staff
244905,Mahendra,Schapire,1/5/63,1/18/92,1/1/99,Senior Staff
244907,Baocai,Fadgyas,3/21/63,4/14/87,1/1/99,Engineer
244910,Huan,Kinley,6/21/63,7/26/91,1/1/99,Engineer
244912,Chuanti,Landherr,8/9/63,11/22/87,1/1/99,Senior Staff
244916,Jayson,Chimia,2/3/64,12/28/85,1/1/99,Senior Staff
244917,Sreenivas,Akiyama,4/11/63,3/17/99,1/1/99,Staff
244918,Bedrich,Schahn,6/1/64,7/21/01,1/1/99,Engineer
244922,Fei,Guenter,1/13/62,7/12/89,1/1/99,Engineer
244930,Khun,Petereit,10/22/64,12/30/90,1/1/99,Senior Engineer
244931,Fen,DuBourdieux,9/29/62,6/8/87,1/1/99,Senior Engineer
244933,Giordano,Kruskal,8/5/62,1/14/92,1/1/99,Senior Engineer
244939,Achilleas,Wursthorn,2/2/62,10/25/96,1/1/99,Staff
244941,Mircea,Halloran,3/22/63,3/17/90,1/1/99,Technique Leader
244953,Jaber,Magalhaes,11/19/62,11/21/98,1/1/99,Senior Engineer
244957,Mohan,Leijenhorst,3/25/63,12/15/96,1/1/99,Senior Engineer
244962,Xiaoheng,Plavsic,8/15/63,3/21/98,1/1/99,Staff
244969,Frederique,Bazzichi,1/29/63,8/16/95,1/1/99,Technique Leader
244983,Jaewoo,Anido,12/10/63,10/3/86,1/1/99,Engineer
244985,Toney,Morton,2/14/63,11/7/98,1/1/99,Senior Staff
244986,Kiyotoshi,Khamsi,3/7/63,3/22/96,1/1/99,Senior Staff
244987,Maya,Percebois,11/28/64,11/16/89,1/1/99,Engineer
244992,Dante,Gubsky,1/3/62,12/27/98,1/1/99,Senior Staff
244998,Alagu,Peir,8/30/64,8/4/89,1/1/99,Engineer
245002,Basim,Kaelbling,11/11/62,3/24/95,1/1/99,Staff
245005,Wojceich,Honiden,8/27/64,3/31/98,1/1/99,Staff
245012,Dietrich,Gischer,10/8/64,7/30/90,1/1/99,Engineer
245016,Remmert,Comte,11/11/62,10/4/97,1/1/99,Staff
245029,Gennadi,Slobodova,6/27/63,11/16/98,1/1/99,Senior Staff
245037,Van,Shimshoni,5/17/62,8/20/97,1/1/99,Senior Engineer
245038,Zejun,Tiemann,2/20/64,1/21/99,1/1/99,Senior Staff
245046,Mohua,Felcyn,10/4/63,2/18/99,1/1/99,Engineer
245057,Zsolt,Plumb,12/30/62,11/20/95,1/1/99,Senior Engineer
245066,Magy,Kropatsch,7/1/63,9/15/95,1/1/99,Engineer
245071,Martijn,Marzano,3/5/64,3/15/87,1/1/99,Assistant Engineer
245082,Florina,Schwaller,1/11/63,4/7/96,1/1/99,Senior Staff
245083,Satyanarayana,Leslie,10/17/62,12/22/87,1/1/99,Engineer
245092,Fuqing,Swist,5/3/64,10/2/85,1/1/99,Staff
245099,Palash,Slutz,4/2/63,10/23/98,1/1/99,Staff
245100,Yonghong,Kuzuoka,10/19/63,5/12/94,1/1/99,Engineer
245105,Felicidad,Beznosov,12/19/64,8/7/96,1/1/99,Senior Staff
245130,Freyja,Coorg,9/26/63,9/29/93,1/1/99,Staff
245133,Weiyi,Heyers,3/29/64,9/30/88,1/1/99,Senior Engineer
245141,Khoa,Welham,8/6/62,5/2/99,1/1/99,Staff
245142,Barun,Barriga,6/22/64,5/21/91,1/1/99,Staff
245144,Manohar,Peternell,8/8/64,9/12/87,1/1/99,Senior Staff
245146,Ronghao,Kuhnemann,4/13/62,12/18/98,1/1/99,Staff
245148,Dannz,Reghbati,2/19/62,6/2/96,1/1/99,Senior Engineer
245150,Zorica,Fortenbacher,12/24/62,2/8/87,1/1/99,Senior Staff
245153,Boguslaw,Kornatzky,12/8/64,6/7/98,1/1/99,Staff
245154,Jessie,Marshall,5/18/63,8/2/95,1/1/99,Engineer
245155,Nirmal,Bernini,1/6/64,5/17/94,1/1/99,Senior Staff
245159,Tetsushi,Snedden,1/1/64,8/25/92,1/1/99,Senior Engineer
245163,Erez,Zambonelli,3/27/64,12/25/87,1/1/99,Senior Engineer
245164,Filipp,Winter,1/23/65,10/24/96,1/1/99,Senior Engineer
245169,Arif,Lamba,7/13/62,6/13/93,1/1/99,Staff
245170,Nevin,Poulakidas,9/23/62,3/24/90,1/1/99,Senior Staff
245173,Neven,Eiter,10/19/64,3/1/90,1/1/99,Engineer
245174,Sungwon,Akiyama,8/14/64,9/26/92,1/1/99,Engineer
245178,Rajmohan,Stasinski,1/15/64,7/7/94,1/1/99,Senior Staff
245185,Shahid,Peral,11/23/64,8/31/90,1/1/99,Engineer
245189,Takahira,Smailagic,7/21/64,2/23/99,1/1/99,Staff
245192,Hein,Benner,5/30/62,7/20/97,1/1/99,Senior Engineer
245199,Baziley,Olivero,6/30/63,2/6/94,1/1/99,Engineer
245200,Constantino,Schaar,5/24/64,6/9/94,1/1/99,Engineer
245201,Nikolaus,Ozery,11/15/63,12/5/90,1/1/99,Senior Staff
245212,Nahum,Merkl,4/28/64,8/15/98,1/1/99,Engineer
245215,Nahla,Baba,4/11/62,4/18/88,1/1/99,Engineer
245221,Eberhardt,Ashish,8/14/62,1/4/97,1/1/99,Senior Engineer
245226,Shigehiro,Perz,1/17/62,9/17/98,1/1/99,Staff
245233,Steen,Wendorf,10/21/63,7/11/96,1/1/99,Engineer
245236,Stamatina,Schiper,5/23/64,7/2/95,1/1/99,Senior Staff
245244,Taisook,Madeira,7/10/64,4/1/96,1/1/99,Engineer
245253,Beshir,Siepmann,5/4/63,2/13/85,1/1/99,Senior Engineer
245259,Barun,Gunderson,11/1/62,5/5/94,1/1/99,Engineer
245260,Susanta,Czap,7/4/62,11/16/89,1/1/99,Engineer
245274,Moni,Shobatake,4/6/63,3/2/98,1/1/99,Engineer
245276,KayLiang,Docker,3/13/63,1/30/93,1/1/99,Senior Staff
245288,Inderjeet,Melichar,11/14/64,8/22/99,1/1/99,Engineer
245294,Pramod,Linnainmaa,2/2/63,2/8/96,1/1/99,Staff
245295,Pramod,Hertweck,10/31/64,2/1/89,1/1/99,Assistant Engineer
245297,Dmitry,Pileggi,9/6/62,8/13/91,1/1/99,Senior Staff
245310,Toshimi,Peir,10/21/62,6/24/99,1/1/99,Staff
245325,Alenka,Ranka,10/26/62,8/28/97,1/1/99,Engineer
245329,Amabile,Goldhammer,10/22/62,3/5/00,1/1/99,Senior Engineer
245333,Berthier,Detkin,12/22/62,8/5/85,1/1/99,Engineer
245339,Adel,Kroll,6/30/62,6/3/97,1/1/99,Engineer
245340,Boutros,Backhouse,9/3/63,6/21/86,1/1/99,Engineer
245342,Gou,Miyakawa,12/23/62,12/6/98,1/1/99,Engineer
245343,Masali,Honglei,5/4/64,12/29/95,1/1/99,Engineer
245351,Huican,Vrecion,2/13/62,3/11/96,1/1/99,Senior Engineer
245356,Ranan,Varker,10/6/62,9/15/96,1/1/99,Staff
245357,Odoardo,Kossowski,2/17/63,11/4/92,1/1/99,Engineer
245360,Marl,Ramsak,7/22/62,4/30/99,1/1/99,Senior Staff
245361,Kshitij,Lammel,12/24/64,11/14/92,1/1/99,Senior Staff
245367,Shaibal,Erdmenger,11/6/62,10/27/93,1/1/99,Senior Staff
245369,Neven,Socorro,11/11/62,12/21/89,1/1/99,Senior Engineer
245371,Ingmar,Iacovou,12/16/63,6/11/94,1/1/99,Staff
245375,Otilia,Hanratty,6/24/62,11/20/86,1/1/99,Senior Engineer
245376,TRUE,Siksek,3/23/63,9/11/00,1/1/99,Engineer
245383,Serif,Conti,4/17/62,12/19/85,1/1/99,Senior Engineer
245386,Goo,Pollock,5/13/62,1/25/99,1/1/99,Senior Engineer
245392,Gully,Sifakis,9/10/64,1/19/90,1/1/99,Senior Engineer
245394,Kasidit,Randi,8/13/63,6/6/95,1/1/99,Staff
245396,Gift,Bottner,1/31/65,3/4/95,1/1/99,Senior Staff
245407,Sushant,Bellmore,5/29/64,3/11/90,1/1/99,Senior Engineer
245413,Shaleah,Bashian,2/18/63,7/1/02,1/1/99,Staff
245420,Xiping,Yetto,11/26/63,9/28/87,1/1/99,Senior Staff
245422,Vitali,Janocha,6/16/63,7/28/90,1/1/99,Engineer
245426,Fumitaka,Lund,3/3/63,9/23/93,1/1/99,Senior Engineer
245432,Toshimitsu,Jarecki,10/16/62,6/27/98,1/1/99,Senior Engineer
245433,Gennadi,Asmuth,1/6/62,10/1/94,1/1/99,Senior Staff
245443,Anyuan,Dalton,9/24/64,12/13/98,1/1/99,Engineer
245449,Chriss,Parveen,3/14/62,1/2/94,1/1/99,Engineer
245451,Goh,Cangellaris,9/19/64,9/11/99,1/1/99,Senior Staff
245456,Tzvetan,Demian,4/6/63,8/8/91,1/1/99,Engineer
245459,Clyde,Gewali,8/14/63,1/14/98,1/1/99,Technique Leader
245460,Koldo,Bierbaum,6/6/63,9/29/95,1/1/99,Assistant Engineer
245461,Aamer,Seuren,6/12/64,5/26/91,1/1/99,Senior Engineer
245465,Tzvetan,Giaccio,9/1/62,10/29/98,1/1/99,Staff
245467,Radhika,Peris,1/25/62,7/26/89,1/1/99,Senior Staff
245479,Rafols,Thiran,5/14/64,7/3/90,1/1/99,Senior Engineer
245485,Shir,Gill,5/23/62,10/10/91,1/1/99,Senior Staff
245500,Pranay,Lamba,5/16/63,2/4/99,1/1/99,Staff
245501,Weidon,Oxman,3/8/63,8/23/89,1/1/99,Technique Leader
245504,Peer,Ghelli,3/14/62,12/1/87,1/1/99,Senior Staff
245506,Gro,Koyama,11/29/62,11/14/92,1/1/99,Senior Staff
245511,Mahmut,Schmittgen,8/11/63,11/6/88,1/1/99,Senior Staff
245520,Angel,Anger,8/30/64,8/3/88,1/1/99,Senior Engineer
245521,Kristian,Stentiford,5/26/63,1/7/00,1/1/99,Engineer
245522,Chuanti,Beetstra,12/28/62,5/23/94,1/1/99,Engineer
245526,Pranjal,Peltason,9/20/63,10/11/96,1/1/99,Engineer
245531,Hercules,Peng,12/23/62,7/26/90,1/1/99,Technique Leader
245556,Kitty,Jayawardene,9/2/63,3/10/89,1/1/99,Senior Staff
245564,Eckart,Ranft,7/9/64,12/26/93,1/1/99,Staff
245566,Kiyokazu,Mattern,5/26/64,9/23/90,1/1/99,Staff
245571,Alper,Millington,1/4/64,10/26/94,1/1/99,Engineer
245599,Kasidit,Dayang,2/10/64,1/3/94,1/1/99,Engineer
245600,Alejandra,Kleiser,2/10/63,8/19/90,1/1/99,Engineer
245605,Naraig,Atchley,3/16/62,5/16/95,1/1/99,Senior Staff
245618,Arup,Olivero,8/30/63,11/12/94,1/1/99,Staff
245619,George,Angot,7/1/63,1/8/01,1/1/99,Staff
245628,Toshiko,Glowinski,1/1/64,9/14/99,1/1/99,Staff
245630,Fumiya,Vilarrasa,1/9/62,6/27/86,1/1/99,Senior Staff
245640,Gina,Felcyn,4/4/64,1/10/97,1/1/99,Senior Engineer
245647,Hilari,Junot,10/8/64,1/9/92,1/1/99,Senior Engineer
245651,Satosi,Munos,12/28/64,5/2/96,1/1/99,Staff
245656,Gor,Gyimothy,12/3/62,12/24/89,1/1/99,Senior Staff
245657,Padma,Thambidurai,3/12/62,6/26/94,1/1/99,Engineer
245661,Pragnesh,Serre,9/30/62,7/19/98,1/1/99,Engineer
245662,Marco,Grospietsch,5/31/63,11/15/96,1/1/99,Engineer
245664,Manohar,Kilgore,1/18/65,11/17/98,1/1/99,Staff
245665,Richara,Madeira,9/1/64,7/30/88,1/1/99,Staff
245669,Kensyu,Emiris,10/17/63,8/15/89,1/1/99,Senior Staff
245677,Ramachenga,Denny,2/24/62,12/8/96,1/1/99,Senior Staff
245679,Kwan,Krupka,7/2/62,10/22/98,1/1/99,Senior Staff
245690,Kristinn,Benner,8/24/62,1/28/95,1/1/99,Staff
245694,Nikolaos,Yemenis,8/6/63,1/5/98,1/1/99,Staff
245701,Henk,Rosis,7/27/63,4/20/97,1/1/99,Senior Staff
245705,Seongbin,Gustavson,5/3/62,9/27/97,1/1/99,Senior Staff
245711,Perry,Mundy,5/15/63,9/12/98,1/1/99,Engineer
245712,Charlene,Sidje,3/9/63,5/17/95,1/1/99,Engineer
245722,Hilari,Limongiello,4/9/64,1/3/99,1/1/99,Staff
245727,Hatsukazu,Porotnikoff,11/20/62,4/14/99,1/1/99,Engineer
245732,Nobuyoshi,McAlpine,1/16/63,5/4/91,1/1/99,Senior Engineer
245738,Ekawit,Birke,4/24/62,10/14/95,1/1/99,Engineer
245739,Ravishankar,Zirintsis,4/16/63,6/2/96,1/1/99,Senior Staff
245741,Stafford,Kolvik,11/30/63,8/24/92,1/1/99,Staff
245743,Pascal,Weiland,7/25/64,5/15/91,1/1/99,Senior Engineer
245745,Navin,Siksek,7/25/63,5/6/91,1/1/99,Staff
245748,Nathan,Goldhammer,10/29/62,1/25/01,1/1/99,Senior Engineer
245750,Angus,Griswold,5/31/64,11/24/92,1/1/99,Engineer
245751,Naraig,Miculan,1/24/62,7/19/96,1/1/99,Engineer
245763,Akeel,Feldhoffer,12/29/64,5/31/97,1/1/99,Engineer
245764,Doowon,Halevi,6/23/64,2/19/98,1/1/99,Staff
245767,Moriyoshi,Lorho,2/12/64,11/14/89,1/1/99,Engineer
245772,Mario,Shobatake,5/10/63,11/18/92,1/1/99,Senior Staff
245773,Nigel,Greibach,9/12/63,7/3/96,1/1/99,Engineer
245775,Sudhanshu,Shihab,7/22/63,5/11/85,1/1/99,Staff
245776,Shuji,Fioravanti,11/22/62,5/28/99,1/1/99,Staff
245781,Ravishankar,Lammel,7/19/62,9/15/91,1/1/99,Senior Staff
245784,Nathan,Rousseau,6/23/62,10/18/90,1/1/99,Staff
245786,Chenyi,Bratten,8/22/64,3/5/90,1/1/99,Staff
245793,Alassane,Cooman,12/7/63,1/1/00,1/1/99,Technique Leader
245804,Basim,Strooper,4/6/63,2/21/97,1/1/99,Engineer
245807,Alejandro,Serot,12/2/64,3/25/98,1/1/99,Engineer
245816,Minghong,Birdsall,3/17/64,1/10/98,1/1/99,Engineer
245827,Laurentiu,Burnard,11/21/62,1/5/99,1/1/99,Staff
245831,Leon,Kalsbeek,9/25/64,7/5/94,1/1/99,Staff
245839,Xiaopeng,Gonthier,6/13/64,6/23/85,1/1/99,Senior Engineer
245842,Kauko,Berstel,11/18/64,11/1/95,1/1/99,Senior Staff
245843,Zejun,Pollock,12/28/63,6/19/94,1/1/99,Technique Leader
245845,Munehiro,Strehl,9/6/62,12/10/89,1/1/99,Senior Engineer
245847,Kensei,Rajaraman,4/9/62,7/17/85,1/1/99,Senior Staff
245853,Willard,Leuchs,9/16/64,6/8/95,1/1/99,Engineer
245858,Billie,Perko,11/27/63,3/13/94,1/1/99,Senior Engineer
245862,Hidde,Mitzlaff,8/20/63,6/19/98,1/1/99,Engineer
245865,Adil,Serra,12/8/64,7/7/96,1/1/99,Engineer
245866,Fan,Vieri,3/21/63,12/20/95,1/1/99,Engineer
245876,Tokuyasu,Matheson,9/6/64,4/6/86,1/1/99,Senior Staff
245878,Siamak,Collette,5/9/62,7/11/95,1/1/99,Technique Leader
245891,Christoper,Picci,6/24/62,1/28/91,1/1/99,Technique Leader
245892,Joydip,Legleitner,4/25/62,8/9/91,1/1/99,Engineer
245897,Yahiko,Ermel,9/30/64,3/23/95,1/1/99,Staff
245899,Uinam,Zumaque,6/24/62,5/27/93,1/1/99,Technique Leader
245901,Beshir,Erie,4/27/62,11/17/00,1/1/99,Engineer
245904,Mechthild,Miake,12/1/62,10/29/92,1/1/99,Senior Engineer
245905,Guangming,Servi,3/21/62,1/2/88,1/1/99,Engineer
245906,Saeed,Debuse,6/9/64,12/8/89,1/1/99,Senior Engineer
245907,Serenella,Pokrovskii,4/18/63,10/20/97,1/1/99,Senior Engineer
245909,Pramod,Hmelo,7/24/64,5/8/96,1/1/99,Staff
245929,Mikhail,Zaccaria,5/20/64,5/10/86,1/1/99,Senior Staff
245935,Woody,Underwood,1/4/64,6/26/99,1/1/99,Staff
245936,Zhenbing,Pavlopoulou,3/10/62,11/7/91,1/1/99,Engineer
245937,Shietung,Stemann,6/19/63,12/17/92,1/1/99,Senior Engineer
245947,Tsuneo,Bultermann,6/15/62,1/20/00,1/1/99,Staff
245949,Constantijn,Luck,3/24/62,2/17/94,1/1/99,Senior Engineer
245950,Ramzi,Luke,6/2/62,3/14/95,1/1/99,Senior Engineer
245956,Khedija,Verhaegen,11/25/63,1/11/88,1/1/99,Staff
245964,Gio,Tsunoo,12/7/64,3/1/85,1/1/99,Senior Staff
245966,Ramzi,Asser,11/24/64,6/10/91,1/1/99,Engineer
245968,Marko,Bage,9/4/64,8/31/93,1/1/99,Staff
245973,Barton,Frijda,4/11/64,3/3/97,1/1/99,Staff
245977,Theirry,Tchuente,5/10/63,11/23/87,1/1/99,Senior Engineer
245983,Arch,Straney,5/13/63,2/27/96,1/1/99,Senior Staff
245984,Gianluca,Zeleznik,5/4/63,5/1/96,1/1/99,Staff
245987,Gino,Schmittgen,3/1/63,12/24/92,1/1/99,Senior Staff
245990,Holgard,Sommer,5/2/62,4/7/92,1/1/99,Senior Staff
246001,Nevio,Wallrath,5/10/64,7/18/99,1/1/99,Staff
246011,Gao,Vesel,11/6/64,4/19/96,1/1/99,Senior Staff
246014,Jaber,Rosca,5/22/62,10/18/00,1/1/99,Engineer
246015,Ekawit,Noriega,6/25/62,3/25/91,1/1/99,Senior Staff
246021,Aris,Caine,3/10/62,3/26/89,1/1/99,Staff
246024,Mooi,Biron,2/27/62,12/12/99,1/1/99,Staff
246027,Tsutomu,Ponthieu,4/23/64,2/15/91,1/1/99,Staff
246029,Steen,Gonthier,5/26/64,7/9/85,1/1/99,Senior Engineer
246035,Mitchel,Olivero,7/17/64,2/22/94,1/1/99,Senior Engineer
246042,Jagoda,Kuszyk,9/18/64,7/2/98,1/1/99,Engineer
246049,Yannis,Strooper,5/23/63,8/29/85,1/1/99,Senior Staff
246053,King,Claffy,7/10/64,4/26/85,1/1/99,Senior Staff
246068,Volkmar,Ramsak,1/19/63,12/16/98,1/1/99,Senior Engineer
246069,Kamran,Krichel,1/26/63,12/1/87,1/1/99,Senior Staff
246078,Yechezkel,Shokrollahi,9/9/62,4/4/94,1/1/99,Staff
246083,Franziska,Fabrizio,2/1/62,2/18/87,1/1/99,Senior Engineer
246085,Ayonca,Levasseur,4/8/62,8/26/87,1/1/99,Senior Engineer
246087,Lidong,Roison,4/30/64,6/6/97,1/1/99,Engineer
246091,Bezalel,Cannata,3/30/63,10/4/94,1/1/99,Senior Engineer
246094,Mihalis,Fioravanti,3/13/62,5/24/95,1/1/99,Staff
246098,Dung,Falco,11/6/64,1/31/90,1/1/99,Staff
246110,Genevieve,Perin,5/3/62,11/11/85,1/1/99,Engineer
246113,Jouko,Dahlbom,10/11/63,6/10/98,1/1/99,Senior Engineer
246116,Berry,Jiafu,8/13/62,4/9/98,1/1/99,Assistant Engineer
246118,Tua,Quaggetto,2/14/62,10/9/89,1/1/99,Engineer
246119,Shrikanth,Kitai,9/11/63,12/17/86,1/1/99,Senior Engineer
246128,Angel,Kandlur,5/8/62,2/5/97,1/1/99,Staff
246131,Ebru,Facello,6/15/63,7/28/93,1/1/99,Senior Engineer
246146,Zhongwei,Melski,1/30/65,9/4/87,1/1/99,Engineer
246152,Maria,Skrikant,12/29/62,8/27/98,1/1/99,Staff
246164,Valter,Lienhardt,9/2/62,9/12/93,1/1/99,Senior Engineer
246166,Rildo,Thiria,6/12/64,7/8/92,1/1/99,Senior Staff
246167,Dhritiman,Basart,8/11/62,12/14/88,1/1/99,Senior Engineer
246173,Gina,Serna,11/19/64,4/21/86,1/1/99,Engineer
246176,Turgut,Morrin,4/4/62,8/13/85,1/1/99,Senior Staff
246177,Yucel,Masada,5/14/64,3/30/96,1/1/99,Staff
246181,Parke,Albarhamtoshy,5/12/62,12/25/86,1/1/99,Senior Engineer
246184,Bouchung,Denna,3/12/63,12/3/95,1/1/99,Senior Engineer
246195,Jaihie,Terlouw,5/31/62,2/23/99,1/1/99,Staff
246197,Mandell,Gronowski,8/23/63,8/22/96,1/1/99,Senior Staff
246200,Weidon,Glinert,4/5/64,11/22/93,1/1/99,Engineer
246203,Theirry,Baca,11/23/62,2/25/89,1/1/99,Staff
246205,Nishit,Ranst,10/8/63,12/6/87,1/1/99,Senior Staff
246209,Constantine,Gruenwald,8/8/62,2/22/01,1/1/99,Technique Leader
246213,Yefim,Godskesen,11/15/64,7/4/89,1/1/99,Engineer
246214,Hilary,Terkki,9/1/64,5/22/97,1/1/99,Engineer
246217,Djenana,Zweizig,2/26/62,3/19/98,1/1/99,Engineer
246218,Leucio,Reeker,8/11/62,4/15/01,1/1/99,Senior Engineer
246221,Arne,Muchinsky,4/23/64,6/28/96,1/1/99,Senior Staff
246222,Elliott,Bojadziev,2/19/64,4/16/85,1/1/99,Senior Staff
246233,Moss,Heuser,2/1/63,3/28/85,1/1/99,Senior Engineer
246237,Gila,Curless,9/13/63,5/7/95,1/1/99,Engineer
246239,Reinhold,Marchesini,1/9/64,3/19/99,1/1/99,Assistant Engineer
246244,George,Casperson,1/9/65,1/20/00,1/1/99,Staff
246248,Jacopo,Junot,7/10/63,5/31/91,1/1/99,Senior Staff
246256,Arno,Soloway,11/9/64,1/23/91,1/1/99,Senior Staff
246257,Barna,Roohalamini,2/14/62,11/6/93,1/1/99,Senior Engineer
246258,Atreyi,Janetzko,5/3/62,9/21/95,1/1/99,Engineer
246262,Kannan,Heuser,1/9/62,8/5/97,1/1/99,Staff
246263,Ranan,Cromarty,12/27/62,6/30/92,1/1/99,Senior Staff
246272,Adhemar,Rande,7/12/64,5/17/92,1/1/99,Senior Engineer
246278,Yoshimitsu,Pardalos,4/22/64,5/28/89,1/1/99,Senior Staff
246284,Youpyo,Ladret,6/22/63,6/11/87,1/1/99,Engineer
246288,Yongqiao,Ananiadou,11/12/62,5/30/94,1/1/99,Senior Engineer
246293,Wojceich,Peck,12/13/64,9/4/85,1/1/99,Senior Engineer
246297,Maria,Schusler,10/22/63,1/25/88,1/1/99,Senior Staff
246307,Jagoda,Ratzlaff,4/17/64,3/30/86,1/1/99,Senior Engineer
246311,Mohua,Przulj,6/28/62,7/2/99,1/1/99,Senior Engineer
246313,Shin,Terwilliger,1/6/64,4/29/00,1/1/99,Senior Engineer
246317,Adly,Olano,2/7/62,12/26/95,1/1/99,Staff
246318,Unal,Hennebert,9/26/63,8/8/90,1/1/99,Senior Engineer
246324,Perla,Rissland,12/20/62,11/30/91,1/1/99,Staff
246331,Kolar,Candan,2/8/64,7/8/87,1/1/99,Senior Engineer
246334,Ziva,Shigei,7/6/64,11/4/89,1/1/99,Senior Engineer
246342,Shushma,Desikan,9/12/63,4/2/90,1/1/99,Senior Staff
246343,Mohammed,Gyimothy,10/11/63,3/31/97,1/1/99,Assistant Engineer
246345,Clyde,Lupu,8/26/62,1/4/90,1/1/99,Senior Engineer
246353,Jinpo,Emmart,3/12/62,3/16/91,1/1/99,Senior Staff
246358,Laurentiu,Krychniak,11/7/64,10/2/90,1/1/99,Senior Engineer
246364,Alper,Tiemann,1/6/65,10/29/98,1/1/99,Engineer
246368,Kristof,Openshaw,7/3/64,2/1/00,1/1/99,Staff
246374,Christ,Monkewich,8/26/63,12/10/97,1/1/99,Senior Staff
246379,Odinaldo,Hertweck,12/19/64,4/26/98,1/1/99,Staff
246384,Filipp,Nastansky,12/19/62,7/30/87,1/1/99,Senior Staff
246385,Abdulah,Bratsberg,1/27/62,1/27/93,1/1/99,Senior Staff
246388,Arunas,Krohm,3/31/64,5/27/95,1/1/99,Senior Engineer
246401,Berthier,Baezner,3/14/64,9/30/99,1/1/99,Senior Staff
246402,Mircea,Anguita,12/12/63,5/20/98,1/1/99,Engineer
246409,Wuxu,Nilsson,7/6/62,10/30/93,1/1/99,Senior Engineer
246410,Filipp,Comyn,11/30/62,7/31/99,1/1/99,Staff
246414,Shao,Kandlur,3/20/64,11/14/96,1/1/99,Staff
246417,Golgen,Gyimothy,8/31/62,6/6/92,1/1/99,Senior Staff
246433,Jinpo,Sichman,11/4/64,12/29/91,1/1/99,Engineer
246441,Weiwu,Morrin,10/7/62,12/27/98,1/1/99,Staff
246448,Phule,Sewelson,5/19/62,5/6/96,1/1/99,Engineer
246452,Pramod,Ventosa,8/1/63,3/7/88,1/1/99,Staff
246454,Vasilii,Denny,8/19/64,10/1/90,1/1/99,Engineer
246465,Apostol,Leuchs,3/26/62,3/17/86,1/1/99,Engineer
246466,Koichi,Jansch,2/10/64,9/13/96,1/1/99,Assistant Engineer
246469,Indrajit,Rissland,9/28/62,12/19/98,1/1/99,Staff
246475,Aran,Nitto,12/4/62,2/21/98,1/1/99,Engineer
246478,Kousuke,Shackell,2/19/62,8/4/87,1/1/99,Technique Leader
246480,Rasikan,Fritzsche,6/8/62,1/1/88,1/1/99,Senior Engineer
246481,Muneo,Cannard,2/21/63,9/4/85,1/1/99,Senior Staff
246484,Xiahua,Litvinov,7/30/63,12/18/86,1/1/99,Senior Staff
246502,Atreyi,Plavsic,1/10/62,9/28/88,1/1/99,Senior Engineer
246503,Zorica,Narlikar,8/13/62,11/7/97,1/1/99,Senior Staff
246504,Fumino,Conti,2/26/62,7/27/99,1/1/99,Senior Staff
246508,Xinglin,Ozeki,8/19/64,12/17/86,1/1/99,Senior Engineer
246515,Abdelwaheb,Pettis,3/29/64,7/14/88,1/1/99,Staff
246516,Sanjiv,Peck,9/28/64,1/5/86,1/1/99,Engineer
246523,Eran,Dengi,1/23/63,3/24/98,1/1/99,Technique Leader
246533,Kannan,Lorin,9/9/64,10/31/98,1/1/99,Senior Staff
246534,Zsolt,Melton,1/13/63,7/29/97,1/1/99,Engineer
246537,Leah,Heering,6/15/63,1/20/94,1/1/99,Senior Engineer
246541,Luigi,Otillio,5/10/64,4/8/86,1/1/99,Senior Staff
246550,Aemilian,Peroz,4/18/62,11/22/86,1/1/99,Staff
246554,Tonny,Pleszkun,12/2/62,6/21/92,1/1/99,Senior Engineer
246561,Nobuyoshi,Randi,12/22/62,1/19/88,1/1/99,Senior Engineer
246572,Hisao,Lipner,5/30/64,7/15/89,1/1/99,Senior Staff
246573,Arvin,Pashtan,11/3/64,7/13/96,1/1/99,Engineer
246581,Zhanqiu,Benzmuller,1/16/62,3/4/86,1/1/99,Senior Staff
246583,Jouni,Birch,7/21/62,11/30/95,1/1/99,Senior Engineer
246586,Suzette,Feldhoffer,2/5/64,1/4/96,1/1/99,Technique Leader
246591,Weidon,Msuda,8/22/62,11/2/87,1/1/99,Engineer
246592,Hironoby,Solares,11/25/63,6/8/87,1/1/99,Engineer
246593,Tadanori,Zhiwei,2/29/64,3/10/00,1/1/99,Staff
246594,Kazuhide,Marzano,4/13/63,2/6/99,1/1/99,Senior Engineer
246598,Leszek,Przulj,10/8/64,2/20/93,1/1/99,Senior Engineer
246601,Minghong,Panangaden,11/5/62,6/11/97,1/1/99,Senior Staff
246602,Samphel,Casley,8/18/62,1/15/89,1/1/99,Staff
246611,Takahira,Nitta,5/17/64,10/4/89,1/1/99,Senior Staff
246615,Sachar,Fritzsche,11/27/63,9/21/97,1/1/99,Staff
246621,Giri,Nyrup,1/3/62,8/14/95,1/1/99,Staff
246623,Chrisa,Joslin,11/3/62,5/8/93,1/1/99,Engineer
246635,Manu,Bail,11/6/64,10/2/95,1/1/99,Engineer
246648,Thodoros,Trelles,5/9/63,2/3/90,1/1/99,Technique Leader
246652,Haldon,Isard,1/18/62,10/10/90,1/1/99,Senior Staff
246660,Nechama,Aseltine,10/27/62,12/19/97,1/1/99,Engineer
246669,Valdiodio,Sudkamp,1/12/63,6/22/95,1/1/99,Staff
246670,Boutros,Radhakrishnan,10/22/63,12/23/91,1/1/99,Engineer
246673,Wojceich,Ulupinar,1/23/64,4/13/89,1/1/99,Engineer
246679,Shaowen,Giveon,5/8/64,10/29/90,1/1/99,Senior Staff
246687,Divine,Ebeling,12/13/63,6/2/86,1/1/99,Senior Engineer
246688,Dinah,Spinelli,10/16/62,3/10/97,1/1/99,Senior Engineer
246711,Shen,Bruckman,5/1/63,3/6/96,1/1/99,Engineer
246713,Mamdouh,Shrader,12/21/63,11/23/01,1/1/99,Senior Staff
246729,KayLiang,Spataro,8/19/63,12/9/92,1/1/99,Senior Staff
246730,George,Reinhart,5/28/62,7/7/94,1/1/99,Engineer
246732,Gao,Olivero,9/23/63,7/17/94,1/1/99,Engineer
246733,Godehard,Baranowski,11/25/64,4/15/02,1/1/99,Staff
246737,Marco,Albarhamtoshy,9/25/63,10/20/93,1/1/99,Senior Engineer
246738,Rosita,Penz,8/20/63,4/15/94,1/1/99,Senior Engineer
246744,Katsuo,Georg,2/24/63,10/1/98,1/1/99,Assistant Engineer
246745,Suebskul,Rosiles,3/28/63,1/14/99,1/1/99,Senior Staff
246746,Honesty,Hoppenstand,1/8/62,5/21/93,1/1/99,Senior Staff
246748,Zsolt,Kohling,12/31/63,3/4/92,1/1/99,Engineer
246751,Tsz,Axelband,1/23/64,5/14/99,1/1/99,Staff
246752,Lijia,Lung,7/15/64,5/20/89,1/1/99,Senior Engineer
246754,Kamakshi,Lueh,8/16/64,3/16/85,1/1/99,Staff
246759,Aruna,England,4/16/64,11/17/96,1/1/99,Engineer
246761,Lech,Desikan,5/28/63,5/13/98,1/1/99,Staff
246764,Shuzo,Czaja,1/4/65,11/29/97,1/1/99,Staff
246777,Jaroslava,Gewali,4/21/64,7/7/88,1/1/99,Senior Staff
246785,Paddy,Stafford,6/27/63,2/3/94,1/1/99,Senior Engineer
246787,Kerryn,Gulak,8/6/64,6/22/91,1/1/99,Senior Staff
246788,Kshitij,Gewali,11/29/62,11/30/95,1/1/99,Senior Engineer
246798,Tianruo,Strooper,1/9/65,12/7/01,1/1/99,Staff
246803,Ugo,Emden,5/17/63,4/22/92,1/1/99,Staff
246815,Conrado,Simmel,8/8/64,2/12/86,1/1/99,Senior Engineer
246825,Mani,Morrin,5/18/63,10/7/88,1/1/99,Staff
246835,Shunichi,Morrin,5/22/63,5/27/02,1/1/99,Engineer
246836,Divier,Nishimukai,11/30/62,3/24/85,1/1/99,Senior Engineer
246844,Rasiah,Guting,10/21/64,3/13/01,1/1/99,Technique Leader
246859,Van,Kornyak,9/10/62,4/23/96,1/1/99,Staff
246863,Sachem,Curless,11/9/63,2/15/99,1/1/99,Engineer
246869,Dipayan,Yavatkar,3/30/64,9/4/98,1/1/99,Engineer
246870,Peternela,Miake,8/29/64,2/14/85,1/1/99,Senior Staff
246875,Yongmao,Baez,5/27/63,9/24/94,1/1/99,Staff
246877,Ebru,Birdsall,7/25/63,12/2/91,1/1/99,Engineer
246880,Mohd,Zallocco,4/28/63,7/4/86,1/1/99,Staff
246886,Pranas,Varman,6/24/64,10/7/95,1/1/99,Engineer
246889,Randy,Decaestecker,2/11/64,4/14/93,1/1/99,Senior Staff
246890,Zdislav,Businaro,10/20/62,5/23/86,1/1/99,Senior Engineer
246892,Srinidhi,Rothenberg,3/3/62,1/12/89,1/1/99,Staff
246898,Xiaopeng,Lovengreen,4/22/64,4/27/88,1/1/99,Engineer
246900,Martina,Worfolk,4/25/64,12/6/99,1/1/99,Engineer
246902,Shih,Shanbhogue,1/27/65,4/19/98,1/1/99,Staff
246903,Jouni,Acton,4/8/63,10/8/88,1/1/99,Senior Engineer
246914,Jayesh,Slaats,10/3/62,1/8/94,1/1/99,Senior Engineer
246917,Kazuhiro,Tsukune,1/3/64,11/8/97,1/1/99,Engineer
246923,Foong,Mitsuhashi,2/17/63,12/31/99,1/1/99,Staff
246941,Gaurav,Plump,8/19/62,8/15/90,1/1/99,Senior Engineer
246946,Jiakeng,Puppo,8/30/62,3/31/87,1/1/99,Staff
246956,Vitali,Kamber,8/23/62,2/13/97,1/1/99,Senior Staff
246960,Yifei,Koprowski,1/12/64,12/5/91,1/1/99,Staff
246961,Rajmohan,Valtorta,4/24/64,7/3/98,1/1/99,Staff
246967,Shimshon,Vidya,7/13/64,3/24/90,1/1/99,Senior Staff
246970,Barry,Kornyak,2/1/63,1/27/89,1/1/99,Senior Staff
246978,Gal,Rikino,6/8/62,9/29/90,1/1/99,Staff
246981,Marsal,Menyhert,1/20/64,8/12/98,1/1/99,Engineer
246986,Luisa,Mawatari,1/29/63,12/10/97,1/1/99,Engineer
246994,Tomoyuki,Massonet,7/28/63,7/15/85,1/1/99,Staff
246995,Constantijn,Sooriamurthi,11/3/64,11/28/88,1/1/99,Engineer
246996,Sanjiv,Perl,2/19/64,6/3/92,1/1/99,Technique Leader
246999,Lubomir,Lowrie,7/13/64,12/12/86,1/1/99,Senior Engineer
247006,Fumiyo,Nitsche,11/30/62,7/19/85,1/1/99,Senior Staff
247028,Uinam,Nooteboom,10/4/64,10/9/90,1/1/99,Engineer
247033,Foong,Gecseg,2/7/63,5/20/97,1/1/99,Senior Engineer
247036,Ekawit,Pepe,9/15/62,5/4/86,1/1/99,Staff
247052,Reinhard,Karunanithi,7/2/64,11/15/90,1/1/99,Technique Leader
247077,Hairong,Simmen,12/23/62,10/22/95,1/1/99,Assistant Engineer
247082,Shuzo,Barbanera,12/16/62,2/1/87,1/1/99,Staff
247089,Seongbae,Schahn,1/17/65,12/10/92,1/1/99,Staff
247101,Rasiah,Baranowski,5/20/62,10/29/90,1/1/99,Engineer
247107,Magy,Swist,4/29/63,7/29/98,1/1/99,Engineer
247112,Bodh,Kalsbeek,2/28/64,7/12/85,1/1/99,Engineer
247122,Xiaobin,Narlikar,1/23/65,2/14/92,1/1/99,Staff
247131,Sreekrishna,Roisin,10/2/64,4/1/87,1/1/99,Senior Engineer
247132,Shakhar,Marwedel,4/11/63,12/24/95,1/1/99,Assistant Engineer
247133,Hatem,Avouris,5/8/64,1/12/99,1/1/99,Engineer
247141,Ulf,Muchinsky,6/26/63,5/27/95,1/1/99,Technique Leader
247144,Alexius,Karcich,12/20/62,7/4/02,1/1/99,Engineer
247149,Lalit,Ressouche,12/21/62,7/15/87,1/1/99,Senior Engineer
247161,Janche,Schwaller,9/3/64,9/4/87,1/1/99,Senior Staff
247166,Jolita,Nishimukai,6/14/62,9/14/94,1/1/99,Senior Staff
247183,Leah,Karunanithi,7/13/64,6/12/97,1/1/99,Senior Engineer
247184,Udo,Hofman,10/4/63,3/5/86,1/1/99,Assistant Engineer
247201,Dung,Brandsma,9/24/63,3/6/96,1/1/99,Staff
247202,Sandeepan,Marsiglia,11/9/64,4/7/93,1/1/99,Staff
247203,Panayotis,Gurbaxani,10/11/63,9/4/86,1/1/99,Senior Engineer
247207,Leszek,Schapiro,9/22/63,9/5/88,1/1/99,Staff
247213,Arumugam,Genther,5/10/62,2/27/95,1/1/99,Senior Engineer
247214,Radhika,Kamble,6/15/62,1/2/91,1/1/99,Engineer
247215,Rimli,Denny,5/16/64,10/28/92,1/1/99,Technique Leader
247223,Heather,Biran,2/11/64,5/4/86,1/1/99,Senior Engineer
247229,Doohun,Papsdorf,3/3/62,7/14/98,1/1/99,Staff
247234,Adamantios,Walston,8/3/64,1/21/90,1/1/99,Senior Engineer
247235,Bluma,Cappelletti,1/9/62,3/14/85,1/1/99,Senior Engineer
247239,Sasan,Tokunaga,8/6/64,8/25/94,1/1/99,Staff
247241,Sashi,Ramamoorthy,7/23/62,10/1/94,1/1/99,Staff
247245,Zine,Jervis,2/14/64,12/31/94,1/1/99,Engineer
247248,Laurentiu,Badr,10/27/62,6/10/85,1/1/99,Senior Staff
247249,Shawna,Underwood,8/15/63,10/2/89,1/1/99,Senior Staff
247251,Neelam,Frolund,3/22/63,12/10/97,1/1/99,Engineer
247252,Olivera,Esteva,3/29/63,4/24/99,1/1/99,Senior Engineer
247258,Pantung,Weiland,8/23/63,6/12/93,1/1/99,Senior Staff
247259,Jouko,Koshiba,12/5/64,4/6/93,1/1/99,Staff
247263,Yakkov,Schach,8/19/64,12/7/90,1/1/99,Senior Engineer
247264,Lucian,Gecsel,4/17/63,1/21/95,1/1/99,Senior Engineer
247265,Amabile,Luca,6/23/62,7/24/89,1/1/99,Engineer
247277,Takanari,Roison,4/7/64,7/3/98,1/1/99,Senior Staff
247286,Dung,Tramer,8/19/64,10/23/89,1/1/99,Technique Leader
247288,Jaihie,Szmurlo,10/28/63,4/19/00,1/1/99,Senior Staff
247295,Susanne,Kropatsch,9/28/63,1/28/93,1/1/99,Senior Engineer
247302,Youssef,Gist,1/6/63,5/15/94,1/1/99,Engineer
247316,Taiji,Roccetti,5/29/62,12/26/92,1/1/99,Engineer
247317,Elvis,Liedekerke,9/3/63,1/31/00,1/1/99,Senior Staff
247330,Adam,McFarlan,9/16/62,8/6/94,1/1/99,Staff
247333,Elvia,Dulay,12/23/64,11/24/91,1/1/99,Senior Engineer
247340,Shichao,Zaiane,9/4/63,11/2/87,1/1/99,Staff
247348,Bangqing,Lanzelotte,10/2/62,1/30/99,1/1/99,Staff
247350,Parviz,Vieri,12/19/62,3/26/92,1/1/99,Senior Engineer
247351,Zhaofang,Cappelli,4/11/62,5/4/86,1/1/99,Staff
247354,Munehiko,Wursthorn,8/18/63,2/18/88,1/1/99,Senior Staff
247367,Karsten,Angot,10/5/63,7/25/99,1/1/99,Senior Engineer
247370,Navin,Sgarro,7/20/64,3/21/88,1/1/99,Senior Staff
247371,Khalid,Oppitz,11/12/64,4/6/97,1/1/99,Staff
247375,Troy,Scharstein,12/25/63,9/15/94,1/1/99,Senior Engineer
247379,Shem,Suomi,4/14/64,12/22/86,1/1/99,Staff
247380,Anestis,Plump,1/24/63,5/30/85,1/1/99,Senior Engineer
247393,Rosalyn,Siprelle,9/14/63,7/20/94,1/1/99,Senior Staff
247398,Emdad,Shanbhogue,12/23/64,1/24/91,1/1/99,Engineer
247417,Zito,Keustermans,11/21/64,1/9/99,1/1/99,Senior Staff
247422,Mabry,Vecchi,2/24/63,4/13/86,1/1/99,Senior Engineer
247423,Jaana,Luon,7/26/64,12/30/98,1/1/99,Engineer
247424,Eldridge,Jullig,12/2/62,1/23/00,1/1/99,Technique Leader
247425,Chinhyun,Makinen,9/27/64,4/25/98,1/1/99,Staff
247432,Atreyi,Papastamatiou,10/7/63,8/8/99,1/1/99,Senior Engineer
247433,Shigeo,Jansch,11/30/64,2/9/98,1/1/99,Senior Engineer
247445,Bingning,Rijckaert,10/19/62,12/16/98,1/1/99,Staff
247447,Tzu,Bakhtari,1/28/65,3/18/94,1/1/99,Senior Engineer
247448,Kyoichi,Przulj,6/15/63,11/19/92,1/1/99,Engineer
247450,Rosalie,Zockler,6/1/62,10/2/85,1/1/99,Technique Leader
247451,Ipke,Lamba,9/21/64,9/30/97,1/1/99,Engineer
247452,Tomofumi,Besancenot,11/27/64,11/30/86,1/1/99,Senior Engineer
247456,Masako,Bahk,1/16/65,7/31/97,1/1/99,Engineer
247459,Khalil,Krybus,3/2/63,1/27/97,1/1/99,Engineer
247469,Poornachandra,Spelt,9/7/62,2/17/99,1/1/99,Engineer
247474,Hisao,Wilfing,6/1/64,5/12/90,1/1/99,Senior Staff
247476,Felicidad,Khamsi,9/7/63,9/19/89,1/1/99,Senior Staff
247480,Maren,Yurek,7/8/63,10/26/91,1/1/99,Engineer
247481,Vidar,Heyers,9/22/63,8/23/96,1/1/99,Engineer
247489,Suvo,Nannarelli,1/9/64,1/30/93,1/1/99,Senior Staff
247494,Hidde,Plavsic,7/7/63,9/30/95,1/1/99,Staff
247495,Dharmaraja,Himler,1/30/62,9/17/91,1/1/99,Senior Staff
247497,Temple,Perez,2/5/64,6/28/97,1/1/99,Engineer
247500,Izaskun,Ullian,3/27/62,3/5/89,1/1/99,Senior Staff
247506,Oscal,Pavlopoulou,6/13/64,9/5/88,1/1/99,Staff
247515,Ramachenga,Khalil,8/8/62,1/11/86,1/1/99,Senior Staff
247517,Yuqun,Moffat,8/11/64,12/17/97,1/1/99,Senior Engineer
247526,Sadok,Peha,5/16/63,2/2/93,1/1/99,Staff
247527,Rildo,Jonsson,6/2/64,7/15/97,1/1/99,Staff
247530,Vidar,Macedo,4/12/63,11/21/92,1/1/99,Staff
247531,Shahaf,Vilarrasa,1/15/64,5/7/91,1/1/99,Engineer
247552,Lubomir,Joslin,9/19/62,2/27/90,1/1/99,Engineer
247554,Isamu,Jumpertz,1/7/63,7/2/96,1/1/99,Staff
247562,TRUE,Maliniak,12/31/64,1/4/93,1/1/99,Senior Staff
247565,Constantijn,Apsitis,1/20/62,5/7/94,1/1/99,Senior Staff
247566,Spyrose,Yetim,7/3/62,12/27/91,1/1/99,Senior Engineer
247571,Sanjeeva,Ranai,3/8/63,1/2/93,1/1/99,Engineer
247581,Huei,Baby,5/24/62,11/26/87,1/1/99,Engineer
247585,Ingemar,Basagni,6/17/63,9/1/86,1/1/99,Senior Staff
247595,Munenori,Lambe,8/26/64,1/14/92,1/1/99,Senior Staff
247609,Chinho,Perko,9/13/63,11/17/91,1/1/99,Senior Engineer
247612,Chiranjit,Constantine,1/4/65,5/25/97,1/1/99,Engineer
247615,Koichi,Lindqvist,10/6/63,9/8/00,1/1/99,Technique Leader
247619,Kauko,Farrag,2/9/64,7/15/94,1/1/99,Senior Staff
247628,Udi,Valiente,10/9/64,11/6/92,1/1/99,Senior Engineer
247629,Genevieve,Kawashimo,6/22/63,7/16/88,1/1/99,Senior Engineer
247633,Tonny,Rosis,1/24/64,1/17/92,1/1/99,Technique Leader
247638,Christ,Siksek,7/16/63,11/22/98,1/1/99,Engineer
247640,Saeko,Jeong,9/18/64,4/12/99,1/1/99,Engineer
247648,Bodh,Xiaoshan,5/19/62,8/26/89,1/1/99,Engineer
247650,Jiang,Naumovich,7/9/62,6/4/96,1/1/99,Senior Engineer
247651,Anyuan,Rusmann,9/26/62,8/27/99,1/1/99,Staff
247652,Valery,Ramras,4/5/63,5/7/94,1/1/99,Engineer
247659,Amalendu,Kornyak,6/29/64,1/8/88,1/1/99,Senior Staff
247662,Shigenori,Ulupinar,12/3/64,8/30/98,1/1/99,Staff
247663,Kiam,Leonhardt,8/25/64,7/9/88,1/1/99,Staff
247664,Basant,Nanard,4/26/64,4/26/89,1/1/99,Staff
247671,Mizuhito,Varman,7/4/64,1/3/96,1/1/99,Senior Engineer
247682,Mabhin,Narahari,7/1/64,12/1/01,1/1/99,Senior Staff
247684,Hsiangchu,Furudate,8/17/63,10/17/86,1/1/99,Senior Staff
247686,Mariangiola,Chepyzhov,3/29/63,1/12/92,1/1/99,Senior Staff
247690,Aksel,Teitelbaum,4/14/64,6/15/85,1/1/99,Staff
247696,Larisa,Stamatiou,1/21/63,4/5/99,1/1/99,Assistant Engineer
247699,Arvind,Sewelson,3/10/62,7/18/98,1/1/99,Staff
247710,Jeanne,Callaway,11/7/63,4/24/91,1/1/99,Technique Leader
247712,Xiadong,Litvinov,1/1/63,11/7/96,1/1/99,Engineer
247717,Jiakeng,Wossner,9/2/64,6/18/93,1/1/99,Engineer
247719,Prasadram,Sidou,12/12/64,4/30/91,1/1/99,Senior Staff
247721,Kasturi,Auyong,10/7/63,3/1/98,1/1/99,Senior Staff
247723,Conal,Deyuan,2/9/62,9/23/99,1/1/99,Senior Engineer
247724,Surveyors,Ramamoorthy,10/22/62,6/9/89,1/1/99,Senior Engineer
247730,Dhritiman,Riesenhuber,5/7/63,8/14/96,1/1/99,Senior Engineer
247733,Francoise,Muhling,1/24/64,9/30/93,1/1/99,Engineer
247734,Moss,Rohrbach,5/29/62,11/16/96,1/1/99,Staff
247742,Make,Plessier,10/20/63,12/31/85,1/1/99,Senior Staff
247745,Jaber,Cronau,2/1/63,12/23/97,1/1/99,Senior Engineer
247754,Akeno,Leaver,8/2/63,11/5/95,1/1/99,Engineer
247764,Ranga,Schapire,11/19/64,5/1/98,1/1/99,Engineer
247770,Tran,Narwekar,4/19/63,4/10/87,1/1/99,Technique Leader
247782,Honglan,Gerlach,10/25/63,3/22/92,1/1/99,Senior Staff
247783,Troy,Luan,9/17/64,12/4/93,1/1/99,Senior Engineer
247785,Jovan,Hofman,11/6/63,7/11/98,1/1/99,Senior Staff
247791,Ugo,Hooghiemstra,8/26/64,6/15/89,1/1/99,Senior Engineer
247792,Martial,Iivonen,11/8/64,1/2/99,1/1/99,Engineer
247793,Danae,Munawer,5/11/62,3/22/92,1/1/99,Technique Leader
247794,Gino,DeMori,4/13/64,6/19/96,1/1/99,Senior Engineer
247799,Baruch,Junet,1/30/63,10/16/97,1/1/99,Staff
247801,Jaewon,Reutenauer,9/8/62,12/28/90,1/1/99,Staff
247811,Khaled,Cheshire,6/30/64,8/20/85,1/1/99,Senior Staff
247813,Steen,Gist,4/26/63,9/1/86,1/1/99,Staff
247829,Ibibia,Zlotek,7/11/63,1/27/94,1/1/99,Engineer
247833,Sedat,Iacovou,12/23/64,7/31/86,1/1/99,Senior Engineer
247837,Xumin,Vecchio,1/16/62,10/1/97,1/1/99,Engineer
247845,Boguslaw,Schueller,7/21/63,2/11/90,1/1/99,Senior Staff
247851,Yuqun,Vidya,4/9/62,8/25/99,1/1/99,Assistant Engineer
247852,Terresa,Zeilberger,12/21/64,7/15/91,1/1/99,Staff
247866,Geoff,Rajaraman,3/9/63,4/27/96,1/1/99,Senior Engineer
247868,Bader,Brodie,12/14/64,7/30/90,1/1/99,Staff
247875,Xiong,Anick,1/2/65,4/23/91,1/1/99,Senior Staff
247881,Yuuichi,Baba,6/16/62,1/4/86,1/1/99,Staff
247885,Guenter,Androutsos,11/4/63,6/19/99,1/1/99,Senior Staff
247888,Abdelghani,Lagarias,1/15/65,9/6/85,1/1/99,Engineer
247890,Lihong,Marchegay,9/30/62,2/12/95,1/1/99,Assistant Engineer
247897,Zito,Veeraraghavan,8/17/63,5/5/97,1/1/99,Engineer
247904,Ipke,Cannard,4/26/62,11/5/98,1/1/99,Technique Leader
247928,Chanjung,Kalloufi,11/14/64,11/5/98,1/1/99,Engineer
247933,Tadanori,Stavenow,4/4/63,6/14/95,1/1/99,Engineer
247939,Anneli,Fordan,5/23/64,12/6/92,1/1/99,Senior Engineer
247947,Kersti,Lieblein,5/31/63,12/1/99,1/1/99,Senior Staff
247948,Lena,Sethi,3/31/64,6/16/94,1/1/99,Engineer
247956,Feipei,Basagni,11/30/63,10/26/87,1/1/99,Technique Leader
247965,Lijie,Kroll,4/13/64,4/28/96,1/1/99,Assistant Engineer
247982,Niteen,Kumaresan,1/31/63,6/20/92,1/1/99,Senior Staff
247985,Morris,Kossowski,3/13/62,1/11/99,1/1/99,Senior Engineer
247999,Goa,Mungall,12/9/64,5/30/99,1/1/99,Staff
248004,Yongdong,Luef,3/29/63,4/24/00,1/1/99,Senior Staff
248005,Kristine,Monkewich,2/14/63,8/25/89,1/1/99,Staff
248010,Jaana,Comellas,12/19/62,11/9/96,1/1/99,Engineer
248011,Heejo,Lodder,4/18/63,4/27/92,1/1/99,Senior Staff
248013,Jouni,Rabejac,9/10/62,9/15/92,1/1/99,Staff
248040,Giri,Papastamatiou,1/4/64,9/30/92,1/1/99,Senior Staff
248046,Junsik,Merkl,7/13/64,12/13/93,1/1/99,Senior Staff
248051,Naftaly,Samarati,11/14/63,7/6/93,1/1/99,Senior Engineer
248057,Yifei,Pavlopoulou,4/5/62,2/18/94,1/1/99,Senior Engineer
248058,Moie,Hemaspaandra,3/20/63,7/5/92,1/1/99,Senior Staff
248060,Shim,Luff,6/10/63,11/13/87,1/1/99,Engineer
248067,Atreyi,Georg,5/31/64,10/2/85,1/1/99,Senior Staff
248097,Golgen,Fadgyas,5/23/64,6/1/86,1/1/99,Engineer
248098,Bernice,Morrin,9/21/62,5/11/96,1/1/99,Technique Leader
248102,Divine,Barinka,8/23/62,8/30/96,1/1/99,Senior Engineer
248107,Gift,Krybus,1/8/63,3/31/97,1/1/99,Staff
248109,Debatosh,Hutter,9/25/64,1/13/91,1/1/99,Senior Staff
248111,Roddy,Raoux,4/13/64,4/26/90,1/1/99,Senior Engineer
248113,Lein,Beetstra,4/14/63,5/18/92,1/1/99,Senior Engineer
248118,Ymte,Albarhamtoshy,12/10/64,8/5/98,1/1/99,Staff
248123,Ferdinand,Schmiedel,3/3/62,2/13/89,1/1/99,Senior Staff
248128,Goo,Luon,2/16/64,6/17/91,1/1/99,Senior Engineer
248132,Dmitri,Birdsall,6/27/62,12/16/97,1/1/99,Engineer
248143,Masali,Pashtan,10/15/63,8/4/88,1/1/99,Staff
248147,Nagui,Journel,2/10/64,5/11/89,1/1/99,Senior Engineer
248162,Kiyokazu,Georgakopoulos,6/7/63,7/27/92,1/1/99,Engineer
248166,Morrie,Pashtan,11/15/62,3/5/93,1/1/99,Senior Staff
248169,Filipp,Bael,3/13/62,11/18/98,1/1/99,Assistant Engineer
248171,Susumu,Pelc,4/18/62,4/16/96,1/1/99,Senior Engineer
248178,Shih,Tchuente,4/21/62,8/17/89,1/1/99,Senior Staff
248179,Jianhua,Picel,3/21/64,5/31/86,1/1/99,Senior Staff
248180,Nobuyoshi,Oppitz,2/4/62,6/2/85,1/1/99,Engineer
248181,Jixiang,Delgrange,11/17/63,1/13/95,1/1/99,Assistant Engineer
248191,Oksana,Birjandi,12/24/63,8/2/93,1/1/99,Senior Staff
248201,Zhilian,Worfolk,12/7/64,4/1/91,1/1/99,Senior Staff
248203,Ranan,Senzako,4/12/62,3/2/95,1/1/99,Assistant Engineer
248204,Mohamadou,Schusler,12/9/64,8/23/87,1/1/99,Senior Engineer
248207,Chaoyi,Bernardeschi,11/23/62,3/9/94,1/1/99,Senior Engineer
248216,Gian,Laurillard,10/30/63,12/7/96,1/1/99,Staff
248217,Mingsen,Champarnaud,5/9/64,7/8/95,1/1/99,Engineer
248237,Zhonghui,Usery,2/10/63,5/6/86,1/1/99,Staff
248239,Nirmal,Kavvadias,7/23/64,1/10/97,1/1/99,Senior Staff
248243,Maja,Perl,10/1/62,8/25/90,1/1/99,Senior Staff
248249,Arup,Marchesini,11/20/62,10/11/88,1/1/99,Senior Staff
248251,Elgin,Giveon,7/7/64,6/14/95,1/1/99,Staff
248255,Arlette,Rodite,1/8/63,6/20/97,1/1/99,Engineer
248256,Sajjan,Falby,1/5/65,8/29/96,1/1/99,Staff
248269,Muzhong,Alencar,1/26/62,11/10/88,1/1/99,Senior Engineer
248271,Elgin,Schneeberger,11/16/62,10/7/01,1/1/99,Assistant Engineer
248279,Tamiya,Azevdeo,6/6/63,1/11/96,1/1/99,Senior Staff
248284,Barry,Gecsel,8/12/64,9/3/99,1/1/99,Engineer
248287,Giordano,Dengi,2/16/64,12/4/95,1/1/99,Staff
248296,Richard,Matzel,1/16/64,5/4/96,1/1/99,Senior Staff
248306,Khaled,Aingworth,1/19/62,12/16/92,1/1/99,Assistant Engineer
248309,Martien,Pietracaprina,9/20/64,3/28/96,1/1/99,Senior Engineer
248311,Reinhold,Peternell,8/20/64,9/7/90,1/1/99,Engineer
248313,Jungsoon,Verhaegen,12/16/63,4/30/98,1/1/99,Staff
248315,Yonghong,Quaggetto,11/25/64,1/16/89,1/1/99,Staff
248321,Weiye,Braunschweig,12/30/64,7/30/87,1/1/99,Senior Staff
248328,Filipe,Yetim,7/31/63,9/29/89,1/1/99,Engineer
248333,Turgut,Erni,7/23/62,12/3/90,1/1/99,Senior Staff
248334,Rosli,Acton,1/7/62,8/26/96,1/1/99,Senior Engineer
248344,Tokuyasu,Hammerschmidt,1/14/64,6/3/92,1/1/99,Technique Leader
248346,Vasilii,Janetzko,6/23/62,4/19/97,1/1/99,Engineer
248351,Jaana,Milicia,2/1/65,6/2/85,1/1/99,Senior Staff
248355,Along,Sundgren,8/26/62,9/15/91,1/1/99,Staff
248365,Xinyu,Gniady,12/11/64,6/4/94,1/1/99,Staff
248367,Charmane,Huttel,5/5/64,12/31/97,1/1/99,Staff
248378,Jackson,Zeilberger,11/20/62,8/16/87,1/1/99,Senior Staff
248379,Christoper,Talmon,2/2/64,3/31/87,1/1/99,Senior Engineer
248399,Qiwen,Kobuchi,12/18/62,7/12/94,1/1/99,Staff
248402,Menkae,Terlouw,3/7/62,4/19/96,1/1/99,Engineer
248404,Prasadram,Geffroy,8/26/62,11/26/89,1/1/99,Staff
248410,Cedric,Cangellaris,2/18/62,10/25/92,1/1/99,Senior Engineer
248417,Qunsheng,Huttel,10/28/63,1/29/86,1/1/99,Senior Engineer
248423,Xudong,Attimonelli,4/30/63,12/23/86,1/1/99,Senior Staff
248424,Munir,Crelier,2/24/63,4/14/91,1/1/99,Senior Staff
248425,Jinya,Georgatos,9/16/63,7/10/98,1/1/99,Engineer
248430,Moriyoshi,Picht,6/6/63,11/2/85,1/1/99,Senior Engineer
248438,Niteen,Bednarek,1/12/62,4/26/89,1/1/99,Senior Staff
248445,Douadi,Schrooten,10/1/62,8/15/89,1/1/99,Senior Staff
248446,Alselm,Kuhnemann,1/4/63,5/17/97,1/1/99,Senior Engineer
248448,Paraskevi,Esteva,11/9/64,7/30/88,1/1/99,Engineer
248452,Leaf,Beznosov,3/30/64,5/3/85,1/1/99,Senior Staff
248453,Godehard,Famili,4/3/62,1/28/00,1/1/99,Staff
248457,Ioana,Ruther,3/14/64,7/5/95,1/1/99,Staff
248464,Rafail,Ramaiah,4/30/64,1/16/00,1/1/99,Assistant Engineer
248466,Brewster,Arlazarov,2/17/63,6/6/89,1/1/99,Senior Staff
248474,Jacqueline,Ruther,7/5/63,9/15/90,1/1/99,Technique Leader
248480,Toong,Androutsos,4/2/63,2/13/98,1/1/99,Engineer
248491,Hinrich,Zhiwei,11/8/63,3/21/95,1/1/99,Assistant Engineer
248496,Somnath,Flexer,1/13/63,11/13/93,1/1/99,Staff
248501,Alper,Azulay,1/2/62,6/13/95,1/1/99,Staff
248505,Mostafa,Attimonelli,7/23/63,3/14/87,1/1/99,Senior Engineer
248510,Becky,Encarnacion,6/18/63,11/22/96,1/1/99,Staff
248534,Masasuke,Szemeredi,9/20/63,11/3/85,1/1/99,Senior Engineer
248535,Tsuneo,Honglei,2/23/63,9/4/98,1/1/99,Engineer
248547,Elvis,Rehfuss,6/9/64,4/11/99,1/1/99,Senior Engineer
248553,Ravishankar,Munoz,2/8/64,9/14/92,1/1/99,Staff
248558,Sastry,Kropp,4/12/62,4/23/89,1/1/99,Engineer
248564,Alejandra,Raczkowsky,9/25/64,5/22/98,1/1/99,Engineer
248565,Kwangjo,Heering,8/15/63,3/15/87,1/1/99,Senior Staff
248570,Satoru,Sidou,1/11/64,2/24/85,1/1/99,Engineer
248574,Krister,Isard,1/5/64,1/3/87,1/1/99,Assistant Engineer
248577,Ranga,Chorvat,8/6/62,7/6/00,1/1/99,Senior Engineer
248584,Apostol,Cooke,12/19/63,12/14/98,1/1/99,Engineer
248590,Susanta,Braunmuhl,12/18/62,2/19/89,1/1/99,Senior Staff
248591,Marko,Begiun,8/14/63,5/2/91,1/1/99,Senior Staff
248603,Jongsuk,Rosaz,11/1/62,5/14/94,1/1/99,Engineer
248615,Ennio,Benantar,10/12/63,4/20/99,1/1/99,Engineer
248624,Shim,Terlouw,9/21/63,8/17/86,1/1/99,Senior Engineer
248628,Lena,Cochrane,2/23/62,9/10/93,1/1/99,Technique Leader
248636,Sadok,Millington,7/15/63,3/23/94,1/1/99,Engineer
248639,Genki,Rotem,10/19/63,10/4/98,1/1/99,Engineer
248643,Domenick,Pepe,11/27/64,8/22/89,1/1/99,Senior Staff
248645,Toshimitsu,Fioravanti,11/12/62,9/11/93,1/1/99,Senior Engineer
248654,Atilio,Cronin,5/28/62,9/22/99,1/1/99,Staff
248656,Xuedong,Linnainmaa,8/20/64,4/26/99,1/1/99,Engineer
248658,Luigi,Scallan,11/2/64,3/5/97,1/1/99,Staff
248662,Masamitsu,Ranai,10/23/64,6/16/98,1/1/99,Staff
248666,Shaowei,Ecklund,10/24/62,12/9/87,1/1/99,Senior Engineer
248670,Jayesh,Conia,8/30/64,5/17/94,1/1/99,Senior Staff
248676,Miquel,Molenaar,10/15/63,8/21/92,1/1/99,Technique Leader
248696,Lijie,Poulakidas,1/29/64,1/6/96,1/1/99,Staff
248698,Ishfaq,Krychniak,5/13/62,3/7/98,1/1/99,Engineer
248699,Shimshon,Sidou,7/8/62,7/30/02,1/1/99,Staff
248701,Maren,Orlowski,4/9/63,7/12/89,1/1/99,Senior Staff
248702,Naftaly,Fujisaki,10/6/64,8/24/88,1/1/99,Staff
248708,Shin,Ghalwash,6/17/63,10/2/88,1/1/99,Senior Engineer
248709,Navin,Leslie,12/11/63,1/19/95,1/1/99,Senior Staff
248716,Leah,Hennings,9/13/63,7/9/96,1/1/99,Senior Staff
248720,Fumiya,Terekhov,9/28/64,4/22/97,1/1/99,Staff
248736,Erzsebet,Wielonsky,7/9/63,8/25/95,1/1/99,Senior Engineer
248742,Marl,Vuskovic,1/25/62,7/7/93,1/1/99,Senior Staff
248748,Sashi,Sifakis,6/4/62,10/13/99,1/1/99,Staff
248749,Ramya,Basagni,4/24/64,8/26/93,1/1/99,Senior Staff
248753,Isaac,Broder,11/8/62,8/6/90,1/1/99,Technique Leader
248754,Shushma,Casperson,11/6/63,1/14/86,1/1/99,Engineer
248758,Snehasis,Muhlberg,2/1/65,12/25/94,1/1/99,Senior Staff
248762,Adel,Picel,6/9/62,9/8/89,1/1/99,Staff
248767,Vasilis,Llado,5/27/62,12/23/95,1/1/99,Staff
248769,Roded,Solares,12/21/63,12/19/96,1/1/99,Assistant Engineer
248773,Chandrasekaran,Jullig,11/17/62,2/19/96,1/1/99,Engineer
248774,Freyja,Uhrik,9/15/63,7/11/97,1/1/99,Engineer
248777,Kagan,Masamoto,10/28/63,4/23/87,1/1/99,Senior Engineer
248779,Tonia,Mapelli,6/2/62,12/13/85,1/1/99,Senior Staff
248781,Youngkon,Velasco,3/25/64,2/3/86,1/1/99,Senior Staff
248790,Brigham,Bratten,4/5/64,7/12/99,1/1/99,Engineer
248794,Kristof,Gluchowski,10/25/64,4/5/99,1/1/99,Engineer
248797,Khaled,Lorie,11/24/63,3/12/88,1/1/99,Engineer
248800,Jovan,Sooriamurthi,5/10/63,10/20/91,1/1/99,Senior Staff
248804,Alselm,Mandell,4/10/62,7/17/91,1/1/99,Senior Staff
248805,Jasminko,Jervis,5/8/63,11/23/01,1/1/99,Staff
248806,Hironoby,Willoner,4/30/63,7/18/95,1/1/99,Senior Staff
248811,Sandeepan,Alameldin,11/13/64,12/10/93,1/1/99,Senior Staff
248817,Valdiodio,Giarratana,6/1/63,5/9/86,1/1/99,Staff
248819,Arne,Ullian,10/15/62,7/24/89,1/1/99,Engineer
248824,Dante,Gubsky,6/30/62,4/3/86,1/1/99,Senior Engineer
248835,Adamantios,Schnabel,11/28/64,6/22/88,1/1/99,Senior Staff
248837,Filipp,Bala,11/18/62,8/15/95,1/1/99,Technique Leader
248839,Oscar,Plotkin,7/15/62,6/20/92,1/1/99,Engineer
248840,Roded,Pesch,12/21/62,11/6/95,1/1/99,Engineer
248850,Zhigen,Gerlach,5/12/62,3/21/94,1/1/99,Staff
248851,Sashi,Morton,8/23/62,8/27/85,1/1/99,Senior Staff
248866,Barton,Menyhert,4/8/64,3/11/86,1/1/99,Senior Staff
248867,Roded,Trelles,4/27/63,1/1/99,1/1/99,Engineer
248868,Shigehito,Ramaiah,8/9/63,8/31/89,1/1/99,Staff
248869,Huan,Mikschl,12/30/63,2/16/90,1/1/99,Senior Staff
248870,Mizuhito,Hanratty,9/25/62,1/27/89,1/1/99,Engineer
248875,Goa,Hasenauer,12/22/62,9/6/96,1/1/99,Engineer
248876,Martial,Baek,6/16/62,1/19/95,1/1/99,Staff
248892,Shaowei,Haumacher,10/16/63,12/26/90,1/1/99,Senior Engineer
248907,Dulce,Clemencon,4/5/62,10/28/93,1/1/99,Staff
248913,Abdelkader,Luders,12/3/63,4/16/86,1/1/99,Senior Engineer
248917,Terresa,Thummel,1/28/62,3/8/87,1/1/99,Senior Staff
248926,Mark,Ozery,3/2/63,5/17/87,1/1/99,Senior Staff
248934,Mahendra,Toyoshima,10/5/62,5/23/94,1/1/99,Staff
248936,Rosalyn,Montemayor,11/22/62,4/12/88,1/1/99,Assistant Engineer
248937,Mohd,Zielinski,9/15/64,9/25/90,1/1/99,Staff
248949,Kazuhiko,Genin,4/1/64,7/7/86,1/1/99,Senior Staff
248953,Percy,Sudbeck,1/29/65,8/29/96,1/1/99,Assistant Engineer
248954,Shahid,Kusakabe,1/29/62,8/29/91,1/1/99,Engineer
248963,Xianlong,Leivant,6/1/63,4/11/99,1/1/99,Staff
248964,Gino,Siprelle,7/23/63,4/13/97,1/1/99,Engineer
248974,Jayson,Herber,12/4/63,1/18/93,1/1/99,Senior Staff
248983,Thodoros,Siksek,1/13/62,7/12/97,1/1/99,Engineer
248987,Kristinn,Kalsbeek,2/28/64,12/13/98,1/1/99,Engineer
248993,Terresa,Daescu,7/15/62,12/4/94,1/1/99,Engineer
249005,Yongqiao,Plump,1/6/63,12/7/88,1/1/99,Senior Staff
249010,Collette,Fordan,3/19/62,12/21/94,1/1/99,Senior Engineer
249015,Kerryn,Cherinka,4/16/63,3/16/88,1/1/99,Senior Staff
249018,Masali,Perri,6/23/62,1/13/88,1/1/99,Senior Engineer
249026,Conrado,Attimonelli,11/2/63,9/8/86,1/1/99,Engineer
249033,Zongyan,Heyers,4/30/64,1/28/98,1/1/99,Engineer
249043,Almudena,Rodite,2/20/62,3/9/93,1/1/99,Staff
249044,Bodh,Merlo,8/8/62,3/12/89,1/1/99,Senior Engineer
249049,Renee,Botman,12/26/64,4/18/99,1/1/99,Senior Staff
249050,Aloke,Versino,6/28/62,10/2/00,1/1/99,Staff
249051,Quingbo,Talmor,5/31/64,3/13/93,1/1/99,Staff
249062,Kiyotoshi,Ponthieu,1/9/62,2/23/90,1/1/99,Senior Staff
249070,Geoffrey,Osgood,7/28/62,6/11/90,1/1/99,Senior Engineer
249071,Shakhar,Hiraishi,5/24/62,10/25/94,1/1/99,Engineer
249079,Remco,Stentiford,6/16/64,8/3/87,1/1/99,Engineer
249083,Premsyl,Pehl,11/14/64,10/25/86,1/1/99,Engineer
249095,Shim,Benzaken,3/12/63,7/7/96,1/1/99,Staff
249103,Suvo,Rosen,4/18/62,5/28/94,1/1/99,Staff
249107,Barry,Henders,6/1/64,3/27/89,1/1/99,Staff
249114,Serge,Hiroyama,4/6/62,3/15/96,1/1/99,Senior Engineer
249116,Moie,Garnick,5/14/62,5/21/94,1/1/99,Senior Engineer
249126,Tayeb,Pell,10/31/63,12/29/98,1/1/99,Staff
249132,Jiang,Waschkowski,5/20/62,10/3/96,1/1/99,Staff
249139,Hideyuki,Dalton,3/29/62,9/18/96,1/1/99,Senior Staff
249147,Lunjin,Kirkerud,1/29/62,8/11/91,1/1/99,Staff
249148,Takahito,Nastansky,3/30/62,12/25/92,1/1/99,Senior Staff
249151,Candido,Menhoudj,7/14/64,10/1/99,1/1/99,Engineer
249154,Gaetan,Schaft,11/25/64,7/16/89,1/1/99,Engineer
249156,Chenye,Frezza,3/25/63,5/24/97,1/1/99,Senior Engineer
249177,Leen,Stille,10/5/63,10/21/98,1/1/99,Engineer
249184,Horward,Rosin,4/19/63,5/3/86,1/1/99,Staff
249186,Takanari,Zweizig,5/11/64,10/8/95,1/1/99,Senior Engineer
249192,Volkmar,Turnbull,1/10/64,1/10/93,1/1/99,Technique Leader
249198,Murthy,Ranft,1/20/62,10/5/92,1/1/99,Engineer
249200,Munehiko,Kakkar,6/10/64,3/29/85,1/1/99,Senior Staff
249212,Masamitsu,Shobatake,7/14/63,10/25/90,1/1/99,Senior Staff
249221,Tomofumi,Munck,10/3/62,6/19/96,1/1/99,Staff
249239,Hideyuki,Decleir,1/21/65,5/4/94,1/1/99,Senior Engineer
249240,Danil,Herbst,2/6/62,7/24/93,1/1/99,Senior Staff
249244,Mohd,Bisiani,11/7/62,1/25/99,1/1/99,Engineer
249247,Barton,Skogmar,9/10/63,11/18/99,1/1/99,Senior Engineer
249249,Taegyun,Maierhofer,9/26/62,9/30/98,1/1/99,Engineer
249251,Danil,Valiente,7/22/63,7/15/94,1/1/99,Senior Engineer
249253,Masaki,Takanami,7/2/62,4/4/93,1/1/99,Senior Engineer
249255,Chenyi,Geffroy,3/8/62,11/28/00,1/1/99,Staff
249266,Constantine,Scharstein,12/6/64,1/20/98,1/1/99,Staff
249267,Kankanahalli,Swick,9/19/62,4/5/89,1/1/99,Senior Staff
249269,Aran,Encarnacion,5/11/62,8/9/85,1/1/99,Senior Staff
249275,Urs,Matheson,9/10/64,7/10/85,1/1/99,Senior Staff
249279,Wonhee,Peek,8/11/64,10/12/86,1/1/99,Staff
249292,Doohun,Schapire,6/7/63,5/31/86,1/1/99,Staff
249295,Subhankar,Peron,5/10/64,8/24/90,1/1/99,Senior Engineer
249296,Dmitry,Narahari,7/26/62,4/16/86,1/1/99,Senior Staff
249300,Juichirou,Prampolini,1/14/62,11/3/85,1/1/99,Senior Engineer
249303,Tse,Reutenauer,9/5/63,2/25/93,1/1/99,Senior Staff
249304,Demos,Heijenga,12/22/63,9/3/99,1/1/99,Technique Leader
249305,Weiwu,Binding,7/17/64,2/23/98,1/1/99,Senior Staff
249309,Jeong,Conta,4/23/64,8/26/92,1/1/99,Senior Staff
249310,Rosalyn,Rosin,10/7/63,10/9/85,1/1/99,Engineer
249311,Mani,Zumaque,7/11/62,11/24/90,1/1/99,Senior Staff
249313,Utz,Stranks,3/17/64,5/15/02,1/1/99,Senior Staff
249319,Maia,Rodiger,2/8/64,9/22/91,1/1/99,Engineer
249321,Yucel,Schrift,12/8/64,6/10/88,1/1/99,Senior Staff
249325,Ute,Pokrovskii,1/26/65,6/9/97,1/1/99,Staff
249326,Eberhardt,Rosar,1/6/64,9/27/86,1/1/99,Senior Engineer
249328,Vitaly,Anido,11/5/63,10/4/96,1/1/99,Technique Leader
249329,Shigeaki,Fadgyas,2/26/64,4/9/94,1/1/99,Senior Engineer
249330,Stamatina,Tomescu,9/22/64,1/29/89,1/1/99,Assistant Engineer
249331,Jacqueline,Skafidas,2/1/64,11/18/89,1/1/99,Senior Engineer
249334,Billur,Kossowski,8/16/63,6/23/89,1/1/99,Assistant Engineer
249338,Perry,Gelosh,4/21/62,8/10/95,1/1/99,Staff
249345,Shuji,Felder,4/13/63,5/23/86,1/1/99,Senior Staff
249364,Krister,Farrel,5/28/63,3/12/87,1/1/99,Senior Engineer
249365,Kiyokazu,Hutter,7/4/63,9/24/92,1/1/99,Staff
249367,Jolita,Shigei,7/1/64,9/1/92,1/1/99,Senior Staff
249372,Parto,Riefers,3/8/63,9/1/97,1/1/99,Staff
249376,Lijie,Varker,9/8/62,10/10/91,1/1/99,Senior Engineer
249378,Toong,Poehlman,7/26/63,5/27/95,1/1/99,Engineer
249386,Somnath,Simmel,1/30/64,5/24/91,1/1/99,Senior Engineer
249397,Kinh,Ananiadou,7/18/62,3/7/88,1/1/99,Technique Leader
249398,Chriss,McClurg,1/12/62,1/3/02,1/1/99,Engineer
249401,Seshu,Tzvieli,11/17/63,7/26/89,1/1/99,Staff
249405,Jiong,Furedi,1/24/62,8/6/92,1/1/99,Senior Engineer
249408,Kayoko,Gihr,3/3/64,7/15/90,1/1/99,Senior Staff
249433,Ayonca,Matzov,1/16/65,6/3/88,1/1/99,Engineer
249438,Anwar,Tyugu,4/28/63,2/12/85,1/1/99,Engineer
249446,Jongsuk,Gils,6/19/63,11/29/85,1/1/99,Senior Engineer
249450,Paloma,Gien,4/22/64,10/23/95,1/1/99,Senior Staff
249452,Abdulla,Akiyama,12/14/64,3/27/92,1/1/99,Senior Engineer
249459,Tadanori,Luff,6/11/63,11/30/95,1/1/99,Assistant Engineer
249462,Junsik,Avouris,1/6/62,1/20/97,1/1/99,Senior Staff
249467,Nectarios,Maccarone,9/16/62,1/2/89,1/1/99,Engineer
249475,Kousuke,Peris,12/22/64,9/29/89,1/1/99,Senior Engineer
249478,Ramya,Kakkar,2/26/64,10/12/92,1/1/99,Senior Engineer
249486,Shigeo,Kruskal,11/1/63,10/30/87,1/1/99,Engineer
249504,Dmitry,Velardi,1/7/65,10/20/95,1/1/99,Engineer
249505,Hugo,Bernardeschi,9/13/62,3/4/88,1/1/99,Staff
249508,Jeanna,Bain,4/30/62,6/2/93,1/1/99,Senior Staff
249517,Udaiprakash,Haldar,10/10/64,11/6/98,1/1/99,Engineer
249519,Rasiah,Hennebert,11/8/64,2/11/89,1/1/99,Senior Staff
249523,Alper,Baak,10/21/64,9/11/86,1/1/99,Senior Engineer
249530,Mong,Cangellaris,2/25/63,8/10/99,1/1/99,Engineer
249531,Munir,Azulay,3/12/62,5/13/85,1/1/99,Engineer
249537,Theirry,Falster,5/27/64,9/10/88,1/1/99,Engineer
249540,Candida,Veevers,8/20/63,10/3/92,1/1/99,Engineer
249543,Guoxiang,Mitsuhashi,10/26/63,4/19/96,1/1/99,Staff
249553,Soenke,Waleschkowski,3/20/64,2/10/91,1/1/99,Senior Engineer
249554,Xuedong,Schrooten,9/14/64,7/14/99,1/1/99,Staff
249580,Faiza,Eastman,12/31/63,9/18/91,1/1/99,Senior Engineer
249588,Ulf,Ratnakar,11/5/64,9/14/94,1/1/99,Senior Staff
249595,Frederique,Narlikar,6/5/62,10/28/85,1/1/99,Engineer
249599,Jeane,Feldmann,8/15/64,3/18/95,1/1/99,Senior Engineer
249600,Aral,Pelz,6/25/63,9/4/92,1/1/99,Engineer
249604,Boguslaw,Soicher,11/17/64,2/19/86,1/1/99,Assistant Engineer
249605,Adin,Ranst,2/16/63,6/20/88,1/1/99,Technique Leader
249612,Bedir,Ramsay,8/13/64,10/7/87,1/1/99,Senior Staff
249625,Mabo,Fritzsche,5/31/62,10/26/92,1/1/99,Senior Engineer
249626,Candido,Peek,2/12/63,8/27/90,1/1/99,Engineer
249629,Bernice,Rosiles,5/17/63,1/30/93,1/1/99,Engineer
249640,Udi,Baca,1/27/62,6/23/89,1/1/99,Engineer
249649,Jolita,Cmelik,5/26/64,7/19/90,1/1/99,Senior Staff
249657,Ronnie,Zolotykh,5/6/64,2/2/96,1/1/99,Staff
249660,Uinam,Varley,4/2/64,12/31/93,1/1/99,Engineer
249668,Armond,Lanphier,4/8/63,12/7/99,1/1/99,Assistant Engineer
249699,Zvonko,Speer,2/19/62,12/29/98,1/1/99,Engineer
249701,Bedrich,Pardalos,12/13/63,3/31/91,1/1/99,Technique Leader
249706,Manton,Rosaz,7/10/62,7/11/99,1/1/99,Engineer
249707,Arnd,Sambasivam,1/5/64,4/13/92,1/1/99,Staff
249713,Syozo,Slobodova,8/31/63,8/4/88,1/1/99,Senior Staff
249730,Xuejia,Terekhov,2/25/64,2/12/96,1/1/99,Engineer
249740,Saeko,Murtafg,5/11/64,9/27/96,1/1/99,Engineer
249754,Ranan,Dechter,9/15/63,9/3/99,1/1/99,Engineer
249756,Isamu,Genin,8/10/64,4/18/89,1/1/99,Senior Staff
249760,Hatem,Couchot,3/8/62,10/26/86,1/1/99,Senior Engineer
249768,Rosella,Litzkow,11/25/63,11/18/85,1/1/99,Senior Staff
249770,Wilmer,Pardalos,6/2/64,7/30/99,1/1/99,Staff
249773,Anyuan,Xiaoshan,12/6/62,11/26/85,1/1/99,Senior Engineer
249780,Nechama,Gaughan,1/12/65,7/9/93,1/1/99,Engineer
249785,Toshimo,Boissier,5/2/63,6/25/91,1/1/99,Assistant Engineer
249786,Make,Grandbois,10/27/62,1/28/95,1/1/99,Senior Staff
249793,Tsutomu,Zobel,4/20/64,10/16/95,1/1/99,Senior Engineer
249795,Hyuckchul,Remmers,9/20/64,9/28/99,1/1/99,Staff
249799,Jolita,Neimat,1/4/65,12/27/93,1/1/99,Engineer
249818,Arie,Lamba,4/20/63,12/12/87,1/1/99,Assistant Engineer
249825,Garnik,Litecky,3/7/63,5/18/93,1/1/99,Senior Engineer
249829,Naftaly,Rattan,8/3/63,4/16/94,1/1/99,Engineer
249833,Sanjit,Solares,1/29/63,12/19/88,1/1/99,Staff
249835,Shen,Qiwen,3/20/64,3/9/86,1/1/99,Staff
249839,Weiyi,Ruemmler,3/2/62,7/18/95,1/1/99,Senior Staff
249841,Matk,Pavlopoulou,6/26/62,4/20/96,1/1/99,Senior Staff
249850,Duro,Axelband,4/29/63,2/25/86,1/1/99,Engineer
249851,Giao,Taneja,7/25/64,10/15/87,1/1/99,Senior Staff
249855,Rosine,Ladret,9/22/62,3/22/86,1/1/99,Staff
249860,Hausi,Kropp,5/14/63,4/8/87,1/1/99,Engineer
249865,Peer,Basart,10/6/64,7/8/88,1/1/99,Technique Leader
249866,Steen,Gubsky,1/15/65,1/14/89,1/1/99,Senior Staff
249874,Jahangir,Marquardt,7/28/64,7/6/85,1/1/99,Senior Engineer
249878,Shigeu,Isaak,10/5/62,2/13/92,1/1/99,Senior Engineer
249883,Shalesh,Perin,4/6/62,8/15/95,1/1/99,Engineer
249884,Theirry,Peir,11/22/62,6/3/85,1/1/99,Senior Engineer
249885,Arup,Lortz,3/20/62,4/2/85,1/1/99,Senior Staff
249893,Masaki,Stranks,12/19/63,7/16/86,1/1/99,Senior Staff
249894,Boguslaw,Pettey,9/28/63,3/7/86,1/1/99,Senior Engineer
249899,Takushi,Boissier,10/31/64,2/22/99,1/1/99,Staff
249901,Sanjai,Spell,1/23/63,6/28/85,1/1/99,Senior Staff
249905,Susumu,Wossner,7/4/63,4/9/89,1/1/99,Senior Engineer
249909,Dietrich,Itzfeldt,12/16/64,12/14/89,1/1/99,Engineer
249910,Shin,Engberts,2/6/63,1/2/94,1/1/99,Staff
249913,Nagui,Segond,12/23/63,8/14/91,1/1/99,Senior Engineer
249915,Yonghoan,Stiles,10/18/63,6/16/93,1/1/99,Assistant Engineer
249921,Alenka,Sluis,9/25/64,10/7/95,1/1/99,Staff
249927,Luisa,Menyhert,1/10/64,7/30/97,1/1/99,Engineer
249933,Khoa,Pfau,1/15/62,7/21/97,1/1/99,Staff
249937,Satoru,Chleq,9/11/63,5/23/86,1/1/99,Engineer
249938,Yechiam,Naumovich,5/31/63,5/25/90,1/1/99,Senior Staff
249942,Jouko,Zobel,11/15/62,7/7/85,1/1/99,Technique Leader
249944,Florian,Ranon,12/16/64,11/29/99,1/1/99,Staff
249948,Kazuhito,Schade,8/12/63,8/29/88,1/1/99,Senior Staff
249957,Toney,Jervis,12/9/64,2/25/93,1/1/99,Senior Engineer
249963,Gen,Heemskerk,1/28/64,2/24/95,1/1/99,Senior Engineer
249969,Georgi,Luiz,1/21/65,6/10/91,1/1/99,Engineer
249973,Youjian,Spinelli,1/6/63,5/24/94,1/1/99,Engineer
249980,Arno,Cunliffe,8/9/62,4/20/92,1/1/99,Senior Engineer
249981,Tran,Wallrath,12/26/62,10/18/90,1/1/99,Senior Staff
249989,Ewing,Chaudhuri,5/5/63,11/1/92,1/1/99,Senior Staff
249992,Roded,Keohane,12/1/62,12/18/88,1/1/99,Engineer
249996,Feixiong,Billawala,11/22/63,9/7/96,1/1/99,Engineer
250011,Ghassan,Hmelo,6/10/64,7/24/95,1/1/99,Engineer
250013,Gen,Strehl,6/25/64,1/20/93,1/1/99,Senior Engineer
250018,Gererd,Schmezko,6/20/64,7/28/00,1/1/99,Engineer
250025,Valeska,Manderick,5/23/63,12/6/99,1/1/99,Staff
250027,Gill,Isaac,11/27/64,5/1/88,1/1/99,Technique Leader
250032,Billur,Bednarek,7/28/62,5/3/93,1/1/99,Technique Leader
250034,Murthy,Bhattacharjee,5/28/62,7/18/92,1/1/99,Senior Staff
250041,Danil,Parveen,10/1/62,5/15/97,1/1/99,Staff
250050,Jeane,Vilarrasa,10/29/62,7/31/90,1/1/99,Senior Staff
250064,Breannda,Buescher,2/23/64,7/22/95,1/1/99,Senior Engineer
250078,Baruch,Cronau,12/7/62,3/5/91,1/1/99,Senior Engineer
250082,Bojan,Krohn,3/30/64,12/5/85,1/1/99,Engineer
250090,Dines,Marwedel,6/9/62,9/19/96,1/1/99,Engineer
250095,Yannik,Tomescu,1/12/62,7/7/98,1/1/99,Engineer
250096,Dipayan,Leppanen,1/4/63,9/21/87,1/1/99,Senior Staff
250101,Toshimi,Strooper,7/22/63,3/29/85,1/1/99,Senior Engineer
250112,Tru,Pashtan,3/10/62,11/19/94,1/1/99,Engineer
250115,Rimon,Muhlberg,12/5/63,8/31/90,1/1/99,Staff
250121,Zhonghui,Perelgut,5/23/64,10/25/87,1/1/99,Technique Leader
250125,Remco,Vieth,4/3/62,3/26/94,1/1/99,Assistant Engineer
250133,Irena,Zastre,6/15/62,3/13/91,1/1/99,Senior Staff
250136,Xumin,Passafiume,11/2/63,5/31/87,1/1/99,Engineer
250138,Demos,Leppanen,10/10/62,2/23/97,1/1/99,Assistant Engineer
250142,Rutger,Furudate,3/10/62,6/21/86,1/1/99,Engineer
250145,Zhanqiu,Motley,5/27/64,6/1/94,1/1/99,Technique Leader
250149,Muneo,Taubman,4/22/62,12/31/95,1/1/99,Senior Staff
250150,Shaw,Kolinko,11/6/64,5/25/87,1/1/99,Senior Engineer
250152,Shawna,Delgrande,5/20/63,6/12/92,1/1/99,Senior Engineer
250157,Serenella,Schwartzbauer,4/24/63,2/11/88,1/1/99,Senior Engineer
250164,Josyula,Kambil,9/17/63,4/23/92,1/1/99,Senior Staff
250177,Shaleah,Erdi,10/26/64,9/21/94,1/1/99,Engineer
250178,Trygve,Hiltgen,2/3/64,8/6/95,1/1/99,Senior Engineer
250186,Kitty,Angelov,6/24/63,4/7/96,1/1/99,Engineer
250190,Richara,Tzvieli,6/27/63,7/28/99,1/1/99,Technique Leader
250197,Lansing,Schlegelmilch,6/27/62,5/10/99,1/1/99,Staff
250198,Mingdong,Seiwald,1/24/63,6/26/86,1/1/99,Senior Staff
250201,Reuven,Yoshizawa,5/13/62,3/2/90,1/1/99,Senior Engineer
250205,Howell,Uhrig,3/26/64,12/31/97,1/1/99,Engineer
250222,Bojan,Wynblatt,8/11/63,4/30/91,1/1/99,Senior Engineer
250229,Uno,Marrakchi,5/6/62,5/9/99,1/1/99,Assistant Engineer
250236,Takahira,Marrakchi,8/2/63,6/15/88,1/1/99,Senior Engineer
250239,Bangqing,Ebeling,6/24/63,1/12/97,1/1/99,Assistant Engineer
250242,Oddvar,Bala,3/3/62,7/19/92,1/1/99,Staff
250245,Arvin,Unno,5/22/64,3/17/90,1/1/99,Staff
250249,Peer,Peltason,4/21/62,11/15/85,1/1/99,Senior Engineer
250252,Munenori,Chiola,8/26/64,11/30/98,1/1/99,Engineer
250255,Tsuneo,Rosen,11/18/63,9/23/91,1/1/99,Senior Engineer
250279,Shem,Poupard,8/17/63,7/19/90,1/1/99,Senior Staff
250282,DAIDA,Bugrara,2/2/64,2/4/89,1/1/99,Engineer
250287,Arie,Oskamp,3/14/63,8/12/86,1/1/99,Staff
250292,Mamdouh,Mitchem,4/23/62,8/6/86,1/1/99,Engineer
250308,Maja,Baba,9/20/64,3/27/91,1/1/99,Engineer
250310,Shir,Kalsbeek,9/6/63,4/26/92,1/1/99,Senior Staff
250314,Tetsurou,Ozery,10/9/62,9/20/98,1/1/99,Engineer
250348,Toong,Azulay,1/11/64,7/28/96,1/1/99,Engineer
250352,Bodh,Farrow,8/11/63,4/8/93,1/1/99,Staff
250366,Bouchung,Varman,7/22/63,10/6/91,1/1/99,Senior Staff
250372,Remmert,Kemmerer,7/14/62,8/24/97,1/1/99,Engineer
250374,Goncalo,Petersohn,12/25/64,6/11/95,1/1/99,Senior Staff
250379,Kazuhito,Ouhyoung,9/1/64,12/15/95,1/1/99,Engineer
250383,Golgen,Beausoleil,11/6/64,2/10/95,1/1/99,Engineer
250385,Guther,Ghalwash,5/27/62,2/10/85,1/1/99,Senior Staff
250386,Toney,Delgrossi,2/20/64,7/26/94,1/1/99,Senior Engineer
250391,Cheong,Serot,10/10/62,11/13/92,1/1/99,Senior Staff
250400,Prodip,Ghazalie,6/3/64,9/17/89,1/1/99,Staff
250407,Jovan,Rosca,12/20/62,7/9/98,1/1/99,Technique Leader
250410,Akeno,Lueh,11/10/64,9/15/94,1/1/99,Staff
250411,Ranga,Sommen,1/27/65,1/20/89,1/1/99,Staff
250425,Toshimo,Brattka,11/16/64,5/18/92,1/1/99,Engineer
250427,Roselyn,Ruemmler,10/4/64,10/29/95,1/1/99,Senior Engineer
250435,Arch,Lorys,3/14/64,7/8/94,1/1/99,Staff
250440,Khosrow,Stentiford,2/16/62,8/20/91,1/1/99,Senior Engineer
250443,Tsutomu,Schwaller,9/4/64,1/20/99,1/1/99,Senior Engineer
250444,Diederik,Maquelin,10/3/64,3/23/88,1/1/99,Senior Engineer
250448,King,Karnin,2/9/64,9/20/88,1/1/99,Senior Engineer
250450,Akhilish,Ohori,3/8/62,2/7/87,1/1/99,Senior Staff
250452,Alexius,Plavsic,1/14/65,1/17/00,1/1/99,Senior Engineer
250455,Caolyn,Suri,2/23/64,12/17/98,1/1/99,Engineer
250459,Satosi,Stranks,6/20/63,9/15/92,1/1/99,Engineer
250469,Toong,Mullainathan,5/9/64,8/15/88,1/1/99,Technique Leader
250471,Kasturi,Muhlberg,7/10/63,12/20/89,1/1/99,Engineer
250483,Hyuckchul,Rusmann,7/2/64,3/22/99,1/1/99,Staff
250485,Kannan,Peac,11/12/64,6/23/86,1/1/99,Senior Staff
250488,Reinhard,Cools,4/6/64,2/1/89,1/1/99,Senior Engineer
250495,Yongmao,Papsdorf,4/1/63,10/14/95,1/1/99,Engineer
250497,Saeed,Suppi,8/5/62,4/30/89,1/1/99,Staff
250501,Uli,Garnham,7/9/64,6/10/93,1/1/99,Senior Engineer
250504,Genki,Syrzycki,8/23/62,3/10/96,1/1/99,Senior Staff
250505,Rosella,Famili,1/10/62,5/18/90,1/1/99,Engineer
250508,Jiong,Braunmuhl,10/26/64,4/16/95,1/1/99,Engineer
250514,Nathan,Onuegbe,1/17/62,12/13/97,1/1/99,Staff
250522,Karlis,Furedi,12/29/63,6/24/88,1/1/99,Engineer
250526,Inderjeet,Koblick,7/26/62,10/18/96,1/1/99,Senior Staff
250530,Sadun,Uhrig,2/3/63,6/18/88,1/1/99,Staff
250540,Almudena,Markovitch,5/2/63,10/10/98,1/1/99,Engineer
250542,Yagil,Pramanik,2/5/62,1/9/87,1/1/99,Staff
250543,Jiakeng,Kolvik,5/22/64,10/26/99,1/1/99,Engineer
250544,Lillian,Stemann,3/11/63,5/2/85,1/1/99,Engineer
250545,Shuichi,Krone,6/18/63,5/10/90,1/1/99,Engineer
250553,Susanta,Stemann,8/17/64,2/15/98,1/1/99,Staff
250555,Jackson,Socorro,4/3/62,4/2/95,1/1/99,Senior Engineer
250560,Rosli,Munoz,6/6/63,6/26/88,1/1/99,Senior Staff
250562,Panayotis,Laurillard,10/19/64,2/14/85,1/1/99,Senior Staff
250563,Somnath,Gecsei,8/19/64,3/18/90,1/1/99,Technique Leader
250564,Kiam,Ladret,10/15/64,1/4/91,1/1/99,Assistant Engineer
250568,Peternela,Rajcani,1/16/64,2/7/88,1/1/99,Engineer
250573,Navin,Puppe,5/6/64,1/3/88,1/1/99,Senior Staff
250575,Boriana,Randt,4/26/62,1/27/90,1/1/99,Senior Engineer
250577,Alexius,Trumbly,8/1/62,5/23/97,1/1/99,Staff
250581,Marsja,Mitina,8/9/64,10/25/99,1/1/99,Staff
250583,Cristinel,Trelles,9/14/63,2/6/89,1/1/99,Senior Staff
250590,Tetsushi,Shigei,12/21/62,11/3/93,1/1/99,Assistant Engineer
250595,Shuho,Peir,8/21/63,2/13/02,1/1/99,Engineer
250597,Gonzalo,Ozeri,3/2/64,4/26/90,1/1/99,Engineer
250599,Douadi,Vecchio,12/1/62,9/25/93,1/1/99,Senior Staff
250605,Weicheng,Muntz,5/24/64,7/11/93,1/1/99,Senior Staff
250610,Sivanarayana,Solares,6/24/63,3/13/86,1/1/99,Senior Staff
250611,Jinpo,Luit,10/8/63,9/21/91,1/1/99,Senior Engineer
250613,Sungwon,Valtorta,9/26/64,2/12/94,1/1/99,Senior Engineer
250622,Syozo,Brizzi,8/20/64,1/8/92,1/1/99,Staff
250628,Gennady,Herbst,8/10/63,12/26/94,1/1/99,Staff
250630,Stafford,Rassart,7/31/62,5/3/93,1/1/99,Engineer
250632,Alenka,Swift,11/20/62,4/9/95,1/1/99,Senior Engineer
250634,Aluzio,Marzano,11/2/63,11/19/01,1/1/99,Staff
250636,Bowen,Parhami,2/5/63,10/7/94,1/1/99,Senior Engineer
250642,Boriana,Lenart,10/3/64,11/6/88,1/1/99,Assistant Engineer
250643,Cristinel,Lovengreen,6/4/64,5/21/93,1/1/99,Technique Leader
250644,Teruyuki,Heemskerk,9/22/62,8/24/01,1/1/99,Engineer
250648,Youjian,Besancenot,3/8/62,8/21/92,1/1/99,Senior Staff
250651,Dzung,Bonifati,10/24/62,12/11/98,1/1/99,Engineer
250663,Supot,Lemarechal,8/26/63,6/4/93,1/1/99,Staff
250666,Hiroyasu,Benantar,5/2/64,9/13/99,1/1/99,Engineer
250673,Zeydy,Hoogerwoord,3/30/62,8/23/89,1/1/99,Staff
250674,Serge,Bonifati,11/19/64,7/13/98,1/1/99,Staff
250678,Randi,Bahl,3/10/62,1/11/92,1/1/99,Senior Staff
250679,Zhonghui,Jiang,11/17/63,3/27/95,1/1/99,Senior Staff
250683,Takushi,Dymetman,5/16/63,12/31/95,1/1/99,Staff
250699,Xuedong,Taubman,10/16/64,11/15/94,1/1/99,Senior Staff
250701,Boguslaw,Comyn,7/19/64,2/26/89,1/1/99,Engineer
250703,Yongdong,Brookner,8/5/62,4/3/87,1/1/99,Assistant Engineer
250707,Hercules,Furudate,6/4/63,2/15/94,1/1/99,Senior Engineer
250709,Yongqiao,Schurmann,12/6/62,12/26/90,1/1/99,Senior Staff
250710,Manton,Siksek,8/31/63,5/5/86,1/1/99,Staff
250712,Yucai,Godskesen,2/5/63,11/6/95,1/1/99,Engineer
250719,Pintsang,Sankaranarayanan,9/22/63,3/23/98,1/1/99,Senior Staff
250726,Chiranjit,Ashish,8/29/62,6/3/99,1/1/99,Assistant Engineer
250727,Itzchak,Murtagh,6/2/63,1/15/88,1/1/99,Staff
250728,Mohd,Buchter,1/1/64,10/22/91,1/1/99,Engineer
250735,Kirk,Butner,7/23/63,11/26/87,1/1/99,Engineer
250736,Mariusz,Kilgour,6/10/63,11/28/94,1/1/99,Senior Staff
250740,Gilbert,Cronin,2/9/62,6/12/85,1/1/99,Engineer
250748,Kish,Turnbull,1/27/65,2/10/87,1/1/99,Senior Engineer
250753,Marla,Terwilliger,1/24/62,10/2/96,1/1/99,Engineer
250757,Oldrich,Sherertz,1/17/64,6/9/95,1/1/99,Engineer
250759,Sibyl,Roohalamini,2/17/63,7/5/94,1/1/99,Senior Staff
250763,Clyde,Siochi,2/26/62,12/10/86,1/1/99,Senior Staff
250766,Bojan,Matzel,12/21/63,10/11/96,1/1/99,Senior Staff
250767,Shigeo,Levasseur,11/16/62,9/14/99,1/1/99,Engineer
250778,Pramod,Pulkowski,4/20/63,10/18/89,1/1/99,Senior Staff
250786,Cathie,Hagimont,8/20/62,3/10/95,1/1/99,Senior Staff
250787,Nahum,Lunn,2/16/62,9/29/87,1/1/99,Senior Engineer
250798,Arvin,Jumpertz,10/27/64,8/29/99,1/1/99,Assistant Engineer
250807,Martijn,Thiria,9/11/63,6/29/99,1/1/99,Senior Staff
250808,Ottavia,Waschkowski,7/15/64,3/30/96,1/1/99,Assistant Engineer
250810,Shuzo,Sundgren,12/2/63,3/29/02,1/1/99,Senior Engineer
250826,Zissis,Ratnaker,7/6/62,3/26/92,1/1/99,Senior Staff
250831,Aamer,Leaver,12/29/62,9/27/99,1/1/99,Engineer
250832,Sangeeta,Arlazarov,2/12/62,12/21/92,1/1/99,Senior Staff
250834,Boaz,Gubsky,1/17/64,5/24/89,1/1/99,Engineer
250835,Kankanahalli,McDermid,12/11/63,10/29/85,1/1/99,Engineer
250839,Lidong,Schmiedel,11/22/64,11/27/85,1/1/99,Engineer
250848,Sampalli,Seghrouchni,5/11/64,9/16/91,1/1/99,Engineer
250856,Maris,Makinen,1/31/62,3/25/87,1/1/99,Senior Engineer
250857,Tianruo,Marwedel,12/2/62,7/30/99,1/1/99,Engineer
250865,Georgy,Huttel,10/3/63,11/7/95,1/1/99,Senior Staff
250866,Yolla,Kermarrec,5/25/62,12/3/90,1/1/99,Senior Engineer
250869,Martial,Janetzko,3/4/64,6/12/89,1/1/99,Senior Engineer
250872,Annemarie,Nilsson,12/26/63,8/6/86,1/1/99,Senior Staff
250878,Mahmut,Poehlman,10/5/64,3/3/94,1/1/99,Staff
250879,Bedir,Kohling,1/1/64,1/8/98,1/1/99,Senior Staff
250890,Tsvetan,Passino,9/16/62,11/8/98,1/1/99,Engineer
250896,Erzsebet,Whittlesey,5/23/62,7/29/98,1/1/99,Engineer
250909,Lech,Suermann,9/26/62,1/16/91,1/1/99,Senior Staff
250912,Lorien,Kulisch,7/19/62,4/11/95,1/1/99,Staff
250913,Limsoon,Sluis,12/2/63,5/9/96,1/1/99,Staff
250916,Rutger,Ratnakar,9/29/62,5/27/00,1/1/99,Engineer
250928,Wonhee,Kropf,3/2/63,11/5/89,1/1/99,Technique Leader
250930,Jeane,Murillo,1/5/64,6/28/95,1/1/99,Senior Staff
250936,Goh,Escriba,8/30/64,11/9/93,1/1/99,Senior Engineer
250939,Arumugam,Garnier,1/18/64,10/7/98,1/1/99,Staff
250947,Radhakrishnan,Luff,2/17/64,5/28/85,1/1/99,Senior Staff
250949,Udo,Falco,9/17/63,5/30/99,1/1/99,Staff
250952,Chiradeep,Waleschkowski,5/15/64,7/9/93,1/1/99,Engineer
250960,Aimee,Kolvik,4/9/63,10/12/94,1/1/99,Engineer
250964,Shim,Jenevein,8/29/62,1/5/02,1/1/99,Technique Leader
250977,Kasturi,Shihab,4/14/62,10/17/98,1/1/99,Staff
250978,JoAnna,Matzen,8/29/64,6/21/99,1/1/99,Staff
250985,Shounak,Pagter,2/20/63,6/2/95,1/1/99,Engineer
250986,Ioana,Vakili,11/26/63,2/25/89,1/1/99,Senior Engineer
250990,Vasilii,Akiyama,11/3/63,4/20/92,1/1/99,Senior Staff
250991,Jiakeng,Morrey,12/5/64,1/22/97,1/1/99,Senior Staff
250999,Ottavia,Delgrossi,4/22/62,7/29/96,1/1/99,Staff
251015,Tamiya,Takanami,8/13/63,6/2/92,1/1/99,Staff
251017,LiMin,Murthy,4/22/63,5/26/96,1/1/99,Senior Staff
251018,Jinya,Suessmith,3/4/64,3/17/88,1/1/99,Engineer
251020,Froduald,Blokdijk,7/28/63,10/25/85,1/1/99,Senior Staff
251024,Shuichi,Isaak,5/5/62,1/27/95,1/1/99,Staff
251039,Miyeon,Suermann,2/11/63,4/9/97,1/1/99,Senior Staff
251040,Itzchak,Limongiello,9/13/62,10/14/87,1/1/99,Staff
251048,Pranas,Gajiwala,12/8/62,1/19/98,1/1/99,Assistant Engineer
251051,Leen,Polajnar,11/29/62,1/15/01,1/1/99,Staff
251052,Toney,Koblitz,11/24/62,11/9/87,1/1/99,Engineer
251056,Khun,Spataro,12/1/63,5/12/87,1/1/99,Senior Staff
251063,Vidar,McClurg,5/22/62,12/28/89,1/1/99,Senior Staff
251065,Shichao,Chenoweth,11/5/62,6/11/93,1/1/99,Senior Engineer
251078,Maren,Berstel,4/24/64,10/27/98,1/1/99,Engineer
251081,Shigehito,Baak,1/16/63,9/30/93,1/1/99,Senior Staff
251090,Gina,Bolsens,3/18/62,4/24/97,1/1/99,Senior Engineer
251093,Lillian,Brendel,10/18/63,8/20/85,1/1/99,Staff
251098,Gen,Schrooten,8/2/63,12/6/97,1/1/99,Staff
251105,Sanjay,Bahk,8/13/64,4/15/96,1/1/99,Staff
251107,Kerryn,Slobodova,12/20/64,10/9/01,1/1/99,Senior Engineer
251111,Poornachandra,Openshaw,8/21/63,12/7/93,1/1/99,Staff
251116,Hilary,Keohane,8/13/63,3/23/85,1/1/99,Engineer
251118,Foong,Yetto,1/6/64,3/14/93,1/1/99,Senior Staff
251125,Masanao,Fadgyas,9/18/63,6/14/99,1/1/99,Senior Staff
251128,Sashi,Kuzuoka,11/12/62,3/25/87,1/1/99,Senior Staff
251133,Zdislav,Weiland,6/30/63,11/14/86,1/1/99,Engineer
251136,Atreye,Antonisse,6/13/63,4/11/02,1/1/99,Staff
251147,Thodoros,Msuda,9/29/64,3/20/91,1/1/99,Senior Staff
251150,Shigehiro,Teitelbaum,9/14/64,1/16/87,1/1/99,Senior Staff
251152,Niranjan,Grandbois,5/18/62,6/10/92,1/1/99,Senior Staff
251158,Younwoo,Castellani,2/9/64,9/27/91,1/1/99,Senior Staff
251163,Kensei,Godskesen,7/3/62,1/18/89,1/1/99,Staff
251164,Tsutomu,Mateescu,7/5/63,4/13/94,1/1/99,Staff
251166,Hinrich,Hooghiemstra,1/22/65,10/5/85,1/1/99,Senior Staff
251178,Lijia,Lorie,1/20/62,2/16/90,1/1/99,Senior Staff
251183,Tru,Ranta,7/18/63,9/23/90,1/1/99,Senior Engineer
251185,Neven,Leppanen,6/6/62,8/9/99,1/1/99,Engineer
251188,Florian,Liesche,1/18/64,11/3/90,1/1/99,Senior Staff
251189,Sampalli,Gomatam,3/7/63,9/26/97,1/1/99,Staff
251195,Jianhao,Mitzlaff,6/10/63,2/25/90,1/1/99,Senior Engineer
251196,Genevieve,Barbanera,12/18/63,11/23/93,1/1/99,Senior Engineer
251204,Henk,Kalorkoti,2/28/63,12/17/98,1/1/99,Staff
251205,Irena,Katalagarianos,5/17/64,3/15/88,1/1/99,Engineer
251208,Pramod,Brandsma,3/13/63,9/12/90,1/1/99,Senior Engineer
251214,Qunsheng,Pehl,8/15/64,10/14/92,1/1/99,Senior Staff
251225,Khedija,Gien,1/17/62,7/2/92,1/1/99,Assistant Engineer
251231,Lillian,Kobara,4/9/62,11/1/92,1/1/99,Senior Staff
251233,Yucel,Bernini,1/7/65,2/19/93,1/1/99,Engineer
251239,Huican,Itzigehl,8/26/63,9/21/90,1/1/99,Senior Engineer
251250,Kazuhide,Syrotiuk,4/8/63,4/27/89,1/1/99,Senior Staff
251254,Phule,Sidhu,3/23/62,7/3/93,1/1/99,Senior Staff
251256,Gill,Lorie,11/19/62,8/4/93,1/1/99,Engineer
251264,Hyuckchul,Erbe,12/17/63,6/6/97,1/1/99,Senior Staff
251278,Yakkov,Nooteboom,3/31/63,2/15/91,1/1/99,Senior Staff
251282,Kristin,Stemann,9/7/62,11/19/86,1/1/99,Staff
251284,Hyuckchul,Cairo,3/24/62,10/4/97,1/1/99,Engineer
251297,Duri,Baar,12/2/62,10/24/98,1/1/99,Senior Engineer
251301,Pintsang,Impagliazzo,1/30/65,5/6/89,1/1/99,Senior Staff
251303,Keiichiro,DeMori,10/13/62,7/2/86,1/1/99,Senior Engineer
251306,Paris,Demri,2/7/62,8/17/93,1/1/99,Engineer
251315,Shuho,Katiyar,7/17/62,1/30/91,1/1/99,Senior Engineer
251317,Salvador,Escriba,12/8/64,3/22/94,1/1/99,Senior Engineer
251333,Valeri,Suessmith,11/23/64,2/25/93,1/1/99,Senior Engineer
251337,Weicheng,Claffy,11/15/62,1/20/97,1/1/99,Assistant Engineer
251338,Minghong,Nitsche,3/12/63,1/16/86,1/1/99,Engineer
251341,Divier,Kumaresan,1/11/65,12/5/92,1/1/99,Senior Staff
251358,Jiafu,Gniady,12/28/64,11/4/90,1/1/99,Senior Staff
251362,Shirish,Alvarado,12/21/64,4/16/96,1/1/99,Staff
251369,Shaleah,Rosay,2/16/63,10/20/90,1/1/99,Staff
251379,Masaru,Terekhov,3/12/64,8/9/87,1/1/99,Engineer
251386,Shem,Molenkamp,4/6/62,10/19/96,1/1/99,Technique Leader
251393,Rosita,Berstel,10/15/62,4/16/96,1/1/99,Engineer
251398,Moni,Thiran,2/4/64,11/27/87,1/1/99,Staff
251403,Utpal,DuBourdieux,1/1/65,11/19/97,1/1/99,Technique Leader
251409,Doohun,Welham,5/23/62,10/26/97,1/1/99,Senior Engineer
251416,Berry,Kampfer,1/8/63,6/27/91,1/1/99,Assistant Engineer
251424,Dannz,Sidje,10/25/62,11/17/86,1/1/99,Senior Staff
251430,Dinah,Piancastelli,6/24/62,5/18/85,1/1/99,Senior Engineer
251433,Frazer,Ellozy,5/23/62,3/3/94,1/1/99,Engineer
251434,Maha,Heping,12/25/63,12/14/89,1/1/99,Senior Engineer
251437,Shichao,Iwayama,1/20/65,10/17/89,1/1/99,Assistant Engineer
251455,Lakshmi,Toyoshima,10/23/63,12/20/90,1/1/99,Senior Engineer
251466,Vitali,Yurek,2/6/63,4/30/94,1/1/99,Senior Staff
251471,Martijn,Moffat,1/29/62,4/2/87,1/1/99,Senior Staff
251476,Mabhin,Tischendorf,4/17/62,10/24/87,1/1/99,Senior Engineer
251485,Kwangho,Kroon,2/12/62,4/10/85,1/1/99,Senior Engineer
251487,Genki,Reghbati,2/18/63,7/31/92,1/1/99,Senior Engineer
251492,Masaru,Miculan,8/24/64,12/22/96,1/1/99,Staff
251499,Basem,Chimia,6/21/62,10/12/95,1/1/99,Staff
251502,Barun,Rathonyi,4/24/63,11/7/94,1/1/99,Staff
251503,Shimshon,Stifter,3/1/64,4/21/85,1/1/99,Senior Engineer
251505,Ramachenga,Pargas,7/2/62,10/10/95,1/1/99,Staff
251507,Pranav,Skrikant,10/3/62,1/31/89,1/1/99,Engineer
251513,George,Gornas,4/3/63,6/23/99,1/1/99,Staff
251515,Nigel,Barinka,11/27/64,2/4/93,1/1/99,Engineer
251521,Chikako,Usdin,4/11/64,1/2/91,1/1/99,Senior Engineer
251522,Unal,Szilard,9/30/63,6/21/87,1/1/99,Senior Staff
251529,Troy,Rohrbach,11/15/64,9/14/90,1/1/99,Senior Engineer
251530,Xuejia,Jording,6/11/64,1/14/90,1/1/99,Staff
251531,Yoshinari,Erev,1/4/63,12/20/85,1/1/99,Senior Staff
251532,Xinyu,Farrel,8/5/62,10/21/93,1/1/99,Staff
251542,Ashish,Pagter,10/28/64,5/29/95,1/1/99,Engineer
251546,Sampalli,Shigei,4/28/63,12/26/95,1/1/99,Engineer
251548,Dipayan,Antonisse,8/8/62,7/5/02,1/1/99,Engineer
251555,Valeri,Brender,5/17/64,2/15/98,1/1/99,Staff
251573,Arve,Rothe,7/17/64,9/30/95,1/1/99,Senior Engineer
251577,Zhiwei,Kemmerer,1/16/62,12/25/96,1/1/99,Staff
251599,Qiwen,Riesenhuber,8/14/62,5/15/86,1/1/99,Senior Staff
251610,Aron,Mukaidono,11/8/63,12/20/86,1/1/99,Engineer
251614,Magy,Olano,9/6/63,6/19/96,1/1/99,Senior Staff
251619,Charlene,Chinin,12/10/64,6/18/86,1/1/99,Senior Staff
251623,Brewster,Delgrossi,9/12/63,4/22/02,1/1/99,Senior Engineer
251626,Mircea,Thebaut,11/16/63,3/5/85,1/1/99,Staff
251633,Adas,Kugler,11/13/63,8/13/93,1/1/99,Staff
251635,Bokyung,Sessa,3/10/62,4/2/97,1/1/99,Engineer
251639,Adamantios,Delgrange,9/11/64,5/18/99,1/1/99,Engineer
251645,Bezalel,Tsunoo,1/6/65,6/17/92,1/1/99,Senior Staff
251656,Supot,Luga,8/7/62,1/1/94,1/1/99,Senior Engineer
251657,Toney,Zlotek,12/28/63,6/29/88,1/1/99,Engineer
251666,Rasikan,Mapelli,2/4/63,1/22/87,1/1/99,Engineer
251680,Moty,Sommen,1/5/65,8/14/90,1/1/99,Senior Engineer
251689,Prodip,Snyers,9/3/63,3/6/88,1/1/99,Staff
251694,Freyja,Schneeberger,4/3/62,7/17/89,1/1/99,Senior Engineer
251704,Idoia,Cochrane,1/25/64,4/18/95,1/1/99,Staff
251713,Pranay,Vernadat,6/21/64,11/15/94,1/1/99,Engineer
251714,Yagil,Imataki,9/25/63,8/9/97,1/1/99,Staff
251726,Magdalena,Thisen,11/9/63,5/29/01,1/1/99,Staff
251728,Kasturi,Sabnani,10/28/63,6/28/93,1/1/99,Senior Staff
251729,Berni,Braunschweig,11/23/63,1/20/00,1/1/99,Engineer
251733,Jaroslava,Gils,2/16/64,3/11/90,1/1/99,Engineer
251735,Ghassan,Brickell,11/1/64,3/20/89,1/1/99,Senior Engineer
251741,Almudena,Bahr,2/10/62,5/28/89,1/1/99,Senior Staff
251745,Yolla,Rosch,9/10/64,12/14/01,1/1/99,Senior Staff
251747,Anestis,Fadgyas,2/3/62,10/20/85,1/1/99,Senior Staff
251751,Cheong,Zaccaria,6/9/63,3/31/91,1/1/99,Senior Engineer
251756,Hugo,Fortenbacher,10/5/64,8/18/88,1/1/99,Engineer
251772,Dayanand,Engberts,10/28/64,9/17/98,1/1/99,Senior Engineer
251773,Mokhtar,Morrey,10/16/62,3/25/85,1/1/99,Senior Staff
251776,Huei,Kirkerud,1/27/62,1/25/97,1/1/99,Senior Engineer
251779,Tadahiko,Peyn,4/13/62,2/5/95,1/1/99,Staff
251782,Somnath,Aamodt,8/5/63,8/9/88,1/1/99,Senior Staff
251790,Dipayan,Winter,1/28/64,5/29/89,1/1/99,Engineer
251793,Mingsen,Talmor,11/4/64,6/17/96,1/1/99,Engineer
251794,Nobuyoshi,Pouyioutas,5/12/64,6/27/99,1/1/99,Staff
251796,Toshimitsu,Luon,8/19/62,10/15/94,1/1/99,Senior Engineer
251802,Bodo,Hitomi,5/8/63,9/15/93,1/1/99,Senior Engineer
251803,Rafael,Geffroy,10/5/62,7/19/98,1/1/99,Staff
251814,Mitsuyuki,Zockler,1/1/65,9/14/98,1/1/99,Technique Leader
251818,Jinxi,Masaki,4/9/62,11/2/93,1/1/99,Engineer
251824,Gro,Yemenis,12/23/62,3/11/98,1/1/99,Engineer
251836,Along,Krone,10/11/63,10/1/92,1/1/99,Senior Engineer
251840,Sasan,Coors,2/2/62,5/12/92,1/1/99,Staff
251845,Hyuncheol,Muhling,5/17/62,9/5/98,1/1/99,Engineer
251850,Xiaocheng,Nastansky,4/21/64,5/10/97,1/1/99,Staff
251854,Khatoun,Vernadat,1/3/64,8/8/87,1/1/99,Senior Engineer
251857,Shigenori,Esposito,4/12/63,12/4/89,1/1/99,Senior Engineer
251868,Khalid,Christianini,1/4/64,9/16/91,1/1/99,Technique Leader
251876,Shao,Tsukune,1/31/63,11/28/88,1/1/99,Engineer
251881,Irene,Sinicrope,8/13/63,4/26/86,1/1/99,Senior Staff
251884,Toshimi,Otillio,1/6/63,3/25/88,1/1/99,Senior Engineer
251888,Berni,Masand,2/26/62,4/22/98,1/1/99,Senior Engineer
251899,Prodip,Luby,5/11/63,5/30/91,1/1/99,Staff
251906,Jiong,Turnbull,10/11/64,5/17/99,1/1/99,Staff
251911,Susanta,Gerlach,1/1/62,11/23/92,1/1/99,Staff
251912,Guozhong,Mahmud,1/27/64,8/9/91,1/1/99,Senior Engineer
251918,Xuejun,Majewski,7/9/64,10/20/99,1/1/99,Senior Staff
251920,Martial,Binkley,8/16/63,11/28/88,1/1/99,Senior Staff
251922,Kyoichi,Hiraishi,7/10/62,12/13/91,1/1/99,Senior Staff
251923,Arno,Mungall,7/11/63,5/22/92,1/1/99,Senior Staff
251932,Dmitry,Krone,8/14/62,2/19/97,1/1/99,Staff
251939,Masanao,Beutelspacher,8/26/62,5/11/01,1/1/99,Senior Staff
251942,Tetsushi,Bale,4/4/62,12/14/91,1/1/99,Technique Leader
251945,Fumiyo,Pocchiola,7/12/62,9/19/85,1/1/99,Senior Engineer
251949,Arunas,Maginnis,1/28/64,11/21/98,1/1/99,Senior Engineer
251950,Dinah,Schrooten,8/18/64,3/14/95,1/1/99,Staff
251954,Masato,Yurek,3/10/62,3/20/91,1/1/99,Senior Staff
251958,Odoardo,Servi,10/10/64,8/11/90,1/1/99,Senior Staff
251960,Kwun,Riexinger,7/18/64,5/9/93,1/1/99,Staff
251964,Xiaoheng,Baaz,7/6/64,9/26/86,1/1/99,Staff
251965,Zine,Eterovic,6/21/64,6/22/95,1/1/99,Staff
251968,Pradeep,Vilarrasa,4/28/62,4/13/93,1/1/99,Senior Engineer
251970,Guoxiang,Setia,12/9/62,3/9/97,1/1/99,Senior Engineer
251983,Yakkov,Erva,3/29/63,2/7/99,1/1/99,Staff
251988,Adil,Morton,10/14/62,12/14/95,1/1/99,Staff
251994,Zhonghui,Capobianchi,5/18/64,2/20/96,1/1/99,Staff
251996,Dipankar,Flowers,7/22/64,5/13/93,1/1/99,Technique Leader
251997,Youssef,Fargier,9/23/63,12/28/85,1/1/99,Engineer
252001,Premsyl,Bahr,7/31/64,4/2/89,1/1/99,Senior Engineer
252002,Zengping,Fontet,6/23/62,6/6/93,1/1/99,Senior Staff
252011,Adib,Birta,10/29/63,1/18/97,1/1/99,Engineer
252019,Carrsten,Jullig,6/28/63,9/11/85,1/1/99,Staff
252025,Kazunori,Pietracaprina,7/23/64,11/8/94,1/1/99,Senior Engineer
252028,Dines,Pintelas,1/6/64,4/7/86,1/1/99,Senior Engineer
252030,Parke,Rotem,2/19/62,11/14/87,1/1/99,Senior Engineer
252054,Zdislav,Kadhim,5/7/63,2/14/02,1/1/99,Engineer
252057,Shigenori,Danley,11/13/62,4/28/87,1/1/99,Engineer
252063,Lorien,Vieri,7/21/64,5/2/87,1/1/99,Senior Engineer
252069,Kazuhisa,Peac,1/16/62,1/19/91,1/1/99,Staff
252071,Baocai,Ushiama,4/30/64,8/9/94,1/1/99,Staff
252077,Mohammed,Erez,1/21/63,1/13/92,1/1/99,Senior Engineer
252078,Barun,Speel,12/19/63,12/22/90,1/1/99,Senior Staff
252079,Karoline,Koshino,12/9/64,7/13/96,1/1/99,Engineer
252095,Otilia,Impagliazzo,8/28/63,7/13/88,1/1/99,Senior Staff
252101,Slavian,Welham,5/28/62,5/14/90,1/1/99,Assistant Engineer
252102,Eben,Merel,7/3/64,9/5/98,1/1/99,Engineer
252105,Ramachenga,Beeson,6/4/63,5/27/91,1/1/99,Senior Staff
252109,Nagui,Mapelli,3/17/63,6/8/87,1/1/99,Engineer
252115,Mohammed,Ullian,6/27/62,8/27/95,1/1/99,Staff
252128,Hairong,Hashii,8/26/64,6/12/96,1/1/99,Staff
252142,Jianhua,Benantar,11/20/62,2/7/98,1/1/99,Senior Engineer
252143,Shigehiro,Molenkamp,7/29/62,10/8/94,1/1/99,Engineer
252145,Khoa,Isaac,4/26/64,3/21/94,1/1/99,Senior Staff
252157,Girolamo,Streit,6/16/63,2/7/86,1/1/99,Senior Engineer
252158,Yuguang,Scharstein,1/14/63,11/20/87,1/1/99,Staff
252160,Golgen,Swiss,7/3/64,8/24/93,1/1/99,Senior Engineer
252167,Gian,Begiun,9/27/64,6/28/90,1/1/99,Staff
252175,Zhonghua,Zielinski,8/4/62,7/11/98,1/1/99,Senior Staff
252179,Basant,DasSarma,8/21/62,10/2/89,1/1/99,Senior Staff
252184,Premal,Malinowski,3/21/63,3/17/92,1/1/99,Staff
252185,Chaosheng,Conta,1/1/65,4/14/97,1/1/99,Assistant Engineer
252192,Juichirou,Bahk,11/3/64,4/13/98,1/1/99,Senior Engineer
252193,Christoper,Hoppenstand,5/22/64,5/4/87,1/1/99,Staff
252196,Kazunori,Knightly,2/18/62,1/9/91,1/1/99,Senior Staff
252201,Shan,Itzfeldt,11/15/62,6/4/87,1/1/99,Staff
252210,Leucio,Spieker,10/7/63,10/4/89,1/1/99,Engineer
252211,Foong,Baaz,3/1/63,8/7/88,1/1/99,Senior Staff
252213,Ortrud,Azadmanesh,3/2/63,1/25/97,1/1/99,Staff
252219,Wanqing,Camarinopoulos,7/9/64,10/28/99,1/1/99,Staff
252225,Malu,Callaway,2/12/63,1/29/87,1/1/99,Staff
252232,Sukumar,Vigier,5/31/62,10/4/98,1/1/99,Senior Engineer
252233,Bokyung,Lung,6/14/63,11/4/95,1/1/99,Assistant Engineer
252238,Huican,Nyrup,10/20/64,2/26/87,1/1/99,Staff
252239,Yuqun,Malinowski,11/30/62,1/28/87,1/1/99,Engineer
252244,Brigham,Tagansky,9/9/64,7/21/85,1/1/99,Engineer
252247,Oddvar,Snedden,10/27/62,10/4/98,1/1/99,Staff
252259,Mechthild,Ermel,11/19/62,4/29/94,1/1/99,Staff
252262,Masamitsu,Zweizig,12/12/64,7/12/96,1/1/99,Technique Leader
252264,Masami,Bondorf,4/18/63,12/18/85,1/1/99,Staff
252268,Phuoc,Veldwijk,2/17/64,6/19/02,1/1/99,Engineer
252275,Ranan,Krzyzanowski,10/11/62,4/3/93,1/1/99,Senior Staff
252276,Arun,Impagliazzo,5/14/64,7/25/86,1/1/99,Engineer
252280,Fox,Heuser,10/22/62,5/23/85,1/1/99,Staff
252282,Gao,Peris,10/24/64,12/21/96,1/1/99,Senior Engineer
252289,Mats,Kleiser,8/27/62,8/18/91,1/1/99,Senior Staff
252292,Arto,Hebert,5/13/63,6/26/90,1/1/99,Senior Staff
252297,Wonhee,Lunt,5/17/64,9/8/98,1/1/99,Engineer
252298,Gaurav,Kobuchi,7/23/63,7/21/99,1/1/99,Senior Engineer
252304,Keiichiro,Nitsche,12/30/63,3/5/98,1/1/99,Engineer
252316,Gill,Niizuma,1/7/65,10/8/94,1/1/99,Senior Engineer
252319,Kwee,Openshaw,10/2/63,5/4/99,1/1/99,Staff
252333,Domenico,Bultermann,7/7/62,10/17/91,1/1/99,Senior Engineer
252336,Tzvetan,Murtagh,11/7/64,11/8/87,1/1/99,Staff
252337,Vitaly,Kornyak,7/9/63,1/4/98,1/1/99,Technique Leader
252349,Shaibal,Billingsley,5/4/64,9/5/95,1/1/99,Technique Leader
252352,Barna,Gini,2/3/64,5/5/93,1/1/99,Senior Engineer
252353,Yuuichi,Pena,1/1/62,7/15/96,1/1/99,Senior Engineer
252361,Hilari,Magalhaes,8/20/63,7/24/97,1/1/99,Engineer
252365,Saniya,Koyama,10/26/62,7/27/88,1/1/99,Senior Engineer
252367,Alagu,Roison,9/29/62,5/6/88,1/1/99,Staff
252379,Kwee,Nyanchama,11/11/62,3/9/97,1/1/99,Senior Engineer
252380,Edwin,Lorho,10/25/62,2/25/01,1/1/99,Technique Leader
252381,Xinan,Takkinen,3/14/62,11/5/92,1/1/99,Engineer
252383,Roselyn,Socorro,4/28/64,5/28/87,1/1/99,Senior Engineer
252390,Abdulah,Kopetz,6/13/62,6/3/85,1/1/99,Senior Engineer
252392,Sanjeeva,Peron,1/1/65,12/26/93,1/1/99,Engineer
252398,Trygve,Weiland,11/13/62,2/27/86,1/1/99,Senior Staff
252404,Kersti,Sinitsyn,11/29/63,10/6/94,1/1/99,Technique Leader
252413,Piyush,Kavraki,7/6/64,9/10/85,1/1/99,Senior Staff
252421,Dipayan,Arlazarov,7/30/64,12/1/93,1/1/99,Senior Staff
252423,Gino,Ullian,12/28/62,8/15/90,1/1/99,Senior Staff
252429,Serap,Bonifati,12/28/64,12/22/98,1/1/99,Engineer
252436,Pranas,Oppitz,2/25/64,10/26/94,1/1/99,Senior Staff
252441,Sukumar,Syrotiuk,7/1/62,12/22/94,1/1/99,Senior Staff
252444,Shahid,Akazan,4/29/63,11/8/88,1/1/99,Staff
252445,Wayne,Morrey,7/14/64,6/13/92,1/1/99,Senior Engineer
252448,Rayond,Homond,3/13/62,12/27/87,1/1/99,Engineer
252449,Gopalakrishnan,Vakili,8/6/63,8/6/96,1/1/99,Staff
252456,Maja,Zyda,10/5/63,9/19/95,1/1/99,Senior Engineer
252458,Uno,Luit,3/23/62,6/1/85,1/1/99,Senior Engineer
252462,Flemming,Goodrum,6/23/62,3/25/93,1/1/99,Staff
252468,Xuedong,Kinley,3/12/64,6/14/87,1/1/99,Technique Leader
252472,Wuxu,Alblas,1/25/62,10/6/91,1/1/99,Staff
252475,Shigehiro,Heiserman,8/22/64,8/25/89,1/1/99,Senior Staff
252480,Youjian,Bottner,8/15/62,4/17/85,1/1/99,Senior Staff
252485,Ute,Spinelli,8/26/63,7/24/86,1/1/99,Engineer
252493,Patricio,Ranum,1/13/62,4/29/95,1/1/99,Senior Staff
252503,Miquel,Vesna,10/1/64,3/2/01,1/1/99,Engineer
252505,Jaewon,Jahnichen,8/30/62,11/7/87,1/1/99,Senior Engineer
252525,Rosalyn,Karcich,2/24/63,7/2/85,1/1/99,Senior Engineer
252527,Shahab,Woycyznski,8/16/64,9/10/85,1/1/99,Engineer
252533,Zejun,Swiler,12/10/62,1/18/90,1/1/99,Senior Staff
252535,Bartek,Cummings,2/9/62,12/31/85,1/1/99,Engineer
252536,Hyuckchul,Back,6/17/63,4/17/95,1/1/99,Engineer
252537,Shuzo,Baba,8/5/64,4/11/91,1/1/99,Engineer
252538,Venkatesan,Stroustrup,10/2/64,8/15/93,1/1/99,Senior Engineer
252544,Kazuhito,Herber,2/10/63,6/8/97,1/1/99,Engineer
252568,Alselm,Alblas,9/11/63,10/28/98,1/1/99,Staff
252585,Horward,Lindenbaum,4/28/62,6/27/93,1/1/99,Staff
252590,Francoise,Merli,6/27/62,12/12/95,1/1/99,Engineer
252594,Cedric,Sethi,9/21/62,9/26/85,1/1/99,Staff
252595,Adin,Assaf,3/27/64,8/15/95,1/1/99,Engineer
252606,Bangqing,Litzkow,8/24/63,9/3/88,1/1/99,Assistant Engineer
252608,Sachar,Krider,3/10/62,1/11/99,1/1/99,Senior Engineer
252609,Masaru,Garnier,8/31/63,8/27/88,1/1/99,Senior Engineer
252613,Arra,Vilarrasa,10/17/62,10/31/96,1/1/99,Staff
252614,Martien,Bodoff,5/16/62,8/17/95,1/1/99,Staff
252616,Radhia,Brookman,7/10/63,9/7/85,1/1/99,Senior Staff
252623,Kiyotoshi,Collette,12/26/64,8/20/99,1/1/99,Senior Staff
252642,Boriana,Angel,6/20/64,6/24/90,1/1/99,Assistant Engineer
252644,Unal,Perin,11/30/64,3/31/92,1/1/99,Assistant Engineer
252648,Mack,Lindqvist,11/3/63,12/5/92,1/1/99,Staff
252654,Evgueni,Schauser,4/23/63,3/19/98,1/1/99,Engineer
252655,Marl,Ventosa,3/24/62,2/9/92,1/1/99,Technique Leader
252657,Shuzo,Hopewell,1/7/64,7/2/99,1/1/99,Staff
252660,Kiyomitsu,Hertweck,11/5/64,5/1/94,1/1/99,Staff
252662,Kerhong,Lieberherr,11/2/64,12/12/94,1/1/99,Senior Engineer
252673,Jaihie,Quadeer,5/8/64,7/29/92,1/1/99,Senior Engineer
252681,Claudi,Erol,4/6/63,3/2/94,1/1/99,Engineer
252698,Bedir,Chappelet,6/16/62,3/1/91,1/1/99,Engineer
252711,Mark,Liedekerke,2/14/63,6/2/97,1/1/99,Senior Engineer
252713,Mohua,Lamba,8/8/63,6/11/86,1/1/99,Senior Staff
252715,Leucio,Bardell,9/24/63,4/24/92,1/1/99,Senior Staff
252721,Sanjay,Pena,12/14/62,9/6/88,1/1/99,Senior Engineer
252725,Ewing,Iisaku,7/4/64,11/4/86,1/1/99,Staff
252730,Vidar,Thimonier,7/19/62,10/23/93,1/1/99,Engineer
252731,Shaowen,Templeman,3/28/62,11/22/01,1/1/99,Senior Staff
252738,Arun,Panangaden,7/17/64,3/27/85,1/1/99,Technique Leader
252744,Adil,Reinhard,10/28/62,1/30/88,1/1/99,Engineer
252750,Miyeon,Remmers,9/22/63,9/8/96,1/1/99,Engineer
252759,Teunis,Engberts,4/7/62,4/7/87,1/1/99,Senior Staff
252761,Luise,McAffer,12/22/62,2/26/86,1/1/99,Engineer
252766,Szabolcs,Gecsei,1/21/62,11/2/93,1/1/99,Senior Engineer
252775,Achilleas,Ulupinar,7/3/63,6/24/86,1/1/99,Senior Staff
252797,Shounak,Simmen,12/22/62,10/2/89,1/1/99,Engineer
252801,Danae,Litzler,8/4/64,3/6/93,1/1/99,Senior Engineer
252803,Stevo,Fontet,5/24/63,4/18/90,1/1/99,Senior Engineer
252806,Kensyu,Lambe,11/30/64,3/26/89,1/1/99,Senior Staff
252810,Arnd,Farris,12/29/64,3/28/02,1/1/99,Engineer
252816,Nevio,Farris,8/1/64,12/13/89,1/1/99,Technique Leader
252821,Baoqiu,Zobel,11/15/64,3/18/88,1/1/99,Senior Engineer
252827,Kensyu,Stenning,10/27/64,5/14/86,1/1/99,Senior Staff
252832,Katsuyuki,Gilg,5/19/64,3/17/94,1/1/99,Staff
252835,Youngkon,Schahn,5/13/63,5/18/99,1/1/99,Staff
252841,Akhilish,Mukaidono,6/16/64,10/24/98,1/1/99,Technique Leader
252846,Bojan,Giarratana,6/11/64,6/2/85,1/1/99,Senior Staff
252853,Shahab,Vidal,11/27/63,11/1/98,1/1/99,Engineer
252854,Girolamo,Heering,1/30/64,9/5/94,1/1/99,Senior Engineer
252860,Valery,Perry,12/27/62,11/23/86,1/1/99,Senior Engineer
252861,Tsutomu,Spinelli,12/21/64,2/8/98,1/1/99,Staff
252864,Boriana,Pluym,1/5/63,7/15/92,1/1/99,Engineer
252869,Yifei,Begiun,6/24/64,3/4/97,1/1/99,Technique Leader
252873,Feiyu,Glinert,11/16/62,12/5/86,1/1/99,Senior Staff
252879,Billur,Oberman,12/28/62,12/1/96,1/1/99,Staff
252880,Chenxi,Haddadi,12/5/62,1/22/91,1/1/99,Senior Engineer
252892,Golgen,Makrucki,9/16/63,10/1/86,1/1/99,Senior Engineer
252894,Shimshon,Greibach,5/6/64,11/28/01,1/1/99,Engineer
252896,Brewster,Hellwagner,3/28/63,3/10/98,1/1/99,Engineer
252900,Christoper,Berendt,3/20/63,1/16/90,1/1/99,Engineer
252902,Jordanka,Serna,9/5/64,7/14/86,1/1/99,Senior Engineer
252907,Bodh,Lorho,4/7/64,1/2/90,1/1/99,Staff
252916,Zhensheng,Rosis,3/29/62,11/4/87,1/1/99,Staff
252925,Isaac,Fandrianto,3/20/62,9/28/87,1/1/99,Technique Leader
252933,Lalit,Boissier,12/10/64,12/5/92,1/1/99,Senior Staff
252945,Arif,Janocha,1/11/63,3/7/92,1/1/99,Staff
252950,Danai,Sewelson,4/4/62,11/16/97,1/1/99,Engineer
252955,Steen,Harbusch,5/11/63,7/23/96,1/1/99,Engineer
252958,Neelam,Wilharm,10/18/62,4/26/87,1/1/99,Senior Staff
252968,Radhakrishnan,Rosti,1/7/64,10/28/89,1/1/99,Senior Staff
252973,Ung,Poehlman,3/22/62,3/13/94,1/1/99,Staff
252979,Ayakannu,Terekhov,5/19/63,1/21/95,1/1/99,Staff
252980,Leah,Bahr,12/4/63,11/23/89,1/1/99,Senior Staff
252981,Rajmohan,Servieres,7/4/63,3/4/85,1/1/99,Senior Engineer
252990,Kerryn,Brodal,9/15/63,8/14/88,1/1/99,Senior Engineer
253000,Jaihie,Yurov,4/6/64,5/16/97,1/1/99,Engineer
253005,Hsiangchu,Apsitis,3/1/62,1/17/86,1/1/99,Technique Leader
253006,Tsutomu,Ranon,7/21/62,2/23/98,1/1/99,Senior Engineer
253007,Ronnie,Serdy,3/27/63,5/9/96,1/1/99,Senior Staff
253012,Jessie,Penz,12/13/64,11/9/94,1/1/99,Senior Engineer
253018,Ramzi,Halevi,8/27/63,6/21/97,1/1/99,Engineer
253020,Fabrizio,Garigliano,10/16/62,8/27/99,1/1/99,Engineer
253021,Vitali,Bazzichi,9/26/62,1/7/88,1/1/99,Senior Engineer
253022,Elvia,Boreale,6/13/63,4/5/85,1/1/99,Staff
253026,Mong,Cooley,5/2/62,8/4/98,1/1/99,Senior Staff
253029,Thodoros,Thimonier,1/13/65,4/5/95,1/1/99,Engineer
253033,Chinya,Ernst,8/15/63,10/5/88,1/1/99,Staff
253034,Jaroslava,Wuwongse,9/30/62,9/29/97,1/1/99,Engineer
253040,Shin,Leonhardt,2/10/64,12/11/97,1/1/99,Engineer
253041,Saniya,Erez,5/30/62,8/31/89,1/1/99,Senior Staff
253046,Volkmar,Rosiles,8/5/62,2/15/85,1/1/99,Staff
253050,Yannis,Conti,7/9/64,4/9/92,1/1/99,Staff
253061,Masako,Camurati,2/24/62,8/24/87,1/1/99,Senior Engineer
253062,Szabolcs,Baca,9/22/62,8/14/96,1/1/99,Staff
253071,Foong,Perly,7/3/62,12/14/90,1/1/99,Senior Staff
253080,Nalini,Molenkamp,12/10/63,11/9/96,1/1/99,Senior Staff
253082,Yoshinari,Gente,9/16/62,3/5/99,1/1/99,Engineer
253085,Hein,Munoz,11/30/63,8/16/89,1/1/99,Senior Engineer
253107,Barun,Naudin,4/3/62,4/4/98,1/1/99,Engineer
253120,Zeljko,Thimonier,10/24/63,2/7/01,1/1/99,Staff
253133,Duro,Weiland,9/14/64,1/27/88,1/1/99,Senior Engineer
253134,Sanjeeva,Aloia,1/22/62,11/15/87,1/1/99,Engineer
253139,Lucian,Hennings,9/18/62,6/24/97,1/1/99,Engineer
253147,Valery,Basart,4/1/63,6/6/89,1/1/99,Technique Leader
253159,Khue,Janetzko,6/24/64,5/5/86,1/1/99,Senior Staff
253162,Rosalyn,Luby,1/30/63,1/29/86,1/1/99,Senior Engineer
253171,Utpal,Rosiles,1/4/62,9/12/86,1/1/99,Engineer
253172,Chikara,Seghrouchni,11/19/62,10/8/90,1/1/99,Technique Leader
253175,Volkmar,Crabtree,9/17/62,7/9/96,1/1/99,Staff
253177,Kazuhiko,Ramsey,4/13/64,5/13/87,1/1/99,Senior Engineer
253180,Quingbo,Lieblein,2/9/63,5/20/88,1/1/99,Senior Staff
253182,Guadalupe,Pardalos,3/8/64,12/11/94,1/1/99,Senior Staff
253199,Mats,Huttel,1/18/62,5/16/97,1/1/99,Staff
253202,Zhigen,Fendler,8/6/64,11/7/95,1/1/99,Senior Engineer
253205,Samphel,Hemaspaandra,5/21/64,9/15/86,1/1/99,Technique Leader
253207,Baruch,Welham,3/15/64,10/21/89,1/1/99,Senior Engineer
253208,Khue,Zallocco,6/8/62,7/19/98,1/1/99,Staff
253220,Dzung,Sifakis,12/7/62,5/18/97,1/1/99,Staff
253223,Rance,Marrakchi,9/25/63,9/4/97,1/1/99,Assistant Engineer
253227,Khalid,McDermid,1/22/62,9/7/98,1/1/99,Engineer
253229,Basim,Morrow,10/8/64,3/14/89,1/1/99,Staff
253231,Huiqun,Millington,12/6/63,6/7/94,1/1/99,Senior Engineer
253241,Terresa,Malinowski,5/30/63,7/10/00,1/1/99,Senior Engineer
253247,Lene,Kornyak,5/11/64,10/28/89,1/1/99,Senior Staff
253252,Fatemeh,Hemaspaandra,2/10/63,7/10/96,1/1/99,Senior Engineer
253257,Laurentiu,Rubsam,3/7/63,4/10/97,1/1/99,Engineer
253258,Sreekrishna,Zongker,11/5/63,4/2/93,1/1/99,Engineer
253263,DAIDA,Gajiwala,7/14/63,6/17/95,1/1/99,Senior Engineer
253270,Chinhyun,Coullard,4/2/63,9/11/93,1/1/99,Staff
253279,Insup,Gniady,1/6/63,9/17/94,1/1/99,Staff
253280,Kien,Gulak,2/9/64,9/24/98,1/1/99,Senior Staff
253283,Yannis,Birge,5/23/63,12/28/98,1/1/99,Engineer
253301,Valeri,Dredge,10/29/62,5/22/02,1/1/99,Staff
253302,Zeydy,Merey,12/23/63,4/5/91,1/1/99,Senior Staff
253303,Jongsuk,Vigier,7/23/63,12/3/96,1/1/99,Senior Staff
253305,Faiza,Rissanen,9/2/63,4/8/98,1/1/99,Engineer
253311,Somnath,Nishimukai,7/21/64,9/19/86,1/1/99,Senior Engineer
253314,Candido,Mikschl,8/20/62,2/8/85,1/1/99,Senior Engineer
253318,Zhonghua,Piazza,4/12/62,8/17/90,1/1/99,Senior Staff
253322,Hiroyasu,Teitelbaum,8/4/63,11/22/96,1/1/99,Senior Engineer
253335,Yongdong,Suomi,1/4/64,3/18/95,1/1/99,Engineer
253343,Behnaam,Bridgland,7/13/63,12/27/92,1/1/99,Senior Staff
253350,Yinghua,Lanphier,4/22/64,4/3/97,1/1/99,Technique Leader
253369,Gregory,Peir,1/27/64,12/28/98,1/1/99,Senior Engineer
253376,Yoshinari,Jansen,1/14/62,6/6/99,1/1/99,Engineer
253380,Adas,Marakhovsky,9/24/62,8/24/99,1/1/99,Senior Staff
253384,Khosrow,Boissier,12/1/64,5/16/87,1/1/99,Senior Staff
253387,Subhash,Eterovic,3/5/64,1/3/88,1/1/99,Senior Engineer
253389,Gal,Ghandeharizadeh,5/24/62,10/2/89,1/1/99,Senior Staff
253393,Pranas,Ghazalie,8/6/62,5/20/94,1/1/99,Engineer
253403,Kenroku,Dalphin,10/14/64,3/18/91,1/1/99,Senior Staff
253404,King,Gerteisen,10/5/64,3/19/88,1/1/99,Senior Staff
253408,Shigehito,Cichocki,6/14/64,4/30/97,1/1/99,Staff
253412,Mohammed,Gire,12/30/64,2/21/99,1/1/99,Engineer
253421,Sanjiv,Thebaut,3/5/64,5/29/94,1/1/99,Senior Staff
253422,Barton,Stanfel,5/13/62,3/6/97,1/1/99,Staff
253426,Zhensheng,Ruther,5/28/63,8/14/88,1/1/99,Senior Staff
253429,Takahira,Gimbel,2/20/64,12/6/87,1/1/99,Senior Staff
253430,Zejun,Passafiume,8/25/62,5/26/86,1/1/99,Senior Engineer
253432,Maya,Rothenberg,3/10/62,8/28/95,1/1/99,Staff
253435,Oscal,Papastamatiou,2/10/63,8/8/95,1/1/99,Senior Staff
253437,Valeri,Gunderson,7/8/63,6/1/02,1/1/99,Engineer
253438,Kotesh,Wixon,6/12/63,10/27/91,1/1/99,Staff
253442,Sivanarayana,Itschner,12/11/63,10/27/93,1/1/99,Technique Leader
253447,Tzvetan,Zaiane,3/12/64,1/31/98,1/1/99,Senior Engineer
253453,Shir,Massonet,12/2/62,6/13/86,1/1/99,Senior Staff
253454,Jouko,Peron,12/15/62,12/11/85,1/1/99,Senior Staff
253464,Danae,Mamelak,11/30/63,8/1/92,1/1/99,Senior Engineer
253466,Krassimir,Percebois,4/3/63,4/16/97,1/1/99,Technique Leader
253471,Mototsugu,Raczkowsky,2/28/63,4/13/85,1/1/99,Senior Engineer
253476,Zhaofang,Kornyak,10/21/62,6/6/90,1/1/99,Staff
253485,Elzbieta,Perez,10/1/62,7/29/99,1/1/99,Engineer
253512,Aruna,Schnelling,9/11/62,11/19/98,1/1/99,Engineer
253522,Shuky,Schieder,3/11/62,4/23/88,1/1/99,Engineer
253526,Nathalie,Speek,7/30/63,8/29/90,1/1/99,Senior Engineer
253527,Patricia,Remmele,7/11/64,4/25/86,1/1/99,Staff
253528,Venkatesan,Codenie,2/19/62,4/19/00,1/1/99,Staff
253529,Jeong,Luff,2/15/63,4/23/96,1/1/99,Engineer
253533,Utz,Capobianchi,10/10/63,4/25/92,1/1/99,Engineer
253537,Masanao,Danner,7/30/63,2/8/94,1/1/99,Assistant Engineer
253540,Munir,Grabner,12/21/63,9/1/93,1/1/99,Senior Staff
253541,Hidde,Levergood,2/25/62,3/29/89,1/1/99,Senior Engineer
253544,Hailing,Jenevein,10/17/64,5/6/85,1/1/99,Senior Staff
253551,Tomoyuki,Falster,1/3/63,4/24/96,1/1/99,Senior Engineer
253565,Owen,Cangellaris,11/2/62,7/18/96,1/1/99,Engineer
253567,Ranan,Cullers,11/2/64,2/19/90,1/1/99,Senior Engineer
253574,Sasan,Marciano,7/17/62,10/31/87,1/1/99,Engineer
253576,Mizuhito,Bardell,6/2/64,8/8/95,1/1/99,Staff
253577,Gila,Zockler,3/10/63,10/11/96,1/1/99,Senior Engineer
253583,Duri,Driscoll,10/2/64,7/26/02,1/1/99,Engineer
253586,Debatosh,Assaf,7/9/63,1/23/87,1/1/99,Engineer
253593,Navid,Range,10/20/64,4/8/96,1/1/99,Senior Staff
253596,Chirstian,Syrotiuk,3/31/63,8/28/96,1/1/99,Engineer
253599,Vesna,Zykh,5/6/62,4/29/97,1/1/99,Senior Engineer
253600,Nakhoon,Anido,5/21/64,7/24/93,1/1/99,Senior Staff
253605,Avishai,Baig,10/17/63,10/31/92,1/1/99,Senior Staff
253611,Subhankar,Emmart,5/9/62,6/6/87,1/1/99,Engineer
253618,Subhankar,Bennis,8/17/63,8/16/85,1/1/99,Senior Engineer
253633,Kiam,Erman,4/1/62,3/23/94,1/1/99,Technique Leader
253656,Leif,Francisci,2/24/62,2/16/90,1/1/99,Staff
253661,Eldridge,Gire,8/10/63,4/13/97,1/1/99,Engineer
253662,Gilbert,Diderrich,5/6/63,5/27/87,1/1/99,Staff
253668,Maik,Maquelin,4/28/62,7/12/91,1/1/99,Staff
253675,Stafford,Serre,6/12/63,8/22/95,1/1/99,Senior Staff
253678,Inderjeet,Lambe,11/20/63,9/7/92,1/1/99,Senior Staff
253685,Xiahua,Kroft,5/1/62,3/19/99,1/1/99,Senior Engineer
253703,Sadok,Lienhardt,4/21/63,8/4/99,1/1/99,Staff
253707,Insup,Hainaut,1/5/65,2/11/98,1/1/99,Staff
253711,Leen,Ranze,11/7/63,9/26/96,1/1/99,Assistant Engineer
253713,Sumant,Luff,12/28/63,10/7/01,1/1/99,Engineer
253716,Mostafa,Jiang,8/23/62,2/18/99,1/1/99,Engineer
253728,Alper,Markovitch,4/17/62,10/28/91,1/1/99,Staff
253731,Zdislav,Farrar,4/26/62,5/11/99,1/1/99,Staff
253743,Vishv,Yetto,8/1/62,9/25/96,1/1/99,Technique Leader
253752,Fumitaka,Murillo,10/14/64,11/14/86,1/1/99,Senior Staff
253759,Mohit,Koshino,1/3/63,11/19/99,1/1/99,Staff
253761,Zhonghua,Terekhov,11/21/64,1/24/98,1/1/99,Senior Engineer
253768,Ulises,Bashian,9/24/62,7/10/87,1/1/99,Engineer
253769,Augustine,Jansch,8/23/64,6/27/94,1/1/99,Senior Engineer
253773,Martien,Ranon,4/17/63,7/19/85,1/1/99,Senior Staff
253776,Niranjan,Schaft,3/9/62,7/18/94,1/1/99,Senior Staff
253780,Geoffry,Zallocco,4/28/63,10/8/99,1/1/99,Staff
253783,Khosrow,Baezner,9/22/63,2/6/95,1/1/99,Engineer
253790,Divier,Rodite,4/28/64,3/21/93,1/1/99,Senior Engineer
253792,Ymte,Marchegay,7/1/62,12/4/91,1/1/99,Engineer
253795,Seongbae,Jumpertz,5/18/64,9/6/98,1/1/99,Staff
253798,Taegyun,Kushner,5/12/64,12/25/98,1/1/99,Senior Staff
253800,Gilbert,Heemskerk,11/17/62,10/9/86,1/1/99,Engineer
253803,Munenori,Papastamatiou,1/22/62,8/3/98,1/1/99,Senior Staff
253806,Qingxiang,Underwood,12/13/64,4/8/97,1/1/99,Staff
253808,Irena,Gladwell,3/4/64,5/28/94,1/1/99,Staff
253814,Elrique,Knightly,5/27/63,10/15/89,1/1/99,Senior Staff
253822,Kagan,Rande,2/17/62,10/14/96,1/1/99,Staff
253833,Shuzo,Dalphin,7/11/63,1/16/98,1/1/99,Senior Staff
253834,Khue,Knightly,12/2/64,5/31/89,1/1/99,Staff
253838,Stafford,Terlouw,1/28/65,2/21/99,1/1/99,Assistant Engineer
253839,Dmitri,Rosti,3/10/63,11/7/97,1/1/99,Engineer
253850,Bartek,Levergood,9/9/64,4/4/97,1/1/99,Senior Staff
253859,Debatosh,Anguita,1/18/62,8/25/93,1/1/99,Senior Staff
253860,Rosli,Lampe,9/16/62,3/21/96,1/1/99,Senior Staff
253862,Stepehn,Ramsay,4/23/62,10/3/94,1/1/99,Senior Staff
253864,Achilleas,Greenaway,1/12/62,1/8/88,1/1/99,Engineer
253870,Bokyung,Uhrig,2/13/63,12/31/88,1/1/99,Engineer
253881,Yinghua,Luan,9/7/62,1/18/94,1/1/99,Engineer
253891,Padma,Woycyznski,6/20/63,1/30/99,1/1/99,Senior Staff
253893,Huiqun,Trystram,1/4/65,5/10/93,1/1/99,Senior Engineer
253895,Shigehiro,Penz,2/25/64,4/2/88,1/1/99,Staff
253897,Bedir,Muchinsky,1/31/64,1/20/93,1/1/99,Senior Engineer
253899,Yannik,Sankaranarayanan,6/12/63,3/31/97,1/1/99,Senior Engineer
253900,Mansur,Nanard,2/16/63,5/10/97,1/1/99,Senior Engineer
253904,Shiv,Gimbel,4/26/64,5/2/91,1/1/99,Senior Engineer
253906,Ger,Steinauer,1/15/62,3/1/90,1/1/99,Senior Staff
253907,Anneke,Kakkar,1/30/63,3/28/95,1/1/99,Staff
253912,Udo,Dratva,8/13/63,11/29/99,1/1/99,Staff
253924,Alain,Frolund,5/5/64,11/4/88,1/1/99,Senior Engineer
253931,Gina,Mattern,10/19/63,9/17/86,1/1/99,Staff
253935,Hilari,Murtagh,2/3/63,9/10/98,1/1/99,Technique Leader
253936,Leszek,Haraldson,7/31/63,3/18/86,1/1/99,Engineer
253941,Steen,Lorho,9/3/62,6/27/94,1/1/99,Senior Staff
253947,Douadi,Erni,12/17/63,6/20/89,1/1/99,Senior Engineer
253966,Jungsoon,Pehl,4/10/63,4/22/85,1/1/99,Assistant Engineer
253971,Bikash,Bhattacharjee,5/2/62,7/11/91,1/1/99,Engineer
253978,JoAnne,Stroustrup,12/22/64,4/28/01,1/1/99,Staff
253985,Steve,Delgrossi,8/26/62,7/4/94,1/1/99,Staff
253992,Shigehiro,Bugrara,6/17/63,11/12/97,1/1/99,Engineer
254002,Boaz,Swift,9/17/64,7/21/95,1/1/99,Engineer
254006,Irene,Yeung,11/6/62,8/27/85,1/1/99,Staff
254007,Mohammed,Sinitsyn,9/13/64,9/24/89,1/1/99,Senior Engineer
254022,Noritoshi,Trachtenberg,4/14/62,9/13/85,1/1/99,Staff
254026,Utpal,Swiler,1/27/64,3/24/85,1/1/99,Senior Engineer
254044,Gunilla,Brendel,1/16/65,4/10/92,1/1/99,Engineer
254059,Xiahua,Boreale,7/7/64,11/2/98,1/1/99,Senior Staff
254068,JoAnne,Baar,4/20/63,3/26/99,1/1/99,Technique Leader
254072,Steve,Czaja,4/23/62,3/30/92,1/1/99,Senior Engineer
254073,Ekawit,Kandlur,8/13/63,5/21/87,1/1/99,Staff
254076,Muzhong,Butner,5/3/62,9/19/91,1/1/99,Senior Staff
254080,Xuedong,Varley,6/13/62,3/23/85,1/1/99,Senior Staff
254082,Khoa,Papsdorf,4/18/62,10/5/90,1/1/99,Engineer
254085,DAIDA,Nergos,8/5/64,11/12/91,1/1/99,Senior Staff
254092,Feiyu,Oskamp,11/19/62,3/15/97,1/1/99,Assistant Engineer
254098,Toshimitsu,Hoppenstand,7/23/63,8/24/87,1/1/99,Staff
254105,Rasikan,Showalter,4/29/64,10/4/96,1/1/99,Senior Engineer
254106,Georgi,Krohm,11/15/63,11/20/92,1/1/99,Senior Staff
254110,Shen,Woycyznski,5/6/63,6/9/96,1/1/99,Staff
254115,Oldrich,Perna,7/26/64,3/10/97,1/1/99,Engineer
254116,Aiman,Egerstedt,2/23/63,3/31/87,1/1/99,Senior Engineer
254119,Eran,Michaels,9/3/63,9/29/87,1/1/99,Staff
254121,Moti,Erde,4/30/64,11/3/01,1/1/99,Staff
254126,Vitali,Walston,3/21/63,1/16/87,1/1/99,Senior Staff
254132,Djelloul,Badache,3/26/63,6/10/99,1/1/99,Staff
254134,Matt,Range,2/29/64,11/7/87,1/1/99,Senior Engineer
254142,Gennady,Kitsuregawa,5/26/64,7/15/99,1/1/99,Staff
254143,Shen,Garigliano,11/2/63,8/14/86,1/1/99,Senior Staff
254145,Geoffry,Fordan,2/13/63,7/14/99,1/1/99,Engineer
254148,Shounak,Backhouse,10/31/62,7/25/91,1/1/99,Senior Engineer
254149,Abdulla,Beidas,6/23/64,11/26/98,1/1/99,Senior Engineer
254150,Moto,Thombley,5/15/63,5/25/00,1/1/99,Senior Engineer
254152,Sailaja,Gurbaxani,11/28/64,12/18/87,1/1/99,Senior Engineer
254164,Demin,Hertweck,3/1/62,7/12/97,1/1/99,Engineer
254169,Muneo,Hutter,4/26/64,10/4/93,1/1/99,Senior Staff
254186,Subhankar,Syang,4/3/62,12/26/86,1/1/99,Staff
254199,Dung,Halevi,4/8/62,11/30/93,1/1/99,Engineer
254200,Yinghua,Comyn,9/24/64,12/29/97,1/1/99,Engineer
254201,Poorav,Aumann,11/29/64,11/2/92,1/1/99,Staff
254208,Radhia,Monarch,11/10/63,2/13/98,1/1/99,Engineer
254210,Radhika,Orlowska,6/14/62,7/6/86,1/1/99,Engineer
254215,Berthier,Rosiles,12/10/62,12/24/95,1/1/99,Senior Staff
254216,Hugh,Lorch,8/28/63,2/26/91,1/1/99,Engineer
254221,Bedrich,Panwar,9/30/64,2/19/92,1/1/99,Senior Engineer
254222,Selwyn,Brodal,11/20/64,10/18/98,1/1/99,Staff
254230,Susanna,Mawatari,11/22/62,11/21/92,1/1/99,Technique Leader
254231,Nahid,Miculan,12/14/64,3/28/99,1/1/99,Staff
254243,Sachar,Bratten,4/5/64,8/7/93,1/1/99,Senior Engineer
254244,Yolla,Tramer,5/29/63,9/13/88,1/1/99,Technique Leader
254253,Khatoun,Chartres,8/21/62,9/2/88,1/1/99,Staff
254254,Jolita,Lichtner,4/12/63,10/6/90,1/1/99,Senior Staff
254259,Angel,Birsak,1/15/63,6/26/89,1/1/99,Staff
254260,Kristof,Dehkordi,9/10/62,10/25/87,1/1/99,Engineer
254262,Shay,Boissier,11/30/64,5/17/02,1/1/99,Assistant Engineer
254264,Kannan,Baig,11/21/63,10/20/99,1/1/99,Staff
254268,Mototsugu,Scharstein,10/14/64,6/18/92,1/1/99,Senior Engineer
254269,Sastry,Isaac,8/6/64,4/24/91,1/1/99,Staff
254275,Flemming,Ermel,12/19/64,9/5/87,1/1/99,Staff
254283,Falguni,Coorg,1/19/62,7/9/98,1/1/99,Staff
254297,Shigeu,Sewelson,9/23/64,10/12/92,1/1/99,Technique Leader
254302,Gian,Goodrum,3/18/63,3/1/93,1/1/99,Senior Staff
254306,Remko,Loncour,11/22/64,9/2/94,1/1/99,Technique Leader
254308,Constantine,Shinomoto,5/12/64,1/11/93,1/1/99,Staff
254317,Toshiko,Gniady,11/14/64,1/3/87,1/1/99,Senior Engineer
254326,Mori,Thombley,4/5/63,1/28/95,1/1/99,Senior Engineer
254328,Georgy,Godskesen,10/30/62,5/1/85,1/1/99,Senior Staff
254333,Chanjung,Kavvadias,4/22/64,10/30/95,1/1/99,Senior Engineer
254334,Masaru,Landherr,9/2/62,9/21/91,1/1/99,Engineer
254337,Vitaly,Ossenbruggen,11/13/64,2/9/97,1/1/99,Senior Engineer
254344,Yaghout,Nyrup,9/28/64,9/25/92,1/1/99,Senior Staff
254345,Kokou,Linnainmaa,5/12/62,2/11/96,1/1/99,Senior Engineer
254348,Uriel,Capobianchi,12/29/63,12/4/87,1/1/99,Staff
254353,Taizo,Emiris,11/19/64,11/11/93,1/1/99,Engineer
254355,Rildo,Kobuchi,10/17/62,10/10/93,1/1/99,Engineer
254360,Jaques,Flowers,4/2/63,9/4/97,1/1/99,Senior Engineer
254375,Apostol,Kamble,10/4/63,3/16/86,1/1/99,Engineer
254376,Uma,Peral,4/8/62,3/30/98,1/1/99,Engineer
254377,Mohamadou,Lanteri,11/16/63,1/4/88,1/1/99,Senior Engineer
254383,Hausi,Hutton,10/30/63,4/23/85,1/1/99,Senior Staff
254387,Peer,Camurati,11/29/62,6/28/86,1/1/99,Senior Engineer
254389,Palash,Piancastelli,3/9/64,9/27/98,1/1/99,Staff
254393,Akhilish,Cusworth,8/13/64,3/18/93,1/1/99,Engineer
254395,Odysseas,Munro,11/24/64,5/22/94,1/1/99,Engineer
254397,Arunas,Brookner,1/30/64,12/27/98,1/1/99,Engineer
254399,Armond,Lores,1/24/65,9/16/99,1/1/99,Technique Leader
254400,Munir,Ramsak,5/18/63,4/3/89,1/1/99,Senior Staff
254411,Jianhui,Garnier,11/9/62,9/30/98,1/1/99,Engineer
254413,Theron,Ramamoorthy,6/26/64,7/5/92,1/1/99,Senior Engineer
254428,Vishu,Alpin,12/7/62,9/2/94,1/1/99,Senior Engineer
254431,Dipayan,Clouatre,9/20/64,3/6/00,1/1/99,Engineer
254432,Changho,Isaak,2/27/62,6/5/94,1/1/99,Senior Staff
254437,Khoa,Panienski,12/29/63,3/11/95,1/1/99,Engineer
254440,Achilleas,Veevers,4/23/63,5/12/97,1/1/99,Senior Staff
254442,Kauko,Mitchem,10/19/63,6/21/99,1/1/99,Assistant Engineer
254445,Leaf,Impagliazzo,7/18/62,4/15/86,1/1/99,Senior Staff
254446,Bezalel,Stanfel,7/10/64,1/1/93,1/1/99,Senior Staff
254450,Jaideep,Harllee,10/2/62,10/12/94,1/1/99,Staff
254455,Taizo,Mikschl,1/7/64,5/19/91,1/1/99,Engineer
254462,Indrajit,Carrere,1/12/63,3/26/86,1/1/99,Senior Staff
254466,Honesty,Mukaidono,5/27/63,8/8/86,1/1/99,Staff
254469,Petter,Porenta,9/14/62,5/27/95,1/1/99,Senior Engineer
254476,Randi,Erie,10/11/63,4/27/89,1/1/99,Technique Leader
254489,Huan,Coney,2/25/64,11/26/95,1/1/99,Engineer
254498,Tzvetan,Vieri,1/20/62,12/21/97,1/1/99,Engineer
254501,Shay,Gulak,9/1/64,6/4/96,1/1/99,Staff
254504,Duke,Broomell,10/31/63,12/2/93,1/1/99,Staff
254509,Shietung,Beidas,2/5/62,4/26/89,1/1/99,Senior Engineer
254515,Bernardo,Gulik,6/10/64,12/14/94,1/1/99,Staff
254523,Vasilis,Flasterstein,4/7/62,1/19/87,1/1/99,Staff
254532,Serif,Hertweck,8/26/62,8/4/99,1/1/99,Staff
254535,Chiranjit,Dayang,4/26/63,9/7/94,1/1/99,Technique Leader
254536,Gladys,Matzen,8/18/62,2/16/97,1/1/99,Senior Engineer
254539,Sergi,Papadias,2/21/64,1/13/00,1/1/99,Engineer
254541,Soenke,Perfilyeva,10/26/62,12/15/96,1/1/99,Senior Engineer
254545,Eckart,Ghemri,7/11/63,6/4/85,1/1/99,Staff
254550,Susumu,Pokrovskii,10/15/63,7/24/89,1/1/99,Engineer
254555,Anneli,Servi,7/8/64,1/25/99,1/1/99,Staff
254557,Arumugam,Cronin,5/16/63,8/8/90,1/1/99,Senior Engineer
254564,Adin,Kandlur,4/3/63,5/4/91,1/1/99,Technique Leader
254567,Sashi,Bael,10/5/64,1/30/96,1/1/99,Engineer
254570,Goetz,Reinhard,6/5/64,12/15/90,1/1/99,Senior Engineer
254589,Serge,Bolsens,11/21/64,5/24/97,1/1/99,Engineer
254594,Jiakeng,Takanami,8/6/64,12/31/88,1/1/99,Staff
254596,Heeju,Denti,5/17/64,11/5/94,1/1/99,Staff
254601,Arlette,Khamsi,12/17/62,5/22/90,1/1/99,Staff
254602,Morris,Picco,8/7/62,2/12/92,1/1/99,Senior Engineer
254604,Shigehito,Takkinen,11/25/62,5/15/86,1/1/99,Senior Engineer
254605,Sampalli,Journel,1/7/62,8/30/98,1/1/99,Technique Leader
254610,Shunichi,Garrabrants,1/31/63,8/18/92,1/1/99,Senior Staff
254616,Kristin,Baek,12/20/64,7/10/02,1/1/99,Senior Staff
254617,Danel,Hmelo,3/6/64,2/13/87,1/1/99,Engineer
254620,Khun,Vuskovic,11/8/63,2/24/85,1/1/99,Technique Leader
254621,Elgin,Hiraishi,7/25/64,3/4/94,1/1/99,Senior Staff
254622,Sachem,Lienhardt,3/26/64,11/6/97,1/1/99,Engineer
254624,Mohit,Hiraishi,6/25/64,4/8/97,1/1/99,Staff
254626,Toshimori,Thummel,8/1/64,7/30/90,1/1/99,Senior Engineer
254629,Pragnesh,Chinal,7/24/64,1/27/00,1/1/99,Senior Engineer
254631,Gen,Lorch,2/22/63,9/15/85,1/1/99,Technique Leader
254636,Bikash,Reinhard,1/12/63,10/25/98,1/1/99,Assistant Engineer
254643,Paloma,Rosenbaum,11/28/63,7/3/97,1/1/99,Staff
254644,Maya,Flexer,1/21/62,12/1/92,1/1/99,Senior Engineer
254653,Anestis,Salvesen,11/9/64,1/28/00,1/1/99,Senior Staff
254654,Elliott,Ritcey,12/26/62,4/12/98,1/1/99,Technique Leader
254658,Bouchung,Beausoleil,7/23/62,11/13/94,1/1/99,Staff
254664,Zhongwei,Crouzet,2/22/63,3/2/90,1/1/99,Senior Engineer
254665,Shaibal,Businaro,7/8/64,8/11/95,1/1/99,Assistant Engineer
254672,Ugo,Quaggetto,10/4/63,5/3/96,1/1/99,Senior Staff
254675,Kankanahalli,Mandelberg,11/9/62,12/23/90,1/1/99,Senior Staff
254684,Koldo,Eppinger,2/3/62,12/5/95,1/1/99,Engineer
254693,Filipp,Zlotek,12/6/62,1/12/86,1/1/99,Staff
254700,Bikash,Waschkowski,5/20/62,7/26/94,1/1/99,Staff
254704,Rafail,Leaver,11/22/63,2/2/86,1/1/99,Technique Leader
254707,Barun,Manderick,9/10/62,6/9/94,1/1/99,Senior Staff
254710,Zhonghua,Valette,11/25/63,5/14/98,1/1/99,Engineer
254718,Bernd,Ladret,5/1/62,8/26/87,1/1/99,Senior Staff
254719,Xumin,Lambe,8/12/62,9/5/98,1/1/99,Engineer
254723,Mingzeng,Schaaf,2/18/63,12/5/93,1/1/99,Senior Staff
254734,Marie,Itzfeldt,4/9/63,10/23/92,1/1/99,Senior Staff
254739,Greger,Ritcey,10/15/64,6/13/94,1/1/99,Senior Engineer
254744,Lubomir,Zhiwei,5/19/62,11/5/86,1/1/99,Staff
254748,Etsuo,Szmurlo,3/11/62,9/8/98,1/1/99,Staff
254753,Iara,Grospietsch,12/28/64,3/31/89,1/1/99,Senior Staff
254754,Sanjay,Birke,8/30/62,12/4/85,1/1/99,Staff
254774,Jaideep,Lortz,1/19/64,10/10/97,1/1/99,Staff
254782,Gou,Peris,3/30/63,3/15/89,1/1/99,Senior Engineer
254786,Hauke,Heusch,1/28/62,12/11/88,1/1/99,Senior Engineer
254794,Woody,Ghalwash,12/25/64,1/11/86,1/1/99,Senior Engineer
254795,Apostol,Hebert,8/16/63,3/31/96,1/1/99,Staff
254805,Vishwani,Makrucki,2/25/64,9/13/97,1/1/99,Engineer
254810,Feipei,Rotem,12/25/63,1/11/88,1/1/99,Senior Staff
254811,Eishiro,Vecchi,2/1/64,7/20/95,1/1/99,Staff
254821,Tonny,Couchot,1/24/65,12/12/94,1/1/99,Staff
254830,Prodip,Juneja,3/30/62,3/15/99,1/1/99,Senior Staff
254832,Zongyan,Servieres,7/11/63,2/20/92,1/1/99,Technique Leader
254845,Chaitali,Rebaine,5/14/63,5/4/93,1/1/99,Senior Engineer
254852,Eric,Cesareni,3/16/62,7/20/89,1/1/99,Senior Engineer
254858,Dinkar,Lienhardt,5/14/62,8/1/89,1/1/99,Engineer
254859,Brigham,Porotnikoff,2/4/62,9/29/86,1/1/99,Technique Leader
254870,Shao,Templeman,5/31/63,2/6/98,1/1/99,Engineer
254875,Hiroyasu,Templeman,9/13/63,3/4/92,1/1/99,Engineer
254878,Kitty,Fetvedt,4/14/63,5/13/92,1/1/99,Senior Staff
254890,Somnath,Landherr,9/20/63,2/13/93,1/1/99,Assistant Engineer
254894,Evgueni,Rosaz,5/8/62,1/27/91,1/1/99,Staff
254896,Sasan,Schaad,10/7/64,1/6/86,1/1/99,Senior Engineer
254912,Chaoyi,Esposito,4/21/62,11/27/94,1/1/99,Senior Engineer
254914,Nahla,Massonet,12/6/62,2/2/89,1/1/99,Assistant Engineer
254919,Licheng,Undy,1/31/62,12/3/92,1/1/99,Senior Staff
254938,Angel,Leivant,4/19/64,9/22/92,1/1/99,Senior Staff
254942,Gadiel,Iisaku,12/4/64,7/11/90,1/1/99,Engineer
254945,Przemyslawa,Kornyak,4/19/64,4/13/99,1/1/99,Engineer
254948,Tsvetan,Halevi,7/4/64,4/19/92,1/1/99,Senior Engineer
254953,Reinhard,Kornatzky,2/2/63,10/29/93,1/1/99,Staff
254971,Mabhin,Comte,11/9/62,3/8/99,1/1/99,Engineer
254979,Marsal,Standera,9/4/64,1/29/93,1/1/99,Senior Engineer
254982,Yakkov,Jonsson,12/12/63,3/11/95,1/1/99,Staff
254983,Kersti,Serdy,8/17/62,1/8/99,1/1/99,Staff
254984,Constantine,Gluchowski,12/26/63,1/13/93,1/1/99,Engineer
254986,Oscar,Rikino,2/20/63,5/23/89,1/1/99,Senior Staff
254988,Mahendra,Champarnaud,2/22/64,2/2/86,1/1/99,Staff
254990,Pranjal,Marwedel,9/7/64,4/19/90,1/1/99,Staff
254991,Bingning,Stanger,8/24/62,6/23/87,1/1/99,Engineer
254998,Erzsebet,Yurov,7/3/62,7/22/86,1/1/99,Engineer
255000,Jamaludin,Chartres,4/29/62,6/4/88,1/1/99,Senior Staff
255009,Bernice,Shinomoto,1/17/64,6/15/94,1/1/99,Senior Staff
255015,Manibrata,Schreiter,12/18/62,10/29/98,1/1/99,Engineer
255019,Arvin,Penn,1/27/63,8/29/93,1/1/99,Engineer
255022,Divier,Barriga,11/8/62,10/22/85,1/1/99,Senior Staff
255023,Guenter,Radhakrishnan,4/19/62,5/11/91,1/1/99,Senior Engineer
255039,Chuanti,Leaver,2/23/64,8/8/88,1/1/99,Staff
255042,Torsten,Schaar,12/8/62,4/14/87,1/1/99,Engineer
255054,Paraskevi,Szemeredi,12/6/64,12/5/88,1/1/99,Staff
255060,Hatsukazu,Sethi,4/19/64,5/7/89,1/1/99,Senior Staff
255064,Fumino,Heydon,10/10/62,4/1/88,1/1/99,Engineer
255068,Kristina,Schonegge,6/11/62,4/7/98,1/1/99,Senior Staff
255077,Torsten,Ginesta,5/27/63,6/5/88,1/1/99,Senior Staff
255080,Mrinalini,Conte,6/9/64,3/28/89,1/1/99,Senior Staff
255085,Collette,Heuter,8/25/62,2/17/92,1/1/99,Senior Engineer
255099,Yakichi,Felder,7/20/63,6/2/90,1/1/99,Senior Staff
255103,Kish,Hockney,5/7/64,1/10/95,1/1/99,Technique Leader
255107,Tomokazu,Furudate,12/10/63,4/27/87,1/1/99,Senior Staff
255109,Troy,Uhrik,7/1/62,9/3/91,1/1/99,Senior Staff
255112,Lubomir,Restivo,4/3/64,2/14/86,1/1/99,Engineer
255118,Duro,Ventosa,9/15/64,10/15/98,1/1/99,Staff
255120,Yuguang,Braunschweig,9/6/64,8/23/99,1/1/99,Engineer
255121,Kensei,Rodier,9/29/64,9/28/87,1/1/99,Senior Engineer
255125,Zorica,Karunanithi,12/18/62,7/31/93,1/1/99,Engineer
255131,Panayotis,Aloia,5/15/64,12/18/93,1/1/99,Engineer
255137,Alagu,Rajala,6/4/63,5/17/87,1/1/99,Senior Engineer
255159,Elzbieta,Hiyoshi,3/25/62,12/8/86,1/1/99,Senior Engineer
255163,Barun,Tchuente,8/1/62,9/25/94,1/1/99,Senior Engineer
255181,Mori,Wursthorn,1/20/64,3/18/91,1/1/99,Staff
255183,Domenick,Szemeredi,5/18/63,1/9/96,1/1/99,Senior Staff
255184,Sanjoy,Delaune,8/27/64,11/10/91,1/1/99,Engineer
255186,Van,DiGiano,2/22/63,8/16/99,1/1/99,Senior Engineer
255191,Itzchak,Foong,2/13/63,7/23/93,1/1/99,Senior Staff
255192,Eirik,Toyoshima,10/18/62,9/15/87,1/1/99,Technique Leader
255193,Yahiko,Narwekar,1/21/63,4/20/92,1/1/99,Technique Leader
255194,Heejo,Diderrich,12/20/63,11/20/85,1/1/99,Senior Staff
255198,Jiann,Cmelik,6/8/62,3/27/93,1/1/99,Staff
255209,Hidekazu,Erbe,6/13/64,4/16/92,1/1/99,Senior Engineer
255214,Thanasis,Simkin,11/30/63,6/5/94,1/1/99,Engineer
255224,Feiyu,Melter,4/10/63,6/16/86,1/1/99,Senior Engineer
255229,Rasikan,Benaini,7/10/63,12/14/88,1/1/99,Senior Staff
255230,Elvis,Dymetman,8/21/62,9/5/95,1/1/99,Senior Staff
255235,Pranjal,Rebaine,1/24/64,12/13/92,1/1/99,Senior Staff
255240,Jiong,McClure,7/8/64,6/24/89,1/1/99,Senior Engineer
255243,Hatim,Madeira,12/1/62,1/2/93,1/1/99,Staff
255253,Arra,Hoppenstand,4/1/62,7/4/94,1/1/99,Senior Engineer
255255,Fumiko,Zwicker,5/21/63,11/10/92,1/1/99,Staff
255259,Tetsurou,Stanger,4/15/63,9/14/97,1/1/99,Assistant Engineer
255263,Chuanyi,Beutelspacher,7/10/62,1/16/88,1/1/99,Senior Engineer
255267,Srinidhi,Callaway,3/1/62,2/18/95,1/1/99,Staff
255268,Anestis,Zobel,11/2/64,8/7/00,1/1/99,Engineer
255275,Frederique,Stille,9/8/62,2/3/86,1/1/99,Staff
255276,Ranan,Nations,1/15/62,5/3/97,1/1/99,Staff
255299,Steen,Vingron,2/23/63,6/19/92,1/1/99,Staff
255306,Shahab,Boreale,4/5/64,8/27/96,1/1/99,Assistant Engineer
255315,Constantino,Molenaar,12/22/63,3/2/93,1/1/99,Senior Staff
255325,Nevin,Simmel,10/4/62,1/21/95,1/1/99,Staff
255340,Shushma,Iwayama,6/30/63,12/19/95,1/1/99,Technique Leader
255342,Sanjit,Conry,10/4/63,11/20/90,1/1/99,Senior Staff
255345,Emran,Brookman,7/1/64,1/13/89,1/1/99,Senior Staff
255347,Lein,Bolsens,3/31/63,4/18/91,1/1/99,Engineer
255348,Sajjan,Beznosov,5/5/62,9/9/00,1/1/99,Assistant Engineer
255351,Yechezkel,Piancastelli,5/23/63,12/19/90,1/1/99,Technique Leader
255362,Babette,Shackell,12/12/64,11/21/87,1/1/99,Senior Engineer
255363,Ramalingam,Schmiedel,1/21/64,5/5/97,1/1/99,Engineer
255364,Lein,Hasham,5/21/63,5/22/92,1/1/99,Engineer
255367,Reuven,Neimat,5/15/63,7/15/97,1/1/99,Staff
255378,Oldrich,Pulkowski,11/26/63,8/28/89,1/1/99,Senior Staff
255379,Ung,Oaver,1/19/62,10/17/94,1/1/99,Staff
255383,Tremaine,Spieker,2/4/62,8/6/98,1/1/99,Engineer
255390,Nadjib,Bondorf,3/11/64,3/17/97,1/1/99,Senior Engineer
255394,Kazuhira,Reistad,10/5/62,3/18/95,1/1/99,Engineer
255408,Ziyad,Schmiedel,8/17/63,12/13/88,1/1/99,Senior Engineer
255419,Khaled,Limongiello,10/24/64,8/15/98,1/1/99,Staff
255426,Cristinel,Kulisch,3/10/63,11/5/98,1/1/99,Staff
255442,Almudena,Acton,6/29/64,12/19/95,1/1/99,Staff
255450,Demos,Huttel,3/27/63,12/12/91,1/1/99,Senior Staff
255451,Temple,Shiratori,4/20/64,5/11/89,1/1/99,Senior Engineer
255459,Mokhtar,Szmurlo,2/10/62,3/26/85,1/1/99,Senior Engineer
255465,Mohammad,Bahi,2/15/64,10/18/87,1/1/99,Senior Engineer
255466,Huan,Roccetti,1/18/65,7/3/85,1/1/99,Senior Engineer
255468,Ravishankar,Demizu,6/7/62,8/11/91,1/1/99,Senior Staff
255475,Vidar,Veldwijk,9/3/63,4/15/90,1/1/99,Senior Engineer
255486,Bingning,Hopewell,3/4/62,8/6/98,1/1/99,Staff
255490,Arne,Hempstead,4/10/62,4/1/99,1/1/99,Senior Staff
255493,Karsten,Siepmann,1/31/62,9/3/86,1/1/99,Engineer
255500,Kerryn,Babb,12/7/63,7/19/93,1/1/99,Senior Staff
255502,Zhigen,Fontet,12/31/63,8/25/96,1/1/99,Technique Leader
255507,Shuji,Terlouw,8/9/64,10/30/92,1/1/99,Staff
255540,Uriel,Kaltofen,9/22/64,1/18/91,1/1/99,Senior Staff
255541,Emran,Menhardt,9/3/62,1/30/92,1/1/99,Staff
255542,Parke,Ecklund,9/13/63,2/12/91,1/1/99,Senior Staff
255549,Udi,Penttonen,12/23/63,6/14/95,1/1/99,Senior Staff
255552,Sreekrishna,Rodite,2/14/62,5/3/87,1/1/99,Senior Engineer
255557,Saddek,Leivant,2/20/63,1/27/93,1/1/99,Staff
255559,Dekang,Feldmann,9/1/63,3/3/89,1/1/99,Staff
255560,Bluma,Capobianchi,5/19/64,3/18/97,1/1/99,Technique Leader
255566,Randy,Munch,7/16/64,8/9/96,1/1/99,Engineer
255567,Adly,Schmittgen,5/12/62,6/29/96,1/1/99,Engineer
255573,Fox,Zobel,3/19/63,3/2/96,1/1/99,Staff
255575,Chenye,Kampfer,5/4/64,12/7/89,1/1/99,Senior Engineer
255583,Elzbieta,Babb,6/13/62,7/3/98,1/1/99,Staff
255584,Mikhail,Hiltgen,3/24/64,10/23/98,1/1/99,Staff
255588,Monique,Barbanera,1/1/64,11/17/92,1/1/99,Engineer
255589,Jinpo,Minakawa,5/27/64,5/27/94,1/1/99,Staff
255593,Leah,Hanabata,7/25/62,3/5/87,1/1/99,Senior Engineer
255595,Lalit,Blokdijk,9/19/64,6/11/88,1/1/99,Engineer
255600,Fumitaka,Remmers,1/5/63,8/8/96,1/1/99,Senior Engineer
255604,Mitsuyuki,Bardell,9/9/63,3/31/97,1/1/99,Senior Engineer
255616,Uzi,Rothe,9/20/62,5/25/88,1/1/99,Senior Engineer
255619,Rutger,Vesel,1/22/63,11/14/90,1/1/99,Staff
255632,Yongqiao,Leaver,8/3/62,2/12/86,1/1/99,Technique Leader
255633,Shushma,Hinsberger,3/13/62,12/20/99,1/1/99,Engineer
255635,Lidong,Marshall,6/1/62,2/27/99,1/1/99,Senior Engineer
255643,Limsoon,Taubman,12/16/64,3/5/02,1/1/99,Engineer
255645,Kwangho,Waymire,3/3/64,9/16/92,1/1/99,Engineer
255652,Weiye,Reistad,11/11/63,9/23/91,1/1/99,Senior Staff
255655,Khaled,Eastman,8/16/64,5/13/96,1/1/99,Engineer
255656,Shounak,Rosti,1/16/64,6/7/85,1/1/99,Senior Engineer
255657,Oldrich,Cyre,1/20/65,2/10/85,1/1/99,Senior Engineer
255661,Xiaoshan,Rusterholz,10/5/64,3/8/00,1/1/99,Staff
255662,Sasan,Pfau,7/12/64,2/9/97,1/1/99,Senior Engineer
255663,Shmuel,Boguraev,3/30/62,3/27/97,1/1/99,Staff
255666,Gully,Sury,3/4/63,3/27/99,1/1/99,Staff
255688,Beshir,Basagni,4/20/64,10/4/85,1/1/99,Engineer
255689,Marie,Chinal,8/4/63,12/22/89,1/1/99,Technique Leader
255691,Chiranjit,Czap,2/7/64,5/3/96,1/1/99,Senior Engineer
255695,Souichi,Schaap,7/28/63,10/17/97,1/1/99,Engineer
255698,Anyuan,Hempstead,2/28/64,3/27/94,1/1/99,Staff
255701,Roselyn,Hockney,12/14/62,7/5/01,1/1/99,Assistant Engineer
255719,Seongbin,Versino,11/21/62,7/4/96,1/1/99,Staff
255735,Brewster,Hammerschmidt,5/22/64,10/29/90,1/1/99,Senior Staff
255736,Lorien,Norsworthy,3/25/62,9/15/00,1/1/99,Staff
255740,Tru,Alencar,4/1/62,10/14/90,1/1/99,Senior Staff
255744,Mayuri,Muntz,2/4/63,9/20/87,1/1/99,Staff
255747,Mohammed,Swiss,7/1/63,6/21/90,1/1/99,Senior Staff
255751,Subhada,Karcich,12/25/64,4/24/93,1/1/99,Senior Engineer
255779,Heejo,Merle,1/31/65,9/4/97,1/1/99,Technique Leader
255786,Giordano,Birta,9/14/62,6/27/95,1/1/99,Senior Staff
255809,Zengping,Nourani,1/11/63,6/4/87,1/1/99,Staff
255810,Irena,Luders,10/20/62,5/25/90,1/1/99,Staff
255816,Ishfaq,Zlotek,11/28/64,2/7/87,1/1/99,Senior Engineer
255817,Henk,VanScheik,10/10/62,4/25/86,1/1/99,Senior Engineer
255824,Bernt,Ramamoorthy,12/15/63,11/23/98,1/1/99,Staff
255831,Susumu,Conti,3/4/64,8/18/96,1/1/99,Staff
255833,Mart,Shackell,4/13/62,1/31/87,1/1/99,Senior Engineer
255838,Jaewoo,Validov,7/4/62,6/15/96,1/1/99,Engineer
255842,Shuho,Halloran,5/25/62,1/5/98,1/1/99,Assistant Engineer
255849,Khun,Nollmann,1/30/64,11/19/90,1/1/99,Senior Staff
255855,Barton,Marquardt,12/25/64,3/17/89,1/1/99,Engineer
255859,Boaz,Anick,7/26/62,9/29/89,1/1/99,Engineer
255860,Zhensheng,Rothe,11/13/64,4/29/94,1/1/99,Engineer
255862,Richara,Lindenbaum,9/15/64,12/19/98,1/1/99,Engineer
255863,Badri,Merro,10/3/63,11/18/95,1/1/99,Senior Engineer
255866,Gilbert,Redmiles,5/21/62,8/29/86,1/1/99,Engineer
255868,Gro,Haraldson,7/16/63,3/24/87,1/1/99,Senior Engineer
255879,Kazuhito,Ghelli,5/29/64,7/5/90,1/1/99,Senior Engineer
255882,Fox,Marchesini,12/30/62,4/11/90,1/1/99,Engineer
255884,Bernardo,Merro,5/28/62,10/16/97,1/1/99,Staff
255904,Rafail,Hagimont,12/12/62,2/12/97,1/1/99,Senior Staff
255906,Hideyuki,Mandell,4/4/64,8/7/98,1/1/99,Staff
255909,Sergi,Driscoll,1/26/62,11/6/88,1/1/99,Technique Leader
255910,Sajjad,Makrucki,10/2/64,1/2/94,1/1/99,Senior Engineer
255912,Shichao,Dayana,8/26/62,2/18/90,1/1/99,Staff
255918,Toshimitsu,Lamparter,2/12/63,11/26/88,1/1/99,Senior Engineer
255919,Rosalyn,Lunn,1/11/63,12/24/85,1/1/99,Senior Engineer
255922,Shigeichiro,Pollacia,12/7/62,11/5/01,1/1/99,Senior Engineer
255927,Mamdouh,Bugrara,5/8/62,11/30/95,1/1/99,Staff
255930,Jayson,Terwilliger,5/29/64,5/11/98,1/1/99,Staff
255931,Yinghua,Vural,2/13/64,7/4/97,1/1/99,Senior Staff
255935,Takushi,Polajnar,9/21/64,1/21/94,1/1/99,Staff
255939,Shahar,Papastamatiou,3/13/62,8/23/94,1/1/99,Staff
255940,Kamakshi,Matzov,2/8/63,5/27/85,1/1/99,Senior Staff
255941,Kwangjo,Staudhammer,8/24/62,1/21/91,1/1/99,Senior Engineer
255942,Salvador,Restivo,2/17/62,4/23/02,1/1/99,Engineer
255947,Nishit,Brendel,9/14/62,6/29/92,1/1/99,Engineer
255948,Jingling,Barreiro,1/30/62,11/22/85,1/1/99,Senior Staff
255950,Guadalupe,Terekhov,6/14/64,9/25/99,1/1/99,Senior Engineer
255954,Kwan,Reutenauer,9/17/63,1/22/00,1/1/99,Staff
255960,Mari,Feinberg,2/22/64,1/15/00,1/1/99,Assistant Engineer
255964,Chiranjit,Tempesti,10/10/63,8/9/92,1/1/99,Senior Engineer
255976,Kyoichi,Engberts,5/17/64,5/11/96,1/1/99,Senior Engineer
255987,Abdelaziz,Remmele,7/3/62,1/7/96,1/1/99,Engineer
255995,Maren,Shrader,11/25/64,5/15/91,1/1/99,Senior Staff
256002,Fumiko,Tibblin,9/22/62,11/5/92,1/1/99,Assistant Engineer
256004,Sampalli,Dalphin,9/4/63,10/13/94,1/1/99,Engineer
256007,Sanjit,Plump,4/10/63,6/9/95,1/1/99,Staff
256008,Tran,Eterovic,10/17/63,8/5/85,1/1/99,Senior Staff
256015,Anneli,Zeleznik,5/17/64,7/1/87,1/1/99,Engineer
256025,Paris,Jansen,12/3/64,9/14/96,1/1/99,Engineer
256033,Lucien,Vandervoorde,5/18/64,12/8/99,1/1/99,Staff
256036,Mark,Spelt,3/26/63,9/24/88,1/1/99,Technique Leader
256039,Adam,Foote,5/29/63,9/25/85,1/1/99,Assistant Engineer
256040,Manibrata,Speer,11/26/64,9/6/96,1/1/99,Staff
256042,Mantis,Seghrouchni,2/1/64,11/10/92,1/1/99,Senior Engineer
256045,Luise,Vernadat,6/25/62,7/4/99,1/1/99,Engineer
256047,Moriyoshi,Srimani,4/8/63,3/5/85,1/1/99,Senior Staff
256056,Kannan,Iivonen,3/12/62,8/25/99,1/1/99,Engineer
256063,Bilhanan,Smeets,5/5/63,6/10/86,1/1/99,Senior Staff
256069,Uzi,Billawala,6/13/64,6/9/96,1/1/99,Senior Staff
256072,Jayesh,Yetim,4/9/64,1/31/00,1/1/99,Engineer
256074,Bilhanan,Ghelli,5/13/64,5/30/93,1/1/99,Engineer
256077,LiMin,Quittner,12/27/64,1/27/95,1/1/99,Senior Staff
256089,Ung,Rissland,4/28/64,9/29/98,1/1/99,Engineer
256100,Izaskun,Ossenbruggen,9/7/62,8/7/92,1/1/99,Staff
256111,Lein,Sidou,3/25/62,5/24/99,1/1/99,Technique Leader
256120,Shaz,Chandrasekhar,6/17/63,1/24/89,1/1/99,Staff
256122,Mingzeng,Fasbender,5/7/62,11/10/93,1/1/99,Technique Leader
256124,Bouchung,Fontet,8/16/64,10/23/96,1/1/99,Engineer
256127,Patricio,Conde,4/23/63,1/1/96,1/1/99,Staff
256131,Hiroyasu,Beznosov,11/1/62,4/19/85,1/1/99,Technique Leader
256132,Otilia,Cannane,11/5/64,2/19/85,1/1/99,Engineer
256140,Mabhin,Moehrke,5/8/63,5/7/92,1/1/99,Senior Engineer
256151,Monique,Cronan,10/28/63,3/29/86,1/1/99,Senior Staff
256165,Zhiwei,Rindone,6/26/63,11/13/94,1/1/99,Assistant Engineer
256171,Gurbir,Legleitner,6/23/64,1/28/98,1/1/99,Staff
256177,Yuguang,Basawa,7/1/63,5/28/99,1/1/99,Engineer
256190,Zongyan,Ulupinar,5/23/63,3/30/99,1/1/99,Staff
256192,Arra,Harnett,6/25/62,7/7/89,1/1/99,Senior Engineer
256193,Souichi,Mullainathan,4/24/64,7/29/92,1/1/99,Staff
256196,Felicidad,Bail,11/30/62,7/18/92,1/1/99,Senior Staff
256200,Dulce,Fabrizio,12/10/63,8/10/93,1/1/99,Engineer
256201,Fun,Nanard,6/29/63,12/12/99,1/1/99,Senior Staff
256203,Serge,Masada,8/2/62,1/13/93,1/1/99,Senior Staff
256205,Poornachandra,Eiter,5/14/63,10/15/85,1/1/99,Senior Staff
256212,Changho,Kugler,4/17/62,8/15/93,1/1/99,Senior Staff
256215,Arlette,Georgatos,4/23/62,4/19/85,1/1/99,Senior Staff
256216,Halsur,Brodal,1/1/65,11/22/97,1/1/99,Engineer
256225,Ramya,Msuda,9/10/64,10/5/87,1/1/99,Senior Engineer
256227,Moni,Papadias,11/13/63,8/3/85,1/1/99,Senior Staff
256228,Ingmar,Valette,6/27/63,6/4/89,1/1/99,Senior Engineer
256236,Spyrose,Piazza,7/15/62,5/4/87,1/1/99,Assistant Engineer
256237,Yakichi,Nollmann,6/1/64,2/2/95,1/1/99,Senior Staff
256244,Shridhar,Kushnir,1/6/62,11/19/89,1/1/99,Senior Engineer
256246,Tse,Fujisawa,5/18/62,9/14/91,1/1/99,Technique Leader
256248,Candido,Czap,8/12/64,11/22/95,1/1/99,Senior Engineer
256258,Yakichi,Rotem,9/2/63,1/30/95,1/1/99,Senior Engineer
256265,Susumu,Pews,2/15/62,9/6/96,1/1/99,Engineer
256266,Ingmar,Cappelletti,4/21/62,7/25/88,1/1/99,Staff
256269,Khaled,Collette,6/17/64,4/14/90,1/1/99,Senior Engineer
256272,Patricia,Akaboshi,2/24/62,11/1/98,1/1/99,Engineer
256273,Honglan,Assaf,1/15/64,3/4/90,1/1/99,Senior Staff
256286,Arno,Jullig,6/21/64,8/25/94,1/1/99,Engineer
256287,Hinrich,Munawer,7/24/64,4/20/89,1/1/99,Senior Staff
256288,Pramod,Murthy,4/20/64,6/6/97,1/1/99,Engineer
256297,Hitomi,Perl,6/2/63,12/6/92,1/1/99,Senior Staff
256306,Marco,Haddadi,11/14/62,6/7/96,1/1/99,Senior Engineer
256307,Bedir,Reeken,11/20/62,8/27/99,1/1/99,Senior Engineer
256309,Jayesh,Dulay,1/18/64,9/4/96,1/1/99,Staff
256314,Gianluca,Gadepally,8/6/64,5/11/98,1/1/99,Engineer
256317,Zhenhua,Ramsak,9/15/62,8/2/94,1/1/99,Engineer
256318,Odysseas,Comellas,9/8/62,8/18/88,1/1/99,Staff
256329,Vincent,Solovay,12/10/62,11/17/93,1/1/99,Senior Staff
256332,Sanjit,Peris,7/29/64,8/31/98,1/1/99,Staff
256340,Isamu,Kushnir,12/2/62,11/23/91,1/1/99,Engineer
256343,Naftaly,Vidya,5/15/64,3/8/89,1/1/99,Engineer
256354,Ebbe,Michaels,12/26/64,2/17/93,1/1/99,Senior Engineer
256363,Jinpo,Levasseur,11/22/62,10/27/90,1/1/99,Engineer
256366,Maya,Perly,8/6/64,10/9/94,1/1/99,Staff
256369,Constantine,Ruther,7/27/62,1/10/87,1/1/99,Senior Engineer
256371,Branimir,Klerer,11/17/64,9/30/95,1/1/99,Engineer
256385,Goetz,Candan,8/19/62,8/21/87,1/1/99,Senior Staff
256389,Gilbert,Usdin,10/23/63,1/18/95,1/1/99,Senior Staff
256390,Sastry,McDermid,9/25/62,1/29/86,1/1/99,Staff
256421,Alair,Muhlberg,12/7/63,8/12/99,1/1/99,Staff
256435,Boaz,Chimia,4/10/64,12/4/95,1/1/99,Staff
256438,Mountaz,Krone,7/23/64,9/17/93,1/1/99,Senior Staff
256439,Guttorm,Kermarrec,1/3/62,5/4/95,1/1/99,Senior Engineer
256446,Ennio,Pietracaprina,9/11/63,12/24/90,1/1/99,Senior Staff
256450,Owen,Quittner,6/7/64,11/17/90,1/1/99,Senior Staff
256452,Alagu,Sudbeck,4/13/63,2/11/97,1/1/99,Engineer
256454,Gladys,Beeson,11/29/63,11/25/89,1/1/99,Senior Engineer
256460,Ramya,Randi,11/25/62,6/20/89,1/1/99,Senior Engineer
256464,Shem,Blokdijk,12/21/62,2/17/97,1/1/99,Senior Engineer
256467,Guenter,Bresenham,4/13/63,6/13/94,1/1/99,Senior Engineer
256475,Richard,Ghemri,10/9/64,6/12/98,1/1/99,Engineer
256476,Gaurav,Busillo,6/23/64,7/19/99,1/1/99,Staff
256483,Pradeep,Oppitz,5/18/64,1/27/98,1/1/99,Engineer
256489,Surveyors,Koshino,12/29/62,9/14/94,1/1/99,Senior Staff
256492,Kazuhiko,Perri,1/22/63,4/26/94,1/1/99,Staff
256493,Shen,Eterovic,5/18/62,8/4/85,1/1/99,Senior Engineer
256504,Billie,Kroon,3/12/63,12/5/97,1/1/99,Engineer
256509,Kagan,Zyda,12/22/64,8/15/90,1/1/99,Engineer
256512,Elvia,Birta,10/23/63,11/3/92,1/1/99,Staff
256513,Marke,Matzov,11/6/64,6/1/87,1/1/99,Senior Engineer
256519,Sreenivas,Shobatake,10/25/63,7/22/91,1/1/99,Senior Staff
256520,Lidong,Perin,5/22/63,10/3/96,1/1/99,Senior Staff
256531,Uriel,Apsitis,8/25/63,5/25/95,1/1/99,Senior Staff
256533,Aria,Condotta,5/3/64,1/8/97,1/1/99,Staff
256538,Yoshinari,Lortz,7/28/63,9/12/93,1/1/99,Senior Engineer
256543,Miquel,Marchegay,5/31/63,9/3/87,1/1/99,Senior Engineer
256545,Sverrir,Portugali,12/19/62,2/6/94,1/1/99,Engineer
256547,Dmitri,Petereit,11/13/62,5/31/98,1/1/99,Senior Staff
256550,Flemming,Chiodo,7/21/62,2/28/91,1/1/99,Staff
256553,Adly,Delgrossi,10/30/64,1/17/87,1/1/99,Engineer
256554,Fumitaka,Hiltgen,1/10/62,2/4/85,1/1/99,Senior Engineer
256557,Arno,Jiafu,10/29/63,1/4/01,1/1/99,Senior Staff
256561,Aris,Cappelletti,12/22/62,1/25/97,1/1/99,Engineer
256563,Aimee,Pargas,9/30/63,11/1/97,1/1/99,Staff
256567,Vasilis,Rosis,6/23/63,1/13/96,1/1/99,Staff
256568,Josyula,Halloran,10/28/62,10/6/89,1/1/99,Engineer
256569,Ulises,Hemaspaandra,7/3/64,8/5/88,1/1/99,Senior Engineer
256587,Keiichiro,Kolinko,12/28/62,6/16/93,1/1/99,Staff
256588,Radhakrishnan,Katzenelson,1/15/62,12/31/94,1/1/99,Staff
256601,Manu,Trachtenberg,4/13/64,4/12/98,1/1/99,Engineer
256603,Deborah,Cronau,10/7/64,10/2/87,1/1/99,Senior Staff
256607,Tomoyuki,Hennings,6/20/62,5/10/89,1/1/99,Engineer
256609,Florina,Businaro,7/2/64,4/9/94,1/1/99,Staff
256616,Moriyoshi,Zyda,1/17/63,5/11/94,1/1/99,Engineer
256619,Sandeepan,Bail,9/14/63,7/17/98,1/1/99,Senior Engineer
256622,Shai,Undy,5/6/63,9/22/90,1/1/99,Staff
256645,Uinam,Setia,7/7/62,2/20/01,1/1/99,Senior Staff
256646,Denis,Bratten,12/16/64,9/29/90,1/1/99,Senior Staff
256651,Oksana,Alameldin,7/18/62,6/19/87,1/1/99,Senior Engineer
256655,Guiseppe,Mundy,10/6/62,3/31/99,1/1/99,Senior Staff
256660,Elvia,Ranft,3/26/62,11/20/94,1/1/99,Senior Engineer
256666,Manton,Strooper,7/26/62,8/6/93,1/1/99,Senior Staff
256668,Nadjib,Attimonelli,7/22/63,8/23/87,1/1/99,Senior Engineer
256669,Collette,Whittlesey,6/3/62,4/3/91,1/1/99,Senior Staff
256673,Mats,Gimarc,12/6/64,8/21/91,1/1/99,Senior Engineer
256675,Muneo,Soicher,9/14/64,2/6/01,1/1/99,Assistant Engineer
256683,Barna,Herber,2/5/62,2/6/94,1/1/99,Assistant Engineer
256690,Adas,Marrakchi,3/9/64,6/19/85,1/1/99,Engineer
256700,Huai,Emden,9/24/63,10/4/93,1/1/99,Engineer
256706,Kristine,Bahl,7/31/64,11/1/99,1/1/99,Engineer
256709,Denny,Barreiro,5/3/63,8/26/91,1/1/99,Engineer
256716,Khaled,Yoshimura,11/2/64,3/16/01,1/1/99,Engineer
256733,Mechthild,Beetstra,4/29/63,12/8/97,1/1/99,Engineer
256735,Luerbio,Teitelbaum,3/16/64,6/18/89,1/1/99,Staff
256744,Kerryn,Roisin,1/3/63,10/31/89,1/1/99,Staff
256745,Badri,Sifakis,4/25/64,12/22/85,1/1/99,Engineer
256748,Nimmagadda,Cunliffe,4/3/64,1/28/98,1/1/99,Engineer
256766,Trygve,Erde,2/22/62,7/22/94,1/1/99,Engineer
256774,Taizo,Jullig,9/27/63,5/17/96,1/1/99,Engineer
256779,Barna,Ritcey,10/1/63,7/21/94,1/1/99,Engineer
256781,Taizo,Pezzoli,12/6/63,7/7/02,1/1/99,Staff
256787,Sanjai,Demeyer,7/18/63,5/18/96,1/1/99,Engineer
256794,Leaf,Stanger,7/19/64,8/14/86,1/1/99,Engineer
256802,Felicidad,Pelz,3/6/62,4/25/00,1/1/99,Technique Leader
256803,Martial,Ratnaker,2/23/62,2/29/92,1/1/99,Senior Engineer
256804,Mabhin,Isard,11/21/63,5/28/99,1/1/99,Engineer
256810,Haldun,Prampolini,4/18/64,7/24/97,1/1/99,Engineer
256813,Manibrata,Nannarelli,6/26/64,10/2/94,1/1/99,Engineer
256818,Piyush,Vickson,3/30/62,10/15/93,1/1/99,Engineer
256819,Aamer,Redmiles,1/31/62,4/9/86,1/1/99,Senior Staff
256824,Thodoros,Sidhu,4/10/63,8/30/96,1/1/99,Senior Engineer
256825,Abdelwaheb,Taneja,3/15/63,2/24/92,1/1/99,Engineer
256829,Basim,Crelier,5/18/62,10/27/85,1/1/99,Senior Staff
256830,Tzu,Papadias,9/5/62,10/29/97,1/1/99,Staff
256839,Arto,Pouyioutas,2/15/62,11/3/97,1/1/99,Engineer
256850,Abdelkader,Atchley,11/19/63,1/14/87,1/1/99,Staff
256856,Hongzue,Barbanera,1/3/65,6/17/87,1/1/99,Staff
256857,Jeanna,Pfau,8/14/63,2/10/02,1/1/99,Staff
256868,Hironoby,Honiden,1/6/63,11/19/01,1/1/99,Technique Leader
256869,Kristin,Solares,6/5/64,5/1/93,1/1/99,Senior Engineer
256881,Ioana,Jakobus,1/3/65,8/10/90,1/1/99,Engineer
256882,Shaw,Peha,1/14/63,4/4/98,1/1/99,Engineer
256884,Ingmar,Marquardt,12/6/64,11/29/00,1/1/99,Senior Engineer
256885,Hyuncheol,Brendel,5/11/64,10/10/86,1/1/99,Senior Engineer
256886,Magdalena,Schaft,12/1/64,3/12/97,1/1/99,Senior Staff
256888,Heather,Pehl,1/3/65,9/15/93,1/1/99,Staff
256891,Sibyl,Lyonns,6/3/64,7/30/98,1/1/99,Staff
256894,Dmitry,Pokrovskii,6/21/62,4/13/97,1/1/99,Senior Engineer
256896,Alassane,Beidas,8/31/62,6/2/98,1/1/99,Engineer
256899,Rosita,Verspoor,2/11/64,12/12/88,1/1/99,Staff
256900,Gretta,Rullman,10/5/64,10/17/92,1/1/99,Engineer
256904,Tru,Angot,1/25/62,10/18/86,1/1/99,Staff
256907,Haldun,Reeker,2/27/62,8/13/91,1/1/99,Senior Engineer
256913,Khalid,Hutton,3/13/62,4/14/87,1/1/99,Staff
256925,Kellyn,Kroll,2/20/64,5/26/95,1/1/99,Engineer
256945,Masamitsu,Panienski,6/17/63,6/7/98,1/1/99,Senior Engineer
256957,Tze,Reeken,6/3/62,7/30/98,1/1/99,Staff
256967,Byong,Seiwald,11/16/64,8/23/99,1/1/99,Engineer
256971,Franziska,Beeson,2/11/63,3/3/98,1/1/99,Staff
256973,Stein,Melski,2/28/63,5/3/87,1/1/99,Senior Engineer
256978,Randy,Ponthieu,6/27/63,3/15/93,1/1/99,Engineer
256979,Karsten,Kohling,4/16/63,7/16/99,1/1/99,Staff
256980,Akemi,Vickson,11/26/63,7/15/99,1/1/99,Engineer
256982,Lijie,Baez,1/10/64,6/18/88,1/1/99,Staff
256988,Ronghao,Sidou,11/23/64,3/22/93,1/1/99,Engineer
256991,Vesna,Fontan,7/20/62,1/11/91,1/1/99,Senior Engineer
256992,Valdiodio,Serre,5/4/63,3/12/92,1/1/99,Senior Engineer
257023,Premal,Zirintsis,1/12/64,12/11/95,1/1/99,Engineer
257024,Kwee,Parhami,3/19/64,2/25/95,1/1/99,Senior Staff
257028,Constantine,Facello,2/17/62,10/15/93,1/1/99,Engineer
257033,Mostafa,Harllee,9/30/62,4/23/02,1/1/99,Senior Engineer
257035,Nikolaos,Laventhal,7/7/64,3/4/85,1/1/99,Senior Staff
257046,Wuxu,Schmittgen,10/4/62,6/22/98,1/1/99,Staff
257055,Herb,Katzenelson,2/28/64,2/13/96,1/1/99,Engineer
257057,Idoia,Coorg,10/10/63,3/15/97,1/1/99,Engineer
257060,Toshiki,Ariola,12/12/62,10/9/91,1/1/99,Senior Engineer
257062,Stabislas,Pardalos,1/24/65,6/21/89,1/1/99,Engineer
257064,Shigeaki,Weedman,5/23/63,6/1/94,1/1/99,Senior Staff
257065,Subhash,Merey,3/15/64,1/12/90,1/1/99,Senior Staff
257066,Kankanahalli,Przulj,3/1/63,1/20/98,1/1/99,Senior Staff
257076,Heekeun,Sigstam,5/20/63,6/16/87,1/1/99,Engineer
257087,Odysseas,Waeselynck,6/14/64,6/25/01,1/1/99,Technique Leader
257088,Youjian,Verhoeff,3/21/64,1/17/91,1/1/99,Engineer
257089,Moon,Anily,7/8/62,1/24/93,1/1/99,Engineer
257094,Avishai,DuCasse,5/26/64,5/30/98,1/1/99,Staff
257095,Bojan,Pintelas,2/9/62,2/2/88,1/1/99,Senior Staff
257105,Licheng,Kolvik,2/9/64,11/10/91,1/1/99,Engineer
257107,Sanjoy,Woycyznski,11/22/62,10/21/98,1/1/99,Senior Engineer
257108,Khoa,Streng,7/6/64,10/14/99,1/1/99,Staff
257122,Genevieve,Pluym,9/16/63,10/19/93,1/1/99,Engineer
257130,Shiv,Remmers,4/2/62,9/25/92,1/1/99,Senior Staff
257131,Mabry,Ladret,11/18/62,6/2/97,1/1/99,Engineer
257143,Hsiangchu,Kropp,11/16/64,6/27/91,1/1/99,Senior Staff
257145,Macha,Pena,1/31/62,6/8/95,1/1/99,Engineer
257146,Berna,Caine,10/15/63,12/5/90,1/1/99,Senior Engineer
257148,Shan,Leuchs,10/11/63,6/2/99,1/1/99,Engineer
257150,Gaetan,Pappas,6/13/64,6/17/85,1/1/99,Senior Engineer
257155,Alenka,Boudaillier,6/15/64,3/1/92,1/1/99,Senior Staff
257159,Huican,Siochi,12/28/63,8/30/89,1/1/99,Senior Engineer
257165,Adit,Stasinski,9/10/62,6/11/92,1/1/99,Staff
257167,Deborah,Angiulli,9/19/62,9/6/97,1/1/99,Engineer
257168,Masasuke,Krybus,9/9/63,6/15/95,1/1/99,Staff
257171,Ortrud,Rande,9/26/64,2/3/86,1/1/99,Senior Staff
257174,Avishai,Borovoy,4/12/62,8/30/98,1/1/99,Staff
257175,Hidekazu,Qiwen,3/12/62,6/24/98,1/1/99,Senior Engineer
257188,Chikara,Luit,2/7/63,3/25/85,1/1/99,Senior Engineer
257198,Szabolcs,Falco,11/13/64,3/9/98,1/1/99,Staff
257199,Weijing,Barvinok,9/8/64,2/29/96,1/1/99,Engineer
257208,Lucien,Kermarrec,12/2/64,5/16/88,1/1/99,Senior Staff
257215,Shir,Schauser,10/4/64,6/4/87,1/1/99,Technique Leader
257218,Ekawit,Morrin,2/10/63,10/13/97,1/1/99,Senior Staff
257224,Vivian,Schapiro,7/2/64,7/5/97,1/1/99,Engineer
257227,Turgut,Rotem,12/15/63,6/5/85,1/1/99,Senior Staff
257231,Aemilian,Weisert,9/20/63,3/11/94,1/1/99,Engineer
257233,Kazuhiko,Thombley,4/25/64,8/1/00,1/1/99,Senior Engineer
257236,Kazuhiko,Akazan,11/3/62,3/14/88,1/1/99,Senior Engineer
257239,Patricia,Showalter,8/4/62,9/6/86,1/1/99,Engineer
257242,Gianluca,Ramsey,10/2/62,10/12/86,1/1/99,Engineer
257243,Ranan,Keustermans,7/6/64,5/11/96,1/1/99,Senior Engineer
257246,Chaitali,Brobst,12/18/64,11/18/85,1/1/99,Senior Staff
257247,Serap,Restivo,10/30/63,11/6/89,1/1/99,Senior Staff
257248,Djelloul,Danley,8/29/64,10/31/96,1/1/99,Senior Staff
257252,Jayesh,Dymetman,6/18/64,9/8/87,1/1/99,Engineer
257256,Remko,Passafiume,12/5/64,8/10/93,1/1/99,Engineer
257263,Oldrich,Besselaar,6/14/62,6/24/88,1/1/99,Senior Engineer
257265,Yuqun,Coombs,12/1/64,4/7/90,1/1/99,Senior Staff
257273,Tua,Schaaf,10/3/62,10/3/92,1/1/99,Senior Engineer
257279,Gao,Fetvedt,1/13/64,9/24/86,1/1/99,Engineer
257286,Niteen,Schreiter,2/14/62,11/24/85,1/1/99,Engineer
257288,Masako,Whittlesey,1/22/63,8/22/89,1/1/99,Senior Staff
257289,Sarita,Barvinok,2/23/62,11/28/91,1/1/99,Engineer
257303,Filipe,Kawashimo,9/28/64,3/6/94,1/1/99,Staff
257309,Murthy,Jiafu,4/19/63,6/18/95,1/1/99,Engineer
257316,Houman,Baig,9/28/62,11/30/94,1/1/99,Engineer
257318,Mona,Baby,10/21/63,5/9/97,1/1/99,Senior Staff
257324,Nimmagadda,Holburn,9/11/63,11/22/96,1/1/99,Senior Engineer
257330,Tuval,Desikan,7/11/64,10/6/00,1/1/99,Senior Engineer
257331,Suvo,Skafidas,12/11/62,1/14/88,1/1/99,Staff
257332,Jasminko,Stamatiou,11/27/62,9/6/99,1/1/99,Senior Engineer
257353,Chaitali,Bardell,9/23/63,6/10/92,1/1/99,Staff
257368,Goetz,Zschoche,10/29/63,10/23/95,1/1/99,Senior Staff
257374,Sanjit,Fortenbacher,3/8/64,12/30/89,1/1/99,Senior Engineer
257378,Pascal,Bernatsky,1/6/65,9/3/88,1/1/99,Staff
257382,Ung,Akaboshi,8/23/62,3/10/85,1/1/99,Senior Engineer
257389,Arnould,Halevi,12/17/62,6/19/93,1/1/99,Senior Staff
257391,Gopalakrishnan,Chaudhuri,12/25/64,5/7/97,1/1/99,Senior Engineer
257392,Miyeon,Thorensen,5/21/64,8/6/98,1/1/99,Senior Engineer
257404,Rosine,Felcyn,2/13/63,3/18/89,1/1/99,Staff
257417,Charlene,Bednarek,5/6/63,1/8/94,1/1/99,Senior Staff
257449,Sanjai,Demir,12/14/62,9/26/95,1/1/99,Technique Leader
257453,Udi,Erez,7/5/64,12/5/86,1/1/99,Senior Staff
257462,Shigehito,Paciorek,4/19/62,5/6/01,1/1/99,Senior Staff
257463,Chaoyi,Perng,3/17/64,6/4/88,1/1/99,Senior Engineer
257469,Anyuan,Hanratty,1/22/65,1/6/88,1/1/99,Staff
257470,Dines,Auria,1/29/64,4/21/88,1/1/99,Senior Staff
257477,Jacopo,Bashian,8/9/62,9/11/85,1/1/99,Senior Engineer
257479,Genevieve,Vanwelkenhuysen,4/25/64,5/25/97,1/1/99,Senior Staff
257480,Kerhong,Anandan,5/26/62,1/1/96,1/1/99,Engineer
257484,Shaowei,Nicolson,1/1/65,12/7/86,1/1/99,Staff
257491,Satyanarayana,Hagimont,6/23/62,7/2/88,1/1/99,Staff
257493,Feiyu,Brender,11/24/63,4/22/92,1/1/99,Senior Staff
257496,Oscal,Honiden,11/28/62,6/27/86,1/1/99,Senior Engineer
257497,Moss,Ashish,2/27/62,4/17/89,1/1/99,Engineer
257500,Constantino,Falby,2/10/63,1/6/96,1/1/99,Senior Staff
257502,Zhaofang,Hofman,3/21/64,12/27/97,1/1/99,Staff
257513,Shih,Merel,5/12/62,4/12/90,1/1/99,Engineer
257518,Srinidhi,Compeau,4/27/64,6/19/99,1/1/99,Senior Engineer
257520,Xiaoqiang,Wolniewicz,3/27/63,8/23/98,1/1/99,Engineer
257521,Moie,Michaeli,9/15/64,3/10/86,1/1/99,Staff
257524,Masadi,Plessier,8/14/64,4/15/99,1/1/99,Senior Staff
257531,Rance,Xiaoshan,9/16/62,5/1/98,1/1/99,Staff
257540,Dulce,Axelband,7/22/62,9/26/88,1/1/99,Senior Staff
257544,Sanjoy,Peng,4/13/62,11/11/89,1/1/99,Senior Staff
257547,Constantine,Naudin,12/18/64,7/26/85,1/1/99,Engineer
257558,Shigeichiro,Rosti,3/13/62,11/23/90,1/1/99,Senior Engineer
257559,Kasturi,Sinitsyn,4/6/63,8/8/94,1/1/99,Senior Staff
257569,Atreyi,Schicker,7/25/63,6/22/95,1/1/99,Staff
257580,Saeed,Sullins,4/27/63,1/1/88,1/1/99,Engineer
257581,Byong,Serra,5/31/64,11/18/92,1/1/99,Engineer
257592,Brendon,Hoppenstand,10/3/64,12/11/88,1/1/99,Engineer
257603,Chaosheng,Kuzuoka,5/30/62,9/18/95,1/1/99,Engineer
257607,Aluzio,Tramer,5/12/63,11/12/90,1/1/99,Senior Engineer
257613,Aimee,Pramanik,10/28/63,6/1/95,1/1/99,Engineer
257618,Brigham,Zaiane,4/24/63,4/11/90,1/1/99,Senior Engineer
257619,Hideo,Brattka,1/6/64,12/12/87,1/1/99,Staff
257625,Danil,Docker,8/23/63,7/7/96,1/1/99,Engineer
257626,Toshimi,Azulay,5/24/64,3/24/89,1/1/99,Engineer
257629,Christfried,Peck,10/9/62,3/14/88,1/1/99,Senior Staff
257632,Quingbo,Wynblatt,4/28/64,5/27/02,1/1/99,Senior Staff
257634,Cathie,Schapire,12/9/63,3/10/92,1/1/99,Senior Engineer
257637,Zengping,Dayang,9/5/62,7/4/93,1/1/99,Staff
257650,Danco,Jakobus,2/10/62,1/16/95,1/1/99,Engineer
257657,Mohammed,Baer,4/16/64,11/28/99,1/1/99,Engineer
257658,Yefim,Trystram,3/3/63,10/6/93,1/1/99,Engineer
257673,Yunming,Porenta,7/23/64,8/15/95,1/1/99,Senior Engineer
257679,Takahito,Bhattacharjee,8/23/62,10/20/98,1/1/99,Staff
257689,Toshiki,Kalorkoti,12/7/64,8/15/95,1/1/99,Staff
257690,Fumiya,Capobianchi,1/6/64,1/21/87,1/1/99,Engineer
257692,Nigel,Paludetto,5/31/64,3/12/92,1/1/99,Staff
257693,Alper,Suppi,2/11/64,8/4/99,1/1/99,Senior Engineer
257694,Uri,Andreotta,5/23/64,2/25/97,1/1/99,Senior Engineer
257696,Kazunori,Strooper,7/17/64,10/25/96,1/1/99,Senior Staff
257698,Jouko,Uludag,8/5/63,8/14/95,1/1/99,Senior Staff
257706,Shimshon,Chvatal,3/5/64,4/7/89,1/1/99,Staff
257707,Armond,Yamaashi,8/22/62,3/21/87,1/1/99,Senior Engineer
257708,Shirish,Schmezko,11/18/63,9/6/85,1/1/99,Senior Engineer
257712,Cheong,Setiz,11/27/62,7/1/92,1/1/99,Senior Engineer
257715,Lein,Lamma,9/8/64,1/1/97,1/1/99,Staff
257719,Jinxi,Pavlopoulou,1/29/62,10/26/90,1/1/99,Senior Engineer
257728,Dannz,Prochazka,11/24/64,9/17/95,1/1/99,Technique Leader
257731,Teiji,Nittel,11/21/63,6/2/93,1/1/99,Senior Engineer
257748,Tamiya,Wolniewicz,6/5/62,12/29/98,1/1/99,Staff
257759,Kshitij,Sherertz,10/23/62,4/27/94,1/1/99,Senior Engineer
257774,Barry,Garnick,7/2/64,1/30/00,1/1/99,Assistant Engineer
257781,Yurij,Champarnaud,3/5/62,5/14/90,1/1/99,Engineer
257782,Vishwani,Walston,8/16/63,11/9/97,1/1/99,Senior Staff
257789,Kwun,Solares,12/6/64,6/23/99,1/1/99,Engineer
257801,Duri,Aamodt,4/16/63,1/12/00,1/1/99,Engineer
257805,Huiqun,Pintelas,7/2/64,8/25/94,1/1/99,Staff
257809,Adel,Pusterhofer,10/16/62,2/22/93,1/1/99,Engineer
257815,Ekawit,Yurek,3/31/64,4/27/87,1/1/99,Senior Engineer
257820,Adel,Baja,10/18/64,10/15/95,1/1/99,Staff
257823,Bouchung,Gewali,1/2/64,1/24/02,1/1/99,Senior Staff
257826,Doohun,Gonthier,3/31/64,5/10/95,1/1/99,Staff
257827,Berto,Luders,2/15/63,6/20/87,1/1/99,Senior Engineer
257830,Martial,Ranft,2/7/64,3/31/90,1/1/99,Staff
257833,Guther,Merkl,11/3/63,2/1/01,1/1/99,Senior Staff
257837,Mari,Lampe,8/10/64,5/21/88,1/1/99,Senior Engineer
257838,Aiman,Spell,6/4/63,8/13/88,1/1/99,Senior Staff
257841,Jiakeng,Kemmerer,12/13/63,4/11/92,1/1/99,Technique Leader
257862,Xiahua,Saoudi,10/19/64,11/24/85,1/1/99,Technique Leader
257874,Marin,Hertweck,8/11/63,7/29/97,1/1/99,Senior Staff
257878,Khatoun,Alpin,7/3/64,8/24/94,1/1/99,Staff
257880,KayLiang,Spataro,1/31/63,1/16/92,1/1/99,Engineer
257889,Margareta,Hofting,11/29/62,3/30/85,1/1/99,Senior Engineer
257900,Prodip,McClure,3/17/62,10/23/99,1/1/99,Staff
257901,Suvo,Lorin,12/25/64,4/20/96,1/1/99,Staff
257903,Sangeeta,Siksek,6/5/64,10/30/95,1/1/99,Senior Staff
257909,Naftali,Miake,10/20/64,3/5/94,1/1/99,Senior Staff
257919,Weidon,Peek,1/26/63,6/24/89,1/1/99,Senior Engineer
257922,Chirstian,Pusterhofer,6/25/63,5/3/02,1/1/99,Senior Engineer
257923,Edwin,Benveniste,6/21/64,12/16/90,1/1/99,Engineer
257929,Bernice,Bahk,1/5/63,3/3/93,1/1/99,Staff
257933,Deborah,Mayerwieser,8/22/63,10/23/97,1/1/99,Engineer
257937,Guther,Lores,7/12/63,2/6/90,1/1/99,Senior Engineer
257939,Fox,Kamber,8/22/62,5/21/98,1/1/99,Senior Engineer
257945,Kiyotoshi,Liesche,2/6/62,11/17/85,1/1/99,Staff
257951,Bodo,Lores,5/7/64,6/23/97,1/1/99,Senior Staff
257952,Kristian,Merel,11/20/62,1/30/00,1/1/99,Staff
257958,Heeju,Minakawa,12/16/63,11/7/85,1/1/99,Senior Staff
257962,Alassane,Parfitt,7/6/63,9/6/87,1/1/99,Senior Engineer
257967,Premal,Skogmar,5/29/63,3/22/86,1/1/99,Staff
257970,Katsuyuki,Ranst,12/21/62,6/18/86,1/1/99,Senior Engineer
257981,Sven,Middleton,7/17/62,3/20/87,1/1/99,Engineer
257990,Arun,Casley,1/12/63,6/26/91,1/1/99,Senior Staff
258001,Kousuke,Asser,9/22/62,8/4/90,1/1/99,Engineer
258021,Guozhong,Tomescu,1/28/62,2/16/88,1/1/99,Staff
258024,Mark,Strooper,5/28/64,1/26/86,1/1/99,Staff
258025,Mihalis,Hiraishi,3/19/63,5/26/95,1/1/99,Staff
258027,Garnik,Bain,4/3/63,11/28/91,1/1/99,Staff
258028,Mountaz,Reinhart,1/7/65,7/3/01,1/1/99,Engineer
258030,Luigi,Aamodt,8/4/63,7/29/98,1/1/99,Staff
258051,Kwok,Gulla,7/11/63,10/6/89,1/1/99,Assistant Engineer
258055,Subhash,Steinauer,7/7/64,4/30/86,1/1/99,Engineer
258059,Claudi,Dayang,4/11/62,6/8/97,1/1/99,Engineer
258063,Sreenivas,Porenta,11/19/62,4/9/99,1/1/99,Engineer
258066,Almudena,Merks,1/29/64,4/16/92,1/1/99,Senior Engineer
258067,Shridhar,Mahnke,5/3/64,6/13/95,1/1/99,Assistant Engineer
258073,Fatemeh,Muntz,10/6/63,3/10/85,1/1/99,Senior Staff
258074,Huican,Suppi,12/22/64,2/15/88,1/1/99,Technique Leader
258080,Malu,Perz,9/12/62,10/7/86,1/1/99,Technique Leader
258081,Aria,Perl,5/9/62,3/4/98,1/1/99,Assistant Engineer
258087,Zita,Marrevee,8/14/64,2/13/02,1/1/99,Staff
258095,Martina,Restivo,10/22/63,11/29/98,1/1/99,Staff
258098,Saniya,Pelc,9/6/62,7/15/95,1/1/99,Assistant Engineer
258116,Monique,Roccetti,5/22/64,6/27/94,1/1/99,Staff
258123,Shichao,Viele,1/9/63,9/12/93,1/1/99,Staff
258124,Mariusz,Zolotykh,1/17/65,7/28/90,1/1/99,Senior Staff
258130,Goh,Denos,12/22/62,11/14/97,1/1/99,Engineer
258134,Dzung,Straney,11/19/62,11/26/93,1/1/99,Senior Staff
258155,Mart,Waeselynck,11/2/62,7/15/91,1/1/99,Senior Staff
258158,Alagu,Lagarias,4/23/62,3/1/91,1/1/99,Senior Staff
258162,Kiyokazu,Angelov,6/4/64,10/12/97,1/1/99,Engineer
258163,Constantijn,Stifter,1/13/62,6/26/96,1/1/99,Engineer
258165,Remko,Thibadeau,4/7/64,7/3/95,1/1/99,Staff
258172,Gully,Nitsche,12/9/64,10/23/97,1/1/99,Staff
258174,Weijing,Srimani,11/6/64,4/29/92,1/1/99,Senior Staff
258179,Gino,Honiden,7/12/62,9/10/92,1/1/99,Engineer
258182,Guozhong,Brandsma,3/12/62,4/3/89,1/1/99,Senior Engineer
258208,Divine,Lores,9/16/63,2/8/02,1/1/99,Senior Staff
258215,Tayeb,Falster,12/4/63,9/21/99,1/1/99,Staff
258218,Boalin,Thambidurai,10/10/62,7/31/97,1/1/99,Senior Engineer
258220,Angus,Kroon,12/10/62,8/23/88,1/1/99,Senior Engineer
258221,Tiina,Bridgland,10/31/63,6/3/89,1/1/99,Engineer
258226,Szabolcs,Felder,9/13/63,7/5/96,1/1/99,Engineer
258229,Heeju,Herath,10/11/64,7/12/02,1/1/99,Engineer
258235,Shaibal,Niizuma,1/11/62,2/16/94,1/1/99,Senior Staff
258236,Luerbio,Brodal,1/31/64,4/30/98,1/1/99,Engineer
258246,DAIDA,Alpay,9/13/64,8/9/92,1/1/99,Engineer
258253,Zhongwei,Bernatsky,11/28/64,2/23/86,1/1/99,Senior Staff
258262,Kenton,Conry,1/15/62,11/2/94,1/1/99,Engineer
258266,Toney,Condotta,4/21/63,10/16/97,1/1/99,Engineer
258267,Arun,Brattka,6/4/63,10/5/97,1/1/99,Technique Leader
258272,Chuanyi,Colorni,2/24/63,6/6/92,1/1/99,Staff
258278,Amstein,Zuberek,4/22/64,4/16/94,1/1/99,Senior Staff
258281,Heon,Spataro,10/17/64,4/5/86,1/1/99,Senior Staff
258286,Marla,Skrikant,12/19/62,11/23/91,1/1/99,Senior Engineer
258290,Parviz,Trachtenberg,6/23/62,12/3/93,1/1/99,Staff
258304,Peer,Baca,5/28/62,7/13/85,1/1/99,Staff
258314,Gila,Masand,3/16/63,4/22/94,1/1/99,Senior Staff
258322,Adhemar,Biran,12/1/62,1/9/91,1/1/99,Engineer
258325,Khosrow,Versino,8/17/63,7/13/97,1/1/99,Staff
258331,Chuanti,Neiman,1/23/64,10/4/97,1/1/99,Staff
258332,Hugo,Vernadat,2/12/64,3/31/97,1/1/99,Staff
258348,Alair,Haldar,5/10/64,4/30/97,1/1/99,Assistant Engineer
258352,Shigenori,Simmen,4/15/62,9/26/97,1/1/99,Engineer
258353,Kauko,Zuberek,1/6/63,9/14/92,1/1/99,Staff
258356,Mikhail,Porotnikoff,6/19/64,2/16/98,1/1/99,Staff
258369,Tianruo,Delgrossi,4/29/63,4/19/97,1/1/99,Staff
258370,Kamakshi,Raney,8/12/63,1/2/92,1/1/99,Senior Staff
258374,Mrinalini,Verspoor,12/31/64,7/7/91,1/1/99,Engineer
258383,Yongqiao,Hertweck,6/21/64,6/17/91,1/1/99,Senior Staff
258392,Naftaly,Raczkowsky,9/5/63,7/28/00,1/1/99,Engineer
258404,Mingsen,Limongiello,6/4/64,8/2/97,1/1/99,Engineer
258420,Arne,Geffroy,8/1/62,9/7/86,1/1/99,Senior Staff
258422,Takahito,Motley,9/12/62,12/16/87,1/1/99,Staff
258424,Shuky,Bennet,2/3/63,3/28/94,1/1/99,Senior Engineer
258425,Mooi,Ratnaker,3/31/62,10/23/89,1/1/99,Technique Leader
258431,Boalin,Stavenow,10/28/63,5/13/89,1/1/99,Engineer
258439,Shao,Tagansky,1/14/63,4/15/93,1/1/99,Senior Staff
258441,Jingling,Nollmann,12/12/62,7/5/90,1/1/99,Senior Engineer
258442,Demos,Cichocki,10/23/64,8/30/86,1/1/99,Senior Engineer
258443,Serap,Slaats,9/25/63,8/7/88,1/1/99,Senior Engineer
258452,Lorien,Peot,1/16/64,9/1/96,1/1/99,Senior Staff
258460,Sarita,Murillo,7/4/63,5/8/88,1/1/99,Engineer
258468,Danai,Demir,2/9/64,2/21/87,1/1/99,Engineer
258470,Weiwu,Butner,1/4/65,2/14/95,1/1/99,Staff
258478,Leif,Feinberg,5/19/62,11/28/85,1/1/99,Senior Staff
258486,Sariel,Zultner,2/21/62,5/14/91,1/1/99,Engineer
258492,Sanjit,Hambrick,12/17/64,7/20/93,1/1/99,Senior Engineer
258499,Jouko,Fandrianto,12/9/62,8/21/87,1/1/99,Staff
258502,Sajjad,Jeansoulin,2/15/62,1/21/90,1/1/99,Technique Leader
258511,Sven,Karnin,11/17/64,2/9/92,1/1/99,Senior Staff
258512,Teunis,Farrow,3/7/63,10/3/96,1/1/99,Staff
258528,Venkatesan,Sherertz,1/2/64,6/18/88,1/1/99,Senior Staff
258531,Arvin,Menyhert,3/15/63,9/22/89,1/1/99,Staff
258536,Suebskul,Baby,3/29/63,5/22/87,1/1/99,Staff
258544,Demos,Bahi,11/8/63,10/5/86,1/1/99,Senior Engineer
258552,Yakichi,Mitzlaff,12/20/62,5/12/93,1/1/99,Staff
258556,Hidekazu,Trystram,2/13/64,12/27/90,1/1/99,Engineer
258561,Souichi,Esposito,12/30/63,10/23/86,1/1/99,Senior Staff
258578,Takanari,Murtagh,4/27/63,11/26/90,1/1/99,Senior Staff
258589,Jagoda,Luon,11/7/62,1/28/98,1/1/99,Engineer
258590,Mariusz,Warwick,4/26/64,4/23/85,1/1/99,Senior Engineer
258592,Laurentiu,Tetzlaff,2/16/62,8/27/97,1/1/99,Engineer
258596,Hein,Stifter,1/14/63,7/13/98,1/1/99,Engineer
258601,Genta,Wilharm,7/15/64,5/21/99,1/1/99,Technique Leader
258605,Yolla,Choobineh,8/16/63,1/24/91,1/1/99,Assistant Engineer
258612,Phillip,Merli,11/2/62,2/1/89,1/1/99,Senior Engineer
258613,Tzu,Bakhtari,12/13/63,11/28/91,1/1/99,Staff
258615,Nechama,Pintelas,7/3/63,11/9/85,1/1/99,Senior Engineer
258626,Erez,Hofting,11/15/62,1/21/98,1/1/99,Staff
258642,Nimmagadda,Hofmeyr,5/6/63,10/27/93,1/1/99,Senior Staff
258643,Przemyslawa,Esposito,1/11/65,2/27/92,1/1/99,Engineer
258656,Sivanarayana,Reinhart,3/28/62,3/6/95,1/1/99,Engineer
258664,Kagan,Stroustrup,12/7/63,5/5/87,1/1/99,Senior Staff
258665,Adel,Fontan,3/23/63,3/30/96,1/1/99,Engineer
258677,Shiv,Chaudhuri,4/30/64,3/17/86,1/1/99,Engineer
258679,Mizuhito,Gniady,4/27/64,1/7/91,1/1/99,Staff
258684,Yonghoan,Miyakawa,6/2/64,11/24/92,1/1/99,Senior Staff
258686,Tetsushi,Eickenmeyer,4/8/64,8/23/98,1/1/99,Assistant Engineer
258687,Conal,Collette,7/10/64,1/18/94,1/1/99,Engineer
258688,Shahar,Rouquie,8/25/63,6/21/92,1/1/99,Senior Staff
258689,Vishv,Rebaine,7/3/63,8/26/86,1/1/99,Engineer
258691,Nagui,Marciano,7/21/63,1/3/97,1/1/99,Senior Staff
258696,DeForest,Kragelund,8/8/62,8/1/87,1/1/99,Staff
258704,Nigel,Kuhnemann,10/21/64,12/27/96,1/1/99,Staff
258709,Tristan,Murtafg,10/31/64,12/26/92,1/1/99,Staff
258718,Lansing,Feinberg,1/20/62,10/14/87,1/1/99,Senior Engineer
258726,Adin,Tsunoo,4/19/64,5/22/95,1/1/99,Staff
258728,Mototsugu,Gelosh,2/19/62,3/8/91,1/1/99,Senior Staff
258730,Sastry,Roisin,2/21/62,11/7/88,1/1/99,Senior Staff
258749,Badri,Flanders,9/17/62,8/22/93,1/1/99,Senior Engineer
258770,Jongsuk,Hinsberger,8/6/62,5/7/86,1/1/99,Senior Engineer
258779,Sukumar,Verhoeff,3/13/62,7/23/90,1/1/99,Senior Engineer
258783,Woody,Sundgren,2/13/62,1/21/99,1/1/99,Engineer
258784,Chikako,Stroustrup,1/12/62,12/11/87,1/1/99,Engineer
258794,Gao,Cyne,8/6/62,9/27/87,1/1/99,Senior Engineer
258803,Zhiguo,Bresenham,3/23/62,8/4/90,1/1/99,Engineer
258811,Jaideep,Barvinok,1/29/63,9/7/94,1/1/99,Senior Staff
258812,Ramalingam,Radivojevic,8/9/63,8/22/91,1/1/99,Senior Engineer
258820,Rayond,Hmelo,3/28/64,12/15/90,1/1/99,Staff
258839,Matk,Danecki,7/8/64,2/25/87,1/1/99,Senior Engineer
258844,Mokhtar,Alpay,5/5/64,9/8/97,1/1/99,Senior Engineer
258845,Ebbe,Capobianchi,11/4/63,7/20/98,1/1/99,Staff
258860,Felicidad,Barvinok,3/2/64,12/4/97,1/1/99,Engineer
258864,Susanta,Avouris,9/22/64,7/16/86,1/1/99,Staff
258876,Lobel,Szmurlo,3/19/63,1/25/92,1/1/99,Engineer
258895,Ronnie,Muhlberg,6/30/63,5/5/94,1/1/99,Staff
258903,Marek,Giarratana,8/16/62,3/5/99,1/1/99,Staff
258909,Leon,Kobara,6/12/64,7/31/85,1/1/99,Senior Staff
258910,Munir,Coorg,9/23/62,3/22/91,1/1/99,Senior Staff
258918,Dannz,Perin,7/13/64,10/3/93,1/1/99,Senior Staff
258919,Mikhail,Luit,9/24/62,10/27/98,1/1/99,Engineer
258931,Mori,Ritzmann,6/30/63,5/13/94,1/1/99,Senior Staff
258945,Van,Tischendorf,6/30/64,11/17/93,1/1/99,Staff
258948,Arnd,Christianini,4/25/64,10/16/95,1/1/99,Engineer
258950,Naftali,Brodal,5/11/62,2/23/91,1/1/99,Senior Staff
258954,Munir,Shiratori,7/8/62,7/28/99,1/1/99,Staff
258958,Anneli,Lieblein,12/9/63,4/12/96,1/1/99,Senior Engineer
258966,Xinan,Janocha,11/20/62,5/28/87,1/1/99,Senior Staff
258982,Hercules,Pepe,2/28/62,3/30/97,1/1/99,Senior Staff
258988,Samphel,Varley,7/29/62,9/6/92,1/1/99,Engineer
258998,Shem,Majewski,4/16/63,12/17/88,1/1/99,Engineer
259007,Zhenbing,Einsfeld,6/14/62,6/30/85,1/1/99,Engineer
259011,Frazer,Shumilov,6/27/64,3/14/90,1/1/99,Senior Staff
259012,Lidong,Trelles,5/21/64,8/4/97,1/1/99,Engineer
259023,Aloys,Bernardeschi,6/8/63,4/27/92,1/1/99,Senior Engineer
259028,Aksel,Rossi,8/31/63,6/4/99,1/1/99,Engineer
259030,Uma,Gulak,7/11/63,5/19/90,1/1/99,Senior Staff
259033,Unal,Ladret,2/10/62,11/3/94,1/1/99,Engineer
259035,Mana,Baaz,2/27/64,3/28/91,1/1/99,Staff
259042,Xiaoqiang,Farrow,1/12/65,1/1/97,1/1/99,Staff
259045,Sorina,Chaudhuri,9/9/64,7/14/88,1/1/99,Senior Staff
259054,Uli,Seuren,7/3/63,6/26/96,1/1/99,Engineer
259056,Kazuhira,Rattan,11/6/64,7/29/94,1/1/99,Engineer
259061,Aruna,Gopalakrishnan,2/4/64,1/25/89,1/1/99,Assistant Engineer
259065,Kwangsub,Katiyar,11/22/63,7/26/90,1/1/99,Senior Engineer
259077,Horward,Sevcikova,1/19/63,6/12/93,1/1/99,Staff
259078,Tsuneo,Swen,7/6/64,3/18/85,1/1/99,Staff
259086,Masaru,Sidou,8/25/64,5/15/89,1/1/99,Senior Staff
259089,Aamer,Baba,6/8/63,8/3/00,1/1/99,Staff
259090,Shaowei,Halevi,12/2/64,2/7/97,1/1/99,Engineer
259091,Vatsa,Asser,8/30/63,2/8/93,1/1/99,Senior Engineer
259092,Valdiodio,Ranze,1/14/64,7/26/95,1/1/99,Engineer
259099,Parto,Pluym,8/7/64,2/5/92,1/1/99,Staff
259113,Mandell,Salverda,3/4/63,7/7/91,1/1/99,Staff
259118,Vivian,Pietracaprina,8/9/62,6/14/90,1/1/99,Senior Engineer
259122,Uli,Honiden,9/30/62,12/31/94,1/1/99,Senior Engineer
259129,Yucai,Sherertz,9/1/63,7/23/99,1/1/99,Technique Leader
259132,Eric,Cheshire,9/16/63,3/24/89,1/1/99,Staff
259145,Oddvar,Gadepally,9/14/62,9/1/94,1/1/99,Engineer
259148,Qunsheng,Whitcomb,10/26/64,6/19/96,1/1/99,Senior Staff
259162,Masasuke,Mikschl,2/27/63,11/17/85,1/1/99,Senior Engineer
259165,Moss,Guting,3/13/62,7/19/96,1/1/99,Senior Engineer
259171,Frederique,Gyorkos,3/5/63,1/15/90,1/1/99,Senior Staff
259178,Laurentiu,Ouhyoung,5/27/62,11/9/91,1/1/99,Staff
259187,Kristof,Vesel,8/30/62,10/27/86,1/1/99,Senior Staff
259188,Aria,Chinal,6/13/63,9/20/97,1/1/99,Assistant Engineer
259191,Suvo,Talmon,3/19/62,7/21/86,1/1/99,Senior Staff
259192,Mang,Rando,10/20/63,7/9/89,1/1/99,Senior Staff
259201,Boalin,Remmele,7/16/64,4/2/89,1/1/99,Senior Staff
259203,Kristian,Shanbhogue,10/9/63,12/16/87,1/1/99,Staff
259210,Thanasis,Munoz,8/14/63,11/9/96,1/1/99,Senior Staff
259213,Matk,Baja,8/8/62,7/27/88,1/1/99,Senior Engineer
259218,Narain,Rettelbach,1/3/64,5/3/01,1/1/99,Staff
259221,Siamak,Gils,5/8/64,1/7/93,1/1/99,Engineer
259228,Sastry,Mikschl,7/26/64,4/13/91,1/1/99,Staff
259231,Keung,Lunt,10/16/62,11/10/95,1/1/99,Senior Engineer
259237,Palash,Gammage,1/27/65,10/23/87,1/1/99,Staff
259252,Stein,Bail,1/19/63,8/4/95,1/1/99,Engineer
259264,Huan,Garnham,9/12/63,7/25/90,1/1/99,Senior Staff
259273,Xiahua,Gomatam,1/22/65,12/1/89,1/1/99,Senior Engineer
259274,Cordelia,Speer,8/15/64,10/24/96,1/1/99,Senior Staff
259278,Shaz,Schwartzbauer,7/7/63,7/4/93,1/1/99,Engineer
259282,Aran,Fordan,5/5/64,4/27/90,1/1/99,Engineer
259284,Mori,Shumilov,1/13/64,9/18/85,1/1/99,Engineer
259287,Ziyad,Boudaillier,11/24/64,11/13/89,1/1/99,Senior Engineer
259290,Randi,Cochrane,8/3/64,8/22/90,1/1/99,Engineer
259298,Satyanarayana,Jervis,10/14/62,4/22/85,1/1/99,Staff
259303,Heather,Vuskovic,4/21/63,2/21/96,1/1/99,Senior Staff
259305,Aron,Melichar,11/20/64,11/15/91,1/1/99,Senior Staff
259321,Arlette,Kusakari,11/4/64,11/8/98,1/1/99,Senior Staff
259324,Gila,Majewski,6/27/62,7/15/97,1/1/99,Staff
259340,Dung,Bahr,2/26/64,9/12/85,1/1/99,Senior Engineer
259346,Bedir,Rodier,1/22/63,7/9/90,1/1/99,Senior Staff
259356,Vidya,Jervis,5/2/62,8/1/95,1/1/99,Engineer
259357,Bernardo,Kaelbling,1/5/64,8/1/91,1/1/99,Engineer
259359,Monique,Stanger,6/1/62,12/14/99,1/1/99,Engineer
259367,Jiann,Puppo,10/26/62,11/27/90,1/1/99,Senior Engineer
259373,Youpyo,Delaune,7/18/63,8/30/86,1/1/99,Senior Engineer
259381,Alois,Lakshmanan,5/25/62,6/13/95,1/1/99,Engineer
259385,Jaana,Itzfeldt,10/15/62,6/18/89,1/1/99,Senior Engineer
259386,Karsten,Perin,11/30/62,8/31/90,1/1/99,Senior Staff
259388,Xiadong,Cools,12/19/63,4/2/96,1/1/99,Senior Staff
259389,Shigeaki,Awdeh,9/20/62,10/24/90,1/1/99,Engineer
259395,Ingemar,Burnard,4/7/64,10/13/98,1/1/99,Engineer
259396,Franziska,Valtorta,2/22/62,10/2/99,1/1/99,Staff
259398,Georgi,Kriebel,10/11/62,9/21/92,1/1/99,Senior Staff
259404,Pintsang,Stasinski,6/12/63,11/18/98,1/1/99,Engineer
259406,Roddy,Kornatzky,6/4/63,1/18/98,1/1/99,Staff
259417,Boutros,Nyrup,2/27/64,11/30/91,1/1/99,Technique Leader
259418,Yannik,Morrey,2/18/64,1/20/91,1/1/99,Engineer
259419,Claude,Bale,10/11/62,7/30/94,1/1/99,Engineer
259421,Shen,Kushnir,8/3/63,10/25/89,1/1/99,Senior Engineer
259445,Goo,Stavenow,2/5/63,2/13/88,1/1/99,Senior Engineer
259448,Mari,Conti,2/7/63,6/28/99,1/1/99,Senior Staff
259455,Muneo,Verhoeff,2/22/63,1/28/91,1/1/99,Senior Engineer
259461,Gila,Mellouli,2/13/62,3/2/89,1/1/99,Senior Staff
259462,Ingemar,Veevers,3/26/63,1/1/99,1/1/99,Staff
259463,Jackson,Jenevein,2/12/63,12/4/89,1/1/99,Technique Leader
259474,Moti,Brookner,6/11/62,12/10/91,1/1/99,Staff
259476,Sahrah,Haraldson,5/21/62,11/10/97,1/1/99,Senior Engineer
259481,Sastry,Hagimont,12/21/62,1/4/90,1/1/99,Senior Engineer
259488,Kensyu,Pintelas,6/8/63,12/17/90,1/1/99,Senior Engineer
259497,Zito,Demian,10/30/63,2/7/86,1/1/99,Staff
259511,Patricia,Keirsey,12/28/64,8/31/95,1/1/99,Engineer
259515,Gino,Birjandi,4/3/62,1/5/89,1/1/99,Senior Staff
259516,Janche,Bauknecht,2/16/63,6/6/97,1/1/99,Staff
259520,Kellyn,Schrift,1/21/63,7/14/88,1/1/99,Senior Engineer
259532,Mikhail,Luef,3/7/63,2/27/85,1/1/99,Senior Staff
259534,Navid,Rattan,12/11/64,1/1/88,1/1/99,Senior Staff
259535,Yongmao,Bardell,9/10/62,5/27/88,1/1/99,Senior Engineer
259539,Steve,Isaac,12/30/64,6/9/92,1/1/99,Senior Staff
259543,Navid,Roisin,6/28/62,6/20/86,1/1/99,Staff
259545,Khedija,Willoner,6/2/63,4/4/87,1/1/99,Senior Staff
259546,Barun,Luce,3/16/64,11/22/97,1/1/99,Engineer
259550,Guangming,Terkki,9/18/62,10/30/89,1/1/99,Assistant Engineer
259561,Weidon,Chenoweth,9/17/64,8/28/90,1/1/99,Senior Staff
259570,Kotesh,Vieri,12/1/64,11/19/90,1/1/99,Senior Staff
259575,Zijian,Lorin,4/4/63,3/31/87,1/1/99,Senior Staff
259582,Yuichiro,Bugrara,3/21/64,9/17/96,1/1/99,Staff
259589,Oddvar,Pelc,12/13/64,3/23/85,1/1/99,Senior Staff
259591,Oddvar,Shinomoto,10/1/64,11/24/87,1/1/99,Senior Staff
259596,Troy,Ullian,1/25/62,3/3/93,1/1/99,Senior Staff
259599,Patricio,Pelz,11/8/63,8/24/85,1/1/99,Technique Leader
259600,Saddek,Marrevee,8/17/64,1/25/88,1/1/99,Senior Staff
259604,Rafael,Renear,1/23/64,12/24/93,1/1/99,Engineer
259611,Shuichi,Marrakchi,1/27/65,8/21/90,1/1/99,Senior Staff
259618,Sibyl,Pelz,11/29/64,2/16/92,1/1/99,Staff
259619,Conal,Magliocco,1/21/65,5/9/92,1/1/99,Senior Staff
259626,Weiyi,Ossenbruggen,12/1/64,7/10/95,1/1/99,Senior Staff
259627,Mircea,Spataro,4/25/63,6/20/96,1/1/99,Senior Engineer
259643,Gennadi,Rande,5/24/64,8/6/91,1/1/99,Senior Engineer
259645,Heeju,Feinberg,11/26/64,3/21/93,1/1/99,Senior Staff
259646,Toshimo,Milicia,1/24/64,10/9/98,1/1/99,Engineer
259648,Jouni,Orlowski,6/25/62,4/27/94,1/1/99,Senior Engineer
259683,Abdulla,Levergood,9/28/63,7/13/91,1/1/99,Engineer
259690,Conal,Pauthner,6/22/63,4/8/89,1/1/99,Senior Staff
259701,Goh,Ciolek,2/5/62,6/11/96,1/1/99,Staff
259705,Marie,Khalid,3/25/64,9/10/94,1/1/99,Engineer
259709,Yannik,Randi,7/16/64,3/26/89,1/1/99,Senior Engineer
259710,Richard,Adachi,11/19/63,10/28/94,1/1/99,Staff
259718,Stepehn,Bouloucos,1/24/65,12/13/93,1/1/99,Senior Staff
259720,Gen,Bresenham,4/10/62,12/1/85,1/1/99,Engineer
259721,Moto,Yurek,1/16/63,3/27/96,1/1/99,Engineer
259723,Arno,Chvatal,4/20/63,7/2/86,1/1/99,Senior Engineer
259735,Angus,Cheshire,2/21/63,4/23/88,1/1/99,Senior Engineer
259744,Lunjin,Coors,3/31/62,6/21/94,1/1/99,Senior Engineer
259761,Collette,Terwilliger,8/1/63,8/2/93,1/1/99,Senior Staff
259773,Duri,Munro,3/13/64,3/5/86,1/1/99,Staff
259774,Frazer,Bisiani,4/19/62,11/30/85,1/1/99,Technique Leader
259780,Noritoshi,Akazan,12/23/63,1/3/97,1/1/99,Senior Staff
259790,Kensei,Wossner,10/28/64,9/29/93,1/1/99,Technique Leader
259801,Matk,Wegerle,11/7/62,11/16/92,1/1/99,Senior Staff
259802,Aemilian,Penn,11/19/64,6/22/87,1/1/99,Senior Staff
259804,Lunjin,Levasseur,4/30/63,8/18/91,1/1/99,Engineer
259815,Nahla,Budinsky,3/21/63,7/24/96,1/1/99,Engineer
259829,Mrinalini,Kabayashi,1/13/62,6/3/88,1/1/99,Staff
259830,Holgard,Nations,2/28/64,1/2/86,1/1/99,Senior Engineer
259832,Jeane,Vieth,11/29/64,12/10/96,1/1/99,Senior Engineer
259834,Fay,Sambasivam,11/1/62,2/3/92,1/1/99,Staff
259839,Weidon,McFarlin,5/29/63,2/20/99,1/1/99,Staff
259840,Doohun,Junot,12/11/62,4/20/97,1/1/99,Staff
259845,Mohua,Pargas,7/21/62,12/15/92,1/1/99,Engineer
259851,Goetz,Gill,10/25/64,3/29/96,1/1/99,Staff
259853,Shietung,Godskesen,5/12/63,4/13/89,1/1/99,Senior Engineer
259854,Berni,Khamsi,3/27/62,10/2/87,1/1/99,Senior Staff
259855,Gaetan,Harnett,6/24/64,9/11/92,1/1/99,Senior Staff
259861,Diederik,Meriste,3/15/64,4/12/92,1/1/99,Senior Staff
259862,Foong,Templeman,12/4/64,2/14/85,1/1/99,Senior Staff
259865,Leif,Glinert,11/23/64,6/16/89,1/1/99,Senior Staff
259871,Eric,Stamatiou,12/5/63,1/9/86,1/1/99,Senior Staff
259885,Moni,Ishibashi,5/29/62,6/13/91,1/1/99,Engineer
259887,Krisda,Chaudhury,2/22/62,10/24/90,1/1/99,Senior Staff
259912,Avishai,Rothe,1/5/62,12/13/88,1/1/99,Senior Staff
259914,Tuval,Asrin,4/20/62,10/20/90,1/1/99,Staff
259934,Hsiangchu,Heystek,4/9/64,2/8/93,1/1/99,Senior Engineer
259939,Kauko,Borovoy,1/4/64,12/2/94,1/1/99,Staff
259961,Marc,Eldridge,6/23/62,12/1/91,1/1/99,Senior Engineer
259975,Kasturi,Beerel,7/20/64,7/22/97,1/1/99,Staff
259980,Mary,Muntz,6/11/62,9/15/86,1/1/99,Senior Engineer
259984,Moti,Domenig,11/7/62,1/14/98,1/1/99,Engineer
259985,Xianlong,Sichman,7/4/62,7/26/94,1/1/99,Engineer
259991,Augustine,Flexer,3/18/62,1/24/98,1/1/99,Staff
259994,Chandrasekaran,Terkki,5/11/63,9/20/92,1/1/99,Engineer
259996,George,Peres,2/10/64,5/30/98,1/1/99,Engineer
260006,Lansing,Nitto,7/16/64,9/7/89,1/1/99,Staff
260014,Eckart,Sgarro,3/31/62,3/10/88,1/1/99,Assistant Engineer
260015,Jovan,Asrin,10/19/63,8/13/91,1/1/99,Senior Staff
260020,Almudena,Weedman,10/16/63,2/5/86,1/1/99,Technique Leader
260022,Shaowei,Schmezko,10/30/64,12/31/94,1/1/99,Senior Staff
260024,Subbu,Zaiane,3/21/64,9/9/89,1/1/99,Engineer
260025,Mahmut,Giveon,6/26/64,9/19/97,1/1/99,Staff
260026,Munenori,Katalagarianos,5/24/63,5/16/98,1/1/99,Staff
260030,Paloma,Ulupinar,11/17/64,6/30/86,1/1/99,Senior Staff
260032,Rafael,Pettis,10/13/63,7/30/85,1/1/99,Engineer
260036,Abdelghani,Fritzsche,12/7/63,3/21/90,1/1/99,Engineer
260045,Hercules,Kalsbeek,8/4/64,1/30/97,1/1/99,Senior Staff
260048,Magdalena,Ambroszkiewicz,8/26/64,1/10/87,1/1/99,Senior Staff
260051,Chinhyun,Luca,4/1/63,11/11/96,1/1/99,Technique Leader
260054,Tomoyuki,Akaboshi,3/11/64,9/20/98,1/1/99,Senior Staff
260056,Mart,Kuzuoka,9/2/62,11/10/85,1/1/99,Senior Engineer
260060,Lech,Leivant,5/29/64,6/5/92,1/1/99,Senior Staff
260071,Mandell,Kawashimo,5/14/63,5/17/85,1/1/99,Senior Engineer
260075,Herb,Choobineh,2/16/64,6/1/93,1/1/99,Senior Engineer
260078,Arnould,Ramamoorthy,5/13/63,3/14/98,1/1/99,Engineer
260084,Jingling,Jansch,7/24/63,2/28/97,1/1/99,Engineer
260085,Gennadi,Ramaiah,7/8/62,8/5/88,1/1/99,Senior Engineer
260086,Mart,Butterworth,5/30/62,10/29/92,1/1/99,Senior Staff
260089,Sashi,Crouzet,12/1/63,9/6/96,1/1/99,Staff
260095,Shai,Rusmann,5/31/64,3/31/95,1/1/99,Technique Leader
260112,Berna,Schlumberger,7/12/62,10/7/92,1/1/99,Senior Engineer
260113,Samphel,Stasinski,1/9/63,3/3/88,1/1/99,Senior Staff
260133,Shao,Cangellaris,2/20/63,11/24/99,1/1/99,Engineer
260135,Stella,Luga,10/7/64,1/19/02,1/1/99,Assistant Engineer
260153,Mingdong,Baar,1/28/65,10/14/91,1/1/99,Technique Leader
260158,Hugo,Giveon,2/5/62,3/16/93,1/1/99,Engineer
260159,Kankanahalli,Feinberg,3/23/63,9/5/92,1/1/99,Senior Engineer
260165,Kamran,Waschkowski,5/11/64,10/9/90,1/1/99,Senior Engineer
260172,Remco,Chimia,4/20/64,3/19/85,1/1/99,Engineer
260174,Christophe,Giaccio,12/31/62,3/5/90,1/1/99,Senior Engineer
260182,Nimmagadda,Hiraishi,1/19/63,12/28/89,1/1/99,Staff
260209,Venkatesan,Luca,5/22/62,5/1/86,1/1/99,Staff
260210,Boalin,Gargeya,7/3/63,7/30/99,1/1/99,Senior Engineer
260216,Nechama,Leslie,5/13/62,9/24/90,1/1/99,Engineer
260223,Vasiliy,Gopalakrishnan,1/31/63,9/23/86,1/1/99,Engineer
260224,Yannis,Fontet,9/21/64,7/16/93,1/1/99,Senior Staff
260228,Katsuo,Denos,12/20/62,11/4/87,1/1/99,Senior Staff
260237,Debaprosad,Oaver,8/17/64,7/16/99,1/1/99,Engineer
260241,Shrikanth,Thorelli,3/22/63,7/16/98,1/1/99,Staff
260245,Yannis,Pepe,9/17/64,12/5/86,1/1/99,Staff
260249,Vugranam,Beausoleil,1/22/65,5/14/98,1/1/99,Staff
260251,Somnath,Tetzlaff,11/3/62,4/24/89,1/1/99,Senior Staff
260265,Vatsa,Jonsson,6/30/63,6/21/89,1/1/99,Senior Staff
260275,Luigi,Back,9/7/64,10/6/94,1/1/99,Senior Engineer
260276,Sachar,Baranowski,1/20/62,6/9/89,1/1/99,Senior Staff
260278,Shalesh,Pietracaprina,12/5/63,2/15/92,1/1/99,Senior Engineer
260295,Pohua,Munch,4/6/62,4/29/98,1/1/99,Staff
260297,Debaprosad,Magalhaes,2/10/63,11/1/91,1/1/99,Staff
260304,Taegyun,Ballarin,12/3/62,2/1/89,1/1/99,Senior Staff
260309,Aral,Bratten,8/7/64,10/6/99,1/1/99,Staff
260314,Garnik,Scallan,4/28/63,12/4/98,1/1/99,Senior Engineer
260315,Unal,Skrikant,6/10/64,6/6/02,1/1/99,Senior Staff
260318,Charlene,Pargaonkar,7/3/62,5/20/87,1/1/99,Senior Staff
260319,Jaber,Ashish,6/22/64,8/22/98,1/1/99,Engineer
260320,Yishai,Carrera,2/7/62,3/22/94,1/1/99,Staff
260326,Henk,Iisaku,1/25/64,2/9/85,1/1/99,Senior Engineer
260329,Basim,Esposito,9/5/63,7/20/90,1/1/99,Engineer
260335,Palash,Denis,11/28/64,4/15/87,1/1/99,Senior Staff
260336,Denny,Rajala,10/16/62,9/14/87,1/1/99,Staff
260337,Filipp,Teitelbaum,8/16/64,7/8/85,1/1/99,Senior Engineer
260345,Moty,Genther,2/28/63,9/21/85,1/1/99,Senior Staff
260351,Nadjib,Angelopoulos,1/23/64,12/8/96,1/1/99,Staff
260361,Reinhold,Rahier,1/25/65,10/9/97,1/1/99,Engineer
260362,Mansur,Soloway,10/22/63,4/11/89,1/1/99,Senior Engineer
260363,Subbu,Ermel,2/22/62,5/27/98,1/1/99,Engineer
260389,Dhritiman,Coors,9/21/63,10/23/96,1/1/99,Senior Staff
260390,Munehiko,Simkin,11/18/62,3/16/91,1/1/99,Senior Staff
260395,Evgueni,Vilarrasa,1/10/62,8/18/88,1/1/99,Engineer
260397,Nikolaos,Crabtree,9/4/63,1/9/95,1/1/99,Staff
260399,Hatem,Birsak,1/30/65,4/10/89,1/1/99,Senior Staff
260405,Xiaocheng,Syang,10/2/63,3/25/91,1/1/99,Senior Staff
260408,Sasan,Brookner,1/19/65,9/3/96,1/1/99,Senior Staff
260421,Sashi,Heuter,3/8/63,8/15/98,1/1/99,Staff
260428,Oddvar,Lowrie,12/19/62,9/29/98,1/1/99,Engineer
260434,Neelam,Gulla,11/25/62,6/18/89,1/1/99,Senior Staff
260443,Constantijn,Buescher,10/23/63,5/30/92,1/1/99,Engineer
260444,Supot,Ramras,9/11/64,10/1/96,1/1/99,Engineer
260445,Danil,Krzyzanowski,3/16/63,5/24/90,1/1/99,Senior Engineer
260448,Lijia,Kushner,10/14/62,12/15/92,1/1/99,Staff
260451,Torsten,Chiola,10/14/62,12/13/85,1/1/99,Senior Staff
260452,Tze,Perin,12/16/62,7/5/87,1/1/99,Staff
260453,Elvis,Braunschweig,9/22/63,9/25/96,1/1/99,Senior Staff
260459,Zhaofang,Shanbhogue,2/1/64,5/6/85,1/1/99,Staff
260462,Giri,Braunmuhl,6/21/64,6/27/92,1/1/99,Senior Engineer
260465,Steen,Vernadat,5/27/64,4/21/85,1/1/99,Engineer
260466,Przemyslawa,Hebert,8/29/62,10/11/90,1/1/99,Senior Staff
260474,King,Marshall,11/14/62,8/7/93,1/1/99,Senior Engineer
260485,Alexius,Alencar,1/10/63,1/5/96,1/1/99,Staff
260490,Filipe,Spataro,1/13/63,8/15/92,1/1/99,Staff
260493,Boalin,Schaaf,9/23/64,6/7/86,1/1/99,Senior Staff
260495,Divine,Azadmanesh,8/28/64,12/15/90,1/1/99,Assistant Engineer
260497,Goetz,Ramaiah,7/22/63,10/22/90,1/1/99,Engineer
260501,Dzung,Pargas,1/14/65,5/17/90,1/1/99,Technique Leader
260506,Gad,Maraist,11/21/63,5/10/89,1/1/99,Senior Engineer
260509,Sreekrishna,Michaeli,8/24/64,3/13/90,1/1/99,Senior Staff
260512,Troy,Cannard,1/15/63,5/12/92,1/1/99,Senior Engineer
260514,Yakichi,Swen,10/14/63,4/13/88,1/1/99,Senior Staff
260515,Sachar,Karunanithi,10/22/64,8/22/89,1/1/99,Staff
260523,Zengping,Kalefeld,8/12/63,9/14/89,1/1/99,Senior Staff
260524,Flemming,Peac,2/12/63,11/29/95,1/1/99,Staff
260530,Mooi,Taubman,4/11/62,3/17/92,1/1/99,Senior Engineer
260533,Naftali,Fontan,4/23/63,11/19/99,1/1/99,Senior Staff
260560,Christoper,Hatcliff,9/19/63,6/12/91,1/1/99,Senior Engineer
260563,Tonny,Vrecion,11/22/63,11/8/98,1/1/99,Staff
260564,Mayumi,Pepe,8/11/63,7/8/86,1/1/99,Senior Staff
260574,Hitomi,Mundy,7/1/62,11/20/87,1/1/99,Staff
260577,Dinkar,Smeets,8/27/63,10/4/93,1/1/99,Senior Engineer
260582,Ortrud,Cools,12/31/63,9/11/86,1/1/99,Senior Staff
260583,Gro,Thiria,5/23/62,1/16/95,1/1/99,Senior Staff
260584,Roddy,Thibadeau,9/24/62,9/12/99,1/1/99,Senior Engineer
260591,Guenter,Leuchs,6/30/63,3/3/95,1/1/99,Senior Staff
260594,Szabolcs,Chandrasekhar,9/12/63,3/6/97,1/1/99,Senior Engineer
260604,Snehasis,Kugler,9/13/62,10/1/96,1/1/99,Senior Engineer
260610,Berthier,Tasistro,8/14/62,5/22/98,1/1/99,Staff
260613,Stevo,Marletta,2/14/62,1/27/86,1/1/99,Senior Staff
260618,Hilari,Woycyznski,6/25/62,3/9/88,1/1/99,Technique Leader
260622,Arunachalam,Walston,5/28/62,6/1/93,1/1/99,Engineer
260623,Arlette,Swiler,11/16/64,5/28/91,1/1/99,Senior Engineer
260630,Anyuan,Zlotek,1/15/62,7/26/92,1/1/99,Technique Leader
260646,Gilbert,Keustermans,4/1/63,8/7/91,1/1/99,Engineer
260651,Foong,Bazzichi,6/11/63,9/19/97,1/1/99,Senior Staff
260654,Berhard,Zhang,7/25/62,11/19/86,1/1/99,Senior Engineer
260656,Reinhard,Perri,8/24/62,4/17/86,1/1/99,Senior Staff
260659,Georg,Ullian,5/7/64,3/26/89,1/1/99,Senior Staff
260661,Juyoung,Sluis,5/8/64,5/23/94,1/1/99,Technique Leader
260666,Marke,Bhattacharjee,11/28/63,4/7/97,1/1/99,Staff
260677,Subir,Pietracaprina,1/14/64,6/18/88,1/1/99,Engineer
260680,Kwun,Kilgour,3/27/63,7/28/87,1/1/99,Senior Staff
260687,Jolita,Matzov,5/10/62,11/16/97,1/1/99,Senior Staff
260689,Kristian,Bergere,1/2/63,2/17/92,1/1/99,Senior Engineer
260691,Christophe,Henders,2/11/64,7/15/02,1/1/99,Technique Leader
260698,Shietung,Morrin,2/12/64,5/23/93,1/1/99,Staff
260701,Aran,Kleiser,12/17/62,10/15/89,1/1/99,Senior Engineer
260703,Maia,Lamba,11/14/63,1/7/88,1/1/99,Staff
260710,Uta,Shimshoni,11/12/62,1/31/93,1/1/99,Senior Staff
260719,Gritta,Eiter,5/1/63,9/6/96,1/1/99,Senior Staff
260738,Val,Sudkamp,12/21/64,11/22/00,1/1/99,Engineer
260740,Rafail,Narahara,10/4/64,3/29/96,1/1/99,Engineer
260744,Cullen,Pena,8/5/63,10/1/87,1/1/99,Senior Staff
260746,Hilary,Baca,9/1/62,8/22/87,1/1/99,Senior Staff
260748,Mari,Ushiama,3/17/62,1/12/96,1/1/99,Senior Engineer
260749,Masamitsu,Pashtan,1/9/63,3/21/92,1/1/99,Staff
260757,Heon,Lunn,3/19/64,9/5/98,1/1/99,Senior Staff
260758,Udaiprakash,Baik,8/14/62,3/19/90,1/1/99,Staff
260760,Tremaine,Flexer,2/22/62,7/5/96,1/1/99,Engineer
260762,Mabhin,Karunanithi,3/7/63,7/17/94,1/1/99,Engineer
260763,Kwok,Gniady,1/21/62,4/8/90,1/1/99,Technique Leader
260768,Elvia,Valiente,4/21/64,9/18/89,1/1/99,Senior Engineer
260769,Xiaopeng,Papsdorf,5/3/62,5/27/95,1/1/99,Senior Staff
260776,Susanta,Douceur,7/6/63,7/25/95,1/1/99,Engineer
260782,Karsten,Wilharm,9/28/63,5/5/94,1/1/99,Engineer
260799,Arup,Dulay,9/11/64,2/5/99,1/1/99,Engineer
260802,Oddvar,Frolund,11/21/63,12/24/99,1/1/99,Staff
260803,Luisa,Braunschweig,9/10/64,3/3/85,1/1/99,Senior Staff
260812,Yishai,Keustermans,11/6/63,8/20/90,1/1/99,Engineer
260814,Kauko,Narlikar,8/22/63,8/2/98,1/1/99,Staff
260815,Arne,Lammel,3/10/63,10/30/89,1/1/99,Technique Leader
260819,Fay,Szemeredi,6/10/64,2/15/87,1/1/99,Staff
260820,Shaw,Juneja,4/1/64,6/24/85,1/1/99,Staff
260825,Terresa,Cannata,1/16/63,10/1/94,1/1/99,Senior Engineer
260829,Harngdar,Brandsma,4/22/64,8/30/99,1/1/99,Engineer
260830,Shridhar,Herber,12/25/64,10/26/93,1/1/99,Staff
260831,Sanjoy,Llado,12/3/62,7/17/96,1/1/99,Senior Staff
260832,Shigeu,Langford,10/21/64,12/19/86,1/1/99,Staff
260846,Bernt,Highland,9/25/64,2/15/90,1/1/99,Senior Engineer
260856,Diederik,Veevers,7/1/63,6/5/99,1/1/99,Technique Leader
260859,Stamatina,Gien,5/27/64,1/29/88,1/1/99,Senior Engineer
260869,Kenton,Gill,8/17/62,4/13/88,1/1/99,Senior Engineer
260870,Nitsan,Neimat,4/28/63,12/9/90,1/1/99,Staff
260879,Kristof,Lovengreen,7/23/63,11/3/91,1/1/99,Senior Engineer
260890,Amstein,Shinomoto,6/14/64,11/22/93,1/1/99,Senior Staff
260901,Narain,Mukaidono,4/28/64,2/11/96,1/1/99,Senior Staff
260904,Lobel,Angelopoulos,7/24/63,4/14/91,1/1/99,Senior Staff
260907,Paddy,Veevers,5/9/63,9/3/86,1/1/99,Senior Staff
260919,Mari,Luca,2/9/63,11/5/98,1/1/99,Engineer
260924,Kwangsub,Flexer,2/19/63,4/19/86,1/1/99,Senior Engineer
260931,Hauke,Brizzi,11/2/63,12/28/90,1/1/99,Staff
260932,Ranga,Gronowski,11/10/64,5/2/91,1/1/99,Assistant Engineer
260937,Chinho,Feinberg,11/26/64,9/12/97,1/1/99,Assistant Engineer
260938,Dhritiman,Avouris,11/10/63,2/13/91,1/1/99,Senior Engineer
260951,Ulf,Pauthner,3/5/63,5/25/95,1/1/99,Engineer
260953,Doowon,Mukaidono,11/5/64,10/9/90,1/1/99,Engineer
260956,Shuky,Picht,12/13/64,6/4/02,1/1/99,Staff
260962,Debatosh,Peres,9/18/62,3/7/91,1/1/99,Senior Staff
260968,Gonzalo,Velasco,7/4/62,2/11/99,1/1/99,Engineer
260971,Leif,Ferretti,7/21/62,9/1/94,1/1/99,Staff
260977,Dayanand,Jullig,12/17/62,10/29/92,1/1/99,Senior Staff
260988,Geoffrey,Ushiama,1/23/64,2/27/85,1/1/99,Engineer
260990,Vishu,Klyachko,1/22/63,5/24/93,1/1/99,Senior Staff
261002,Karlis,Perelgut,10/13/64,5/16/93,1/1/99,Senior Engineer
261014,Guozhong,Heering,10/21/63,7/27/96,1/1/99,Senior Staff
261022,Eirik,Suppi,1/15/62,12/31/85,1/1/99,Engineer
261026,Bingning,Rikino,3/22/63,7/29/94,1/1/99,Senior Staff
261027,Saeko,Cooke,8/2/63,7/26/88,1/1/99,Staff
261031,Gennadi,Percebois,11/17/62,12/29/99,1/1/99,Engineer
261034,Unal,Bale,3/25/63,9/3/98,1/1/99,Senior Engineer
261041,Willard,Panienski,2/3/64,4/8/85,1/1/99,Senior Engineer
261043,Annemarie,Bresenham,10/31/64,3/10/85,1/1/99,Assistant Engineer
261048,Huican,Majewski,8/13/62,4/23/96,1/1/99,Senior Staff
261051,Prasadram,Hockney,2/23/62,6/16/95,1/1/99,Staff
261052,Takahito,Ertl,10/15/63,5/23/89,1/1/99,Staff
261055,Barna,Hofmeyr,11/14/64,11/2/90,1/1/99,Engineer
261057,Etsuo,Stemann,12/16/62,3/25/91,1/1/99,Staff
261061,Kasturi,Aloisi,11/11/64,8/29/94,1/1/99,Senior Staff
261063,Irena,Schoegge,8/2/64,10/20/86,1/1/99,Senior Staff
261064,Mohamadou,Emmerich,1/3/63,3/20/94,1/1/99,Engineer
261077,Lijia,Hebert,3/15/64,9/2/92,1/1/99,Senior Staff
261079,Fumitake,Nanard,10/28/64,2/16/85,1/1/99,Technique Leader
261083,Ohad,Imataki,7/22/64,2/10/99,1/1/99,Staff
261085,Rildo,Birke,12/13/62,5/27/93,1/1/99,Staff
261086,Shao,Rande,8/13/63,8/21/92,1/1/99,Senior Engineer
261089,Guttorm,Matzel,5/23/64,12/8/97,1/1/99,Senior Engineer
261103,Faiza,Azumi,7/21/62,2/24/87,1/1/99,Senior Staff
261104,Kitty,Luiz,9/12/62,12/28/94,1/1/99,Engineer
261105,Shin,Ginneken,8/24/64,3/8/02,1/1/99,Staff
261106,Nobuyoshi,Dayang,12/9/64,12/29/92,1/1/99,Senior Engineer
261111,Billie,Makinen,5/25/64,11/17/94,1/1/99,Senior Staff
261117,Junichi,Businaro,2/7/62,9/14/88,1/1/99,Engineer
261118,KayLiang,Sridhar,5/11/63,8/2/92,1/1/99,Senior Engineer
261137,Vesna,Hambrick,5/6/64,7/12/90,1/1/99,Staff
261145,Srinidhi,Gadepally,11/17/64,10/7/91,1/1/99,Staff
261151,DAIDA,Oaver,8/28/63,12/27/85,1/1/99,Senior Staff
261156,Yolla,Breugel,6/25/64,9/17/92,1/1/99,Senior Engineer
261164,Conrado,Sundgren,1/10/63,12/31/98,1/1/99,Senior Staff
261167,Jiakeng,Frezza,11/5/63,6/25/91,1/1/99,Senior Staff
261175,Nidapan,Coorg,10/17/64,10/12/88,1/1/99,Senior Staff
261176,Saniya,Brookner,1/29/62,6/20/97,1/1/99,Senior Staff
261184,Masako,Kornatzky,1/30/65,8/29/87,1/1/99,Senior Engineer
261187,Akeel,Demri,7/23/62,11/27/85,1/1/99,Senior Staff
261200,Fei,Baezner,1/22/63,9/30/99,1/1/99,Staff
261207,Isaac,Picht,9/14/62,10/9/85,1/1/99,Engineer
261216,Hercules,Hedayat,10/6/62,5/29/95,1/1/99,Engineer
261218,Divine,Sinicrope,10/5/62,9/11/89,1/1/99,Engineer
261224,Mizuhito,Rosiles,5/2/62,10/16/94,1/1/99,Engineer
261233,Oksana,Seiwald,11/24/63,12/24/97,1/1/99,Senior Staff
261251,Alexius,Gente,8/30/63,1/1/97,1/1/99,Staff
261253,Adin,Kriebel,9/8/63,5/7/00,1/1/99,Engineer
261257,Navid,Benaini,6/22/62,11/16/94,1/1/99,Senior Engineer
261258,Mayuri,Fargier,4/13/63,3/9/87,1/1/99,Senior Engineer
261259,Bezalel,Eiter,4/11/62,10/11/92,1/1/99,Senior Staff
261269,Sverrir,Luef,6/14/63,6/20/98,1/1/99,Senior Engineer
261270,Gill,Nourani,2/24/63,12/10/89,1/1/99,Assistant Engineer
261280,Stafford,Farrow,2/27/63,6/1/85,1/1/99,Senior Engineer
261286,Gift,Pollacia,6/3/63,11/26/95,1/1/99,Senior Staff
261288,Jiong,Fujisawa,9/28/64,2/24/89,1/1/99,Senior Engineer
261295,Kwangjo,Gronowski,8/9/63,1/21/99,1/1/99,Engineer
261296,Pranjal,Stentiford,7/9/64,1/12/96,1/1/99,Engineer
261300,Fuqing,Kavanagh,8/11/62,4/2/94,1/1/99,Senior Engineer
261305,Khun,Nitsch,6/22/64,3/16/99,1/1/99,Senior Staff
261310,Domenick,Hartvigsen,6/25/63,1/8/90,1/1/99,Assistant Engineer
261312,Xiaoheng,Salverda,1/22/63,2/17/89,1/1/99,Senior Engineer
261315,Katsuo,Schrift,7/12/62,6/25/92,1/1/99,Staff
261328,Kazuhiro,Fadgyas,3/10/62,4/18/99,1/1/99,Senior Engineer
261332,Wanqing,Rande,3/13/64,10/1/99,1/1/99,Engineer
261341,Yuchang,Pocchiola,12/6/64,12/16/87,1/1/99,Staff
261344,Mandell,Porotnikoff,9/26/64,12/9/98,1/1/99,Engineer
261345,Bowen,Meriste,9/26/64,10/3/95,1/1/99,Technique Leader
261368,Katsuo,Lanzelotte,12/23/63,7/17/92,1/1/99,Senior Engineer
261373,Prasadram,Caine,7/27/63,5/3/89,1/1/99,Senior Engineer
261382,Sungwon,Iivonen,9/16/63,5/9/89,1/1/99,Senior Engineer
261393,Angus,Peac,12/17/62,1/19/95,1/1/99,Senior Staff
261402,Ekawit,Sudbeck,10/6/62,3/7/98,1/1/99,Engineer
261418,Jaber,Prochazka,9/19/64,5/1/96,1/1/99,Technique Leader
261426,Chanjung,Flasterstein,4/14/62,2/18/00,1/1/99,Staff
261430,Oksana,Roccetti,7/18/63,10/11/98,1/1/99,Engineer
261442,Yifei,Famili,10/26/63,11/1/88,1/1/99,Engineer
261449,Sampalli,Zolotykh,7/23/63,4/7/88,1/1/99,Senior Staff
261453,Kenton,Lieblein,2/17/63,5/11/00,1/1/99,Senior Staff
261459,Theirry,Barreiro,12/4/62,11/15/86,1/1/99,Senior Staff
261462,Genevieve,Perez,3/12/64,12/10/96,1/1/99,Senior Staff
261470,Shridhar,Ashish,8/31/62,12/28/93,1/1/99,Engineer
261473,Seshu,Szilard,5/21/64,7/12/95,1/1/99,Engineer
261475,Fai,Heijenga,11/5/63,11/1/95,1/1/99,Senior Engineer
261478,Bingning,Bahk,3/28/64,7/14/88,1/1/99,Senior Staff
261482,Vojin,Peral,6/12/62,1/3/91,1/1/99,Engineer
261489,Kristian,McClurg,3/2/62,4/24/90,1/1/99,Senior Engineer
261491,Jessie,Oehlmann,2/3/64,10/26/96,1/1/99,Engineer
261493,Mamdouh,Armand,8/11/62,7/26/89,1/1/99,Engineer
261497,Charmane,Luga,1/18/64,1/13/88,1/1/99,Engineer
261509,Shugo,Babb,1/15/63,7/3/89,1/1/99,Senior Staff
261511,Shiv,Androutsos,11/14/62,12/25/95,1/1/99,Staff
261513,Valery,Koblick,9/13/63,7/9/91,1/1/99,Senior Engineer
261520,JoAnne,Papsdorf,10/5/63,8/10/94,1/1/99,Senior Engineer
261521,Kayoko,Baezner,5/1/64,5/8/00,1/1/99,Senior Engineer
261524,Tesuya,Bondorf,5/24/62,4/27/94,1/1/99,Engineer
261529,Yunming,Naudin,4/4/64,6/30/89,1/1/99,Senior Staff
261537,Arlette,Lieblein,4/7/63,4/12/90,1/1/99,Senior Staff
261555,Josyula,Fioravanti,1/23/62,2/14/88,1/1/99,Senior Engineer
261556,Mary,Camurati,9/2/63,2/16/90,1/1/99,Senior Staff
261557,Demin,Eppinger,6/10/63,6/11/98,1/1/99,Engineer
261558,Yoshimitsu,Ouhyoung,3/12/62,7/16/87,1/1/99,Senior Engineer
261564,Yonghoan,Guardalben,7/28/63,11/3/95,1/1/99,Technique Leader
261574,Kauko,Benantar,1/12/63,8/10/86,1/1/99,Senior Engineer
261576,Zsolt,Gaughan,4/29/63,10/25/87,1/1/99,Senior Engineer
261582,Ingemar,Leijenhorst,9/21/63,10/7/96,1/1/99,Staff
261583,Vidya,Kinley,10/11/64,7/13/85,1/1/99,Technique Leader
261609,Tran,Rosis,5/22/62,5/8/85,1/1/99,Senior Staff
261612,Jiann,Stranks,5/23/63,5/13/94,1/1/99,Senior Staff
261618,Mantis,Conta,9/28/62,7/3/93,1/1/99,Engineer
261622,Tse,Valtorta,3/30/64,8/27/88,1/1/99,Senior Staff
261629,Radhika,Basart,4/6/64,2/17/99,1/1/99,Assistant Engineer
261631,Jianhua,Huttel,1/8/65,2/23/98,1/1/99,Engineer
261634,Torsten,Naumovich,3/25/64,7/23/01,1/1/99,Staff
261636,Sugwoo,DiGiano,2/14/63,3/7/87,1/1/99,Senior Staff
261637,Xianlong,Yurov,9/22/63,7/18/87,1/1/99,Senior Engineer
261638,Shan,Angelov,6/9/62,6/19/98,1/1/99,Senior Engineer
261646,Gennady,Roison,1/14/64,6/26/94,1/1/99,Engineer
261649,Valeska,Huttel,8/16/64,7/21/91,1/1/99,Engineer
261656,Amalendu,Dehkordi,6/10/63,4/17/91,1/1/99,Engineer
261659,Gennady,Perl,9/18/64,3/13/93,1/1/99,Senior Staff
261662,Berni,Assaf,1/11/65,9/8/89,1/1/99,Senior Staff
261667,Randy,Beeson,5/14/62,7/30/95,1/1/99,Engineer
261669,Herb,Lorcy,6/5/62,5/4/90,1/1/99,Engineer
261670,Leon,Borstler,12/28/63,8/14/98,1/1/99,Staff
261675,Tamiya,Foong,1/6/63,6/7/90,1/1/99,Senior Engineer
261682,Abdelkader,Polajnar,2/2/63,9/23/94,1/1/99,Technique Leader
261684,Vasilii,Merey,4/7/63,12/26/96,1/1/99,Senior Engineer
261688,Xiadong,Schmittgen,1/30/64,11/23/96,1/1/99,Engineer
261691,Elvia,Morrin,1/3/62,8/7/86,1/1/99,Senior Staff
261703,Shai,Hettesheimer,2/13/64,5/14/99,1/1/99,Senior Engineer
261710,Khun,Ratnakar,1/16/63,2/2/87,1/1/99,Senior Engineer
261719,Geoffrey,Cappelli,12/31/63,6/25/95,1/1/99,Engineer
261726,Subir,Schnabel,8/17/63,1/4/99,1/1/99,Engineer
261727,Yefim,Hanabata,8/24/64,6/15/89,1/1/99,Staff
261731,Bader,Eiron,7/13/64,11/18/88,1/1/99,Senior Engineer
261737,Mark,Lindqvist,1/23/65,11/22/90,1/1/99,Engineer
261742,Weiwu,Jonsson,1/2/63,12/15/97,1/1/99,Staff
261743,Genevieve,Gurbaxani,1/7/62,3/28/88,1/1/99,Engineer
261757,Akeno,Schaaf,12/23/63,12/31/87,1/1/99,Technique Leader
261763,Oldrich,Luan,5/3/64,8/17/90,1/1/99,Engineer
261767,Jaroslava,Tyugu,2/8/62,6/13/95,1/1/99,Engineer
261776,Sachio,Erbe,8/22/62,1/5/00,1/1/99,Engineer
261778,Guiseppe,Gerlach,10/9/62,6/18/86,1/1/99,Staff
261780,Chaosheng,Shrader,12/30/63,11/23/89,1/1/99,Engineer
261790,Domenico,Waterhouse,4/13/63,11/19/85,1/1/99,Engineer
261797,Tiina,Hoppenstand,10/5/64,8/24/94,1/1/99,Engineer
261809,Geoff,Halevi,7/27/64,10/25/89,1/1/99,Senior Staff
261818,Remko,Quaggetto,12/10/63,6/21/96,1/1/99,Engineer
261835,Serge,Penttonen,1/4/64,8/24/99,1/1/99,Staff
261851,Chaosheng,Vidal,4/21/62,1/8/94,1/1/99,Technique Leader
261854,Nimmagadda,Cronin,9/25/63,1/29/97,1/1/99,Senior Engineer
261855,Ewing,Coullard,6/15/64,6/23/98,1/1/99,Engineer
261863,Vincent,Vadhan,3/10/64,10/11/97,1/1/99,Staff
261872,Uri,Falco,3/8/63,12/18/95,1/1/99,Engineer
261880,Jaber,Neiman,7/21/64,6/26/93,1/1/99,Engineer
261884,Shooichi,Sidhu,9/11/63,1/19/86,1/1/99,Senior Engineer
261889,Arno,Falby,5/12/64,8/11/89,1/1/99,Engineer
261902,Quingbo,Angelopoulos,1/16/63,6/1/96,1/1/99,Staff
261903,Rafols,Melton,1/31/62,1/16/86,1/1/99,Staff
261905,Dzung,Spinelli,3/22/62,12/20/89,1/1/99,Staff
261910,Sukumar,Kaltofen,3/3/64,5/8/90,1/1/99,Senior Engineer
261913,Nahla,Fioravanti,3/14/63,9/8/98,1/1/99,Assistant Engineer
261917,Kiyomitsu,Khalid,11/22/64,6/28/91,1/1/99,Senior Engineer
261939,Froduald,Morrin,12/9/62,5/9/86,1/1/99,Technique Leader
261940,Richara,Lorch,12/5/63,8/8/89,1/1/99,Staff
261947,Goa,Picaronny,12/13/64,9/22/88,1/1/99,Senior Engineer
261948,Masaru,Bonifati,10/8/64,3/24/94,1/1/99,Senior Staff
261950,Kersti,Prampolini,3/15/62,6/4/85,1/1/99,Senior Staff
261956,Przemyslawa,Kroha,2/9/64,9/11/96,1/1/99,Senior Engineer
261973,Shigenori,Albarhamtoshy,9/3/64,5/1/98,1/1/99,Staff
261977,Shigenori,Dahlbom,9/11/62,5/16/91,1/1/99,Engineer
261986,Gila,Ramsak,1/21/65,5/13/97,1/1/99,Senior Engineer
261988,Sakthirel,Jervis,7/31/64,5/31/98,1/1/99,Engineer
261990,Volkmar,Czaja,1/16/65,4/1/92,1/1/99,Staff
261999,Guoxiang,Werthner,11/30/64,12/23/91,1/1/99,Senior Staff
262000,Chrisa,Genther,8/15/63,4/12/95,1/1/99,Engineer
262005,Shaz,Sommer,11/12/62,1/5/00,1/1/99,Senior Staff
262017,Genevieve,Demizu,6/22/64,4/12/86,1/1/99,Engineer
262031,Yongmao,England,5/28/63,11/22/88,1/1/99,Senior Engineer
262048,Alselm,Haddadi,5/26/62,9/19/90,1/1/99,Engineer
262052,Toshimitsu,Molberg,2/4/62,6/17/94,1/1/99,Engineer
262055,Paraskevi,Botman,1/15/62,3/25/85,1/1/99,Engineer
262062,Kamran,Rehfuss,2/15/64,11/10/88,1/1/99,Senior Staff
262065,Leszek,Matheson,1/7/63,6/25/02,1/1/99,Staff
262068,Divine,Angot,3/14/63,10/22/99,1/1/99,Staff
262077,Chikara,Makrucki,7/30/63,11/6/88,1/1/99,Assistant Engineer
262081,Dante,Feldhoffer,11/9/62,11/21/87,1/1/99,Senior Engineer
262083,Koichi,Falco,2/24/64,4/2/93,1/1/99,Staff
262085,Pohua,Oberman,6/16/64,2/5/02,1/1/99,Senior Staff
262086,Hairong,Limongiello,7/23/63,2/17/94,1/1/99,Senior Staff
262094,Kankanahalli,Schwabacher,8/25/64,11/21/91,1/1/99,Engineer
262102,Xiaoheng,Linnainmaa,12/7/62,3/19/98,1/1/99,Senior Engineer
262123,Dipankar,Mitsuhashi,10/19/63,9/5/95,1/1/99,Senior Staff
262130,Wuxu,Dengi,2/27/64,8/2/95,1/1/99,Engineer
262136,Eberhardt,Feldmann,1/10/64,6/27/93,1/1/99,Senior Engineer
262138,Danny,Nicolson,3/5/64,9/6/88,1/1/99,Staff
262140,Fan,Szemeredi,1/27/64,9/30/98,1/1/99,Staff
262142,Kamakshi,Takanami,5/13/62,7/29/85,1/1/99,Senior Engineer
262143,Pranas,Zhang,3/16/62,10/16/91,1/1/99,Senior Engineer
262145,Diederik,Babb,5/21/63,4/7/86,1/1/99,Staff
262147,Mamdouh,Ermel,5/10/62,8/12/92,1/1/99,Senior Staff
262156,Uinam,Perelgut,2/20/63,7/27/88,1/1/99,Senior Staff
262163,Kersti,Dayang,5/13/62,5/2/89,1/1/99,Engineer
262167,Owen,Schmittgen,11/9/63,3/31/87,1/1/99,Senior Engineer
262169,Chiranjit,Trumbly,11/14/64,12/22/97,1/1/99,Engineer
262170,Yifei,Maquelin,2/26/62,7/26/96,1/1/99,Engineer
262177,Danel,Naudin,11/27/63,12/27/92,1/1/99,Technique Leader
262179,Leandro,Schurmann,2/27/63,11/11/87,1/1/99,Senior Engineer
262194,Jongsuk,Tokunaga,7/8/62,5/18/98,1/1/99,Senior Engineer
262195,Ranga,Alpin,6/9/63,3/26/90,1/1/99,Staff
262207,Abdelkader,Cappello,1/17/62,10/13/91,1/1/99,Engineer
262208,Mrinalini,Holburn,1/16/65,5/23/87,1/1/99,Senior Staff
262210,Chinho,Bottner,1/22/65,7/29/85,1/1/99,Senior Engineer
262218,Tonia,Schiper,9/2/63,10/10/89,1/1/99,Engineer
262220,Jeanne,Swick,8/30/62,8/9/93,1/1/99,Senior Staff
262227,Woody,Kieras,4/15/62,2/27/89,1/1/99,Senior Engineer
262228,Doowon,Kalorkoti,12/15/62,9/3/93,1/1/99,Engineer
262229,Raimond,Raczkowsky,9/23/63,6/19/89,1/1/99,Assistant Engineer
262234,Atreyi,Valtorta,7/3/63,10/2/92,1/1/99,Senior Staff
262235,Heon,Ulupinar,8/22/62,3/22/96,1/1/99,Senior Staff
262241,Gaurav,Androutsos,12/21/62,7/12/91,1/1/99,Engineer
262249,LiMin,Silva,6/14/64,11/24/88,1/1/99,Senior Staff
262254,Uinam,Uehara,2/22/63,11/20/95,1/1/99,Engineer
262262,Douadi,Deyuan,5/23/62,12/17/86,1/1/99,Senior Engineer
262266,Duke,Pagter,8/29/64,1/1/94,1/1/99,Senior Staff
262275,Gopalakrishnan,Theuretzbacher,10/2/62,12/8/97,1/1/99,Staff
262281,Shirish,Pollock,11/30/62,1/25/97,1/1/99,Engineer
262284,Tamiya,Yeung,4/29/62,10/24/98,1/1/99,Engineer
262286,Sanjiv,Aumann,10/11/63,7/22/89,1/1/99,Senior Engineer
262299,Zita,Usdin,9/7/63,2/11/99,1/1/99,Technique Leader
262300,Kenton,Bressoud,1/26/64,9/23/92,1/1/99,Technique Leader
262303,Taegyun,Kruskal,9/14/63,5/24/93,1/1/99,Senior Staff
262309,Fusako,Ferriere,6/2/62,3/15/95,1/1/99,Staff
262310,Adly,Erni,9/9/63,8/3/92,1/1/99,Engineer
262313,Ennio,Solovay,11/16/63,8/8/90,1/1/99,Engineer
262328,Mayuko,Vural,1/3/65,12/24/97,1/1/99,Staff
262329,Randi,Kaelbling,4/9/64,11/21/01,1/1/99,Staff
262335,Sachin,Fiutem,12/13/64,9/15/99,1/1/99,Staff
262337,Zhiguo,Olano,4/21/63,2/14/94,1/1/99,Engineer
262346,Shigeichiro,Thimonier,4/30/63,11/1/98,1/1/99,Engineer
262355,Martien,Matzov,4/9/64,7/14/90,1/1/99,Senior Engineer
262356,Yuping,Bonifati,6/18/63,9/23/88,1/1/99,Senior Staff
262361,Palash,Pellegrinelli,8/15/63,6/14/87,1/1/99,Senior Engineer
262367,Garnik,Terwilliger,4/18/64,2/26/96,1/1/99,Senior Engineer
262376,Yurij,Valiente,6/17/62,11/20/90,1/1/99,Technique Leader
262386,Leszek,Schwabacher,1/12/64,10/6/89,1/1/99,Engineer
262394,Annemarie,Bain,7/28/62,11/19/95,1/1/99,Engineer
262400,Kousuke,Fontet,4/18/62,10/9/99,1/1/99,Senior Staff
262402,Perry,Kawashima,10/15/64,1/16/97,1/1/99,Staff
262409,Boriana,Kuzuoka,12/1/64,12/5/96,1/1/99,Engineer
262411,Ronghao,Warwick,3/9/62,10/26/94,1/1/99,Senior Staff
262412,Jeong,Validov,2/18/62,11/2/99,1/1/99,Engineer
262413,Goetz,Cochrane,7/13/62,2/16/91,1/1/99,Engineer
262418,Piyawadee,Pietrzykowski,5/12/64,12/3/85,1/1/99,Senior Staff
262421,Edwin,Chinen,7/16/64,7/6/00,1/1/99,Senior Engineer
262425,Josyula,McClure,12/17/64,2/10/96,1/1/99,Senior Staff
262431,Sigeru,Uludag,7/16/64,8/8/93,1/1/99,Technique Leader
262439,Lorien,Lagarias,1/30/65,10/10/85,1/1/99,Senior Staff
262445,Guoxiang,Desikan,7/11/64,10/24/97,1/1/99,Staff
262446,Haldon,Perfilyeva,11/23/64,8/16/91,1/1/99,Senior Staff
262454,Yuuichi,Siksek,11/6/63,8/16/89,1/1/99,Engineer
262456,Xiaobin,Stifter,3/25/64,5/3/87,1/1/99,Senior Staff
262458,Tayeb,Toyoshima,7/28/63,4/28/99,1/1/99,Engineer
262459,Masako,Welham,7/20/63,10/22/97,1/1/99,Staff
262464,Heping,Stroustrup,5/10/62,1/14/95,1/1/99,Senior Engineer
262465,Kamran,Nyanchama,7/19/64,7/4/88,1/1/99,Senior Staff
262472,Hugh,Gips,7/16/64,12/3/00,1/1/99,Staff
262476,Kersti,Gluchowski,4/9/62,9/7/86,1/1/99,Senior Staff
262481,Rayond,Swiss,2/9/63,11/19/90,1/1/99,Senior Engineer
262487,Marsal,Piazza,5/15/64,8/28/92,1/1/99,Senior Engineer
262491,Luerbio,Mahmud,1/14/64,3/28/99,1/1/99,Senior Engineer
262493,Hausi,Dratva,6/7/63,2/23/98,1/1/99,Senior Staff
262495,Uinam,Snyers,5/4/63,7/29/87,1/1/99,Senior Engineer
262497,Sugwoo,Varman,2/16/63,4/6/89,1/1/99,Senior Engineer
262502,Kensei,Sudbeck,10/16/63,11/3/89,1/1/99,Senior Staff
262504,Make,Stasinski,1/19/64,9/17/99,1/1/99,Staff
262517,Jessie,Carrere,7/1/62,7/11/89,1/1/99,Senior Staff
262529,Fai,Ducloy,11/16/64,10/6/97,1/1/99,Senior Engineer
262533,Mooi,Vanwelkenhuysen,6/26/62,9/17/87,1/1/99,Senior Engineer
262540,TRUE,Bisiani,12/20/64,3/31/02,1/1/99,Technique Leader
262541,Roddy,Peltason,9/5/64,1/25/91,1/1/99,Staff
262543,Hercules,Leaver,10/2/63,10/9/90,1/1/99,Senior Staff
262555,Akeel,Gist,12/22/64,2/24/90,1/1/99,Senior Staff
262559,Przemyslawa,Kropatsch,1/24/63,3/26/91,1/1/99,Staff
262561,Gill,Feinberg,2/1/63,3/3/87,1/1/99,Senior Staff
262567,Oguz,Pero,12/22/62,1/12/88,1/1/99,Senior Staff
262569,Xiahua,Rande,11/29/64,7/10/97,1/1/99,Senior Engineer
262577,Kshitij,Shimshoni,8/23/64,7/27/92,1/1/99,Staff
262584,Lenore,Lunn,5/1/64,11/12/98,1/1/99,Senior Engineer
262593,Berthier,Ertl,9/9/63,4/9/98,1/1/99,Staff
262594,Owen,Boudaillier,3/28/64,3/20/97,1/1/99,Senior Staff
262595,Hailing,Swift,4/15/63,5/4/92,1/1/99,Senior Engineer
262597,Mototsugu,Birge,11/29/62,9/18/89,1/1/99,Senior Engineer
262601,Yuguang,Mikschl,11/5/63,2/4/85,1/1/99,Senior Staff
262604,Jasminko,Eickenmeyer,9/4/62,1/25/92,1/1/99,Senior Engineer
262605,Apostol,Douceur,5/9/64,11/10/85,1/1/99,Senior Engineer
262606,Chinhyun,DiGiano,6/12/64,8/5/89,1/1/99,Staff
262613,Gennadi,Pouyioutas,3/26/64,3/7/97,1/1/99,Senior Engineer
262616,Eckart,Vesna,2/28/64,11/26/97,1/1/99,Engineer
262621,Baoqiu,Kitsuregawa,3/30/63,9/27/90,1/1/99,Senior Engineer
262627,Rosalie,Greenaway,9/20/63,7/12/94,1/1/99,Senior Staff
262629,Dayanand,Skrikant,1/30/64,4/1/93,1/1/99,Engineer
262632,Gilbert,Bruckman,10/26/64,8/26/85,1/1/99,Senior Engineer
262636,Tamiya,Reutenauer,1/4/65,4/10/92,1/1/99,Senior Engineer
262654,Shimshon,Dalphin,8/10/64,2/19/96,1/1/99,Senior Staff
262655,Zhiwei,Cherinka,2/3/63,11/14/86,1/1/99,Technique Leader
262658,Ewing,Brendel,1/2/63,1/6/88,1/1/99,Senior Engineer
262664,Kayoko,Badr,5/28/64,4/2/89,1/1/99,Staff
262675,JoAnne,Krider,8/12/63,9/1/86,1/1/99,Staff
262681,Honesty,Veeraraghavan,8/14/63,6/7/87,1/1/99,Senior Engineer
262682,Iara,Heinisuo,2/16/63,7/24/87,1/1/99,Senior Engineer
262688,Kellyn,Restivo,6/4/63,7/2/89,1/1/99,Senior Staff
262692,Gen,Hempstead,2/10/64,1/25/87,1/1/99,Engineer
262693,Eberhardt,Kriebel,1/18/64,2/10/94,1/1/99,Senior Staff
262694,Mokhtar,Olivero,7/8/63,1/2/90,1/1/99,Engineer
262698,Sanjiv,Szmurlo,2/13/64,4/25/89,1/1/99,Engineer
262705,Lucien,Alpay,6/8/64,8/14/98,1/1/99,Staff
262706,Filipp,Sifakis,12/22/63,1/24/97,1/1/99,Staff
262710,Yongdong,Feldmann,7/23/64,3/2/87,1/1/99,Senior Engineer
262712,Eishiro,Noriega,8/1/63,12/5/00,1/1/99,Staff
262726,Constantino,Thebaut,9/10/63,6/10/89,1/1/99,Engineer
262728,Isaac,Gecsel,4/30/64,12/19/88,1/1/99,Senior Engineer
262729,Nimmagadda,Gecsei,2/12/63,1/12/90,1/1/99,Senior Staff
262731,Kendra,Hanabata,5/7/64,10/20/88,1/1/99,Senior Engineer
262742,Shuichi,Akazan,12/5/62,8/29/88,1/1/99,Staff
262746,Duro,Maksimenko,8/29/62,7/30/97,1/1/99,Staff
262748,Kristin,Clemencon,12/8/62,10/7/90,1/1/99,Engineer
262752,Pramod,Bierman,1/4/65,12/12/97,1/1/99,Engineer
262756,Stafford,Munch,6/26/62,9/8/94,1/1/99,Engineer
262758,Salvador,Luders,5/30/62,8/8/92,1/1/99,Engineer
262772,Ayakannu,Fairtlough,9/15/63,2/2/92,1/1/99,Senior Staff
262774,Martine,Murtagh,6/29/62,9/2/88,1/1/99,Senior Engineer
262780,Vincent,Munch,10/25/63,1/23/86,1/1/99,Senior Staff
262782,Steve,Domenig,5/10/62,5/13/89,1/1/99,Staff
262783,Subhrajyoti,Bressoud,12/20/62,9/21/94,1/1/99,Engineer
262784,Kenroku,Peris,6/2/63,12/9/99,1/1/99,Senior Staff
262795,Franziska,Eugenio,10/8/64,12/17/00,1/1/99,Senior Engineer
262796,Lidong,Terlouw,3/12/62,3/22/98,1/1/99,Staff
262808,Kerryn,Noriega,2/5/64,2/13/96,1/1/99,Senior Engineer
262811,Maya,Hashii,3/4/63,2/26/99,1/1/99,Senior Engineer
262812,Khoa,Magalhaes,1/26/62,1/27/94,1/1/99,Assistant Engineer
262816,Shaz,Choobineh,1/5/64,2/3/88,1/1/99,Senior Engineer
262817,Kinh,Benveniste,12/18/63,5/25/95,1/1/99,Senior Staff
262823,Richard,Hofman,9/10/64,6/23/87,1/1/99,Engineer
262827,Angel,Harbusch,3/22/64,8/30/89,1/1/99,Senior Engineer
262828,Angel,Uehara,8/21/63,7/3/91,1/1/99,Senior Engineer
262835,Nigel,Manders,9/9/64,6/13/01,1/1/99,Senior Engineer
262840,Munehiko,Masaki,4/25/64,1/1/86,1/1/99,Senior Engineer
262849,Sergi,Nicolson,8/24/64,7/26/89,1/1/99,Senior Staff
262853,Oksana,Collette,9/17/64,4/1/89,1/1/99,Engineer
262855,Stein,Vidal,7/20/62,8/11/87,1/1/99,Senior Staff
262869,Tran,Zweizig,1/13/62,4/19/87,1/1/99,Senior Staff
262884,Ortrud,Zongker,5/11/63,10/20/98,1/1/99,Engineer
262886,Cullen,Beznosov,3/18/63,4/12/91,1/1/99,Engineer
262888,Ronnie,Kawashimo,7/1/63,10/26/88,1/1/99,Senior Staff
262897,Neven,Swiss,9/22/64,7/21/94,1/1/99,Staff
262901,Anwar,Gyimothy,10/3/63,8/16/97,1/1/99,Staff
262905,Kwangho,Kilgore,7/7/63,7/24/85,1/1/99,Staff
262908,Mayuko,Jonsson,4/22/64,12/16/96,1/1/99,Staff
262909,Hidde,Zobel,10/25/62,12/31/95,1/1/99,Staff
262916,Tsvetan,Ramamoorthy,12/7/64,12/31/93,1/1/99,Senior Engineer
262917,Monique,Lamma,8/20/63,3/5/86,1/1/99,Senior Staff
262922,Seongbin,Pollacia,10/11/62,6/13/93,1/1/99,Engineer
262925,Toney,Deville,8/17/63,3/31/94,1/1/99,Senior Engineer
262928,Piyush,Gill,1/1/65,2/20/95,1/1/99,Engineer
262931,Florina,Teitelbaum,5/29/62,11/24/94,1/1/99,Senior Staff
262941,Elliott,Panienski,8/1/62,12/12/86,1/1/99,Senior Staff
262944,Anwar,Norsworthy,2/7/63,7/17/88,1/1/99,Senior Staff
262945,Tesuro,Rotem,5/3/62,6/22/95,1/1/99,Staff
262948,Lokesh,Birsak,10/20/62,6/25/91,1/1/99,Staff
262962,Bader,Cooke,5/21/62,10/17/97,1/1/99,Staff
262964,Hidekazu,Itzigehl,10/6/63,8/25/99,1/1/99,Staff
262966,Fox,Spataro,1/10/63,9/10/01,1/1/99,Engineer
262970,Ebru,Eppinger,2/5/62,1/21/99,1/1/99,Staff
262972,Kristin,Moffat,3/12/62,7/26/90,1/1/99,Senior Engineer
262973,Chrisa,Shrader,11/30/64,3/9/92,1/1/99,Senior Staff
262979,Alper,Menyhert,10/16/62,7/24/92,1/1/99,Senior Staff
262981,Berry,Matzov,9/5/63,6/17/90,1/1/99,Staff
262984,Rajmohan,Onuegbe,11/30/63,2/3/85,1/1/99,Senior Engineer
262998,Masali,Hagimont,11/4/62,1/4/96,1/1/99,Senior Staff
263012,Hideo,Buchter,1/9/65,5/1/99,1/1/99,Staff
263016,Mohammad,Baba,6/14/62,1/29/90,1/1/99,Senior Staff
263017,Augustine,Radwan,5/10/64,4/25/89,1/1/99,Senior Engineer
263018,Stella,Straney,1/9/62,9/1/95,1/1/99,Engineer
263021,Jingling,Iivonen,9/24/62,7/21/99,1/1/99,Staff
263027,Katsuo,Couchot,11/26/63,7/13/97,1/1/99,Engineer
263032,Brendon,Gunderson,5/19/62,10/3/01,1/1/99,Staff
263035,Elvis,Milicia,9/13/63,2/23/85,1/1/99,Senior Staff
263042,Dekang,Gniady,10/2/62,4/1/89,1/1/99,Senior Engineer
263048,Radhakrishnan,Kroha,7/25/62,1/3/87,1/1/99,Engineer
263055,Nahum,Serna,6/13/64,2/7/91,1/1/99,Senior Staff
263075,Alenka,Koshino,11/5/64,2/5/92,1/1/99,Senior Engineer
263078,Kristine,Vieth,6/28/63,4/12/86,1/1/99,Staff
263079,Moto,Alameldin,10/21/63,12/17/95,1/1/99,Senior Staff
263086,Xiaopeng,Kulisch,3/16/64,7/8/85,1/1/99,Senior Engineer
263089,Adly,Snedden,8/13/64,10/12/93,1/1/99,Senior Staff
263090,Chikara,Roccetti,5/11/62,4/16/85,1/1/99,Senior Engineer
263094,Luerbio,Erez,12/27/62,12/19/96,1/1/99,Senior Staff
263095,Joydip,Nicolson,11/8/64,3/4/89,1/1/99,Engineer
263099,Willard,Pettit,6/11/62,1/25/88,1/1/99,Engineer
263100,Pranay,Flanders,5/15/64,8/4/92,1/1/99,Staff
263114,Karoline,Takkinen,11/4/64,5/24/00,1/1/99,Staff
263115,Takanari,Lunn,2/2/64,4/25/87,1/1/99,Senior Engineer
263120,Djelloul,Gomatam,7/10/64,10/13/98,1/1/99,Engineer
263128,Yagil,Pappas,6/29/64,4/1/94,1/1/99,Senior Staff
263129,Takushi,Monarch,7/13/63,2/3/93,1/1/99,Engineer
263144,Doowon,Hebden,9/5/62,7/8/96,1/1/99,Senior Engineer
263152,Aron,Bennis,2/12/62,3/31/89,1/1/99,Senior Staff
263159,Toshiki,Lubachevsky,10/1/62,10/29/99,1/1/99,Engineer
263161,Jungsoon,Boyle,11/27/63,7/20/99,1/1/99,Engineer
263164,Michaela,Danlos,11/24/62,6/21/93,1/1/99,Engineer
263170,Goetz,Lundstrom,3/10/64,7/11/90,1/1/99,Senior Engineer
263172,Lobel,Jansch,9/5/64,4/3/97,1/1/99,Engineer
263177,Yucel,Schlumberger,4/27/64,9/26/99,1/1/99,Engineer
263179,Lubomir,Lundstrom,11/19/63,5/12/89,1/1/99,Technique Leader
263184,Shahab,Avouris,4/11/64,9/25/95,1/1/99,Staff
263186,Danny,Lowrie,1/22/65,9/13/95,1/1/99,Technique Leader
263188,Tsutomu,Birsak,1/13/62,8/23/87,1/1/99,Senior Engineer
263189,Prasadram,Danecki,11/23/63,5/18/86,1/1/99,Senior Engineer
263192,Xianlong,Mayerwieser,3/14/64,4/18/94,1/1/99,Senior Engineer
263193,Breannda,Hooghiemstra,2/10/63,7/6/01,1/1/99,Senior Engineer
263197,Lucian,Broder,7/5/62,5/15/94,1/1/99,Engineer
263203,Rasiah,Schreiter,8/1/62,12/20/85,1/1/99,Senior Engineer
263221,Aruna,Cichocki,2/24/62,11/2/89,1/1/99,Assistant Engineer
263222,Byong,Rosca,1/19/64,12/22/92,1/1/99,Technique Leader
263225,Ioana,Kusakari,11/3/63,5/3/91,1/1/99,Senior Staff
263226,Qiwen,McDermid,3/28/64,3/22/95,1/1/99,Staff
263230,Shigenori,Morrow,10/8/62,3/27/99,1/1/99,Engineer
263232,Toney,Isard,7/10/62,5/29/95,1/1/99,Staff
263236,Randi,Braunmuhl,4/3/64,3/15/92,1/1/99,Senior Staff
263237,Domenico,Kroll,4/28/62,12/29/94,1/1/99,Engineer
263238,Goetz,Birge,10/25/64,2/3/90,1/1/99,Engineer
263239,Hidde,Smeets,6/16/62,9/30/94,1/1/99,Senior Engineer
263246,Sanjit,Fujisawa,3/23/64,8/24/99,1/1/99,Staff
263251,Keung,Danley,8/23/62,1/23/89,1/1/99,Engineer
263253,Jasminko,Ibel,5/4/63,5/9/00,1/1/99,Engineer
263254,Vidar,Plotkin,12/3/63,11/30/87,1/1/99,Engineer
263257,Marl,Lunn,10/27/64,5/30/95,1/1/99,Engineer
263260,Mostafa,Peot,12/8/63,4/29/97,1/1/99,Senior Staff
263273,Shalesh,Azevdeo,5/4/62,4/16/90,1/1/99,Engineer
263275,Garnet,Codenie,10/12/63,12/10/92,1/1/99,Engineer
263277,Goh,Gadepally,7/8/62,9/11/97,1/1/99,Senior Engineer
263278,Constantino,Dayang,3/4/63,12/5/91,1/1/99,Senior Staff
263285,Idoia,Braccini,7/12/64,6/11/96,1/1/99,Engineer
263290,Douadi,Gecsel,9/4/63,12/18/89,1/1/99,Engineer
263294,Sanjoy,Litzkow,8/10/64,6/16/98,1/1/99,Technique Leader
263295,Magdalena,Coullard,9/5/63,1/11/00,1/1/99,Engineer
263297,Ayakannu,Braunmuhl,12/17/63,12/17/00,1/1/99,Engineer
263300,Younwoo,Mandelberg,7/4/64,9/22/92,1/1/99,Assistant Engineer
263301,Masasuke,Tetzlaff,2/6/64,8/19/89,1/1/99,Engineer
263311,Rasiah,Bazzichi,4/11/63,12/20/99,1/1/99,Staff
263314,Soenke,Miculan,8/23/64,9/10/91,1/1/99,Staff
263319,Satyanarayana,Bashian,2/8/63,7/3/87,1/1/99,Engineer
263328,Kayoko,Ventosa,9/29/63,3/7/89,1/1/99,Senior Staff
263333,Oguz,Simkin,11/28/63,12/13/98,1/1/99,Engineer
263338,Tru,Uhrik,6/21/62,2/8/88,1/1/99,Engineer
263339,Sakthirel,Brender,3/6/63,4/9/97,1/1/99,Engineer
263340,Jiakeng,Kuzuoka,7/19/64,7/31/92,1/1/99,Senior Staff
263343,Akhilish,Montemayor,8/5/64,7/18/96,1/1/99,Senior Staff
263345,Guozhong,Viele,3/2/62,2/23/90,1/1/99,Senior Staff
263348,Karlis,Simmel,10/10/63,7/1/93,1/1/99,Engineer
263350,Guozhong,Schiper,4/16/63,4/17/85,1/1/99,Senior Staff
263353,DeForest,Kusakari,3/18/63,7/6/02,1/1/99,Senior Engineer
263361,Murthy,Kitsuregawa,9/25/63,1/29/91,1/1/99,Senior Engineer
263370,Shakhar,Ranze,1/3/65,5/29/99,1/1/99,Staff
263371,Stabislas,Penn,8/8/62,7/31/98,1/1/99,Engineer
263373,Noritoshi,Cincotta,7/22/63,10/28/01,1/1/99,Engineer
263375,Sanjai,Nanard,4/7/62,5/9/90,1/1/99,Engineer
263378,Yahiko,Makrucki,10/9/63,11/8/96,1/1/99,Engineer
263384,Kellie,Tchuente,6/29/63,7/11/93,1/1/99,Senior Engineer
263386,Zhongwei,Angot,5/30/63,5/8/87,1/1/99,Staff
263387,Ortrun,McFarlan,1/29/63,6/4/99,1/1/99,Engineer
263393,Perry,Litzkow,12/4/62,12/12/89,1/1/99,Senior Staff
263396,Hatim,McAffer,8/24/63,11/28/92,1/1/99,Senior Staff
263406,Bernardo,Rotem,2/24/64,7/18/91,1/1/99,Senior Engineer
263417,Jackson,Schwartzburd,4/16/63,6/23/92,1/1/99,Senior Engineer
263427,Palash,Polajnar,12/9/62,10/30/91,1/1/99,Staff
263432,Nigel,Rusterholz,8/13/62,9/8/98,1/1/99,Staff
263434,Bojan,Kambil,12/27/63,1/23/93,1/1/99,Staff
263436,Tze,Delaune,3/10/63,7/14/95,1/1/99,Staff
263438,Srinidhi,Birsak,6/4/62,7/14/89,1/1/99,Engineer
263439,Atreye,Kabayashi,1/9/65,12/15/86,1/1/99,Senior Engineer
263445,Hugh,Preusig,11/23/62,7/10/96,1/1/99,Staff
263447,Sadok,Esteva,12/2/63,8/4/87,1/1/99,Senior Engineer
263452,Jiafu,Oberman,7/10/63,2/28/96,1/1/99,Senior Engineer
263455,Fumitaka,Takanami,9/3/62,8/21/91,1/1/99,Technique Leader
263457,Aris,Barriga,2/4/63,5/25/98,1/1/99,Engineer
263469,Ramya,Restivo,6/16/63,7/26/95,1/1/99,Staff
263470,Owen,Imataki,6/25/64,10/12/87,1/1/99,Assistant Engineer
263478,Augustine,Pashtan,11/15/62,12/22/87,1/1/99,Senior Engineer
263479,Sanjiv,Backhouse,2/28/63,12/9/99,1/1/99,Engineer
263486,Gita,Pargaonkar,3/4/64,6/24/95,1/1/99,Staff
263489,Pramod,Heemskerk,1/11/62,4/13/86,1/1/99,Senior Engineer
263493,Suebskul,Kieras,8/13/63,11/18/94,1/1/99,Senior Engineer
263499,JoAnne,Thorensen,5/29/64,6/1/88,1/1/99,Senior Engineer
263505,Guoxiang,Stille,8/21/63,1/21/91,1/1/99,Senior Engineer
263511,Katsuyuki,Georgatos,11/14/64,3/27/90,1/1/99,Senior Staff
263513,Leni,Dusink,8/4/64,11/8/90,1/1/99,Senior Staff
263521,Golgen,Nannarelli,8/9/62,6/5/96,1/1/99,Technique Leader
263523,Rafael,Portugali,1/28/62,5/11/85,1/1/99,Engineer
263533,Susanna,Samarati,2/27/63,4/8/91,1/1/99,Senior Engineer
263535,Renny,Atrawala,6/22/64,3/18/96,1/1/99,Senior Engineer
263536,Kiyotoshi,Chaudhury,7/15/64,2/12/86,1/1/99,Senior Staff
263537,Honesty,Gire,12/8/62,4/5/94,1/1/99,Staff
263542,Arto,Papadias,3/16/64,3/18/95,1/1/99,Senior Engineer
263546,Vojin,Ushiama,4/10/64,3/1/87,1/1/99,Engineer
263555,Ingemar,Birnbaum,9/27/64,2/21/86,1/1/99,Assistant Engineer
263565,Mizuhito,Badr,5/18/63,11/17/95,1/1/99,Technique Leader
263571,Berna,Luft,12/4/63,5/5/87,1/1/99,Senior Engineer
263578,Karoline,Zastre,1/24/62,4/1/87,1/1/99,Technique Leader
263585,Gad,Potthoff,10/9/64,5/3/95,1/1/99,Engineer
263593,Huai,Wissmann,9/20/64,3/13/98,1/1/99,Senior Engineer
263596,Danil,Luca,2/19/63,12/21/90,1/1/99,Staff
263601,Nechama,Verspoor,9/5/64,2/19/93,1/1/99,Senior Engineer
263604,Otilia,Highland,7/23/62,6/4/97,1/1/99,Engineer
263621,Arvind,Pellegrinelli,8/10/62,8/23/94,1/1/99,Staff
263628,Tamiya,Heusch,5/20/63,4/11/86,1/1/99,Technique Leader
263635,Felicidad,Capobianchi,7/13/63,3/3/01,1/1/99,Senior Staff
263638,Subir,Nyrup,4/14/64,4/22/88,1/1/99,Staff
263645,Mingsen,Lally,1/19/65,12/4/90,1/1/99,Senior Engineer
263648,Abdulla,Waeselynck,1/8/62,9/22/90,1/1/99,Staff
263649,Mechthild,Zongker,1/17/65,7/26/93,1/1/99,Senior Staff
263650,Candida,Kuzuoka,7/2/63,6/1/87,1/1/99,Senior Staff
263654,Bikash,Bail,1/13/64,10/10/98,1/1/99,Engineer
263658,Franziska,Sinicrope,2/9/64,4/11/93,1/1/99,Engineer
263669,Hiroyasu,Koshiba,8/5/62,11/26/91,1/1/99,Engineer
263673,Khue,Yeung,10/21/62,4/20/02,1/1/99,Staff
263674,Jenwei,Moehrke,10/4/62,12/9/96,1/1/99,Engineer
263675,Herbert,Ginneken,5/18/64,12/4/86,1/1/99,Senior Staff
263677,Ishfaq,Varman,2/13/63,10/2/98,1/1/99,Engineer
263682,Masako,Minakawa,3/11/64,6/8/98,1/1/99,Engineer
263683,Yannis,Conia,9/15/62,6/18/90,1/1/99,Senior Staff
263686,Lobel,Heuter,7/12/64,8/8/90,1/1/99,Senior Staff
263688,Qingxiang,Porenta,10/10/64,2/17/98,1/1/99,Staff
263700,Billie,Breugel,12/6/64,8/6/00,1/1/99,Senior Staff
263709,Anestis,Rusterholz,7/28/64,1/20/98,1/1/99,Engineer
263715,Gadiel,Pearson,12/6/64,2/27/98,1/1/99,Engineer
263718,Arup,Krone,5/27/62,1/20/00,1/1/99,Staff
263732,Kazuhiko,Kavanagh,12/16/63,10/30/86,1/1/99,Senior Engineer
263737,Takushi,Griswold,10/7/62,5/8/97,1/1/99,Staff
263739,Demos,Tramer,9/27/63,7/29/87,1/1/99,Senior Engineer
263741,Huiqun,Basagni,8/6/64,10/29/91,1/1/99,Senior Engineer
263747,Sanjai,Barinka,4/20/64,8/11/93,1/1/99,Senior Engineer
263752,Stabislas,Swen,10/27/62,6/29/86,1/1/99,Senior Staff
263754,Michaela,Matzov,2/7/62,8/25/91,1/1/99,Engineer
263761,Manton,Solovay,12/13/62,7/30/85,1/1/99,Senior Engineer
263778,Tommaso,Waschkowski,3/23/64,5/2/91,1/1/99,Senior Engineer
263782,Luerbio,Luce,5/23/64,8/3/99,1/1/99,Engineer
263786,Caolyn,Waeselynck,1/30/64,3/25/02,1/1/99,Staff
263791,Tzu,Reistad,6/12/63,11/19/91,1/1/99,Senior Staff
263794,Filipe,Gargeya,12/12/62,3/9/93,1/1/99,Senior Engineer
263795,Manohar,Narlikar,11/26/62,6/22/85,1/1/99,Senior Staff
263800,Mari,Baalen,11/25/64,11/18/87,1/1/99,Senior Staff
263803,Mandell,Zastre,11/18/63,4/10/00,1/1/99,Engineer
263817,Kristinn,Siepmann,9/10/63,12/27/96,1/1/99,Senior Staff
263820,Yinlin,Kampfer,12/24/64,5/26/92,1/1/99,Senior Staff
263823,Narain,Eugenio,1/23/64,3/12/96,1/1/99,Senior Engineer
263827,Nectarios,Ulupinar,6/16/64,12/6/89,1/1/99,Senior Engineer
263837,Josyula,Potthoff,10/28/63,1/17/97,1/1/99,Engineer
263841,Tuval,Kavraki,9/6/62,9/19/91,1/1/99,Senior Engineer
263844,Weiye,Schusler,6/9/64,1/10/89,1/1/99,Staff
263846,Evgueni,Veldwijk,6/7/63,10/24/91,1/1/99,Senior Engineer
263847,Piyush,Otillio,8/16/64,9/21/85,1/1/99,Senior Engineer
263852,Jacqueline,Lundstrom,5/5/62,9/29/95,1/1/99,Assistant Engineer
263854,Urs,Peot,6/11/62,8/26/95,1/1/99,Senior Staff
263859,Naftaly,Aloia,9/25/63,7/30/92,1/1/99,Senior Staff
263869,Hugh,Molenaar,10/1/62,2/21/85,1/1/99,Senior Staff
263874,Cullen,Malinowski,2/1/62,11/13/89,1/1/99,Senior Engineer
263880,Hidde,Monarch,4/4/62,7/29/87,1/1/99,Engineer
263884,Charlene,Piazza,10/24/63,6/21/02,1/1/99,Staff
263885,Mingzeng,Gopalakrishnan,11/18/64,10/27/86,1/1/99,Senior Engineer
263888,Mayuri,Mitsuhashi,5/24/64,11/26/91,1/1/99,Senior Engineer
263889,Wayne,Nanard,12/14/62,6/8/98,1/1/99,Engineer
263897,Shaowen,Mitsuhashi,12/28/64,11/7/89,1/1/99,Staff
263900,Kokou,Kaiserswerth,1/11/62,10/27/93,1/1/99,Senior Engineer
263904,Yuqun,Hanabata,12/30/64,7/3/92,1/1/99,Engineer
263914,Jaques,Chinin,1/18/62,9/18/98,1/1/99,Engineer
263917,Zhongwei,Stanfel,3/6/64,3/3/87,1/1/99,Staff
263923,Hairong,Bratsberg,4/4/64,11/14/93,1/1/99,Engineer
263926,Fusako,Schwartzbauer,1/3/65,4/7/85,1/1/99,Senior Staff
263929,Koichi,Zolotykh,3/2/62,9/1/90,1/1/99,Technique Leader
263942,Monique,Schneeberger,10/29/62,12/17/98,1/1/99,Senior Staff
263958,Almudena,Kilgore,7/31/63,2/2/97,1/1/99,Assistant Engineer
263965,Shigeo,Stiles,8/5/62,12/1/89,1/1/99,Senior Staff
263966,Thanasis,Montresor,10/15/62,8/28/94,1/1/99,Staff
263972,Kamakshi,Bael,4/20/64,5/17/93,1/1/99,Senior Staff
263974,Sachin,Sidhu,3/2/62,4/17/95,1/1/99,Engineer
263983,Odinaldo,Raoux,9/5/64,4/15/96,1/1/99,Assistant Engineer
263984,Shmuel,Staudhammer,7/26/64,9/5/96,1/1/99,Staff
263991,Shigehiro,Schoegge,4/26/63,6/12/01,1/1/99,Staff
263999,Salvador,Nooteboom,3/8/64,5/29/97,1/1/99,Senior Engineer
264003,Tiina,Schrooten,2/22/63,12/10/95,1/1/99,Staff
264009,Pradeep,Nitsch,1/22/64,5/2/91,1/1/99,Staff
264026,Kolar,Hmelo,5/9/63,7/27/99,1/1/99,Staff
264027,Houman,Lanteri,8/13/64,6/4/93,1/1/99,Senior Staff
264030,Zdislav,Solares,1/15/65,12/14/90,1/1/99,Assistant Engineer
264034,Erez,Lanphier,1/8/62,10/22/98,1/1/99,Senior Staff
264048,Maris,Lammel,2/12/63,8/1/85,1/1/99,Engineer
264054,Gilbert,Horswill,3/10/62,11/1/89,1/1/99,Senior Staff
264062,Bernd,Bernardeschi,9/22/64,2/10/95,1/1/99,Senior Staff
264063,Shim,Chelton,2/18/63,5/2/90,1/1/99,Staff
264064,Fumiko,Isard,3/24/64,8/25/96,1/1/99,Senior Engineer
264070,Djelloul,Swan,2/22/63,2/19/98,1/1/99,Staff
264071,Magy,Orlowska,8/23/63,12/14/85,1/1/99,Staff
264072,Alselm,Zhang,7/26/64,3/26/91,1/1/99,Engineer
264076,Anwar,Antonakopoulos,7/27/63,9/20/85,1/1/99,Senior Staff
264078,Yinghua,Setia,3/13/62,8/2/99,1/1/99,Staff
264080,Yakichi,Flanders,4/8/62,7/3/85,1/1/99,Staff
264089,Dietrich,Neimat,1/15/62,12/20/85,1/1/99,Senior Engineer
264102,Kiam,Rando,5/3/62,11/24/90,1/1/99,Staff
264114,Shietung,Vadhan,7/21/64,1/3/88,1/1/99,Engineer
264119,Hausi,Spinelli,4/21/64,8/3/98,1/1/99,Senior Staff
264135,Sastry,Undy,9/7/63,5/29/96,1/1/99,Senior Staff
264136,Szabolcs,Beznosov,5/15/62,5/24/95,1/1/99,Senior Staff
264147,Stamatina,Goldhammer,6/6/63,12/28/86,1/1/99,Engineer
264149,Sorina,Puppe,12/29/62,3/12/94,1/1/99,Engineer
264155,Taisook,Schmiedel,3/31/62,12/19/93,1/1/99,Engineer
264159,Xiadong,Hemaspaandra,11/10/63,7/17/95,1/1/99,Senior Staff
264166,Dmitry,Rosaz,10/29/63,6/17/89,1/1/99,Engineer
264167,Baoqiu,Tomescu,1/25/65,5/1/96,1/1/99,Senior Engineer
264168,Kaijung,Peternell,4/20/64,8/22/99,1/1/99,Engineer
264172,Mong,Hockney,12/18/63,4/4/88,1/1/99,Engineer
264175,Henk,Boudaillier,7/22/63,4/29/88,1/1/99,Engineer
264177,Masadi,Wielonsky,8/18/64,5/2/94,1/1/99,Senior Staff
264182,Zhiwei,Brodie,4/27/64,12/3/94,1/1/99,Staff
264186,Gregory,Falby,3/12/62,7/21/96,1/1/99,Senior Engineer
264189,Charmane,Binding,10/20/64,6/25/86,1/1/99,Staff
264196,Tesuro,Shackel,12/7/63,6/29/85,1/1/99,Engineer
264197,Xianlong,Brodie,6/1/62,2/22/98,1/1/99,Senior Staff
264203,Sanjoy,Miculan,9/18/62,12/7/89,1/1/99,Senior Staff
264204,Somnath,Tempesti,7/31/63,11/7/96,1/1/99,Engineer
264206,Dante,Kushner,3/14/62,3/4/93,1/1/99,Senior Staff
264220,Rosine,Plump,3/26/64,4/29/97,1/1/99,Senior Staff
264224,Mantis,Ramsey,5/9/63,3/10/89,1/1/99,Staff
264226,Stafford,Ghelli,2/3/64,4/17/95,1/1/99,Senior Staff
264229,Nalini,Hofstetter,9/25/64,2/7/86,1/1/99,Staff
264231,Khosrow,Henseler,6/26/62,12/30/93,1/1/99,Engineer
264239,Falguni,Demian,2/9/62,2/11/87,1/1/99,Senior Staff
264243,Stein,Codenie,3/21/62,3/8/99,1/1/99,Technique Leader
264245,Khedija,Wegerle,6/13/64,6/18/94,1/1/99,Engineer
264246,Teiji,Nicolson,6/9/63,10/16/93,1/1/99,Staff
264256,Giri,Heuser,6/26/63,5/14/94,1/1/99,Senior Engineer
264259,Gilbert,Peral,3/12/62,8/28/99,1/1/99,Technique Leader
264261,Panayotis,Sidje,12/30/62,12/14/97,1/1/99,Senior Staff
264262,Caolyn,Worfolk,7/28/64,9/13/99,1/1/99,Engineer
264263,Arumugam,Wegerle,5/7/62,6/22/85,1/1/99,Senior Staff
264271,Xiadong,Yurek,10/26/62,11/17/85,1/1/99,Senior Staff
264286,Moni,Bade,9/7/63,6/12/98,1/1/99,Staff
264290,Spyrose,Woycyznski,5/9/62,10/11/94,1/1/99,Senior Staff
264294,Cordelia,Lund,12/15/63,12/21/97,1/1/99,Engineer
264299,Elrique,Kushnir,1/27/63,10/31/88,1/1/99,Senior Staff
264301,Kshitij,Vidya,3/29/62,12/2/96,1/1/99,Engineer
264309,Zhigen,Pehl,5/23/64,11/25/87,1/1/99,Engineer
264310,Evgueni,Waschkowski,10/14/62,9/24/92,1/1/99,Senior Staff
264313,Wanqing,Dulin,7/5/63,1/15/92,1/1/99,Senior Engineer
264319,Leon,Bugaenko,4/6/62,10/25/87,1/1/99,Senior Staff
264320,Rildo,Peral,8/19/64,12/6/91,1/1/99,Engineer
264322,Leandro,Swist,1/3/65,1/6/91,1/1/99,Staff
264330,Chikako,Domenig,10/25/62,4/7/89,1/1/99,Senior Engineer
264332,Maik,Ranka,1/15/63,12/30/96,1/1/99,Staff
264335,Eirik,Schauser,12/9/63,3/21/85,1/1/99,Staff
264339,Sanjeeva,Alameldin,11/14/63,9/5/88,1/1/99,Staff
264348,Marke,Nitsch,4/11/64,4/21/97,1/1/99,Engineer
264365,Szabolcs,Itschner,10/5/64,5/2/89,1/1/99,Senior Staff
264366,Kwok,Emden,6/1/63,4/13/91,1/1/99,Senior Staff
264368,Constantino,Baik,5/2/63,7/5/99,1/1/99,Staff
264376,Tran,Ossenbruggen,8/11/64,11/12/92,1/1/99,Staff
264378,Premsyl,Puppo,7/13/64,7/16/99,1/1/99,Engineer
264379,Jasminko,Serov,9/16/62,2/23/88,1/1/99,Staff
264384,Divine,Cannane,2/22/62,6/29/91,1/1/99,Engineer
264407,Remko,Thiran,9/26/62,4/28/01,1/1/99,Senior Staff
264414,Cordelia,Vieri,11/5/63,3/1/92,1/1/99,Senior Engineer
264417,Boaz,Asser,3/22/63,11/17/99,1/1/99,Staff
264421,Radoslaw,Kilgour,11/7/62,5/5/98,1/1/99,Staff
264440,Marlo,Castellani,9/1/62,9/19/94,1/1/99,Engineer
264447,Freyja,Kadhim,6/24/62,6/4/91,1/1/99,Senior Staff
264455,Idoia,Fadgyas,1/28/63,9/28/93,1/1/99,Senior Staff
264464,Xuedong,Schaap,8/7/63,9/20/99,1/1/99,Staff
264467,Abdelwaheb,Bondorf,9/17/64,9/19/93,1/1/99,Staff
264471,Temple,Pews,1/23/63,1/2/87,1/1/99,Senior Staff
264475,Henk,Berendt,5/7/63,10/16/93,1/1/99,Staff
264480,Pranjal,Munawer,10/26/63,3/11/89,1/1/99,Staff
264483,Heng,Luft,12/4/62,8/22/87,1/1/99,Senior Staff
264489,Boriana,Merle,12/2/63,2/27/96,1/1/99,Assistant Engineer
264505,Rimon,Lowrie,2/18/64,4/22/92,1/1/99,Senior Engineer
264520,Patricio,Cardazo,1/15/63,3/4/94,1/1/99,Senior Engineer
264523,Werner,Siksek,2/13/63,6/24/86,1/1/99,Senior Staff
264531,Mircea,Orlowska,11/11/62,8/15/88,1/1/99,Senior Engineer
264532,Shietung,Pettis,10/21/63,1/30/87,1/1/99,Engineer
264534,Shaowen,Nannarelli,11/17/62,1/10/96,1/1/99,Staff
264536,Mooi,Katzenelson,1/14/63,3/31/88,1/1/99,Senior Engineer
264551,Duri,Naumovich,11/20/62,7/29/91,1/1/99,Staff
264564,Stabislas,Gecseg,10/8/62,1/6/97,1/1/99,Senior Staff
264570,Kyoichi,Beilner,5/20/62,5/21/93,1/1/99,Senior Engineer
264571,Zine,Krider,7/27/63,7/25/88,1/1/99,Technique Leader
264572,Mayuko,Talmor,6/28/64,8/27/89,1/1/99,Staff
264575,Vishwani,Pargas,1/8/63,9/30/93,1/1/99,Senior Engineer
264576,Matk,Serdy,2/7/62,3/24/89,1/1/99,Engineer
264579,Saddek,Welham,2/21/64,9/30/96,1/1/99,Engineer
264584,Zhenhua,Baak,1/21/64,5/17/98,1/1/99,Staff
264590,Kish,Pettis,10/27/62,7/7/93,1/1/99,Staff
264594,Yinghua,Oskamp,7/1/62,2/22/90,1/1/99,Senior Engineer
264603,Shigenori,Pusterhofer,10/3/62,12/31/95,1/1/99,Senior Engineer
264611,Atilio,Schaaf,10/12/63,4/13/86,1/1/99,Staff
264619,Ghassan,Asser,8/30/63,6/21/89,1/1/99,Senior Staff
264625,Yuqun,Muntz,4/15/62,1/9/02,1/1/99,Senior Staff
264626,Noritoshi,Bakhtari,1/13/65,2/3/93,1/1/99,Staff
264627,Weijing,Holburn,12/28/62,6/23/97,1/1/99,Staff
264628,Ger,Angelopoulos,2/21/62,1/3/88,1/1/99,Senior Staff
264634,Godehard,Baer,12/21/63,12/2/94,1/1/99,Engineer
264637,Yoshinari,Peac,3/9/62,1/12/97,1/1/99,Staff
264641,Phuoc,Stranks,5/13/63,5/6/92,1/1/99,Engineer
264642,Sajjad,Hanabata,9/2/64,7/28/95,1/1/99,Engineer
264660,Avishai,Waterhouse,10/10/64,12/16/95,1/1/99,Senior Engineer
264671,Wanqing,Sommen,10/11/62,6/23/96,1/1/99,Staff
264679,Olivera,Greibach,11/21/64,7/27/97,1/1/99,Senior Staff
264681,Teruyuki,Isard,3/26/64,7/19/94,1/1/99,Senior Staff
264691,Serenella,Sluis,5/4/63,12/8/92,1/1/99,Senior Engineer
264698,Nakhoon,McFarlan,6/29/64,6/28/94,1/1/99,Senior Staff
264708,Taisook,Ranze,11/16/63,4/25/87,1/1/99,Staff
264721,Younwoo,Brattka,7/1/64,2/15/01,1/1/99,Senior Engineer
264744,Sailaja,Szilard,6/23/63,1/15/91,1/1/99,Senior Engineer
264757,Djelloul,Tischendorf,9/8/64,4/24/86,1/1/99,Senior Engineer
264759,Valeri,Lammel,1/4/62,8/5/93,1/1/99,Senior Engineer
264768,Hirochika,Marwedel,4/15/64,1/2/91,1/1/99,Senior Engineer
264770,Sanjay,Maraist,10/17/62,10/28/89,1/1/99,Senior Engineer
264772,Ronghao,Leijenhorst,3/16/64,3/9/85,1/1/99,Senior Engineer
264774,Sariel,Bach,10/2/63,9/13/87,1/1/99,Senior Engineer
264781,Ingmar,Remmers,8/3/63,2/15/96,1/1/99,Engineer
264784,Mona,Knightly,6/11/64,10/8/93,1/1/99,Senior Staff
264791,Udo,Schwartzburd,8/28/62,7/9/87,1/1/99,Staff
264792,Odoardo,Godskesen,12/9/64,11/10/98,1/1/99,Engineer
264796,Fai,Steenbeek,11/18/63,4/10/98,1/1/99,Engineer
264829,Poornachandra,Crelier,11/10/63,9/18/91,1/1/99,Staff
264832,Otmar,Egerstedt,3/7/63,7/30/97,1/1/99,Staff
264835,Tsvetan,Markovitch,12/2/64,10/16/85,1/1/99,Senior Staff
264836,Maja,Yetim,12/8/63,5/14/90,1/1/99,Engineer
264838,George,Krychniak,3/11/64,10/11/91,1/1/99,Senior Engineer
264843,Danel,Parfitt,6/1/64,9/24/95,1/1/99,Staff
264854,Annemarie,Belinskaya,11/20/62,1/16/98,1/1/99,Staff
264856,Jinya,Luiz,7/21/63,6/20/94,1/1/99,Technique Leader
264859,Lidong,Kusakabe,10/27/62,7/17/90,1/1/99,Senior Engineer
264876,Kensei,Vieri,6/3/62,3/5/95,1/1/99,Assistant Engineer
264877,Khaled,Gini,1/12/63,8/16/97,1/1/99,Staff
264880,Adhemar,Cairo,10/7/64,12/16/93,1/1/99,Engineer
264882,Licheng,Renear,11/5/63,9/22/96,1/1/99,Engineer
264885,Sudhanshu,Orlowska,3/20/64,5/11/90,1/1/99,Senior Staff
264886,Kellyn,Bugaenko,10/29/63,5/15/98,1/1/99,Staff
264897,Dannz,Suermann,3/21/64,5/10/86,1/1/99,Engineer
264899,Xinyu,Parascandalo,1/1/64,7/10/89,1/1/99,Assistant Engineer
264900,Mani,Tomescu,3/5/64,3/3/98,1/1/99,Engineer
264905,Zhonghua,Sidje,2/8/63,4/1/90,1/1/99,Engineer
264906,Eckart,Tsukune,2/26/63,11/25/92,1/1/99,Senior Staff
264923,Goa,Brookman,4/27/64,12/13/90,1/1/99,Senior Engineer
264924,Shaz,Koprowski,4/29/63,9/13/93,1/1/99,Senior Engineer
264928,Caolyn,Ermel,2/23/63,4/6/87,1/1/99,Staff
264933,Minghong,Karnin,7/16/62,11/22/99,1/1/99,Senior Staff
264936,Ger,Masamoto,6/17/62,10/11/98,1/1/99,Staff
264939,Bogdan,Bahi,1/10/65,2/13/99,1/1/99,Engineer
264944,Ugo,Chimia,7/15/63,7/6/92,1/1/99,Senior Engineer
264959,Yaghout,Kemmerer,7/6/64,12/11/96,1/1/99,Senior Engineer
264964,Pranjal,Lubachevsky,1/31/64,7/6/99,1/1/99,Engineer
264966,Fumino,Ciolek,8/12/62,7/18/89,1/1/99,Staff
264967,Maia,Rassart,2/21/62,9/14/89,1/1/99,Engineer
264978,Yagil,Tischendorf,9/19/63,3/16/99,1/1/99,Senior Engineer
264980,Ravishankar,Swick,4/29/62,6/11/98,1/1/99,Staff
264983,Martine,Swick,10/22/64,12/3/96,1/1/99,Staff
264987,Moon,Zastre,9/23/63,9/16/97,1/1/99,Senior Staff
264988,Hauke,Denos,12/30/63,1/7/86,1/1/99,Senior Engineer
264989,Mana,Krone,3/22/63,8/16/93,1/1/99,Senior Engineer
265001,Weiru,Demri,3/22/64,2/14/86,1/1/99,Senior Staff
265008,Remco,Covnot,2/2/62,4/15/88,1/1/99,Senior Staff
265015,Aiichiro,Vitiello,9/20/63,3/3/93,1/1/99,Senior Staff
265017,Cullen,Weedon,3/24/63,1/16/86,1/1/99,Technique Leader
265027,Taisook,Lamma,5/19/64,6/27/97,1/1/99,Engineer
265028,Shaibal,Kadhim,1/29/62,10/20/89,1/1/99,Senior Engineer
265031,Oksana,Theuretzbacher,8/14/64,9/1/99,1/1/99,Engineer
265039,Navid,Staudhammer,1/3/65,10/18/92,1/1/99,Senior Staff
265052,Jiong,Merle,8/29/62,5/17/85,1/1/99,Staff
265055,Jiakeng,Jansen,12/18/64,12/23/89,1/1/99,Engineer
265056,Kshitij,Radivojevic,2/5/63,8/3/94,1/1/99,Engineer
265058,Hideyuki,Erev,11/22/63,3/12/87,1/1/99,Senior Engineer
265066,Roded,Kriebel,11/4/63,6/15/89,1/1/99,Senior Engineer
265069,Mabry,Shumilov,10/29/63,8/28/98,1/1/99,Engineer
265073,Mack,Marwedel,6/14/63,5/22/97,1/1/99,Staff
265077,Divine,Alameldin,8/17/64,2/5/97,1/1/99,Senior Staff
265082,Hitofumi,Champarnaud,12/9/64,12/16/88,1/1/99,Technique Leader
265091,Tommaso,Chappelet,9/10/62,12/4/92,1/1/99,Senior Engineer
265093,Siddarth,Krogh,5/22/64,12/15/86,1/1/99,Senior Engineer
265100,Kiyotoshi,Bierbaum,9/24/63,9/29/94,1/1/99,Staff
265106,Stein,Magalhaes,12/23/62,1/22/89,1/1/99,Senior Engineer
265107,Sanjit,Crouzet,11/12/63,2/22/87,1/1/99,Engineer
265109,Martins,Soicher,9/6/62,2/11/89,1/1/99,Senior Engineer
265120,Licheng,Maginnis,5/26/63,12/2/96,1/1/99,Senior Engineer
265123,Rosalyn,Binding,8/26/63,11/4/86,1/1/99,Engineer
265127,Zhiguo,Sullins,10/31/63,2/18/94,1/1/99,Senior Engineer
265132,Baziley,Aloisi,9/4/62,6/21/90,1/1/99,Staff
265136,Sigeru,Zongker,12/9/63,3/9/85,1/1/99,Engineer
265139,Rance,Perry,9/2/62,12/13/85,1/1/99,Engineer
265143,Changho,Billawala,8/6/62,4/27/02,1/1/99,Technique Leader
265144,Ute,Stamatiou,10/23/63,4/5/85,1/1/99,Senior Engineer
265152,Subhrajyoti,Otillio,5/17/62,4/10/97,1/1/99,Senior Staff
265158,Sibyl,Nourani,12/19/63,3/7/92,1/1/99,Engineer
265163,Xiahua,Schurmann,1/29/64,10/26/90,1/1/99,Senior Engineer
265164,Paraskevi,Bodoff,6/27/64,8/23/97,1/1/99,Assistant Engineer
265168,Amalendu,Schapire,1/14/64,11/9/96,1/1/99,Senior Engineer
265169,Kazuyasu,Muchinsky,5/27/63,4/21/94,1/1/99,Staff
265180,Leif,Pena,9/13/64,5/5/00,1/1/99,Staff
265188,Suzette,Butner,7/8/62,11/26/91,1/1/99,Engineer
265190,Kazuhisa,Eugenio,9/13/63,11/12/98,1/1/99,Staff
265208,Subhankar,Schapiro,7/14/63,8/21/97,1/1/99,Engineer
265209,Vitaly,Rosay,3/21/64,9/24/95,1/1/99,Senior Staff
265210,Mara,Fontet,7/27/64,6/27/92,1/1/99,Senior Staff
265218,Yucai,Bergere,9/14/63,4/4/98,1/1/99,Staff
265219,Bowen,Binkley,1/11/63,11/19/92,1/1/99,Senior Staff
265225,Gita,Pashtan,11/19/63,10/31/85,1/1/99,Engineer
265231,Guozhong,Kilgore,1/27/62,8/21/88,1/1/99,Senior Staff
265232,Theron,Peac,8/28/62,2/6/89,1/1/99,Senior Engineer
265235,Barton,Zwicker,5/24/64,3/27/95,1/1/99,Engineer
265240,Moti,Cyne,1/5/62,5/17/95,1/1/99,Senior Staff
265247,Mingsen,Frolund,1/19/64,3/17/94,1/1/99,Senior Staff
265256,Moie,Sundgren,7/4/64,4/22/90,1/1/99,Staff
265258,Jeanne,Tischendorf,5/7/62,5/15/98,1/1/99,Senior Staff
265261,LiMin,Iisaku,3/26/62,12/7/93,1/1/99,Senior Staff
265264,Jovan,Taubman,12/28/64,12/9/87,1/1/99,Senior Engineer
265281,Wonhee,Butner,12/21/63,5/31/98,1/1/99,Technique Leader
265297,Mamdouh,Zedlitz,10/2/64,4/18/86,1/1/99,Senior Engineer
265313,Marie,Makinen,11/29/62,12/18/86,1/1/99,Technique Leader
265320,Morrie,DiGiano,6/17/63,10/20/88,1/1/99,Senior Staff
265329,Arvind,Farrel,9/8/63,7/30/97,1/1/99,Engineer
265344,Christoper,Terekhov,5/4/64,7/17/98,1/1/99,Engineer
265352,Jouni,Waleschkowski,8/24/64,3/19/86,1/1/99,Engineer
265365,Tsz,Reghbati,11/28/64,1/30/86,1/1/99,Senior Staff
265367,Adel,Kleiser,10/3/63,11/8/95,1/1/99,Engineer
265369,Ute,Hebert,8/30/62,4/10/97,1/1/99,Engineer
265373,Xinglin,Rajcani,5/21/64,10/19/93,1/1/99,Engineer
265401,Nalini,Markovitch,11/19/63,2/13/99,1/1/99,Staff
265403,Jiafu,Candan,7/8/64,9/5/96,1/1/99,Staff
265410,Haldon,Syrzycki,6/21/63,7/18/99,1/1/99,Staff
265416,Sham,Setiz,6/28/63,2/22/98,1/1/99,Senior Staff
265420,Bader,Glinert,11/22/64,7/29/96,1/1/99,Staff
265426,Kiam,Famili,3/10/62,12/14/88,1/1/99,Engineer
265428,Vasilis,Detkin,9/4/63,3/15/86,1/1/99,Engineer
265433,Kirk,Vingron,12/9/62,9/17/94,1/1/99,Senior Engineer
265439,Xiaoqiu,Iivonen,7/2/63,9/30/96,1/1/99,Technique Leader
265447,Premal,Leuchs,1/6/63,1/23/90,1/1/99,Engineer
265449,Armond,Ertl,1/29/63,4/19/99,1/1/99,Senior Engineer
265459,Gil,Garnier,12/3/63,4/29/85,1/1/99,Staff
265460,Tristan,Zielinski,6/9/64,9/16/88,1/1/99,Engineer
265464,Arvind,Levergood,11/26/62,8/23/93,1/1/99,Senior Staff
265471,Yuuichi,Vanwelkenhuysen,11/7/62,3/5/86,1/1/99,Senior Engineer
265476,Arne,Peek,8/11/62,12/22/95,1/1/99,Senior Engineer
265483,Abdelkader,Antonisse,11/13/64,2/10/95,1/1/99,Staff
265485,Hilary,Kriebel,3/1/62,8/20/99,1/1/99,Staff
265490,Satosi,Gunderson,4/11/64,2/14/86,1/1/99,Senior Engineer
265500,Shunichi,Conti,4/7/63,2/26/99,1/1/99,Staff
265504,Tadanori,Peir,4/5/64,8/18/94,1/1/99,Senior Staff
265507,Yakkov,Stasinski,5/21/64,12/26/95,1/1/99,Engineer
265508,Ashish,Schurmann,6/27/64,1/6/94,1/1/99,Engineer
265518,Rosine,Merks,4/27/64,11/25/94,1/1/99,Staff
265521,Kensei,Salverda,1/4/65,5/25/93,1/1/99,Senior Engineer
265526,Dharmaraja,Stamatiou,8/28/62,7/30/91,1/1/99,Senior Staff
265533,Muneo,Shrader,3/29/62,12/18/88,1/1/99,Staff
265537,Isamu,Erbe,7/13/64,1/1/96,1/1/99,Staff
265541,Eberhardt,Litvinov,7/16/62,8/28/93,1/1/99,Senior Staff
265543,Nevio,Alameldin,11/26/62,12/16/91,1/1/99,Senior Staff
265546,Roselyn,Hettesheimer,2/5/62,4/3/91,1/1/99,Senior Engineer
265547,Augustine,Rossi,10/23/62,3/17/98,1/1/99,Engineer
265552,Giap,Desikan,6/14/62,1/1/87,1/1/99,Senior Staff
265553,Youssef,Bugaenko,8/27/64,1/3/99,1/1/99,Staff
265558,Susuma,Kleiser,1/31/65,8/2/87,1/1/99,Staff
265560,Noritoshi,Schieder,12/22/64,12/2/89,1/1/99,Senior Staff
265561,Yinghua,Trelles,2/28/63,3/31/98,1/1/99,Senior Staff
265562,Ortrun,Zwicker,2/6/64,8/25/94,1/1/99,Staff
265569,Saddek,Ferriere,4/2/64,5/20/87,1/1/99,Engineer
265570,Chinya,Improta,5/20/62,12/14/97,1/1/99,Senior Staff
265571,Hironoby,Marwedel,2/9/63,3/28/94,1/1/99,Staff
265575,Chikara,Engelmann,2/4/64,10/21/96,1/1/99,Engineer
265580,Remco,Szemeredi,6/10/64,2/7/01,1/1/99,Staff
265583,Yuriy,Rodiger,8/26/62,4/10/89,1/1/99,Senior Engineer
265586,Anwar,Kruskal,9/25/64,10/7/90,1/1/99,Senior Engineer
265590,Sanjiv,Chappelet,5/23/62,4/18/92,1/1/99,Engineer
265596,Guther,Pehl,9/20/62,7/4/87,1/1/99,Engineer
265597,Zine,Lindenbaum,6/3/62,7/25/88,1/1/99,Senior Staff
265602,Yoshinari,Vieth,6/1/63,9/5/86,1/1/99,Senior Staff
265603,Malu,Camurati,11/6/64,6/14/99,1/1/99,Engineer
265611,Berthier,Harllee,5/17/62,10/6/93,1/1/99,Senior Engineer
265615,Clyde,Denny,6/21/64,8/29/90,1/1/99,Senior Staff
265620,Kazuhisa,Demir,1/14/63,2/28/98,1/1/99,Engineer
265629,Duangkaew,Thorensen,9/24/63,5/28/92,1/1/99,Staff
265630,Alois,Ghalwash,12/28/63,11/16/88,1/1/99,Senior Engineer
265637,Mari,McFarlan,8/24/62,7/11/96,1/1/99,Senior Staff
265643,Charlene,Reinhard,1/17/63,12/24/90,1/1/99,Senior Engineer
265644,Percy,Unni,11/26/62,10/19/92,1/1/99,Senior Staff
265651,Cordelia,Sherertz,1/12/64,4/8/96,1/1/99,Engineer
265656,Kwangyoen,Lagarias,9/25/64,12/2/98,1/1/99,Engineer
265659,Mayuko,Peir,1/2/64,5/9/99,1/1/99,Staff
265678,Brendon,Schreiter,4/9/64,7/22/86,1/1/99,Senior Engineer
265688,Isamu,Janocha,11/21/62,9/15/91,1/1/99,Senior Engineer
265689,Marie,Hennings,9/11/63,5/20/96,1/1/99,Staff
265690,Yuchang,Baek,9/3/64,12/30/94,1/1/99,Senior Staff
265691,Giap,Ruemmler,10/26/63,9/2/87,1/1/99,Senior Engineer
265693,Giordano,Nitto,8/5/62,9/9/89,1/1/99,Senior Staff
265711,Kazuhisa,Takkinen,10/5/64,11/29/92,1/1/99,Senior Staff
265717,Munenori,Koyama,4/8/62,2/15/92,1/1/99,Senior Engineer
265718,Clyde,Alblas,10/2/62,4/18/89,1/1/99,Senior Engineer
265723,Patricia,Sadowski,4/2/62,6/11/86,1/1/99,Engineer
265724,Rayond,Selenyi,12/7/62,5/6/96,1/1/99,Engineer
265729,Valeri,Demian,9/19/63,9/27/92,1/1/99,Engineer
265737,Chirstian,Barvinok,1/15/63,8/21/95,1/1/99,Senior Staff
265746,Koichi,Noriega,5/14/63,1/6/86,1/1/99,Senior Engineer
265753,Aran,Pashtan,8/11/63,8/17/85,1/1/99,Senior Engineer
265759,Yonghoan,Mahnke,8/18/64,1/4/96,1/1/99,Staff
265760,Aleksandar,Peck,2/18/63,4/6/89,1/1/99,Senior Staff
265761,Constantijn,Erez,3/20/64,5/10/97,1/1/99,Senior Staff
265772,Yongdong,Garnham,1/26/63,3/27/94,1/1/99,Senior Staff
265774,Kerhong,Munro,4/7/63,3/13/97,1/1/99,Staff
265788,Christ,Benzaken,7/31/62,1/22/00,1/1/99,Senior Staff
265794,Miquel,Halloran,1/15/65,1/14/94,1/1/99,Senior Staff
265795,Bodh,DuBourdieux,8/31/62,2/3/97,1/1/99,Assistant Engineer
265804,Ipke,Bail,10/9/62,5/16/95,1/1/99,Senior Staff
265808,Halsur,Pollacia,12/14/64,3/19/98,1/1/99,Staff
265809,Tamiya,Suri,12/11/62,4/6/89,1/1/99,Senior Staff
265811,Aloke,Zockler,8/16/62,11/11/86,1/1/99,Engineer
265817,Shuky,Khalid,11/17/63,6/26/94,1/1/99,Senior Engineer
265821,Mandell,Krychniak,1/16/64,7/31/94,1/1/99,Senior Engineer
265826,Hiroyasu,Laurillard,6/23/63,7/21/00,1/1/99,Senior Staff
265836,Lein,Kakkar,12/17/63,5/19/01,1/1/99,Engineer
265843,Bodh,Morrin,11/22/62,6/27/91,1/1/99,Senior Staff
265848,Arfst,Lyonns,12/16/62,1/27/97,1/1/99,Staff
265850,Berni,Kolinko,5/8/63,11/25/90,1/1/99,Staff
265853,Nimmagadda,Bellmore,9/7/63,9/18/96,1/1/99,Assistant Engineer
265854,Zito,Brendel,4/1/62,12/18/88,1/1/99,Staff
265862,Sampalli,Emden,3/26/62,8/18/94,1/1/99,Engineer
265863,Serif,Azevdeo,5/28/63,3/29/97,1/1/99,Assistant Engineer
265866,Manu,Imataki,5/31/63,4/6/87,1/1/99,Senior Engineer
265869,Fen,Ossenbruggen,12/5/63,4/12/97,1/1/99,Senior Staff
265875,Fan,Marsiglia,1/20/65,9/3/89,1/1/99,Engineer
265879,Pranay,Hanratty,11/13/63,6/11/85,1/1/99,Engineer
265880,Lokesh,Eugenio,6/1/62,10/10/95,1/1/99,Staff
265886,Ult,Chleq,7/9/64,7/10/87,1/1/99,Senior Staff
265889,Niranjan,Schapire,1/9/63,12/4/94,1/1/99,Engineer
265895,Aran,Fritzsche,7/28/63,10/26/92,1/1/99,Senior Engineer
265899,Noritoshi,Rosenbaum,10/14/64,10/1/90,1/1/99,Senior Engineer
265906,Adib,Meriste,4/18/64,8/8/94,1/1/99,Staff
265908,Subhada,Markovitch,8/14/62,6/12/90,1/1/99,Technique Leader
265921,Hauke,Pelz,12/3/62,2/13/90,1/1/99,Senior Staff
265928,Ziva,Pettis,2/9/63,4/24/91,1/1/99,Engineer
265930,Uriel,Trachtenberg,3/29/62,1/12/90,1/1/99,Staff
265933,Miomir,Montresor,5/27/64,12/9/86,1/1/99,Staff
265942,Valter,Albarhamtoshy,10/25/64,9/23/85,1/1/99,Senior Engineer
265943,Ziya,Lowrie,11/10/62,4/16/94,1/1/99,Staff
265944,Yongdong,Herbst,11/21/64,3/1/99,1/1/99,Engineer
265957,Falguni,Chartres,5/17/63,10/22/98,1/1/99,Staff
265978,Munehiro,Besselaar,6/29/63,2/14/98,1/1/99,Engineer
265983,Lijie,Zuberek,7/29/62,10/4/95,1/1/99,Senior Staff
265987,Sverrir,Mawatari,10/12/62,5/1/97,1/1/99,Senior Staff
265995,Eirik,Condotta,10/20/63,12/19/96,1/1/99,Staff
266003,Janche,Heinisuo,5/4/63,3/8/97,1/1/99,Staff
266008,Arnd,Jayawardene,1/30/64,5/9/88,1/1/99,Senior Staff
266016,Noritoshi,Shanbhogue,3/4/63,6/1/99,1/1/99,Engineer
266035,Panayotis,Ranta,9/2/64,5/13/01,1/1/99,Senior Engineer
266036,Kensei,Pollacia,11/16/62,3/25/97,1/1/99,Staff
266045,Maya,Harllee,4/4/64,12/28/85,1/1/99,Senior Staff
266047,Uinam,Pews,11/8/64,6/26/99,1/1/99,Senior Engineer
266056,Gladys,Hammerschmidt,7/9/62,12/6/95,1/1/99,Staff
266059,Arunas,Parveen,1/13/64,9/6/94,1/1/99,Assistant Engineer
266072,Juichirou,Navazio,4/26/63,2/13/99,1/1/99,Staff
266074,Genta,Prenel,3/3/62,6/8/85,1/1/99,Staff
266088,Adhemar,Herbst,3/16/63,12/6/87,1/1/99,Senior Staff
266093,Rafols,Boissier,6/13/63,11/7/97,1/1/99,Engineer
266095,Arco,Ushiama,3/20/64,4/4/95,1/1/99,Staff
266099,Kiyotoshi,Buescher,6/4/62,7/13/87,1/1/99,Senior Staff
266106,Domenick,Isaak,10/30/63,5/18/99,1/1/99,Senior Staff
266107,Chriss,Massonet,5/18/62,6/26/91,1/1/99,Senior Engineer
266117,Kensyu,Fetvedt,10/8/62,12/13/93,1/1/99,Staff
266118,Tetsushi,Mattern,6/8/63,2/14/97,1/1/99,Engineer
266119,Karlis,Kalloufi,3/5/63,8/16/95,1/1/99,Senior Engineer
266124,Aamod,Varman,9/7/62,2/27/90,1/1/99,Engineer
266128,Mario,Trelles,10/8/62,1/10/88,1/1/99,Staff
266134,Tadahiro,Sudbeck,9/1/63,1/21/92,1/1/99,Senior Engineer
266136,Youpyo,Zhiwei,10/5/64,8/22/97,1/1/99,Engineer
266140,Stevo,Oxenboll,12/8/63,7/7/89,1/1/99,Engineer
266144,Zhanqiu,Buchter,12/22/62,7/25/92,1/1/99,Technique Leader
266149,Geoff,Frezza,10/18/63,6/3/94,1/1/99,Senior Engineer
266151,Maya,Perfilyeva,12/13/62,9/14/91,1/1/99,Senior Staff
266152,Sanjit,Matzat,8/4/64,6/11/99,1/1/99,Engineer
266154,Sastry,Decleir,12/15/64,5/2/94,1/1/99,Staff
266160,Sumant,Rahier,7/30/64,5/29/98,1/1/99,Staff
266162,Make,Jiang,7/23/62,5/30/91,1/1/99,Senior Staff
266163,Muneo,Cheshire,2/26/64,6/25/90,1/1/99,Engineer
266164,Yoshinari,Zuberek,7/19/63,8/2/87,1/1/99,Staff
266172,Heon,Nyrup,12/15/64,9/22/96,1/1/99,Senior Engineer
266174,Zijian,Esposito,11/16/63,2/15/98,1/1/99,Engineer
266175,Muneo,Mayerwieser,9/3/64,6/30/99,1/1/99,Senior Engineer
266183,Sanjay,Gimarc,9/22/64,12/11/94,1/1/99,Technique Leader
266188,Ymte,Choobineh,4/29/63,12/7/88,1/1/99,Senior Engineer
266189,Subir,Jakobus,3/10/62,4/8/99,1/1/99,Staff
266197,Ewing,Casperson,9/25/64,7/10/88,1/1/99,Senior Engineer
266206,Zsolt,Anily,2/1/65,8/19/85,1/1/99,Senior Staff
266208,Lorien,Oehlmann,8/21/62,4/27/94,1/1/99,Senior Staff
266214,Tomofumi,Swen,10/26/62,1/3/91,1/1/99,Staff
266222,Danae,Masada,7/27/64,3/18/97,1/1/99,Assistant Engineer
266231,Gor,Trumbly,10/20/62,1/7/94,1/1/99,Senior Engineer
266232,Horward,Facello,3/31/64,6/23/99,1/1/99,Staff
266235,Evgueni,Kuhnemann,2/17/62,1/15/02,1/1/99,Staff
266237,Domenick,Krybus,9/5/63,12/25/94,1/1/99,Senior Engineer
266249,Sumant,Nishimukai,1/15/65,3/28/91,1/1/99,Senior Staff
266262,Mori,Gimbel,5/18/62,5/19/88,1/1/99,Senior Engineer
266265,Yuichiro,Feinberg,12/25/63,2/2/96,1/1/99,Engineer
266267,Felicidad,Wossner,2/26/62,4/30/00,1/1/99,Senior Staff
266273,Yucai,Standera,1/11/62,5/12/95,1/1/99,Technique Leader
266281,Jenwei,Ozery,5/30/62,2/26/86,1/1/99,Staff
266283,Tsvetan,Chleq,6/9/62,11/20/95,1/1/99,Engineer
266288,IEEE,Neimat,6/13/64,7/3/93,1/1/99,Engineer
266290,Ebbe,Etalle,3/9/62,5/9/93,1/1/99,Senior Staff
266300,Xiaopeng,Niizuma,2/24/63,6/26/91,1/1/99,Senior Staff
266310,Zvonko,Serdy,1/23/65,6/24/87,1/1/99,Senior Staff
266311,Heping,Chinen,8/27/64,1/8/99,1/1/99,Staff
266319,Fabrizio,Zlotek,7/31/63,4/27/87,1/1/99,Senior Engineer
266321,Ute,Egerstedt,5/10/62,3/6/86,1/1/99,Senior Engineer
266324,Gully,Ramsak,12/7/62,1/30/00,1/1/99,Staff
266326,Fumiko,Vural,6/28/62,1/3/00,1/1/99,Staff
266332,Shay,Mullainathan,8/9/63,8/16/97,1/1/99,Senior Staff
266337,Leandro,Conde,4/29/64,5/12/90,1/1/99,Technique Leader
266342,Pasqua,Vernadat,11/1/63,12/11/95,1/1/99,Engineer
266346,Goncalo,Wroclawski,9/27/62,11/14/86,1/1/99,Senior Staff
266353,Kwun,Puoti,6/27/63,1/31/97,1/1/99,Assistant Engineer
266357,Radhakrishnan,Fraisse,8/13/62,2/15/91,1/1/99,Senior Staff
266362,Nathalie,Skogmar,5/14/62,1/8/86,1/1/99,Senior Engineer
266363,Sudhanshu,Wendorf,9/9/63,4/25/87,1/1/99,Senior Engineer
266370,Annemarie,Ambroszkiewicz,12/16/64,7/31/97,1/1/99,Engineer
266371,Theirry,Bierbaum,12/13/62,11/18/87,1/1/99,Senior Engineer
266376,Ronnie,Oberman,12/10/64,9/12/86,1/1/99,Staff
266381,Susanna,Gopalakrishnan,12/25/63,2/25/85,1/1/99,Senior Engineer
266383,Rafols,Cmelik,9/19/63,5/1/97,1/1/99,Staff
266391,Mircea,Cannard,3/19/63,9/9/97,1/1/99,Engineer
266393,Yinghua,Suermann,5/2/64,3/2/98,1/1/99,Engineer
266397,Yoshimitsu,Aseltine,12/3/62,11/28/92,1/1/99,Senior Engineer
266403,Margo,Varker,9/3/63,11/6/93,1/1/99,Senior Engineer
266405,Jaques,Ernst,10/10/63,4/4/93,1/1/99,Engineer
266409,Manton,Chartres,12/2/64,6/29/85,1/1/99,Staff
266416,Syozo,Seghrouchni,5/22/63,2/18/91,1/1/99,Senior Engineer
266419,Fayez,Trogemann,9/18/62,1/26/99,1/1/99,Engineer
266420,Kauko,Cannane,8/31/64,2/26/99,1/1/99,Staff
266421,Uli,Docker,6/23/62,4/20/89,1/1/99,Senior Engineer
266427,Arfst,Rodiger,11/4/63,2/16/98,1/1/99,Engineer
266428,Pramod,Poujol,1/29/63,5/10/92,1/1/99,Senior Engineer
266434,Janalee,Naumovich,6/23/62,2/15/96,1/1/99,Engineer
266435,Rafail,Siprelle,7/26/64,2/14/99,1/1/99,Staff
266440,Kwun,Matzat,12/5/63,5/8/86,1/1/99,Engineer
266444,Godehard,Wiegley,9/2/63,7/28/99,1/1/99,Engineer
266446,Rosalie,Gire,10/10/63,5/15/87,1/1/99,Senior Engineer
266447,Chenyi,Nourani,2/11/63,6/18/87,1/1/99,Senior Staff
266452,Monique,Toyoshima,12/23/63,9/23/95,1/1/99,Assistant Engineer
266461,Katsuyuki,Litzkow,9/29/64,5/5/97,1/1/99,Staff
266477,Margareta,Rosca,2/6/62,8/2/93,1/1/99,Staff
266480,Dipayan,Koshiba,4/22/63,1/4/99,1/1/99,Engineer
266497,Paris,Hutton,8/10/63,9/19/86,1/1/99,Staff
266515,Stafford,Pouyioutas,3/17/63,6/18/88,1/1/99,Senior Staff
266520,Hatem,Litzler,12/30/62,5/13/98,1/1/99,Staff
266538,Fumitake,Verhaegen,8/8/62,7/31/97,1/1/99,Senior Staff
266555,Zongyan,Sluis,4/18/63,1/10/95,1/1/99,Assistant Engineer
266557,Giri,Lorho,7/2/64,7/25/87,1/1/99,Senior Staff
266558,Arumugam,Bail,4/12/62,11/22/95,1/1/99,Staff
266568,Ebru,Fioravanti,8/12/63,11/5/88,1/1/99,Senior Staff
266569,Aksel,Rattan,7/23/64,12/10/99,1/1/99,Staff
266572,Krister,Srimani,11/20/63,11/25/96,1/1/99,Assistant Engineer
266574,Samphel,Zeleznik,11/8/62,7/25/99,1/1/99,Engineer
266578,Yifei,Mitsuhashi,7/8/62,5/22/89,1/1/99,Senior Engineer
266582,Stamatina,Hiyoshi,12/22/64,6/5/94,1/1/99,Senior Engineer
266584,Gully,Petereit,5/10/64,9/10/98,1/1/99,Engineer
266605,Yoshimitsu,Junot,6/7/62,11/20/89,1/1/99,Senior Staff
266611,Odinaldo,Adachi,7/31/63,5/20/96,1/1/99,Senior Staff
266612,Ramachenga,Greenaway,4/8/62,1/24/94,1/1/99,Staff
266618,Saddek,Streit,8/15/64,3/22/91,1/1/99,Technique Leader
266628,Younwoo,Benzmuller,5/1/64,2/14/85,1/1/99,Senior Engineer
266630,Chandrasekaran,Radwan,6/13/62,1/24/98,1/1/99,Engineer
266637,Youpyo,Gien,2/10/63,10/1/87,1/1/99,Senior Staff
266640,Uinam,Plumb,11/26/64,3/29/90,1/1/99,Technique Leader
266642,Fun,Wiegley,12/25/62,6/1/87,1/1/99,Senior Engineer
266644,Anwar,Gubsky,1/8/65,8/9/93,1/1/99,Senior Staff
266650,Ymte,Meriste,1/10/64,5/21/94,1/1/99,Staff
266658,Branimir,Tzvieli,4/4/63,5/22/87,1/1/99,Senior Staff
266659,Pasqua,Stasinski,4/22/62,9/8/93,1/1/99,Staff
266661,Patricio,Camurati,5/19/62,10/12/95,1/1/99,Engineer
266663,Kasturi,Waleschkowski,7/2/64,9/14/98,1/1/99,Engineer
266664,Zito,Broomell,11/28/64,11/4/93,1/1/99,Staff
266665,Becky,Maksimenko,5/13/63,4/22/91,1/1/99,Staff
266666,Masadi,Heping,3/25/63,5/12/93,1/1/99,Senior Staff
266671,Changho,Benantar,7/6/64,10/16/92,1/1/99,Staff
266675,George,Leppanen,5/16/63,5/19/94,1/1/99,Senior Staff
266679,Stafford,Narahara,3/14/62,12/30/87,1/1/99,Senior Staff
266681,Houman,Reeken,10/2/63,1/28/95,1/1/99,Engineer
266683,Eric,Azadmanesh,6/24/62,8/22/87,1/1/99,Staff
266695,Juyoung,Peak,4/5/62,12/24/94,1/1/99,Senior Staff
266700,Claude,Jahnichen,8/9/62,11/6/92,1/1/99,Senior Engineer
266704,Sadok,Gewali,2/22/63,3/11/86,1/1/99,Senior Engineer
266705,Giordano,Thambidurai,9/30/63,5/4/91,1/1/99,Senior Engineer
266714,Pragnesh,Ranum,6/30/62,11/29/90,1/1/99,Staff
266718,Basim,Belinskaya,4/10/63,3/13/96,1/1/99,Staff
266723,Przemyslawa,Vesel,8/2/62,6/1/90,1/1/99,Engineer
266739,Tristan,Lorie,4/15/62,8/28/92,1/1/99,Engineer
266740,Akemi,Petersohn,7/13/64,1/13/91,1/1/99,Engineer
266746,Brewster,Heering,5/25/62,11/13/86,1/1/99,Senior Staff
266749,Lena,Cappelli,8/7/62,8/8/98,1/1/99,Staff
266750,Gladys,Ertl,8/24/62,11/28/88,1/1/99,Senior Engineer
266757,Xiaobin,Xiaoshan,12/30/64,2/22/99,1/1/99,Staff
266763,Gilbert,Camurati,7/29/63,6/1/94,1/1/99,Senior Staff
266771,Sachin,Lupu,3/14/63,5/12/98,1/1/99,Staff
266784,Boguslaw,Camarinopoulos,8/20/63,3/16/96,1/1/99,Staff
266785,Vojin,Alblas,5/6/62,12/21/93,1/1/99,Engineer
266787,Emran,Nyrup,3/15/62,9/26/88,1/1/99,Senior Engineer
266796,Unal,Chepyzhov,11/22/63,3/24/99,1/1/99,Engineer
266802,Dante,Maquelin,6/18/62,9/25/91,1/1/99,Technique Leader
266803,Claude,Molberg,5/21/64,1/31/87,1/1/99,Engineer
266810,Nidapan,Sinitsyn,9/4/62,2/11/92,1/1/99,Senior Engineer
266819,Kankanahalli,Ghalwash,11/10/64,12/18/96,1/1/99,Technique Leader
266833,Gaurav,Nitto,2/15/64,9/17/85,1/1/99,Engineer
266841,Arto,Serot,7/18/63,3/24/86,1/1/99,Technique Leader
266842,Houman,Stifter,5/13/63,11/3/99,1/1/99,Senior Engineer
266844,Hidde,Papsdorf,12/25/62,4/11/96,1/1/99,Senior Engineer
266846,Huei,Marshall,6/2/62,9/17/88,1/1/99,Engineer
266852,Kwangyoen,Lieberherr,12/5/62,12/22/85,1/1/99,Senior Engineer
266862,Mart,Plumb,1/10/65,4/21/86,1/1/99,Senior Staff
266863,Toshimitsu,Rosca,3/7/62,8/15/96,1/1/99,Staff
266875,Becky,Suessmith,11/23/64,6/27/85,1/1/99,Engineer
266877,Chenyi,Walston,3/21/62,6/27/99,1/1/99,Staff
266881,Mokhtar,Sabnani,1/11/65,2/4/97,1/1/99,Staff
266887,Kwan,Bottner,7/16/63,8/3/88,1/1/99,Staff
266893,Kendra,Hmelo,5/13/64,11/5/98,1/1/99,Staff
266894,Randy,Erdi,6/16/62,10/29/85,1/1/99,Staff
266899,Aksel,Lanteri,9/19/64,7/19/00,1/1/99,Senior Staff
266909,Hidde,Baaz,10/13/62,5/16/86,1/1/99,Engineer
266910,Kazuhira,Conti,1/18/64,12/4/99,1/1/99,Engineer
266912,Chuanti,Rousseau,3/6/63,9/5/95,1/1/99,Engineer
266913,Yuuichi,Wilfing,11/21/64,12/25/99,1/1/99,Technique Leader
266919,Malu,Neimat,6/9/63,10/17/96,1/1/99,Staff
266925,Ioana,Parfitt,8/23/64,3/23/99,1/1/99,Engineer
266931,Remzi,Molberg,8/14/62,8/30/88,1/1/99,Senior Staff
266933,Djelloul,Piveteau,1/17/63,6/5/89,1/1/99,Staff
266935,Genki,Lunt,1/4/63,2/10/89,1/1/99,Senior Engineer
266937,Lihong,Ranon,2/24/62,2/26/00,1/1/99,Engineer
266954,Mihalis,Jansen,10/28/64,3/10/88,1/1/99,Senior Staff
266966,Chriss,Viele,6/6/62,12/19/97,1/1/99,Technique Leader
266967,Teruyuki,Vecchi,5/25/64,10/30/99,1/1/99,Engineer
266971,Masamitsu,Pavlopoulou,4/10/64,5/15/88,1/1/99,Engineer
266976,Muzhong,Krichel,1/30/63,9/13/91,1/1/99,Senior Staff
266977,Shahab,Tempesti,7/21/62,7/27/89,1/1/99,Staff
266986,Supot,Valiente,2/22/64,4/7/85,1/1/99,Senior Engineer
266991,Erzsebet,Besselaar,8/31/62,1/30/93,1/1/99,Engineer
266992,Sanjit,Foong,12/12/62,11/22/95,1/1/99,Staff
266996,Rasikan,Zaccaria,6/15/63,11/19/98,1/1/99,Technique Leader
267014,Demin,Camarinopoulos,4/30/62,6/22/99,1/1/99,Engineer
267018,Berhard,Conta,6/21/62,9/8/85,1/1/99,Senior Staff
267021,Arun,Isaac,3/28/63,3/30/98,1/1/99,Staff
267022,Satyanarayana,Vendrig,3/27/62,4/25/92,1/1/99,Engineer
267027,Udaiprakash,Kakkar,2/5/62,8/7/89,1/1/99,Senior Staff
267038,Urs,Rabejac,7/21/64,11/5/94,1/1/99,Staff
267040,Leszek,Ranze,9/16/62,7/28/91,1/1/99,Senior Staff
267042,Hein,Koprowski,9/21/63,7/18/94,1/1/99,Senior Staff
267044,Francesca,Suwa,3/2/62,5/25/00,1/1/99,Engineer
267050,Bluma,Hasham,11/8/62,7/13/99,1/1/99,Technique Leader
267055,Rafail,Shobatake,12/31/62,5/2/91,1/1/99,Assistant Engineer
267059,Moie,Tempesti,1/9/65,6/29/91,1/1/99,Staff
267061,Kristina,Zlotek,10/27/62,4/6/89,1/1/99,Engineer
267073,Subhash,Muhling,5/27/62,7/5/96,1/1/99,Senior Staff
267079,Tonny,Bellone,11/10/62,10/15/99,1/1/99,Staff
267081,Huiqun,Beetstra,5/20/64,9/11/96,1/1/99,Senior Staff
267090,Mohan,Burnard,11/1/64,2/18/86,1/1/99,Senior Engineer
267093,Caolyn,Vidal,3/28/62,3/8/99,1/1/99,Senior Engineer
267099,Hailing,Ferretti,5/19/62,10/14/86,1/1/99,Staff
267100,Heng,Spataro,9/1/64,2/9/97,1/1/99,Senior Engineer
267108,TRUE,Bierbaum,7/6/62,10/1/98,1/1/99,Staff
267110,Tianruo,Nastansky,8/25/64,9/10/93,1/1/99,Technique Leader
267112,Narain,Klassen,6/12/64,3/4/86,1/1/99,Engineer
267119,Pradeep,Syrzycki,1/1/64,7/12/94,1/1/99,Engineer
267126,Arvin,Biron,8/28/64,2/12/88,1/1/99,Senior Engineer
267129,Leon,Caine,9/9/62,8/27/00,1/1/99,Engineer
267136,Hauke,Brandsma,3/26/63,5/17/99,1/1/99,Engineer
267142,Emran,Rahier,9/23/62,7/22/92,1/1/99,Senior Staff
267146,Renny,Ranft,4/26/64,3/21/90,1/1/99,Assistant Engineer
267153,Tsuneo,Wendorf,9/5/64,5/3/98,1/1/99,Staff
267168,Rildo,Kroon,11/22/62,1/4/00,1/1/99,Engineer
267172,Xiahua,Niizuma,4/8/64,1/17/87,1/1/99,Senior Engineer
267176,Gully,Murtagh,10/2/62,12/4/86,1/1/99,Staff
267182,Katsuyuki,Khasidashvili,6/22/64,11/10/98,1/1/99,Technique Leader
267189,Janalee,Pettis,7/31/64,8/31/97,1/1/99,Senior Staff
267190,Taisook,Basagni,8/31/62,6/10/87,1/1/99,Engineer
267192,Shahar,Hanabata,7/15/63,7/18/96,1/1/99,Engineer
267195,Domenico,Stentiford,9/27/62,9/18/96,1/1/99,Staff
267203,Xianlong,Kolinko,11/29/63,8/17/90,1/1/99,Senior Engineer
267206,Takahito,McClure,10/13/64,4/6/92,1/1/99,Staff
267208,Yurij,Puppe,3/7/63,12/11/90,1/1/99,Engineer
267212,Huan,Vakili,5/7/62,3/18/98,1/1/99,Senior Staff
267215,Bodh,Stavenow,2/2/62,4/23/95,1/1/99,Senior Engineer
267223,Badri,Farrar,4/13/64,3/3/89,1/1/99,Engineer
267224,Kayoko,Plessier,5/12/62,5/1/85,1/1/99,Senior Engineer
267227,Susuma,Tagansky,1/10/65,1/22/95,1/1/99,Engineer
267232,Junichi,Thummel,3/13/62,12/3/01,1/1/99,Engineer
267237,Thodoros,Barvinok,7/29/63,3/31/88,1/1/99,Staff
267242,Weiru,Wiegley,4/7/62,3/23/98,1/1/99,Senior Staff
267252,Roddy,Lienhardt,9/14/62,9/8/91,1/1/99,Engineer
267260,Jouko,Begiun,3/18/62,10/21/01,1/1/99,Staff
267262,Premsyl,Nyrup,11/15/62,6/12/91,1/1/99,Staff
267269,Jingling,Chartres,10/17/63,10/10/95,1/1/99,Staff
267276,Honesty,Lichtner,3/22/63,4/24/99,1/1/99,Senior Engineer
267277,Yonghoan,Billawala,11/15/63,2/1/97,1/1/99,Assistant Engineer
267286,Zijian,Himler,5/24/63,1/21/98,1/1/99,Staff
267292,Takushi,Silva,12/13/64,3/12/90,1/1/99,Senior Staff
267304,Jordanka,Axelband,1/6/65,6/27/94,1/1/99,Senior Staff
267308,Udaiprakash,Back,9/24/62,7/7/88,1/1/99,Technique Leader
267310,Abdulla,Sudkamp,3/21/62,12/9/87,1/1/99,Senior Engineer
267313,Tetsurou,Marzano,8/21/62,8/17/97,1/1/99,Engineer
267317,Martins,Pepe,2/5/64,11/12/98,1/1/99,Engineer
267322,Jenwei,Pashtan,1/18/63,11/30/87,1/1/99,Engineer
267324,Marsja,Mandelberg,2/26/64,3/27/86,1/1/99,Engineer
267332,Bokyung,Ramaiah,4/25/64,12/10/99,1/1/99,Engineer
267339,Arie,Suessmith,6/27/62,6/14/88,1/1/99,Technique Leader
267349,Tamiya,Melski,7/1/64,12/10/98,1/1/99,Engineer
267354,Yuichiro,Frijda,11/30/63,2/2/95,1/1/99,Engineer
267360,Kerryn,Karnin,6/30/62,3/24/87,1/1/99,Senior Staff
267365,Adin,Lanphier,6/24/63,5/16/99,1/1/99,Engineer
267366,Charmane,Morris,4/29/63,10/20/85,1/1/99,Senior Engineer
267369,Yurij,Sullins,7/7/62,6/5/99,1/1/99,Senior Engineer
267370,Gal,Vilarrasa,2/4/64,3/4/90,1/1/99,Senior Staff
267372,Naftaly,Thambidurai,3/28/63,3/27/87,1/1/99,Engineer
267380,Tuval,Litvinov,2/4/63,3/15/96,1/1/99,Staff
267388,Elliott,Solovay,1/3/63,12/30/94,1/1/99,Staff
267392,Tomofumi,Cesareni,11/24/62,2/15/92,1/1/99,Technique Leader
267402,Chanjung,Bernardinello,12/7/62,1/23/97,1/1/99,Engineer
267409,Rayond,Ozeki,11/19/63,8/14/99,1/1/99,Engineer
267414,Arunas,Yurov,8/7/64,3/24/95,1/1/99,Senior Staff
267423,Pranav,Guting,10/10/63,10/14/96,1/1/99,Engineer
267424,Hidefumi,Kaelbling,9/5/64,8/9/95,1/1/99,Engineer
267428,Reuven,Doering,3/31/64,9/25/87,1/1/99,Staff
267433,Ugo,Kampfer,7/9/64,12/12/91,1/1/99,Technique Leader
267435,Xiaoqiang,Iwayama,2/21/64,3/12/96,1/1/99,Staff
267438,Emran,Redmiles,3/9/63,3/18/85,1/1/99,Senior Engineer
267439,Kagan,Covnot,11/27/63,9/26/85,1/1/99,Senior Engineer
267441,Willard,Himler,9/3/62,9/27/87,1/1/99,Senior Engineer
267449,Holgard,Budinsky,3/16/64,12/14/95,1/1/99,Technique Leader
267454,Supot,Vecchio,4/15/64,12/23/89,1/1/99,Senior Staff
267456,Leen,Casperson,12/6/63,7/4/90,1/1/99,Senior Engineer
267458,Foong,Gluchowski,9/1/64,8/11/99,1/1/99,Engineer
267465,Chinhyun,Escriba,6/14/62,2/5/95,1/1/99,Senior Staff
267466,Uno,Sluis,2/12/64,1/29/87,1/1/99,Staff
267470,Ger,Benantar,9/19/62,12/9/91,1/1/99,Senior Engineer
267486,Jacqueline,Narlikar,7/26/64,8/30/85,1/1/99,Engineer
267488,Terresa,Khalil,2/15/63,8/17/96,1/1/99,Senior Engineer
267494,Duke,Szemeredi,3/4/64,7/23/94,1/1/99,Technique Leader
267497,Sanjit,Porotnikoff,1/29/63,8/16/89,1/1/99,Staff
267518,Subhankar,Undy,5/30/63,7/10/96,1/1/99,Senior Engineer
267522,Fuqing,Veldwijk,3/20/62,4/2/97,1/1/99,Staff
267529,Ashish,Rikino,7/25/63,5/19/90,1/1/99,Senior Engineer
267539,Munir,Waleschkowski,3/17/64,2/3/97,1/1/99,Engineer
267548,Elvis,Toyoshima,3/9/63,7/25/88,1/1/99,Senior Staff
267552,Shim,Kranzdorf,6/2/64,7/25/96,1/1/99,Senior Engineer
267565,Maren,Schade,12/27/62,2/4/91,1/1/99,Senior Staff
267569,Bernd,Taubman,8/11/62,5/6/96,1/1/99,Engineer
267571,Harngdar,Maccarone,4/13/63,2/17/93,1/1/99,Engineer
267581,Mona,Neiman,11/18/62,8/21/90,1/1/99,Senior Engineer
267587,Alenka,Bernini,1/5/62,9/8/99,1/1/99,Engineer
267597,Lucian,Ruther,6/30/62,5/2/90,1/1/99,Senior Staff
267598,Jackson,Marakhovsky,10/1/62,5/28/98,1/1/99,Engineer
267611,Abdulla,Cappello,10/23/64,3/29/87,1/1/99,Engineer
267631,Georgi,Koblick,6/5/62,10/13/97,1/1/99,Engineer
267634,Sumant,Bauknecht,7/24/63,7/28/99,1/1/99,Senior Engineer
267644,Adib,Viele,5/4/62,4/10/86,1/1/99,Technique Leader
267646,Frazer,Liesche,5/7/63,2/13/96,1/1/99,Technique Leader
267647,Aleksandar,Melter,5/5/62,6/19/95,1/1/99,Engineer
267653,Kazuhide,Rossi,7/5/62,11/8/91,1/1/99,Senior Staff
267654,Zhiwei,Murtafg,12/13/64,1/29/00,1/1/99,Staff
267655,Isaac,Byoun,6/23/63,1/6/95,1/1/99,Senior Staff
267660,Arto,Syang,11/17/63,2/23/86,1/1/99,Senior Engineer
267665,Faiza,Kirkerud,1/11/64,9/23/96,1/1/99,Technique Leader
267667,Irena,Kaiserswerth,1/5/65,9/5/87,1/1/99,Senior Staff
267669,Haldun,Piazza,12/10/63,8/11/97,1/1/99,Staff
267670,Bilhanan,Manders,7/15/64,3/21/91,1/1/99,Engineer
267678,Nalini,Coney,9/28/62,9/8/89,1/1/99,Senior Engineer
267684,Toshimi,Schrift,12/28/64,7/26/88,1/1/99,Engineer
267689,Tsz,Vieth,3/28/62,1/18/92,1/1/99,Senior Engineer
267691,Xiaopeng,Bierbaum,6/23/64,7/28/87,1/1/99,Senior Staff
267694,Nadjib,Cronau,1/5/64,2/9/97,1/1/99,Senior Staff
267697,Katsuyuki,Granlund,11/19/62,12/23/88,1/1/99,Engineer
267701,Kitty,Veeraraghavan,8/28/63,9/18/98,1/1/99,Senior Engineer
267713,Youjian,Simmen,12/2/62,1/6/93,1/1/99,Staff
267714,Ekawit,Bottner,4/8/62,2/26/98,1/1/99,Staff
267720,Kwangjo,Lindenbaum,11/18/63,4/22/92,1/1/99,Staff
267728,Isamu,Honiden,12/21/63,5/21/97,1/1/99,Staff
267739,Shahar,Poujol,3/15/64,11/21/98,1/1/99,Senior Engineer
267743,Alselm,Munro,10/10/62,12/21/86,1/1/99,Staff
267746,Sarita,Journel,10/22/63,1/10/94,1/1/99,Engineer
267748,Miomir,Pettis,11/26/63,2/28/87,1/1/99,Assistant Engineer
267757,Heather,Chorvat,12/24/62,11/25/90,1/1/99,Senior Staff
267758,Mountaz,Jeansoulin,5/9/64,2/9/94,1/1/99,Senior Engineer
267762,Steen,Nastansky,2/10/64,3/28/97,1/1/99,Senior Engineer
267764,Ayonca,Colorni,7/20/63,4/6/94,1/1/99,Staff
267776,Charlene,Walston,1/12/63,4/1/94,1/1/99,Technique Leader
267777,Arunas,Lorie,1/19/63,8/25/94,1/1/99,Engineer
267786,Ravishankar,Gecsel,4/10/62,12/20/99,1/1/99,Staff
267790,Fai,Puppo,3/24/62,12/1/91,1/1/99,Senior Engineer
267792,Luise,Encarnacion,7/27/63,5/27/98,1/1/99,Staff
267797,Bernt,Anick,2/22/64,9/21/94,1/1/99,Senior Staff
267798,Oscar,Lagarias,1/29/64,5/26/91,1/1/99,Senior Engineer
267803,Keiichiro,Ginesta,1/19/62,4/12/98,1/1/99,Staff
267804,Akhilish,Farrow,11/27/62,5/16/85,1/1/99,Senior Staff
267805,Jaihie,Leaver,5/30/64,4/13/99,1/1/99,Technique Leader
267816,Kenton,Swist,12/14/63,11/10/93,1/1/99,Engineer
267827,Mong,Hiyoshi,11/3/64,1/6/90,1/1/99,Engineer
267832,Shuji,Marzano,10/26/63,10/23/95,1/1/99,Staff
267834,Toong,Raczkowsky,8/19/64,10/4/94,1/1/99,Senior Staff
267849,Boaz,Rattan,9/2/62,5/9/99,1/1/99,Assistant Engineer
267853,Jinpo,Barvinok,6/21/62,8/27/95,1/1/99,Engineer
267855,Kankanahalli,Nastansky,6/26/62,6/29/88,1/1/99,Senior Staff
267858,Vasilii,Ferriere,10/1/64,7/5/87,1/1/99,Senior Staff
267862,Eirik,Anido,5/21/62,2/26/92,1/1/99,Senior Engineer
267867,Maria,Ghandeharizadeh,11/26/64,2/8/98,1/1/99,Engineer
267869,Fumino,Imataki,12/25/64,6/7/87,1/1/99,Engineer
267873,Monique,Swen,9/23/62,3/27/97,1/1/99,Senior Engineer
267879,Byong,Thorensen,10/11/62,10/3/97,1/1/99,Engineer
267881,Saeko,Bergere,3/8/64,9/3/93,1/1/99,Staff
267883,Yakkov,Slobodova,2/7/63,8/28/93,1/1/99,Senior Engineer
267884,Fumitake,Ozeki,10/21/64,6/18/99,1/1/99,Staff
267894,Shigeichiro,Conti,9/22/64,1/8/99,1/1/99,Senior Engineer
267898,Zeljko,Schnabel,7/30/64,12/8/85,1/1/99,Senior Engineer
267901,Weiye,Ritcey,8/20/62,7/7/86,1/1/99,Staff
267902,Neven,Trumbly,5/13/62,1/12/02,1/1/99,Technique Leader
267903,Elliott,Hiyoshi,1/11/63,7/30/95,1/1/99,Technique Leader
267905,Yinlin,Fasbender,7/31/64,6/7/90,1/1/99,Senior Staff
267907,Nikolaus,Lally,10/19/64,7/27/96,1/1/99,Senior Engineer
267926,Steen,Thebaut,10/10/64,4/25/91,1/1/99,Staff
267929,Marlo,Gecsei,5/25/63,2/11/96,1/1/99,Senior Staff
267930,Paddy,Chartres,10/22/63,5/22/95,1/1/99,Engineer
267931,Volkmar,Lindenbaum,1/5/62,7/17/02,1/1/99,Engineer
267933,Gay,Sessa,6/9/63,10/21/87,1/1/99,Senior Engineer
267939,Armond,Peres,1/11/64,1/24/87,1/1/99,Senior Staff
267942,Jagoda,Ullian,11/14/62,7/19/86,1/1/99,Senior Staff
267947,Susanne,Puppe,7/24/63,4/28/93,1/1/99,Engineer
267953,Mahmut,Baezner,12/14/64,5/1/95,1/1/99,Staff
267958,Tremaine,Francisci,4/2/63,1/24/93,1/1/99,Senior Staff
267959,Uma,Picci,9/15/64,10/28/89,1/1/99,Staff
267960,Franziska,Ladret,5/25/63,4/3/95,1/1/99,Senior Engineer
267981,Kazuhisa,Masaki,4/2/64,11/25/01,1/1/99,Staff
267999,Mack,Pargas,9/16/64,5/22/01,1/1/99,Staff
268001,Martins,Clouatre,4/13/62,8/22/96,1/1/99,Technique Leader
268003,Lakshmi,Acton,10/28/63,5/13/89,1/1/99,Engineer
268010,Remco,Rusterholz,2/16/62,8/23/92,1/1/99,Senior Staff
268017,Boalin,Reutenauer,1/24/62,3/5/91,1/1/99,Engineer
268019,Lein,Manderick,7/14/63,6/12/94,1/1/99,Staff
268027,Ingmar,Schiper,12/5/63,2/4/86,1/1/99,Senior Engineer
268033,Hailing,Krzyzanowski,6/2/64,1/2/99,1/1/99,Engineer
268034,Jaewoo,Sidje,1/28/64,12/24/95,1/1/99,Engineer
268037,Snehasis,Byoun,7/30/64,5/1/91,1/1/99,Senior Staff
268043,Narain,Mikschl,1/28/65,11/2/97,1/1/99,Engineer
268047,Val,Samarati,3/21/62,6/27/99,1/1/99,Senior Engineer
268049,Sivanarayana,Ferriere,3/8/63,8/17/86,1/1/99,Senior Staff
268051,Faiza,Levasseur,12/24/63,3/14/96,1/1/99,Staff
268059,Martijn,Rohrbach,2/8/63,4/8/89,1/1/99,Engineer
268061,Nalini,Rosin,9/20/64,6/7/86,1/1/99,Technique Leader
268078,Gro,Menyhert,7/3/62,8/6/85,1/1/99,Senior Engineer
268083,Mingsen,Lorch,11/13/62,4/22/96,1/1/99,Senior Staff
268084,Manibrata,Leslie,6/20/63,10/25/87,1/1/99,Senior Staff
268085,Aemilian,Denos,4/7/64,8/16/92,1/1/99,Senior Engineer
268095,Mitchel,Baaz,7/23/62,5/2/92,1/1/99,Senior Staff
268101,Makato,Msuda,10/15/62,4/28/86,1/1/99,Engineer
268105,Kerhong,Begiun,12/17/63,12/4/91,1/1/99,Staff
268107,Gen,Jording,2/24/63,11/8/86,1/1/99,Senior Engineer
268114,Arlette,Lindenbaum,10/9/62,3/22/86,1/1/99,Senior Engineer
268116,Gritta,Francisci,11/13/62,6/26/89,1/1/99,Engineer
268120,Dung,Matzel,5/15/63,8/6/98,1/1/99,Senior Engineer
268122,Marc,Braunmuhl,12/12/62,9/18/87,1/1/99,Senior Staff
268126,Shuzo,Champarnaud,10/15/62,2/24/95,1/1/99,Senior Staff
268148,Kristof,Bain,7/17/64,6/14/99,1/1/99,Staff
268159,Tokuyasu,Chinal,1/24/63,6/23/96,1/1/99,Engineer
268161,Erzsebet,Capobianchi,11/21/62,12/12/90,1/1/99,Senior Engineer
268165,Garnik,Kawashimo,7/7/62,8/1/91,1/1/99,Senior Engineer
268167,Kensyu,Assaf,11/25/62,8/5/94,1/1/99,Technique Leader
268168,Fun,Kolvik,3/20/64,2/28/95,1/1/99,Senior Engineer
268170,Eishiro,Pezzoli,4/3/63,1/19/87,1/1/99,Engineer
268171,Roddy,Porotnikoff,9/29/64,10/4/93,1/1/99,Senior Engineer
268175,Krassimir,Ramalingam,2/10/64,1/29/89,1/1/99,Technique Leader
268176,Lokesh,Angelopoulos,5/18/62,12/31/87,1/1/99,Senior Staff
268183,Yefim,Bednarek,7/23/63,5/3/87,1/1/99,Senior Staff
268187,Sampalli,Perry,4/16/63,7/9/91,1/1/99,Engineer
268191,LiMin,Teitelbaum,1/7/65,11/1/90,1/1/99,Engineer
268193,Guadalupe,Siepmann,7/5/64,1/6/00,1/1/99,Senior Staff
268196,Alassane,Morrey,5/19/63,10/30/87,1/1/99,Senior Staff
268202,Arup,Mattern,12/19/62,6/13/85,1/1/99,Engineer
268208,Arup,Preusig,1/15/64,6/6/90,1/1/99,Technique Leader
268210,Chrisa,Peron,4/18/64,6/17/85,1/1/99,Senior Engineer
268215,Alair,Birjandi,11/29/62,4/18/89,1/1/99,Senior Staff
268223,Quingbo,Schwaller,3/5/62,7/15/89,1/1/99,Staff
268229,Poornachandra,Puppe,7/5/62,8/24/90,1/1/99,Senior Staff
268231,Shai,Socorro,10/26/62,12/3/85,1/1/99,Senior Staff
268243,Takahiro,Gronowski,1/20/62,3/11/94,1/1/99,Engineer
268251,Perry,Kalafatis,4/3/62,9/23/96,1/1/99,Senior Staff
268253,Poorav,Huxford,5/28/62,3/10/95,1/1/99,Staff
268258,Paraskevi,Boreale,9/19/64,9/2/96,1/1/99,Engineer
268272,Hailing,Decleir,10/19/64,10/29/95,1/1/99,Senior Engineer
268286,Marin,Oberman,12/29/62,6/30/99,1/1/99,Staff
268291,Shounak,Renear,5/6/63,7/2/88,1/1/99,Staff
268296,Juichirou,Spell,8/20/64,9/1/99,1/1/99,Staff
268298,Ronnie,Yetto,6/4/62,9/29/98,1/1/99,Staff
268303,Perry,Isard,1/10/62,12/20/97,1/1/99,Staff
268305,Alejandro,Wallrath,12/27/63,2/10/93,1/1/99,Senior Engineer
268306,Abdelkader,Baby,2/2/64,10/7/90,1/1/99,Senior Staff
268308,Shietung,Denny,2/25/62,4/24/93,1/1/99,Senior Staff
268318,Josyula,Wilfing,6/8/63,3/29/96,1/1/99,Technique Leader
268322,Rosalyn,Munawer,2/20/63,11/1/94,1/1/99,Senior Engineer
268340,Yakkov,Alameldin,11/13/62,1/11/88,1/1/99,Technique Leader
268342,Tesuya,Melter,9/14/63,6/10/91,1/1/99,Staff
268344,Hairong,Morrin,5/1/63,12/11/92,1/1/99,Senior Engineer
268346,Marin,Krychniak,10/2/62,1/17/94,1/1/99,Engineer
268350,Yolla,Gulla,5/2/63,9/9/91,1/1/99,Technique Leader
268360,Manton,Montemayor,5/16/63,8/28/89,1/1/99,Engineer
268367,Zito,Rajcani,5/14/64,1/1/97,1/1/99,Staff
268380,Youssef,Masada,7/9/63,10/6/92,1/1/99,Senior Staff
268383,Kristof,Braunmuhl,8/25/62,2/21/96,1/1/99,Staff
268389,Domenico,Gniady,6/10/64,11/8/86,1/1/99,Engineer
268395,Barry,Coullard,1/20/63,10/8/96,1/1/99,Senior Engineer
268397,Xinan,Birsak,5/15/64,10/8/86,1/1/99,Senior Engineer
268400,Geoffrey,Tetzlaff,11/7/62,6/25/85,1/1/99,Senior Engineer
268402,Sreenivas,Uhrig,3/6/63,9/11/87,1/1/99,Staff
268412,Mana,Gustavson,12/19/62,4/29/93,1/1/99,Senior Engineer
268413,Greger,Uhrig,2/18/64,12/19/87,1/1/99,Senior Engineer
268415,Nobuyoshi,Larfeldt,1/24/62,3/2/93,1/1/99,Senior Engineer
268439,Zorica,Uchoa,12/18/64,4/26/87,1/1/99,Engineer
268450,Abdulla,Rusterholz,10/20/63,1/21/90,1/1/99,Engineer
268451,Rasiah,Marciano,8/2/63,1/4/00,1/1/99,Engineer
268458,Younwoo,Papadias,5/27/64,9/8/95,1/1/99,Senior Engineer
268477,Stevo,Selvestrel,4/13/63,9/11/86,1/1/99,Senior Staff
268488,Mantis,Angelov,8/17/62,8/16/98,1/1/99,Engineer
268495,Zongyan,Suessmith,5/27/64,1/3/93,1/1/99,Senior Engineer
268496,Paraskevi,Huxford,3/4/63,9/4/96,1/1/99,Staff
268517,Hyuncheol,Murillo,2/20/63,11/28/99,1/1/99,Engineer
268529,Frederique,Halloran,10/3/63,4/18/85,1/1/99,Engineer
268534,Arun,Kohling,8/11/64,4/2/90,1/1/99,Senior Engineer
268545,Hideo,Kobuchi,2/22/64,4/21/85,1/1/99,Staff
268559,Shahid,Thiran,6/17/62,3/7/96,1/1/99,Engineer
268566,Panayotis,Parveen,1/26/62,4/4/97,1/1/99,Staff
268577,Mark,Mansanne,2/19/62,11/14/93,1/1/99,Senior Staff
268579,Aemilian,Munke,11/10/63,10/13/85,1/1/99,Senior Engineer
268582,Moti,Schlegelmilch,12/13/62,2/13/88,1/1/99,Senior Engineer
268586,Ung,Radhakrishnan,6/25/63,7/9/86,1/1/99,Senior Staff
268597,Demos,Erie,7/5/64,10/15/85,1/1/99,Senior Engineer
268606,Sailaja,Munawer,9/2/62,7/31/91,1/1/99,Senior Engineer
268617,Hongzue,Muhling,6/10/63,6/10/95,1/1/99,Assistant Engineer
268622,Weidon,Shihab,6/7/64,3/2/00,1/1/99,Engineer
268627,Abdelghani,Siksek,8/20/64,11/2/96,1/1/99,Technique Leader
268628,Tadahiro,Siegrist,5/24/62,3/28/86,1/1/99,Engineer
268635,Hatim,Ozeri,10/15/62,9/21/87,1/1/99,Staff
268640,Subhankar,Denis,10/10/64,4/21/93,1/1/99,Senior Engineer
268643,Yinghua,Litecky,11/11/64,6/30/90,1/1/99,Senior Staff
268653,Sajjad,Hoogerwoord,8/13/64,11/14/95,1/1/99,Engineer
268658,Feiyu,Nanard,11/1/62,11/15/92,1/1/99,Senior Staff
268662,Aral,Karcich,7/8/63,5/15/96,1/1/99,Senior Engineer
268668,Janche,Rindone,4/1/62,12/27/88,1/1/99,Technique Leader
268674,Keung,Zambonelli,7/11/63,4/19/94,1/1/99,Staff
268692,Angel,Ginesta,10/24/62,1/8/97,1/1/99,Staff
268710,Hilary,Gini,9/3/62,10/16/91,1/1/99,Senior Staff
268715,Jaewoo,Peyn,7/13/64,5/25/01,1/1/99,Staff
268724,Udaiprakash,Mansanne,10/16/62,12/17/93,1/1/99,Senior Engineer
268744,Etsuo,Selenyi,8/7/62,2/4/97,1/1/99,Staff
268746,Zhenhua,Denos,1/30/63,2/9/96,1/1/99,Senior Engineer
268749,Falguni,Reistad,8/20/64,10/6/87,1/1/99,Senior Engineer
268759,Jouko,Ranka,9/2/63,11/29/99,1/1/99,Senior Staff
268768,Clyde,Jayawardene,3/9/64,2/23/94,1/1/99,Staff
268769,Anoosh,Jonsson,9/11/63,4/4/85,1/1/99,Engineer
268775,Jenwei,Paciorek,1/24/63,10/30/94,1/1/99,Senior Staff
268776,Jaroslava,Langford,12/31/62,9/7/88,1/1/99,Technique Leader
268794,Sivanarayana,Ligten,6/30/63,2/1/92,1/1/99,Senior Engineer
268799,Khun,Vingron,12/2/63,4/23/85,1/1/99,Engineer
268800,Marin,Antonakopoulos,2/9/64,8/29/88,1/1/99,Staff
268806,Fumitake,Barvinok,9/4/63,6/4/92,1/1/99,Technique Leader
268810,Masoud,Comellas,7/12/62,9/27/98,1/1/99,Senior Staff
268814,Vitaly,Schmiedel,9/4/62,12/29/86,1/1/99,Senior Staff
268821,Hitofumi,Manders,4/5/63,9/27/88,1/1/99,Staff
268826,Nathan,Seuren,3/14/64,2/17/95,1/1/99,Senior Staff
268830,Volkmar,Bernatsky,12/20/62,12/25/99,1/1/99,Engineer
268835,Mani,Peral,7/20/64,7/11/95,1/1/99,Senior Staff
268843,Kenroku,Michaels,10/3/64,7/24/96,1/1/99,Staff
268853,Magdalena,Wroclawski,5/1/64,7/7/99,1/1/99,Staff
268881,Shawna,Koyama,2/21/62,10/23/99,1/1/99,Engineer
268888,Macha,Murrill,5/4/62,1/2/90,1/1/99,Assistant Engineer
268900,Salvador,Lukaszewicz,1/23/62,6/30/85,1/1/99,Senior Engineer
268907,Mana,Gluchowski,4/29/62,11/14/93,1/1/99,Senior Staff
268917,Cullen,Hasham,12/1/63,4/16/94,1/1/99,Senior Staff
268918,Radhika,Syrzycki,10/22/62,5/27/99,1/1/99,Engineer
268924,Mechthild,Einsfeld,12/7/63,4/26/97,1/1/99,Staff
268927,Ortrud,Parveen,7/31/64,5/25/99,1/1/99,Senior Engineer
268930,Remco,Flanders,2/15/63,8/25/85,1/1/99,Senior Engineer
268933,Khosrow,Ballarin,6/7/63,8/4/87,1/1/99,Engineer
268942,Nathalie,Stasinski,9/5/62,6/6/97,1/1/99,Engineer
268944,Giap,Gruenwald,10/19/62,4/30/91,1/1/99,Senior Engineer
268948,Susuma,Nations,3/31/63,2/7/89,1/1/99,Senior Staff
268951,Shridhar,Cunliffe,3/10/62,12/15/94,1/1/99,Senior Engineer
268952,Denis,Sadowsky,9/14/63,9/16/93,1/1/99,Senior Staff
268956,Heeju,Kugler,12/5/64,10/13/92,1/1/99,Senior Engineer
268958,Vishwani,Nitto,8/27/64,6/12/98,1/1/99,Staff
268964,Maya,Esposito,8/23/62,6/27/93,1/1/99,Senior Engineer
268970,Matk,Ratnakar,4/8/62,8/6/96,1/1/99,Assistant Engineer
268976,Apostol,Schlumberger,6/27/64,2/10/87,1/1/99,Senior Engineer
268989,DAIDA,Wendorf,2/16/64,3/29/96,1/1/99,Engineer
268993,Jeanna,Gecsei,8/26/62,4/7/89,1/1/99,Senior Engineer
268994,Susanne,Underwood,6/16/62,11/12/95,1/1/99,Staff
269002,Yurii,Ruther,2/7/64,3/21/98,1/1/99,Senior Engineer
269003,Sedat,Giarratana,5/30/64,11/16/99,1/1/99,Engineer
269014,Shay,Manders,2/14/64,7/13/95,1/1/99,Staff
269016,Hairong,Luiz,8/9/63,8/3/88,1/1/99,Senior Engineer
269033,Steen,Lubachevsky,5/17/62,5/22/86,1/1/99,Senior Engineer
269040,Insup,Conti,1/30/62,9/10/00,1/1/99,Senior Engineer
269053,Stevo,Bergere,11/3/63,2/9/98,1/1/99,Engineer
269057,Kshitij,Muchinsky,9/26/62,5/14/98,1/1/99,Senior Engineer
269064,Byong,Ertl,9/5/64,2/3/87,1/1/99,Senior Engineer
269067,Steen,Garnham,2/26/63,9/23/98,1/1/99,Senior Staff
269075,Shooichi,Nourani,7/6/63,12/31/88,1/1/99,Senior Staff
269082,Sergi,Burnard,8/1/62,1/28/00,1/1/99,Engineer
269083,Surveyors,Sethi,9/21/64,3/13/85,1/1/99,Staff
269085,Zine,Yetim,9/26/63,5/6/85,1/1/99,Senior Staff
269095,Sachin,Gerteisen,11/23/62,6/7/93,1/1/99,Senior Engineer
269099,Hideyuki,Coney,6/16/63,7/5/98,1/1/99,Staff
269104,Behnaam,Benzaken,12/18/63,7/27/86,1/1/99,Senior Engineer
269112,Yongqiao,Kermarrec,9/3/63,6/17/92,1/1/99,Engineer
269115,Subhash,Roisin,6/29/62,3/28/95,1/1/99,Technique Leader
269124,Zeljko,Lubachevsky,9/11/64,2/2/98,1/1/99,Staff
269125,Rosella,DuBourdieux,4/8/62,2/7/85,1/1/99,Engineer
269135,Shichao,Rosaz,1/22/64,12/5/89,1/1/99,Engineer
269137,Akemi,Flexer,8/12/63,9/16/99,1/1/99,Senior Staff
269146,Nadjib,Morrey,12/28/63,4/1/01,1/1/99,Technique Leader
269149,Jiafu,Kamble,4/8/64,11/14/90,1/1/99,Technique Leader
269153,Ziya,Moehrke,4/2/62,2/16/96,1/1/99,Staff
269155,Youngkon,Guardalben,2/3/63,3/31/99,1/1/99,Assistant Engineer
269160,Leif,Francisci,5/14/64,12/17/86,1/1/99,Senior Staff
269163,Ohad,Engberts,12/9/62,3/10/96,1/1/99,Senior Engineer
269170,Marek,Nooteboom,7/27/63,2/15/86,1/1/99,Staff
269173,Kyoichi,Debuse,7/5/63,8/5/99,1/1/99,Engineer
269179,Kasidit,Kamble,6/14/62,5/27/98,1/1/99,Staff
269181,Murthy,Baca,3/2/62,9/15/94,1/1/99,Assistant Engineer
269183,Behnaam,Suppi,6/24/63,7/15/98,1/1/99,Senior Engineer
269187,Claudi,Peot,12/27/62,1/26/86,1/1/99,Senior Staff
269200,Shalesh,Puppe,2/25/64,4/30/94,1/1/99,Senior Engineer
269204,Jiann,Montemayor,2/18/62,9/13/91,1/1/99,Staff
269214,Shuzo,Murrill,6/26/63,10/21/99,1/1/99,Staff
269217,Filipp,Zschoche,10/12/64,4/20/86,1/1/99,Senior Engineer
269235,Shirish,Hofting,1/8/64,9/15/89,1/1/99,Senior Engineer
269238,Shalesh,Muniz,4/19/64,8/2/94,1/1/99,Senior Engineer
269249,Morris,Vesna,12/2/64,10/18/87,1/1/99,Technique Leader
269266,Guttorm,Zolotykh,4/5/62,11/22/91,1/1/99,Senior Staff
269283,Maik,Lamma,8/1/62,8/22/99,1/1/99,Senior Engineer
269284,Sampalli,Kamber,1/3/63,10/29/91,1/1/99,Senior Staff
269291,Gennadi,Tibblin,3/25/63,9/30/97,1/1/99,Staff
269302,Sumant,Nourani,1/28/64,10/26/88,1/1/99,Staff
269304,Koichi,Chachaty,4/11/62,9/3/85,1/1/99,Senior Staff
269307,Tonny,Vieth,9/3/63,7/2/88,1/1/99,Senior Staff
269319,Arve,Lamparter,3/6/62,6/8/88,1/1/99,Engineer
269322,Lubomir,Penz,6/25/62,1/14/88,1/1/99,Engineer
269334,Bokyung,Hooghiemstra,3/29/63,6/19/97,1/1/99,Staff
269337,Deniz,Gimarc,10/27/64,10/18/93,1/1/99,Senior Engineer
269352,Aral,Zaiane,3/9/62,12/1/91,1/1/99,Assistant Engineer
269358,Arif,Steenbeek,3/8/64,3/28/99,1/1/99,Staff
269362,Sanjay,Henders,6/19/64,4/8/96,1/1/99,Technique Leader
269363,Lubomir,Roccetti,2/18/62,11/11/91,1/1/99,Senior Engineer
269372,Collette,Bahk,8/29/64,12/28/86,1/1/99,Senior Engineer
269374,Nathalie,Ellozy,8/18/62,8/22/91,1/1/99,Senior Engineer
269377,Christfried,Lenart,6/15/63,12/11/88,1/1/99,Senior Engineer
269380,Djenana,Pillow,10/19/64,8/18/88,1/1/99,Staff
269386,Marjo,Monkewich,10/23/62,7/26/87,1/1/99,Senior Engineer
269389,Shirish,Pulkowski,1/27/62,7/27/91,1/1/99,Technique Leader
269396,Shen,Miyakawa,4/5/63,1/2/91,1/1/99,Engineer
269398,Aria,Schusler,3/4/62,4/16/93,1/1/99,Senior Engineer
269404,Xiaoshan,Laurillard,11/30/62,11/6/93,1/1/99,Senior Staff
269408,Kazuhide,Vecchi,3/5/64,5/12/86,1/1/99,Senior Engineer
269417,Serif,Ferretti,2/23/62,5/19/98,1/1/99,Engineer
269436,Juyoung,Szilard,4/8/63,11/9/89,1/1/99,Senior Engineer
269444,Stein,Mungall,9/25/62,4/17/93,1/1/99,Technique Leader
269445,Pranav,Erez,8/23/62,6/19/99,1/1/99,Staff
269449,Muzhong,Peron,11/19/62,12/1/98,1/1/99,Senior Staff
269459,Dulce,Picaronny,3/26/64,1/12/96,1/1/99,Staff
269465,Kwangsub,Lunn,1/6/62,10/25/86,1/1/99,Senior Staff
269470,Basem,Braunschweig,12/15/62,10/7/89,1/1/99,Senior Staff
269483,Susanna,Constantine,3/23/62,7/27/92,1/1/99,Senior Engineer
269487,Eric,Rajaraman,7/13/62,9/22/89,1/1/99,Senior Engineer
269489,JoAnne,Gluchowski,5/18/62,3/15/91,1/1/99,Senior Staff
269491,Diederik,Petereit,2/8/63,5/29/86,1/1/99,Engineer
269492,Etsuo,Erde,12/18/62,4/30/99,1/1/99,Engineer
269493,Lorien,Snyers,11/21/64,4/18/88,1/1/99,Engineer
269498,Babette,Coney,12/23/64,9/12/89,1/1/99,Technique Leader
269503,Rajmohan,Marakhovsky,2/27/63,7/9/95,1/1/99,Engineer
269504,Pohua,Pettey,10/4/63,2/16/98,1/1/99,Staff
269511,Ramzi,Kermarrec,9/20/62,4/1/86,1/1/99,Technique Leader
269515,Bernd,Nergos,1/16/63,5/19/89,1/1/99,Staff
269518,Yishay,Akazan,2/14/63,2/2/97,1/1/99,Staff
269520,Kristin,Pavlopoulou,9/30/63,4/23/91,1/1/99,Engineer
269523,Pragnesh,Litzler,1/5/63,3/7/86,1/1/99,Senior Staff
269527,Torsten,Stasinski,7/12/62,5/13/91,1/1/99,Engineer
269533,Vishwani,Krychniak,4/21/62,1/9/96,1/1/99,Senior Engineer
269538,Leni,Cronan,9/16/62,10/27/92,1/1/99,Technique Leader
269561,Premsyl,Linnainmaa,5/14/64,5/16/95,1/1/99,Senior Engineer
269567,Pascal,Debuse,9/20/64,9/15/93,1/1/99,Staff
269574,Mana,Hoogerwoord,11/4/64,9/26/96,1/1/99,Assistant Engineer
269575,Stabislas,Asser,7/16/62,8/11/98,1/1/99,Engineer
269579,Badri,Krohn,1/13/62,2/18/99,1/1/99,Senior Staff
269599,Shai,Besancenot,10/13/64,11/25/87,1/1/99,Staff
269603,Kagan,Borstler,11/12/63,6/22/95,1/1/99,Staff
269604,Pohua,Gulak,5/14/62,11/23/90,1/1/99,Staff
269608,Shooichi,Liesche,1/20/63,9/28/99,1/1/99,Staff
269613,Oscar,Anido,3/18/64,11/4/90,1/1/99,Staff
269626,Fox,Hashii,1/24/63,8/28/86,1/1/99,Senior Engineer
269631,Vincent,Menhoudj,2/17/62,3/9/97,1/1/99,Engineer
269634,Xiaoqiang,Kaiserswerth,8/4/63,10/13/90,1/1/99,Staff
269638,Avishai,Berendt,5/19/62,2/9/01,1/1/99,Technique Leader
269645,Lijia,Conta,7/25/63,12/8/98,1/1/99,Senior Staff
269646,Amabile,Maraist,1/4/64,1/23/95,1/1/99,Senior Staff
269652,Ayakannu,Straney,10/3/63,11/14/95,1/1/99,Staff
269671,Heon,Luca,10/26/62,8/1/85,1/1/99,Engineer
269689,Franziska,Schmittgen,7/24/63,7/21/94,1/1/99,Senior Staff
269696,Debaprosad,Pocchiola,3/17/62,7/27/87,1/1/99,Staff
269707,Arumugam,Thummel,10/2/62,1/21/95,1/1/99,Senior Engineer
269710,Khun,Shigei,6/7/62,9/22/97,1/1/99,Staff
269711,Michaela,Atchley,4/18/63,10/25/86,1/1/99,Senior Engineer
269722,Hironoby,Horswill,5/31/62,8/15/91,1/1/99,Technique Leader
269728,Naftali,Kragelund,1/12/65,5/16/87,1/1/99,Staff
269732,Niteen,Ratzlaff,1/4/64,5/6/87,1/1/99,Staff
269734,Taizo,Ghelli,10/25/62,4/9/01,1/1/99,Assistant Engineer
269735,Ishfaq,Godskesen,10/23/62,6/12/88,1/1/99,Senior Engineer
269737,Morris,Preusig,2/22/62,11/30/87,1/1/99,Engineer
269740,Giap,Brodie,1/24/63,6/5/86,1/1/99,Engineer
269750,Huiqun,Serot,10/19/63,1/7/90,1/1/99,Engineer
269764,Pascal,Kalafatis,9/3/62,11/7/91,1/1/99,Staff
269767,Mahmut,Rehfuss,6/11/64,5/22/95,1/1/99,Senior Engineer
269773,Xiadong,Monarch,1/19/62,9/7/88,1/1/99,Staff
269782,Jacqueline,Asser,12/20/62,3/11/95,1/1/99,Senior Staff
269784,Rance,Pardalos,1/25/63,1/13/86,1/1/99,Technique Leader
269785,Mario,Anger,2/8/64,6/6/94,1/1/99,Senior Engineer
269791,Leif,Weiland,5/25/63,8/18/85,1/1/99,Senior Engineer
269794,Florian,Petereit,2/25/62,3/21/99,1/1/99,Engineer
269795,Uwe,Conte,7/9/63,9/19/88,1/1/99,Engineer
269801,Moheb,Weiland,8/28/64,5/18/90,1/1/99,Engineer
269808,Jaber,Pezzoli,6/15/64,10/17/97,1/1/99,Staff
269809,Szabolcs,Orlowska,12/13/63,3/25/86,1/1/99,Senior Staff
269810,Arno,Sankaranarayanan,3/9/64,7/5/95,1/1/99,Staff
269819,Yunming,Sessa,8/18/64,8/19/89,1/1/99,Engineer
269826,Sailaja,Mikschl,12/18/64,9/22/93,1/1/99,Senior Staff
269827,Hatim,Denti,10/30/64,2/1/87,1/1/99,Engineer
269836,Sajjan,Eiron,5/30/64,2/7/97,1/1/99,Staff
269839,Peer,Yurek,11/20/62,5/27/87,1/1/99,Staff
269845,Eckart,Bazelow,12/26/64,6/21/88,1/1/99,Senior Staff
269849,Nirmal,Kroll,11/8/63,1/29/89,1/1/99,Senior Staff
269852,Anwar,Muntz,12/18/64,9/23/90,1/1/99,Engineer
269858,Anneke,Picaronny,1/1/63,8/25/92,1/1/99,Staff
269860,Pintsang,Berztiss,10/20/63,7/6/95,1/1/99,Assistant Engineer
269864,Ewing,Nyrup,12/18/62,3/13/90,1/1/99,Senior Engineer
269867,Panayotis,Servieres,1/3/63,5/2/86,1/1/99,Senior Staff
269881,Takanari,Bauknecht,8/1/64,5/22/95,1/1/99,Engineer
269882,Zissis,Gils,4/24/64,2/2/88,1/1/99,Senior Engineer
269886,Jayson,Thiria,8/11/64,6/18/97,1/1/99,Senior Engineer
269887,Kwee,Malabarba,1/22/62,10/16/85,1/1/99,Senior Engineer
269888,Jaewon,Kropp,8/10/64,6/2/98,1/1/99,Engineer
269890,Make,Marchegay,3/8/62,11/13/87,1/1/99,Engineer
269894,Rayond,Ratnaker,9/8/63,10/8/94,1/1/99,Senior Engineer
269895,Vincent,Pouyioutas,5/26/62,10/8/01,1/1/99,Staff
269896,Mahendra,Butterworth,1/24/62,7/9/94,1/1/99,Senior Engineer
269905,Eberhardt,Beutelspacher,2/5/64,4/28/99,1/1/99,Staff
269926,Boriana,Mukaidono,5/5/62,8/27/86,1/1/99,Senior Engineer
269933,Mandell,Baby,12/19/64,6/16/93,1/1/99,Senior Engineer
269934,Kenton,Wegerle,12/10/63,10/13/96,1/1/99,Senior Staff
269954,Aleksander,Ermel,10/10/62,9/8/91,1/1/99,Senior Engineer
269966,Arra,Vadhan,10/11/64,12/20/00,1/1/99,Senior Staff
269967,Ebbe,Encarnacion,3/27/64,3/23/91,1/1/99,Technique Leader
269972,Aluzio,Gils,1/11/64,9/18/91,1/1/99,Engineer
269983,Oguz,Narwekar,10/10/64,1/2/00,1/1/99,Staff
269984,Nirmal,Fiebach,5/26/62,4/18/91,1/1/99,Senior Staff
269989,Mitchel,Brickell,10/13/62,4/3/95,1/1/99,Engineer
269990,Maris,Isard,8/22/63,3/18/96,1/1/99,Senior Engineer
269994,Susumu,Maliniak,4/22/63,4/24/98,1/1/99,Senior Engineer
270009,Remzi,Grandbois,12/30/63,6/15/94,1/1/99,Engineer
270011,Maris,Koshino,6/17/64,9/28/92,1/1/99,Senior Engineer
270012,Neelam,Erdi,5/5/64,3/21/87,1/1/99,Senior Staff
270018,Steve,Demir,6/26/63,12/13/99,1/1/99,Staff
270022,Bezalel,Luon,2/13/63,1/14/93,1/1/99,Engineer
270030,Adit,Wursthorn,1/29/63,1/6/93,1/1/99,Senior Engineer
270031,Vishwani,Morrin,5/17/62,6/12/95,1/1/99,Senior Engineer
270032,Lihong,Swick,12/11/64,6/10/97,1/1/99,Senior Staff
270034,Muneo,Syrotiuk,12/7/64,11/1/86,1/1/99,Technique Leader
270043,Urs,Cullers,12/7/64,5/16/88,1/1/99,Senior Engineer
270048,Mohammed,Oberman,5/12/62,1/28/87,1/1/99,Engineer
270053,Patricia,Dayang,4/30/62,7/31/85,1/1/99,Senior Engineer
270056,Alenka,Babb,6/16/64,7/12/87,1/1/99,Senior Staff
270057,Przemyslawa,Delgrossi,7/13/64,2/28/98,1/1/99,Engineer
270061,Lillian,Ohori,9/16/62,11/21/01,1/1/99,Staff
270070,Wojceich,Karlin,7/15/63,12/30/94,1/1/99,Senior Staff
270071,Ung,Parveen,8/18/64,4/14/01,1/1/99,Staff
270073,Lijia,Gubsky,4/8/62,12/25/92,1/1/99,Senior Engineer
270079,Rosli,Claffy,6/8/63,8/31/99,1/1/99,Staff
270084,Ulises,Frolund,1/11/65,7/26/86,1/1/99,Senior Staff
270085,Baziley,Kawashimo,8/16/64,7/6/94,1/1/99,Engineer
270090,Changho,Kornyak,3/6/62,11/9/90,1/1/99,Senior Engineer
270092,Margareta,Chepyzhov,12/23/64,10/5/87,1/1/99,Staff
270100,Chinho,Hoogerwoord,4/4/64,9/23/98,1/1/99,Engineer
270105,Moni,Pehl,12/2/63,6/29/89,1/1/99,Technique Leader
270107,Haldon,Papadias,3/27/64,10/9/94,1/1/99,Senior Engineer
270110,Leon,Picaronny,12/14/62,11/19/92,1/1/99,Senior Engineer
270115,Rosli,Papsdorf,7/14/64,6/8/89,1/1/99,Senior Staff
270117,Siddarth,Zhang,11/24/63,6/4/99,1/1/99,Staff
270124,Mayuri,Vakili,9/26/62,8/14/86,1/1/99,Engineer
270127,Aris,Templeman,10/8/62,5/18/99,1/1/99,Technique Leader
270133,Sreekrishna,Uludag,3/18/64,10/3/88,1/1/99,Senior Staff
270136,Gennady,Porenta,11/23/64,1/31/92,1/1/99,Staff
270137,Otilia,Luby,10/1/64,6/13/01,1/1/99,Senior Staff
270147,Sanjeeva,Francisci,4/17/62,2/15/89,1/1/99,Senior Engineer
270152,Itzchak,Birta,4/27/62,2/3/93,1/1/99,Senior Staff
270153,Beshir,Ushiama,3/25/62,8/10/88,1/1/99,Senior Staff
270171,Venkatesan,Kushner,2/10/63,11/30/93,1/1/99,Senior Staff
270183,Xiping,Kusalik,11/3/64,3/16/93,1/1/99,Senior Staff
270188,Lech,Trystram,11/16/62,7/3/94,1/1/99,Staff
270192,Tadahiro,Maierhofer,6/21/64,7/7/97,1/1/99,Technique Leader
270195,Sorina,Straney,6/7/62,6/28/02,1/1/99,Staff
270197,Oscar,Kumaresan,4/21/64,11/12/98,1/1/99,Staff
270199,Shaunak,Roohalamini,1/4/63,3/9/86,1/1/99,Senior Engineer
270208,Zissis,Sgarro,12/25/64,1/12/97,1/1/99,Engineer
270211,Aamod,Kumaresan,5/30/63,4/3/85,1/1/99,Senior Staff
270217,Zhilian,Baak,7/9/64,12/28/93,1/1/99,Engineer
270218,Perla,Parascandalo,11/23/62,8/17/98,1/1/99,Technique Leader
270224,Udo,Journel,4/11/63,8/2/87,1/1/99,Senior Engineer
270225,Tremaine,Tokunaga,12/22/63,9/12/91,1/1/99,Senior Staff
270226,Collette,Peres,6/3/64,9/11/90,1/1/99,Senior Engineer
270227,Uma,Kropp,5/25/64,4/2/96,1/1/99,Senior Staff
270237,Kwangho,Bednarek,10/30/64,11/17/90,1/1/99,Engineer
270241,Izaskun,Curless,6/12/64,11/8/87,1/1/99,Senior Staff
270250,Koldo,Salvesen,9/24/64,11/18/96,1/1/99,Staff
270264,Tru,Serot,7/1/63,3/27/93,1/1/99,Senior Engineer
270266,Hideyuki,Granlund,10/8/64,1/15/99,1/1/99,Staff
270267,Xuedong,Merks,5/28/63,2/9/94,1/1/99,Staff
270268,Fai,Iacovou,11/27/63,5/4/89,1/1/99,Senior Engineer
270270,Akeno,Serra,4/1/62,7/31/98,1/1/99,Staff
270288,Soenke,Cronin,5/3/64,7/16/92,1/1/99,Senior Engineer
270294,Jayesh,Tramer,8/2/62,3/8/95,1/1/99,Senior Engineer
270300,Amstein,Perng,5/18/63,8/24/90,1/1/99,Senior Engineer
270310,Toshiko,Flowers,4/18/63,3/14/96,1/1/99,Senior Engineer
270317,Tran,Nittel,8/24/64,4/15/86,1/1/99,Staff
270321,Stella,Molenaar,2/12/63,12/23/96,1/1/99,Senior Staff
270328,Qiwen,Braunschweig,8/6/63,11/10/86,1/1/99,Senior Engineer
270333,Kristina,Setlzner,6/7/64,12/3/98,1/1/99,Senior Engineer
270335,Palash,Cangellaris,12/13/62,1/18/90,1/1/99,Engineer
270341,Kristen,Gulla,3/22/62,4/13/87,1/1/99,Senior Engineer
270342,Pragnesh,Staylopatis,12/16/64,10/25/89,1/1/99,Senior Staff
270346,Jouni,Moffat,10/6/64,11/26/92,1/1/99,Senior Engineer
270347,Gio,McClure,3/26/64,7/1/94,1/1/99,Senior Staff
270351,Heping,Ouhyoung,12/11/62,5/6/98,1/1/99,Staff
270355,Persi,Litvinov,5/17/64,8/11/97,1/1/99,Senior Engineer
270360,Hironobu,Impagliazzo,7/31/62,1/31/90,1/1/99,Engineer
270365,Claude,Kaminger,3/17/62,5/15/86,1/1/99,Engineer
270369,Baruch,Slobodova,6/10/64,9/12/91,1/1/99,Staff
270372,Steen,Brendel,4/13/62,7/13/91,1/1/99,Engineer
270377,Tiina,Baby,7/23/64,12/5/99,1/1/99,Assistant Engineer
270384,Susumu,Scallan,8/31/63,12/23/91,1/1/99,Senior Engineer
270385,Jamaludin,Skrikant,6/20/64,2/6/92,1/1/99,Senior Staff
270393,Duke,Baer,4/28/63,6/10/95,1/1/99,Staff
270397,Kasturi,Ghazalie,11/23/63,5/26/93,1/1/99,Senior Staff
270399,Patricia,Akazan,2/3/62,8/16/98,1/1/99,Assistant Engineer
270405,Karlis,Thibadeau,11/20/64,11/2/91,1/1/99,Senior Engineer
270411,Weiwu,Munos,8/23/64,8/16/93,1/1/99,Technique Leader
270418,Elrique,Avouris,2/10/64,2/2/89,1/1/99,Senior Engineer
270423,Hyuncheol,Sridhar,1/13/63,9/1/91,1/1/99,Senior Staff
270430,Marc,Ranai,11/29/62,1/18/97,1/1/99,Engineer
270432,Shen,Flexer,9/25/63,6/12/90,1/1/99,Senior Staff
270436,Werner,Brickell,11/28/63,11/10/85,1/1/99,Staff
270440,Stabislas,Schmiedel,11/26/64,3/7/96,1/1/99,Engineer
270444,Shmuel,Jording,1/17/62,1/1/99,1/1/99,Engineer
270445,Moto,Vingron,12/14/63,9/25/88,1/1/99,Staff
270446,Christfried,Krybus,12/6/64,12/10/00,1/1/99,Staff
270457,Munehiro,Lambe,11/14/62,10/7/92,1/1/99,Staff
270462,Boutros,Greenaway,10/22/63,12/25/98,1/1/99,Assistant Engineer
270465,Kellie,Ozeki,10/13/64,4/18/98,1/1/99,Staff
270472,Valdiodio,Ruemmler,11/16/62,2/22/85,1/1/99,Senior Staff
270473,Anoosh,Pepe,4/3/62,5/24/90,1/1/99,Senior Staff
270475,Pintsang,Carrera,2/3/64,9/12/95,1/1/99,Senior Engineer
270476,Nitsan,Sullins,3/3/63,3/27/02,1/1/99,Senior Staff
270477,Maria,Comyn,10/21/62,4/25/94,1/1/99,Engineer
270478,Sudharsan,Perelgut,1/6/64,3/29/89,1/1/99,Senior Staff
270481,Candido,Poupard,6/1/63,11/29/95,1/1/99,Technique Leader
270484,Mamdouh,Henseler,12/13/64,10/28/87,1/1/99,Engineer
270487,Hugh,Vural,7/30/63,9/9/90,1/1/99,Assistant Engineer
270501,Salvador,Isaak,12/12/64,9/19/90,1/1/99,Senior Engineer
270503,Subhada,Hellwagner,2/18/62,6/22/91,1/1/99,Senior Engineer
270504,Geoff,Olivero,8/24/64,5/23/99,1/1/99,Staff
270508,Randi,Renear,10/28/64,7/29/88,1/1/99,Senior Engineer
270514,Renny,Merkl,2/10/63,11/29/94,1/1/99,Staff
270515,Jacopo,Vesna,4/26/64,10/22/94,1/1/99,Senior Staff
270524,Uriel,Gulak,5/2/63,6/24/94,1/1/99,Technique Leader
270538,Geoffrey,Cannane,1/3/63,12/6/94,1/1/99,Senior Staff
270540,Arno,Swab,2/18/63,4/17/91,1/1/99,Senior Staff
270545,Elrique,Baek,11/19/63,9/9/96,1/1/99,Staff
270574,Thodoros,Siprelle,9/22/63,12/24/87,1/1/99,Senior Staff
270577,Hirochika,Wallrath,4/12/63,11/19/87,1/1/99,Engineer
270580,Xuejia,Perfilyeva,5/18/63,7/2/87,1/1/99,Senior Engineer
270587,Genta,Sevcikova,1/21/64,2/14/89,1/1/99,Senior Engineer
270595,Shugo,Uludag,5/9/62,6/4/88,1/1/99,Senior Engineer
270597,Anyuan,Oehlmann,6/27/63,6/1/88,1/1/99,Engineer
270598,Peternela,Cummings,1/22/63,6/1/93,1/1/99,Staff
270600,Marin,Grandbois,10/20/62,8/31/00,1/1/99,Technique Leader
270608,Sham,Deville,2/26/63,8/18/96,1/1/99,Senior Engineer
270609,Manton,Zumaque,1/24/64,9/2/98,1/1/99,Senior Staff
270610,Tadahiko,Riefers,2/26/62,6/19/91,1/1/99,Senior Engineer
270621,Jaihie,Poupard,5/3/64,11/14/95,1/1/99,Engineer
270623,Qunsheng,Serot,3/14/63,6/25/86,1/1/99,Senior Engineer
270628,Sakthirel,Ertl,11/2/63,12/15/87,1/1/99,Staff
270629,Georg,Honiden,10/9/64,1/21/90,1/1/99,Staff
270640,Bernd,Peltason,8/21/62,1/14/88,1/1/99,Technique Leader
270647,Volkmar,Atrawala,4/30/64,6/7/88,1/1/99,Staff
270666,Shakhar,Azuma,8/7/62,2/19/90,1/1/99,Engineer
270672,Peternela,Lipner,11/26/63,12/21/98,1/1/99,Staff
270675,Ugo,Scallan,8/2/63,1/29/00,1/1/99,Senior Staff
270678,Hugo,Scallan,8/25/62,3/6/98,1/1/99,Engineer
270680,Tze,Kuszyk,11/24/62,8/19/90,1/1/99,Senior Engineer
270681,Dipankar,Uchoa,7/5/63,8/23/96,1/1/99,Senior Engineer
270682,Shichao,Gustavson,10/31/62,10/1/85,1/1/99,Engineer
270686,Pragnesh,Lowrie,10/21/63,1/31/95,1/1/99,Staff
270689,Goa,Karunanithi,9/21/63,9/4/85,1/1/99,Senior Engineer
270693,DAIDA,Veevers,9/1/64,9/28/92,1/1/99,Senior Engineer
270694,Jaihie,Bugaenko,9/14/62,9/29/99,1/1/99,Engineer
270706,Ipke,Michaels,10/17/63,10/14/89,1/1/99,Staff
270708,Kitty,Piancastelli,10/6/63,6/7/93,1/1/99,Senior Engineer
270710,Khedija,Ozeri,8/18/64,7/23/99,1/1/99,Senior Engineer
270711,Sudhanshu,Orlowski,10/10/64,3/10/89,1/1/99,Staff
270716,Shunichi,Baer,1/19/65,2/4/98,1/1/99,Staff
270723,Boalin,Pokrovskii,5/3/63,1/1/92,1/1/99,Engineer
270725,Wuxu,Garigliano,6/2/63,4/24/86,1/1/99,Senior Staff
270727,Indrajit,Stassinopoulos,6/16/64,1/13/88,1/1/99,Engineer
270739,Kristine,Noriega,5/5/63,1/5/97,1/1/99,Staff
270743,Krisda,Zallocco,8/25/62,11/23/86,1/1/99,Senior Engineer
270745,Takahira,Remmers,6/20/62,8/26/91,1/1/99,Engineer
270751,Mansur,Cochrane,12/5/64,1/17/00,1/1/99,Staff
270760,Martins,Madeira,12/10/63,11/25/86,1/1/99,Engineer
270769,Alper,Perez,3/25/62,9/23/85,1/1/99,Assistant Engineer
270794,Dannz,Zhang,2/1/65,6/26/91,1/1/99,Senior Staff
270801,Zhilian,Usdin,1/12/64,6/20/97,1/1/99,Senior Staff
270802,Nirmal,Tasistro,12/11/63,4/11/93,1/1/99,Staff
270804,Duri,Brickell,9/7/63,5/28/90,1/1/99,Technique Leader
270806,Vitali,Peris,8/2/63,11/18/99,1/1/99,Staff
270808,Larisa,Kruskal,4/5/64,11/18/89,1/1/99,Senior Staff
270813,Moss,Nyrup,8/19/62,1/24/96,1/1/99,Engineer
270814,Perry,Ozeki,6/22/63,12/16/90,1/1/99,Staff
270824,Mingdong,Ermel,10/22/64,7/12/97,1/1/99,Staff
270826,Yucai,Motley,4/6/62,10/29/98,1/1/99,Technique Leader
270827,Tetsushi,Molenaar,8/13/64,6/25/93,1/1/99,Engineer
270841,Matt,Spelt,10/3/62,7/18/99,1/1/99,Senior Staff
270844,Katsuyuki,Sadowski,11/9/64,11/6/88,1/1/99,Staff
270853,Gladys,Ossenbruggen,5/12/64,12/11/96,1/1/99,Engineer
270854,Josyula,Verspoor,11/27/64,8/30/95,1/1/99,Senior Engineer
270855,JiYoung,Varley,4/9/62,12/17/98,1/1/99,Staff
270857,Morris,Jansch,11/19/62,4/1/96,1/1/99,Senior Staff
270865,Masaki,Takkinen,7/13/63,5/14/97,1/1/99,Engineer
270882,Kshitij,Boudaillier,6/28/62,3/27/91,1/1/99,Senior Staff
270892,Heng,Ramalingam,7/11/64,2/4/98,1/1/99,Senior Engineer
270893,Nagui,Miake,12/6/62,7/7/88,1/1/99,Senior Staff
270896,Goo,Kuszyk,10/30/64,9/8/96,1/1/99,Assistant Engineer
270897,Anwar,Milicic,9/3/63,6/18/91,1/1/99,Senior Staff
270917,Giap,Eldridge,2/7/62,12/22/85,1/1/99,Engineer
270920,Shim,Norsworthy,1/30/62,5/19/99,1/1/99,Engineer
270926,Abdelwaheb,Ghazalie,9/21/64,9/15/88,1/1/99,Technique Leader
270928,Chinya,Yetim,5/3/62,1/3/98,1/1/99,Engineer
270936,Susanne,Fendler,9/22/62,6/14/94,1/1/99,Senior Staff
270937,Noritoshi,Denis,9/27/62,8/5/94,1/1/99,Staff
270943,Zhanqiu,Gulik,11/2/63,3/25/86,1/1/99,Senior Staff
270944,Bezalel,Chvatal,8/31/63,12/14/90,1/1/99,Senior Engineer
270945,Doowon,Baja,6/26/62,3/2/97,1/1/99,Staff
270953,Huei,Demir,12/1/63,9/5/92,1/1/99,Senior Engineer
270954,Godehard,Rande,4/19/64,1/24/88,1/1/99,Assistant Engineer
270956,Manohar,Spelt,5/18/63,2/3/98,1/1/99,Staff
270961,Gilbert,Syrzycki,6/20/62,6/1/98,1/1/99,Staff
270978,Volkmar,Lamparter,8/24/63,7/11/93,1/1/99,Staff
270979,Tamiya,Dahlbom,6/21/63,1/14/92,1/1/99,Senior Engineer
270990,Yannis,Sommer,1/7/63,8/26/86,1/1/99,Senior Staff
270996,Tsutomu,Farrow,2/20/64,8/9/89,1/1/99,Senior Engineer
270997,Krister,Fiebach,9/4/62,4/16/86,1/1/99,Engineer
271000,Sadegh,Chinen,4/7/62,8/27/97,1/1/99,Senior Staff
271002,Perry,Lunt,1/15/64,6/28/91,1/1/99,Engineer
271003,Percy,Rosis,3/31/64,4/28/98,1/1/99,Engineer
271009,Serenella,Sridhar,10/23/64,11/11/97,1/1/99,Senior Staff
271022,Mansur,Ertl,6/11/63,4/9/94,1/1/99,Senior Engineer
271024,Byong,Cairo,10/7/62,1/17/90,1/1/99,Senior Staff
271031,Mingdong,Panienski,3/1/63,12/30/89,1/1/99,Senior Staff
271036,Pradeep,Guerreiro,2/25/62,11/20/90,1/1/99,Technique Leader
271041,Radoslaw,Angiulli,6/12/63,2/5/91,1/1/99,Senior Staff
271043,Chinya,Einsfeld,11/28/63,12/5/88,1/1/99,Engineer
271047,Kwangho,Menhoudj,7/24/64,10/3/93,1/1/99,Senior Engineer
271049,Jianhao,Kambil,10/4/62,3/10/89,1/1/99,Engineer
271055,Yurij,Pietrzykowski,10/17/63,8/18/86,1/1/99,Senior Staff
271056,Zhiwei,Vecchi,6/16/64,12/18/86,1/1/99,Staff
271057,Renee,Adachi,3/30/62,9/26/93,1/1/99,Senior Engineer
271064,Francesca,Candan,1/18/62,12/12/86,1/1/99,Senior Engineer
271069,Lucian,Geffroy,8/4/63,11/10/95,1/1/99,Senior Engineer
271076,Uriel,Sabnani,8/24/62,2/19/96,1/1/99,Engineer
271079,Jeanne,Moehrke,6/23/63,11/21/90,1/1/99,Staff
271088,Moti,Pollock,2/14/63,5/27/99,1/1/99,Engineer
271100,Vishwani,Marquardt,11/1/63,11/8/93,1/1/99,Senior Staff
271101,Yonghoan,Waterhouse,7/10/63,4/16/97,1/1/99,Engineer
271104,Demin,Byoun,5/13/63,3/7/86,1/1/99,Engineer
271106,Taisook,Kampfer,1/10/65,11/30/97,1/1/99,Engineer
271108,Alejandro,Seuren,6/5/63,6/29/98,1/1/99,Senior Staff
271112,Nagui,Tchuente,12/10/63,7/18/87,1/1/99,Senior Engineer
271114,Elvia,Zschoche,2/20/63,6/2/96,1/1/99,Senior Engineer
271121,Nobuyoshi,Osgood,8/17/64,9/4/87,1/1/99,Engineer
271126,Angel,Fritzsche,5/1/63,2/23/97,1/1/99,Staff
271128,Carrsten,Landherr,3/3/62,7/4/87,1/1/99,Engineer
271133,Amstein,Armand,4/16/62,12/25/96,1/1/99,Staff
271134,Weicheng,Rosca,12/1/63,4/18/96,1/1/99,Senior Engineer
271137,Martins,Barvinok,10/3/64,7/2/95,1/1/99,Senior Staff
271139,Vitali,England,6/29/63,6/29/86,1/1/99,Engineer
271142,Janche,Schrooten,12/11/62,8/18/91,1/1/99,Staff
271146,Michaela,Valette,6/15/63,9/14/94,1/1/99,Staff
271147,Denny,Bamford,11/21/63,7/19/97,1/1/99,Staff
271152,Kiam,Itschner,9/26/64,8/5/86,1/1/99,Senior Staff
271160,Huai,Fendler,5/22/64,11/20/97,1/1/99,Staff
271165,Masanao,Janocha,3/16/63,11/3/95,1/1/99,Senior Staff
271167,Florina,Georgakopoulos,10/29/62,5/30/97,1/1/99,Senior Engineer
271168,Dzung,Hammerschmidt,7/27/62,10/12/96,1/1/99,Engineer
271181,Moty,Uehara,9/28/63,3/31/99,1/1/99,Staff
271187,Masanao,Montresor,7/4/63,3/14/87,1/1/99,Senior Engineer
271193,Danel,Detkin,8/22/62,4/1/98,1/1/99,Staff
271200,Gennadi,Ulupinar,5/13/64,12/26/90,1/1/99,Staff
271204,Tomofumi,Sinitsyn,12/30/62,2/5/91,1/1/99,Senior Engineer
271207,Mark,Jonsson,9/30/63,8/1/86,1/1/99,Staff
271211,Shai,Slaats,1/8/63,4/21/98,1/1/99,Staff
271214,Ravishankar,Fadgyas,2/16/64,11/14/89,1/1/99,Senior Engineer
271219,Odoardo,Tyugu,1/16/65,11/7/94,1/1/99,Engineer
271220,Sverrir,Jarecki,6/1/63,3/20/85,1/1/99,Engineer
271226,Miquel,Krybus,1/1/62,10/22/99,1/1/99,Staff
271228,Sven,Tetzlaff,12/9/63,12/2/89,1/1/99,Senior Engineer
271235,Nobuyoshi,Rindone,2/10/63,12/13/89,1/1/99,Senior Engineer
271247,Jiang,Feldmann,2/2/62,12/25/85,1/1/99,Engineer
271250,Yurii,Hennings,4/29/63,5/4/99,1/1/99,Engineer
271257,Sushant,Ghemri,2/27/64,12/29/86,1/1/99,Staff
271259,Shen,Genin,3/7/64,2/24/86,1/1/99,Senior Staff
271267,Weiyi,Zultner,1/22/63,7/10/89,1/1/99,Senior Engineer
271269,Mabry,Grospietsch,12/4/63,1/16/92,1/1/99,Engineer
271270,Maria,Quadeer,4/24/63,3/16/90,1/1/99,Engineer
271280,Shahid,Hiltgen,5/26/64,8/16/96,1/1/99,Staff
271288,Yakichi,Tagansky,5/28/62,5/26/89,1/1/99,Technique Leader
271303,Zhilian,Assaf,9/6/62,11/5/85,1/1/99,Senior Engineer
271315,Karlis,Molenaar,11/13/62,12/14/99,1/1/99,Engineer
271321,Fayez,Wursthorn,5/14/63,7/9/97,1/1/99,Engineer
271323,Sungwon,Matheson,1/2/63,6/5/95,1/1/99,Senior Engineer
271325,Paris,Koshiba,5/11/64,8/30/90,1/1/99,Senior Engineer
271328,Tomoyuki,Brender,2/19/64,11/2/90,1/1/99,Senior Engineer
271336,Rosita,Uludag,7/22/63,4/6/90,1/1/99,Senior Engineer
271343,Kristina,Pargaonkar,7/10/62,8/6/99,1/1/99,Staff
271345,Mamdouh,Fujisaki,10/23/63,7/15/95,1/1/99,Technique Leader
271353,Gor,Waterhouse,12/21/64,12/26/89,1/1/99,Staff
271355,Adib,Schnelling,6/15/62,11/19/96,1/1/99,Senior Staff
271359,Luigi,Gilg,6/8/64,8/3/85,1/1/99,Engineer
271375,Krassimir,Zeleznik,7/21/64,6/30/87,1/1/99,Engineer
271389,Basem,Ginneken,7/11/62,10/16/89,1/1/99,Staff
271393,Arvind,Rosaz,5/16/63,11/17/91,1/1/99,Technique Leader
271396,Remmert,DuBourdieux,7/26/63,1/10/00,1/1/99,Senior Staff
271401,Sajjan,Heemskerk,8/31/64,9/29/99,1/1/99,Staff
271402,Kolar,Eugenio,3/9/62,10/29/98,1/1/99,Staff
271407,Aram,Angot,4/6/64,2/14/87,1/1/99,Senior Staff
271410,Soenke,Peot,9/16/62,6/21/94,1/1/99,Senior Staff
271416,Atilio,Ballarin,1/4/64,6/8/87,1/1/99,Staff
271420,Parviz,Staylopatis,7/16/62,10/6/93,1/1/99,Senior Staff
271430,Ziya,Marakhovsky,2/22/62,9/3/91,1/1/99,Senior Engineer
271432,Hailing,Cummings,5/31/64,1/10/92,1/1/99,Senior Engineer
271434,Sastry,Backhouse,7/13/63,8/10/97,1/1/99,Engineer
271437,Jianhao,Lamparter,1/5/62,3/31/86,1/1/99,Senior Engineer
271442,Weicheng,Tetzlaff,2/21/63,4/28/89,1/1/99,Senior Engineer
271446,Oscar,Fortenbacher,5/3/62,11/9/89,1/1/99,Assistant Engineer
271448,Sachio,Viele,3/29/63,12/23/87,1/1/99,Senior Staff
271454,Almudena,Schwartzbauer,8/7/64,1/23/91,1/1/99,Engineer
271461,Khun,Thebaut,7/27/62,1/8/97,1/1/99,Staff
271465,Dannz,Silva,10/8/62,10/30/98,1/1/99,Staff
271473,Garnik,Garnick,10/3/62,5/28/00,1/1/99,Engineer
271501,Zito,Androutsos,10/9/64,8/17/92,1/1/99,Senior Staff
271511,Zhilian,Makrucki,5/13/62,6/19/98,1/1/99,Engineer
271516,Fei,Thorensen,7/24/62,10/31/92,1/1/99,Senior Staff
271524,Lubomir,Angiulli,6/12/62,7/9/85,1/1/99,Senior Staff
271526,Lakshmi,Spieker,3/10/63,1/20/92,1/1/99,Senior Staff
271530,Jianhui,Marrevee,7/8/62,10/11/95,1/1/99,Staff
271538,Rimon,Rosis,9/9/64,1/4/89,1/1/99,Senior Engineer
271547,Pranas,Pileggi,4/15/62,11/16/87,1/1/99,Senior Engineer
271548,Kiyokazu,Demizu,7/22/63,6/16/85,1/1/99,Senior Staff
271553,Danai,Loncour,7/7/62,7/10/93,1/1/99,Senior Engineer
271556,Shaz,Lunt,2/26/63,10/6/95,1/1/99,Senior Staff
271558,Kotesh,Kumaresan,3/8/64,8/20/94,1/1/99,Senior Staff
271567,Maia,Leijenhorst,7/20/64,8/24/95,1/1/99,Staff
271568,Hitofumi,Servi,11/4/62,8/31/91,1/1/99,Staff
271570,Steen,Welham,3/14/62,11/11/98,1/1/99,Staff
271573,Odinaldo,Mahnke,4/24/62,5/31/93,1/1/99,Engineer
271577,Fumino,Emiris,12/25/62,7/28/88,1/1/99,Engineer
271581,Shalesh,Pileggi,10/1/63,7/31/85,1/1/99,Senior Engineer
271582,Jingling,Kobara,2/11/63,8/30/92,1/1/99,Senior Engineer
271591,Martins,Birdsall,6/25/64,4/15/96,1/1/99,Engineer
271593,Alassane,Hutter,4/10/63,8/10/90,1/1/99,Technique Leader
271595,Rasiah,Atrawala,5/19/62,4/24/87,1/1/99,Senior Staff
271601,Larisa,Bodoff,9/29/63,4/27/95,1/1/99,Engineer
271608,Susanna,Speckmann,8/25/63,1/21/96,1/1/99,Senior Staff
271609,Rasikan,Pepe,4/18/64,5/12/85,1/1/99,Senior Engineer
271616,Jungsoon,Pettit,3/18/63,12/3/98,1/1/99,Engineer
271619,Xiaobin,Garnham,9/7/64,1/4/92,1/1/99,Senior Engineer
271625,Arumugam,Danner,6/19/63,3/21/92,1/1/99,Engineer
271634,Piyush,Schwartzburd,8/23/64,9/5/93,1/1/99,Senior Staff
271651,Mototsugu,Ramsey,3/28/62,3/15/92,1/1/99,Senior Staff
271655,Menkae,Delgrande,7/21/64,3/1/98,1/1/99,Staff
271657,Stepehn,Mersereau,12/25/62,8/5/96,1/1/99,Staff
271663,Stein,Zeilberger,7/6/63,5/31/97,1/1/99,Senior Engineer
271664,Eben,Zizka,9/4/62,12/3/00,1/1/99,Senior Staff
271667,Kwun,Baak,5/14/63,5/15/97,1/1/99,Engineer
271669,Leucio,Nannarelli,9/29/64,11/23/89,1/1/99,Engineer
271678,Goncalo,Baik,9/1/62,5/6/87,1/1/99,Engineer
271680,Naftaly,Angelov,4/30/62,4/16/88,1/1/99,Engineer
271681,Otilia,Cardazo,12/24/62,9/9/97,1/1/99,Technique Leader
271685,Bernt,Zielinski,1/19/63,2/20/99,1/1/99,Senior Engineer
271686,Georgi,Collavizza,1/1/62,10/19/98,1/1/99,Senior Staff
271688,Denny,Fontet,11/6/63,6/28/99,1/1/99,Senior Staff
271691,Francoise,Peac,10/13/64,3/11/92,1/1/99,Staff
271693,Huei,Terkki,3/2/64,2/9/89,1/1/99,Senior Staff
271705,Uma,Kandlur,10/29/63,3/27/94,1/1/99,Engineer
271723,Feiyu,Serna,9/15/63,5/1/85,1/1/99,Staff
271732,Christophe,Wilfing,12/1/63,8/31/91,1/1/99,Staff
271737,Laurentiu,Lorcy,1/15/64,2/13/85,1/1/99,Senior Staff
271741,Odysseas,Menyhert,5/21/64,12/20/95,1/1/99,Staff
271753,Reinhold,McAlpine,1/20/64,3/21/98,1/1/99,Senior Staff
271761,Magdalena,Deville,9/8/64,1/26/87,1/1/99,Staff
271765,Quingbo,Staylopatis,2/22/63,4/24/92,1/1/99,Technique Leader
271768,Fabrizio,Morrow,1/29/62,5/12/98,1/1/99,Engineer
271774,Sugwoo,Danley,3/15/62,12/10/95,1/1/99,Senior Staff
271783,Seongbae,Percebois,12/5/63,10/18/97,1/1/99,Staff
271785,Kiyomitsu,Furudate,2/6/64,4/21/98,1/1/99,Engineer
271787,Mona,Petereit,2/7/63,10/23/90,1/1/99,Engineer
271788,Boaz,Akiyama,7/28/64,8/20/92,1/1/99,Senior Staff
271795,Alejandra,Mukaidono,8/28/62,5/8/98,1/1/99,Assistant Engineer
271807,Bojan,Landherr,6/21/64,7/21/91,1/1/99,Staff
271818,Pramod,Schiper,11/24/62,4/6/94,1/1/99,Senior Staff
271823,Huai,Jording,3/13/63,2/20/92,1/1/99,Senior Engineer
271833,Pascal,Naumovich,9/22/62,10/25/90,1/1/99,Senior Staff
271843,Shietung,Waterhouse,6/12/63,2/14/89,1/1/99,Senior Engineer
271849,Duangkaew,Terlouw,3/11/63,7/4/88,1/1/99,Senior Engineer
271850,Toshiko,Baumann,12/20/63,2/6/91,1/1/99,Senior Engineer
271852,Zdislav,Fiutem,12/20/64,4/20/87,1/1/99,Senior Staff
271860,Hatem,Fritzsche,9/17/64,8/18/85,1/1/99,Staff
271865,Kellie,Kalefeld,6/2/64,1/8/97,1/1/99,Senior Staff
271870,Marco,Menyhert,10/23/62,1/5/89,1/1/99,Senior Staff
271874,Junichi,Marchesini,7/2/62,7/12/95,1/1/99,Staff
271882,Shaibal,Chaudhury,10/17/62,6/17/90,1/1/99,Senior Staff
271894,Georgi,Ferriere,6/9/63,9/10/87,1/1/99,Staff
271896,Doohun,Ranft,10/6/64,10/13/86,1/1/99,Senior Staff
271899,Sedat,Gammage,9/22/63,8/21/95,1/1/99,Senior Engineer
271900,Alassane,Terlouw,9/13/62,3/9/92,1/1/99,Senior Engineer
271903,Vivian,Herath,6/19/64,6/11/95,1/1/99,Staff
271904,Alejandra,Rosaz,3/17/64,1/28/94,1/1/99,Senior Staff
271920,Adel,Bouloucos,9/19/63,2/13/95,1/1/99,Senior Staff
271923,Tiina,Servi,1/30/62,1/14/88,1/1/99,Senior Staff
271927,Gino,Vesel,4/3/64,11/27/87,1/1/99,Senior Staff
271928,Tadanori,Brookman,7/14/62,4/9/99,1/1/99,Engineer
271929,Gou,Horswill,8/2/64,9/3/89,1/1/99,Technique Leader
271934,Karsten,Skafidas,6/15/62,11/26/93,1/1/99,Senior Engineer
271935,Oscar,Chenney,9/1/64,10/28/92,1/1/99,Senior Staff
271936,Ennio,Moffat,10/9/63,1/27/92,1/1/99,Senior Staff
271939,Nikolaus,Chepyzhov,11/1/62,9/5/90,1/1/99,Technique Leader
271946,Susanta,Hempstead,6/5/63,11/13/00,1/1/99,Staff
271960,Josyula,Cronau,2/3/64,8/31/94,1/1/99,Senior Engineer
271963,Filipe,Hennebert,1/12/63,2/28/90,1/1/99,Senior Engineer
271978,Radhia,Camarinopoulos,1/17/62,9/29/92,1/1/99,Senior Engineer
271981,Jacopo,Masand,1/3/63,3/8/93,1/1/99,Senior Engineer
271985,Ennio,Terwilliger,8/29/64,4/15/97,1/1/99,Staff
271987,Zvonko,Peternell,1/22/63,9/15/91,1/1/99,Senior Engineer
271988,Przemyslawa,Gadepally,12/15/63,10/28/89,1/1/99,Senior Engineer
272002,Ohad,Kugler,6/27/64,8/11/89,1/1/99,Assistant Engineer
272003,Quingbo,Millington,10/18/63,10/30/01,1/1/99,Engineer
272008,Mingdong,Hutter,5/28/64,2/24/90,1/1/99,Senior Staff
272029,Martien,Pietracaprina,7/14/64,10/28/97,1/1/99,Staff
272047,Jeanne,Fujisaki,9/27/62,3/2/90,1/1/99,Technique Leader
272074,Susuma,Baek,11/21/64,6/7/97,1/1/99,Staff
272077,Lene,Brender,4/21/62,5/22/93,1/1/99,Staff
272078,Chenyi,Rettelbach,5/8/62,4/19/99,1/1/99,Engineer
272084,Kannan,Terkki,6/26/62,1/1/96,1/1/99,Engineer
272091,Freyja,DeMori,3/4/63,6/2/97,1/1/99,Senior Engineer
272113,Sandeepan,Bonifati,10/6/64,6/11/91,1/1/99,Senior Staff
272128,King,Birge,9/29/62,2/19/96,1/1/99,Staff
272137,Shmuel,Cannata,7/26/62,3/26/88,1/1/99,Senior Staff
272141,Tsutomu,Neiman,1/13/65,7/31/96,1/1/99,Staff
272143,Nectarios,Juneja,6/7/63,9/4/98,1/1/99,Engineer
272150,Mariusz,Karnin,4/24/64,12/11/96,1/1/99,Senior Staff
272152,Randi,Chvatal,4/30/64,8/22/99,1/1/99,Staff
272158,Alois,Henders,9/30/63,1/30/91,1/1/99,Senior Staff
272169,Suebskul,Masaki,7/29/64,8/10/98,1/1/99,Engineer
272174,Mingsen,DeMori,11/16/63,11/28/88,1/1/99,Senior Engineer
272178,Masoud,Riefers,10/20/64,12/24/96,1/1/99,Assistant Engineer
272183,Shigenori,Nitsche,11/27/63,1/17/97,1/1/99,Senior Engineer
272185,Rimli,Radhakrishnan,4/26/63,9/22/95,1/1/99,Engineer
272191,Yinghua,Bonifati,9/6/62,3/8/96,1/1/99,Engineer
272194,Jinya,Pavlopoulou,2/3/63,12/27/87,1/1/99,Engineer
272196,Youngkon,Kusakabe,2/15/62,2/8/94,1/1/99,Assistant Engineer
272199,Jayson,Ghemri,9/10/64,9/1/96,1/1/99,Senior Staff
272215,Shim,Luders,4/7/64,10/2/85,1/1/99,Staff
272217,Wilmer,Himler,8/5/64,10/19/93,1/1/99,Senior Staff
272229,Uzi,Kuhnemann,10/2/63,7/21/99,1/1/99,Staff
272245,Alexius,Antonakopoulos,6/18/62,8/16/86,1/1/99,Engineer
272250,Kazuhira,Swan,6/27/62,5/10/96,1/1/99,Senior Staff
272256,Shao,Brizzi,10/26/64,10/14/98,1/1/99,Engineer
272263,Kirk,Vernadat,7/18/63,5/25/87,1/1/99,Senior Staff
272266,Kristen,Ossenbruggen,8/7/63,10/24/91,1/1/99,Staff
272274,Samphel,Larfeldt,3/15/64,4/21/98,1/1/99,Senior Staff
272276,Debatosh,Chandrasekhar,1/19/62,8/6/94,1/1/99,Staff
272285,Gully,Mitchem,1/19/65,1/22/86,1/1/99,Staff
272292,Fox,Erie,9/11/63,7/2/93,1/1/99,Engineer
272293,Etsuo,Rosiles,5/23/64,4/3/89,1/1/99,Senior Engineer
272298,Francoise,Luca,6/29/63,11/27/89,1/1/99,Assistant Engineer
272301,Chenxi,Roohalamini,2/7/64,9/15/00,1/1/99,Engineer
272306,Weidon,Rodite,12/14/64,7/28/85,1/1/99,Staff
272310,Foong,Braccini,7/10/64,11/8/89,1/1/99,Senior Staff
272314,Florian,Narlikar,6/5/64,9/21/96,1/1/99,Assistant Engineer
272316,Surveyors,Muhling,1/5/65,7/19/99,1/1/99,Engineer
272323,Pohua,Guting,3/28/63,6/27/92,1/1/99,Senior Engineer
272327,Shuichi,Leivant,10/6/63,2/26/87,1/1/99,Technique Leader
272328,Tadahiko,Madeira,4/26/62,8/27/88,1/1/99,Senior Engineer
272330,Gio,Gniady,6/30/64,9/30/95,1/1/99,Staff
272331,Zhanqiu,Junot,3/3/64,3/1/95,1/1/99,Senior Staff
272337,Zhenhua,Peek,2/24/64,5/23/92,1/1/99,Senior Staff
272338,Zejun,Jonsson,10/27/62,12/11/01,1/1/99,Staff
272341,Tesuya,DuCasse,7/30/62,11/1/85,1/1/99,Engineer
272350,Muneo,Botman,12/6/64,10/6/99,1/1/99,Senior Staff
272362,Fumiya,Bierman,9/19/63,11/26/86,1/1/99,Senior Staff
272363,Hein,Hainaut,2/17/64,1/27/86,1/1/99,Senior Staff
272366,Amstein,Matzov,11/22/64,12/9/98,1/1/99,Staff
272369,Huiqun,Fujisawa,7/18/63,11/25/87,1/1/99,Senior Staff
272370,Oguz,Alblas,3/24/64,4/19/91,1/1/99,Engineer
272377,Murthy,Benzmuller,7/5/64,5/30/95,1/1/99,Senior Engineer
272379,Arvin,Milicic,11/14/63,2/20/99,1/1/99,Engineer
272381,Lokesh,Trachtenberg,12/29/64,3/23/88,1/1/99,Senior Engineer
272382,Erzsebet,Rubsam,10/4/62,10/18/99,1/1/99,Senior Engineer
272387,Guozhong,Schwabacher,11/23/64,1/12/01,1/1/99,Engineer
272390,LiMin,Baba,9/21/64,11/2/88,1/1/99,Senior Staff
272403,Subhash,Whitcomb,6/27/63,6/13/90,1/1/99,Engineer
272411,Wanqing,Maierhofer,1/6/63,9/23/99,1/1/99,Senior Engineer
272417,Frazer,Vecchi,3/4/63,8/31/93,1/1/99,Senior Staff
272421,Houman,Peak,11/5/64,5/14/86,1/1/99,Senior Staff
272423,Geoffrey,Chandrasekhar,11/10/64,12/30/96,1/1/99,Senior Staff
272424,King,Pouyioutas,10/12/64,4/12/91,1/1/99,Engineer
272429,Youngkon,Mullainathan,9/30/62,8/21/93,1/1/99,Senior Engineer
272431,Jungsoon,Brendel,2/15/62,3/31/89,1/1/99,Senior Staff
272437,Dines,Orlowski,1/6/62,4/7/91,1/1/99,Senior Engineer
272445,Vitali,Pettis,2/23/63,1/21/87,1/1/99,Engineer
272447,Gaetan,Dechter,1/21/64,8/20/91,1/1/99,Senior Staff
272449,Yurij,Kakkar,10/16/64,2/13/86,1/1/99,Engineer
272452,Mitsuyuki,Isard,1/10/65,2/27/02,1/1/99,Engineer
272454,Shaz,Dulin,12/27/63,11/12/93,1/1/99,Engineer
272459,Jayesh,Rosaz,2/5/63,10/10/89,1/1/99,Engineer
272469,Ramzi,Rosti,1/16/63,8/7/90,1/1/99,Engineer
272485,Hyuncheol,Peot,9/8/64,4/21/85,1/1/99,Senior Engineer
272497,Mitchel,Schreiter,8/24/64,10/4/94,1/1/99,Senior Engineer
272501,Divine,Smeets,2/2/62,10/15/86,1/1/99,Staff
272503,Samphel,Hemaspaandra,5/13/64,4/12/99,1/1/99,Engineer
272507,Abdulla,Georgatos,12/15/62,9/4/88,1/1/99,Senior Staff
272510,Deborah,Nannarelli,10/28/64,7/17/89,1/1/99,Senior Staff
272512,Muzhong,Rosch,10/23/63,7/3/89,1/1/99,Senior Engineer
272518,Fen,Barriga,7/4/63,1/21/88,1/1/99,Assistant Engineer
272530,Yagil,Hashii,1/18/64,1/26/98,1/1/99,Senior Staff
272540,Aamer,Kading,1/4/62,8/27/95,1/1/99,Engineer
272554,Tetsushi,Cunliffe,6/19/63,4/7/86,1/1/99,Staff
272557,Aloke,Schmiedel,4/29/64,3/5/92,1/1/99,Engineer
272562,Mayumi,Francisci,1/22/62,9/21/96,1/1/99,Engineer
272563,Tru,Provine,10/30/64,11/15/93,1/1/99,Engineer
272565,Basant,Decaestecker,8/19/63,8/20/90,1/1/99,Staff
272568,Guoxiang,Pero,9/11/62,1/29/88,1/1/99,Staff
272569,Alper,Nittel,12/10/63,3/1/93,1/1/99,Senior Staff
272570,Tesuro,Coors,7/12/62,8/29/90,1/1/99,Senior Engineer
272571,Mack,Ullian,5/8/62,1/29/97,1/1/99,Engineer
272572,Willard,Strehl,5/10/62,11/30/93,1/1/99,Staff
272576,Udi,Engelmann,9/1/63,9/8/99,1/1/99,Assistant Engineer
272578,Mayuko,Picht,5/18/63,4/21/87,1/1/99,Senior Engineer
272581,Michaela,Lovengreen,4/4/63,10/4/99,1/1/99,Staff
272588,Przemyslawa,Strandh,11/10/63,3/24/90,1/1/99,Engineer
272596,Tomoyuki,Narahara,7/14/62,10/6/85,1/1/99,Staff
272597,Basant,Garrabrants,5/20/64,4/25/97,1/1/99,Staff
272599,Holgard,Hegner,1/16/65,7/15/93,1/1/99,Senior Staff
272603,Kotesh,Brookner,4/17/63,8/5/89,1/1/99,Senior Engineer
272612,Pranas,Jakobus,11/15/62,7/14/95,1/1/99,Senior Staff
272613,Berna,Cronin,3/7/64,2/7/99,1/1/99,Technique Leader
272630,Fen,Narwekar,12/4/64,10/12/99,1/1/99,Senior Staff
272634,Noritoshi,Belinskaya,9/27/62,8/27/98,1/1/99,Engineer
272635,Shooichi,Waleschkowski,2/18/64,1/15/93,1/1/99,Senior Staff
272641,Dmitri,Sadowski,12/24/63,1/13/00,1/1/99,Engineer
272659,Dayanand,Iwayama,3/13/63,5/27/93,1/1/99,Staff
272660,Kamakshi,Qiwen,9/23/62,11/30/96,1/1/99,Engineer
272668,Nahla,Silva,8/3/64,2/18/92,1/1/99,Senior Engineer
272669,Bodh,Mapelli,8/30/62,1/13/00,1/1/99,Engineer
272672,Mansur,Basawa,7/30/63,9/25/89,1/1/99,Engineer
272686,Luise,Szemeredi,7/6/63,1/9/86,1/1/99,Staff
272687,Arup,Luke,9/27/64,1/31/95,1/1/99,Staff
272705,Shirish,Gips,9/1/62,8/30/94,1/1/99,Senior Staff
272706,Atreyi,Gimbel,6/5/64,7/17/91,1/1/99,Assistant Engineer
272715,Kwangjo,Schaaf,12/13/62,11/18/92,1/1/99,Engineer
272718,Radhakrishnan,Bruckman,3/13/63,2/13/97,1/1/99,Engineer
272719,Juichirou,Kleiser,10/30/63,12/25/85,1/1/99,Senior Engineer
272737,Adam,Tempesti,3/26/62,11/17/92,1/1/99,Staff
272739,Basil,Narahari,4/7/63,2/16/86,1/1/99,Senior Staff
272746,Nigel,Casley,9/22/64,5/17/87,1/1/99,Senior Engineer
272750,Toshimo,Driscoll,12/24/63,5/18/99,1/1/99,Senior Staff
272751,Georgi,Roison,9/30/63,6/19/94,1/1/99,Senior Engineer
272757,Baruch,Baar,6/13/64,7/16/86,1/1/99,Senior Engineer
272760,Aiman,Anger,11/4/64,7/29/91,1/1/99,Senior Staff
272764,Jasminko,Muniz,7/20/62,2/7/93,1/1/99,Senior Staff
272782,Arumugam,Krohn,3/21/63,12/29/98,1/1/99,Staff
272790,Surveyors,Schiettecatte,9/9/63,8/16/99,1/1/99,Staff
272791,Tsuneo,Gips,3/8/64,5/10/97,1/1/99,Staff
272792,Sham,Showalter,8/28/63,9/19/98,1/1/99,Assistant Engineer
272794,Alois,Ratzlaff,11/14/62,10/19/89,1/1/99,Staff
272803,Shuji,Castellani,5/24/62,8/11/90,1/1/99,Engineer
272804,Jianwen,Brookman,2/11/62,7/25/87,1/1/99,Senior Staff
272812,Ronnie,Acton,6/29/63,5/4/92,1/1/99,Senior Engineer
272814,Hilary,Luon,9/26/62,7/26/92,1/1/99,Engineer
272823,Koichi,Smeets,2/11/63,11/3/93,1/1/99,Senior Engineer
272835,Bernd,Lubachevsky,5/28/62,7/5/86,1/1/99,Senior Staff
272840,Sorina,Gulak,10/3/64,12/24/91,1/1/99,Staff
272845,Yannik,Valtorta,5/23/64,9/5/94,1/1/99,Technique Leader
272846,Gila,Brandsma,2/19/62,10/18/94,1/1/99,Engineer
272847,Chinhyun,Theuretzbacher,1/25/63,7/12/01,1/1/99,Senior Staff
272852,Udaiprakash,Kemmerer,3/13/62,2/15/97,1/1/99,Senior Engineer
272853,Soenke,Rajaraman,11/11/62,3/8/85,1/1/99,Engineer
272860,Minghong,Candan,2/1/65,2/10/94,1/1/99,Assistant Engineer
272865,Candida,Bellmore,10/13/62,12/4/92,1/1/99,Senior Engineer
272875,Tiina,Chvatal,7/3/64,5/27/87,1/1/99,Assistant Engineer
272885,Vishwani,Swift,5/18/62,8/8/93,1/1/99,Senior Engineer
272888,Baoqiu,Lamma,1/20/62,11/19/89,1/1/99,Staff
272891,Roded,Itzfeldt,3/6/63,9/9/86,1/1/99,Senior Staff
272900,Clyde,Bondorf,10/19/63,1/1/88,1/1/99,Senior Staff
272901,Jaber,Dulay,4/2/63,6/29/92,1/1/99,Engineer
272911,Shridhar,Gelosh,10/4/64,6/24/99,1/1/99,Engineer
272919,Shaowen,Meriste,2/3/64,10/3/99,1/1/99,Engineer
272920,Kristina,Kalloufi,8/22/64,11/22/01,1/1/99,Senior Engineer
272921,Siamak,Varker,12/24/63,11/10/88,1/1/99,Senior Staff
272922,Basim,Baca,10/25/63,1/22/88,1/1/99,Staff
272927,Cedric,Armand,2/21/64,12/11/90,1/1/99,Senior Engineer
272929,Subir,Kisuki,3/20/62,5/29/94,1/1/99,Senior Engineer
272936,Stevo,Atrawala,5/10/63,12/22/85,1/1/99,Senior Staff
272942,Bartek,Wallrath,7/29/64,8/12/88,1/1/99,Senior Staff
272951,Djelloul,Minakawa,1/12/62,7/8/99,1/1/99,Staff
272954,Satyanarayana,Gelosh,2/21/64,4/29/93,1/1/99,Senior Engineer
272960,Yuping,Baik,8/3/63,1/18/98,1/1/99,Senior Engineer
272981,Gritta,Demos,4/3/62,2/4/90,1/1/99,Senior Staff
272994,Masoud,Castellani,6/29/64,6/9/96,1/1/99,Engineer
273000,Dharmaraja,Oberman,5/17/62,3/15/98,1/1/99,Staff
273001,Maik,Gunderson,10/17/64,10/11/93,1/1/99,Senior Staff
273009,Vitaly,Eiter,6/2/62,1/16/89,1/1/99,Senior Engineer
273030,Mona,Bresenham,7/10/62,3/20/95,1/1/99,Staff
273039,Zissis,Granlund,4/20/62,3/5/85,1/1/99,Engineer
273042,Charmane,Demos,11/5/63,8/1/93,1/1/99,Staff
273044,Evgueni,Mitina,4/2/64,6/16/95,1/1/99,Engineer
273054,Karoline,Strehl,11/27/63,7/29/97,1/1/99,Staff
273066,Kendra,Rousseau,11/10/63,1/2/90,1/1/99,Engineer
273069,Keiichiro,Baalen,1/10/62,1/30/88,1/1/99,Senior Staff
273077,Jahangir,Denti,6/4/63,6/16/85,1/1/99,Senior Staff
273082,Giordano,Straney,7/17/62,12/26/98,1/1/99,Senior Engineer
273088,Remmert,Schmiedel,4/16/62,1/14/96,1/1/99,Technique Leader
273091,Chrisa,Narwekar,6/11/63,4/14/94,1/1/99,Senior Engineer
273099,Aamod,Lovengreen,3/24/62,10/27/89,1/1/99,Senior Staff
273123,Renny,Gornas,2/17/64,10/27/89,1/1/99,Engineer
273124,Macha,Veevers,7/2/62,4/6/86,1/1/99,Senior Engineer
273130,Evgueni,Kroft,8/10/63,7/13/92,1/1/99,Senior Engineer
273133,Narain,Keustermans,7/12/62,4/9/96,1/1/99,Engineer
273139,Elvis,Percebois,9/13/62,7/11/86,1/1/99,Senior Engineer
273145,Abdulla,Lakshmanan,11/4/62,7/9/90,1/1/99,Technique Leader
273147,Youngkon,Clouatre,4/13/63,11/30/94,1/1/99,Senior Staff
273156,Golgen,Tsunoo,7/16/63,10/28/93,1/1/99,Assistant Engineer
273159,Divine,Hofmeyr,1/26/65,4/14/89,1/1/99,Technique Leader
273163,Mark,Garnham,12/5/63,11/16/88,1/1/99,Senior Staff
273167,Leon,Baalen,1/7/62,1/2/92,1/1/99,Senior Staff
273169,Kannan,Impagliazzo,2/19/63,10/11/98,1/1/99,Staff
273172,Xiaoqiu,Vecchio,9/12/63,11/28/85,1/1/99,Senior Staff
273192,Guttorm,Snyers,9/23/63,5/20/96,1/1/99,Staff
273197,Adhemar,Heusch,2/18/62,4/18/86,1/1/99,Staff
273199,Angel,Dymetman,9/10/63,10/4/97,1/1/99,Senior Engineer
273200,Sushant,Reeker,12/25/63,4/24/94,1/1/99,Senior Staff
273209,Szabolcs,Gomatam,7/18/64,2/24/92,1/1/99,Staff
273222,Tamiya,Dichev,3/20/63,12/6/85,1/1/99,Staff
273226,Mingzeng,Mahmud,5/27/64,9/29/94,1/1/99,Staff
273230,Adel,Deville,4/21/63,1/14/93,1/1/99,Engineer
273236,Vitali,Marshall,9/15/63,2/13/98,1/1/99,Engineer
273239,Aria,Lores,3/7/62,7/15/95,1/1/99,Engineer
273244,Tomofumi,Kavanagh,1/7/64,7/22/96,1/1/99,Engineer
273252,Rasiah,Casperson,2/19/64,7/6/89,1/1/99,Senior Engineer
273259,Mario,Schurmann,1/20/64,11/3/86,1/1/99,Technique Leader
273261,Yurij,Yavatkar,1/10/64,9/26/85,1/1/99,Engineer
273265,Alagu,Kamble,12/1/63,2/26/89,1/1/99,Engineer
273279,Marla,Kirkerud,3/6/64,6/3/93,1/1/99,Senior Engineer
273284,Jordanka,Cochrane,2/18/63,3/3/85,1/1/99,Senior Staff
273286,Brigham,Asmuth,1/26/65,1/23/89,1/1/99,Senior Engineer
273287,Mamdouh,Cmelik,6/15/63,6/25/92,1/1/99,Senior Engineer
273288,Shigehiro,Mersereau,3/12/64,3/23/90,1/1/99,Staff
273301,Bedir,Sidou,5/9/64,5/13/85,1/1/99,Engineer
273316,Sumant,Makinen,9/7/64,7/7/86,1/1/99,Senior Staff
273335,Guoxiang,Christianini,10/31/64,11/25/91,1/1/99,Technique Leader
273337,Xumin,Socorro,8/29/63,9/2/85,1/1/99,Staff
273355,Maja,Masaki,1/21/62,2/22/90,1/1/99,Engineer
273356,Ute,Servieres,4/24/64,7/25/94,1/1/99,Engineer
273358,Soenke,Klyachko,10/17/64,5/14/86,1/1/99,Senior Staff
273362,Shigehito,Birsak,1/14/63,2/28/92,1/1/99,Assistant Engineer
273364,Urs,Pocchiola,2/20/64,12/2/96,1/1/99,Staff
273365,Make,Wroclawski,12/11/64,11/8/94,1/1/99,Engineer
273369,Dmitri,Ranst,5/15/62,6/6/99,1/1/99,Engineer
273373,Zejun,Spelt,10/25/63,5/14/85,1/1/99,Engineer
273376,Zsolt,Negoita,4/27/64,7/23/92,1/1/99,Senior Engineer
273377,Wayne,Waeselynck,8/11/64,12/18/99,1/1/99,Staff
273379,Gritta,Macedo,4/12/62,3/14/90,1/1/99,Engineer
273389,Teunis,Schlegelmilch,10/19/64,7/7/92,1/1/99,Senior Engineer
273396,Wayne,Baba,1/10/65,3/7/98,1/1/99,Engineer
273403,Wayne,Hainaut,1/21/62,11/29/85,1/1/99,Staff
273405,Yuriy,Nyanchama,5/29/63,10/4/93,1/1/99,Senior Engineer
273407,Nikolaos,Ferretti,9/2/63,3/24/91,1/1/99,Staff
273408,Yuping,Ressouche,10/28/62,9/4/88,1/1/99,Technique Leader
273410,Angel,Binding,3/7/63,10/29/01,1/1/99,Engineer
273418,Valery,Peck,7/7/63,3/28/01,1/1/99,Engineer
273423,Kwangyoen,Mitzlaff,11/12/62,3/27/88,1/1/99,Staff
273426,Akhilish,Quaggetto,11/30/64,2/28/97,1/1/99,Staff
273432,Szabolcs,Valette,8/27/62,2/3/93,1/1/99,Senior Staff
273436,Masanao,Detkin,3/23/63,4/1/00,1/1/99,Senior Staff
273440,Alois,Fraisse,12/31/64,11/25/91,1/1/99,Senior Staff
273442,Wojceich,Ranft,10/29/63,2/2/86,1/1/99,Engineer
273449,Seongbin,Isaac,3/14/62,8/25/92,1/1/99,Senior Engineer
273454,Hatsukazu,Katalagarianos,8/4/64,10/2/99,1/1/99,Senior Staff
273456,Hitomi,Mitsuhashi,1/23/63,5/19/92,1/1/99,Senior Engineer
273457,Yefim,Holburn,10/1/64,11/12/92,1/1/99,Senior Staff
273463,Francesca,Swen,8/21/62,2/18/99,1/1/99,Senior Staff
273464,Tzvetan,Yoshimura,4/22/62,1/15/98,1/1/99,Engineer
273467,Lucian,Skrikant,10/9/63,1/8/93,1/1/99,Senior Staff
273473,Supot,Breugel,9/25/63,1/13/98,1/1/99,Assistant Engineer
273481,Mahmut,Shobatake,1/12/62,10/28/85,1/1/99,Senior Staff
273488,Rosli,Peris,8/12/62,4/24/92,1/1/99,Senior Engineer
273489,Boutros,Piveteau,8/10/62,3/5/95,1/1/99,Senior Engineer
273493,Sumali,Sridhar,11/22/62,4/29/98,1/1/99,Engineer
273499,Xiaopeng,Baak,4/14/64,9/29/97,1/1/99,Staff
273500,Hidekazu,Picci,3/2/62,8/2/93,1/1/99,Senior Staff
273503,Shichao,Karnin,5/5/63,1/13/88,1/1/99,Engineer
273506,Rosli,Hiraishi,9/3/64,7/18/90,1/1/99,Senior Staff
273508,Vishwani,Vendrig,9/19/64,2/3/89,1/1/99,Senior Engineer
273509,Hugh,Hooghiemstra,11/5/63,1/7/88,1/1/99,Staff
273514,Danny,Comte,8/1/64,5/18/95,1/1/99,Engineer
273515,Krassimir,Oehlmann,11/1/62,1/26/88,1/1/99,Engineer
273517,Licheng,Hitomi,6/16/62,8/23/96,1/1/99,Engineer
273526,Hideyuki,Suomi,10/13/63,6/28/93,1/1/99,Technique Leader
273528,Radhakrishnan,Dulli,10/16/62,5/1/98,1/1/99,Engineer
273531,Christophe,Chleq,11/25/63,7/24/94,1/1/99,Staff
273536,Mohd,Lovengreen,11/26/64,7/5/87,1/1/99,Senior Engineer
273538,Jiang,Itzigehl,12/29/64,9/6/89,1/1/99,Senior Staff
273543,Jianhua,Eickenmeyer,8/2/64,3/10/99,1/1/99,Engineer
273546,Yoshimitsu,Sigstam,10/2/64,12/17/86,1/1/99,Staff
273550,Herb,Peternell,2/11/63,9/16/95,1/1/99,Staff
273556,Christoph,Sinicrope,12/24/62,9/1/88,1/1/99,Senior Staff
273557,Younwoo,dAstous,5/19/62,12/14/87,1/1/99,Senior Staff
273558,Pohua,Pollock,9/25/62,1/9/99,1/1/99,Staff
273559,Zhonghua,Lukaszewicz,6/19/63,10/27/86,1/1/99,Staff
273562,Xinan,Ranze,11/10/64,4/12/86,1/1/99,Staff
273566,Yakkov,DasSarma,6/3/62,11/19/98,1/1/99,Technique Leader
273567,Howell,Yetto,2/10/63,12/11/95,1/1/99,Engineer
273573,Khaled,Khalid,7/21/63,2/19/93,1/1/99,Senior Engineer
273577,Hercules,Usdin,1/1/64,6/27/91,1/1/99,Engineer
273580,Chinhyun,Munos,4/12/62,5/23/98,1/1/99,Staff
273581,Richara,Stille,6/5/64,5/21/86,1/1/99,Engineer
273583,Fayez,Frijda,12/24/64,9/7/97,1/1/99,Staff
273584,Mohua,Boyle,5/11/62,11/3/98,1/1/99,Senior Engineer
273608,Yongmao,Servieres,2/19/62,5/26/93,1/1/99,Senior Staff
273610,Bojan,Marletta,1/20/64,9/13/99,1/1/99,Senior Staff
273619,Filipe,Zambonelli,3/8/62,4/7/98,1/1/99,Engineer
273621,Paloma,Gustavson,10/18/62,7/29/95,1/1/99,Senior Engineer
273624,Renny,Suomi,10/14/62,1/27/95,1/1/99,Engineer
273640,Basil,Chartres,1/3/63,8/6/93,1/1/99,Staff
273646,Aral,Kleiser,8/17/64,6/29/98,1/1/99,Engineer
273648,Shiv,Fandrianto,8/11/62,10/6/91,1/1/99,Senior Staff
273650,Hidefumi,Marakhovsky,4/24/63,11/13/88,1/1/99,Engineer
273651,Ramzi,Feinberg,5/7/64,8/23/93,1/1/99,Senior Staff
273655,Geraldo,Bennet,9/15/62,5/22/98,1/1/99,Senior Engineer
273665,Sangeeta,Litzler,6/27/62,11/6/89,1/1/99,Senior Staff
273672,Shahab,Spieker,1/8/63,4/3/87,1/1/99,Senior Engineer
273677,Terresa,Spinelli,3/7/62,10/30/86,1/1/99,Senior Staff
273683,Shawna,Covnot,7/13/62,12/1/00,1/1/99,Staff
273690,Jiong,Heyers,1/13/62,9/9/92,1/1/99,Engineer
273691,Chikara,Kusakabe,12/11/64,6/22/89,1/1/99,Engineer
273693,Niranjan,Besancenot,7/30/64,3/19/96,1/1/99,Staff
273694,Monique,Coombs,5/14/63,7/1/85,1/1/99,Senior Staff
273695,Nishit,Dratva,10/14/64,11/6/99,1/1/99,Engineer
273714,Bikash,Rosen,12/25/64,7/19/99,1/1/99,Engineer
273726,Ramzi,Stanfel,9/24/63,7/27/92,1/1/99,Assistant Engineer
273728,Stafford,Oberman,10/4/64,6/9/95,1/1/99,Senior Staff
273733,Cordelia,Schoegge,6/7/64,11/8/95,1/1/99,Senior Engineer
273744,Feipei,Sridhar,6/13/64,5/17/91,1/1/99,Staff
273756,Tokuyasu,Encarnacion,11/7/63,4/6/88,1/1/99,Senior Staff
273769,Edwin,Hinsberger,8/3/64,5/4/98,1/1/99,Engineer
273772,Hideyuki,Kirkerud,8/2/62,3/26/96,1/1/99,Staff
273776,Visit,Sommer,6/1/63,4/9/02,1/1/99,Engineer
273777,Phillip,Cooley,4/25/63,5/4/88,1/1/99,Staff
273796,Gad,Junet,3/28/63,7/26/90,1/1/99,Senior Staff
273800,Parke,Kitai,4/10/63,7/26/98,1/1/99,Engineer
273801,Toshimitsu,Ramamoorthy,11/2/62,5/1/99,1/1/99,Staff
273802,Val,Heinisuo,8/10/63,8/18/95,1/1/99,Engineer
273804,Fabrizio,Homond,5/20/62,2/9/96,1/1/99,Engineer
273806,Hongzhu,Beetstra,1/1/65,8/18/97,1/1/99,Staff
273809,Vishv,Cardazo,4/9/64,9/6/88,1/1/99,Senior Staff
273810,Stevo,Douceur,3/10/62,10/31/90,1/1/99,Engineer
273816,Odysseas,Sichman,12/1/63,1/13/86,1/1/99,Staff
273819,Mototsugu,Luke,3/20/62,6/28/86,1/1/99,Senior Engineer
273820,Uta,Kilgore,8/22/62,8/22/97,1/1/99,Senior Engineer
273834,Visit,Leivant,9/23/62,9/15/93,1/1/99,Senior Engineer
273838,Phuoc,Burnard,10/25/62,3/19/95,1/1/99,Engineer
273839,Turgut,Heemskerk,1/7/63,5/27/00,1/1/99,Staff
273844,Mohan,Thiran,11/10/63,12/9/93,1/1/99,Senior Staff
273849,Stella,Lorcy,7/22/63,10/25/00,1/1/99,Senior Staff
273850,Arch,Karunanithi,4/20/62,10/1/95,1/1/99,Senior Staff
273852,Remzi,Janocha,4/29/64,11/12/97,1/1/99,Staff
273853,Arno,Bazelow,4/1/62,12/9/93,1/1/99,Senior Engineer
273854,Moriyoshi,Litecky,2/10/63,4/19/99,1/1/99,Engineer
273858,Gunilla,Matzen,1/13/65,12/28/90,1/1/99,Staff
273862,Masadi,Rassart,12/10/62,7/20/87,1/1/99,Senior Staff
273868,Shan,Farrag,10/3/64,8/6/87,1/1/99,Senior Staff
273870,Duke,Ruemmler,9/30/63,2/27/93,1/1/99,Staff
273885,Shounak,Plessier,8/4/63,8/31/94,1/1/99,Engineer
273888,Khun,Rosar,3/9/63,10/6/88,1/1/99,Engineer
273891,Ottavia,Nilsson,6/15/64,4/24/92,1/1/99,Senior Staff
273898,Shuzo,Speel,8/4/64,7/9/98,1/1/99,Staff
273906,Panayotis,Massonet,3/30/62,9/11/87,1/1/99,Engineer
273907,Alselm,Uhrig,1/5/63,2/18/99,1/1/99,Engineer
273911,Sanjiv,Melski,2/27/64,1/20/92,1/1/99,Senior Staff
273919,Bikash,Gecseg,11/5/64,7/17/95,1/1/99,Staff
273922,Kazunori,Garnick,9/3/63,9/17/85,1/1/99,Technique Leader
273934,Elgin,Riefers,2/3/63,11/6/98,1/1/99,Staff
273940,Geraldo,Erva,3/27/62,10/10/88,1/1/99,Engineer
273946,Niranjan,Zaiane,11/1/63,8/12/89,1/1/99,Senior Engineer
273956,Kauko,Chimia,10/31/64,10/27/87,1/1/99,Senior Staff
273957,Danai,Anick,12/3/63,9/12/87,1/1/99,Senior Engineer
273960,Feipei,Bazzichi,2/24/62,10/26/89,1/1/99,Senior Engineer
273967,Adib,Lowrie,8/25/64,6/7/96,1/1/99,Engineer
273968,Sastry,Reutenauer,6/11/62,11/2/91,1/1/99,Engineer
273970,Giap,Serre,8/1/64,9/7/89,1/1/99,Technique Leader
273976,Rafail,Monarch,11/10/64,1/27/87,1/1/99,Staff
273990,Bader,Pellegrinelli,7/23/63,12/20/88,1/1/99,Senior Engineer
273991,Shushma,Roccetti,5/12/62,12/13/95,1/1/99,Staff
273993,Kirk,Fontet,5/18/64,12/12/93,1/1/99,Senior Staff
274005,Marek,Krider,4/3/62,2/24/95,1/1/99,Senior Staff
274009,Christoph,Desikan,7/2/62,7/29/93,1/1/99,Staff
274012,Clyde,Ramaiah,5/13/64,11/2/98,1/1/99,Staff
274015,Kwangho,Hopewell,7/12/64,11/16/97,1/1/99,Engineer
274018,Adamantios,Chvatal,6/17/62,10/8/97,1/1/99,Staff
274022,Muzhong,Garnick,6/9/63,2/1/91,1/1/99,Senior Staff
274023,Jagoda,Brendel,10/10/64,9/30/92,1/1/99,Engineer
274024,Aron,Cardazo,12/15/64,3/12/87,1/1/99,Engineer
274026,Vesna,Peng,3/4/63,11/6/86,1/1/99,Senior Engineer
274038,Zhiwei,Perfilyeva,7/29/62,3/5/91,1/1/99,Senior Engineer
274040,Rafols,Vecchio,1/12/63,5/31/89,1/1/99,Technique Leader
274042,Xinyu,Rossi,6/14/64,2/29/92,1/1/99,Engineer
274053,Shuji,Bruckman,2/22/63,6/13/93,1/1/99,Staff
274054,Adam,Axelband,12/29/64,10/7/93,1/1/99,Senior Engineer
274060,Baziley,Pileggi,5/16/62,1/28/96,1/1/99,Staff
274063,Manton,Ernst,10/21/62,6/10/91,1/1/99,Staff
274071,Mingsen,Weiland,1/1/65,10/12/95,1/1/99,Staff
274077,Djelloul,Bazzichi,5/13/62,7/25/94,1/1/99,Senior Staff
274086,Randi,Oppitz,5/22/64,2/8/87,1/1/99,Senior Staff
274095,Mizuhito,Harnett,12/11/63,11/10/97,1/1/99,Assistant Engineer
274097,Lene,Sadowski,3/26/62,2/28/01,1/1/99,Senior Staff
274100,Chikara,Worfolk,8/22/62,10/11/96,1/1/99,Staff
274109,Inderjeet,Thambidurai,1/10/63,12/14/91,1/1/99,Staff
274113,Khun,Chvatal,1/1/62,9/25/93,1/1/99,Senior Engineer
274115,Feixiong,Vadhan,12/8/64,5/30/94,1/1/99,Staff
274117,Shigenori,Randi,2/21/62,2/27/97,1/1/99,Engineer
274127,Zissis,Linares,11/1/64,4/3/98,1/1/99,Staff
274132,Sanjay,Pietracaprina,9/10/63,2/19/96,1/1/99,Senior Staff
274153,Kamakshi,Dechter,3/31/62,7/18/99,1/1/99,Engineer
274158,Aimee,Penz,10/10/62,2/27/92,1/1/99,Assistant Engineer
274165,Fai,Compeau,4/26/63,7/5/96,1/1/99,Staff
274173,Feiyu,Krupka,3/23/64,6/15/86,1/1/99,Technique Leader
274175,Teiji,Pocchiola,5/19/63,5/24/97,1/1/99,Staff
274178,Toshimitsu,Conta,2/4/63,7/1/95,1/1/99,Staff
274180,Jianhao,Schiettecatte,7/30/64,12/19/94,1/1/99,Engineer
274193,Etsuo,Schlumberger,6/24/63,5/23/88,1/1/99,Senior Engineer
274198,Woody,Marciano,5/17/62,7/4/97,1/1/99,Engineer
274204,Arra,Rissland,10/1/63,12/4/97,1/1/99,Technique Leader
274207,Lijie,Chappelet,7/19/62,7/25/93,1/1/99,Senior Engineer
274211,Gadiel,Sgarro,5/25/64,5/1/87,1/1/99,Staff
274218,Sanjeeva,Grandbois,9/12/62,8/3/88,1/1/99,Senior Staff
274226,Jaroslava,Koblitz,8/31/63,10/25/99,1/1/99,Staff
274228,Soenke,Champarnaud,5/31/63,2/11/93,1/1/99,Senior Engineer
274229,Jaber,Peyn,8/18/64,4/21/98,1/1/99,Senior Engineer
274231,Susanna,Keirsey,8/23/62,1/27/86,1/1/99,Engineer
274233,Augustine,Miake,7/10/64,11/17/89,1/1/99,Staff
274234,Gadiel,Birke,4/9/64,5/3/92,1/1/99,Engineer
274241,Kyoichi,Pavlopoulou,9/22/63,8/28/95,1/1/99,Senior Staff
274244,Alair,Piancastelli,11/20/63,3/6/85,1/1/99,Senior Engineer
274249,Ekawit,Kusakari,6/23/63,11/16/86,1/1/99,Senior Engineer
274252,Zorica,Petereit,9/3/64,12/16/93,1/1/99,Staff
274255,Marie,Molenkamp,1/11/64,3/11/94,1/1/99,Staff
274258,Houman,Arlazarov,4/8/62,9/28/90,1/1/99,Engineer
274264,Rosli,Siepmann,8/25/64,12/28/86,1/1/99,Staff
274265,Jahangir,Daescu,10/16/62,2/27/98,1/1/99,Senior Engineer
274270,Ung,Walstra,2/8/63,11/18/90,1/1/99,Senior Engineer
274271,Prodip,Ritcey,1/10/65,9/10/86,1/1/99,Senior Staff
274273,Mandell,Papastamatiou,7/10/63,6/1/98,1/1/99,Engineer
274276,Jasminko,Iisaka,7/24/64,7/6/87,1/1/99,Senior Engineer
274284,Youssef,Jording,11/24/62,12/12/85,1/1/99,Senior Staff
274285,Temple,Perko,2/11/63,4/25/92,1/1/99,Senior Staff
274286,Koichi,Schlegelmilch,6/13/62,10/19/91,1/1/99,Staff
274289,Suzette,Vandervoorde,3/31/64,6/17/86,1/1/99,Staff
274294,Amalendu,Kading,3/14/63,11/6/94,1/1/99,Staff
274296,Hauke,Nooteboom,10/23/62,4/30/86,1/1/99,Engineer
274302,Toshiko,Stifter,6/18/62,2/15/94,1/1/99,Senior Staff
274320,Erez,Emmart,9/3/64,5/10/91,1/1/99,Senior Staff
274323,Masato,Feinberg,12/1/62,4/2/88,1/1/99,Senior Engineer
274330,Richard,Demke,8/11/63,8/7/85,1/1/99,Senior Staff
274338,Georgi,Gargeya,9/11/63,10/23/85,1/1/99,Senior Staff
274343,Fay,Hutter,6/26/64,9/28/99,1/1/99,Senior Staff
274345,Miyeon,Eiter,9/4/64,2/9/95,1/1/99,Senior Staff
274357,Iara,Sigstam,6/27/63,11/27/85,1/1/99,Engineer
274359,Dante,Gecsel,12/1/62,4/21/99,1/1/99,Staff
274362,Sumali,Clouatre,2/26/64,9/20/91,1/1/99,Senior Staff
274367,Leucio,Lamparter,10/31/62,9/4/85,1/1/99,Senior Staff
274369,Ranga,Waymire,1/29/65,1/27/97,1/1/99,Senior Staff
274370,Toshimo,Ratnaker,10/14/62,5/9/01,1/1/99,Staff
274374,Mikhail,Hiraishi,8/15/62,3/16/93,1/1/99,Engineer
274378,Jiang,Luce,12/23/64,12/7/90,1/1/99,Senior Staff
274379,Sangeeta,Milicic,9/10/62,4/14/87,1/1/99,Technique Leader
274382,Saddek,Liesche,7/27/62,3/13/98,1/1/99,Staff
274383,Francoise,McAffer,4/5/63,7/30/90,1/1/99,Senior Engineer
274385,Mingzeng,Junet,6/21/62,7/17/95,1/1/99,Staff
274386,IEEE,Puppe,8/15/63,10/4/87,1/1/99,Senior Staff
274388,Nishit,Mandelberg,6/19/64,8/19/92,1/1/99,Engineer
274389,Muneo,Cyne,9/12/63,7/19/96,1/1/99,Senior Engineer
274391,Sibyl,Cheshire,10/25/63,7/14/89,1/1/99,Assistant Engineer
274395,Shimshon,Nitto,2/15/62,4/14/99,1/1/99,Senior Staff
274405,Sibyl,Plumb,10/9/64,9/13/85,1/1/99,Engineer
274408,Frazer,Wroclawski,7/5/64,10/9/96,1/1/99,Staff
274417,Flemming,Cichocki,11/17/63,6/2/99,1/1/99,Staff
274421,Tsz,Lorho,3/5/62,3/18/95,1/1/99,Staff
274429,Kensei,Swan,10/17/64,7/21/94,1/1/99,Engineer
274431,Siamak,Yemenis,9/15/64,4/6/99,1/1/99,Engineer
274443,Dayanand,Fiutem,12/27/64,2/2/89,1/1/99,Staff
274446,Saeed,Albarhamtoshy,4/11/63,7/12/91,1/1/99,Staff
274447,Shem,Tempesti,6/23/64,8/21/99,1/1/99,Engineer
274452,Itzchak,Ramsay,5/8/62,2/19/86,1/1/99,Senior Engineer
274466,Hilari,Rosis,8/17/63,5/25/96,1/1/99,Staff
274474,Miyeon,Perri,3/31/63,1/25/97,1/1/99,Senior Staff
274476,Hailing,Puppe,2/2/64,10/15/90,1/1/99,Senior Engineer
274481,Przemyslawa,Gammage,7/9/64,8/16/99,1/1/99,Staff
274488,Yefim,Jeansoulin,6/20/64,11/18/87,1/1/99,Senior Staff
274493,Ashish,Narahara,6/18/64,6/5/98,1/1/99,Senior Staff
274499,Mostafa,Kolinko,8/26/62,3/20/92,1/1/99,Staff
274500,Giap,Oppitz,3/2/64,11/1/85,1/1/99,Engineer
274513,Pasqua,Peng,3/15/64,1/20/97,1/1/99,Senior Staff
274522,Faiza,Shumilov,12/26/63,1/4/96,1/1/99,Senior Engineer
274524,Mohit,Schlegelmilch,7/23/63,3/7/88,1/1/99,Technique Leader
274525,Haldun,DasSarma,12/7/62,12/30/91,1/1/99,Staff
274531,Irena,Sifakis,1/7/62,2/19/96,1/1/99,Senior Engineer
274535,Arumugam,Piveteau,10/20/64,3/29/85,1/1/99,Senior Engineer
274538,Danel,Barinka,1/5/62,2/14/86,1/1/99,Senior Engineer
274540,Berry,Atchley,10/27/63,3/7/93,1/1/99,Staff
274541,Somnath,Kalafatis,5/7/63,4/3/98,1/1/99,Staff
274545,Lorien,Roccetti,4/30/62,12/19/98,1/1/99,Engineer
274547,Guttorm,Ratnakar,5/29/63,11/11/99,1/1/99,Engineer
274556,Akemi,Ritcey,6/13/63,7/5/99,1/1/99,Staff
274557,Mihalis,Ghemri,12/26/62,2/5/87,1/1/99,Staff
274559,Kristin,Syrzycki,12/22/63,3/28/90,1/1/99,Senior Engineer
274566,Youngkon,Berstel,4/25/63,11/26/00,1/1/99,Staff
274568,Moie,Jiafu,10/26/64,1/4/98,1/1/99,Engineer
274573,Subhash,Garnier,5/25/64,8/14/92,1/1/99,Staff
274583,Fun,Preusig,12/31/64,8/23/90,1/1/99,Engineer
274587,Chaitali,Bottner,5/30/62,11/2/88,1/1/99,Technique Leader
274618,Dayanand,Vernadat,7/27/63,8/6/96,1/1/99,Staff
274619,Yannik,Iacovou,12/23/63,8/11/92,1/1/99,Senior Engineer
274626,Vitali,Litzkow,2/18/64,5/18/96,1/1/99,Senior Staff
274629,Shay,Clouatre,8/12/63,9/7/85,1/1/99,Technique Leader
274630,Yurii,Rikino,6/30/63,5/28/90,1/1/99,Senior Staff
274631,Nadjib,Fujisaki,3/21/62,11/9/87,1/1/99,Senior Engineer
274634,Mana,Isaak,2/9/63,9/5/94,1/1/99,Staff
274639,Van,Schaar,4/24/64,3/3/86,1/1/99,Senior Engineer
274647,Kitty,Asmuth,8/15/64,12/16/94,1/1/99,Senior Engineer
274653,Jaewon,Strandh,5/15/62,1/28/00,1/1/99,Engineer
274654,Maris,Isaak,12/17/62,12/30/89,1/1/99,Senior Staff
274660,Mohua,Tasistro,2/6/63,11/17/00,1/1/99,Engineer
274661,Danil,Detkin,5/3/63,9/8/85,1/1/99,Senior Staff
274665,Remzi,Clouatre,4/23/62,10/23/98,1/1/99,Staff
274666,Poorav,Cronan,12/4/64,4/27/89,1/1/99,Senior Engineer
274670,Arunas,Ghalwash,12/6/63,3/18/94,1/1/99,Senior Engineer
274674,Pranav,Chaudhuri,9/13/64,4/8/86,1/1/99,Technique Leader
274678,Ortrud,Fortenbacher,11/11/63,3/26/91,1/1/99,Engineer
274684,Shiv,Montemayor,11/12/64,8/11/98,1/1/99,Staff
274686,Augustine,Budinsky,8/30/64,4/12/93,1/1/99,Senior Staff
274688,Xiaoheng,Schwartzbauer,9/27/62,1/16/00,1/1/99,Staff
274691,Pranav,Ossenbruggen,6/1/64,11/3/91,1/1/99,Senior Staff
274698,Tadanori,Munawer,3/10/64,2/17/99,1/1/99,Staff
274699,Changho,Munoz,12/16/62,10/4/86,1/1/99,Staff
274700,Woody,Kambil,11/18/63,3/28/87,1/1/99,Senior Engineer
274703,Youjian,Hockney,7/12/64,8/12/00,1/1/99,Senior Engineer
274744,Palash,Rullman,12/15/62,7/10/01,1/1/99,Engineer
274750,Gita,Nollmann,6/21/63,9/19/90,1/1/99,Staff
274753,Elrique,Kobuchi,9/15/64,9/10/98,1/1/99,Engineer
274758,Hongzhu,Koshino,8/6/62,6/10/98,1/1/99,Engineer
274766,Aris,Osgood,2/15/63,9/17/95,1/1/99,Engineer
274773,Abdelaziz,Rouquie,6/12/64,9/28/93,1/1/99,Senior Staff
274775,Guangming,Henseler,12/11/63,8/27/90,1/1/99,Senior Staff
274781,Owen,Kalefeld,5/9/64,7/7/94,1/1/99,Assistant Engineer
274784,Yahiko,Vingron,3/12/62,6/29/96,1/1/99,Staff
274788,Hisao,Pleszkun,11/19/63,12/14/93,1/1/99,Staff
274791,Sigeru,Ernst,2/21/63,7/22/97,1/1/99,Technique Leader
274796,Shalesh,Weedman,7/13/63,2/3/91,1/1/99,Engineer
274797,Masaki,Siochi,5/25/62,4/12/89,1/1/99,Senior Staff
274798,Francesca,Maliniak,11/2/62,11/10/85,1/1/99,Senior Engineer
274800,Kwun,Renear,12/30/63,6/6/86,1/1/99,Engineer
274810,Niclas,Serot,7/17/62,12/17/01,1/1/99,Assistant Engineer
274813,Yefim,Pettey,1/10/65,8/7/93,1/1/99,Staff
274814,Kaijung,Luke,1/30/64,10/6/97,1/1/99,Staff
274821,Matk,Schlegelmilch,4/21/64,5/13/97,1/1/99,Engineer
274827,Volkmar,Fabrizio,3/4/64,7/30/94,1/1/99,Senior Staff
274830,Moon,Rajala,2/24/62,4/14/91,1/1/99,Senior Engineer
274847,Isamu,Loncour,5/20/64,4/17/88,1/1/99,Senior Engineer
274852,Matk,Highland,10/10/64,12/8/86,1/1/99,Engineer
274870,Sudharsan,Streit,12/30/62,6/23/85,1/1/99,Senior Engineer
274871,Uma,Chinin,6/18/64,2/22/95,1/1/99,Senior Engineer
274873,Ramachenga,Zongker,8/17/64,1/13/98,1/1/99,Staff
274878,Mitsuyuki,Baby,3/23/63,3/20/00,1/1/99,Senior Staff
274880,Jaewon,Decleir,6/25/62,10/8/98,1/1/99,Engineer
274882,Taiji,Wursthorn,5/12/62,1/29/97,1/1/99,Engineer
274889,Conor,Pluym,5/12/63,2/23/00,1/1/99,Senior Staff
274892,Anoosh,Muhlberg,7/23/64,8/6/99,1/1/99,Engineer
274900,Boriana,Nollmann,2/28/62,11/22/88,1/1/99,Senior Engineer
274901,Limsoon,McFarlin,2/1/63,2/19/96,1/1/99,Staff
274902,Manton,Holburn,8/6/62,1/27/95,1/1/99,Staff
274905,Selwyn,Ozeri,8/13/63,12/14/95,1/1/99,Engineer
274906,Badri,Suessmith,7/27/62,1/23/92,1/1/99,Senior Engineer
274917,Toshiki,Rosch,1/20/64,10/23/90,1/1/99,Engineer
274918,Xianlong,Krychniak,10/18/62,11/30/85,1/1/99,Senior Engineer
274926,Jinya,Papsdorf,2/18/63,3/1/96,1/1/99,Staff
274950,Sibyl,Shrader,12/24/62,12/14/96,1/1/99,Senior Engineer
274954,Parviz,Fontet,1/29/64,6/2/96,1/1/99,Staff
274964,Rance,Koshiba,7/13/63,1/19/91,1/1/99,Assistant Engineer
274973,Sudharsan,Ushiama,5/18/62,6/4/98,1/1/99,Staff
274981,Ronghao,Suessmith,2/16/62,5/21/95,1/1/99,Engineer
275010,Lena,Rahimi,12/3/64,2/2/95,1/1/99,Engineer
275015,Mary,Wuwongse,8/9/64,3/2/93,1/1/99,Senior Engineer
275017,Hiroyasu,Gyimothy,8/26/64,2/1/91,1/1/99,Senior Staff
275023,Jianhua,Attimonelli,2/5/63,8/9/85,1/1/99,Senior Engineer
275025,Macha,Neimat,8/23/62,4/13/88,1/1/99,Staff
275028,Huai,Quadeer,1/27/62,2/25/92,1/1/99,Senior Staff
275029,Morris,McDermid,8/5/62,1/4/86,1/1/99,Staff
275030,Khatoun,Perz,11/10/63,6/14/97,1/1/99,Senior Engineer
275038,Shahar,Shumilov,4/11/63,10/27/00,1/1/99,Senior Engineer
275047,Fuqing,Perin,7/15/62,2/27/96,1/1/99,Staff
275051,Duri,Schaaf,4/16/64,3/22/98,1/1/99,Staff
275058,Zvonko,Buchter,11/22/64,1/27/00,1/1/99,Engineer
275063,Jeanna,Itschner,3/15/62,3/26/95,1/1/99,Senior Staff
275068,Xiaoshan,Mungall,1/31/63,7/27/97,1/1/99,Technique Leader
275071,Divine,Luit,3/6/64,2/13/85,1/1/99,Assistant Engineer
275073,Uma,Broder,12/4/63,8/7/97,1/1/99,Staff
275077,Yuichiro,Vieth,3/17/63,2/22/88,1/1/99,Technique Leader
275080,Shigeu,Trachtenberg,9/13/63,2/17/98,1/1/99,Staff
275098,Girolamo,Jervis,12/26/63,4/6/92,1/1/99,Senior Staff
275111,King,Begiun,12/13/62,10/30/86,1/1/99,Senior Engineer
275112,Yannik,Ghalwash,10/23/63,3/28/99,1/1/99,Staff
275130,Yurii,Ozeki,5/12/64,3/10/86,1/1/99,Senior Staff
275136,Yannis,Nannarelli,3/10/62,4/21/87,1/1/99,Engineer
275147,Jackson,Parfitt,5/28/64,10/17/89,1/1/99,Senior Staff
275153,Mart,Rousseau,2/4/62,8/20/86,1/1/99,Senior Engineer
275158,Satyanarayana,Brandsma,1/7/65,12/8/99,1/1/99,Engineer
275170,Anoosh,Wixon,2/16/63,6/28/90,1/1/99,Senior Staff
275174,Kenroku,Nations,1/6/64,12/1/93,1/1/99,Engineer
275183,Margo,Emmerich,1/9/62,10/15/97,1/1/99,Staff
275187,Sven,Ibel,11/10/64,9/10/97,1/1/99,Engineer
275192,Sahrah,Katalagarianos,10/16/64,5/20/88,1/1/99,Senior Engineer
275193,Munir,Lorin,5/20/64,10/21/96,1/1/99,Staff
275197,Brendon,Yurek,6/10/64,8/13/00,1/1/99,Staff
275198,Kamran,Yoshimura,3/28/63,5/24/95,1/1/99,Staff
275210,Lucien,Speek,9/29/62,10/24/85,1/1/99,Senior Engineer
275213,Manohar,Kirkerud,3/28/64,12/28/86,1/1/99,Staff
275215,Snehasis,Birch,12/6/63,9/23/98,1/1/99,Staff
275232,Margo,Ertl,7/31/63,10/26/90,1/1/99,Staff
275247,Cullen,Cappelli,1/12/63,6/2/92,1/1/99,Senior Engineer
275248,Zhaofang,Peternell,11/18/63,4/22/96,1/1/99,Senior Engineer
275253,Elvia,Flexer,1/29/63,4/11/00,1/1/99,Staff
275263,Vojin,Laventhal,1/21/65,10/18/91,1/1/99,Senior Engineer
275268,Gretta,Chinal,2/24/64,9/8/95,1/1/99,Engineer
275273,Nahid,Laventhal,2/25/62,4/18/98,1/1/99,Technique Leader
275274,Elliott,Iisaku,2/17/62,9/21/96,1/1/99,Engineer
275279,Uzi,Matteis,9/28/62,10/8/01,1/1/99,Assistant Engineer
275295,Shridhar,Peot,9/28/63,5/6/88,1/1/99,Senior Staff
275297,DeForest,Alpay,6/29/63,8/12/90,1/1/99,Senior Engineer
275299,Eckart,Merey,7/6/64,1/5/91,1/1/99,Staff
275316,Xiping,Kuhnemann,10/23/62,11/23/92,1/1/99,Senior Staff
275320,Huiqun,Renear,2/27/62,8/2/91,1/1/99,Senior Engineer
275328,Waiman,Makinen,10/12/64,2/16/95,1/1/99,Senior Engineer
275338,Chinya,Rajaraman,4/3/63,2/17/86,1/1/99,Senior Staff
275350,Richard,Kieras,3/8/64,4/18/95,1/1/99,Engineer
275353,Zhaofang,Crelier,9/28/63,3/6/87,1/1/99,Senior Staff
275361,Emran,Majewski,6/11/64,3/1/90,1/1/99,Staff
275362,Sadegh,Terwilliger,12/19/62,11/3/96,1/1/99,Senior Staff
275384,Florian,Picaronny,1/21/62,3/7/88,1/1/99,Staff
275385,Mohammed,Senzako,1/28/62,5/17/99,1/1/99,Staff
275400,Amabile,Templeman,5/28/62,12/6/85,1/1/99,Staff
275406,Sudhanshu,Kruskal,5/20/64,10/29/98,1/1/99,Engineer
275416,Tesuya,Gecseg,4/25/64,11/15/01,1/1/99,Senior Staff
275417,Goa,Gist,3/21/64,7/5/91,1/1/99,Senior Engineer
275425,Elgin,Pocchiola,11/28/62,6/15/99,1/1/99,Engineer
275434,Yonghong,Hmelo,1/20/63,5/12/98,1/1/99,Engineer
275436,Mabhin,Noriega,8/9/63,11/23/95,1/1/99,Assistant Engineer
275442,Akeno,Shigei,2/1/63,10/17/90,1/1/99,Engineer
275444,Limsoon,Leppanen,1/16/65,1/21/93,1/1/99,Senior Engineer
275450,Fusako,Siprelle,11/1/63,10/16/88,1/1/99,Senior Staff
275452,Kwok,Fasbender,6/13/63,8/7/85,1/1/99,Engineer
275457,Luise,Gniady,1/1/64,6/19/94,1/1/99,Senior Staff
275462,Jiafu,Thombley,11/3/63,6/23/88,1/1/99,Senior Staff
275463,Zine,Limongiello,9/17/63,5/29/99,1/1/99,Staff
275464,Seshu,Weedman,11/20/64,4/14/98,1/1/99,Staff
275465,Qiwen,Melski,2/21/62,10/6/92,1/1/99,Senior Engineer
275471,Florian,Cangellaris,5/4/62,1/7/02,1/1/99,Senior Staff
275472,Christophe,Murtha,12/29/63,6/27/94,1/1/99,Engineer
275475,Phillip,Lovengreen,11/10/63,5/13/91,1/1/99,Senior Engineer
275483,Neven,Noriega,10/15/63,8/28/87,1/1/99,Senior Staff
275485,Yefim,Chappelet,5/5/62,9/6/95,1/1/99,Senior Engineer
275493,Kazuhito,Zambonelli,9/21/63,10/24/92,1/1/99,Senior Engineer
275495,Shen,Yamaashi,1/13/65,2/19/95,1/1/99,Staff
275503,Fumiya,Buescher,11/25/62,4/3/97,1/1/99,Senior Staff
275518,Theirry,Setiz,3/17/63,11/2/94,1/1/99,Senior Staff
275526,Subhada,Mitsuhashi,8/10/64,4/13/91,1/1/99,Senior Engineer
275536,Jacopo,Murtagh,10/12/63,7/12/00,1/1/99,Staff
275544,Kagan,Esteva,11/17/63,2/7/96,1/1/99,Senior Staff
275560,Remko,Auyong,12/2/64,6/18/93,1/1/99,Engineer
275567,Zhilian,Monarch,1/15/63,10/10/86,1/1/99,Senior Staff
275573,Chuanti,Zeleznik,2/1/63,11/11/97,1/1/99,Engineer
275574,Jianhua,Nations,1/4/64,2/6/98,1/1/99,Senior Staff
275575,Leszek,Khalid,6/28/64,4/28/99,1/1/99,Engineer
275578,Richard,Glinert,8/27/62,12/31/92,1/1/99,Technique Leader
275604,Chandrasekaran,Kropatsch,8/6/62,3/1/97,1/1/99,Staff
275615,Xiping,Schwabacher,10/26/62,4/21/96,1/1/99,Engineer
275628,Fumiya,Stemann,11/16/63,5/1/97,1/1/99,Engineer
275629,Constantijn,Brickell,7/23/63,9/26/92,1/1/99,Engineer
275645,Billur,Range,2/18/62,1/21/95,1/1/99,Engineer
275647,Shigeu,Schoegge,2/20/63,2/18/90,1/1/99,Senior Staff
275651,Bangqing,Baumann,6/26/64,3/16/94,1/1/99,Engineer
275654,Jaana,VanScheik,10/6/63,8/27/96,1/1/99,Engineer
275655,Boalin,Tagansky,6/23/62,1/6/94,1/1/99,Senior Staff
275657,Gal,Suri,12/17/64,7/18/90,1/1/99,Senior Staff
275658,Gio,Hennebert,5/11/63,4/13/98,1/1/99,Engineer
275662,Herb,Steenbeek,4/29/64,12/9/93,1/1/99,Senior Engineer
275667,Lidong,Dayang,6/20/62,2/8/91,1/1/99,Senior Staff
275673,Dietrich,Azumi,11/20/62,6/29/02,1/1/99,Assistant Engineer
275679,Prodip,Kampfer,6/12/62,9/12/98,1/1/99,Engineer
275682,Aria,Yamaashi,6/30/62,4/4/00,1/1/99,Engineer
275684,Haldon,McConalogue,2/8/64,6/9/97,1/1/99,Staff
275693,Youjian,Lorch,9/28/63,4/16/88,1/1/99,Senior Engineer
275695,Rosli,Merel,11/4/62,12/13/99,1/1/99,Staff
275699,Gal,Ohori,12/6/64,8/1/99,1/1/99,Staff
275708,Nimmagadda,Figueira,8/31/63,2/11/89,1/1/99,Senior Engineer
275709,Fayez,Rahimi,4/8/62,7/20/94,1/1/99,Engineer
275717,Subhrajyoti,Lindqvist,2/26/63,12/2/87,1/1/99,Senior Staff
275728,Minghong,Fontet,10/28/63,8/7/85,1/1/99,Staff
275734,Tomofumi,Fordan,9/3/62,7/26/95,1/1/99,Staff
275736,Yifei,Weedon,3/2/64,8/23/85,1/1/99,Engineer
275737,Yinlin,Skogmar,4/26/63,2/7/85,1/1/99,Senior Staff
275740,Panayotis,Scallan,10/27/62,6/24/99,1/1/99,Engineer
275744,Radhia,Mitina,12/4/62,8/13/86,1/1/99,Senior Staff
275759,Tua,Reistad,3/28/62,9/10/98,1/1/99,Senior Engineer
275772,Hirochika,Anido,12/25/63,10/1/98,1/1/99,Staff
275782,Gio,Masada,2/11/64,5/3/85,1/1/99,Technique Leader
275783,Tetsushi,Haddadi,2/25/62,5/15/87,1/1/99,Engineer
275788,Jaber,Poupard,8/14/63,3/28/01,1/1/99,Senior Engineer
275791,Mark,Narahari,8/16/64,8/17/86,1/1/99,Technique Leader
275795,Fuqing,Broder,10/28/64,1/8/88,1/1/99,Senior Staff
275797,Kiyokazu,Magalhaes,9/2/64,2/20/85,1/1/99,Engineer
275799,Guenter,Pavlopoulou,6/7/64,5/29/97,1/1/99,Staff
275800,Adil,Pardalos,4/19/62,4/23/95,1/1/99,Engineer
275801,Ayakannu,Heinisuo,1/22/65,6/28/86,1/1/99,Senior Staff
275802,Perla,Cromarty,2/12/62,12/31/88,1/1/99,Senior Engineer
275807,Hitomi,Weisert,11/3/63,11/7/90,1/1/99,Senior Engineer
275813,Chanjung,Baer,1/11/63,4/3/86,1/1/99,Senior Staff
275815,Gor,Sudbeck,5/19/63,1/10/94,1/1/99,Senior Engineer
275836,Rosine,Birsak,6/23/63,12/20/00,1/1/99,Senior Engineer
275838,Cathie,Kohling,9/15/62,12/11/92,1/1/99,Senior Engineer
275840,Maia,Pews,11/23/63,2/26/86,1/1/99,Staff
275843,Shahar,Ratnaker,11/28/62,4/29/93,1/1/99,Engineer
275846,Foong,Shanbhogue,6/7/63,3/28/95,1/1/99,Technique Leader
275853,Gilbert,Krychniak,6/12/64,7/16/95,1/1/99,Senior Staff
275855,Paris,Begiun,4/17/64,3/30/98,1/1/99,Staff
275857,Seongbae,Neiman,8/24/64,4/25/96,1/1/99,Staff
275868,Zsolt,Botman,4/2/63,4/14/92,1/1/99,Engineer
275871,Sumant,Munch,5/9/63,7/8/99,1/1/99,Staff
275875,Elrique,Herbst,8/4/64,5/12/95,1/1/99,Senior Staff
275881,Jiann,Munro,1/8/65,5/18/88,1/1/99,Senior Engineer
275885,IEEE,Cesareni,11/16/64,5/26/95,1/1/99,Technique Leader
275888,Mohd,Tibblin,5/12/62,1/9/91,1/1/99,Senior Staff
275895,Serge,Bellone,5/28/64,6/26/95,1/1/99,Engineer
275904,Chaoyi,Comte,5/29/62,9/8/94,1/1/99,Staff
275906,Pradeep,Dratva,9/29/64,7/8/92,1/1/99,Assistant Engineer
275913,Larisa,Collette,3/7/63,7/30/99,1/1/99,Senior Staff
275914,Shaowen,Kaminger,1/1/63,5/11/96,1/1/99,Engineer
275915,Marjo,Kadhim,4/5/63,10/2/92,1/1/99,Senior Staff
275918,Leon,Llado,10/10/64,3/16/94,1/1/99,Technique Leader
275919,Kazuhisa,Mamelak,2/18/64,5/8/94,1/1/99,Senior Engineer
275922,Anneke,Bail,8/13/63,3/26/87,1/1/99,Senior Engineer
275924,Zine,Deyuan,4/3/62,1/22/98,1/1/99,Senior Engineer
275926,Khalil,Marquardt,7/26/63,4/11/89,1/1/99,Senior Engineer
275927,Pragnesh,Gini,4/15/63,4/27/89,1/1/99,Senior Staff
275935,Berhard,Murthy,2/21/62,9/18/95,1/1/99,Assistant Engineer
275942,Kristen,Azulay,6/16/64,10/16/99,1/1/99,Engineer
275946,Heeju,Zultner,5/16/62,9/2/91,1/1/99,Senior Staff
275948,Miomir,Gladwell,7/18/64,4/23/97,1/1/99,Staff
275961,Vitali,Bennet,10/3/64,3/19/98,1/1/99,Engineer
275963,Armond,Ossenbruggen,9/15/62,10/6/87,1/1/99,Engineer
275968,Mona,Baer,6/5/64,8/21/99,1/1/99,Staff
275969,Hsiangchu,Brandsma,6/28/64,9/10/93,1/1/99,Senior Staff
275974,Hidefumi,Kugler,8/8/63,9/18/99,1/1/99,Engineer
275976,Shaowei,Detkin,8/27/62,6/4/91,1/1/99,Staff
275984,Martial,Kohling,8/7/63,9/26/94,1/1/99,Engineer
275989,Ult,Neiman,11/7/63,4/12/86,1/1/99,Senior Engineer
275994,Uma,Prampolini,1/29/65,2/21/91,1/1/99,Senior Engineer
275999,Wonhee,Lamba,11/21/64,8/15/99,1/1/99,Engineer
276000,Almudena,Jullig,6/26/62,10/6/93,1/1/99,Senior Staff
276004,Angus,Garnick,1/15/62,1/8/90,1/1/99,Engineer
276011,Rafael,Tsukuda,8/8/64,1/8/87,1/1/99,Senior Engineer
276017,Eran,Msuda,8/22/64,2/3/94,1/1/99,Staff
276021,Roddy,Syrotiuk,1/6/63,5/1/93,1/1/99,Staff
276025,Zhigen,Herber,12/21/62,12/8/95,1/1/99,Staff
276027,Holgard,Stavenow,1/4/65,2/28/86,1/1/99,Staff
276036,Fei,Krogh,3/16/64,10/6/98,1/1/99,Senior Staff
276049,Bikash,Coullard,9/18/63,6/6/98,1/1/99,Staff
276052,Lakshmi,Eldridge,12/5/64,12/8/86,1/1/99,Engineer
276059,Marlo,Furudate,9/20/64,5/23/95,1/1/99,Senior Staff
276061,Wojceich,Staelin,6/8/64,11/20/92,1/1/99,Engineer
276062,Genta,Constantine,7/10/62,7/24/86,1/1/99,Technique Leader
276077,Thanasis,Garnham,9/15/62,8/29/90,1/1/99,Senior Staff
276082,Genki,Kruskal,10/18/64,11/12/90,1/1/99,Engineer
276085,Shugo,Biran,4/18/64,8/7/94,1/1/99,Engineer
276092,Marsha,Michaels,12/16/62,7/16/86,1/1/99,Senior Staff
276100,Giao,Siegrist,6/11/64,3/29/86,1/1/99,Senior Engineer
276108,Mack,Chorvat,11/7/62,8/22/94,1/1/99,Senior Staff
276109,Gaetan,Gide,3/5/64,1/8/96,1/1/99,Staff
276110,Youjian,Strandh,11/12/64,2/27/91,1/1/99,Senior Staff
276116,Mary,Bazzichi,10/15/64,1/7/89,1/1/99,Senior Staff
276122,Phule,Bonifati,12/5/64,5/10/85,1/1/99,Assistant Engineer
276129,Mack,Esteva,4/13/63,4/29/99,1/1/99,Engineer
276131,Leon,Narlikar,3/16/62,2/8/86,1/1/99,Senior Engineer
276136,Vishu,Fujisawa,9/10/63,7/3/99,1/1/99,Senior Engineer
276142,Lene,Hagimont,11/26/62,12/25/88,1/1/99,Senior Engineer
276150,Rosella,Asmuth,2/20/64,9/28/86,1/1/99,Senior Staff
276155,Pragnesh,Rehfuss,12/22/64,6/12/89,1/1/99,Staff
276157,Xiahua,Emden,3/8/62,4/30/87,1/1/99,Engineer
276164,Marc,Zizka,3/17/62,3/26/88,1/1/99,Senior Staff
276165,Toney,Kroft,7/20/63,8/12/87,1/1/99,Senior Engineer
276167,Zsolt,Jervis,6/3/63,5/20/88,1/1/99,Senior Staff
276169,Ugo,Stifter,10/31/63,6/10/87,1/1/99,Engineer
276170,Arno,Erie,11/15/63,11/11/93,1/1/99,Senior Engineer
276171,Heekeun,Docker,8/22/63,3/26/97,1/1/99,Senior Engineer
276172,Mohammed,Morrow,1/19/64,12/31/92,1/1/99,Senior Engineer
276184,Mari,Swick,1/10/65,4/8/91,1/1/99,Senior Staff
276186,Sajjad,Vecchi,1/30/65,6/2/93,1/1/99,Senior Staff
276187,Nirmal,Delaune,8/18/64,8/9/94,1/1/99,Senior Engineer
276189,Isaac,Klerer,1/10/65,3/19/95,1/1/99,Staff
276192,Shridhar,Bach,9/30/64,6/21/91,1/1/99,Senior Engineer
276204,Khosrow,Ishibashi,12/12/64,9/10/96,1/1/99,Staff
276206,Jaewoo,Kugler,9/21/64,3/17/88,1/1/99,Senior Engineer
276213,Marco,Lupu,4/29/63,4/5/88,1/1/99,Senior Engineer
276217,Shakhar,Bahr,4/27/64,4/21/93,1/1/99,Engineer
276230,Fen,Baba,1/8/64,9/24/98,1/1/99,Staff
276235,Huan,Trelles,12/20/64,9/3/92,1/1/99,Staff
276237,Elvia,Kawashima,2/21/64,9/24/85,1/1/99,Senior Engineer
276246,Salvador,Salvesen,5/1/62,6/5/85,1/1/99,Engineer
276250,Xudong,Varley,5/26/64,8/31/98,1/1/99,Staff
276260,Stamatina,Miara,8/2/63,5/4/91,1/1/99,Senior Staff
276270,Hideo,Schahn,1/3/63,4/5/89,1/1/99,Senior Staff
276276,Conor,Brobst,6/24/62,8/3/92,1/1/99,Staff
276282,Koldo,Reutenauer,1/17/63,1/11/96,1/1/99,Staff
276291,Shigenori,Keohane,2/19/63,10/23/98,1/1/99,Engineer
276301,Ingmar,Boreale,1/15/64,1/28/88,1/1/99,Senior Staff
276303,Tua,Pietrzykowski,8/23/62,6/24/91,1/1/99,Staff
276305,Weiwu,Yoshimura,3/13/64,11/4/99,1/1/99,Engineer
276308,Aram,Slutz,12/12/64,11/14/93,1/1/99,Senior Staff
276309,LiMin,Leonhardt,11/16/64,2/7/99,1/1/99,Technique Leader
276313,Bogdan,Pews,6/16/64,12/21/85,1/1/99,Engineer
276320,Harngdar,Riesenhuber,3/3/62,4/21/94,1/1/99,Senior Engineer
276322,Quingbo,Narahari,10/28/62,9/27/98,1/1/99,Staff
276331,Katsuyuki,Pillow,12/9/62,7/14/96,1/1/99,Staff
276334,Huan,Olivero,9/26/62,8/10/98,1/1/99,Engineer
276351,Mariusz,Gaughan,12/8/62,5/27/94,1/1/99,Engineer
276358,Yuuichi,Prenel,4/12/63,8/17/86,1/1/99,Senior Engineer
276361,Zhonghui,Zongker,10/1/62,1/23/02,1/1/99,Engineer
276363,Zeljko,Hiltgen,2/21/64,5/1/97,1/1/99,Engineer
276372,Chandrasekaran,Reghbati,4/8/63,5/18/00,1/1/99,Senior Staff
276382,Marc,Matzke,10/27/64,12/16/93,1/1/99,Senior Engineer
276387,Alois,Stiles,1/18/64,9/10/93,1/1/99,Senior Staff
276390,Heeju,Munos,6/10/62,2/20/98,1/1/99,Senior Staff
276392,Dmitry,Detkin,3/17/62,12/3/97,1/1/99,Senior Staff
276394,Danil,Uhrik,12/31/63,10/19/90,1/1/99,Senior Engineer
276400,Utpal,Pouyioutas,8/28/64,5/29/01,1/1/99,Engineer
276401,Danel,Benner,3/31/64,2/5/91,1/1/99,Senior Staff
276402,Xinan,Pokrovskii,6/28/64,6/29/93,1/1/99,Engineer
276406,Mizuhito,Nitto,6/11/64,12/20/86,1/1/99,Senior Staff
276408,Jasminko,Junot,10/1/64,7/22/98,1/1/99,Staff
276410,Karoline,Varman,9/12/63,10/17/97,1/1/99,Engineer
276420,Owen,Bugaenko,5/9/64,12/16/90,1/1/99,Senior Engineer
276424,Fay,Bonifati,5/2/64,6/2/94,1/1/99,Senior Engineer
276425,Kiyomitsu,Sidou,1/15/63,12/27/94,1/1/99,Senior Staff
276434,Arie,Cannata,2/18/64,6/27/95,1/1/99,Engineer
276441,Kazuhiko,Kuhnemann,11/16/63,11/25/87,1/1/99,Staff
276442,Brewster,Lanphier,11/20/62,2/26/96,1/1/99,Technique Leader
276443,Jianhao,Pileggi,12/15/63,3/1/86,1/1/99,Senior Engineer
276445,Atilio,Randi,1/27/65,7/2/88,1/1/99,Engineer
276452,Constantino,Wallrath,3/17/63,6/25/98,1/1/99,Senior Staff
276461,Chikako,Pauthner,10/10/62,2/8/89,1/1/99,Engineer
276462,Berni,Reinhard,2/13/64,4/14/99,1/1/99,Staff
276472,Hideyuki,Flanders,1/27/65,11/10/88,1/1/99,Senior Engineer
276473,Naftaly,Shackell,1/12/63,5/1/93,1/1/99,Staff
276478,Kitty,Assaf,5/24/64,12/7/94,1/1/99,Senior Engineer
276479,Shahar,Mahmud,11/2/64,2/4/98,1/1/99,Staff
276492,Denny,Negoita,1/12/62,3/17/93,1/1/99,Senior Engineer
276501,Dulce,Erev,5/28/64,9/5/91,1/1/99,Senior Staff
276511,Badri,Rosen,8/26/62,11/21/98,1/1/99,Staff
276521,Stamatina,Mandell,12/16/62,9/25/99,1/1/99,Senior Engineer
276522,Uno,Kolvik,10/6/63,8/1/97,1/1/99,Senior Staff
276526,Guiseppe,Jeong,7/22/63,11/20/87,1/1/99,Senior Staff
276536,Munir,Kroft,8/9/63,9/15/88,1/1/99,Senior Staff
276549,Girolamo,Plessier,6/18/63,8/31/90,1/1/99,Staff
276557,Lucian,Matzke,6/24/62,5/21/89,1/1/99,Engineer
276558,Honesty,Stanfel,11/6/62,6/7/96,1/1/99,Senior Staff
276560,Zhongwei,Pollock,10/29/62,4/28/87,1/1/99,Technique Leader
276563,Gift,Solares,1/1/65,8/1/95,1/1/99,Senior Staff
276566,Seongbin,Brobst,4/9/62,4/11/02,1/1/99,Technique Leader
276568,Leen,Kohling,5/17/64,4/30/91,1/1/99,Senior Staff
276583,Uno,Driscoll,6/9/64,3/20/89,1/1/99,Staff
276585,Elzbieta,Coorg,3/4/62,11/25/99,1/1/99,Engineer
276588,Lobel,Zeleznik,3/24/63,10/27/97,1/1/99,Senior Engineer
276590,Josyula,Pollock,6/11/62,3/11/95,1/1/99,Engineer
276591,Angel,Rathonyi,11/15/63,9/10/92,1/1/99,Staff
276596,Piyawadee,Gihr,10/11/64,10/29/89,1/1/99,Senior Staff
276598,Deborah,Hiyoshi,8/8/63,6/20/89,1/1/99,Engineer
276602,Shuzo,Seiwald,1/19/63,1/2/91,1/1/99,Senior Staff
276603,Haldon,Vendrig,11/17/64,5/8/93,1/1/99,Staff
276604,Shichao,Hainaut,8/21/64,10/16/90,1/1/99,Senior Staff
276611,Marco,Underwood,12/28/63,6/25/95,1/1/99,Engineer
276613,Sahrah,Chiodo,11/12/62,10/18/93,1/1/99,Technique Leader
276624,Kotesh,Pena,1/3/64,1/30/95,1/1/99,Engineer
276629,Hatsukazu,Perng,7/9/63,10/6/86,1/1/99,Engineer
276634,Dmitry,Rosin,1/23/64,7/29/90,1/1/99,Staff
276638,Navin,Loncour,12/20/64,2/15/96,1/1/99,Engineer
276647,Jeong,Dymetman,6/23/62,6/20/89,1/1/99,Senior Staff
276649,Narain,Sethi,3/11/62,12/2/97,1/1/99,Staff
276652,Tokuyasu,Busillo,3/31/64,3/1/86,1/1/99,Senior Staff
276661,Serge,Melter,10/7/63,11/10/88,1/1/99,Engineer
276662,Leaf,Giveon,10/13/62,4/25/93,1/1/99,Senior Engineer
276665,Billie,Velasco,4/14/64,4/5/99,1/1/99,Engineer
276667,Bokyung,Bakhtari,1/17/62,9/8/96,1/1/99,Engineer
276673,Zhigen,Ramsay,10/31/64,1/4/96,1/1/99,Staff
276674,Dhritiman,Iwayama,8/12/63,2/28/98,1/1/99,Senior Engineer
276689,Doohun,Cochrane,1/3/62,6/12/93,1/1/99,Senior Staff
276690,Gor,Antonisse,10/6/64,11/6/88,1/1/99,Senior Engineer
276697,Udi,Luiz,12/9/62,1/1/98,1/1/99,Staff
276708,Roselyn,Radwan,2/1/63,8/2/96,1/1/99,Engineer
276713,Trygve,Reinhard,6/20/63,11/5/96,1/1/99,Engineer
276724,Pragnesh,Beausoleil,12/21/63,2/27/94,1/1/99,Senior Engineer
276725,Sachin,Yoshimura,7/6/62,8/10/85,1/1/99,Senior Engineer
276734,Rasiah,Leivant,2/27/62,9/24/88,1/1/99,Senior Staff
276737,Jayesh,Vitiello,4/5/64,5/10/89,1/1/99,Engineer
276738,Dinah,Khalil,6/10/64,8/23/91,1/1/99,Senior Engineer
276753,Kristin,Veevers,12/5/64,10/9/85,1/1/99,Senior Engineer
276763,Yinghua,Yoshimura,3/18/63,8/16/86,1/1/99,Senior Engineer
276769,Ortrud,Tramer,6/4/62,1/14/90,1/1/99,Engineer
276770,Xiaoqiang,Babu,10/31/63,9/23/96,1/1/99,Staff
276772,Pascal,Riexinger,11/23/63,10/2/99,1/1/99,Senior Engineer
276775,Florina,Suwa,4/3/62,11/20/99,1/1/99,Senior Engineer
276779,Leaf,Siegrist,9/13/62,10/11/91,1/1/99,Engineer
276783,Falguni,Giarratana,4/12/64,2/8/90,1/1/99,Senior Staff
276785,Lubomir,Mahmud,8/27/64,5/31/89,1/1/99,Senior Engineer
276789,Kokou,Schade,3/11/62,12/30/91,1/1/99,Engineer
276794,Padma,Kalafatis,6/7/64,5/24/86,1/1/99,Senior Engineer
276796,Mihalis,Marletta,2/8/63,1/30/90,1/1/99,Staff
276798,Lillian,Schurmann,11/6/63,8/9/91,1/1/99,Staff
276805,Utz,Setlzner,5/12/64,5/3/98,1/1/99,Staff
276806,Baocai,Plavsic,6/19/63,1/12/91,1/1/99,Senior Staff
276809,Wojceich,Perez,8/22/64,4/3/94,1/1/99,Senior Staff
276815,Subhrajyoti,Bail,3/14/63,5/29/86,1/1/99,Staff
276827,Zhonghui,Beerel,4/22/62,4/13/99,1/1/99,Engineer
276828,Kellyn,Baja,10/20/64,8/1/89,1/1/99,Senior Staff
276839,Roselyn,Remmers,4/14/62,2/1/87,1/1/99,Senior Staff
276840,Vitali,Gaughan,8/16/63,9/2/97,1/1/99,Senior Engineer
276852,Jianhui,Gerteisen,5/23/64,9/27/91,1/1/99,Engineer
276856,Nirmal,Qiwen,9/29/64,12/31/93,1/1/99,Senior Engineer
276857,Yurij,Thiran,6/3/62,12/9/95,1/1/99,Engineer
276866,Goh,Heydon,2/24/62,10/29/93,1/1/99,Engineer
276868,Alois,Sanella,1/19/65,3/13/98,1/1/99,Staff
276872,Susanta,Hammerschmidt,11/24/62,1/24/89,1/1/99,Senior Staff
276875,Ziva,Ranai,5/4/64,9/23/96,1/1/99,Assistant Engineer
276877,Percy,Junot,2/26/63,9/23/91,1/1/99,Engineer
276882,Deniz,Ratzlaff,6/24/63,8/16/92,1/1/99,Staff
276883,Gao,Luff,2/26/64,3/16/97,1/1/99,Staff
276892,Khue,Navazio,5/19/63,11/11/97,1/1/99,Staff
276899,Menkae,Sankaranarayanan,6/23/64,2/9/86,1/1/99,Staff
276905,Huai,Menhoudj,12/30/64,3/21/99,1/1/99,Staff
276916,Moss,Bruckman,12/16/64,5/29/86,1/1/99,Engineer
276925,Mohammed,McDermid,6/21/62,9/5/93,1/1/99,Engineer
276936,Tiina,Geffroy,5/12/64,1/1/95,1/1/99,Senior Engineer
276938,Moss,Remmers,4/8/64,6/4/85,1/1/99,Engineer
276939,Mario,Isaak,10/4/63,7/15/91,1/1/99,Staff
276940,Sukumar,Yamaashi,12/14/64,5/27/89,1/1/99,Senior Engineer
276949,Khedija,Hainaut,2/24/62,4/4/96,1/1/99,Engineer
276951,Kwangho,Hertweck,9/20/62,7/31/98,1/1/99,Senior Engineer
276958,Snehasis,Litzkow,9/18/64,10/26/94,1/1/99,Senior Engineer
276959,Kristin,Alameldin,2/11/64,1/16/97,1/1/99,Engineer
276964,Honesty,Gargeya,11/25/64,12/26/93,1/1/99,Senior Engineer
276967,Vidya,Boguraev,4/26/64,3/8/94,1/1/99,Senior Staff
276968,Yurij,Papastamatiou,7/23/62,3/15/87,1/1/99,Senior Staff
276979,Sham,Bach,3/11/62,7/10/89,1/1/99,Senior Staff
276991,Jaana,Savasere,6/12/64,5/4/90,1/1/99,Engineer
276995,Guttorm,Czap,6/3/63,7/6/99,1/1/99,Engineer
276996,Shih,Casperson,8/14/63,5/20/95,1/1/99,Staff
277000,Suvo,Wixon,4/21/63,1/29/90,1/1/99,Senior Engineer
277002,Takushi,Bellmore,11/28/62,5/2/91,1/1/99,Senior Engineer
277005,Koldo,Onuegbe,1/19/63,11/22/93,1/1/99,Senior Engineer
277011,Hitomi,Cichocki,8/18/62,1/29/88,1/1/99,Senior Engineer
277013,Xinyu,Giaccio,9/6/63,3/16/88,1/1/99,Engineer
277022,Thodoros,Christianini,12/7/63,4/25/87,1/1/99,Senior Staff
277026,Theirry,Delgrande,12/9/62,3/24/90,1/1/99,Senior Engineer
277027,Armond,Panwar,6/20/63,11/14/98,1/1/99,Senior Engineer
277028,Sreekrishna,Georgakopoulos,4/28/64,8/12/94,1/1/99,Senior Staff
277039,Nikolaos,Serna,12/18/64,12/21/93,1/1/99,Staff
277040,Nahum,Hebden,2/23/62,4/5/93,1/1/99,Senior Staff
277041,Olivera,Kitsuregawa,5/2/62,4/29/85,1/1/99,Senior Engineer
277051,Jaber,Egerstedt,10/9/63,1/28/99,1/1/99,Staff
277052,Teunis,Nannarelli,7/9/63,8/22/87,1/1/99,Technique Leader
277057,Waiman,Kavraki,9/9/63,12/7/85,1/1/99,Staff
277061,Pradeep,Sinicrope,5/14/64,4/29/87,1/1/99,Technique Leader
277062,Toshimi,Pelc,3/12/63,4/5/97,1/1/99,Staff
277067,Kwangho,Pargas,9/19/64,1/11/00,1/1/99,Staff
277079,Trygve,Itschner,5/23/63,9/19/93,1/1/99,Engineer
277089,Fayez,Gien,2/3/64,4/21/93,1/1/99,Engineer
277109,Erzsebet,Pena,12/31/62,6/14/93,1/1/99,Senior Engineer
277115,Qiwen,Champarnaud,4/30/64,2/25/88,1/1/99,Staff
277117,Unal,Takanami,7/26/62,12/13/96,1/1/99,Senior Engineer
277121,Yuguang,Ranum,12/22/63,3/6/85,1/1/99,Staff
277122,Gay,Heusch,7/3/63,3/27/97,1/1/99,Senior Staff
277125,Aimee,Veldwijk,6/13/63,8/7/98,1/1/99,Senior Engineer
277133,Ugo,Bhattacharjee,4/10/62,6/6/92,1/1/99,Technique Leader
277135,Aron,Hebert,3/2/63,9/29/88,1/1/99,Staff
277138,Maja,Samarati,9/8/63,8/4/98,1/1/99,Staff
277139,Sasan,Stellhorn,9/16/63,11/24/86,1/1/99,Senior Engineer
277140,Fei,Oberman,5/15/64,8/28/95,1/1/99,Senior Staff
277147,Domenico,Gaughan,6/19/64,8/31/93,1/1/99,Staff
277149,Kellie,Spinelli,5/31/64,11/6/01,1/1/99,Senior Staff
277151,Kirk,Benveniste,12/13/63,3/30/93,1/1/99,Senior Staff
277158,Ulises,Cheshire,7/31/64,7/18/90,1/1/99,Senior Staff
277168,Laurentiu,Ramamoorthy,6/17/64,4/22/02,1/1/99,Engineer
277179,Moon,Cunliffe,1/20/62,7/9/93,1/1/99,Staff
277183,Zine,Verhaegen,4/27/62,11/4/86,1/1/99,Staff
277184,Baziley,Biros,4/16/62,4/6/87,1/1/99,Staff
277191,Monique,Navazio,12/22/64,1/10/91,1/1/99,Senior Engineer
277192,Domenick,Besselaar,6/26/62,1/8/88,1/1/99,Engineer
277195,Janalee,Atchley,6/21/62,9/14/86,1/1/99,Senior Staff
277197,Geoffrey,Begiun,5/16/63,8/20/97,1/1/99,Staff
277201,Shao,Cmelik,10/5/62,10/5/98,1/1/99,Staff
277210,Stevo,Rodite,1/25/63,9/13/93,1/1/99,Engineer
277211,Hercules,Swiss,8/9/63,1/10/94,1/1/99,Senior Engineer
277219,Kenroku,Naumovich,12/16/64,1/11/94,1/1/99,Senior Staff
277221,Marie,Polupanov,3/23/64,1/22/92,1/1/99,Engineer
277227,Breannda,Encarnacion,3/1/64,8/5/99,1/1/99,Senior Engineer
277229,Satoru,Merks,3/5/64,5/31/94,1/1/99,Technique Leader
277233,Alain,Jeong,11/24/64,1/16/94,1/1/99,Staff
277234,Paris,Markovitch,3/17/62,11/29/90,1/1/99,Staff
277238,Poornachandra,Luks,8/25/64,1/5/98,1/1/99,Engineer
277245,Ebru,Portugali,5/10/64,6/25/96,1/1/99,Engineer
277247,Christ,Vickson,8/29/62,10/25/97,1/1/99,Senior Staff
277251,Sreekrishna,Gluchowski,3/6/64,5/6/88,1/1/99,Senior Engineer
277254,Lucien,Zambonelli,6/10/64,3/8/86,1/1/99,Technique Leader
277261,Sashi,Kalloufi,4/4/64,11/17/85,1/1/99,Senior Staff
277284,Arunas,Verhaegen,3/21/64,1/9/95,1/1/99,Senior Engineer
277299,Udo,Miake,9/25/63,6/3/97,1/1/99,Staff
277300,Demin,Woycyznski,12/26/63,9/19/95,1/1/99,Senior Engineer
277301,Giap,Siprelle,1/4/63,6/25/86,1/1/99,Engineer
277303,Tzu,Iisaka,5/12/63,12/5/95,1/1/99,Senior Staff
277305,Vitaly,Servi,11/11/63,4/19/88,1/1/99,Staff
277316,Vitali,Rothenberg,1/3/65,10/4/89,1/1/99,Senior Staff
277324,Shridhar,Halloran,4/2/64,6/19/99,1/1/99,Senior Staff
277327,Tzu,Bressoud,12/10/62,8/18/94,1/1/99,Senior Staff
277333,Yannik,Goldhammer,5/3/63,2/27/97,1/1/99,Senior Staff
277340,Koichi,Boudaillier,8/11/63,12/2/85,1/1/99,Engineer
277344,Divine,Bratten,3/27/64,11/16/87,1/1/99,Senior Staff
277346,LiMin,Senzako,12/31/63,10/10/96,1/1/99,Engineer
277355,Manton,Middleton,1/27/63,8/15/87,1/1/99,Engineer
277362,Uzi,Kugler,1/9/65,1/12/91,1/1/99,Senior Staff
277371,Steve,Nyanchama,6/21/63,11/16/87,1/1/99,Senior Staff
277374,Ramya,Paciorek,4/5/64,3/13/88,1/1/99,Senior Engineer
277386,Kish,Facello,1/27/63,8/22/92,1/1/99,Engineer
277396,Zhiwei,Shinomoto,4/8/63,2/15/92,1/1/99,Staff
277416,Theron,Bennis,1/10/62,3/3/94,1/1/99,Senior Engineer
277417,Siddarth,Denna,1/27/63,2/5/94,1/1/99,Engineer
277420,Rayond,Schach,1/16/65,4/22/95,1/1/99,Engineer
277424,Aimee,Matheson,11/21/62,3/25/88,1/1/99,Staff
277431,Jayesh,McDermid,6/12/64,3/31/93,1/1/99,Senior Engineer
277434,Angus,Kropf,2/18/64,10/16/86,1/1/99,Senior Engineer
277435,Sham,Benzaken,5/13/62,12/27/96,1/1/99,Staff
277438,Lansing,Kadhim,9/15/63,8/3/99,1/1/99,Staff
277454,Lucian,Debuse,7/23/64,1/17/93,1/1/99,Senior Engineer
277466,Josyula,Brattka,11/15/64,3/13/98,1/1/99,Technique Leader
277469,Yagil,Swiss,6/1/64,5/28/86,1/1/99,Senior Engineer
277479,Paloma,Llado,10/5/62,4/17/97,1/1/99,Senior Engineer
277484,Makato,Gecsel,6/21/62,5/3/88,1/1/99,Senior Staff
277488,Tiina,Improta,6/6/64,6/29/99,1/1/99,Engineer
277489,Rimli,Lorho,4/14/64,10/30/88,1/1/99,Senior Engineer
277491,Margareta,Improta,4/9/63,9/20/99,1/1/99,Staff
277498,Muzhong,Wielonsky,11/27/63,11/27/96,1/1/99,Engineer
277500,Chiradeep,Nourani,9/7/62,12/3/85,1/1/99,Senior Staff
277516,Seongbin,Hofmeyr,12/3/62,8/12/93,1/1/99,Senior Engineer
277530,Udi,Cichocki,12/3/64,3/25/91,1/1/99,Senior Engineer
277533,Nevin,Pillow,10/6/64,8/6/96,1/1/99,Staff
277543,Chaoyi,Fontan,7/7/63,4/29/98,1/1/99,Assistant Engineer
277548,Alejandra,Escriba,12/16/62,6/17/92,1/1/99,Senior Staff
277551,Shugo,Kossowski,9/22/64,4/2/99,1/1/99,Senior Staff
277552,Gregory,Landherr,3/6/62,8/19/92,1/1/99,Staff
277553,Shahab,Zeilberger,12/4/62,9/17/94,1/1/99,Senior Staff
277559,Snehasis,Teitelbaum,1/19/64,9/5/96,1/1/99,Assistant Engineer
277562,Sreekrishna,Ghandeharizadeh,3/11/63,1/9/99,1/1/99,Staff
277563,Yinghua,Kavanagh,7/17/64,3/13/91,1/1/99,Senior Staff
277568,Terresa,Baalen,8/20/62,8/4/98,1/1/99,Technique Leader
277570,Jiong,Verhaegen,10/13/62,8/16/98,1/1/99,Engineer
277574,Dhritiman,Mitzlaff,6/18/63,3/4/91,1/1/99,Senior Engineer
277576,Uma,Perri,5/2/62,6/5/99,1/1/99,Engineer
277590,KayLiang,Skafidas,10/3/64,5/24/95,1/1/99,Senior Engineer
277594,Xuejun,Itzigehl,11/6/62,3/27/91,1/1/99,Senior Engineer
277599,Deborah,Baranowski,12/26/64,3/13/89,1/1/99,Assistant Engineer
277603,Duke,Basart,12/8/62,8/12/95,1/1/99,Staff
277611,Vishu,Garnham,1/28/64,1/1/93,1/1/99,Engineer
277613,Lena,Suri,2/26/64,10/14/85,1/1/99,Senior Engineer
277618,Remzi,Dahlbom,9/29/63,8/2/87,1/1/99,Senior Engineer
277630,Shin,Vilarrasa,10/4/63,6/28/99,1/1/99,Senior Engineer
277635,Gianluca,Kawashimo,10/26/62,2/12/90,1/1/99,Senior Staff
277642,Danai,Garnier,5/4/62,5/19/94,1/1/99,Engineer
277651,Kwangyoen,Matteis,9/8/63,9/22/87,1/1/99,Senior Staff
277654,Xiaoqiu,Aingworth,6/24/63,12/28/85,1/1/99,Engineer
277664,Yoshinari,Jarecki,7/16/63,1/16/89,1/1/99,Senior Staff
277665,Gao,Ranft,1/8/62,10/22/96,1/1/99,Engineer
277670,Paris,Billingsley,3/21/64,4/18/99,1/1/99,Engineer
277677,Kwan,Bamford,12/14/63,2/4/94,1/1/99,Staff
277678,Kenroku,Katiyar,1/30/62,1/31/89,1/1/99,Engineer
277680,Ger,Stanger,1/8/62,7/4/94,1/1/99,Engineer
277692,Martijn,Melski,4/12/64,9/15/88,1/1/99,Senior Engineer
277697,Goetz,Marakhovsky,3/3/64,8/23/00,1/1/99,Engineer
277705,Wojceich,Condotta,4/2/62,12/2/85,1/1/99,Senior Engineer
277706,Jianhua,Potthoff,1/26/64,11/22/99,1/1/99,Senior Engineer
277724,Teunis,Eiter,10/31/62,9/12/99,1/1/99,Engineer
277727,Nidapan,Cullers,9/3/63,1/29/93,1/1/99,Engineer
277737,Alagu,Walston,4/8/62,4/18/89,1/1/99,Senior Staff
277739,Arif,Uchoa,9/15/64,5/11/88,1/1/99,Engineer
277743,Elzbieta,Bala,1/28/62,6/20/88,1/1/99,Senior Staff
277752,Felicidad,Peral,6/5/62,12/13/92,1/1/99,Engineer
277756,Cristinel,Morrey,5/3/62,12/20/90,1/1/99,Senior Staff
277760,Filipe,Billawala,7/8/62,3/8/98,1/1/99,Staff
277763,Gonzalo,Cappelletti,5/27/64,12/4/00,1/1/99,Engineer
277774,Toshimori,Crelier,5/21/62,4/19/98,1/1/99,Staff
277777,Herbert,Itzigehl,1/27/65,7/4/90,1/1/99,Senior Engineer
277780,Chrisa,Fiutem,8/16/62,8/3/94,1/1/99,Engineer
277787,Aluzio,Chenoweth,1/13/64,8/24/90,1/1/99,Staff
277800,Khatoun,Miara,3/2/63,10/22/92,1/1/99,Senior Engineer
277812,Jacqueline,Bhattacharjee,4/22/63,6/16/92,1/1/99,Senior Staff
277813,Fumiya,Rebaine,5/4/63,11/20/86,1/1/99,Senior Staff
277829,Michaela,Fandrianto,1/22/65,6/2/86,1/1/99,Senior Engineer
277830,Hugh,Uludag,11/5/62,9/14/91,1/1/99,Assistant Engineer
277831,Ipke,Bahr,6/23/64,4/29/96,1/1/99,Senior Engineer
277834,Izaskun,Alpay,6/25/63,5/12/02,1/1/99,Senior Engineer
277838,Pantung,Billawala,11/23/63,4/16/87,1/1/99,Senior Engineer
277844,Chikako,Erez,5/29/64,8/10/92,1/1/99,Senior Staff
277851,Gill,Steenbeek,1/28/63,4/30/99,1/1/99,Senior Staff
277858,Mohammed,Solares,3/15/62,6/21/87,1/1/99,Senior Staff
277862,Tua,Etalle,6/22/62,6/2/91,1/1/99,Staff
277866,Alassane,Brookman,3/23/63,4/15/97,1/1/99,Staff
277868,Zdislav,Ghazalie,2/9/63,10/16/85,1/1/99,Engineer
277873,Poorav,Bahk,5/22/63,4/12/94,1/1/99,Senior Staff
277875,Fumitake,Lores,4/7/63,4/21/94,1/1/99,Staff
277878,JiYoung,Cincotta,9/5/62,1/18/88,1/1/99,Staff
277880,Gina,Mapelli,5/10/64,11/15/93,1/1/99,Senior Engineer
277893,Roddy,Unni,1/19/63,4/5/88,1/1/99,Engineer
277904,Val,Azuma,8/10/63,2/7/99,1/1/99,Staff
277919,Evgueni,Malabarba,4/18/62,5/7/98,1/1/99,Senior Engineer
277925,Horward,Ellozy,8/2/64,6/7/95,1/1/99,Engineer
277933,Shigeichiro,Ciolek,4/21/63,8/29/95,1/1/99,Senior Engineer
277934,Raimond,Jahnichen,5/14/62,8/30/85,1/1/99,Senior Engineer
277940,Sahrah,Thebaut,5/30/62,6/2/92,1/1/99,Senior Staff
277943,Kwok,Smeets,7/7/62,7/10/95,1/1/99,Staff
277944,Guoxiang,Bauknecht,7/25/62,2/5/91,1/1/99,Staff
277952,Kristian,Sherertz,4/15/62,4/18/88,1/1/99,Technique Leader
277953,Kolar,Lortz,8/29/63,6/9/92,1/1/99,Engineer
277955,Luise,Ramras,10/22/64,5/30/90,1/1/99,Senior Staff
277956,Armond,Staylopatis,4/19/64,1/17/01,1/1/99,Engineer
277957,Chuanyi,Janocha,3/21/64,3/12/86,1/1/99,Engineer
277958,Debaprosad,Socorro,5/24/63,2/5/92,1/1/99,Senior Engineer
277963,Mong,Kakkar,9/13/62,8/21/92,1/1/99,Senior Staff
277969,Mong,Muntz,8/24/62,9/4/94,1/1/99,Assistant Engineer
277977,Jessie,Aloisi,10/22/63,7/16/86,1/1/99,Engineer
277987,Weiyi,Schreiter,11/5/63,6/27/96,1/1/99,Staff
277988,Seongbae,Luit,4/15/64,5/4/88,1/1/99,Senior Engineer
277990,Jianwen,Etalle,3/2/63,4/30/85,1/1/99,Senior Staff
277994,Hyuckchul,Kandlur,7/21/63,10/24/91,1/1/99,Senior Staff
277997,Ibibia,Poulakidas,7/15/62,4/10/87,1/1/99,Staff
278002,Remko,Ruther,6/26/64,11/17/90,1/1/99,Staff
278005,Mitchel,Karnin,7/20/64,9/17/93,1/1/99,Senior Staff
278006,Leen,Boudaillier,10/2/63,1/8/93,1/1/99,Senior Engineer
278010,Soenke,Falster,1/2/63,8/10/90,1/1/99,Senior Staff
278013,Jianhua,Garnham,6/20/62,1/26/94,1/1/99,Staff
278017,Stepehn,Peres,3/14/64,3/15/95,1/1/99,Staff
278018,Zejun,Esposito,11/24/62,4/25/86,1/1/99,Senior Engineer
278019,Maren,Conry,9/9/64,2/17/85,1/1/99,Senior Staff
278036,Kristen,Narwekar,10/14/63,5/2/85,1/1/99,Senior Staff
278037,Toong,Mawatari,3/19/62,11/24/97,1/1/99,Engineer
278042,Naraig,Thiran,5/27/63,7/11/89,1/1/99,Engineer
278046,Freyja,Bultermann,3/19/63,4/19/02,1/1/99,Engineer
278048,KayLiang,Bennis,7/16/63,10/18/92,1/1/99,Senior Staff
278049,Guoxiang,Wursthorn,12/8/63,5/9/98,1/1/99,Staff
278052,Aria,Plotkin,2/12/62,11/10/95,1/1/99,Staff
278059,Naftaly,Schauser,5/25/64,7/22/96,1/1/99,Engineer
278060,Pantung,Kaiserswerth,3/16/64,10/23/89,1/1/99,Engineer
278064,Subhankar,Salverda,11/15/64,3/21/90,1/1/99,Senior Staff
278067,Brewster,Dalphin,10/9/63,6/27/97,1/1/99,Engineer
278072,Cedric,McClurg,8/14/63,10/3/94,1/1/99,Senior Staff
278074,Xinyu,Hutton,7/26/62,6/17/87,1/1/99,Senior Staff
278081,Adam,Stafford,5/2/63,5/13/90,1/1/99,Staff
278090,Sushant,Merkl,12/23/63,4/10/91,1/1/99,Senior Staff
278093,Marek,Benantar,11/11/64,9/2/99,1/1/99,Senior Staff
278096,Idoia,Harbusch,9/8/62,9/10/92,1/1/99,Senior Engineer
278100,Xuejia,Perna,9/2/63,2/7/94,1/1/99,Engineer
278102,Avishai,Angelopoulos,12/28/62,12/19/88,1/1/99,Senior Engineer
278115,Luerbio,Cesareni,7/22/63,2/4/99,1/1/99,Engineer
278121,Cathie,Bala,5/31/62,2/12/94,1/1/99,Senior Staff
278124,Kazuhito,Fiutem,9/16/63,2/11/98,1/1/99,Technique Leader
278125,Genevieve,Quadeer,1/17/63,4/14/01,1/1/99,Assistant Engineer
278130,Pranas,Ranft,10/8/62,10/20/97,1/1/99,Staff
278140,JiYoung,Rehfuss,7/17/62,6/26/91,1/1/99,Engineer
278143,Mostafa,Rajala,1/25/62,3/21/96,1/1/99,Senior Staff
278145,Djelloul,Steenbeek,11/14/64,3/30/92,1/1/99,Engineer
278146,Sungwon,Broomell,11/30/63,11/1/97,1/1/99,Engineer
278149,Yahiko,Imataki,4/8/64,7/3/90,1/1/99,Engineer
278152,Lena,Farrow,2/6/63,12/30/91,1/1/99,Staff
278155,Honglan,Granlund,6/10/62,10/26/98,1/1/99,Senior Engineer
278161,Constantino,Leaver,6/17/63,12/29/87,1/1/99,Engineer
278174,Vitali,Tanemo,1/15/62,6/8/86,1/1/99,Engineer
278175,Fen,Kruskal,10/9/62,11/15/93,1/1/99,Senior Engineer
278176,Uwe,Iisaku,6/27/64,12/7/88,1/1/99,Engineer
278184,Masako,Kavanagh,11/8/62,3/31/94,1/1/99,Engineer
278186,Golgen,Rabejac,2/17/64,1/4/86,1/1/99,Senior Engineer
278193,Ziya,Koprowski,11/21/62,3/1/96,1/1/99,Staff
278198,Zeljko,Birke,4/15/64,8/29/89,1/1/99,Senior Engineer
278201,Olivera,Schapiro,5/2/62,12/24/00,1/1/99,Senior Engineer
278207,Marit,Debuse,5/28/62,4/19/85,1/1/99,Senior Engineer
278208,Anneke,Rosca,9/11/62,8/4/89,1/1/99,Staff
278212,Vidya,Nyrup,12/19/62,9/17/00,1/1/99,Engineer
278218,Shaz,Baezner,1/24/63,1/26/86,1/1/99,Senior Engineer
278221,Dung,Varker,11/7/64,7/22/97,1/1/99,Engineer
278236,Tsz,Chenney,2/16/63,11/29/93,1/1/99,Senior Staff
278239,Boaz,Bottner,1/19/65,2/6/94,1/1/99,Staff
278262,Indrajit,Wiegley,5/5/63,1/12/90,1/1/99,Senior Engineer
278266,Tetsushi,Boreale,12/15/63,11/24/97,1/1/99,Engineer
278268,Gen,Kuszyk,4/5/64,8/4/91,1/1/99,Senior Staff
278272,Susanta,Rodham,1/1/62,12/21/97,1/1/99,Staff
278273,Feixiong,Usdin,3/13/62,8/29/00,1/1/99,Assistant Engineer
278277,Sadok,Gomatam,8/28/62,2/9/93,1/1/99,Senior Engineer
278279,Cheong,Rehfuss,11/11/63,7/3/95,1/1/99,Senior Engineer
278281,Torsten,Ferriere,8/12/63,10/27/97,1/1/99,Senior Engineer
278286,Byong,Shihab,3/15/63,6/3/97,1/1/99,Staff
278289,Marlo,Birta,8/11/64,5/14/97,1/1/99,Engineer
278294,Nathan,Dechter,4/19/62,10/24/90,1/1/99,Senior Engineer
278296,Munehiko,Milicia,9/19/63,2/1/00,1/1/99,Engineer
278305,Minghong,Schoegge,3/23/64,4/20/97,1/1/99,Senior Engineer
278309,Djelloul,Bennis,5/10/64,2/23/99,1/1/99,Staff
278311,Tsz,Langford,6/7/63,5/2/88,1/1/99,Engineer
278312,Naftaly,Czaja,12/9/64,10/3/94,1/1/99,Staff
278316,Arie,Farris,5/5/64,6/12/97,1/1/99,Staff
278319,Arunas,Schiettecatte,10/6/63,11/5/93,1/1/99,Engineer
278328,Behnaam,Hartvigsen,12/8/62,8/18/97,1/1/99,Technique Leader
278335,Adit,Liedekerke,12/5/63,5/26/98,1/1/99,Senior Engineer
278336,Udo,Grandbois,2/7/62,12/16/99,1/1/99,Engineer
278337,Fan,Massonet,10/20/63,8/24/97,1/1/99,Staff
278339,Paloma,Coullard,6/3/63,3/27/99,1/1/99,Engineer
278347,Oldrich,Paciorek,3/12/64,9/13/89,1/1/99,Staff
278351,Debaprosad,Gyorkos,11/2/62,12/14/94,1/1/99,Engineer
278355,Laurentiu,Redmiles,9/18/64,5/16/90,1/1/99,Senior Staff
278378,Yongqiao,Bahl,12/23/63,3/13/88,1/1/99,Senior Staff
278386,Caolyn,Poujol,1/15/65,12/3/95,1/1/99,Technique Leader
278399,Jaideep,Tramer,9/17/62,12/31/98,1/1/99,Staff
278405,Saniya,Bellmore,3/4/62,6/7/85,1/1/99,Staff
278414,Genevieve,Ciolek,1/6/62,6/18/85,1/1/99,Engineer
278420,Pranav,Validov,10/18/62,10/18/94,1/1/99,Senior Staff
278423,Christfried,Hopewell,8/20/64,3/10/99,1/1/99,Staff
278425,Vishu,Gire,4/25/64,9/22/98,1/1/99,Engineer
278430,Girolamo,Chinin,8/26/63,4/3/89,1/1/99,Engineer
278431,Jianhui,Jayawardene,11/23/64,5/6/97,1/1/99,Senior Engineer
278432,Greger,Ranze,10/9/63,12/9/96,1/1/99,Engineer
278437,Zito,Ermel,12/22/64,8/16/93,1/1/99,Engineer
278438,Claudi,Bennis,5/26/62,10/15/98,1/1/99,Staff
278444,Frazer,Lodder,5/12/64,2/25/99,1/1/99,Engineer
278448,Jenwei,Pluym,6/5/63,7/11/88,1/1/99,Senior Staff
278452,Sudhanshu,Toyoshima,1/7/65,8/29/87,1/1/99,Senior Staff
278454,Lech,Bugrara,4/8/63,8/21/88,1/1/99,Staff
278455,Moti,Luff,11/4/62,10/20/96,1/1/99,Staff
278461,Serenella,Capobianchi,3/6/62,11/3/85,1/1/99,Engineer
278471,Giri,Roison,2/13/63,7/16/00,1/1/99,Staff
278472,Arun,Schwartzburd,9/30/63,2/15/90,1/1/99,Senior Staff
278483,Maja,Ossenbruggen,3/31/62,9/10/99,1/1/99,Engineer
278488,Kwun,Underwood,2/4/63,3/11/95,1/1/99,Staff
278490,Martine,Selvestrel,12/7/62,5/14/96,1/1/99,Staff
278498,Salvador,Luca,12/20/62,10/14/85,1/1/99,Senior Staff
278507,Vesna,Farrag,4/14/62,8/23/94,1/1/99,Staff
278511,Evgueni,Trumbly,8/20/63,9/29/99,1/1/99,Senior Staff
278512,Sukumar,Lund,7/9/62,3/18/00,1/1/99,Staff
278518,Marek,Trachtenberg,1/12/63,12/5/97,1/1/99,Engineer
278520,Gunilla,Chiola,7/21/64,3/24/99,1/1/99,Engineer
278521,Van,Gulak,1/26/63,5/26/98,1/1/99,Engineer
278526,Sachin,Pargaonkar,11/5/62,9/4/99,1/1/99,Senior Staff
278536,Munenori,Shobatake,1/14/65,1/10/92,1/1/99,Senior Staff
278545,Van,Cichocki,12/11/64,6/13/98,1/1/99,Engineer
278549,Jaana,Werthner,1/2/65,7/27/89,1/1/99,Senior Staff
278552,Maik,Emmerich,11/11/64,9/4/88,1/1/99,Senior Staff
278557,Toshimori,Levasseur,4/3/62,10/8/00,1/1/99,Senior Staff
278560,Gilbert,Gronowski,6/4/62,3/16/94,1/1/99,Senior Staff
278566,Lillian,Marakhovsky,6/26/64,11/18/92,1/1/99,Senior Staff
278568,Hugo,McAlpine,10/30/64,7/22/01,1/1/99,Senior Staff
278569,Lucian,Impagliazzo,12/29/64,10/23/94,1/1/99,Engineer
278572,Serif,Fordan,4/4/64,5/6/89,1/1/99,Senior Staff
278574,Heekeun,Milicia,11/28/64,8/4/94,1/1/99,Senior Engineer
278581,Shakhar,Aamodt,5/6/64,1/20/87,1/1/99,Senior Staff
278582,Guiseppe,Bala,11/30/62,2/25/94,1/1/99,Senior Staff
278585,Baoqiu,Ratnakar,5/21/62,1/15/97,1/1/99,Engineer
278586,Macha,Siepmann,6/18/62,5/21/91,1/1/99,Senior Staff
278590,Hugh,Nishimukai,10/8/64,10/3/98,1/1/99,Engineer
278594,Mona,Servi,2/18/64,4/9/96,1/1/99,Senior Staff
278609,Shawna,Eiter,7/10/63,10/18/89,1/1/99,Engineer
278614,Jiakeng,Chachaty,12/22/62,6/27/95,1/1/99,Engineer
278616,Gay,Deyuan,1/15/64,8/23/96,1/1/99,Engineer
278627,Mihalis,Melton,8/8/62,12/21/92,1/1/99,Senior Engineer
278634,Make,Kakkad,10/24/63,4/12/99,1/1/99,Assistant Engineer
278638,Diederik,Kranzdorf,1/2/62,7/5/96,1/1/99,Technique Leader
278645,Marko,Setia,8/28/64,7/1/89,1/1/99,Senior Staff
278647,Mara,Botman,2/28/63,7/9/95,1/1/99,Senior Engineer
278648,Moto,Christianini,4/26/63,5/3/86,1/1/99,Senior Engineer
278649,Yechezkel,Nergos,5/21/63,9/2/99,1/1/99,Engineer
278654,Arnould,Falby,1/24/62,2/29/88,1/1/99,Senior Engineer
278655,Ramya,Hammerschmidt,2/29/64,8/5/94,1/1/99,Senior Staff
278659,Debatosh,Scharstein,7/16/62,12/13/99,1/1/99,Engineer
278661,Jiong,Butterworth,8/4/64,5/15/93,1/1/99,Senior Staff
278664,Conrado,Bergere,3/29/62,7/19/97,1/1/99,Senior Engineer
278667,Yagil,Kavanagh,4/8/64,12/22/95,1/1/99,Engineer
278668,Chriss,Varley,2/28/62,9/8/98,1/1/99,Engineer
278671,Marc,Gronowski,11/13/62,3/22/97,1/1/99,Staff
278673,Shuky,Verspoor,11/20/64,2/13/97,1/1/99,Staff
278683,Gopalakrishnan,Hitomi,3/24/63,3/27/92,1/1/99,Engineer
278684,Jordanka,Georgakopoulos,4/21/62,4/4/95,1/1/99,Staff
278698,Arne,Zockler,5/12/62,11/15/88,1/1/99,Assistant Engineer
278705,Kolar,Weisert,3/18/63,6/29/94,1/1/99,Senior Engineer
278706,Rance,Otillio,5/3/63,12/7/01,1/1/99,Staff
278708,Aiman,Ossenbruggen,7/30/63,2/10/86,1/1/99,Assistant Engineer
278711,Souichi,Krider,8/17/63,2/20/88,1/1/99,Senior Staff
278713,Sahrah,Khalil,6/23/62,1/26/96,1/1/99,Staff
278719,Visit,Naudin,4/23/64,12/27/99,1/1/99,Engineer
278731,Kasturi,Itzfeldt,5/17/63,8/16/92,1/1/99,Senior Staff
278732,Ayonca,Docker,9/22/63,1/18/98,1/1/99,Engineer
278734,Siamak,Boreale,1/23/64,10/17/94,1/1/99,Assistant Engineer
278735,Niteen,Schwartzburd,6/24/62,12/2/91,1/1/99,Engineer
278737,Aral,Hennebert,1/31/62,12/2/85,1/1/99,Senior Engineer
278739,Kenroku,Adachi,4/22/64,6/7/90,1/1/99,Engineer
278746,Girolamo,Naumovich,5/4/62,1/12/87,1/1/99,Senior Staff
278769,Hitomi,Keirsey,4/9/63,1/30/99,1/1/99,Staff
278774,Sadegh,Rubsam,11/23/62,9/10/96,1/1/99,Staff
278777,Genki,Nannarelli,6/24/64,5/27/99,1/1/99,Staff
278778,Berthier,Rahimi,7/26/64,5/6/97,1/1/99,Engineer
278779,Lillian,Driscoll,5/16/64,10/25/93,1/1/99,Staff
278781,Khalil,Bala,7/2/62,10/29/91,1/1/99,Senior Engineer
278783,Zdislav,Luon,6/3/62,2/23/99,1/1/99,Engineer
278785,Bader,Dichev,2/8/62,3/5/86,1/1/99,Staff
278787,Adil,Lamma,1/19/64,4/29/86,1/1/99,Senior Staff
278798,Yonghong,Beeson,8/31/62,5/29/97,1/1/99,Staff
278805,Arto,Kobara,3/3/64,6/4/95,1/1/99,Staff
278812,Chenxi,Calkin,11/10/62,8/2/93,1/1/99,Senior Staff
278815,Gonzalo,Suwa,9/22/63,5/28/96,1/1/99,Staff
278818,Unal,Baja,12/8/62,7/22/85,1/1/99,Staff
278819,Marjo,Pardalos,4/9/64,4/28/85,1/1/99,Technique Leader
278830,Oldrich,Colorni,5/30/63,1/15/87,1/1/99,Engineer
278831,Sanjoy,Badache,9/3/64,2/22/94,1/1/99,Senior Staff
278836,Gil,Erde,8/24/63,4/3/95,1/1/99,Senior Staff
278840,Kiyokazu,Pettey,5/1/64,1/6/91,1/1/99,Senior Engineer
278845,Maria,Figueira,1/26/64,5/22/99,1/1/99,Engineer
278846,Margo,Horswill,5/26/64,8/26/91,1/1/99,Engineer
278849,Sanjai,Eterovic,4/28/63,12/18/98,1/1/99,Staff
278854,Harjit,Hennings,6/19/64,7/8/93,1/1/99,Senior Staff
278858,Chinhyun,Boissier,8/4/64,4/10/96,1/1/99,Senior Engineer
278859,Khatoun,Lichtman,8/23/63,4/21/90,1/1/99,Senior Staff
278864,Patricio,Junot,6/24/62,9/15/98,1/1/99,Senior Staff
278868,Sreenivas,Nilsson,11/8/63,4/8/94,1/1/99,Engineer
278874,Gudjon,Walstra,11/26/62,5/21/95,1/1/99,Senior Staff
278877,Krister,Bhattacharjee,7/6/63,3/7/01,1/1/99,Engineer
278880,Xiaoqiu,Coorg,6/7/63,6/2/91,1/1/99,Senior Staff
278888,Sakthirel,Steinauer,11/14/64,3/7/97,1/1/99,Senior Staff
278890,Rosita,Jiang,5/10/62,7/17/94,1/1/99,Engineer
278904,Branimir,Veeraraghavan,7/12/64,8/19/85,1/1/99,Engineer
278911,Vesna,Esteva,12/28/62,5/13/88,1/1/99,Senior Engineer
278919,Leszek,Krohn,5/13/64,9/2/92,1/1/99,Senior Staff
278920,Nimmagadda,Seiwald,5/24/62,1/1/95,1/1/99,Engineer
278925,Malu,Fiutem,2/18/64,9/30/94,1/1/99,Staff
278927,Saniya,Argence,2/23/64,1/2/93,1/1/99,Technique Leader
278932,Miyeon,Maierhofer,12/21/64,7/24/94,1/1/99,Staff
278935,Sumali,Schahn,2/2/63,12/9/94,1/1/99,Staff
278939,Taizo,Hammerschmidt,2/15/63,11/15/90,1/1/99,Senior Staff
278941,Yakkov,Karcich,7/5/64,1/4/00,1/1/99,Staff
278948,Constantine,Conde,6/30/63,8/17/95,1/1/99,Staff
278953,Jeanna,Ghandeharizadeh,1/26/65,8/11/90,1/1/99,Senior Engineer
278962,Terresa,Domenig,6/21/63,10/20/90,1/1/99,Engineer
278965,Shridhar,Delaune,7/6/64,2/12/99,1/1/99,Staff
278967,Arch,Candan,2/25/63,3/21/92,1/1/99,Staff
278975,Qingxiang,Beidas,8/2/63,10/7/87,1/1/99,Technique Leader
278979,Nirmal,Vanwelkenhuysen,11/29/64,10/6/89,1/1/99,Senior Staff
278984,Takahiro,Porotnikoff,3/2/62,2/2/95,1/1/99,Engineer
278988,Visit,Aseltine,7/11/62,11/14/85,1/1/99,Engineer
278989,Tomoyuki,Leppanen,3/3/63,7/18/94,1/1/99,Staff
278994,Zine,Simmel,2/1/62,7/29/01,1/1/99,Staff
279002,Maik,Kermarrec,4/23/62,9/11/96,1/1/99,Staff
279012,Alexius,Kampfer,2/12/62,9/21/86,1/1/99,Staff
279013,Arun,Theuretzbacher,9/4/63,9/30/95,1/1/99,Senior Staff
279015,Mamdouh,Feldmann,11/1/63,12/17/99,1/1/99,Assistant Engineer
279017,Dmitry,Auyong,6/10/64,11/28/98,1/1/99,Engineer
279019,Behnaam,Butner,2/7/64,4/9/99,1/1/99,Staff
279025,Serif,Swab,10/2/63,7/28/98,1/1/99,Engineer
279031,Arlette,Falck,3/17/64,6/30/90,1/1/99,Senior Staff
279040,Ugo,Ramsak,12/2/64,4/5/98,1/1/99,Staff
279041,JiYoung,Delaune,5/6/62,9/4/86,1/1/99,Senior Engineer
279044,Gao,Lieblein,10/28/63,1/22/96,1/1/99,Senior Engineer
279046,Yoshinari,Pusterhofer,5/6/64,8/22/95,1/1/99,Senior Staff
279052,Fox,Hartvigsen,8/26/63,12/30/97,1/1/99,Engineer
279054,Elvis,Rubsam,7/12/64,9/5/86,1/1/99,Senior Staff
279056,Sakthirel,Rusterholz,4/7/63,11/11/86,1/1/99,Staff
279074,Temple,Roccetti,4/10/62,11/12/93,1/1/99,Staff
279078,Moss,Servieres,9/26/62,11/21/96,1/1/99,Assistant Engineer
279080,Aria,Piancastelli,7/3/64,7/5/87,1/1/99,Senior Engineer
279083,Kerhong,Linnainmaa,7/18/64,8/26/85,1/1/99,Senior Staff
279084,Phuoc,Zaumen,12/16/64,8/27/89,1/1/99,Staff
279099,Khatoun,Kading,5/28/62,11/8/89,1/1/99,Engineer
279104,Hongzue,Gulla,4/15/64,7/8/91,1/1/99,Staff
279115,Maren,DuCasse,1/5/65,11/29/97,1/1/99,Engineer
279117,Makato,Axelband,2/14/63,2/18/89,1/1/99,Engineer
279122,Teruyuki,McClurg,5/30/63,6/16/89,1/1/99,Technique Leader
279125,Marsja,McClurg,2/6/64,8/10/92,1/1/99,Engineer
279129,Rosalyn,Landherr,2/1/64,2/7/85,1/1/99,Senior Staff
279130,Perla,Ermel,2/1/63,12/13/93,1/1/99,Staff
279132,Godehard,Raczkowsky,3/9/63,5/18/93,1/1/99,Senior Engineer
279137,Chenye,Ullian,6/28/63,5/3/92,1/1/99,Senior Staff
279141,Siamak,Gurbaxani,3/23/62,5/24/90,1/1/99,Technique Leader
279142,Giordano,Georgakopoulos,9/7/62,9/25/88,1/1/99,Senior Staff
279148,Jaber,Mandell,7/13/63,5/10/98,1/1/99,Staff
279149,Arun,Eickenmeyer,6/16/63,2/24/98,1/1/99,Engineer
279150,Alenka,Perin,1/28/64,5/23/89,1/1/99,Senior Engineer
279151,Mohd,Facello,4/30/63,3/28/00,1/1/99,Senior Engineer
279166,Candida,Taneja,7/15/62,10/18/88,1/1/99,Senior Engineer
279177,Hidde,Belinskaya,6/27/62,11/21/91,1/1/99,Staff
279179,Oscal,Narlikar,5/16/64,9/7/99,1/1/99,Senior Engineer
279195,Hercules,Buchter,8/14/64,9/17/98,1/1/99,Senior Staff
279212,Alagu,Auyong,10/17/64,9/4/86,1/1/99,Senior Staff
279215,Miyeon,Radivojevic,5/7/63,8/12/87,1/1/99,Engineer
279218,Heeju,Adachi,7/15/64,8/27/96,1/1/99,Senior Engineer
279220,Divine,Atchley,1/28/63,10/27/89,1/1/99,Engineer
279224,Shuzo,Erdmenger,2/18/63,7/24/91,1/1/99,Engineer
279233,Rafail,Stasinski,12/18/64,7/11/97,1/1/99,Assistant Engineer
279252,Eckart,Argence,10/15/63,11/11/99,1/1/99,Technique Leader
279255,Lijie,Lamba,3/20/62,10/3/91,1/1/99,Senior Engineer
279259,Yechiam,Basart,6/23/63,11/29/99,1/1/99,Engineer
279272,Hirochika,Argence,3/18/63,1/29/95,1/1/99,Senior Staff
279280,Niranjan,Debuse,1/9/65,9/21/92,1/1/99,Engineer
279291,Khedija,Raczkowsky,11/25/64,8/16/85,1/1/99,Engineer
279292,Miomir,Frijda,8/21/64,10/20/96,1/1/99,Staff
279297,Yuuichi,Wendorf,8/16/63,8/9/92,1/1/99,Senior Staff
279310,Mohammad,Tzvieli,2/17/63,5/17/87,1/1/99,Technique Leader
279311,Sibyl,Strehl,6/23/64,10/16/99,1/1/99,Engineer
279322,Sanjeeva,Demizu,10/11/63,11/20/97,1/1/99,Engineer
279330,Padma,Boguraev,3/15/64,1/12/93,1/1/99,Assistant Engineer
279333,Nadjib,Ramaiah,3/5/63,7/20/87,1/1/99,Senior Staff
279340,Rafail,Sudbeck,10/6/63,8/26/98,1/1/99,Engineer
279346,Renee,Back,9/4/64,4/2/95,1/1/99,Staff
279350,Alain,Hofstetter,2/9/63,7/14/85,1/1/99,Engineer
279353,Mayuri,Manderick,4/24/63,1/4/89,1/1/99,Engineer
279355,Houman,Guerreiro,7/24/62,5/23/86,1/1/99,Senior Staff
279356,Elliott,Zambonelli,6/13/64,11/19/90,1/1/99,Senior Staff
279360,Torsten,Mikschl,4/19/63,11/1/93,1/1/99,Senior Staff
279361,Jagoda,Kakkad,8/23/63,4/17/90,1/1/99,Staff
279364,Xiaocheng,Giveon,1/26/64,1/10/92,1/1/99,Engineer
279366,Parto,Jiang,5/2/62,11/18/87,1/1/99,Assistant Engineer
279373,Kamran,Brookner,7/14/64,9/18/93,1/1/99,Senior Staff
279377,Khun,Unno,6/8/64,2/28/92,1/1/99,Staff
279385,Atreyi,Skrikant,8/7/63,10/23/96,1/1/99,Staff
279396,Tru,Denos,10/31/64,3/14/90,1/1/99,Staff
279400,Dipayan,Birrer,7/17/62,8/20/91,1/1/99,Senior Engineer
279405,Edwin,Wilfing,2/10/62,8/30/87,1/1/99,Staff
279416,Tadahiro,Dahlbom,2/9/63,12/28/88,1/1/99,Senior Engineer
279424,Xianlong,Tiemann,7/24/64,2/20/96,1/1/99,Staff
279445,Muneo,Stemann,11/12/63,10/29/88,1/1/99,Staff
279452,Kristen,Murtha,3/21/63,7/31/91,1/1/99,Senior Engineer
279453,Aiman,Ernst,9/20/63,12/12/96,1/1/99,Senior Engineer
279463,Kshitij,Iacovou,10/7/64,3/22/94,1/1/99,Technique Leader
279467,Bodo,Cairo,5/7/62,5/26/94,1/1/99,Engineer
279470,Adly,Luby,4/5/64,4/8/85,1/1/99,Senior Engineer
279472,Spyrose,Iivonen,11/30/64,5/28/88,1/1/99,Senior Engineer
279479,Kokou,Dechter,5/30/64,8/24/95,1/1/99,Engineer
279493,Berto,Bazzichi,1/12/62,6/25/96,1/1/99,Senior Engineer
279499,Guangming,Underwood,1/18/64,5/20/99,1/1/99,Staff
279500,Shugo,Gurbaxani,8/3/64,9/26/91,1/1/99,Senior Staff
279508,Rosli,Crouzet,3/3/64,7/13/96,1/1/99,Senior Engineer
279521,Vincent,Naumovich,11/3/64,10/29/97,1/1/99,Engineer
279530,Tonia,Uchoa,7/4/62,7/18/92,1/1/99,Senior Staff
279536,Vugranam,Bennis,1/8/64,6/8/86,1/1/99,Staff
279538,Mong,Domenig,9/25/63,5/24/94,1/1/99,Senior Staff
279546,Saniya,Akazan,8/3/62,8/28/92,1/1/99,Senior Engineer
279547,Xiaoheng,Luce,1/23/64,6/12/90,1/1/99,Engineer
279549,Toshimi,Maquelin,10/10/64,10/3/99,1/1/99,Staff
279550,Theirry,Junet,7/6/64,9/8/95,1/1/99,Engineer
279566,Yuriy,Jeansoulin,7/9/62,5/5/89,1/1/99,Senior Engineer
279569,Maris,Ramamoorthy,8/22/63,8/7/97,1/1/99,Senior Engineer
279588,Ymte,Cromarty,3/1/64,4/22/87,1/1/99,Senior Engineer
279592,Rance,Butner,8/7/64,11/19/96,1/1/99,Staff
279609,Denis,Monkewich,6/11/62,8/24/85,1/1/99,Staff
279612,Florina,Velasco,12/20/64,2/27/85,1/1/99,Engineer
279613,Aruna,Ramsak,9/15/62,7/16/95,1/1/99,Senior Staff
279621,Martijn,Schach,3/24/62,10/30/92,1/1/99,Engineer
279622,Yefim,Baaleh,7/23/62,7/17/99,1/1/99,Staff
279629,Demin,Kemmerer,8/31/62,4/19/96,1/1/99,Senior Staff
279631,Hilary,Shinomoto,12/24/64,3/25/98,1/1/99,Staff
279635,Poorav,Pezzoli,7/13/63,7/16/89,1/1/99,Senior Engineer
279640,Steen,Swiss,7/23/64,4/28/89,1/1/99,Senior Staff
279645,Manohar,Kandlur,4/8/63,2/1/99,1/1/99,Staff
279662,Tristan,Lowrie,3/23/62,2/14/92,1/1/99,Senior Engineer
279665,Munehiro,Unno,7/1/64,11/4/86,1/1/99,Senior Staff
279666,Stepehn,Luca,2/11/64,10/9/86,1/1/99,Engineer
279667,Yuguang,Mamelak,9/4/64,10/3/98,1/1/99,Engineer
279670,Mats,Crelier,12/21/63,9/18/97,1/1/99,Staff
279678,Aran,Veevers,7/23/62,6/16/96,1/1/99,Assistant Engineer
279679,Sachem,Kobara,11/23/62,10/3/85,1/1/99,Engineer
279680,Dipayan,Iisaku,10/5/63,7/24/85,1/1/99,Engineer
279681,Wonhee,Falster,9/15/64,7/5/02,1/1/99,Assistant Engineer
279697,Shahar,Rajcani,2/14/64,8/1/88,1/1/99,Senior Staff
279698,Douadi,Francisci,1/6/62,12/7/98,1/1/99,Engineer
279700,Gully,Munch,1/5/63,4/4/93,1/1/99,Engineer
279708,Moni,Burnard,7/10/62,3/19/93,1/1/99,Senior Staff
279714,Poorav,Rothenberg,4/19/64,2/22/87,1/1/99,Senior Engineer
279722,Marit,Grospietsch,12/31/63,7/27/96,1/1/99,Technique Leader
279727,Make,Prenel,6/10/64,2/26/98,1/1/99,Engineer
279733,Takahito,Valtorta,5/13/64,4/10/92,1/1/99,Senior Staff
279736,Tzu,Emiris,10/7/62,10/23/91,1/1/99,Senior Staff
279748,Rasiah,Dechter,7/28/64,6/23/97,1/1/99,Engineer
279757,Pintsang,Ramsak,10/3/62,12/4/93,1/1/99,Senior Staff
279764,Jaewon,Swist,10/17/62,10/29/99,1/1/99,Senior Staff
279766,Emran,Ellozy,6/4/62,7/7/88,1/1/99,Senior Engineer
279769,Sashi,Ishibashi,11/26/63,4/6/85,1/1/99,Engineer
279779,Oksana,Eiron,9/18/63,5/28/95,1/1/99,Senior Engineer
279789,Shawna,Pauthner,12/4/63,9/8/87,1/1/99,Engineer
279791,Chiranjit,Lyonns,1/10/65,12/24/86,1/1/99,Assistant Engineer
279797,Gudjon,Speel,12/11/63,12/25/94,1/1/99,Senior Staff
279802,Mitsuyuki,Greibach,3/7/64,10/8/91,1/1/99,Engineer
279809,Teruyuki,Lipner,4/25/63,5/11/90,1/1/99,Engineer
279818,Ebbe,Denis,10/2/64,10/10/90,1/1/99,Technique Leader
279823,Kish,Heijenga,7/5/62,12/8/99,1/1/99,Staff
279841,Shimshon,Nishimukai,9/22/63,10/22/93,1/1/99,Staff
279847,Margo,Sambasivam,3/22/64,9/24/90,1/1/99,Engineer
279848,Divier,Spell,7/13/62,9/17/98,1/1/99,Senior Staff
279852,Alexius,Ferretti,8/10/64,6/7/94,1/1/99,Technique Leader
279858,Szabolcs,Ananiadou,12/9/63,8/22/95,1/1/99,Staff
279859,Frazer,Pardalos,8/25/63,4/29/91,1/1/99,Engineer
279860,Shaowei,Gopalakrishnan,8/3/62,8/4/92,1/1/99,Engineer
279861,Dipayan,Tyugu,5/19/63,3/10/91,1/1/99,Senior Staff
279864,Bernice,Yurov,9/28/63,10/25/85,1/1/99,Engineer
279882,Souichi,Erez,6/1/63,12/18/90,1/1/99,Senior Staff
279886,Basem,Bultermann,12/7/62,12/20/89,1/1/99,Staff
279895,JoAnne,Naudin,6/4/64,2/3/85,1/1/99,Senior Engineer
279907,Macha,Kusakari,2/5/64,10/9/86,1/1/99,Senior Staff
279913,Younwoo,Vingron,9/20/64,1/8/93,1/1/99,Engineer
279914,Harngdar,Meriste,10/9/63,4/18/88,1/1/99,Engineer
279916,Leni,Jahnichen,1/23/64,10/31/97,1/1/99,Engineer
279922,Satyanarayana,Schwaller,5/18/63,6/17/96,1/1/99,Engineer
279923,Evgueni,Vickson,5/3/62,5/16/93,1/1/99,Senior Staff
279929,Keung,Waterhouse,10/22/64,11/25/90,1/1/99,Senior Staff
279934,Candida,Rettelbach,3/20/62,3/8/93,1/1/99,Senior Staff
279939,Tze,Daescu,10/24/63,9/29/89,1/1/99,Engineer
279942,Shih,Valiente,11/17/62,6/27/88,1/1/99,Staff
279946,Qunsheng,Piveteau,5/28/62,12/3/90,1/1/99,Senior Engineer
279948,Candida,Greibach,10/7/64,7/3/88,1/1/99,Engineer
279960,Rimli,Verhaegen,11/29/62,7/11/88,1/1/99,Senior Staff
279965,Mary,Servieres,3/24/63,2/6/97,1/1/99,Engineer
279967,Charmane,Lichtner,9/17/62,4/26/91,1/1/99,Senior Engineer
279974,Gio,Zeidenstein,11/17/62,6/8/02,1/1/99,Senior Engineer
279978,Ingemar,Champarnaud,12/29/63,2/21/99,1/1/99,Staff
279990,Augustine,Alpin,1/27/62,7/2/98,1/1/99,Senior Staff
280000,Mandell,Polupanov,12/8/62,11/2/91,1/1/99,Technique Leader
280004,Bikash,Passino,3/19/63,10/15/90,1/1/99,Senior Staff
280006,Guoxiang,Thombley,7/27/62,4/2/95,1/1/99,Engineer
280016,Gritta,Lueh,1/1/64,12/3/87,1/1/99,Engineer
280019,Dines,Nivat,7/6/62,4/2/90,1/1/99,Senior Engineer
280023,Guenter,Pelz,11/15/62,8/5/88,1/1/99,Staff
280024,Basant,Antonisse,10/23/62,12/22/92,1/1/99,Engineer
280026,Shuzo,Pargas,7/30/64,10/31/85,1/1/99,Senior Engineer
280034,Guadalupe,Anandan,9/7/64,10/11/94,1/1/99,Senior Engineer
280037,Nechama,Bultermann,11/20/64,6/21/87,1/1/99,Senior Engineer
280039,Sudharsan,Ratzlaff,7/24/62,9/13/99,1/1/99,Senior Staff
280040,Mokhtar,Roccetti,7/6/63,7/29/97,1/1/99,Engineer
280044,Khalid,Azulay,7/15/63,7/25/96,1/1/99,Staff
280045,Tremaine,Gerteisen,10/27/62,10/9/91,1/1/99,Engineer
280052,Feipei,Hiltgen,2/24/63,11/1/93,1/1/99,Senior Engineer
280059,Jeanna,Pietracaprina,3/30/62,7/13/01,1/1/99,Staff
280063,Charlene,Murthy,4/14/64,1/17/92,1/1/99,Engineer
280070,Niteen,Ebeling,1/24/65,3/29/88,1/1/99,Staff
280073,Vesna,Iwayama,2/1/63,10/19/92,1/1/99,Staff
280075,Gita,Fujisawa,3/19/64,10/26/95,1/1/99,Staff
280079,Arumugam,Berendt,3/14/63,11/30/01,1/1/99,Senior Engineer
280096,Georgi,Ghalwash,6/12/64,5/26/93,1/1/99,Senior Engineer
280100,Kien,Pews,5/16/62,9/8/98,1/1/99,Senior Engineer
280102,Muneo,Selenyi,12/12/64,3/15/97,1/1/99,Staff
280111,Prasadram,Ruther,2/18/64,11/10/87,1/1/99,Senior Engineer
280115,Subhankar,Simmel,8/6/62,3/23/86,1/1/99,Senior Staff
280128,Amstein,Perna,1/1/64,12/11/98,1/1/99,Staff
280138,Armond,Broder,2/8/62,6/28/01,1/1/99,Senior Staff
280139,Vugranam,Unni,7/3/63,12/30/98,1/1/99,Staff
280144,Kristine,Dichev,6/1/63,2/25/90,1/1/99,Staff
280147,Mechthild,Denis,10/25/63,3/27/96,1/1/99,Senior Staff
280152,Jaewoo,Schnabel,11/8/62,7/29/98,1/1/99,Engineer
280164,Surveyors,Tasistro,9/3/62,1/21/98,1/1/99,Engineer
280172,Ipke,Garigliano,9/25/63,2/27/85,1/1/99,Senior Engineer
280173,Jaroslava,Sluis,10/31/62,2/28/89,1/1/99,Engineer
280181,Naraig,Gien,12/22/63,4/5/92,1/1/99,Engineer
280184,Kotesh,Gimarc,4/7/62,4/21/99,1/1/99,Staff
280191,Lijie,Tagansky,10/25/64,6/24/99,1/1/99,Senior Staff
280194,Rasiah,Serot,2/19/63,10/18/98,1/1/99,Engineer
280196,Pantung,Hmelo,3/4/63,12/23/92,1/1/99,Senior Staff
280202,Mani,Bain,10/26/63,3/26/89,1/1/99,Staff
280221,Fei,Gulla,1/19/63,4/19/91,1/1/99,Staff
280223,Vidar,Ecklund,12/29/63,1/29/94,1/1/99,Senior Engineer
280226,Nevin,Puppe,10/8/62,3/30/85,1/1/99,Staff
280239,Aleksandar,Armand,1/24/64,8/9/86,1/1/99,Technique Leader
280241,Sachar,Rajaraman,12/15/62,11/29/92,1/1/99,Engineer
280245,Zhonghui,Verhoeff,11/10/64,3/4/96,1/1/99,Staff
280259,Hugo,Milicic,5/21/63,7/11/93,1/1/99,Senior Engineer
280267,Yuguang,Moffat,11/6/62,9/29/97,1/1/99,Staff
280270,Sachem,Carrera,11/15/64,9/3/93,1/1/99,Staff
280273,Marco,Iivonen,9/25/63,5/14/87,1/1/99,Engineer
280274,Sorina,Rikino,7/6/63,6/11/99,1/1/99,Staff
280281,Rimon,Krohn,5/26/63,5/24/97,1/1/99,Staff
280291,Lenore,Badache,1/26/65,11/24/98,1/1/99,Staff
280296,Jenwei,Merel,11/2/62,4/30/99,1/1/99,Engineer
280297,Palash,Schoegge,7/15/64,4/30/95,1/1/99,Staff
280300,Remmert,McClurg,11/6/63,9/13/87,1/1/99,Staff
280302,Przemyslawa,Guenter,5/23/62,6/5/95,1/1/99,Senior Engineer
280310,Hsiangchu,Osgood,11/4/62,2/2/88,1/1/99,Senior Staff
280317,Mats,Peng,12/11/64,10/31/88,1/1/99,Senior Staff
280324,Supot,Peha,6/4/63,4/13/94,1/1/99,Engineer
280327,Xiping,Roisin,12/26/62,2/24/87,1/1/99,Staff
280332,Chuanyi,Cools,6/3/63,3/10/99,1/1/99,Senior Engineer
280349,Katsuyuki,Meszaros,5/20/64,6/1/94,1/1/99,Engineer
280358,Kensyu,Schahn,9/27/63,11/27/92,1/1/99,Staff
280367,Berhard,Hofstetter,3/7/63,7/20/91,1/1/99,Staff
280372,Danil,Haddadi,8/6/62,11/4/93,1/1/99,Technique Leader
280379,Tzvetan,Cronan,9/25/62,3/4/96,1/1/99,Staff
280382,Aleksandar,Parascandalo,3/25/64,9/20/86,1/1/99,Senior Engineer
280384,Idoia,Waschkowski,9/21/62,2/2/86,1/1/99,Senior Staff
280393,Eben,Koprowski,5/3/62,9/26/95,1/1/99,Engineer
280403,Bluma,Avouris,8/12/62,5/14/87,1/1/99,Staff
280405,Arup,Lovengreen,2/1/63,9/5/94,1/1/99,Engineer
280406,Georgi,Perng,6/30/62,9/27/87,1/1/99,Staff
280407,Hitomi,Socorro,10/28/64,3/6/98,1/1/99,Senior Engineer
280408,Elliott,Perl,9/19/64,7/16/98,1/1/99,Staff
280413,Lakshmi,Bennet,5/19/62,8/25/90,1/1/99,Technique Leader
280416,Shigeo,Plessier,10/17/63,1/26/89,1/1/99,Staff
280419,Dante,Heuser,1/18/62,2/15/93,1/1/99,Senior Staff
280420,Jahangir,Hofting,1/31/65,9/28/86,1/1/99,Staff
280422,Erzsebet,Linares,9/9/62,4/23/85,1/1/99,Senior Staff
280428,Shahar,Emiris,6/26/63,4/24/94,1/1/99,Senior Staff
280429,Hyuncheol,Yurek,3/17/62,2/9/87,1/1/99,Senior Staff
280432,Sham,Kavraki,4/16/64,11/18/91,1/1/99,Senior Staff
280438,Jaana,Andreotta,5/15/63,7/24/87,1/1/99,Senior Engineer
280439,Radoslaw,Gyimothy,2/23/62,3/13/85,1/1/99,Senior Engineer
280445,Adamantios,Driscoll,2/24/64,6/15/86,1/1/99,Assistant Engineer
280460,Matt,Munch,4/21/64,12/6/90,1/1/99,Staff
280466,Satosi,Navazio,1/11/64,10/27/86,1/1/99,Senior Staff
280468,Tzvetan,Lorcy,5/9/62,10/9/94,1/1/99,Staff
280469,Kauko,Nations,11/1/64,11/30/86,1/1/99,Technique Leader
280470,Halsur,Perl,2/9/64,2/25/93,1/1/99,Senior Staff
280471,Siamak,Chepyzhov,2/16/64,10/23/89,1/1/99,Senior Staff
280473,Monique,Kolvik,1/31/64,9/14/92,1/1/99,Technique Leader
280479,Zongyan,Czaja,11/22/64,2/24/86,1/1/99,Senior Engineer
280485,Hugh,Boyle,10/23/62,10/10/86,1/1/99,Senior Engineer
280490,Maik,Siepmann,6/13/62,5/5/98,1/1/99,Senior Engineer
280495,Bartek,Dratva,12/12/62,8/29/96,1/1/99,Engineer
280500,Eberhardt,Ramsay,9/10/64,7/6/96,1/1/99,Senior Engineer
280518,Ebru,Zuberek,10/19/62,3/7/94,1/1/99,Senior Engineer
280519,Baoqiu,Sabnani,12/18/62,10/24/93,1/1/99,Senior Engineer
280525,Kish,Herbst,1/13/65,8/18/96,1/1/99,Staff
280530,Iara,Dymetman,4/18/63,8/21/99,1/1/99,Engineer
280537,Uwe,Badr,9/7/64,7/12/98,1/1/99,Senior Staff
280546,Alain,Murthy,9/15/64,12/31/87,1/1/99,Engineer
280548,Yakkov,Comellas,8/12/62,1/2/87,1/1/99,Senior Staff
280549,Sushant,Staudhammer,6/21/64,2/5/89,1/1/99,Senior Engineer
280554,Yongqiao,Flanders,1/23/62,7/19/97,1/1/99,Staff
280556,Alejandro,Rothenberg,9/4/62,6/1/95,1/1/99,Senior Staff
280565,Urs,Slobodova,3/2/64,4/10/98,1/1/99,Senior Engineer
280578,Billur,Potthoff,1/26/63,3/22/93,1/1/99,Staff
280579,Unal,Farrar,12/10/63,10/22/95,1/1/99,Technique Leader
280586,Demin,Kumaresan,3/2/63,2/26/98,1/1/99,Engineer
280587,Shakhar,Hooghiemstra,4/14/62,7/25/90,1/1/99,Senior Staff
280600,Anneli,Cherinka,11/28/63,5/31/90,1/1/99,Senior Staff
280601,Tzu,Stentiford,12/19/63,12/14/93,1/1/99,Senior Engineer
280604,Feipei,Besselaar,6/20/62,4/12/01,1/1/99,Staff
280606,Chirstian,Segond,4/22/62,2/2/93,1/1/99,Senior Engineer
280607,Gift,Acton,4/8/64,4/16/97,1/1/99,Staff
280608,Atreyi,Jiang,3/21/62,5/2/93,1/1/99,Staff
280617,Yechiam,Sewelson,7/4/64,12/31/88,1/1/99,Senior Staff
280621,Chiranjit,Baba,6/2/64,5/20/96,1/1/99,Senior Engineer
280630,Aram,Sluis,3/11/64,4/30/86,1/1/99,Engineer
280648,Heeju,Lorys,1/4/65,12/27/86,1/1/99,Senior Engineer
280649,Goa,Picaronny,9/2/64,5/21/89,1/1/99,Senior Engineer
280664,Florian,Falck,2/11/62,9/25/98,1/1/99,Staff
280666,Masamitsu,Reeken,2/3/62,4/3/86,1/1/99,Staff
280696,Danae,Pavlopoulou,10/12/62,11/1/85,1/1/99,Senior Engineer
280698,Aimee,Provine,3/1/63,2/19/86,1/1/99,Engineer
280702,Inderjeet,Nicolson,10/12/63,10/31/88,1/1/99,Engineer
280716,Maia,Cmelik,3/9/64,11/23/88,1/1/99,Senior Staff
280718,Adib,Erbe,4/2/62,11/8/96,1/1/99,Senior Engineer
280719,Subhash,Kaminger,3/23/64,1/12/89,1/1/99,Staff
280722,Tonny,Cromarty,5/7/63,11/5/90,1/1/99,Senior Engineer
280737,Pradeep,Segond,5/14/63,8/29/97,1/1/99,Engineer
280757,Kazunori,Schmiedel,4/18/63,10/28/86,1/1/99,Senior Staff
280761,Shen,Binding,12/18/64,11/2/85,1/1/99,Senior Staff
280768,Alain,Goldhammer,10/17/63,5/8/95,1/1/99,Senior Staff
280769,Juichirou,Schreiter,9/30/62,5/12/87,1/1/99,Staff
280771,Berni,Stanger,11/7/62,9/2/98,1/1/99,Engineer
280779,Trygve,Edelhoff,1/31/63,9/5/87,1/1/99,Senior Engineer
280780,Junsik,Lienhardt,10/8/64,8/18/99,1/1/99,Senior Engineer
280782,Nidapan,Kusakabe,3/17/64,6/10/94,1/1/99,Senior Engineer
280794,Reinhold,Ghazalie,9/1/64,1/10/89,1/1/99,Senior Staff
280802,Jingling,Keohane,3/22/63,1/9/00,1/1/99,Senior Staff
280806,Bezalel,Bade,2/19/64,11/21/94,1/1/99,Staff
280808,Huiqun,Codenie,1/9/64,12/10/92,1/1/99,Senior Engineer
280811,Mohammad,Gire,12/23/62,12/24/88,1/1/99,Senior Engineer
280818,Kasturi,Mersereau,1/12/64,12/21/98,1/1/99,Engineer
280824,Minghong,Zhang,11/11/63,4/11/86,1/1/99,Engineer
280825,Kirk,Gulik,6/5/62,3/18/90,1/1/99,Staff
280828,Xinyu,Yeung,11/20/64,5/19/99,1/1/99,Technique Leader
280837,Danae,Debuse,3/7/62,5/13/98,1/1/99,Technique Leader
280838,Tayeb,Tanemo,9/19/62,8/19/93,1/1/99,Staff
280842,Shahaf,Reinhart,4/12/62,11/21/90,1/1/99,Senior Engineer
280846,Alejandra,Roohalamini,11/14/64,6/27/94,1/1/99,Engineer
280850,Boguslaw,Sgarro,8/25/64,4/8/88,1/1/99,Senior Engineer
280852,Przemyslawa,Krzyzanowski,1/31/62,11/28/01,1/1/99,Senior Staff
280855,Edwin,Ferriere,3/21/62,10/8/99,1/1/99,Staff
280862,Leen,Sigstam,5/5/64,2/5/02,1/1/99,Senior Staff
280869,Gao,Beilner,3/11/64,8/31/97,1/1/99,Staff
280872,Martine,Hambrick,1/12/62,4/4/87,1/1/99,Staff
280881,Collette,Sommer,3/24/63,4/21/91,1/1/99,Senior Staff
280884,Gift,Shrader,3/25/62,5/19/97,1/1/99,Assistant Engineer
280887,Jaana,Peron,11/26/64,5/10/94,1/1/99,Senior Staff
280888,Xiaoshan,Lamma,3/8/62,10/3/98,1/1/99,Engineer
280898,Oguz,Ratzlaff,12/25/62,11/22/88,1/1/99,Senior Staff
280899,Yuichiro,Bratten,9/14/64,10/27/87,1/1/99,Senior Staff
280911,Menkae,Serdy,7/17/62,2/23/98,1/1/99,Technique Leader
280920,Sailaja,Vecchio,8/1/63,5/21/95,1/1/99,Engineer
280921,Yonghong,Lunn,8/8/64,9/29/89,1/1/99,Senior Staff
280928,Yunming,Lenart,12/26/64,2/17/86,1/1/99,Assistant Engineer
280930,Hironoby,Coombs,1/23/62,7/10/90,1/1/99,Engineer
280939,Uinam,Ressouche,10/6/62,11/14/91,1/1/99,Staff
280942,Arie,Velasco,9/27/62,6/24/99,1/1/99,Senior Engineer
280950,Kauko,Tempesti,8/11/62,7/30/96,1/1/99,Senior Engineer
280952,Mizuhito,Crouzet,10/10/62,6/24/92,1/1/99,Senior Staff
280953,Subhrajyoti,Hockney,10/19/63,1/20/95,1/1/99,Engineer
280958,Tonny,Turnbull,7/31/62,5/27/85,1/1/99,Senior Staff
280962,Morrie,Slutz,9/20/64,1/16/90,1/1/99,Senior Staff
280965,Halsur,Belinskaya,4/19/64,12/13/99,1/1/99,Engineer
280970,Sashi,Katzenelson,11/27/64,12/31/85,1/1/99,Senior Staff
280980,Sariel,Suomi,7/4/63,5/12/87,1/1/99,Staff
280987,Yucel,Rindone,8/20/62,12/2/96,1/1/99,Engineer
280989,Uta,Peltason,4/14/62,3/28/86,1/1/99,Engineer
281010,Isamu,Kobara,3/7/63,5/20/88,1/1/99,Assistant Engineer
281011,Abdulla,Azulay,12/31/64,5/27/89,1/1/99,Senior Staff
281012,Shigenori,Koshino,6/3/62,7/27/89,1/1/99,Senior Engineer
281014,Jacopo,Erdmenger,5/21/63,9/20/86,1/1/99,Senior Staff
281016,Boriana,Yavatkar,5/24/63,10/13/95,1/1/99,Senior Staff
281020,Alejandra,Provine,9/1/63,9/10/90,1/1/99,Senior Staff
281027,Kristinn,Apsitis,12/2/63,4/25/99,1/1/99,Senior Staff
281029,Hyuckchul,Karnin,1/21/63,4/14/98,1/1/99,Technique Leader
281030,Lobel,Dayana,2/7/63,8/29/88,1/1/99,Senior Engineer
281038,Persi,Pulkowski,8/28/63,1/7/92,1/1/99,Engineer
281039,Guenter,Serot,2/19/62,5/13/89,1/1/99,Senior Staff
281046,Siddarth,Mersereau,12/13/63,10/24/95,1/1/99,Technique Leader
281054,Haldun,Perfilyeva,11/2/64,9/23/87,1/1/99,Engineer
281064,Lijie,Mateescu,6/29/63,6/2/95,1/1/99,Staff
281066,Younwoo,Emiris,3/28/64,9/24/90,1/1/99,Senior Engineer
281096,Udo,McFarlan,6/12/63,9/12/96,1/1/99,Staff
281097,Ibibia,Beznosov,8/20/64,5/2/86,1/1/99,Senior Engineer
281104,Weicheng,Vickson,8/13/64,5/24/97,1/1/99,Engineer
281108,Moto,Kaltofen,1/31/62,10/3/86,1/1/99,Senior Engineer
281112,Hironoby,Baezner,6/8/63,7/14/00,1/1/99,Staff
281123,Adib,Erev,4/26/63,11/5/89,1/1/99,Engineer
281126,Yinghua,Serre,5/4/63,4/25/92,1/1/99,Senior Engineer
281136,Tristan,Rajala,8/3/62,10/25/95,1/1/99,Engineer
281139,Lorien,Seghrouchni,4/11/62,2/16/93,1/1/99,Senior Staff
281140,Yefim,Prochazka,6/21/62,9/15/90,1/1/99,Senior Staff
281151,Kristen,Ermel,12/30/64,11/27/98,1/1/99,Senior Engineer
281153,Arra,Akiyama,4/29/64,3/18/92,1/1/99,Engineer
281166,Horward,Casley,6/20/64,3/10/89,1/1/99,Senior Staff
281168,Fumiko,Mikschl,6/17/62,8/11/94,1/1/99,Staff
281174,Paris,Loncour,4/21/63,3/31/85,1/1/99,Staff
281176,Yuuichi,Botman,11/11/64,9/17/88,1/1/99,Staff
281178,Lucien,Murtagh,2/2/64,5/5/02,1/1/99,Senior Engineer
281179,Moss,Sethi,1/20/64,9/21/89,1/1/99,Assistant Engineer
281183,Angus,Copas,11/6/62,12/6/91,1/1/99,Technique Leader
281191,Rosella,Mamelak,8/11/62,11/17/88,1/1/99,Senior Staff
281193,Yucai,Kropp,1/25/64,10/20/89,1/1/99,Senior Staff
281199,Gererd,Ranon,2/17/62,11/22/96,1/1/99,Staff
281200,Ingemar,Hiroyama,1/16/64,8/31/99,1/1/99,Senior Engineer
281203,Bader,Marchesini,2/20/63,10/7/85,1/1/99,Engineer
281208,Szabolcs,Murthy,5/24/63,9/2/87,1/1/99,Engineer
281219,Masako,Leppanen,5/2/62,11/28/87,1/1/99,Senior Engineer
281220,Pohua,Kruskal,3/8/62,7/30/97,1/1/99,Senior Engineer
281224,Arnould,Atchley,4/4/62,7/22/92,1/1/99,Senior Engineer
281227,Basil,Rullman,10/4/63,5/1/88,1/1/99,Staff
281237,Anyuan,Akazan,12/20/64,10/13/88,1/1/99,Engineer
281243,Surveyors,Roison,7/11/64,3/1/95,1/1/99,Senior Staff
281245,Lubomir,Brickell,7/15/62,6/10/97,1/1/99,Assistant Engineer
281263,Hilari,Yavatkar,3/6/64,8/5/95,1/1/99,Senior Engineer
281276,Xiaopeng,Bale,1/19/63,10/10/89,1/1/99,Staff
281279,Apostol,Constantine,12/4/64,7/20/97,1/1/99,Engineer
281286,Lakshmi,Puppo,6/24/62,9/28/97,1/1/99,Engineer
281289,Baocai,Schahn,4/18/64,3/30/91,1/1/99,Technique Leader
281297,Baocai,Lamparter,11/19/63,4/6/95,1/1/99,Senior Engineer
281300,Munenori,Danecki,3/13/64,10/25/95,1/1/99,Staff
281309,Junichi,Piazza,9/29/64,4/3/86,1/1/99,Staff
281312,Quingbo,Juneja,1/15/64,6/29/95,1/1/99,Senior Staff
281324,Vishv,Kuszyk,11/5/63,12/22/90,1/1/99,Senior Staff
281325,Saeko,Hertweck,2/21/63,7/5/93,1/1/99,Engineer
281339,Sorina,Babu,2/18/64,7/6/87,1/1/99,Senior Staff
281346,Dhritiman,Gonthier,7/19/63,1/31/01,1/1/99,Engineer
281348,Goncalo,Perfilyeva,3/11/63,9/11/95,1/1/99,Senior Engineer
281349,Akeno,Swift,11/12/63,3/6/93,1/1/99,Senior Staff
281351,Honesty,Angelov,3/27/63,7/14/89,1/1/99,Senior Staff
281359,Joydip,Morris,6/3/63,8/9/92,1/1/99,Senior Staff
281365,Babette,Chiola,3/18/63,6/20/90,1/1/99,Engineer
281370,Mads,Picco,2/11/64,12/13/89,1/1/99,Senior Staff
281373,Marit,Perna,8/21/63,1/14/95,1/1/99,Senior Engineer
281382,Shigehiro,Anido,6/26/62,7/9/98,1/1/99,Staff
281386,Christfried,Karcich,2/10/63,11/20/98,1/1/99,Staff
281389,Gurbir,Thummel,1/20/63,12/15/94,1/1/99,Senior Engineer
281390,Soenke,Thisen,6/26/62,10/25/86,1/1/99,Engineer
281401,Hilary,Matzke,11/28/63,9/20/91,1/1/99,Senior Engineer
281403,Kwangsub,Einsfeld,3/14/62,6/3/90,1/1/99,Staff
281406,Tiina,Hinsberger,6/13/62,7/25/92,1/1/99,Staff
281417,Magdalena,Boudaillier,11/5/63,8/4/96,1/1/99,Engineer
281419,Shaowen,Matteis,3/7/64,7/3/95,1/1/99,Senior Staff
281430,Nobuyoshi,Ginneken,2/4/62,10/10/89,1/1/99,Staff
281433,Xiping,Businaro,12/13/63,4/20/92,1/1/99,Staff
281435,Subhada,Junot,2/13/64,3/16/86,1/1/99,Senior Staff
281450,Sham,Flowers,12/17/63,2/28/99,1/1/99,Staff
281457,Claude,Pillow,2/25/63,2/27/92,1/1/99,Senior Engineer
281468,Sachar,Furedi,1/13/63,4/11/87,1/1/99,Senior Staff
281469,Rosalie,Journel,4/9/62,1/24/91,1/1/99,Senior Staff
281472,Aamer,Kornyak,2/3/62,6/19/95,1/1/99,Senior Engineer
281479,Eckart,Kampfer,5/22/64,5/29/87,1/1/99,Senior Staff
281480,Divine,Bahl,3/30/62,7/5/97,1/1/99,Senior Staff
281481,Bojan,Bahr,1/10/64,5/19/98,1/1/99,Senior Engineer
281486,Alair,Setia,9/28/63,11/14/88,1/1/99,Senior Engineer
281487,Phuoc,Feldmann,4/26/64,10/30/95,1/1/99,Staff
281490,Uli,Czaja,1/12/63,7/20/01,1/1/99,Senior Engineer
281492,Jinpo,Kohling,5/2/63,9/7/96,1/1/99,Staff
281494,Giap,Lemarechal,9/15/62,9/30/91,1/1/99,Senior Staff
281497,Aiichiro,Verhaegen,7/31/63,9/3/95,1/1/99,Engineer
281501,Cathie,Bahl,1/12/63,12/18/99,1/1/99,Engineer
281511,Taizo,Bach,2/13/63,8/23/97,1/1/99,Staff
281523,Fumino,Serra,5/3/62,1/2/88,1/1/99,Senior Staff
281524,Xiping,Katzenelson,1/18/63,8/18/97,1/1/99,Staff
281525,Lidong,Androutsos,3/29/63,10/5/89,1/1/99,Assistant Engineer
281530,Khatoun,Nannarelli,2/21/64,4/30/94,1/1/99,Engineer
281531,Basim,Setia,1/15/62,9/8/88,1/1/99,Senior Engineer
281538,Baoqiu,Azevdeo,2/26/62,3/14/97,1/1/99,Engineer
281541,Taiji,Neiman,12/11/62,3/23/92,1/1/99,Senior Engineer
281543,Erez,Chiola,3/9/63,12/7/93,1/1/99,Senior Engineer
281544,Adit,Schieder,9/28/62,4/19/88,1/1/99,Staff
281553,Oguz,Swiss,9/27/63,3/10/93,1/1/99,Senior Staff
281557,Shuichi,Scharstein,1/25/62,10/30/89,1/1/99,Engineer
281561,Murthy,Ramalingam,1/4/64,1/11/93,1/1/99,Technique Leader
281563,Danel,Brodie,7/17/63,10/9/95,1/1/99,Technique Leader
281564,Luise,Majewski,2/24/62,9/1/01,1/1/99,Senior Staff
281566,Heping,Ernst,11/5/62,1/19/86,1/1/99,Senior Engineer
281570,Zijian,Covnot,1/8/65,9/13/94,1/1/99,Assistant Engineer
281572,Shigenori,Roison,3/18/64,9/11/86,1/1/99,Senior Engineer
281573,Kensei,Brodal,3/20/63,12/14/93,1/1/99,Senior Staff
281576,Shan,Merel,3/23/62,7/17/94,1/1/99,Engineer
281579,Izaskun,Landherr,3/22/64,8/5/89,1/1/99,Senior Engineer
281580,Sanjeeva,Panienski,10/30/64,9/16/86,1/1/99,Staff
281583,Shaowei,Mersereau,9/28/64,9/2/85,1/1/99,Engineer
281588,Khedija,Edelhoff,2/20/64,3/22/89,1/1/99,Engineer
281607,Abdelghani,Pelz,7/5/64,10/28/98,1/1/99,Engineer
281609,Marin,Gulak,12/27/64,6/4/89,1/1/99,Senior Engineer
281613,Arvin,Verspoor,6/20/62,9/19/97,1/1/99,Assistant Engineer
281616,Teruyuki,Merli,7/21/62,7/1/92,1/1/99,Senior Staff
281619,Narain,Senzako,9/7/62,7/27/88,1/1/99,Engineer
281630,Weidon,Ranta,3/27/63,8/14/95,1/1/99,Senior Staff
281632,Sudharsan,Lamba,10/10/64,4/10/88,1/1/99,Engineer
281634,Georg,Asser,10/10/63,5/2/97,1/1/99,Engineer
281635,Rimon,Mellouli,1/20/64,1/25/98,1/1/99,Staff
281638,Remco,Aingworth,7/2/62,1/10/97,1/1/99,Assistant Engineer
281646,Padma,Marrakchi,9/10/63,11/1/88,1/1/99,Senior Engineer
281648,Doohun,Vasanthakumar,12/21/62,6/13/98,1/1/99,Engineer
281649,Berhard,Hennebert,3/9/63,3/19/95,1/1/99,Assistant Engineer
281651,Guenter,Herath,12/21/64,6/2/92,1/1/99,Staff
281653,Zhiguo,Boyle,9/12/63,10/16/91,1/1/99,Senior Engineer
281659,Abdelwaheb,Smeets,2/10/62,11/3/00,1/1/99,Staff
281660,Mansur,Facello,8/6/64,2/12/95,1/1/99,Senior Staff
281662,Gio,Chvatal,7/8/62,3/25/96,1/1/99,Staff
281678,Doohun,Junet,11/9/63,12/12/87,1/1/99,Staff
281683,Ayakannu,Millington,4/17/63,5/5/97,1/1/99,Assistant Engineer
281684,Moni,Peroz,12/8/64,8/26/87,1/1/99,Engineer
281685,Barun,Hitomi,6/18/64,4/5/88,1/1/99,Senior Staff
281688,Terresa,Waymire,11/17/63,3/4/86,1/1/99,Staff
281692,Khosrow,Sommen,1/6/65,3/3/90,1/1/99,Senior Engineer
281695,Xiaopeng,Schwartzburd,4/20/64,7/22/94,1/1/99,Engineer
281696,Beshir,Brookner,9/15/63,6/4/91,1/1/99,Senior Engineer
281719,Inderjeet,Koblitz,7/16/64,7/31/88,1/1/99,Senior Staff
281723,Arie,Reeker,4/17/62,12/13/94,1/1/99,Engineer
281726,Danil,Bresenham,4/10/64,9/28/89,1/1/99,Engineer
281727,Toshimi,Akaboshi,10/15/63,6/30/90,1/1/99,Senior Engineer
281728,Sven,Vandervoorde,3/15/64,7/22/94,1/1/99,Staff
281736,Mingzeng,Lichtman,10/7/62,9/4/98,1/1/99,Engineer
281744,Otilia,Nitsch,12/4/62,7/1/85,1/1/99,Technique Leader
281752,Arun,Vidya,5/10/63,10/18/96,1/1/99,Engineer
281756,Marie,Muntz,7/18/64,11/30/89,1/1/99,Staff
281759,Maren,Dehkordi,11/5/63,8/30/88,1/1/99,Engineer
281783,Remco,Pauthner,9/25/63,8/16/85,1/1/99,Staff
281791,Mayumi,Itzigehl,10/15/64,1/13/96,1/1/99,Assistant Engineer
281804,Susanne,Ranum,5/17/63,3/6/95,1/1/99,Senior Staff
281808,Uno,Poupard,4/2/62,2/18/89,1/1/99,Senior Staff
281820,Guozhong,Casley,11/24/63,9/12/94,1/1/99,Senior Engineer
281821,Nahid,Peng,7/25/63,2/26/91,1/1/99,Senior Staff
281826,Berry,Schreiter,3/5/64,3/13/95,1/1/99,Engineer
281828,Shai,Puppe,1/16/63,6/4/88,1/1/99,Senior Staff
281829,Alair,Usery,6/13/62,10/12/99,1/1/99,Engineer
281836,Gaetan,Iisaka,11/23/62,3/13/86,1/1/99,Senior Staff
281837,Werner,Kavanagh,7/16/64,4/12/87,1/1/99,Senior Engineer
281840,Doohun,Denos,4/1/63,2/12/91,1/1/99,Senior Staff
281844,Shih,Conti,3/9/62,1/6/98,1/1/99,Engineer
281845,Izaskun,Caine,6/29/63,10/30/96,1/1/99,Senior Engineer
281848,Parke,Staylopatis,1/29/65,7/31/93,1/1/99,Engineer
281858,Fay,Griswold,7/28/64,8/31/98,1/1/99,Staff
281859,Masanao,Papastamatiou,1/17/65,11/25/85,1/1/99,Senior Engineer
281861,Sivanarayana,Cannane,8/11/62,8/16/89,1/1/99,Senior Engineer
281866,Manibrata,Bade,11/27/63,7/21/90,1/1/99,Senior Staff
281869,Kazuhisa,Bazzichi,4/15/63,2/12/93,1/1/99,Senior Staff
281878,Zita,Mawatari,7/15/63,10/23/89,1/1/99,Staff
281884,Goa,Cochrane,7/13/62,5/27/89,1/1/99,Engineer
281885,Odinaldo,Capobianchi,9/8/63,7/9/88,1/1/99,Senior Engineer
281896,Nimmagadda,Trumbly,5/27/63,11/1/95,1/1/99,Engineer
281908,Aral,Begiun,9/4/64,11/22/90,1/1/99,Senior Staff
281918,Frazer,Riexinger,11/14/62,11/14/86,1/1/99,Senior Staff
281921,Idoia,Zyda,2/10/62,9/19/96,1/1/99,Senior Engineer
281922,Feixiong,Lambe,5/16/62,6/17/95,1/1/99,Engineer
281924,Gennady,Stentiford,12/31/64,11/5/92,1/1/99,Staff
281927,Abdelkader,Isaac,6/3/62,9/12/90,1/1/99,Staff
281930,Shay,Lichtner,10/28/63,4/15/89,1/1/99,Senior Engineer
281934,Duri,Back,5/4/64,4/15/91,1/1/99,Senior Engineer
281943,Lijie,Erman,4/26/64,1/22/98,1/1/99,Assistant Engineer
281947,Tadanori,Litzler,4/6/63,5/15/98,1/1/99,Staff
281948,Vidya,Woycyznski,11/14/62,5/16/87,1/1/99,Senior Engineer
281958,Weijing,Carrera,11/3/62,12/4/00,1/1/99,Senior Staff
281962,Kellie,Reeken,7/28/63,6/12/98,1/1/99,Engineer
281963,Barun,Oberman,2/11/62,11/25/97,1/1/99,Staff
281970,Almudena,Soloway,2/12/62,2/17/90,1/1/99,Assistant Engineer
281978,Zengping,Belinskaya,5/31/64,8/30/91,1/1/99,Staff
281985,Maris,Greenaway,12/12/64,10/2/95,1/1/99,Technique Leader
281986,Stevo,Kroll,2/15/63,10/6/97,1/1/99,Engineer
281989,Kenroku,Rathonyi,6/13/62,10/19/95,1/1/99,Assistant Engineer
281995,Chiranjit,Viele,3/28/62,6/9/96,1/1/99,Engineer
282009,Geoff,Curless,11/25/62,3/21/99,1/1/99,Staff
282014,Chirstian,Plesums,8/13/62,9/8/93,1/1/99,Senior Engineer
282015,Lene,Cincotta,10/2/64,2/25/85,1/1/99,Senior Staff
282021,Khoa,Beilner,10/18/62,10/30/88,1/1/99,Engineer
282024,Mantis,Hiyoshi,7/25/63,4/14/95,1/1/99,Engineer
282030,Sergi,Leslie,9/24/63,10/9/89,1/1/99,Senior Staff
282034,Weiwu,Khasidashvili,1/12/62,5/28/93,1/1/99,Senior Engineer
282037,Wojceich,Poulakidas,5/24/62,11/21/87,1/1/99,Senior Staff
282040,Garnet,Schiettecatte,5/23/64,11/9/94,1/1/99,Senior Engineer
282049,Zhonghui,Bresenham,1/5/62,6/18/88,1/1/99,Engineer
282050,Cedric,Simmel,3/4/63,2/14/99,1/1/99,Engineer
282083,Fay,Fiutem,11/25/62,2/24/95,1/1/99,Senior Engineer
282087,Bernardo,Cannard,5/2/63,6/10/99,1/1/99,Assistant Engineer
282090,Leucio,Brattka,2/7/62,2/27/93,1/1/99,Senior Engineer
282094,Alselm,Munke,1/25/64,3/18/86,1/1/99,Senior Engineer
282099,Gian,Openshaw,6/4/63,3/11/90,1/1/99,Engineer
282102,Mabhin,Brodal,6/21/63,12/15/93,1/1/99,Engineer
282104,Yongmin,Schaaf,7/3/64,6/22/94,1/1/99,Senior Staff
282105,Hitofumi,Raczkowsky,8/20/63,10/20/97,1/1/99,Engineer
282106,Naraig,Brodie,8/2/63,7/14/95,1/1/99,Senior Engineer
282116,Shrikanth,Boguraev,6/6/63,5/15/90,1/1/99,Senior Staff
282122,Kazuyasu,Setlzner,4/26/64,9/23/85,1/1/99,Engineer
282124,Taiji,Czap,2/13/64,12/24/96,1/1/99,Engineer
282125,Behnaam,Nitsche,6/2/64,9/15/88,1/1/99,Technique Leader
282138,Qingxiang,Dratva,4/2/63,12/13/86,1/1/99,Staff
282139,Bowen,Murillo,5/27/63,8/13/86,1/1/99,Senior Engineer
282141,Shai,Itzfeldt,9/11/63,12/7/91,1/1/99,Senior Staff
282145,Florian,Schaap,3/7/63,10/27/97,1/1/99,Staff
282146,JiYoung,Mapelli,9/7/62,10/28/01,1/1/99,Staff
282156,Kwangsub,Rikino,1/23/62,4/14/96,1/1/99,Engineer
282157,Sadok,Muntz,10/14/63,6/16/93,1/1/99,Engineer
282159,Zsolt,Anido,6/22/62,6/25/95,1/1/99,Senior Engineer
282165,Ugo,Dolinsky,8/20/64,6/19/93,1/1/99,Engineer
282167,Chinho,Assaf,5/26/64,8/16/95,1/1/99,Engineer
282172,Bezalel,Lalonde,3/18/62,7/27/85,1/1/99,Engineer
282174,Genki,Schnabel,9/25/63,10/24/92,1/1/99,Senior Staff
282176,Emdad,Stenning,11/14/62,2/1/00,1/1/99,Technique Leader
282177,Houman,Keohane,6/30/62,3/19/97,1/1/99,Engineer
282178,Christfried,Brickell,1/13/63,8/17/97,1/1/99,Engineer
282184,Jaewon,Cairo,1/29/64,12/14/88,1/1/99,Engineer
282191,Alper,Shinomoto,1/16/65,10/20/97,1/1/99,Engineer
282203,Aloys,Kornatzky,10/16/62,10/16/96,1/1/99,Senior Engineer
282213,Sanjiv,Boissier,11/22/63,10/13/86,1/1/99,Senior Staff
282233,Juichirou,Highland,12/19/62,11/14/90,1/1/99,Senior Staff
282234,Samphel,Roohalamini,3/24/63,10/22/93,1/1/99,Senior Staff
282237,Siddarth,Pulkowski,7/16/63,6/14/95,1/1/99,Technique Leader
282245,Michaela,Waschkowski,6/18/62,11/16/90,1/1/99,Staff
282249,Christophe,Kakkar,10/14/64,10/5/89,1/1/99,Senior Staff
282258,Tetsurou,Stanfel,7/22/63,8/24/89,1/1/99,Engineer
282259,Shirish,McAlpine,12/2/64,11/2/89,1/1/99,Staff
282269,Bodh,Tzvieli,6/25/63,9/19/91,1/1/99,Staff
282275,Basant,Weedman,6/5/62,5/25/92,1/1/99,Technique Leader
282277,Khalil,Polupanov,4/1/64,2/21/94,1/1/99,Senior Engineer
282278,Nahum,Shackel,2/12/62,3/13/93,1/1/99,Staff
282284,Mohit,Garnick,8/14/63,5/15/90,1/1/99,Senior Staff
282291,Luisa,Rajaraman,2/19/63,5/19/97,1/1/99,Staff
282299,Masanao,Vernadat,7/11/62,11/22/90,1/1/99,Senior Engineer
282306,Chanjung,Lundstrom,11/26/63,12/6/96,1/1/99,Technique Leader
282311,Horward,Sidou,6/5/64,3/17/01,1/1/99,Senior Staff
282313,Steve,Cairo,11/24/62,2/17/91,1/1/99,Senior Staff
282330,Candido,Bugaenko,8/29/62,9/9/98,1/1/99,Staff
282333,Nahla,Serdy,1/25/65,9/9/93,1/1/99,Senior Staff
282334,Djelloul,Xiaoshan,10/3/62,12/24/90,1/1/99,Engineer
282337,Garnik,Tasistro,3/28/62,8/20/98,1/1/99,Assistant Engineer
282339,Shahaf,Lung,6/7/62,10/9/87,1/1/99,Staff
282340,Rosita,Bodoff,7/3/62,2/14/88,1/1/99,Senior Staff
282341,Dung,Przulj,3/21/63,4/30/01,1/1/99,Engineer
282343,Xinglin,Haldar,1/13/65,7/20/88,1/1/99,Senior Staff
282346,Shan,Lundstrom,12/10/64,12/30/89,1/1/99,Senior Staff
282352,Izaskun,Menyhert,10/26/64,3/3/89,1/1/99,Senior Engineer
282354,Naraig,Budinsky,10/23/62,10/10/95,1/1/99,Assistant Engineer
282355,Xuejia,Camarinopoulos,2/28/63,11/4/98,1/1/99,Assistant Engineer
282356,Unal,Zastre,2/25/64,10/28/92,1/1/99,Engineer
282364,Leucio,Lorin,10/31/63,11/11/99,1/1/99,Engineer
282369,Armond,Coullard,7/5/63,8/20/01,1/1/99,Staff
282370,Cedric,Rossi,5/29/64,6/6/87,1/1/99,Senior Staff
282373,Reinhold,Nittel,2/21/64,8/23/94,1/1/99,Engineer
282375,Shmuel,Kropp,5/5/62,7/18/85,1/1/99,Senior Engineer
282378,Udo,Matzat,12/17/63,1/22/87,1/1/99,Senior Staff
282381,Kazuhisa,Silva,5/28/64,4/21/85,1/1/99,Senior Engineer
282386,Masadi,Binkley,9/6/64,9/12/98,1/1/99,Staff
282391,Rayond,Reghbati,4/19/64,10/22/97,1/1/99,Senior Staff
282407,Radhika,Tsukune,8/9/64,6/13/95,1/1/99,Assistant Engineer
282413,Magy,Bernini,9/24/63,12/7/97,1/1/99,Staff
282414,Xuejun,Macedo,8/17/63,8/15/93,1/1/99,Technique Leader
282421,Lidong,Irland,2/3/62,12/21/93,1/1/99,Senior Staff
282423,Ghassan,Cappello,1/13/63,6/8/97,1/1/99,Senior Staff
282425,Tua,Bonifati,2/10/63,7/19/87,1/1/99,Senior Staff
282433,Uno,Baba,1/22/62,9/27/97,1/1/99,Engineer
282434,Gift,Besselaar,6/16/63,5/20/97,1/1/99,Staff
282445,Baziley,Zolotykh,8/28/64,8/9/86,1/1/99,Staff
282448,Jianwen,Brobst,5/11/64,5/22/95,1/1/99,Senior Staff
282451,Manibrata,Schusler,1/27/64,4/20/89,1/1/99,Staff
282455,Yucai,Bierbaum,9/10/63,8/1/02,1/1/99,Senior Engineer
282456,Licheng,Stiles,10/30/63,11/25/96,1/1/99,Technique Leader
282458,Jagoda,Gente,12/3/62,11/6/99,1/1/99,Engineer
282463,Arch,Kampfer,7/13/63,11/13/93,1/1/99,Senior Engineer
282464,Maia,Borovoy,4/24/62,7/19/99,1/1/99,Engineer
282471,Arif,Sgarro,4/2/64,11/14/99,1/1/99,Engineer
282475,Marlo,Jiafu,12/3/64,3/7/01,1/1/99,Senior Staff
282476,Shai,Leuchs,6/18/63,8/1/89,1/1/99,Technique Leader
282480,Sverrir,Schiettecatte,2/2/62,9/27/91,1/1/99,Engineer
282481,Khalid,Schlenzig,6/2/64,1/12/86,1/1/99,Engineer
282489,Hidefumi,Emden,10/5/62,4/22/85,1/1/99,Senior Engineer
282491,Karoline,Waterhouse,2/18/63,11/22/93,1/1/99,Senior Staff
282498,Chaosheng,Chinal,11/2/62,3/13/98,1/1/99,Engineer
282505,Limsoon,Massonet,9/11/63,12/31/94,1/1/99,Senior Staff
282509,Danae,Griswold,8/1/63,7/3/88,1/1/99,Senior Staff
282511,Zito,Boguraev,4/14/64,2/11/98,1/1/99,Senior Staff
282512,Peer,Ramsey,1/11/62,7/23/86,1/1/99,Engineer
282513,Satoru,Onuegbe,7/14/64,1/9/89,1/1/99,Technique Leader
282515,Kamran,Yavatkar,3/3/64,4/30/93,1/1/99,Senior Engineer
282517,Goetz,Szmurlo,2/12/62,5/12/92,1/1/99,Senior Staff
282520,Neelam,Avouris,9/27/63,11/23/98,1/1/99,Engineer
282521,Morris,Asrin,6/7/62,10/13/85,1/1/99,Senior Staff
282523,Lucien,Homond,4/22/62,6/16/99,1/1/99,Assistant Engineer
282533,Shir,Zaiane,10/12/63,3/8/89,1/1/99,Engineer
282539,Mingzeng,Bharadwaj,9/9/64,5/19/92,1/1/99,Senior Staff
282542,Duke,Shrader,3/16/63,5/16/94,1/1/99,Engineer
282545,Yuriy,Pearson,12/23/62,9/16/88,1/1/99,Engineer
282547,Nahum,Codenie,1/18/65,6/14/99,1/1/99,Engineer
282550,Jiann,Mundy,3/31/62,11/7/95,1/1/99,Engineer
282560,Hauke,Warwick,12/11/63,1/7/91,1/1/99,Senior Engineer
282561,Sanjai,Ferriere,8/17/64,6/11/86,1/1/99,Senior Staff
282564,Waiman,Lorcy,11/27/64,3/16/99,1/1/99,Senior Staff
282570,Barton,Juneja,2/18/62,5/13/88,1/1/99,Senior Engineer
282576,Remzi,Masada,5/28/63,3/31/95,1/1/99,Senior Engineer
282579,Leszek,Ruther,5/26/63,2/9/02,1/1/99,Staff
282585,Zijian,Lammel,1/3/65,7/1/96,1/1/99,Staff
282595,Valdiodio,Wilfing,12/16/62,12/27/92,1/1/99,Senior Engineer
282596,Eben,Ranai,11/21/63,11/24/99,1/1/99,Assistant Engineer
282599,Youjian,Bach,12/20/62,12/23/98,1/1/99,Staff
282606,Constantijn,Lung,11/24/62,10/27/99,1/1/99,Engineer
282613,Tetsurou,Salvesen,9/9/62,5/3/95,1/1/99,Engineer
282625,Satyanarayana,Halloran,9/5/64,3/24/94,1/1/99,Senior Engineer
282632,Gaurav,Braunschweig,8/21/62,3/8/97,1/1/99,Technique Leader
282634,Sudharsan,Perna,4/22/62,6/29/99,1/1/99,Engineer
282640,Insup,Alencar,3/14/62,1/19/97,1/1/99,Engineer
282642,Xiadong,Stasinski,11/17/63,5/2/88,1/1/99,Senior Staff
282646,Shao,Pocchiola,2/21/64,3/11/89,1/1/99,Staff
282647,Constantijn,Picel,2/27/64,2/1/90,1/1/99,Senior Staff
282649,Hatem,Stanfel,11/2/64,9/25/98,1/1/99,Assistant Engineer
282650,Chirstian,Luft,9/2/64,10/13/86,1/1/99,Engineer
282660,Suebskul,Manders,11/2/64,5/17/97,1/1/99,Engineer
282671,Jaroslava,Swan,10/21/62,5/11/86,1/1/99,Senior Engineer
282691,Nikolaos,Nanard,8/18/62,1/9/02,1/1/99,Staff
282693,Golgen,Godskesen,8/21/63,4/23/97,1/1/99,Engineer
282696,Jeanna,Mandelberg,7/10/64,10/16/98,1/1/99,Engineer
282698,Jasminko,Shinomoto,8/15/62,1/7/94,1/1/99,Staff
282709,Chriss,Vidya,7/20/62,8/18/88,1/1/99,Senior Staff
282712,Nathan,Bolsens,1/13/64,4/5/99,1/1/99,Senior Staff
282721,Yuuichi,Peak,4/18/64,12/23/93,1/1/99,Engineer
282729,Deniz,Yeung,7/15/62,2/16/90,1/1/99,Senior Staff
282731,Moriyoshi,Kamber,7/3/63,9/5/90,1/1/99,Senior Staff
282734,Clyde,Cronau,6/12/63,5/27/96,1/1/99,Senior Staff
282736,Neven,Journel,9/20/64,5/29/95,1/1/99,Engineer
282739,Odysseas,Eiron,5/16/63,4/10/93,1/1/99,Engineer
282741,Arch,Dredge,8/14/63,11/25/95,1/1/99,Senior Staff
282744,JoAnne,Peyn,11/2/63,3/20/90,1/1/99,Senior Engineer
282750,Mokhtar,Verspoor,8/4/62,8/23/93,1/1/99,Senior Staff
282758,Cristinel,Speek,6/13/64,4/16/98,1/1/99,Senior Staff
282759,Khun,Montresor,6/26/62,2/3/93,1/1/99,Staff
282766,Mokhtar,Perfilyeva,7/2/64,11/23/85,1/1/99,Staff
282768,Kwangsub,Brickell,3/4/64,6/21/92,1/1/99,Senior Engineer
282772,Taiji,Roisin,9/21/64,8/2/86,1/1/99,Senior Staff
282775,Serenella,Walstra,11/28/62,1/14/87,1/1/99,Engineer
282779,Shaz,Kirkerud,7/11/64,5/22/86,1/1/99,Senior Engineer
282781,Boriana,Olivero,10/11/64,8/6/92,1/1/99,Staff
282785,Mokhtar,Beausoleil,7/29/64,8/13/99,1/1/99,Assistant Engineer
282804,Sakthirel,Tramer,9/23/64,8/28/99,1/1/99,Assistant Engineer
282805,Feiyu,Jarecki,10/22/62,10/5/87,1/1/99,Staff
282806,Chinho,Khamsi,9/26/63,7/25/94,1/1/99,Engineer
282819,Bernt,Erie,12/21/64,6/5/87,1/1/99,Senior Staff
282821,Kitty,Backhouse,9/2/62,7/11/99,1/1/99,Engineer
282835,Bikash,Ibel,2/20/62,6/1/95,1/1/99,Senior Engineer
282840,Bedir,Scallan,1/2/62,6/16/88,1/1/99,Staff
282844,Bangqing,Slaats,12/12/62,3/1/95,1/1/99,Senior Engineer
282848,Bowen,Luan,2/28/64,5/7/94,1/1/99,Senior Engineer
282850,Huan,Minakawa,6/17/63,2/27/86,1/1/99,Senior Staff
282864,Baziley,Monarch,12/5/62,12/4/86,1/1/99,Senior Staff
282865,Randi,Perko,4/26/62,2/25/94,1/1/99,Senior Engineer
282867,Kellie,Zykh,1/17/63,5/13/88,1/1/99,Senior Engineer
282871,Heekeun,Hennings,4/20/63,1/24/94,1/1/99,Staff
282872,Youpyo,Boudaillier,1/3/64,4/6/89,1/1/99,Senior Staff
282883,Dmitry,Ramsey,6/22/62,10/13/95,1/1/99,Engineer
282885,Subhada,Plump,6/8/64,12/7/88,1/1/99,Engineer
282894,Fay,Bellmore,1/5/65,5/3/89,1/1/99,Engineer
282900,Billie,Boreale,12/18/62,3/4/90,1/1/99,Senior Engineer
282904,Goo,Cronin,8/13/64,2/20/92,1/1/99,Engineer
282912,Munehiro,Dolinsky,6/5/62,6/26/91,1/1/99,Technique Leader
282919,Kwan,Heiserman,11/19/63,12/10/96,1/1/99,Technique Leader
282934,Fen,Bardell,9/26/64,2/3/88,1/1/99,Senior Staff
282941,Yishay,Eldridge,4/25/62,3/4/87,1/1/99,Senior Engineer
282944,Giao,Luby,8/19/64,5/13/90,1/1/99,Senior Engineer
282953,Gina,Lambe,9/21/64,12/11/97,1/1/99,Engineer
282957,Zdislav,Rahimi,7/1/63,9/8/94,1/1/99,Engineer
282966,Lorien,Itzfeldt,3/31/63,11/12/90,1/1/99,Technique Leader
282972,Shuky,Jansch,9/12/64,10/1/97,1/1/99,Staff
282975,Garnik,Silva,5/28/62,11/3/01,1/1/99,Technique Leader
282982,Mizuhito,Brendel,12/19/64,9/11/96,1/1/99,Staff
282983,Torsten,Marrevee,7/22/64,2/14/92,1/1/99,Staff
282988,Khatoun,Sommer,3/29/62,7/13/93,1/1/99,Senior Staff
282994,Tze,Pelz,7/12/63,12/1/90,1/1/99,Engineer
282996,Basil,Ponthieu,6/30/63,2/13/91,1/1/99,Senior Engineer
283000,Narain,Rissland,12/2/64,11/16/89,1/1/99,Staff
283012,Tsvetan,Stasinski,9/23/63,5/15/97,1/1/99,Engineer
283014,Ulises,Mandell,5/31/62,4/11/89,1/1/99,Senior Engineer
283030,Moto,Ruemmler,4/27/64,1/10/86,1/1/99,Senior Engineer
283032,Aleksander,Lupu,12/4/63,2/25/97,1/1/99,Staff
283035,Tetsushi,Ranon,3/27/62,7/3/85,1/1/99,Senior Engineer
283042,Akemi,Schade,4/20/63,6/4/92,1/1/99,Engineer
283047,Fumino,Talmor,2/22/64,7/9/99,1/1/99,Senior Engineer
283051,Adam,Lindenbaum,3/9/63,9/11/91,1/1/99,Engineer
283064,Martins,Buchter,1/4/62,4/12/93,1/1/99,Senior Staff
283067,Bluma,Shihab,11/30/63,6/11/98,1/1/99,Staff
283085,Uno,Uehara,11/30/64,8/16/97,1/1/99,Engineer
283087,Soenke,Cools,2/1/62,8/7/86,1/1/99,Senior Staff
283098,Amabile,Coney,6/24/63,11/30/90,1/1/99,Senior Engineer
283103,Duke,Marrevee,10/9/64,11/6/85,1/1/99,Senior Staff
283105,Doohun,Sudkamp,5/14/63,8/31/94,1/1/99,Assistant Engineer
283108,Licheng,Basagni,8/11/63,6/21/95,1/1/99,Senior Staff
283117,Gennady,Tetzlaff,1/17/64,7/5/98,1/1/99,Assistant Engineer
283121,Bokyung,Papsdorf,9/8/63,3/22/99,1/1/99,Staff
283132,Tamiya,Kaelbling,9/19/62,11/22/97,1/1/99,Staff
283137,Mats,Candan,10/5/64,8/17/85,1/1/99,Senior Engineer
283140,Gay,Ponthieu,5/13/64,3/1/86,1/1/99,Engineer
283141,Gritta,Reistad,4/30/62,8/17/94,1/1/99,Senior Staff
283155,Akemi,Nergos,2/18/63,2/4/91,1/1/99,Senior Staff
283157,Arumugam,Shinomoto,3/9/62,2/9/88,1/1/99,Senior Engineer
283159,Selwyn,Bach,9/13/63,3/22/86,1/1/99,Staff
283161,Parto,Kavraki,12/8/63,12/26/94,1/1/99,Senior Staff
283163,Eldridge,Lubachevsky,3/6/63,8/16/98,1/1/99,Staff
283165,Vitaly,Alblas,9/13/63,8/22/94,1/1/99,Staff
283167,Khalil,Rubsam,11/28/62,1/31/86,1/1/99,Senior Engineer
283170,Bangqing,Rubsam,9/11/64,9/23/99,1/1/99,Staff
283174,Masaki,Improta,12/22/63,12/27/89,1/1/99,Senior Staff
283175,Sampalli,Woycyznski,10/11/63,10/28/91,1/1/99,Senior Staff
283184,Tristan,Litzkow,10/29/64,4/16/91,1/1/99,Senior Staff
283189,Tokuyasu,Heystek,4/2/64,10/23/90,1/1/99,Senior Engineer
283194,Subhash,Nyanchama,1/26/64,10/19/89,1/1/99,Engineer
283196,Arlette,Lorys,1/28/62,3/4/99,1/1/99,Staff
283204,Khalil,Redmiles,7/13/63,9/30/91,1/1/99,Senior Engineer
283208,Maik,Karunanithi,7/4/64,6/16/92,1/1/99,Engineer
283210,Spyrose,Ecklund,5/28/63,2/8/98,1/1/99,Engineer
283212,Somnath,Prampolini,3/14/62,2/22/96,1/1/99,Staff
283218,Fay,Heuter,7/6/64,3/17/90,1/1/99,Senior Engineer
283222,Cullen,Benantar,12/3/63,3/28/90,1/1/99,Senior Staff
283229,Morris,Ohori,10/23/63,4/26/99,1/1/99,Staff
283231,Sigeru,Douceur,9/10/63,11/22/91,1/1/99,Senior Staff
283234,Krassimir,Fioravanti,2/2/64,8/23/99,1/1/99,Staff
283235,Toney,Birdsall,5/23/62,2/24/86,1/1/99,Senior Engineer
283239,Sachio,Boreale,2/17/63,3/18/90,1/1/99,Senior Engineer
283242,Gadiel,Alpin,3/28/62,1/17/91,1/1/99,Senior Staff
283244,Nevio,Pappas,2/8/64,7/14/99,1/1/99,Staff
283251,Kwan,Perz,1/20/62,9/16/90,1/1/99,Staff
283267,Oddvar,Bernick,1/17/62,3/2/97,1/1/99,Senior Staff
283269,Fuqing,Leivant,5/11/62,7/4/99,1/1/99,Staff
283280,Aamer,Bahl,10/21/62,7/25/88,1/1/99,Staff
283285,Zhenhua,Varley,12/1/62,11/3/99,1/1/99,Engineer
283288,Shuji,Kavvadias,10/19/62,8/25/92,1/1/99,Senior Engineer
283294,Mingdong,Rouquie,7/13/62,10/24/99,1/1/99,Engineer
283299,Fox,Benaini,1/18/64,12/7/96,1/1/99,Assistant Engineer
283300,Guiseppe,Staylopatis,5/15/62,5/18/99,1/1/99,Engineer
283307,Werner,Koblick,5/19/63,8/25/89,1/1/99,Senior Staff
283316,Gen,Leonhardt,9/2/64,3/3/92,1/1/99,Senior Staff
283322,Gaetan,Vakili,1/20/63,3/25/95,1/1/99,Staff
283325,Constantine,Homond,10/13/64,4/12/89,1/1/99,Technique Leader
283326,Angus,Hempstead,2/21/63,6/29/91,1/1/99,Technique Leader
283340,Boriana,Levasseur,5/6/63,5/21/94,1/1/99,Engineer
283366,Mohammad,Kawashimo,10/5/63,4/25/96,1/1/99,Engineer
283367,Pasqua,McFarlin,9/23/62,1/3/91,1/1/99,Senior Staff
283372,Pradeep,Fasbender,9/6/63,5/24/87,1/1/99,Senior Staff
283373,Kellie,Georgakopoulos,11/3/64,8/31/96,1/1/99,Engineer
283376,Lucien,Cannata,9/8/62,11/5/92,1/1/99,Senior Engineer
283379,Dekang,Zultner,7/15/62,6/5/98,1/1/99,Engineer
283390,Nikolaos,Cronin,5/30/64,7/19/88,1/1/99,Senior Engineer
283397,Mostafa,Kalefeld,9/21/62,12/11/86,1/1/99,Staff
283401,Tremaine,Rotem,2/27/63,12/28/90,1/1/99,Technique Leader
283402,Gaetan,Samarati,8/28/63,5/16/00,1/1/99,Engineer
283404,Giri,Krychniak,5/14/62,7/14/92,1/1/99,Engineer
283408,Sampalli,Koprowski,8/6/63,7/7/90,1/1/99,Senior Staff
283412,Zvonko,Silva,8/31/62,4/3/96,1/1/99,Senior Engineer
283422,Arumugam,Schwabacher,2/14/62,4/16/89,1/1/99,Senior Staff
283426,Mohua,Engberts,6/4/63,9/3/97,1/1/99,Staff
283430,Pascal,Ratnakar,8/20/62,4/29/91,1/1/99,Staff
283432,Stein,Baaz,6/26/63,1/11/99,1/1/99,Senior Engineer
283434,Kaijung,Dahlbom,9/1/63,6/6/97,1/1/99,Staff
283439,Eben,Rissland,5/3/64,9/13/98,1/1/99,Staff
283444,Eran,Terekhov,12/23/63,12/1/87,1/1/99,Engineer
283445,Mohamadou,Hasham,12/5/64,6/25/92,1/1/99,Engineer
283446,Bedir,Basawa,8/23/63,10/31/88,1/1/99,Senior Staff
283452,Yuguang,Berendt,12/10/62,10/29/95,1/1/99,Staff
283465,Kwan,Fiutem,2/24/62,2/15/97,1/1/99,Senior Engineer
283466,Gererd,Shihab,3/28/64,7/30/87,1/1/99,Engineer
283479,Steen,Ishibashi,4/7/62,3/25/94,1/1/99,Senior Staff
283483,Jaroslava,Plesums,7/16/64,4/15/89,1/1/99,Technique Leader
283488,Kazuyasu,Vasanthakumar,3/4/63,6/21/90,1/1/99,Senior Staff
283492,Maia,Validov,2/15/62,7/3/01,1/1/99,Senior Staff
283493,Goa,Worfolk,10/19/64,4/9/98,1/1/99,Senior Engineer
283498,Fox,Schlenzig,11/10/64,5/6/89,1/1/99,Senior Staff
283499,Tomoyuki,Binkley,5/28/64,7/10/93,1/1/99,Senior Engineer
283500,Chandrasekaran,Krohn,2/5/62,4/9/91,1/1/99,Technique Leader
283501,Mari,Rouquie,11/16/63,3/12/97,1/1/99,Staff
283506,Foong,Bain,3/30/64,7/19/93,1/1/99,Staff
283512,Phuoc,Rothenberg,5/9/63,8/4/92,1/1/99,Technique Leader
283517,Katsuyuki,Cincotta,8/9/64,3/26/88,1/1/99,Engineer
283519,Aksel,Schnelling,9/2/62,1/21/89,1/1/99,Engineer
283522,Kristine,Manderick,2/17/64,9/23/98,1/1/99,Senior Engineer
283532,Mountaz,Heydon,3/30/64,1/30/93,1/1/99,Engineer
283533,Kwangho,Benzmuller,6/19/63,2/8/94,1/1/99,Engineer
283535,Yannik,Henders,10/24/64,5/7/92,1/1/99,Staff
283537,Subhada,Vural,1/31/63,8/15/96,1/1/99,Staff
283540,Parto,Tramer,7/27/63,11/26/85,1/1/99,Senior Staff
283548,Zhensheng,Perl,10/22/62,9/8/89,1/1/99,Senior Staff
283550,Yongmao,DiGiano,1/13/63,8/1/98,1/1/99,Engineer
283560,Pranay,Rosar,9/14/63,5/17/92,1/1/99,Senior Engineer
283561,Geoffrey,Zwicker,12/28/62,6/25/89,1/1/99,Staff
283575,Mahmut,Boudaillier,3/1/62,10/27/88,1/1/99,Senior Engineer
283577,Surveyors,Giveon,4/7/64,5/1/92,1/1/99,Senior Engineer
283580,Susumu,Bernick,3/15/63,3/17/93,1/1/99,Senior Staff
283587,Mart,Lupu,12/3/62,6/3/96,1/1/99,Senior Engineer
283593,Murthy,Chachaty,7/25/64,4/8/92,1/1/99,Senior Engineer
283596,Tayeb,Sinitsyn,1/23/64,1/25/98,1/1/99,Senior Engineer
283604,Boguslaw,Naumovich,3/2/64,3/5/93,1/1/99,Engineer
283615,Petter,Isaak,8/20/63,8/16/88,1/1/99,Staff
283624,Brendon,Aseltine,12/21/63,5/1/90,1/1/99,Staff
283632,Pascal,Bade,1/18/64,2/18/86,1/1/99,Engineer
283635,Alejandra,Porenta,10/6/63,8/9/96,1/1/99,Staff
283637,Martijn,Vitiello,3/22/64,2/23/97,1/1/99,Staff
283645,Sham,Thorensen,6/11/64,11/25/01,1/1/99,Engineer
283652,Mohammad,Beidas,8/17/63,9/16/94,1/1/99,Staff
283659,Vasilis,Perna,6/21/63,10/9/93,1/1/99,Staff
283664,Willard,Wilharm,5/26/64,12/17/89,1/1/99,Senior Engineer
283675,Gad,Gubsky,8/21/64,12/18/96,1/1/99,Senior Engineer
283676,Neelam,Sabnani,9/20/63,9/30/99,1/1/99,Staff
283684,Kazunori,Wissmann,3/13/64,11/27/97,1/1/99,Engineer
283690,Zijian,Wissmann,12/15/63,10/8/97,1/1/99,Engineer
283692,Aamer,Burnard,2/7/62,10/17/85,1/1/99,Staff
283708,Jaques,Kulisch,12/14/64,5/2/94,1/1/99,Staff
283712,Bingning,Takanami,4/14/64,9/20/93,1/1/99,Senior Engineer
283723,Bokyung,Kropf,6/27/63,7/29/92,1/1/99,Senior Engineer
283725,Somnath,Ananiadou,9/6/64,4/8/91,1/1/99,Assistant Engineer
283731,Otilia,Rissanen,1/15/62,5/31/86,1/1/99,Senior Engineer
283735,Yinlin,Porotnikoff,2/21/64,2/8/00,1/1/99,Engineer
283747,Mahmut,Back,7/3/64,5/20/85,1/1/99,Engineer
283753,Shigehito,Thombley,3/26/63,9/15/97,1/1/99,Senior Staff
283761,Selwyn,Panienski,7/8/64,10/8/99,1/1/99,Engineer
283763,Shigeu,Hanratty,4/2/64,2/22/90,1/1/99,Engineer
283765,Billur,Quittner,6/28/64,12/27/91,1/1/99,Senior Engineer
283772,Zorica,Slutz,10/6/64,8/6/86,1/1/99,Staff
283775,Moni,Usery,11/18/62,9/15/99,1/1/99,Staff
283776,Eirik,Oehlmann,5/12/64,5/11/93,1/1/99,Senior Engineer
283779,Masasuke,Wallrath,10/27/62,9/8/99,1/1/99,Senior Staff
283782,Zeydy,Petereit,2/14/63,1/4/87,1/1/99,Senior Engineer
283795,Shahab,Segond,10/12/62,9/5/85,1/1/99,Senior Staff
283799,Zhaofang,England,10/15/64,8/31/91,1/1/99,Staff
283803,Jiong,Hooghiemstra,10/6/64,7/4/88,1/1/99,Engineer
283815,Erzsebet,Muhlberg,4/23/62,12/2/96,1/1/99,Senior Engineer
283856,Ramzi,Trachtenberg,8/9/62,11/4/89,1/1/99,Senior Staff
283859,Gretta,Kandlur,2/6/62,6/4/95,1/1/99,Senior Engineer
283866,Basant,Gire,6/18/63,9/3/85,1/1/99,Engineer
283868,Arie,Heiserman,4/11/63,11/12/86,1/1/99,Engineer
283870,Fen,Anick,10/27/62,8/4/95,1/1/99,Senior Engineer
283873,Ung,Irland,6/11/64,11/11/93,1/1/99,Engineer
283874,Roselyn,Isaac,9/10/64,12/24/91,1/1/99,Technique Leader
283878,Yechiam,Halloran,9/16/64,3/14/00,1/1/99,Senior Engineer
283879,Jeane,Geffroy,2/20/63,5/20/93,1/1/99,Senior Staff
283884,Martina,Cunliffe,5/3/62,12/13/92,1/1/99,Senior Engineer
283885,Chiranjit,Kaiser,8/16/64,7/15/94,1/1/99,Staff
283892,Gennadi,Hammerschmidt,7/8/62,8/2/85,1/1/99,Senior Staff
283907,Dinkar,Cannata,2/24/63,12/19/94,1/1/99,Senior Staff
283914,Gererd,Azumi,1/31/63,2/26/99,1/1/99,Staff
283938,Armond,Angelov,6/23/63,1/4/91,1/1/99,Engineer
283944,Zhanqiu,Highland,9/15/64,1/2/97,1/1/99,Senior Engineer
283961,Morris,Schmittgen,4/18/63,1/22/90,1/1/99,Senior Engineer
283968,Gina,Grabner,7/23/62,2/9/93,1/1/99,Staff
283975,Mariangiola,Plump,11/4/64,1/31/97,1/1/99,Staff
283976,Yucai,Beetstra,2/4/63,10/3/90,1/1/99,Technique Leader
283982,Rance,Schapiro,12/27/62,5/22/99,1/1/99,Staff
283984,Hugo,Veevers,9/20/63,12/13/01,1/1/99,Senior Engineer
283995,Eldridge,Rosiles,8/7/63,11/6/90,1/1/99,Engineer
283998,Heejo,Birdsall,12/6/62,11/20/88,1/1/99,Engineer
284003,Maren,Schieder,10/6/62,4/25/00,1/1/99,Senior Engineer
284006,Hironobu,Munro,7/24/62,5/17/87,1/1/99,Engineer
284008,Murthy,Cools,6/7/62,2/27/94,1/1/99,Senior Engineer
284009,Alain,Dratva,7/20/64,4/23/86,1/1/99,Senior Staff
284011,Mona,Kaiser,4/7/63,3/12/87,1/1/99,Senior Staff
284018,Anyuan,Isaac,7/19/63,1/2/96,1/1/99,Senior Staff
284022,Shakhar,Passino,6/14/63,1/21/98,1/1/99,Staff
284027,Aamer,Soloway,5/21/63,12/28/88,1/1/99,Engineer
284029,Tesuro,Ranon,11/3/64,8/23/94,1/1/99,Engineer
284031,Tetsushi,Naudin,10/31/63,12/25/97,1/1/99,Senior Staff
284036,Gaetan,Rajcani,1/25/62,1/5/00,1/1/99,Staff
284037,Radoslaw,Rodiger,10/15/63,11/2/93,1/1/99,Engineer
284039,Nidapan,Zobel,9/29/62,12/2/96,1/1/99,Engineer
284040,Jagoda,Stavenow,3/22/62,11/9/98,1/1/99,Staff
284052,Herb,Maierhofer,5/7/63,2/16/95,1/1/99,Staff
284058,Paddy,Morrin,5/16/63,6/4/97,1/1/99,Senior Staff
284065,Kiam,Breugel,4/8/64,2/6/98,1/1/99,Engineer
284066,Serap,Ratnakar,12/5/64,6/16/95,1/1/99,Staff
284075,Danai,Steinauer,1/27/62,3/9/96,1/1/99,Senior Engineer
284076,Arne,Benantar,11/4/63,2/28/02,1/1/99,Engineer
284078,Munehiko,Whittlesey,8/24/63,6/8/85,1/1/99,Senior Staff
284096,Fabrizio,Wolniewicz,4/12/62,1/15/90,1/1/99,Staff
284098,Elrique,Pargas,9/26/63,5/25/85,1/1/99,Senior Staff
284105,Keiichiro,Pluym,3/20/62,2/22/89,1/1/99,Engineer
284110,Randi,Anido,8/31/62,4/14/85,1/1/99,Senior Engineer
284112,Geoffry,Zockler,2/11/62,12/6/88,1/1/99,Engineer
284115,Weiru,Hasenauer,1/24/63,4/7/92,1/1/99,Senior Engineer
284116,Quingbo,Baaz,6/25/63,10/22/89,1/1/99,Engineer
284120,Arup,Bondorf,2/16/62,3/2/96,1/1/99,Staff
284123,Mariangiola,Zaiane,3/26/62,5/23/88,1/1/99,Senior Engineer
284127,Candida,Escriba,3/13/63,8/23/93,1/1/99,Engineer
284132,Denis,Staudhammer,3/22/63,12/8/98,1/1/99,Engineer
284134,Miquel,Picci,12/10/63,6/12/87,1/1/99,Engineer
284135,Zito,Felder,9/9/62,4/6/93,1/1/99,Senior Staff
284137,Remmert,Landherr,11/5/62,10/15/99,1/1/99,Senior Staff
284141,Lubomir,Cunliffe,9/7/63,5/27/98,1/1/99,Staff
284142,Almudena,Candan,11/15/62,11/18/97,1/1/99,Staff
284147,Khun,Bala,1/19/64,10/17/95,1/1/99,Engineer
284154,Sungwon,Rindone,9/9/62,9/27/99,1/1/99,Technique Leader
284166,Freyja,Ramsay,1/12/64,2/9/88,1/1/99,Senior Engineer
284181,Sadun,Zallocco,10/17/63,7/16/93,1/1/99,Senior Engineer
284183,Martins,Talmor,7/29/64,11/16/00,1/1/99,Engineer
284186,Geoffry,Hinsberger,4/8/64,7/12/98,1/1/99,Assistant Engineer
284190,Wayne,Jullig,2/28/62,11/13/85,1/1/99,Staff
284193,Geoffrey,Luit,2/22/62,3/9/98,1/1/99,Engineer
284202,Zhilian,Binding,1/9/62,7/24/97,1/1/99,Engineer
284216,Zijian,Carrera,7/10/63,3/11/98,1/1/99,Staff
284220,Heping,Tiemann,8/19/62,8/31/91,1/1/99,Engineer
284229,Mohan,Hempstead,12/26/62,4/30/92,1/1/99,Senior Staff
284230,Alagu,Lienhardt,9/20/63,9/14/99,1/1/99,Senior Engineer
284232,Gift,Koshino,1/8/63,9/16/97,1/1/99,Senior Staff
284238,Elvia,Weedon,9/14/64,7/20/89,1/1/99,Senior Staff
284244,Lijia,Raoux,5/25/64,1/1/91,1/1/99,Engineer
284245,Marco,Angelopoulos,10/3/63,9/13/89,1/1/99,Senior Engineer
284257,Eberhardt,Comte,7/30/64,10/7/97,1/1/99,Engineer
284258,Ramalingam,Swab,11/16/62,6/18/96,1/1/99,Engineer
284259,Gianluca,Rijckaert,4/22/62,10/15/90,1/1/99,Staff
284261,Tommaso,Remmers,3/17/64,4/6/96,1/1/99,Assistant Engineer
284262,Mack,Giarratana,9/9/62,3/15/94,1/1/99,Staff
284268,Kenroku,Koyama,4/18/63,3/12/92,1/1/99,Senior Engineer
284282,Hidekazu,Huxford,4/12/62,2/10/99,1/1/99,Staff
284286,Nalini,Lanzelotte,8/1/64,9/9/89,1/1/99,Staff
284300,Ishfaq,Mahmud,1/22/65,11/29/91,1/1/99,Senior Staff
284312,Remmert,Conta,4/8/64,11/14/96,1/1/99,Senior Staff
284313,Georg,Vesna,12/12/62,10/17/98,1/1/99,Staff
284329,Christoph,Alpin,1/14/63,5/10/95,1/1/99,Engineer
284335,Xuedong,Zaiane,10/4/62,5/12/95,1/1/99,Senior Staff
284344,Randi,Matheson,11/23/64,8/3/98,1/1/99,Staff
284348,Hugh,Frolund,8/12/62,5/28/94,1/1/99,Engineer
284350,Sushant,Rosti,10/3/62,1/24/99,1/1/99,Senior Staff
284352,Tuval,Angiulli,1/26/62,3/18/99,1/1/99,Engineer
284353,Brigham,Kavraki,3/28/62,10/1/90,1/1/99,Senior Staff
284355,Shigeaki,Tsukune,1/16/63,6/22/92,1/1/99,Senior Staff
284358,Giordano,Dulin,1/29/62,4/29/90,1/1/99,Senior Engineer
284374,Masadi,Leaver,9/14/64,5/1/91,1/1/99,Assistant Engineer
284381,Moni,Hambrick,11/2/62,8/5/87,1/1/99,Senior Engineer
284400,Hyuckchul,Feldhoffer,11/7/64,10/15/91,1/1/99,Staff
284402,Xiaoheng,Birjandi,5/25/62,11/26/96,1/1/99,Engineer
284410,Fumitake,Motley,1/19/63,1/2/87,1/1/99,Senior Staff
284414,Sachem,Uehara,1/11/62,12/29/89,1/1/99,Senior Engineer
284422,Luisa,Kroll,4/2/62,7/9/98,1/1/99,Senior Engineer
284424,Olivera,Zykh,9/22/62,3/2/86,1/1/99,Senior Engineer
284428,Moriyoshi,Biron,4/10/62,9/3/91,1/1/99,Engineer
284431,Pintsang,Fujisawa,1/25/65,4/16/96,1/1/99,Senior Staff
284435,Piyawadee,Rando,4/27/62,5/19/99,1/1/99,Senior Staff
284450,Vatsa,Krybus,10/20/64,9/12/88,1/1/99,Staff
284451,Barun,Gniady,10/16/64,8/19/97,1/1/99,Senior Staff
284455,Arumugam,Peak,1/1/64,12/3/89,1/1/99,Senior Staff
284461,Moheb,Koshiba,3/10/63,9/11/99,1/1/99,Staff
284466,Emdad,Iacovou,8/13/63,6/9/96,1/1/99,Senior Engineer
284467,Genta,Rosenbaum,12/13/62,11/6/92,1/1/99,Senior Staff
284468,Jackson,Whittlesey,9/29/64,3/22/91,1/1/99,Senior Engineer
284477,Eirik,Azuma,1/1/62,10/6/87,1/1/99,Senior Engineer
284481,Jiann,Furudate,7/17/64,5/23/99,1/1/99,Staff
284487,Arco,Benzmuller,7/10/64,11/6/91,1/1/99,Senior Engineer
284494,Francoise,Gubsky,3/24/62,8/22/94,1/1/99,Engineer
284497,Zvonko,Range,5/3/64,7/24/96,1/1/99,Engineer
284499,Stella,Quittner,5/15/64,4/16/01,1/1/99,Staff
284500,Margareta,Condotta,2/9/63,5/9/87,1/1/99,Engineer
284501,Kamran,Khamsi,5/20/63,9/29/98,1/1/99,Engineer
284513,Atreye,Rikino,5/7/63,3/1/99,1/1/99,Senior Engineer
284514,Duangkaew,Murrill,3/26/62,1/5/98,1/1/99,Staff
284520,Douadi,Antonisse,6/20/62,10/15/91,1/1/99,Engineer
284521,Mansur,Crelier,8/21/64,4/14/87,1/1/99,Engineer
284522,Margo,Senzako,9/4/64,5/26/94,1/1/99,Senior Engineer
284526,Carrsten,Vieri,9/13/63,5/30/92,1/1/99,Senior Staff
284533,Tomokazu,Bridgland,1/11/62,8/18/91,1/1/99,Senior Engineer
284541,Zhonghui,Marsiglia,2/25/62,6/28/93,1/1/99,Engineer
284544,Honesty,Narlikar,10/23/62,10/10/99,1/1/99,Technique Leader
284545,Inderjeet,Thebaut,3/20/64,12/13/97,1/1/99,Staff
284547,Marie,Gill,7/9/62,11/28/97,1/1/99,Senior Staff
284553,Akemi,Dulin,1/23/64,7/8/99,1/1/99,Senior Engineer
284554,Mitchel,Willoner,12/22/62,10/15/90,1/1/99,Senior Staff
284555,Maris,Bazelow,12/11/64,11/14/86,1/1/99,Technique Leader
284561,Duri,Beznosov,1/3/65,2/15/88,1/1/99,Senior Engineer
284563,Xuejia,Pagter,11/24/64,3/26/89,1/1/99,Engineer
284570,Bader,Sommer,11/13/63,1/21/96,1/1/99,Assistant Engineer
284577,Katsuyuki,Welham,11/29/63,11/17/91,1/1/99,Engineer
284596,Masamitsu,Chappelet,5/26/64,12/3/92,1/1/99,Senior Engineer
284608,Kazuhira,Standera,7/17/63,12/8/00,1/1/99,Senior Engineer
284615,Djelloul,Hinsberger,8/28/63,3/18/85,1/1/99,Senior Staff
284623,Dines,Honiden,4/13/62,10/17/87,1/1/99,Senior Engineer
284629,Maja,Christianini,2/21/63,12/27/96,1/1/99,Staff
284636,Arco,Antonakopoulos,9/21/63,7/8/87,1/1/99,Senior Engineer
284644,Shawna,Jeong,8/14/62,10/28/89,1/1/99,Engineer
284648,Nahum,Ecklund,6/1/63,7/20/98,1/1/99,Staff
284649,Raimond,Kobara,3/8/62,8/8/88,1/1/99,Staff
284661,Yucai,Kolvik,4/16/62,2/24/97,1/1/99,Staff
284665,Yakichi,Ressouche,11/15/64,2/20/95,1/1/99,Senior Staff
284675,Yongdong,Pews,11/13/63,8/11/86,1/1/99,Senior Engineer
284683,Vishv,Kroll,7/29/64,3/5/97,1/1/99,Engineer
284685,Stella,Wallrath,4/17/62,6/23/86,1/1/99,Engineer
284686,Bartek,Iwayama,5/20/62,6/6/93,1/1/99,Senior Staff
284687,Oksana,Redmiles,1/15/65,6/22/85,1/1/99,Engineer
284690,Eben,Azadmanesh,4/7/63,1/6/98,1/1/99,Senior Staff
284691,Theron,Ressouche,1/4/65,8/17/88,1/1/99,Senior Engineer
284694,Odysseas,Hinsberger,8/10/62,3/21/92,1/1/99,Engineer
284695,Maia,Rahier,7/24/62,9/17/92,1/1/99,Engineer
284707,Kazuhito,Poulakidas,2/12/62,5/3/91,1/1/99,Senior Engineer
284711,Martijn,Azevdeo,1/21/65,2/10/88,1/1/99,Senior Engineer
284717,Gal,Ranta,1/11/65,11/7/92,1/1/99,Senior Engineer
284722,Matk,Lindenbaum,4/23/64,12/14/89,1/1/99,Senior Engineer
284729,Bingning,Stanger,11/29/63,5/10/99,1/1/99,Technique Leader
284739,Taiji,Berendt,8/29/63,3/9/91,1/1/99,Senior Engineer
284743,Tremaine,Steenbeek,3/22/64,1/27/86,1/1/99,Engineer
284751,Sugwoo,Honglei,11/4/63,9/26/90,1/1/99,Staff
284760,Felicidad,Lamba,3/26/62,7/20/99,1/1/99,Staff
284766,Kwangho,Cairo,6/6/64,2/4/00,1/1/99,Senior Staff
284769,Heeju,Marwedel,10/23/64,10/28/98,1/1/99,Engineer
284775,Anneke,Matzke,12/15/62,11/29/97,1/1/99,Staff
284787,Hilary,Heyers,8/21/62,11/28/93,1/1/99,Senior Engineer
284790,Bojan,Vieri,4/23/62,10/4/87,1/1/99,Assistant Engineer
284800,Feiyu,Biron,12/27/62,9/6/97,1/1/99,Engineer
284806,Anneli,Bergere,4/24/62,1/2/96,1/1/99,Staff
284807,Pranas,Pavlopoulou,9/8/64,3/18/99,1/1/99,Staff
284810,Nikolaus,Edelhoff,6/18/63,4/15/85,1/1/99,Staff
284816,Kauko,Luders,7/6/62,7/2/86,1/1/99,Engineer
284820,Prasadram,Strandh,5/21/64,11/21/98,1/1/99,Staff
284831,Goncalo,Bolsens,12/10/63,12/31/85,1/1/99,Senior Engineer
284835,Ingmar,Himler,1/9/64,7/21/90,1/1/99,Senior Staff
284840,Kristen,Fadgyas,10/2/64,10/16/94,1/1/99,Senior Staff
284841,Alair,Lorch,10/14/63,4/5/99,1/1/99,Senior Engineer
284854,Pradeep,Staylopatis,12/18/63,10/27/96,1/1/99,Senior Engineer
284856,Moto,Kobara,1/5/65,12/12/91,1/1/99,Engineer
284864,Gen,Feldhoffer,2/17/63,11/15/93,1/1/99,Staff
284871,Bezalel,Karner,6/13/63,7/8/90,1/1/99,Senior Staff
284878,Claude,Ventosa,12/31/62,9/2/90,1/1/99,Staff
284881,Aruna,Esposito,12/7/64,6/19/91,1/1/99,Senior Engineer
284884,Anneke,Comte,2/5/62,8/20/94,1/1/99,Senior Engineer
284887,Sven,Andreotta,2/12/64,10/22/93,1/1/99,Senior Engineer
284889,Gladys,Lovengreen,1/24/64,5/23/93,1/1/99,Senior Staff
284892,Bedrich,Kleiser,7/6/62,10/29/98,1/1/99,Senior Engineer
284894,Moie,Maccarone,12/25/64,3/26/89,1/1/99,Engineer
284899,Samphel,Zeidenstein,7/27/63,6/19/91,1/1/99,Senior Staff
284917,Xiahua,Speek,12/4/63,8/15/90,1/1/99,Senior Staff
284918,Sudharsan,Klyachko,2/26/62,12/29/94,1/1/99,Staff
284922,Shaunak,Eugenio,11/13/63,6/15/88,1/1/99,Engineer
284934,Dmitri,Kakkar,4/24/64,12/16/96,1/1/99,Staff
284944,Bodh,Lenart,9/4/62,10/27/87,1/1/99,Senior Engineer
284948,Goh,Radivojevic,1/28/64,6/1/98,1/1/99,Engineer
284949,Chaitali,Munos,10/12/62,12/14/98,1/1/99,Staff
284950,Randy,Jiang,9/30/62,5/29/95,1/1/99,Senior Engineer
284954,Anneke,Hammerschmidt,1/16/65,1/30/96,1/1/99,Engineer
284955,Jianhao,Bahk,1/14/64,5/2/98,1/1/99,Staff
284960,Gadiel,Sankaranarayanan,4/2/62,10/18/87,1/1/99,Staff
284964,Yucel,Rosar,5/26/63,4/11/96,1/1/99,Staff
284967,Lidong,Remmers,4/9/62,7/27/96,1/1/99,Senior Staff
284969,Dhritiman,Ranta,4/4/62,5/29/99,1/1/99,Engineer
284971,Arlette,Makinen,6/22/64,1/3/96,1/1/99,Senior Staff
284976,Bernt,Coullard,12/16/62,3/28/98,1/1/99,Staff
284982,Owen,Goldhammer,7/4/64,12/13/89,1/1/99,Senior Staff
284989,Jessie,Basagni,1/15/63,1/6/00,1/1/99,Engineer
284993,Arie,Ghazalie,1/20/62,1/7/90,1/1/99,Senior Engineer
284998,Kensei,Apsitis,7/2/62,4/13/99,1/1/99,Staff
285000,Licheng,Siegrist,12/12/63,9/16/87,1/1/99,Engineer
285004,Jolita,Rouquie,6/3/62,6/13/96,1/1/99,Senior Engineer
285007,Kensei,Kavvadias,1/29/63,2/22/93,1/1/99,Senior Engineer
285009,Yakkov,Angelov,1/29/64,6/30/86,1/1/99,Staff
285010,Berni,Peternell,1/7/64,9/5/86,1/1/99,Engineer
285011,Lillian,Narahari,8/16/64,6/28/85,1/1/99,Engineer
285018,Kayoko,Rassart,7/4/64,4/2/97,1/1/99,Staff
285021,Barton,Rettelbach,7/6/62,9/26/94,1/1/99,Engineer
285027,Mayumi,Dredge,7/18/62,5/9/93,1/1/99,Senior Engineer
285033,Marin,Hebden,4/7/62,2/20/95,1/1/99,Engineer
285036,Lucien,Deverell,7/20/64,10/27/97,1/1/99,Engineer
285045,Bouchung,Schrift,3/11/63,9/13/85,1/1/99,Staff
285046,Khedija,Passafiume,12/2/63,2/22/98,1/1/99,Engineer
285048,Hugh,Poulakidas,5/26/63,2/25/98,1/1/99,Senior Staff
285059,Odysseas,Comyn,10/28/63,1/5/95,1/1/99,Staff
285063,Frederique,Kavvadias,10/30/64,3/8/96,1/1/99,Senior Staff
285067,Sugwoo,Hebert,2/7/62,6/16/89,1/1/99,Engineer
285072,Leon,Usdin,2/18/64,9/29/97,1/1/99,Engineer
285075,Volkmar,Salinas,9/18/63,11/4/98,1/1/99,Staff
285078,Hitomi,Masand,5/31/63,6/11/99,1/1/99,Staff
285080,Shunichi,Quaggetto,10/9/63,1/24/98,1/1/99,Technique Leader
285086,Giap,Tramer,8/30/64,9/11/89,1/1/99,Engineer
285093,Premsyl,Cooman,4/22/64,10/4/93,1/1/99,Engineer
285107,Itzchak,Janocha,9/25/62,8/20/87,1/1/99,Senior Staff
285113,Oddvar,Warwick,2/24/62,4/26/95,1/1/99,Staff
285114,Phillip,Hiraishi,6/9/63,1/22/98,1/1/99,Engineer
285116,Mohamadou,Mondadori,8/1/64,6/14/87,1/1/99,Senior Engineer
285118,Yuguang,Conta,7/20/64,10/28/98,1/1/99,Senior Engineer
285123,Kasturi,Fraisse,5/9/63,4/29/91,1/1/99,Senior Engineer
285126,Branimir,Valtorta,4/10/62,11/24/96,1/1/99,Engineer
285131,Krassimir,Encarnacion,7/31/64,4/29/85,1/1/99,Senior Staff
285145,Alair,Danecki,6/9/64,3/14/92,1/1/99,Senior Staff
285147,Yechiam,Luga,7/3/63,2/3/01,1/1/99,Engineer
285152,Mack,Tomescu,10/10/63,8/19/93,1/1/99,Staff
285156,Otilia,Ruemmler,7/3/62,5/26/88,1/1/99,Senior Staff
285159,Susumu,Rothe,11/26/62,5/11/89,1/1/99,Engineer
285164,Xiaocheng,Kumaresan,1/2/65,10/3/94,1/1/99,Staff
285168,Randi,Saoudi,1/6/64,7/1/88,1/1/99,Engineer
285169,Marlo,Gronowski,4/25/63,5/8/96,1/1/99,Staff
285170,Khoa,Quadeer,10/26/62,1/27/93,1/1/99,Senior Staff
285174,Maia,Narahari,4/14/63,4/10/92,1/1/99,Senior Engineer
285177,Maha,Cichocki,12/29/63,4/24/89,1/1/99,Senior Engineer
285179,Zhonghua,Werthner,1/2/63,1/27/98,1/1/99,Senior Engineer
285182,Srinidhi,Schwartzburd,5/3/63,9/29/92,1/1/99,Engineer
285185,Clyde,Kragelund,7/5/62,11/12/98,1/1/99,Staff
285186,Guadalupe,Slaats,5/22/63,4/2/93,1/1/99,Engineer
285187,JiYoung,Piveteau,12/27/62,2/6/97,1/1/99,Senior Staff
285191,Sandeepan,Lichtman,5/2/63,2/16/87,1/1/99,Staff
285195,Dinkar,Chenney,8/8/64,2/20/97,1/1/99,Engineer
285200,Saddek,Munck,9/22/62,12/13/92,1/1/99,Senior Staff
285208,Indrajit,Hambrick,12/27/63,8/24/99,1/1/99,Assistant Engineer
285209,Lein,Perly,9/14/63,7/11/93,1/1/99,Senior Engineer
285213,Boaz,Burnard,9/5/63,1/11/95,1/1/99,Engineer
285225,Domenick,Chandrasekhar,3/24/63,11/30/91,1/1/99,Staff
285227,Masamitsu,Ashish,9/3/64,6/30/87,1/1/99,Senior Staff
285246,Augustine,Erman,10/24/62,12/18/87,1/1/99,Senior Staff
285252,Gennady,Rosaz,2/17/62,3/8/86,1/1/99,Staff
285259,Renee,Schlenzig,7/5/64,8/16/97,1/1/99,Assistant Engineer
285260,Remco,Heiserman,10/19/63,7/28/89,1/1/99,Staff
285264,Ziva,Encarnacion,11/24/64,7/4/86,1/1/99,Senior Staff
285274,Vasilis,Cangellaris,11/8/62,3/2/90,1/1/99,Engineer
285279,Roded,Akaboshi,5/15/64,3/7/85,1/1/99,Senior Staff
285282,Nikolaos,Baig,2/18/64,9/27/97,1/1/99,Staff
285283,Jeane,Rosay,10/7/63,3/13/90,1/1/99,Senior Engineer
285284,Takahito,Cummings,10/5/63,1/19/91,1/1/99,Senior Engineer
285290,Pradeep,Braccini,2/28/62,10/2/95,1/1/99,Engineer
285306,Tse,Brlek,2/18/64,6/19/89,1/1/99,Senior Engineer
285314,Serge,Rousseau,11/9/62,12/4/94,1/1/99,Engineer
285323,Ger,Restivo,3/15/62,7/29/86,1/1/99,Senior Staff
285337,Kazuhiko,Picel,2/24/64,11/19/94,1/1/99,Technique Leader
285340,Stein,Cangellaris,8/5/62,6/8/96,1/1/99,Engineer
285352,Stein,Gustavson,12/20/63,11/24/87,1/1/99,Technique Leader
285356,Perla,Haraldson,5/11/63,5/5/97,1/1/99,Assistant Engineer
285359,Branimir,Ebeling,4/19/62,4/2/97,1/1/99,Technique Leader
285360,Renee,Nitta,8/4/64,12/1/96,1/1/99,Senior Engineer
285366,Mooi,Vural,2/20/62,10/4/98,1/1/99,Staff
285373,Shahab,Bondorf,6/18/63,5/24/99,1/1/99,Senior Engineer
285377,Nahum,Schaft,10/16/62,7/31/93,1/1/99,Senior Engineer
285384,Tse,Hettesheimer,7/25/64,7/6/86,1/1/99,Senior Engineer
285387,Maren,Monkewich,2/13/62,2/17/96,1/1/99,Engineer
285388,Sanjai,Kaelbling,10/22/62,7/17/96,1/1/99,Staff
285389,Leah,Rohrbach,9/4/64,5/5/87,1/1/99,Senior Engineer
285396,Lena,Kohling,1/27/65,10/4/86,1/1/99,Engineer
285397,Irene,Heinisuo,10/6/62,9/23/92,1/1/99,Senior Staff
285405,Claude,Brendel,5/14/63,1/3/98,1/1/99,Engineer
285408,Ranga,Horswill,6/27/62,2/3/95,1/1/99,Senior Engineer
285409,Yuqun,Kuszyk,3/23/64,12/16/88,1/1/99,Senior Staff
285410,Xinglin,Stanger,12/1/63,8/11/97,1/1/99,Senior Staff
285436,Shaowei,Pesch,1/10/64,12/16/87,1/1/99,Engineer
285441,Alejandra,Edelhoff,3/16/64,11/10/97,1/1/99,Engineer
285443,Shen,Benzaken,1/10/63,7/9/02,1/1/99,Engineer
285449,Jolita,Esteva,12/30/64,5/10/87,1/1/99,Senior Engineer
285468,Boutros,Pappas,11/24/63,3/14/96,1/1/99,Engineer
285475,Berhard,Zockler,9/8/63,10/15/90,1/1/99,Technique Leader
285481,Licheng,Jiang,10/24/63,12/31/92,1/1/99,Senior Staff
285484,Xumin,Coors,5/7/62,8/1/87,1/1/99,Senior Engineer
285490,Adib,Strooper,12/14/62,11/4/95,1/1/99,Technique Leader
285499,Xianlong,Atchley,4/27/62,3/8/89,1/1/99,Senior Staff
285500,Dayanand,Feldmann,4/28/63,3/2/86,1/1/99,Staff
285506,Mario,Zolotykh,2/13/62,11/22/96,1/1/99,Engineer
285508,Gopalakrishnan,Billingsley,7/19/62,8/2/92,1/1/99,Technique Leader
285512,Arco,Sankaranarayanan,7/29/63,9/21/90,1/1/99,Senior Staff
285516,Weiru,Vitiello,4/15/63,4/30/96,1/1/99,Senior Staff
285519,Tonia,Riexinger,4/28/62,9/25/86,1/1/99,Technique Leader
285520,Maja,Atchley,8/12/63,4/25/86,1/1/99,Senior Staff
285541,DAIDA,Schurmann,2/20/62,7/18/94,1/1/99,Staff
285542,Aran,Vickson,2/10/64,5/9/86,1/1/99,Senior Staff
285556,Theirry,Guerreiro,11/20/62,4/23/99,1/1/99,Senior Staff
285567,Koichi,Braunschweig,11/19/64,10/25/96,1/1/99,Senior Staff
285573,Masadi,Heuser,10/4/62,11/4/89,1/1/99,Senior Staff
285575,Lunjin,Dulin,7/8/62,9/9/90,1/1/99,Engineer
285576,Steen,Crouzet,2/26/63,9/11/89,1/1/99,Engineer
285580,Sedat,Perna,3/1/62,5/3/86,1/1/99,Staff
285587,Ugo,Simmen,7/6/64,12/16/98,1/1/99,Staff
285599,Jayesh,Aloia,7/21/63,1/28/99,1/1/99,Staff
285605,Fen,Perl,12/19/62,3/9/99,1/1/99,Staff
285612,Kannan,Chachaty,3/11/63,12/29/94,1/1/99,Engineer
285619,Soenke,Usdin,12/5/63,10/19/87,1/1/99,Engineer
285624,Berna,Renear,11/23/63,3/26/87,1/1/99,Engineer
285625,Kellyn,Pargas,1/7/62,9/25/94,1/1/99,Staff
285628,Rafail,Belinskaya,4/11/64,9/7/98,1/1/99,Engineer
285631,Bartek,Botman,1/16/64,11/16/93,1/1/99,Engineer
285642,Toshimitsu,Luck,4/11/62,8/10/96,1/1/99,Engineer
285647,Hugh,Schwaller,3/29/63,6/8/90,1/1/99,Engineer
285651,Tesuro,Awdeh,3/16/62,4/6/90,1/1/99,Senior Engineer
285657,Seongbae,Jullig,3/18/62,11/16/86,1/1/99,Staff
285669,Amabile,Akiyama,5/12/63,4/19/95,1/1/99,Senior Engineer
285678,Alselm,Terwilliger,7/26/64,2/17/99,1/1/99,Technique Leader
285693,Tetsurou,Melton,7/11/64,11/23/91,1/1/99,Senior Staff
285700,Sadegh,Stenning,8/19/64,7/8/94,1/1/99,Staff
285701,Ung,Wuwongse,7/27/62,5/12/86,1/1/99,Staff
285704,Iara,Mikschl,12/20/63,4/28/92,1/1/99,Engineer
285706,Dung,Parveen,10/8/64,11/29/92,1/1/99,Senior Staff
285711,Sampalli,Bhattacharjee,12/25/62,2/22/96,1/1/99,Engineer
285712,Pantung,Lundstrom,7/20/64,2/12/94,1/1/99,Staff
285713,Leni,Vickson,11/25/64,4/18/94,1/1/99,Staff
285714,Fumiko,Simmen,10/27/63,1/30/86,1/1/99,Engineer
285729,Mana,Kambil,9/18/64,9/25/86,1/1/99,Senior Engineer
285734,Brendon,Murrill,7/15/64,6/1/92,1/1/99,Engineer
285736,Boaz,Begiun,4/25/64,2/1/93,1/1/99,Senior Staff
285737,Padma,Qiwen,9/1/63,1/8/94,1/1/99,Engineer
285748,Boaz,Koshino,7/26/64,3/22/91,1/1/99,Engineer
285763,Boguslaw,Lamparter,10/15/62,12/2/94,1/1/99,Engineer
285767,Jianhao,Bennet,6/29/62,6/25/89,1/1/99,Staff
285773,Abdelwaheb,Kusakari,10/22/63,3/3/86,1/1/99,Engineer
285777,Zhiwei,Juneja,6/27/62,3/26/91,1/1/99,Staff
285785,Martins,Eldridge,9/12/62,8/9/97,1/1/99,Engineer
285790,Sanjay,Georg,12/19/63,4/9/96,1/1/99,Engineer
285796,Boaz,Kavraki,12/6/63,10/12/87,1/1/99,Senior Engineer
285797,Kyoichi,Yemenis,11/10/63,12/18/95,1/1/99,Senior Engineer
285805,Premsyl,Olano,2/10/64,4/6/98,1/1/99,Engineer
285809,Aris,Benzmuller,10/25/62,3/16/91,1/1/99,Senior Staff
285812,Jongsuk,Heping,7/15/63,3/30/90,1/1/99,Engineer
285816,Lucian,Chaudhuri,11/9/64,12/22/96,1/1/99,Staff
285828,Guadalupe,Gimarc,12/24/64,4/12/85,1/1/99,Senior Engineer
285831,Spyrose,Godskesen,9/7/63,2/18/90,1/1/99,Senior Staff
285833,Mahendra,Randi,10/22/63,4/8/01,1/1/99,Senior Staff
285836,Brigham,Garigliano,9/17/64,9/15/97,1/1/99,Staff
285838,Joydip,Schneeberger,12/17/64,4/5/93,1/1/99,Staff
285842,Vivian,Penz,4/21/64,5/4/95,1/1/99,Senior Staff
285849,Gad,Butner,1/10/64,1/22/94,1/1/99,Engineer
285858,Hilari,Iisaku,11/5/64,12/7/91,1/1/99,Engineer
285869,Basant,Theuretzbacher,12/31/64,7/30/90,1/1/99,Assistant Engineer
285875,Brigham,Fiebach,11/19/62,11/14/93,1/1/99,Engineer
285877,Gay,Petereit,2/19/62,4/23/87,1/1/99,Engineer
285879,Yunming,Quittner,1/20/62,6/7/88,1/1/99,Engineer
285881,Bodo,Angel,6/9/64,2/27/85,1/1/99,Engineer
285882,Hongzue,Rouquie,6/16/62,5/15/96,1/1/99,Senior Staff
285883,Snehasis,Pelz,6/20/62,1/24/98,1/1/99,Staff
285887,Shim,Nyanchama,7/7/64,9/30/97,1/1/99,Senior Staff
285889,Tomoyuki,Beerel,12/31/62,6/27/96,1/1/99,Staff
285892,Mayuko,Baaleh,11/13/64,9/24/93,1/1/99,Senior Staff
285898,Mihalis,Schade,11/23/62,6/3/02,1/1/99,Staff
285899,Sachem,Birge,11/1/63,10/29/85,1/1/99,Staff
285901,Pintsang,Terlouw,2/2/62,3/27/95,1/1/99,Staff
285903,Irene,Choobineh,3/15/64,9/6/96,1/1/99,Engineer
285905,Kellyn,Bage,1/9/65,11/4/94,1/1/99,Senior Staff
285906,Arnould,Buescher,1/2/65,3/26/98,1/1/99,Engineer
285907,Mototsugu,Erol,1/7/64,3/1/93,1/1/99,Engineer
285910,Rosli,Hiyoshi,12/9/62,11/25/98,1/1/99,Staff
285912,Reuven,Mellouli,7/7/63,4/23/88,1/1/99,Senior Staff
285913,Kristinn,Leuchs,4/5/63,9/18/93,1/1/99,Engineer
285918,Stafford,Merli,12/14/63,11/1/96,1/1/99,Engineer
285920,Satyanarayana,Hofstetter,2/3/63,12/28/88,1/1/99,Engineer
285926,Tadanori,Ranon,1/17/64,6/20/91,1/1/99,Engineer
285936,Valeri,Borovoy,8/28/63,8/21/00,1/1/99,Engineer
285939,Tokuyasu,Hanratty,2/1/62,2/5/88,1/1/99,Engineer
285940,Kousuke,Yoshizawa,5/28/63,3/14/90,1/1/99,Engineer
285946,Fumitake,Shackell,12/7/62,1/3/89,1/1/99,Senior Engineer
285948,Udi,Trogemann,1/25/62,6/19/93,1/1/99,Engineer
285955,Paraskevi,Coors,2/21/62,7/24/95,1/1/99,Senior Staff
285956,Bodh,Spell,1/2/62,2/15/91,1/1/99,Staff
285959,Constantine,Rissland,3/3/62,5/1/90,1/1/99,Senior Engineer
285964,JoAnna,Ebeling,10/31/63,6/8/98,1/1/99,Senior Engineer
285966,Shaibal,Scallan,2/18/63,7/22/90,1/1/99,Senior Engineer
285972,Boriana,Mitsuhashi,8/28/62,10/6/01,1/1/99,Engineer
285974,Taiji,Rikino,2/23/63,10/30/99,1/1/99,Engineer
285984,Flemming,Xiaoshan,1/10/64,7/7/85,1/1/99,Senior Staff
285985,Przemyslawa,Halevi,2/4/63,9/21/86,1/1/99,Senior Staff
285989,Ohad,Esposito,7/8/64,12/3/93,1/1/99,Senior Engineer
285990,Izaskun,Schaad,10/19/62,5/22/87,1/1/99,Senior Staff
285995,Danel,Alameldin,1/9/62,11/2/96,1/1/99,Engineer
285996,Marie,Stille,8/24/63,5/9/90,1/1/99,Senior Engineer
285998,Zijian,Anandan,6/3/63,8/8/99,1/1/99,Senior Engineer
286005,Aleksandar,Fritzsche,4/21/62,9/18/88,1/1/99,Engineer
286006,Masoud,Vanwelkenhuysen,2/27/62,3/13/98,1/1/99,Senior Staff
286011,Abdelkader,Birsak,5/27/64,7/8/91,1/1/99,Senior Staff
286018,Wojceich,Monarch,1/3/64,2/9/91,1/1/99,Senior Staff
286025,Jaihie,Sgarro,11/1/63,1/6/96,1/1/99,Senior Engineer
286026,Utpal,Zaumen,1/21/65,2/25/91,1/1/99,Staff
286029,Jaques,Nanard,1/28/65,7/16/96,1/1/99,Staff
286034,Kensei,Stafford,7/9/63,6/17/94,1/1/99,Staff
286060,Tsutomu,Hanratty,5/25/63,7/4/94,1/1/99,Senior Staff
286066,Garnet,Falster,2/27/64,2/5/94,1/1/99,Senior Engineer
286071,Mario,Casley,6/25/64,9/28/98,1/1/99,Staff
286079,Gudjon,Birta,5/27/62,6/16/97,1/1/99,Staff
286082,Rosalyn,Burnard,4/10/62,7/9/86,1/1/99,Senior Engineer
286086,Parviz,Poupard,11/28/63,6/16/87,1/1/99,Senior Staff
286102,Idoia,Spataro,11/25/63,4/9/93,1/1/99,Engineer
286107,Perry,Kandlur,8/23/62,1/30/94,1/1/99,Staff
286113,Rutger,Rosen,2/1/63,12/6/98,1/1/99,Senior Engineer
286126,Takahito,Gire,11/15/64,9/11/97,1/1/99,Assistant Engineer
286127,Danil,Reeker,7/19/64,9/29/90,1/1/99,Senior Staff
286136,Bogdan,Garnham,2/11/64,7/6/96,1/1/99,Staff
286145,Rafols,Matheson,4/17/62,9/27/85,1/1/99,Senior Engineer
286148,DeForest,Murtha,9/12/62,11/3/92,1/1/99,Engineer
286149,Ulf,Munke,7/5/62,11/25/01,1/1/99,Senior Staff
286153,Sadok,Eickenmeyer,4/17/62,7/4/86,1/1/99,Senior Engineer
286154,Adib,Schaap,10/10/63,6/29/91,1/1/99,Senior Staff
286164,Tse,Guardalben,10/7/64,7/3/85,1/1/99,Engineer
286167,Uzi,Siochi,9/5/62,4/17/97,1/1/99,Engineer
286178,Urs,Morrow,2/3/63,7/3/98,1/1/99,Staff
286182,Dekang,Krohm,10/27/63,9/28/92,1/1/99,Senior Staff
286183,Amabile,Khalid,1/16/64,8/29/91,1/1/99,Staff
286184,Atilio,Huttel,12/18/62,6/9/02,1/1/99,Staff
286189,Fox,Birke,12/10/62,2/18/97,1/1/99,Technique Leader
286197,Xinglin,Suri,5/29/64,5/30/85,1/1/99,Staff
286204,Christoper,Raczkowsky,6/18/62,10/30/96,1/1/99,Engineer
286209,Yaghout,Kopetz,5/18/63,5/30/95,1/1/99,Senior Engineer
286211,Domenico,Merkl,1/15/62,5/25/91,1/1/99,Engineer
286213,Zhanqiu,Crooks,8/16/62,7/22/98,1/1/99,Senior Engineer
286222,Yefim,Goldhammer,11/29/64,10/29/90,1/1/99,Senior Engineer
286229,Haldon,Heyers,2/11/62,11/6/95,1/1/99,Assistant Engineer
286236,Maha,Azulay,9/24/63,9/12/88,1/1/99,Staff
286240,Mabo,Demian,2/26/62,6/9/90,1/1/99,Senior Engineer
286243,Ronghao,Gecsel,3/14/64,9/7/87,1/1/99,Staff
286244,Hironoby,Mansanne,4/23/63,9/30/89,1/1/99,Senior Staff
286251,Magdalena,Birdsall,12/8/63,12/9/85,1/1/99,Engineer
286261,Younwoo,Straney,5/9/63,2/24/95,1/1/99,Senior Engineer
286265,Masato,Gerlach,3/13/64,11/17/91,1/1/99,Engineer
286267,Pantung,Waeselynck,1/10/63,4/19/98,1/1/99,Technique Leader
286268,Conal,Zielinski,11/7/62,7/11/88,1/1/99,Engineer
286283,Yuriy,Mullainathan,4/27/64,4/25/90,1/1/99,Engineer
286286,Elrique,Laurillard,8/30/63,4/23/86,1/1/99,Technique Leader
286287,Nalini,Lorho,1/14/62,1/22/98,1/1/99,Senior Engineer
286291,Lena,Kieras,7/9/62,8/16/94,1/1/99,Senior Engineer
286311,Geraldo,Marrevee,1/29/63,4/13/94,1/1/99,Staff
286312,Dhritiman,Braunmuhl,12/31/64,12/19/93,1/1/99,Engineer
286316,Suvo,Baik,12/13/63,8/9/96,1/1/99,Engineer
286320,Inderjeet,Piancastelli,7/20/64,8/21/86,1/1/99,Engineer
286333,Weiru,Ushiama,5/9/63,6/14/94,1/1/99,Senior Staff
286337,Jiann,Erman,6/23/63,3/31/99,1/1/99,Engineer
286356,Chaosheng,Attimonelli,1/2/62,7/4/85,1/1/99,Senior Engineer
286359,Unal,Ritzmann,8/1/64,8/4/87,1/1/99,Engineer
286370,Toshimitsu,Seuren,1/6/65,1/19/95,1/1/99,Staff
286371,Along,Guerreiro,12/29/63,9/14/87,1/1/99,Technique Leader
286373,Mohua,Czap,12/29/62,11/9/92,1/1/99,Senior Engineer
286379,Marko,Otillio,7/7/62,4/1/88,1/1/99,Engineer
286382,Toshimo,Wursthorn,12/23/64,6/13/85,1/1/99,Staff
286392,Idoia,Anguita,3/25/63,5/17/90,1/1/99,Senior Engineer
286405,Karlis,Honglei,8/11/63,5/12/92,1/1/99,Assistant Engineer
286410,Vasilii,Taneja,12/10/64,4/24/94,1/1/99,Engineer
286421,Akemi,Jiang,8/5/64,3/17/85,1/1/99,Senior Engineer
286422,Bernd,Poehlman,3/25/63,11/7/92,1/1/99,Senior Engineer
286424,Shen,Eppinger,1/10/64,4/13/85,1/1/99,Assistant Engineer
286436,Shirish,Fiebach,12/4/63,4/3/01,1/1/99,Senior Staff
286437,Radoslaw,Fioravanti,8/2/64,7/17/87,1/1/99,Senior Engineer
286442,Aamer,Georg,8/4/64,1/7/00,1/1/99,Technique Leader
286448,Roselyn,Benzaken,9/2/63,3/30/91,1/1/99,Staff
286452,Behnaam,Bierbaum,1/26/65,1/31/99,1/1/99,Engineer
286456,Jiann,DasSarma,11/19/62,9/13/97,1/1/99,Engineer
286468,Freyja,Strooper,2/6/62,8/14/88,1/1/99,Engineer
286469,Tze,Brendel,7/23/64,7/17/99,1/1/99,Senior Staff
286471,Dante,Figueira,5/17/62,7/16/99,1/1/99,Assistant Engineer
286481,Brewster,Polajnar,4/8/62,5/9/92,1/1/99,Senior Engineer
286482,Zhenhua,Jarecki,4/3/62,11/17/91,1/1/99,Assistant Engineer
286486,Iara,Champarnaud,9/29/63,1/2/88,1/1/99,Assistant Engineer
286487,Eldridge,Papastamatiou,6/4/63,12/18/01,1/1/99,Senior Staff
286492,Shahaf,Ginneken,6/29/63,7/25/88,1/1/99,Technique Leader
286494,Wuxu,Klyachko,5/23/64,8/10/92,1/1/99,Senior Engineer
286500,Shigeo,Panienski,6/20/64,1/2/96,1/1/99,Engineer
286507,Troy,Raczkowsky,12/31/63,2/24/94,1/1/99,Senior Engineer
286512,Luerbio,Kragelund,7/17/64,6/25/94,1/1/99,Senior Staff
286520,Annemarie,Kroon,12/18/63,2/19/90,1/1/99,Engineer
286521,Ortrun,Syrzycki,5/12/64,12/22/87,1/1/99,Senior Staff
286527,Tommaso,DasSarma,7/28/63,9/17/92,1/1/99,Senior Staff
286538,Sukumar,Attimonelli,5/25/63,8/21/86,1/1/99,Engineer
286546,Arlette,Hempstead,6/1/62,9/26/88,1/1/99,Engineer
286551,Shaunak,Range,11/27/62,3/25/99,1/1/99,Technique Leader
286554,Zijian,Schmiedel,3/22/64,10/1/88,1/1/99,Senior Engineer
286556,Khun,Zuberek,1/12/63,2/16/88,1/1/99,Senior Staff
286564,Tadahiko,Bresenham,5/28/64,9/15/91,1/1/99,Senior Engineer
286565,Atreyi,Luce,3/11/62,1/1/00,1/1/99,Senior Staff
286567,Tamiya,Swiler,11/30/64,8/16/98,1/1/99,Staff
286569,Masaki,Oxenboll,10/5/63,4/29/86,1/1/99,Staff
286573,Nahum,Nishimukai,1/27/65,7/29/94,1/1/99,Senior Engineer
286574,Barna,Mundy,3/31/64,4/25/98,1/1/99,Senior Engineer
286585,Sreenivas,Bierbaum,6/1/62,10/16/95,1/1/99,Staff
286596,Odysseas,Servieres,11/2/62,6/3/91,1/1/99,Senior Engineer
286602,Mokhtar,Sichman,1/10/64,5/6/90,1/1/99,Engineer
286604,Godehard,Ressouche,8/15/64,7/10/90,1/1/99,Technique Leader
286609,Ult,Cummings,3/18/63,6/1/90,1/1/99,Staff
286616,Zine,Perin,10/27/62,3/2/88,1/1/99,Senior Staff
286623,Youngkon,Ermel,6/19/62,11/5/94,1/1/99,Senior Staff
286625,Spyrose,Kushnir,5/26/62,8/17/92,1/1/99,Senior Engineer
286637,Haldon,Himler,9/25/62,12/21/94,1/1/99,Engineer
286645,Herbert,Sury,8/24/62,3/24/89,1/1/99,Senior Engineer
286649,Jovan,Penn,10/21/62,1/8/96,1/1/99,Senior Engineer
286652,Wuxu,Nollmann,5/22/64,2/13/88,1/1/99,Senior Staff
286655,Dulce,Oxman,7/30/62,5/31/99,1/1/99,Technique Leader
286656,Urs,Swiler,11/19/62,7/12/85,1/1/99,Senior Engineer
286660,Mack,Foong,1/13/62,8/17/96,1/1/99,Staff
286666,Masoud,Cappello,5/25/63,6/22/96,1/1/99,Staff
286671,Masadi,Vickson,8/19/62,4/26/85,1/1/99,Senior Engineer
286679,Basil,Gerlach,10/19/62,12/3/93,1/1/99,Staff
286684,Mart,Delgrossi,8/6/63,12/6/86,1/1/99,Senior Engineer
286685,Vincent,Gecsei,1/25/62,5/30/89,1/1/99,Senior Engineer
286688,Tsuneo,Begiun,5/16/63,10/5/92,1/1/99,Senior Staff
286689,Ebru,Bellmore,4/18/64,2/3/00,1/1/99,Senior Engineer
286690,Shirish,Suessmith,1/13/63,10/8/91,1/1/99,Senior Staff
286693,Dzung,Apsitis,9/7/64,12/17/89,1/1/99,Senior Staff
286698,Hairong,Ritzmann,12/28/62,3/4/97,1/1/99,Staff
286707,Khoa,Kaiserswerth,9/2/62,8/10/01,1/1/99,Engineer
286712,Muneo,Stentiford,8/27/63,6/21/88,1/1/99,Senior Engineer
286713,Vishwani,Lunn,10/2/62,12/25/85,1/1/99,Senior Staff
286717,Chriss,Velardi,9/18/62,3/3/96,1/1/99,Staff
286719,Akhilish,Stafford,2/19/64,2/7/94,1/1/99,Senior Engineer
286720,KayLiang,Gien,6/3/64,6/25/86,1/1/99,Senior Staff
286728,Geoff,Sabnani,12/1/64,1/9/99,1/1/99,Engineer
286743,Krisda,Perng,2/12/64,10/23/87,1/1/99,Senior Staff
286753,Hongzue,Zockler,5/17/63,10/17/89,1/1/99,Senior Engineer
286756,Shounak,Speel,9/22/64,1/14/98,1/1/99,Staff
286761,Insup,Bashian,1/24/64,7/8/90,1/1/99,Senior Engineer
286762,Danny,Gimbel,4/20/64,7/11/85,1/1/99,Technique Leader
286764,Mikhail,Kenevan,11/25/62,6/29/02,1/1/99,Staff
286768,Manibrata,Lovengreen,4/12/63,7/29/91,1/1/99,Staff
286770,Adamantios,Ambroszkiewicz,12/14/64,2/2/90,1/1/99,Senior Engineer
286774,Mohit,Merks,1/26/63,3/17/95,1/1/99,Senior Staff
286779,Sigeru,Versino,1/24/65,8/31/98,1/1/99,Engineer
286782,Xiping,Ranft,7/31/63,12/3/89,1/1/99,Engineer
286783,Visit,Ramsak,2/9/62,12/13/99,1/1/99,Staff
286785,Van,Munro,9/2/62,8/29/95,1/1/99,Senior Staff
286798,Elvia,Jarecki,10/21/63,9/14/89,1/1/99,Senior Engineer
286813,Somnath,Demian,12/12/63,8/20/87,1/1/99,Engineer
286816,Wayne,Rosenbaum,11/16/64,6/14/93,1/1/99,Senior Engineer
286818,Anwar,Bahk,10/3/64,5/15/91,1/1/99,Engineer
286821,Marie,Felcyn,1/25/62,12/31/89,1/1/99,Senior Staff
286831,Behnaam,Camurati,11/9/64,5/7/89,1/1/99,Senior Engineer
286835,Hitomi,Streng,7/26/62,7/14/01,1/1/99,Senior Engineer
286848,Ulf,Demeyer,5/19/64,2/7/86,1/1/99,Technique Leader
286849,Sukumar,Bahl,12/27/64,1/24/94,1/1/99,Staff
286855,Deborah,Shihab,1/3/64,3/18/87,1/1/99,Staff
286862,Vojin,Ebeling,5/16/64,8/20/98,1/1/99,Senior Engineer
286865,Sreekrishna,Osgood,8/23/63,5/14/96,1/1/99,Senior Engineer
286866,Pascal,Ferriere,11/22/62,6/3/99,1/1/99,Staff
286867,Christ,Fritzsche,4/1/64,5/6/88,1/1/99,Senior Staff
286868,Zongyan,Leijenhorst,12/24/62,2/18/91,1/1/99,Engineer
286874,Vesna,Acton,4/26/62,12/7/91,1/1/99,Senior Engineer
286877,Yinghua,Halloran,7/17/63,12/23/88,1/1/99,Senior Staff
286883,Yahiko,Garnier,11/16/64,6/4/98,1/1/99,Staff
286887,Steve,Suomi,8/24/64,11/5/89,1/1/99,Senior Engineer
286891,Salvador,Baek,1/5/62,3/16/00,1/1/99,Engineer
286892,Paris,Millington,1/23/64,10/30/96,1/1/99,Assistant Engineer
286906,Prasadram,Ghelli,6/26/64,7/11/95,1/1/99,Senior Engineer
286907,Along,Pavlopoulou,6/24/64,6/25/85,1/1/99,Engineer
286913,Zhenhua,Bain,7/22/63,7/26/95,1/1/99,Senior Engineer
286920,Sanjit,Esposito,7/2/64,3/28/92,1/1/99,Senior Staff
286925,Tsz,Gladwell,11/15/62,10/29/92,1/1/99,Senior Staff
286942,Fusako,Thombley,2/21/63,5/5/87,1/1/99,Senior Staff
286946,Debaprosad,Hebden,5/10/64,3/24/89,1/1/99,Senior Staff
286950,Xuedong,Snedden,3/7/63,4/13/98,1/1/99,Staff
286960,Maris,Cullers,2/13/62,4/8/91,1/1/99,Senior Engineer
286962,Byong,Braccini,3/20/62,1/7/92,1/1/99,Engineer
286966,Nathan,Alblas,12/26/64,6/25/97,1/1/99,Staff
286967,Kokou,Lodder,8/1/62,1/2/92,1/1/99,Senior Engineer
286985,Udi,Pusterhofer,8/31/62,12/23/00,1/1/99,Senior Staff
286986,Woody,Trelles,1/1/65,5/23/96,1/1/99,Senior Engineer
286990,Christfried,Flowers,8/1/64,12/2/89,1/1/99,Senior Staff
286993,Rafael,Cullers,9/18/63,5/14/98,1/1/99,Engineer
287000,Yinghua,Georgatos,10/18/64,3/1/95,1/1/99,Staff
287003,Dmitri,Rosin,3/27/62,8/27/96,1/1/99,Technique Leader
287004,Berto,Dehkordi,4/24/62,6/8/97,1/1/99,Technique Leader
287007,Jinya,Boguraev,11/12/62,8/19/89,1/1/99,Engineer
287012,Sreekrishna,Masada,3/7/63,5/1/99,1/1/99,Staff
287024,Eirik,Birdsall,2/2/63,9/19/93,1/1/99,Senior Engineer
287028,LiMin,Heystek,6/24/62,3/6/88,1/1/99,Senior Engineer
287030,Nechama,Navazio,7/3/64,4/20/98,1/1/99,Staff
287031,Richard,Garnham,12/1/64,12/31/85,1/1/99,Senior Engineer
287039,Shahab,Ginneken,5/29/64,7/14/96,1/1/99,Senior Staff
287043,Jaques,Restivo,12/5/62,12/1/86,1/1/99,Senior Engineer
287044,Turgut,Range,3/2/62,1/24/87,1/1/99,Senior Engineer
287050,Supot,Carrere,3/27/63,5/4/96,1/1/99,Senior Staff
287051,Arif,Lorch,9/23/63,5/3/97,1/1/99,Staff
287061,Leif,Vasanthakumar,1/5/63,7/12/99,1/1/99,Staff
287071,Zito,Breugel,12/10/62,4/29/90,1/1/99,Senior Staff
287073,Morrie,Dichev,7/4/63,10/1/91,1/1/99,Engineer
287077,Yuchang,Polajnar,3/18/63,9/29/87,1/1/99,Senior Engineer
287080,Radhika,Plotkin,12/20/62,3/5/95,1/1/99,Engineer
287085,Janche,Borstler,2/7/63,9/13/97,1/1/99,Engineer
287087,Takahira,Zultner,12/8/62,6/30/99,1/1/99,Staff
287089,JoAnne,Krohm,4/6/62,1/28/94,1/1/99,Staff
287096,Reinhard,Staudhammer,8/23/63,8/22/92,1/1/99,Engineer
287103,Martial,Poupard,3/4/64,4/8/87,1/1/99,Staff
287108,Hidde,Ferriere,10/2/62,10/28/90,1/1/99,Senior Engineer
287110,Siamak,Azevdeo,4/15/64,7/31/92,1/1/99,Senior Engineer
287117,Adas,Kamble,4/8/62,8/8/97,1/1/99,Senior Staff
287124,Tremaine,Soicher,1/23/64,7/22/96,1/1/99,Staff
287128,Kwangho,Schusler,12/17/64,10/30/93,1/1/99,Senior Staff
287136,Shakhar,Granlund,7/7/62,10/27/95,1/1/99,Staff
287137,Turgut,Parfitt,11/21/62,8/1/88,1/1/99,Assistant Engineer
287148,Shunichi,Birjandi,10/15/63,11/26/86,1/1/99,Senior Engineer
287153,Bodh,Hemaspaandra,4/9/62,3/20/99,1/1/99,Engineer
287160,Francesca,Bamford,9/29/64,5/8/90,1/1/99,Senior Staff
287173,Moriyoshi,Luby,3/22/64,2/20/87,1/1/99,Senior Staff
287178,Gou,Hmelo,11/21/63,7/10/87,1/1/99,Staff
287194,Narain,Bashian,1/16/64,7/8/00,1/1/99,Senior Engineer
287206,Vatsa,Schlumberger,1/15/63,4/10/90,1/1/99,Senior Staff
287209,Rasikan,Wursthorn,10/14/62,3/5/90,1/1/99,Senior Staff
287217,Yongmao,Erie,1/3/64,3/29/93,1/1/99,Senior Staff
287219,Tua,Zucker,6/14/62,7/16/85,1/1/99,Technique Leader
287220,Surveyors,Alencar,4/17/64,10/10/96,1/1/99,Staff
287227,Kolar,Veevers,7/24/64,2/2/95,1/1/99,Senior Staff
287235,Shaz,Covnot,6/10/63,6/29/93,1/1/99,Senior Engineer
287236,Krister,Hmelo,6/22/64,4/26/89,1/1/99,Technique Leader
287256,Garnik,Danlos,1/27/64,11/3/90,1/1/99,Technique Leader
287257,Moss,Sgarro,4/6/63,9/3/91,1/1/99,Staff
287259,Mircea,DasSarma,8/27/63,12/19/99,1/1/99,Staff
287260,Along,Cyne,1/10/63,5/3/92,1/1/99,Engineer
287269,Leah,Siochi,4/13/62,2/4/91,1/1/99,Technique Leader
287272,Dmitry,Denny,12/12/64,5/8/93,1/1/99,Staff
287276,Alagu,Hofstetter,9/25/63,10/25/98,1/1/99,Engineer
287281,Tonia,Capobianchi,5/29/63,11/4/89,1/1/99,Senior Staff
287285,Jianhao,Shanbhogue,9/3/63,4/23/95,1/1/99,Staff
287288,Dulce,Hempstead,3/10/64,10/3/85,1/1/99,Engineer
287291,Youpyo,Doering,3/4/62,9/9/94,1/1/99,Engineer
287297,Ramalingam,Speckmann,9/2/63,10/18/85,1/1/99,Senior Engineer
287299,Nechama,Rothenberg,8/11/62,5/27/88,1/1/99,Senior Staff
287300,Baoqiu,Muntz,10/3/64,12/21/98,1/1/99,Senior Engineer
287308,Basant,Kambil,11/4/64,8/19/99,1/1/99,Engineer
287309,Przemyslawa,Swan,6/16/63,3/21/02,1/1/99,Senior Engineer
287317,Gopalakrishnan,Hiroyama,11/25/64,4/22/87,1/1/99,Staff
287323,Steve,Dengi,2/1/65,9/15/99,1/1/99,Staff
287324,Fayez,Stranks,7/23/62,4/24/89,1/1/99,Senior Engineer
287326,Aron,Stenning,11/20/62,5/20/96,1/1/99,Senior Engineer
287327,Youjian,Felder,1/13/65,7/15/93,1/1/99,Senior Staff
287330,Houman,Belinskaya,7/17/62,8/19/91,1/1/99,Senior Staff
287333,Nagui,Famili,6/20/63,3/13/92,1/1/99,Senior Staff
287334,Elliott,Speer,1/5/65,8/8/98,1/1/99,Engineer
287340,Bingning,Herber,4/21/62,3/8/97,1/1/99,Senior Staff
287357,Paraskevi,Chepyzhov,4/16/64,10/15/94,1/1/99,Senior Staff
287360,Teruyuki,Lindenbaum,8/3/64,7/31/98,1/1/99,Staff
287361,Hisao,Gini,5/30/62,11/19/96,1/1/99,Staff
287363,Yuuichi,Stasinski,8/18/62,9/7/92,1/1/99,Senior Staff
287380,Huican,Lorcy,2/15/64,8/28/96,1/1/99,Senior Staff
287392,Thodoros,Berendt,9/30/62,8/6/86,1/1/99,Staff
287395,Pranav,Esposito,2/28/64,11/6/86,1/1/99,Engineer
287401,Jeane,Thambidurai,2/18/63,10/19/92,1/1/99,Technique Leader
287410,Xuejun,Asmuth,9/2/64,7/29/99,1/1/99,Engineer
287411,Dipankar,Birjandi,5/25/63,7/1/90,1/1/99,Senior Staff
287419,Xiaoshan,Morris,9/28/64,2/26/98,1/1/99,Assistant Engineer
287422,Karoline,Colorni,11/5/64,11/9/85,1/1/99,Senior Engineer
287427,Danny,Weedon,3/9/63,2/23/01,1/1/99,Engineer
287431,Jaihie,Chaudhuri,8/16/64,2/17/95,1/1/99,Staff
287432,Mohit,Luan,6/15/64,4/4/96,1/1/99,Senior Engineer
287435,Yishay,Lemarechal,1/7/63,1/15/98,1/1/99,Engineer
287449,Rimon,Hutton,3/21/62,8/24/90,1/1/99,Senior Staff
287450,Anneke,Parfitt,7/12/63,2/15/95,1/1/99,Senior Engineer
287456,Heejo,Jansch,9/24/62,11/28/92,1/1/99,Senior Staff
287460,Sandeepan,Ossenbruggen,8/22/64,3/11/91,1/1/99,Senior Staff
287469,Guiseppe,Iisaku,11/18/62,9/15/86,1/1/99,Senior Engineer
287482,Shigeaki,Gihr,1/1/65,3/18/94,1/1/99,Engineer
287484,Saeko,VanScheik,6/22/63,1/21/87,1/1/99,Staff
287487,Hideo,Heemskerk,9/5/62,6/25/89,1/1/99,Senior Staff
287488,Jaroslava,Aumann,10/23/63,5/23/01,1/1/99,Senior Staff
287491,Sastry,Escriba,11/8/63,3/11/87,1/1/99,Engineer
287494,Kshitij,Conry,9/18/62,10/25/95,1/1/99,Engineer
287499,Munehiro,Jullig,7/20/63,2/20/85,1/1/99,Senior Engineer
287500,Lokesh,Feinberg,9/29/63,11/20/88,1/1/99,Senior Engineer
287508,Anneke,Wissmann,9/7/64,7/6/94,1/1/99,Senior Engineer
287511,Samphel,Muhling,8/21/63,2/4/88,1/1/99,Senior Engineer
287513,Yakkov,Foong,1/4/62,6/26/87,1/1/99,Senior Staff
287522,Gay,Matzen,2/13/63,6/25/93,1/1/99,Engineer
287525,Leszek,Fontan,4/29/64,10/14/01,1/1/99,Staff
287526,Fatemeh,Turnbull,10/1/63,7/7/97,1/1/99,Engineer
287533,Utz,Niizuma,9/22/63,1/2/90,1/1/99,Senior Staff
287544,Thanasis,Ossenbruggen,2/20/63,7/7/90,1/1/99,Staff
287555,Yucai,Speek,1/21/62,6/4/91,1/1/99,Engineer
287571,Kristin,Stenning,7/1/64,7/9/86,1/1/99,Senior Staff
287574,Avishai,Driscoll,6/14/64,10/9/91,1/1/99,Technique Leader
287581,Remco,Jullig,11/26/62,5/20/94,1/1/99,Senior Engineer
287583,Jovan,Hockney,1/18/65,6/21/90,1/1/99,Engineer
287590,Berthier,Pelc,10/2/62,3/13/98,1/1/99,Staff
287591,Abdelwaheb,Motley,11/29/62,4/16/85,1/1/99,Staff
287596,Ranga,Fandrianto,5/6/63,3/1/89,1/1/99,Engineer
287603,Domenico,Leaver,10/2/63,10/25/92,1/1/99,Senior Staff
287609,Sailaja,Negoita,1/6/65,1/20/88,1/1/99,Engineer
287612,Weicheng,Petereit,8/22/64,11/23/96,1/1/99,Staff
287615,Jaques,Mansanne,12/17/63,3/8/91,1/1/99,Engineer
287619,Yonghoan,Ellozy,1/14/64,5/15/98,1/1/99,Senior Engineer
287622,Berhard,Radwan,1/20/63,1/8/91,1/1/99,Senior Engineer
287639,Gro,Bage,7/2/62,3/3/90,1/1/99,Senior Staff
287643,Jayesh,Kusakabe,1/27/63,12/3/93,1/1/99,Engineer
287649,Abdelwaheb,Hainaut,10/3/63,3/25/86,1/1/99,Senior Engineer
287694,Vitali,Sinicrope,10/4/63,8/11/90,1/1/99,Senior Staff
287702,Munehiro,Angelopoulos,6/21/62,4/7/86,1/1/99,Senior Staff
287707,Padma,Karlin,8/24/62,5/28/99,1/1/99,Technique Leader
287713,Aamod,Ranka,1/23/65,12/7/92,1/1/99,Senior Staff
287719,Sanjit,Begiun,7/19/64,10/29/98,1/1/99,Staff
287722,Huan,Dichev,5/14/62,9/2/91,1/1/99,Engineer
287724,Munenori,Marchegay,4/25/62,7/28/98,1/1/99,Staff
287725,Shooichi,Farrow,9/23/64,1/6/95,1/1/99,Senior Engineer
287728,Gift,Makrucki,6/7/62,5/28/99,1/1/99,Staff
287730,Insup,Madeira,11/29/63,5/21/95,1/1/99,Senior Staff
287731,Ayakannu,Antonisse,1/9/62,8/6/95,1/1/99,Staff
287738,Gad,Olano,5/20/64,5/25/92,1/1/99,Senior Engineer
287739,Shigeo,Etalle,7/17/62,6/23/85,1/1/99,Engineer
287752,Naraig,Denna,10/23/64,7/24/87,1/1/99,Senior Staff
287756,Douadi,Ernst,11/12/63,8/27/98,1/1/99,Assistant Engineer
287758,Kristinn,Lorch,7/31/63,2/27/99,1/1/99,Engineer
287766,Angel,Madeira,11/26/63,12/11/99,1/1/99,Engineer
287771,Muzhong,Schauser,10/7/64,4/19/96,1/1/99,Assistant Engineer
287772,Tremaine,Dayana,12/18/62,11/17/87,1/1/99,Engineer
287779,Indrajit,Oppitz,7/21/62,8/15/99,1/1/99,Engineer
287786,Amabile,Georgatos,6/29/63,5/29/87,1/1/99,Senior Engineer
287790,Kenton,Shigei,6/15/62,6/12/93,1/1/99,Senior Staff
287792,Tremaine,Alpin,11/22/64,4/16/85,1/1/99,Staff
287800,Tran,Conti,7/25/63,12/29/85,1/1/99,Technique Leader
287801,Akeno,Beidas,7/19/64,10/20/91,1/1/99,Senior Engineer
287808,Vidar,Ozeki,1/9/65,6/17/96,1/1/99,Technique Leader
287811,Otilia,Rothenberg,8/21/62,11/29/86,1/1/99,Senior Staff
287814,Baruch,Siegrist,10/20/62,1/25/94,1/1/99,Senior Engineer
287816,Larisa,Heemskerk,9/30/62,4/5/93,1/1/99,Senior Engineer
287843,Badri,Murrill,2/23/64,2/14/98,1/1/99,Engineer
287849,Xinglin,Chaudhury,1/5/63,3/31/87,1/1/99,Senior Engineer
287859,Yuriy,Aloisi,12/5/62,8/25/85,1/1/99,Staff
287866,Eben,Dalphin,7/18/62,3/3/86,1/1/99,Senior Engineer
287879,Satosi,Einsfeld,6/17/64,2/17/86,1/1/99,Staff
287893,Udaiprakash,Pavlopoulou,8/5/63,3/26/92,1/1/99,Senior Staff
287896,Hailing,Ramsey,4/5/63,5/2/93,1/1/99,Senior Engineer
287899,Flemming,Nastansky,2/7/63,4/25/88,1/1/99,Senior Staff
287903,Bilhanan,Bondorf,6/10/64,6/5/89,1/1/99,Engineer
287907,Yakkov,Peot,11/17/62,3/21/85,1/1/99,Senior Staff
287909,Youngkon,Denna,1/6/62,2/24/94,1/1/99,Staff
287914,Reuven,Chiola,9/1/63,9/27/86,1/1/99,Technique Leader
287916,Constantine,Baig,7/15/64,10/29/98,1/1/99,Engineer
287920,Akemi,Angiulli,11/5/64,3/3/96,1/1/99,Staff
287922,Christ,Nicolson,7/22/64,10/21/87,1/1/99,Staff
287934,Goo,Giaccio,7/23/63,11/17/90,1/1/99,Senior Staff
287937,Shuho,Magalhaes,8/1/63,6/20/96,1/1/99,Senior Staff
287945,Hauke,Foong,11/29/63,9/8/95,1/1/99,Senior Engineer
287952,Siddarth,Oehlmann,1/18/63,2/18/87,1/1/99,Staff
287959,Chenye,Fandrianto,2/10/64,9/12/89,1/1/99,Technique Leader
287960,Adly,Breugel,7/12/63,3/16/96,1/1/99,Engineer
287965,Sadok,Menyhert,5/12/62,7/23/91,1/1/99,Senior Engineer
287978,Sasan,Delgrange,11/18/64,3/6/87,1/1/99,Senior Staff
287983,Randi,Munos,1/23/65,9/7/90,1/1/99,Senior Staff
287984,Troy,Kobuchi,1/9/65,2/12/91,1/1/99,Engineer
287993,Jiakeng,Itzfeldt,11/19/64,1/19/88,1/1/99,Senior Engineer
288003,Odoardo,Salinas,10/21/63,4/17/96,1/1/99,Senior Staff
288007,Xuejia,Perko,1/23/63,11/30/98,1/1/99,Staff
288008,Chuanyi,Gerlach,1/12/63,10/16/92,1/1/99,Staff
288012,Christoph,Thibadeau,4/21/62,11/24/96,1/1/99,Senior Engineer
288021,Volkmar,Lodder,6/2/64,12/21/85,1/1/99,Assistant Engineer
288028,Kauko,Narwekar,1/22/65,12/16/85,1/1/99,Senior Engineer
288031,Chikara,Pero,2/17/62,8/27/85,1/1/99,Senior Staff
288037,Terresa,Preusig,2/9/63,10/28/99,1/1/99,Staff
288042,Georg,Kornatzky,5/19/64,7/1/90,1/1/99,Senior Engineer
288046,Tokuyasu,Feldhoffer,5/15/62,8/7/86,1/1/99,Senior Staff
288061,Paraskevi,Birsak,8/25/62,8/21/86,1/1/99,Senior Engineer
288070,Anwar,Stanger,2/14/62,4/11/85,1/1/99,Staff
288076,Sreekrishna,Botman,9/1/62,8/10/88,1/1/99,Senior Staff
288077,Falguni,Ernst,3/27/64,2/7/88,1/1/99,Senior Engineer
288083,Michaela,Larfeldt,3/26/63,10/13/88,1/1/99,Senior Staff
288089,Berry,Lemarechal,11/7/63,5/19/87,1/1/99,Senior Engineer
288097,Kazuhisa,Muchinsky,11/11/64,7/15/86,1/1/99,Staff
288110,Claude,Qiwen,8/19/63,11/17/86,1/1/99,Senior Staff
288111,Miomir,Griswold,6/2/64,1/17/00,1/1/99,Senior Engineer
288119,Perry,Munch,10/6/64,3/17/90,1/1/99,Senior Engineer
288120,Lakshmi,Dulin,1/23/62,11/17/93,1/1/99,Staff
288123,Zsolt,Huhdanpaa,8/2/62,1/23/95,1/1/99,Senior Staff
288126,Claudi,Cusworth,9/30/63,2/1/93,1/1/99,Senior Staff
288137,Mabo,Hoppenstand,3/7/63,4/17/90,1/1/99,Senior Engineer
288140,Steen,Biros,12/10/63,5/13/97,1/1/99,Senior Staff
288142,Shay,Heystek,1/25/65,4/1/89,1/1/99,Staff
288152,Mohua,Karcich,11/19/62,1/3/98,1/1/99,Engineer
288160,Tzvetan,Schlegelmilch,2/18/62,7/7/95,1/1/99,Staff
288166,Masoud,Asmuth,1/11/65,9/5/94,1/1/99,Staff
288173,Susanta,Quadeer,11/26/63,6/28/92,1/1/99,Senior Staff
288179,Chenyi,Melski,12/21/63,9/8/87,1/1/99,Senior Engineer
288181,Valdiodio,Mahnke,3/22/63,12/2/95,1/1/99,Senior Staff
288182,Gennady,Bahr,7/21/64,5/12/95,1/1/99,Engineer
288192,Jamaludin,Openshaw,11/26/64,12/17/86,1/1/99,Staff
288196,Olivera,Usery,2/20/63,10/26/00,1/1/99,Engineer
288200,Tze,Daescu,12/16/62,1/29/88,1/1/99,Staff
288214,Shawna,Mikschl,7/24/62,10/6/97,1/1/99,Engineer
288217,Ingmar,Kranzdorf,12/7/62,11/5/96,1/1/99,Engineer
288224,Ramalingam,Serdy,9/30/62,1/13/95,1/1/99,Engineer
288225,Karlis,Busillo,11/20/63,12/10/93,1/1/99,Senior Engineer
288226,Guiseppe,Weedman,6/3/64,12/5/85,1/1/99,Senior Engineer
288228,Aram,Pettis,10/10/64,9/27/87,1/1/99,Engineer
288230,Zijian,Aseltine,7/19/62,2/14/95,1/1/99,Senior Staff
288232,Shunichi,Attimonelli,5/26/64,11/19/88,1/1/99,Senior Engineer
288236,Sanjit,Sommer,8/18/64,6/10/98,1/1/99,Technique Leader
288238,Bedrich,Cannane,7/7/64,7/11/88,1/1/99,Engineer
288239,Jasminko,Camarinopoulos,2/24/62,7/11/89,1/1/99,Staff
288241,Guiseppe,Jullig,11/2/63,3/11/93,1/1/99,Engineer
288251,Pintsang,Solares,4/10/62,7/10/85,1/1/99,Technique Leader
288266,Angel,Ladret,8/30/62,8/1/89,1/1/99,Senior Staff
288267,Renee,Uchoa,7/11/63,4/6/99,1/1/99,Senior Staff
288269,Utz,Cullers,12/5/63,6/6/99,1/1/99,Engineer
288273,Danny,Ramsey,3/11/62,10/15/94,1/1/99,Senior Engineer
288286,Janalee,Bharadwaj,11/21/62,11/16/99,1/1/99,Engineer
288287,Shahaf,Kushnir,12/9/63,8/26/92,1/1/99,Senior Staff
288289,Radhia,Roohalamini,8/1/63,7/20/93,1/1/99,Senior Staff
288292,Greger,Luft,5/15/63,2/19/98,1/1/99,Staff
288296,Shahar,Hutton,7/17/63,10/8/98,1/1/99,Senior Staff
288299,Sashi,Reeker,1/18/63,11/28/87,1/1/99,Senior Staff
288300,Chriss,Kilgore,2/3/62,3/18/93,1/1/99,Senior Engineer
288308,Make,Demian,9/16/64,7/22/89,1/1/99,Engineer
288313,Tuval,Gulak,8/30/62,3/9/98,1/1/99,Staff
288315,Dharmaraja,Mellouli,3/29/64,4/8/85,1/1/99,Senior Staff
288324,Martien,Merle,6/27/63,10/4/93,1/1/99,Senior Staff
288344,Jianhao,Xiaoshan,5/29/62,10/19/99,1/1/99,Senior Engineer
288347,Mantis,Mukaidono,5/10/64,3/8/99,1/1/99,Engineer
288352,Gianluca,Petersohn,11/13/64,8/10/91,1/1/99,Senior Engineer
288353,Khalid,Decleir,1/3/64,4/1/87,1/1/99,Senior Staff
288355,Babette,Kisuki,5/17/63,11/24/97,1/1/99,Engineer
288370,Sanjeeva,Benveniste,7/8/64,5/13/95,1/1/99,Engineer
288377,Xiaoqiang,Kusakari,10/7/64,11/25/90,1/1/99,Senior Staff
288383,Heng,Reeken,9/13/64,1/1/88,1/1/99,Technique Leader
288390,Marie,Kaiser,3/25/62,3/29/96,1/1/99,Engineer
288391,Temple,Zongker,10/7/64,3/21/00,1/1/99,Senior Engineer
288400,Arvin,Haraldson,5/2/62,3/27/98,1/1/99,Staff
288411,Achilleas,Frolund,7/22/64,3/15/86,1/1/99,Engineer
288422,Raimond,Boudaillier,12/5/62,2/1/98,1/1/99,Engineer
288425,Stepehn,Jullig,11/15/64,4/8/86,1/1/99,Engineer
288428,Pranas,Kushnir,4/11/64,5/12/95,1/1/99,Engineer
288429,Luerbio,Luga,2/22/64,4/18/86,1/1/99,Senior Engineer
288432,Dzung,Olano,8/26/63,12/20/85,1/1/99,Senior Engineer
288433,Ayakannu,Peng,4/23/62,5/8/99,1/1/99,Engineer
288434,Arvin,Bazelow,1/27/64,5/4/89,1/1/99,Senior Staff
288440,Shim,Bael,6/15/64,6/20/02,1/1/99,Staff
288447,Goncalo,Schiettecatte,4/6/64,5/30/92,1/1/99,Senior Staff
288455,Margo,Dayang,11/28/63,11/26/89,1/1/99,Engineer
288457,Miquel,Monarch,8/14/63,4/24/93,1/1/99,Staff
288462,Shirish,Klerer,11/30/63,4/3/96,1/1/99,Staff
288471,Giordano,Angiulli,12/28/63,3/8/99,1/1/99,Assistant Engineer
288477,Satyanarayana,Siepmann,1/18/64,10/25/86,1/1/99,Senior Engineer
288481,Venkatesan,Cardazo,1/6/63,7/9/94,1/1/99,Senior Engineer
288493,Arif,Cullers,7/21/62,8/24/93,1/1/99,Staff
288496,Khalil,Rahimi,6/15/63,2/12/89,1/1/99,Engineer
288506,Salvador,Genin,2/10/64,1/28/91,1/1/99,Engineer
288513,Gina,Taneja,2/5/64,6/10/86,1/1/99,Senior Engineer
288515,Hairong,Pusterhofer,1/12/64,7/5/97,1/1/99,Engineer
288518,Felicidad,Comyn,4/22/62,8/16/97,1/1/99,Staff
288523,Percy,Lakshmanan,9/14/62,6/13/91,1/1/99,Engineer
288527,Rafail,Businaro,9/3/64,3/15/85,1/1/99,Engineer
288533,Elvis,Siprelle,9/25/63,3/24/91,1/1/99,Staff
288537,Khaled,Demos,2/24/64,9/16/93,1/1/99,Senior Engineer
288541,Abdelwaheb,Uhrik,4/1/64,5/22/85,1/1/99,Engineer
288543,Denny,Swick,7/5/64,7/23/94,1/1/99,Staff
288545,Nevin,Lodder,1/21/63,2/4/97,1/1/99,Staff
288547,Bedir,Kading,7/27/63,11/11/87,1/1/99,Engineer
288551,Toong,Moffat,6/2/64,2/25/98,1/1/99,Engineer
288556,Aluzio,Bahi,2/2/63,2/6/98,1/1/99,Staff
288559,Franziska,Rijsenbrij,2/9/62,7/19/94,1/1/99,Technique Leader
288560,Yifei,Birjandi,1/16/65,2/7/94,1/1/99,Senior Staff
288561,Zsolt,Honiden,10/23/62,7/5/98,1/1/99,Technique Leader
288563,Cristinel,Gerlach,1/2/65,1/9/96,1/1/99,Engineer
288568,Izaskun,Birge,1/1/64,2/25/97,1/1/99,Senior Staff
288571,Shigeichiro,Kranzdorf,3/23/62,2/23/86,1/1/99,Senior Staff
288584,Along,Ranon,7/23/64,5/18/96,1/1/99,Senior Engineer
288587,Shawna,Ramalingam,11/10/62,10/28/95,1/1/99,Senior Engineer
288589,DeForest,Peck,8/16/64,3/8/86,1/1/99,Staff
288592,Jouko,Bhattacharjee,3/7/62,12/15/92,1/1/99,Senior Staff
288593,Venkatesan,Wixon,5/27/63,7/11/97,1/1/99,Senior Staff
288594,Rildo,Rabehasaina,2/27/62,10/3/87,1/1/99,Senior Engineer
288596,Mircea,Lunn,2/20/62,2/14/95,1/1/99,Technique Leader
288606,Susumu,Swiss,1/21/65,11/15/91,1/1/99,Senior Staff
288609,Cathie,Melichar,9/4/62,1/29/97,1/1/99,Staff
288611,Kristof,Kohling,5/10/63,8/10/98,1/1/99,Senior Engineer
288618,Mountaz,Thiria,10/9/62,10/29/96,1/1/99,Staff
288631,Lalit,Unni,12/30/63,9/12/90,1/1/99,Staff
288633,Karsten,Baumann,7/26/63,8/26/99,1/1/99,Engineer
288635,Ingemar,Kakkar,4/29/63,3/5/89,1/1/99,Senior Engineer
288648,Narain,Senzako,12/12/62,6/6/98,1/1/99,Staff
288649,Paraskevi,Zeidenstein,2/28/64,2/18/95,1/1/99,Senior Engineer
288650,Gao,Pargaonkar,2/10/64,7/14/97,1/1/99,Staff
288663,Shai,Servieres,10/4/64,9/30/87,1/1/99,Senior Staff
288664,Sibyl,Skrikant,7/9/64,4/15/95,1/1/99,Senior Staff
288665,Horward,Khasidashvili,1/31/65,11/19/98,1/1/99,Senior Engineer
288666,Tzvetan,Gruenwald,3/12/62,9/3/91,1/1/99,Engineer
288668,Nechama,Improta,2/20/64,4/28/89,1/1/99,Staff
288672,Heejo,Jayawardene,8/30/64,5/3/94,1/1/99,Senior Staff
288674,Subhrajyoti,Panangaden,5/1/64,5/9/95,1/1/99,Senior Engineer
288676,Shaowen,Parveen,2/12/62,3/22/92,1/1/99,Engineer
288678,Fen,Jayawardene,6/24/62,12/13/01,1/1/99,Technique Leader
288687,Abdelwaheb,Staudhammer,12/18/64,2/19/87,1/1/99,Senior Staff
288689,Armond,Olano,10/14/62,1/10/89,1/1/99,Senior Staff
288699,Xinglin,Bierbaum,12/5/64,9/3/99,1/1/99,Staff
288707,Baoqiu,Shokrollahi,11/16/62,1/20/90,1/1/99,Engineer
288729,Stepehn,Cromarty,3/22/64,2/19/93,1/1/99,Senior Staff
288731,Xuejia,Kopetz,1/4/63,8/29/88,1/1/99,Staff
288733,Yuchang,Waschkowski,9/8/62,5/4/86,1/1/99,Staff
288757,Ramya,Merel,1/31/62,10/8/85,1/1/99,Senior Engineer
288759,Ishfaq,Detkin,7/26/63,11/10/98,1/1/99,Staff
288762,Angel,Ecklund,5/23/64,6/17/98,1/1/99,Staff
288767,Brewster,Giveon,10/15/64,11/2/89,1/1/99,Senior Staff
288773,Janalee,Pouyioutas,5/12/64,11/10/92,1/1/99,Technique Leader
288777,Lein,Mandell,12/6/64,6/11/95,1/1/99,Engineer
288783,Neven,Zongker,4/3/63,11/8/89,1/1/99,Senior Staff
288786,Lillian,Nivat,9/13/63,1/6/99,1/1/99,Engineer
288788,Shigeo,Castellani,12/25/64,4/7/96,1/1/99,Staff
288794,TRUE,Karunanithi,4/28/62,2/6/95,1/1/99,Engineer
288799,Ioana,Collavizza,10/13/62,3/23/86,1/1/99,Engineer
288802,Hideyuki,Champarnaud,2/22/64,4/10/88,1/1/99,Staff
288810,Phuoc,Collette,7/10/63,1/27/91,1/1/99,Senior Staff
288811,Marjo,Fortenbacher,1/13/63,12/20/87,1/1/99,Senior Engineer
288819,Ortrud,Lagarias,2/8/64,11/25/87,1/1/99,Senior Staff
288823,Georgi,Chvatal,3/14/63,2/28/91,1/1/99,Staff
288826,Subhada,Ghemri,2/20/63,8/17/87,1/1/99,Engineer
288828,Shigeichiro,Schaft,7/12/62,1/20/87,1/1/99,Engineer
288833,DAIDA,DiGiano,4/1/62,12/10/93,1/1/99,Senior Staff
288838,Sanjit,Aingworth,9/21/62,1/29/90,1/1/99,Senior Engineer
288839,Thodoros,Matheson,10/13/64,9/17/91,1/1/99,Senior Engineer
288865,Kwok,Cherinka,11/18/64,8/19/94,1/1/99,Engineer
288866,Khue,Fujisaki,2/3/63,12/15/98,1/1/99,Senior Staff
288870,Chiranjit,Besselaar,5/17/63,11/10/96,1/1/99,Senior Engineer
288890,Nadjib,Hebert,9/15/62,5/10/86,1/1/99,Engineer
288893,Bedrich,Rosenbaum,1/30/65,1/27/91,1/1/99,Engineer
288903,Conrado,Schrooten,11/4/63,9/15/98,1/1/99,Staff
288909,Fay,Tasistro,9/11/62,9/10/93,1/1/99,Engineer
288910,Kwan,Gniady,9/26/64,8/19/93,1/1/99,Senior Staff
288911,Mani,Shackel,9/4/64,3/10/93,1/1/99,Senior Engineer
288912,Gregory,Smailagic,3/22/63,12/22/94,1/1/99,Senior Staff
288916,Hailing,Scharstein,4/22/64,10/8/96,1/1/99,Engineer
288920,Nechama,Bage,8/10/63,5/22/85,1/1/99,Staff
288926,Avishai,Staelin,7/31/62,5/11/98,1/1/99,Assistant Engineer
288941,Babette,Albarhamtoshy,7/21/64,8/18/96,1/1/99,Senior Engineer
288944,JoAnna,Rajala,1/21/63,1/24/96,1/1/99,Senior Engineer
288946,Srinidhi,Scharstein,12/30/64,4/3/93,1/1/99,Engineer
288947,Francesca,Falco,7/13/62,3/2/97,1/1/99,Senior Staff
288951,Przemyslawa,Samarati,10/2/63,2/10/95,1/1/99,Senior Engineer
288955,Woody,Zumaque,4/10/62,12/18/92,1/1/99,Senior Staff
288956,Mack,Chimia,9/20/62,10/12/86,1/1/99,Senior Staff
288965,Shaunak,Argence,5/20/64,11/15/96,1/1/99,Engineer
288968,Petter,Kenevan,1/2/64,2/18/92,1/1/99,Senior Staff
288972,Valter,Azumi,4/20/63,11/2/86,1/1/99,Engineer
288975,Pradeep,Cromarty,9/25/62,12/13/87,1/1/99,Assistant Engineer
288983,Gita,Smailagic,4/24/62,4/10/95,1/1/99,Senior Engineer
288990,Shigeichiro,Serna,11/18/62,5/15/92,1/1/99,Assistant Engineer
288993,Guttorm,Boudaillier,10/29/64,7/21/88,1/1/99,Staff
288995,Aral,Bugaenko,11/8/64,5/25/93,1/1/99,Senior Engineer
289020,Denny,Conta,6/16/62,8/7/93,1/1/99,Staff
289035,Juyoung,Doering,2/15/62,10/17/96,1/1/99,Staff
289045,Atreye,Tyugu,9/13/64,9/22/86,1/1/99,Senior Engineer
289047,Sumant,Ginneken,12/3/63,5/1/85,1/1/99,Staff
289056,Jacopo,Lamparter,10/29/63,1/14/98,1/1/99,Staff
289058,Karoline,Frolund,7/26/64,8/29/85,1/1/99,Senior Engineer
289060,Uma,Kragelund,9/28/62,7/17/95,1/1/99,Engineer
289063,Deniz,Alblas,3/23/63,1/28/87,1/1/99,Senior Staff
289066,Woody,Mamelak,4/21/62,10/1/90,1/1/99,Engineer
289073,Magdalena,Kambil,11/29/63,11/25/95,1/1/99,Engineer
289075,Shounak,Takkinen,4/12/63,2/8/95,1/1/99,Senior Engineer
289076,Manu,Schueller,10/3/63,1/12/96,1/1/99,Senior Staff
289078,Hailing,Vecchi,11/6/62,6/29/95,1/1/99,Engineer
289081,Subhrajyoti,Azulay,6/11/62,4/13/98,1/1/99,Senior Staff
289091,Cathie,Speel,9/2/63,4/1/89,1/1/99,Staff
289094,Pascal,Heinisuo,4/2/64,2/26/93,1/1/99,Engineer
289095,Tianruo,Kawashimo,1/12/63,8/5/90,1/1/99,Senior Engineer
289106,Kiam,Schreiter,6/13/62,9/23/99,1/1/99,Engineer
289112,Sugwoo,Cheshire,7/28/63,4/17/92,1/1/99,Senior Engineer
289120,Otilia,Marciano,5/31/63,8/3/98,1/1/99,Engineer
289126,Radhika,Jeansoulin,7/14/64,8/21/88,1/1/99,Senior Engineer
289130,Elzbieta,Taneja,4/18/64,3/26/90,1/1/99,Staff
289133,Jacopo,Deville,3/15/62,8/21/87,1/1/99,Senior Engineer
289141,Cathie,Msuda,12/17/62,8/19/98,1/1/99,Staff
289147,Aris,Kampfer,7/17/63,10/2/86,1/1/99,Staff
289156,Bartek,Lalonde,7/25/64,8/15/91,1/1/99,Senior Engineer
289175,Arnd,Liedekerke,5/17/64,9/8/90,1/1/99,Senior Engineer
289183,Yurii,Gunderson,2/20/64,3/26/85,1/1/99,Senior Engineer
289190,Zhenhua,Hettesheimer,9/20/62,6/17/91,1/1/99,Staff
289193,Petter,Lorch,1/2/62,12/31/89,1/1/99,Technique Leader
289197,Thanasis,Nations,11/19/63,11/21/91,1/1/99,Senior Engineer
289199,Gill,Dalton,9/15/62,7/10/94,1/1/99,Staff
289201,Teruyuki,Pelz,11/21/64,12/9/90,1/1/99,Technique Leader
289202,Shuzo,Muhlberg,10/10/63,10/8/91,1/1/99,Senior Engineer
289217,Guther,DasSarma,10/1/64,11/9/01,1/1/99,Assistant Engineer
289247,Leen,Comellas,3/30/62,7/28/89,1/1/99,Engineer
289256,Tsuneo,Miculan,1/5/64,1/25/88,1/1/99,Senior Engineer
289258,Marsal,Bade,11/7/63,9/3/94,1/1/99,Engineer
289262,Ult,Vickson,5/18/63,6/9/98,1/1/99,Engineer
289263,Huan,Matteis,9/25/62,10/20/93,1/1/99,Senior Staff
289266,Angel,Kriebel,1/10/62,5/4/98,1/1/99,Senior Engineer
289267,Avishai,Brendel,8/21/63,11/21/87,1/1/99,Senior Engineer
289273,Shakhar,Peak,6/2/62,7/4/97,1/1/99,Engineer
289274,Gino,Shokrollahi,6/10/64,1/22/00,1/1/99,Staff
289275,Teiji,Ghandeharizadeh,1/10/62,3/6/98,1/1/99,Senior Engineer
289287,Lidong,Bernatsky,2/21/62,1/22/98,1/1/99,Engineer
289291,Kauko,Goodrum,2/13/64,12/18/89,1/1/99,Senior Staff
289298,Becky,Lieblein,8/28/63,11/30/91,1/1/99,Engineer
289300,Shuho,Kambil,11/11/64,3/4/94,1/1/99,Senior Engineer
289301,Danae,Atchley,5/26/64,1/3/93,1/1/99,Staff
289303,Chinya,Valette,12/5/62,8/16/97,1/1/99,Staff
289310,Krassimir,Bonifati,2/10/62,10/23/96,1/1/99,Engineer
289324,Goo,Bade,11/20/62,10/19/95,1/1/99,Engineer
289327,Heon,Benzmuller,10/12/64,2/19/93,1/1/99,Engineer
289330,Zhilian,Crelier,7/19/63,5/2/89,1/1/99,Senior Engineer
289334,Mototsugu,Waschkowski,3/3/64,2/24/99,1/1/99,Engineer
289342,Leif,Butner,7/25/63,6/4/90,1/1/99,Engineer
289345,Rutger,Steenbeek,4/12/64,2/20/92,1/1/99,Senior Staff
289349,Yahiko,Randi,8/15/63,7/26/94,1/1/99,Engineer
289364,Sreekrishna,Nitto,7/12/63,3/17/94,1/1/99,Engineer
289377,Richara,McAlpine,11/11/62,11/3/97,1/1/99,Senior Engineer
289378,Narain,Bamford,4/24/62,3/17/96,1/1/99,Senior Staff
289385,Gretta,Menhardt,11/17/63,11/17/95,1/1/99,Staff
289390,Eishiro,Pocchiola,7/25/62,6/30/93,1/1/99,Senior Engineer
289391,Yongqiao,Wallrath,1/23/62,7/23/01,1/1/99,Senior Engineer
289394,Soenke,Luks,10/28/64,1/24/97,1/1/99,Senior Staff
289396,Kazuhito,Fairtlough,4/17/63,2/22/92,1/1/99,Staff
289406,Xiaoqiu,Brendel,4/26/64,10/25/88,1/1/99,Senior Staff
289418,Jayson,Kalefeld,12/11/62,4/16/86,1/1/99,Engineer
289424,Syozo,Zschoche,2/24/64,3/26/93,1/1/99,Senior Engineer
289427,Huican,Snedden,10/26/64,5/13/97,1/1/99,Engineer
289440,Gift,Ishibashi,1/24/64,8/24/99,1/1/99,Staff
289443,Demos,Apsitis,11/8/62,9/8/98,1/1/99,Engineer
289444,Werner,Detkin,12/17/63,12/22/86,1/1/99,Senior Staff
289454,Bowen,Narwekar,1/20/65,3/8/85,1/1/99,Senior Engineer
289476,Christfried,Reinhart,11/6/62,3/13/85,1/1/99,Technique Leader
289482,Parke,Muhlberg,8/2/64,8/5/93,1/1/99,Engineer
289483,Fay,DiGiano,12/19/63,3/18/96,1/1/99,Staff
289485,Kristian,Akiyama,10/26/64,1/13/95,1/1/99,Engineer
289493,Sachem,Waeselynck,6/21/63,7/29/95,1/1/99,Senior Engineer
289496,Dulce,Linares,5/20/63,2/1/99,1/1/99,Staff
289510,Rildo,Anger,6/8/64,5/27/97,1/1/99,Staff
289514,Miquel,Welham,5/3/62,2/26/85,1/1/99,Senior Engineer
289519,Temple,Rassart,1/15/62,5/2/87,1/1/99,Senior Engineer
289520,Krisda,Beidas,7/30/63,10/31/89,1/1/99,Senior Staff
289524,Kristen,Chiola,3/15/62,1/14/90,1/1/99,Senior Staff
289534,Sushant,Engberts,5/10/62,4/15/99,1/1/99,Staff
289541,Tetsushi,Shinomoto,10/30/62,2/19/95,1/1/99,Staff
289550,Thanasis,Siepmann,5/6/62,11/17/89,1/1/99,Senior Staff
289555,Monique,Fiebach,6/27/62,3/3/00,1/1/99,Senior Engineer
289556,Mantis,Henseler,12/29/63,4/11/85,1/1/99,Senior Staff
289557,Ebbe,Guerreiro,8/3/62,9/17/91,1/1/99,Senior Engineer
289559,Billur,Monkewich,6/18/64,1/16/99,1/1/99,Assistant Engineer
289560,Candido,Pagter,5/6/63,10/3/98,1/1/99,Engineer
289569,Inderjeet,Farrow,1/23/62,6/30/90,1/1/99,Staff
289571,Xinan,Warwick,2/1/62,8/4/87,1/1/99,Staff
289573,Roddy,Schnelling,4/8/64,10/16/89,1/1/99,Assistant Engineer
289590,Shen,Talmor,11/20/63,7/15/86,1/1/99,Senior Staff
289596,Abdulah,Portugali,8/27/62,8/13/93,1/1/99,Staff
289598,Nalini,Baaleh,9/5/62,5/12/95,1/1/99,Engineer
289600,Yoshinari,Camarinopoulos,6/14/64,3/3/86,1/1/99,Senior Staff
289601,Huai,Ranum,8/18/63,11/19/92,1/1/99,Engineer
289603,Bernice,Fetvedt,11/22/64,1/5/92,1/1/99,Engineer
289612,Premsyl,Standera,3/5/64,12/2/92,1/1/99,Senior Engineer
289614,Yongmin,Gulak,9/5/62,5/1/98,1/1/99,Staff
289625,Guenter,Pargaonkar,4/4/62,6/11/85,1/1/99,Assistant Engineer
289629,Ulf,Biran,7/1/63,1/11/90,1/1/99,Senior Staff
289636,Bernt,Peternell,6/21/64,12/5/91,1/1/99,Senior Staff
289642,Elzbieta,Maquelin,8/27/62,8/28/85,1/1/99,Staff
289647,Marit,Murtafg,5/12/63,3/24/86,1/1/99,Senior Staff
289656,Percy,Heuter,11/9/64,6/3/90,1/1/99,Staff
289661,Zdislav,Daescu,5/21/62,7/6/95,1/1/99,Staff
289672,Youssef,Bernatsky,8/13/62,7/28/88,1/1/99,Engineer
289677,Ebru,Farrar,2/24/63,1/16/96,1/1/99,Engineer
289681,Takanari,Hutter,1/9/62,4/16/99,1/1/99,Staff
289685,Danae,Vanwelkenhuysen,6/29/64,1/14/97,1/1/99,Staff
289687,Fai,Maccarone,1/31/65,10/30/85,1/1/99,Staff
289689,Angel,Marrevee,6/13/64,1/23/98,1/1/99,Staff
289690,Tayeb,Porotnikoff,4/24/63,6/10/92,1/1/99,Senior Engineer
289691,Heping,Streit,2/19/62,5/12/96,1/1/99,Staff
289697,Mohua,Ranta,10/12/64,5/22/91,1/1/99,Engineer
289699,Stella,Falby,3/19/62,1/24/89,1/1/99,Engineer
289700,Sushant,Copas,8/7/64,8/23/97,1/1/99,Engineer
289703,Surveyors,Candan,10/23/62,4/4/87,1/1/99,Engineer
289706,Peternela,Kropatsch,9/8/63,12/26/86,1/1/99,Engineer
289709,Youpyo,Farris,4/9/64,12/18/88,1/1/99,Staff
289715,Adin,Feldmann,2/14/62,2/13/90,1/1/99,Staff
289717,Supot,Awdeh,7/5/62,10/4/99,1/1/99,Senior Engineer
289721,Kazuyasu,Huxford,11/14/62,1/4/93,1/1/99,Engineer
289722,Nimmagadda,Casperson,3/28/62,11/10/90,1/1/99,Senior Engineer
289723,Ennio,Scallan,4/10/64,7/3/95,1/1/99,Staff
289731,Nitsan,Tasistro,8/12/64,11/22/90,1/1/99,Staff
289738,Kasturi,Mayerwieser,8/31/64,8/26/94,1/1/99,Staff
289739,LiMin,Shrader,1/28/62,6/25/99,1/1/99,Senior Engineer
289742,Cristinel,Xiaoshan,10/4/63,6/4/86,1/1/99,Engineer
289748,Seongbae,Sanella,4/18/62,8/18/92,1/1/99,Senior Engineer
289755,Stamatina,Crabtree,5/29/62,2/24/96,1/1/99,Senior Staff
289760,Guther,Kabayashi,4/27/62,5/7/97,1/1/99,Staff
289762,Kayoko,Godskesen,9/2/64,3/10/99,1/1/99,Staff
289764,Junichi,Luef,12/24/63,3/9/01,1/1/99,Senior Engineer
289769,Genevieve,Sichman,9/29/63,12/22/89,1/1/99,Senior Staff
289774,Ramachenga,Kalloufi,8/23/62,8/26/93,1/1/99,Senior Staff
289783,Troy,Jervis,3/18/62,7/18/95,1/1/99,Senior Engineer
289784,Shrikanth,Birke,4/24/62,10/16/89,1/1/99,Senior Engineer
289785,Tse,Tramer,10/17/63,3/28/92,1/1/99,Engineer
289790,Jaques,Fioravanti,11/26/64,7/31/93,1/1/99,Senior Engineer
289791,Anwar,Makinen,7/11/64,7/13/90,1/1/99,Engineer
289807,Soenke,Lemarechal,1/4/65,9/4/94,1/1/99,Staff
289823,Stein,Erev,7/11/62,9/18/97,1/1/99,Engineer
289825,Sven,Quadeer,12/1/62,11/14/97,1/1/99,Engineer
289828,Xinglin,Thiria,6/26/63,1/17/02,1/1/99,Staff
289831,Elvia,Krupka,11/27/62,12/27/98,1/1/99,Engineer
289837,Bader,Litzler,10/23/64,1/23/97,1/1/99,Staff
289852,Ramalingam,Carrera,12/17/62,8/9/99,1/1/99,Engineer
289853,Mohua,Scharstein,10/8/63,12/1/87,1/1/99,Staff
289856,Munir,Munoz,9/25/62,3/6/98,1/1/99,Assistant Engineer
289858,Aiichiro,Shumilov,3/20/64,11/8/92,1/1/99,Senior Staff
289860,Junichi,Besselaar,7/7/64,4/28/90,1/1/99,Engineer
289868,Margo,Vitiello,3/7/63,10/7/92,1/1/99,Engineer
289873,Yakkov,Nitsche,12/12/62,12/8/96,1/1/99,Staff
289874,Kwee,Luck,7/30/62,4/8/96,1/1/99,Senior Staff
289879,Yurii,Paciorek,4/8/64,7/4/97,1/1/99,Senior Engineer
289880,Satoru,Tyugu,2/9/64,7/28/99,1/1/99,Staff
289885,Berni,Kaminger,12/5/63,7/4/92,1/1/99,Senior Staff
289886,Flemming,Auria,8/5/62,3/25/92,1/1/99,Staff
289892,Marsha,Legleitner,3/26/62,4/11/01,1/1/99,Technique Leader
289901,Chriss,Baer,10/21/64,5/30/94,1/1/99,Senior Staff
289909,Hilari,Vecchio,1/9/65,4/24/93,1/1/99,Staff
289914,Tetsurou,Tzvieli,12/31/63,8/19/98,1/1/99,Senior Staff
289916,Satosi,Grospietsch,12/5/63,6/22/99,1/1/99,Assistant Engineer
289919,Baziley,Vieri,11/22/63,12/14/94,1/1/99,Staff
289921,Jiong,Angelopoulos,8/1/63,2/21/88,1/1/99,Senior Engineer
289923,Piyawadee,Gubsky,12/17/64,10/12/93,1/1/99,Senior Staff
289924,Kellie,Jayawardene,6/19/63,3/27/02,1/1/99,Senior Engineer
289928,Volkmar,Perna,9/26/63,6/18/93,1/1/99,Senior Engineer
289934,Jungsoon,Mitzlaff,5/28/64,1/13/89,1/1/99,Senior Engineer
289935,Larisa,Tischendorf,8/14/62,5/3/99,1/1/99,Senior Engineer
289940,Deborah,Reghbati,4/25/62,11/18/87,1/1/99,Staff
289944,Huican,Luce,10/11/62,9/7/85,1/1/99,Technique Leader
289949,Hongzhu,Bratten,11/28/64,3/22/87,1/1/99,Staff
289953,Martial,Marwedel,7/31/62,4/19/98,1/1/99,Senior Staff
289958,Marie,Ranta,3/27/64,12/25/99,1/1/99,Technique Leader
289959,Naftali,Gecsel,8/2/64,11/15/87,1/1/99,Engineer
289964,Lillian,Baja,1/16/64,8/26/87,1/1/99,Senior Engineer
289967,Piyawadee,Jenevein,6/16/62,7/27/87,1/1/99,Engineer
289973,Stafford,Swiler,12/7/62,11/10/98,1/1/99,Senior Staff
289974,Mingzeng,Farrel,8/31/64,10/27/90,1/1/99,Staff
289976,Mori,Eterovic,4/25/62,12/6/99,1/1/99,Assistant Engineer
289978,Theron,Birta,10/9/63,4/1/89,1/1/99,Senior Engineer
289986,Kolar,Kaelbling,7/21/64,4/27/86,1/1/99,Senior Staff
289990,Sorina,Poehlman,5/15/64,9/4/88,1/1/99,Senior Engineer
290004,Danai,Conte,4/9/63,9/3/96,1/1/99,Engineer
290005,Jaber,Brlek,1/5/64,6/22/94,1/1/99,Engineer
290007,Uli,Eiron,3/20/62,2/12/93,1/1/99,Engineer
290009,Zijian,Rindone,1/22/65,7/9/89,1/1/99,Staff
290012,Sergi,Solares,6/25/63,6/30/98,1/1/99,Senior Staff
290015,Lokesh,Katalagarianos,9/11/62,3/2/00,1/1/99,Staff
290063,Goncalo,Roohalamini,5/5/63,4/20/94,1/1/99,Senior Staff
290066,Margareta,Marshall,8/2/63,5/5/88,1/1/99,Engineer
290068,Marin,Selvestrel,8/11/63,3/4/90,1/1/99,Senior Engineer
290075,Boalin,Byoun,1/15/65,10/1/90,1/1/99,Staff
290076,Rosine,Roohalamini,10/19/64,8/1/86,1/1/99,Senior Engineer
290087,Sungwon,Alpay,1/8/63,10/22/88,1/1/99,Senior Staff
290096,Dmitri,Reghbati,12/27/63,3/10/95,1/1/99,Senior Staff
290098,Youssef,Dymetman,5/23/62,4/22/02,1/1/99,Engineer
290099,Kerryn,Lanzelotte,8/7/64,7/1/86,1/1/99,Senior Engineer
290104,Lijie,Suessmith,2/24/63,3/28/95,1/1/99,Senior Engineer
290111,Saddek,Acton,10/18/62,4/5/85,1/1/99,Senior Engineer
290112,Dmitry,Peir,5/9/63,11/27/95,1/1/99,Senior Engineer
290116,Sukumar,Servi,11/28/64,11/13/98,1/1/99,Senior Staff
290131,Palash,Brookman,3/17/63,6/16/92,1/1/99,Senior Staff
290135,Anneke,Gonthier,8/10/64,3/3/97,1/1/99,Staff
290142,Hongzhu,Muniz,8/23/64,4/21/93,1/1/99,Senior Staff
290150,Dines,Markovitch,4/29/63,12/4/91,1/1/99,Engineer
290154,Maren,Schaad,3/25/63,11/9/95,1/1/99,Engineer
290165,Dante,Emmerich,7/11/64,2/26/92,1/1/99,Staff
290170,Geraldo,Unno,7/13/64,4/18/90,1/1/99,Staff
290178,Berthier,Lally,11/6/64,12/22/94,1/1/99,Engineer
290179,Keung,Schach,9/6/64,11/21/95,1/1/99,Assistant Engineer
290182,Cullen,Rajala,5/31/63,2/5/99,1/1/99,Staff
290184,Geoffry,Luck,12/19/64,10/11/87,1/1/99,Senior Staff
290195,Pohua,Peac,11/5/63,4/17/90,1/1/99,Senior Engineer
290213,Remco,Coors,11/15/62,2/24/94,1/1/99,Technique Leader
290216,Mani,Hofting,4/8/64,7/10/98,1/1/99,Technique Leader
290217,Kaijung,Azumi,6/7/63,11/6/90,1/1/99,Senior Staff
290222,Zhongwei,Cromarty,10/7/63,8/4/99,1/1/99,Staff
290224,Chinhyun,Schoegge,4/4/63,3/27/85,1/1/99,Senior Engineer
290228,Uli,Kobara,1/29/64,9/5/91,1/1/99,Senior Engineer
290233,Satyanarayana,Speel,7/5/64,6/28/95,1/1/99,Senior Engineer
290234,Remko,Wolniewicz,9/20/63,9/15/87,1/1/99,Technique Leader
290235,Teiji,Pulkowski,1/5/63,1/4/98,1/1/99,Engineer
290238,Zhensheng,Bharadwaj,3/7/64,4/15/87,1/1/99,Senior Staff
290239,Mayumi,Pezzoli,1/23/63,12/17/97,1/1/99,Engineer
290243,Rafail,Jumpertz,2/18/64,5/28/86,1/1/99,Senior Staff
290244,Bangqing,Binkley,9/25/63,12/11/90,1/1/99,Senior Engineer
290245,Tomofumi,Emmart,7/14/64,2/11/87,1/1/99,Engineer
290246,Yurii,Chandrasekhar,10/7/63,8/18/85,1/1/99,Senior Staff
290250,Gift,Lodder,11/8/62,2/27/97,1/1/99,Technique Leader
290253,Aloys,Anily,3/9/62,8/25/94,1/1/99,Engineer
290254,Vugranam,Roohalamini,5/1/64,11/21/88,1/1/99,Senior Engineer
290255,Nahum,Keirsey,5/10/64,3/12/87,1/1/99,Senior Engineer
290259,Yongmin,VanScheik,7/30/64,3/11/91,1/1/99,Staff
290264,Weidon,Koprowski,8/12/62,2/21/91,1/1/99,Engineer
290267,Jaewoo,Pepe,10/28/63,6/23/99,1/1/99,Engineer
290275,Yunming,Keustermans,11/21/64,7/21/96,1/1/99,Senior Staff
290276,Adas,Walston,5/11/63,7/13/85,1/1/99,Senior Engineer
290278,Ipke,Raczkowsky,9/27/64,12/24/98,1/1/99,Staff
290282,Bangqing,Bardell,11/8/62,8/27/95,1/1/99,Engineer
290283,Kwangho,Taubenfeld,7/31/62,1/29/90,1/1/99,Senior Engineer
290284,Kwangjo,Menhardt,1/8/65,1/11/96,1/1/99,Engineer
290285,Navin,Rattan,4/22/62,12/11/91,1/1/99,Senior Engineer
290290,Amalendu,Trumbly,12/30/62,4/11/01,1/1/99,Staff
290294,Seongbae,Vieth,10/19/62,3/24/96,1/1/99,Staff
290295,Masaki,Morris,2/11/64,8/3/94,1/1/99,Senior Staff
290296,Gennadi,Malinowski,4/7/63,3/15/95,1/1/99,Staff
290302,Nobuyoshi,Reutenauer,7/31/62,10/18/99,1/1/99,Senior Engineer
290304,Weidon,Stavenow,1/31/63,5/24/93,1/1/99,Senior Engineer
290305,Mohammed,Capobianchi,5/19/62,4/21/99,1/1/99,Staff
290308,Sandeepan,Hettesheimer,4/26/64,1/4/00,1/1/99,Engineer
290313,Vesna,Busillo,1/26/62,5/28/95,1/1/99,Senior Engineer
290316,Mohamadou,Levasseur,7/16/63,3/20/89,1/1/99,Staff
290319,Nalini,Malinowski,5/3/64,7/20/87,1/1/99,Senior Engineer
290320,Gen,Beilner,11/22/62,4/28/94,1/1/99,Senior Staff
290323,Hein,Solovay,1/7/63,5/14/97,1/1/99,Senior Staff
290326,Eirik,Baaleh,8/24/64,6/28/93,1/1/99,Senior Staff
290327,Nevin,Msuda,11/19/63,11/10/99,1/1/99,Staff
290341,Kinh,Serre,6/2/64,8/28/94,1/1/99,Engineer
290342,Tzvetan,Wuwongse,4/15/63,7/4/86,1/1/99,Staff
290349,Kazuyasu,Comyn,10/13/62,4/21/94,1/1/99,Staff
290356,Moni,Uehara,9/1/62,5/24/01,1/1/99,Senior Engineer
290362,Debaprosad,Bahr,2/19/63,4/25/89,1/1/99,Senior Staff
290364,Mads,Wilfing,12/3/64,12/3/01,1/1/99,Engineer
290373,Sushant,Veevers,7/26/63,8/7/85,1/1/99,Senior Staff
290380,Toshiko,Honiden,12/21/64,11/30/98,1/1/99,Engineer
290382,Irene,Chleq,3/22/64,8/14/98,1/1/99,Senior Engineer
290384,Tse,Guerreiro,7/2/63,9/17/94,1/1/99,Senior Engineer
290389,Martins,Vendrig,4/23/62,8/20/99,1/1/99,Staff
290391,Christ,Marquardt,12/23/64,4/25/97,1/1/99,Staff
290397,Guttorm,Hofting,10/23/64,11/5/91,1/1/99,Senior Engineer
290400,Saddek,Ertl,3/2/64,2/14/96,1/1/99,Senior Staff
290403,Kazuhira,Riefers,8/11/64,3/2/87,1/1/99,Staff
290411,Nimmagadda,England,2/11/63,1/29/00,1/1/99,Staff
290413,Akemi,Reeker,11/11/62,7/30/92,1/1/99,Senior Engineer
290422,Karsten,Nitsch,1/14/62,4/10/90,1/1/99,Senior Engineer
290431,Martine,Angiulli,8/28/62,8/20/92,1/1/99,Senior Staff
290441,Gregory,Collavizza,1/25/65,9/9/87,1/1/99,Senior Staff
290442,Djenana,Kragelund,5/16/62,9/3/86,1/1/99,Staff
290451,Ashish,Kalorkoti,4/6/62,9/5/99,1/1/99,Staff
290455,Nectarios,Pokrovskii,7/21/63,3/3/87,1/1/99,Senior Engineer
290457,Subir,Larfeldt,4/29/62,2/1/90,1/1/99,Technique Leader
290458,Dayanand,Ratnaker,11/25/64,9/18/00,1/1/99,Engineer
290467,Shaowen,Poulakidas,1/29/65,4/15/87,1/1/99,Senior Staff
290478,Tsvetan,Sherertz,1/3/65,8/7/89,1/1/99,Engineer
290480,Kwangsub,Eppinger,3/4/63,10/31/91,1/1/99,Senior Staff
290482,Bezalel,McAffer,9/9/64,2/10/96,1/1/99,Engineer
290483,Mads,Swiler,5/20/64,10/27/99,1/1/99,Engineer
290492,Sorina,Cummings,1/4/63,8/22/99,1/1/99,Staff
290519,Padma,Tanemo,11/21/62,6/30/95,1/1/99,Senior Engineer
290526,Premal,Akazan,2/16/63,2/1/98,1/1/99,Senior Engineer
290527,Larisa,Bratsberg,9/27/64,2/24/87,1/1/99,Senior Staff
290530,Zito,Bala,4/11/62,1/28/99,1/1/99,Staff
290531,Barun,Rajala,5/2/64,11/20/99,1/1/99,Engineer
290534,Mads,Gluchowski,7/18/62,8/21/99,1/1/99,Senior Engineer
290538,Kwok,Vrecion,11/22/62,7/20/86,1/1/99,Engineer
290541,Lakshmi,Bauknecht,4/10/64,3/29/89,1/1/99,Staff
290555,Sigeru,Poujol,7/1/63,11/9/94,1/1/99,Senior Engineer
290563,Shigehiro,Oxenboll,1/9/65,2/26/86,1/1/99,Senior Engineer
290571,Gladys,Facello,5/9/62,4/17/88,1/1/99,Staff
290572,Guoxiang,Genther,10/22/62,5/30/94,1/1/99,Senior Engineer
290573,Pranav,Chimia,6/10/63,4/15/89,1/1/99,Senior Engineer
290579,Sverrir,Weisert,3/22/63,8/11/91,1/1/99,Senior Staff
290580,Marsal,Hofstetter,11/20/64,6/25/95,1/1/99,Senior Staff
290583,Sadok,Zlotek,4/22/64,10/7/87,1/1/99,Engineer
290587,Sedat,Crouzet,10/27/63,5/15/90,1/1/99,Senior Engineer
290590,Mang,Eickenmeyer,5/7/62,6/10/96,1/1/99,Senior Staff
290607,Keung,Krichel,12/2/62,1/14/95,1/1/99,Engineer
290608,Hinrich,Gihr,1/29/63,11/14/99,1/1/99,Senior Engineer
290610,Goetz,Melichar,2/29/64,2/1/90,1/1/99,Engineer
290613,Samphel,Terlouw,3/7/63,10/10/97,1/1/99,Senior Staff
290617,Bangqing,Karcich,3/17/64,5/3/91,1/1/99,Senior Staff
290618,Sastry,Stanfel,2/24/64,2/16/02,1/1/99,Senior Staff
290624,Sreekrishna,Miyakawa,1/7/62,11/8/98,1/1/99,Staff
290628,Vincent,Skafidas,6/27/62,5/20/98,1/1/99,Staff
290635,Otilia,Czaja,6/27/62,6/9/92,1/1/99,Senior Engineer
290650,Munehiko,Stamatiou,3/16/63,5/20/01,1/1/99,Engineer
290663,Khalil,Curless,9/14/63,12/27/97,1/1/99,Senior Engineer
290665,Shim,Lalonde,7/28/64,7/6/85,1/1/99,Staff
290668,Shigeaki,Maccarone,3/2/64,7/28/01,1/1/99,Senior Staff
290671,Kwangyoen,Anger,5/20/64,6/10/88,1/1/99,Senior Engineer
290674,Fay,Luca,10/22/64,7/23/97,1/1/99,Engineer
290676,Filipe,Bahk,3/18/63,12/28/99,1/1/99,Senior Staff
290686,Yuguang,Burnard,1/26/62,4/10/99,1/1/99,Senior Staff
290694,Abdelaziz,Gente,5/30/62,7/29/94,1/1/99,Senior Engineer
290700,Mong,Sewelson,9/25/64,7/30/90,1/1/99,Engineer
290704,Eirik,Keirsey,8/2/64,9/9/99,1/1/99,Staff
290706,Terresa,Zlotek,8/2/62,8/12/99,1/1/99,Staff
290708,Luigi,Besancenot,10/30/63,1/5/92,1/1/99,Senior Engineer
290709,Seongbae,Narwekar,10/11/64,6/27/95,1/1/99,Engineer
290714,Cullen,Vickson,9/4/63,2/24/86,1/1/99,Senior Staff
290718,Sajjan,Godskesen,11/27/64,7/24/02,1/1/99,Staff
290721,TRUE,Kuszyk,9/12/64,2/13/86,1/1/99,Senior Staff
290731,Gunilla,Pepe,9/26/64,9/7/86,1/1/99,Senior Staff
290742,Chikara,Domenig,11/27/64,10/23/98,1/1/99,Senior Staff
290744,Arnould,Doering,9/20/64,1/9/02,1/1/99,Senior Engineer
290750,Radhakrishnan,Malinowski,1/2/64,8/11/86,1/1/99,Engineer
290753,Youssef,Perri,9/26/62,7/12/96,1/1/99,Staff
290757,Eishiro,Legleitner,2/8/64,8/11/94,1/1/99,Senior Staff
290763,Pantung,Zlotek,2/12/62,4/3/97,1/1/99,Senior Staff
290769,Lalit,Blokdijk,1/26/65,2/1/99,1/1/99,Senior Engineer
290770,Alair,Lamparter,6/20/64,8/17/96,1/1/99,Engineer
290773,Ottavia,Mukaidono,9/17/62,11/11/96,1/1/99,Assistant Engineer
290780,Tzvetan,Hettesheimer,9/9/63,6/23/86,1/1/99,Senior Engineer
290782,Youngkon,Isard,12/30/62,9/2/97,1/1/99,Senior Engineer
290789,Jinxi,Swift,2/1/62,6/20/91,1/1/99,Senior Engineer
290793,Shichao,Atchley,10/8/64,6/26/98,1/1/99,Engineer
290803,Elvia,Weiland,12/22/63,2/7/93,1/1/99,Engineer
290823,Hideyuki,Baalen,12/24/62,7/22/98,1/1/99,Engineer
290839,Guoxiang,Aamodt,4/14/64,5/25/01,1/1/99,Staff
290847,Nitsan,Lammel,6/25/64,5/16/97,1/1/99,Senior Engineer
290848,Feipei,Mayerwieser,1/11/64,9/14/85,1/1/99,Senior Engineer
290851,Nikolaos,Gladwell,3/27/63,2/13/90,1/1/99,Staff
290854,Goa,Skrikant,6/16/63,8/5/86,1/1/99,Assistant Engineer
290861,Vojin,Veccia,3/10/62,9/7/95,1/1/99,Senior Staff
290862,Adas,Rusterholz,7/26/63,4/14/91,1/1/99,Senior Engineer
290872,Arlette,Denti,12/2/64,2/19/97,1/1/99,Senior Engineer
290874,Neven,Simkin,9/19/63,5/28/98,1/1/99,Staff
290880,Rosalyn,Thebaut,4/14/62,3/11/95,1/1/99,Senior Engineer
290882,Sergi,Anily,1/20/64,8/14/95,1/1/99,Senior Engineer
290885,Goncalo,Akiyama,1/3/63,1/15/89,1/1/99,Senior Engineer
290889,Xiadong,Jansen,5/23/64,8/16/00,1/1/99,Engineer
290892,Maria,Snyers,7/28/63,7/27/95,1/1/99,Staff
290904,Keiichiro,Nollmann,11/3/62,5/10/97,1/1/99,Engineer
290905,Nechama,Andreotta,4/1/63,1/17/91,1/1/99,Senior Engineer
290912,Ortrun,Mansanne,10/5/62,12/13/93,1/1/99,Engineer
290917,Yinlin,Mitzlaff,1/27/64,6/3/98,1/1/99,Staff
290918,Mantis,Mawatari,3/13/64,7/1/86,1/1/99,Staff
290920,Christ,Cunliffe,1/10/62,12/14/90,1/1/99,Senior Engineer
290921,Mang,Lampe,1/16/64,1/22/96,1/1/99,Staff
290927,Uta,Anger,6/23/64,10/17/85,1/1/99,Senior Engineer
290928,Moni,Kemmerer,8/12/63,2/27/92,1/1/99,Senior Engineer
290932,Kiam,Deville,12/3/63,1/26/88,1/1/99,Senior Engineer
290936,Shigeaki,Akazan,9/5/62,3/10/98,1/1/99,Staff
290940,Huican,Pearson,5/29/62,10/10/93,1/1/99,Engineer
290959,Ziyad,Fujisawa,4/22/64,8/25/99,1/1/99,Staff
290978,Jianhua,Msuda,12/24/62,11/17/87,1/1/99,Senior Engineer
290986,Fun,Baek,6/1/63,1/18/97,1/1/99,Staff
290994,Venkatesan,Isaak,12/22/62,11/14/90,1/1/99,Staff
290996,Theron,Tsukuda,8/14/63,1/10/87,1/1/99,Engineer
290998,Yuichiro,Bazelow,1/24/64,8/30/95,1/1/99,Engineer
291002,Rafail,Parhami,3/30/62,8/25/96,1/1/99,Staff
291009,Saeed,Codenie,12/21/64,9/18/89,1/1/99,Staff
291017,Giao,Qiwen,8/28/64,6/6/85,1/1/99,Staff
291027,Ipke,Shanbhogue,9/23/63,3/27/88,1/1/99,Senior Staff
291032,Elrique,Blokdijk,8/22/62,9/18/96,1/1/99,Senior Staff
291043,Shih,Ghalwash,12/31/64,12/30/88,1/1/99,Senior Staff
291047,Shigeaki,Perelgut,4/29/63,4/18/85,1/1/99,Senior Staff
291053,Shaleah,Frolund,12/28/62,5/3/87,1/1/99,Engineer
291055,King,Demeyer,10/2/64,5/17/87,1/1/99,Staff
291058,Limsoon,Furudate,10/5/62,10/8/01,1/1/99,Senior Engineer
291062,Jouni,Muhlberg,12/26/63,11/20/87,1/1/99,Senior Engineer
291063,Guiseppe,Attimonelli,5/17/64,3/5/94,1/1/99,Staff
291073,Paddy,Birrer,10/29/64,11/24/85,1/1/99,Engineer
291077,Martien,Zaumen,3/3/64,7/7/96,1/1/99,Engineer
291088,Emdad,Wroclawski,7/2/63,6/22/85,1/1/99,Senior Staff
291089,Shooichi,Valiente,2/21/63,12/8/96,1/1/99,Engineer
291095,Vishwani,Lorch,7/6/63,9/4/95,1/1/99,Senior Engineer
291096,Sachin,Pettis,9/22/64,5/2/86,1/1/99,Engineer
291100,Peer,Rindone,7/25/63,8/5/86,1/1/99,Engineer
291118,Giri,Kalafatis,1/18/64,11/17/99,1/1/99,Staff
291129,Leandro,Henseler,11/16/62,11/20/91,1/1/99,Senior Engineer
291133,Kamakshi,Erde,9/14/63,6/23/87,1/1/99,Senior Engineer
291138,Mohan,Rosis,9/8/62,7/17/98,1/1/99,Engineer
291144,Boriana,Hutter,10/3/64,2/29/92,1/1/99,Engineer
291166,Arvin,Sabnani,10/21/63,2/1/98,1/1/99,Assistant Engineer
291167,Dipankar,Skrikant,12/19/63,4/28/87,1/1/99,Senior Engineer
291171,Ziyad,Emmerich,9/15/64,8/18/86,1/1/99,Senior Engineer
291176,Dinah,Anandan,6/16/62,2/28/95,1/1/99,Assistant Engineer
291177,Zhongwei,Rosiles,10/5/63,6/27/98,1/1/99,Staff
291179,Ugo,Kossowski,2/7/63,4/4/87,1/1/99,Senior Engineer
291180,Guther,Nitto,5/1/63,11/4/96,1/1/99,Engineer
291184,Alejandro,Schwartzbauer,11/26/62,5/18/92,1/1/99,Technique Leader
291189,Gift,Maquelin,3/1/63,1/20/98,1/1/99,Engineer
291190,Ramya,Rehfuss,1/13/62,2/17/88,1/1/99,Senior Staff
291195,Nikolaus,Parveen,8/8/63,11/4/88,1/1/99,Senior Engineer
291205,Marko,Eterovic,5/25/64,10/13/85,1/1/99,Senior Staff
291208,Felicidad,Gire,6/18/64,4/7/98,1/1/99,Engineer
291209,Masaru,Basawa,10/8/63,2/8/97,1/1/99,Senior Engineer
291210,Shih,Giaccio,9/21/62,5/7/87,1/1/99,Engineer
291228,Berthier,Granlund,3/27/64,1/11/90,1/1/99,Senior Engineer
291235,Katsuyuki,Baaleh,1/22/64,3/17/99,1/1/99,Staff
291244,Wanqing,Burnard,12/23/62,6/3/86,1/1/99,Senior Staff
291248,Kazuyasu,Hettesheimer,8/26/64,7/27/86,1/1/99,Senior Engineer
291255,Sasan,Gadepally,1/25/64,4/27/89,1/1/99,Engineer
291259,Shaibal,Msuda,7/27/62,4/16/87,1/1/99,Senior Staff
291265,Dinah,Dulli,1/28/62,11/13/91,1/1/99,Senior Staff
291266,Mads,Wixon,10/15/64,5/6/93,1/1/99,Senior Engineer
291268,Quingbo,Conry,3/31/63,5/26/90,1/1/99,Engineer
291275,Jasminko,DuCasse,6/24/63,4/14/00,1/1/99,Senior Engineer
291280,Tetsurou,Yoshimura,3/17/62,10/13/99,1/1/99,Engineer
291281,Jiafu,Feldhoffer,4/30/64,1/7/94,1/1/99,Senior Engineer
291283,Lobel,Reutenauer,5/16/62,8/17/95,1/1/99,Engineer
291284,Tsz,Delgrossi,3/23/64,2/2/97,1/1/99,Senior Engineer
291291,Tokuyasu,Bade,9/1/63,7/29/88,1/1/99,Senior Staff
291292,Tadahiro,Senzako,3/31/63,2/9/99,1/1/99,Technique Leader
291299,Stabislas,Babb,5/3/63,4/29/92,1/1/99,Senior Staff
291314,Arunas,Sgarro,11/28/62,12/3/97,1/1/99,Engineer
291316,Weiye,Whitcomb,8/2/63,3/31/92,1/1/99,Senior Engineer
291317,Lenore,Gniady,3/30/64,7/12/85,1/1/99,Senior Staff
291335,Gay,Schiper,3/20/62,12/5/91,1/1/99,Assistant Engineer
291337,Kensei,Brlek,1/6/64,9/28/91,1/1/99,Senior Staff
291339,Manu,Baranowski,1/2/64,2/18/88,1/1/99,Senior Staff
291341,Xiaoqiu,Shokrollahi,11/21/64,3/1/90,1/1/99,Senior Staff
291347,Sumali,Anguita,12/2/62,2/7/96,1/1/99,Staff
291351,Chuanti,Vitiello,6/30/63,7/31/85,1/1/99,Engineer
291352,Danai,Trelles,1/7/65,8/26/97,1/1/99,Technique Leader
291354,Kenton,Matteis,9/30/62,12/24/89,1/1/99,Senior Staff
291355,Gennadi,Baek,9/12/62,10/10/94,1/1/99,Staff
291362,Gianluca,Bressoud,6/12/64,9/27/92,1/1/99,Engineer
291370,Xiahua,Georgakopoulos,9/2/64,9/13/90,1/1/99,Senior Engineer
291377,Serap,Gerteisen,8/3/62,3/1/87,1/1/99,Senior Engineer
291379,Jianhua,Anick,8/17/63,5/9/85,1/1/99,Senior Staff
291388,Tomofumi,Felcyn,7/14/62,10/31/98,1/1/99,Senior Engineer
291393,Zeydy,Qiwen,9/30/64,7/7/90,1/1/99,Senior Staff
291403,Jovan,Stasinski,6/29/63,10/27/97,1/1/99,Senior Engineer
291411,Masasuke,Heyers,11/17/63,12/15/99,1/1/99,Senior Staff
291412,Zhaofang,Collette,6/24/63,8/27/99,1/1/99,Engineer
291415,Shalesh,Herbst,12/19/62,1/26/96,1/1/99,Senior Staff
291418,Gay,Lipner,1/31/62,7/10/96,1/1/99,Senior Engineer
291429,Mads,Pokrovskii,10/2/62,10/10/96,1/1/99,Engineer
291430,Shan,Talmor,11/13/62,7/14/94,1/1/99,Staff
291436,Yaghout,Gammage,8/5/62,4/5/92,1/1/99,Senior Engineer
291437,Tremaine,Sluis,4/21/63,4/30/92,1/1/99,Staff
291453,Dietrich,Guting,1/1/63,3/19/85,1/1/99,Assistant Engineer
291458,Yannis,Ginneken,11/23/62,5/17/86,1/1/99,Senior Staff
291461,Oddvar,Whittlesey,5/20/62,9/30/00,1/1/99,Staff
291470,Patricia,Nyanchama,9/8/62,7/16/89,1/1/99,Senior Staff
291472,Adly,Langford,1/28/64,8/7/85,1/1/99,Senior Staff
291477,Heng,Potthoff,4/29/63,7/7/92,1/1/99,Staff
291479,Guangming,Baik,3/28/64,8/13/87,1/1/99,Senior Engineer
291497,Samphel,Casley,2/3/63,11/18/95,1/1/99,Senior Staff
291508,Fumiya,Baaleh,11/15/62,7/9/97,1/1/99,Engineer
291515,Arne,Clouatre,3/10/62,7/23/98,1/1/99,Staff
291521,Mark,Zhiwei,6/8/64,6/20/88,1/1/99,Staff
291523,Youngkon,Griswold,6/21/64,7/3/94,1/1/99,Engineer
291527,Sarita,Madeira,5/6/63,4/12/88,1/1/99,Senior Staff
291535,Brigham,Fortenbacher,5/17/62,4/20/87,1/1/99,Senior Staff
291541,Hirochika,Plumb,1/24/62,12/29/94,1/1/99,Staff
291548,Dipankar,Gadepally,7/2/64,8/17/98,1/1/99,Engineer
291549,Kazuhito,Angel,4/3/63,12/10/90,1/1/99,Senior Staff
291554,Vatsa,Kuhnemann,1/21/62,8/22/94,1/1/99,Staff
291555,Oscal,Sudbeck,8/18/63,6/23/90,1/1/99,Senior Staff
291556,Duangkaew,Auyong,2/17/62,2/11/85,1/1/99,Assistant Engineer
291557,Tomokazu,Sethi,5/19/62,4/12/91,1/1/99,Engineer
291566,Dietrich,Skogmar,8/24/63,10/9/85,1/1/99,Staff
291575,Takushi,Steenbeek,8/29/64,7/27/99,1/1/99,Engineer
291576,Valeska,Fadgyas,7/19/62,4/13/92,1/1/99,Senior Staff
291577,Adamantios,Rodiger,12/2/63,3/19/87,1/1/99,Engineer
291583,Krister,Peyn,8/2/62,2/4/96,1/1/99,Senior Staff
291586,Kiyokazu,Krohm,3/14/62,4/7/91,1/1/99,Senior Staff
291596,Vishu,Trystram,9/24/63,5/6/98,1/1/99,Engineer
291599,Maris,Ravishankar,12/1/63,1/18/99,1/1/99,Staff
291600,Mart,Tsunoo,5/28/62,5/15/89,1/1/99,Senior Staff
291604,Susuma,Willoner,11/29/62,12/29/85,1/1/99,Senior Engineer
291612,Siamak,Gomatam,1/30/65,7/8/98,1/1/99,Engineer
291615,Ramya,Lundstrom,12/23/64,2/3/98,1/1/99,Engineer
291627,Hironobu,Kawashima,2/27/62,2/3/00,1/1/99,Engineer
291631,Jungsoon,Egerstedt,9/2/63,3/6/91,1/1/99,Senior Staff
291632,Guiseppe,Kranzdorf,8/31/62,3/6/96,1/1/99,Senior Engineer
291634,Bodo,Lipner,7/8/64,8/23/92,1/1/99,Engineer
291639,Mara,Besselaar,5/25/63,11/17/90,1/1/99,Engineer
291642,Chrisa,Kakkad,10/5/63,2/17/99,1/1/99,Engineer
291644,Odysseas,Mahnke,9/20/62,2/21/95,1/1/99,Senior Staff
291652,Haldon,Ranon,12/13/64,5/17/96,1/1/99,Staff
291656,Zhonghua,Fandrianto,10/5/64,7/10/95,1/1/99,Engineer
291662,Ennio,Karcich,12/25/62,3/9/95,1/1/99,Staff
291666,Hironoby,Hofman,2/16/64,4/6/86,1/1/99,Senior Staff
291667,Tsutomu,Flowers,1/12/62,9/29/88,1/1/99,Senior Engineer
291668,Sorina,Birdsall,1/4/62,5/14/89,1/1/99,Senior Engineer
291669,Faiza,Bach,1/4/65,9/13/99,1/1/99,Engineer
291674,Makato,Pauthner,5/8/62,11/19/01,1/1/99,Engineer
291685,Arne,Provine,3/14/63,4/18/98,1/1/99,Senior Engineer
291689,Parto,Fiutem,8/4/64,9/6/86,1/1/99,Staff
291693,Jolita,Rassart,12/11/63,8/21/88,1/1/99,Senior Engineer
291707,Vivian,Isaac,9/15/63,8/30/85,1/1/99,Senior Engineer
291718,Lein,Carrere,6/26/63,10/24/90,1/1/99,Senior Staff
291724,Luisa,Buescher,9/6/62,8/10/95,1/1/99,Staff
291729,Yagil,Rothe,11/1/62,3/19/97,1/1/99,Senior Engineer
291731,Yongdong,Otillio,12/4/64,6/17/00,1/1/99,Staff
291737,Leif,Reghbati,11/13/63,6/19/93,1/1/99,Senior Engineer
291739,Jasminko,Quaggetto,10/12/64,4/3/98,1/1/99,Assistant Engineer
291766,Kwangho,Hettesheimer,7/16/63,11/7/85,1/1/99,Senior Engineer
291776,Tsutomu,Itzfeldt,4/11/64,5/11/87,1/1/99,Senior Staff
291780,Yoshinari,Lemarechal,1/30/64,12/23/98,1/1/99,Engineer
291783,Dante,Quittner,5/23/62,2/6/87,1/1/99,Senior Staff
291787,Tokuyasu,Chleq,8/2/62,11/8/95,1/1/99,Engineer
291800,Michaela,Strandh,3/23/62,5/22/93,1/1/99,Senior Engineer
291801,Shih,Thebaut,4/30/63,5/28/85,1/1/99,Engineer
291803,Vidar,Bennis,1/30/64,1/21/93,1/1/99,Senior Engineer
291806,Geoffrey,Diderrich,1/14/62,11/28/99,1/1/99,Engineer
291807,Sampalli,Winter,7/25/64,1/29/93,1/1/99,Engineer
291814,Frederique,Gubsky,9/26/64,5/1/85,1/1/99,Senior Engineer
291815,Chandrasekaran,Grospietsch,7/25/64,7/6/90,1/1/99,Senior Staff
291816,Subhash,Casley,10/12/63,5/3/99,1/1/99,Technique Leader
291824,Junichi,Gyimothy,8/24/63,2/11/98,1/1/99,Senior Engineer
291834,Miomir,Slutz,5/13/63,8/2/98,1/1/99,Staff
291844,Krister,Sridhar,1/19/62,5/13/00,1/1/99,Engineer
291848,Pranas,Gill,3/12/64,2/9/87,1/1/99,Staff
291849,Zvonko,Wilharm,7/6/64,8/3/86,1/1/99,Staff
291853,Sungwon,Lovengreen,10/22/63,2/26/90,1/1/99,Staff
291856,Leni,Boreale,8/31/63,8/8/87,1/1/99,Staff
291857,Raimond,Puoti,10/31/64,10/31/99,1/1/99,Senior Engineer
291866,Nevio,Begiun,3/20/64,8/26/96,1/1/99,Staff
291869,Shiv,Pearson,9/29/62,8/4/86,1/1/99,Senior Engineer
291874,Dipankar,Cappelli,5/18/62,11/10/99,1/1/99,Engineer
291880,Yinghua,Crelier,8/2/64,11/27/92,1/1/99,Senior Engineer
291881,Chrisa,Eastman,2/3/62,2/11/97,1/1/99,Staff
291882,Junichi,Tiemann,6/15/63,8/18/90,1/1/99,Senior Engineer
291883,Maria,Pelz,2/10/62,9/18/96,1/1/99,Staff
291885,Ebbe,Negoita,11/5/64,6/11/85,1/1/99,Technique Leader
291891,Nahla,Haumacher,4/20/64,6/25/94,1/1/99,Staff
291893,Sampalli,Pokrovskii,10/18/63,8/21/01,1/1/99,Senior Engineer
291894,Gino,Kobuchi,5/1/62,12/6/85,1/1/99,Engineer
291906,Zhenbing,Dayana,11/4/64,10/16/86,1/1/99,Engineer
291911,Valeska,Heuser,11/11/62,8/8/92,1/1/99,Senior Staff
291916,Zhiwei,Selvestrel,8/3/62,6/17/89,1/1/99,Senior Engineer
291927,Arie,Emmart,3/16/64,11/29/95,1/1/99,Technique Leader
291933,Leah,Bolsens,12/11/64,5/16/96,1/1/99,Technique Leader
291940,Shakhar,Tiemann,1/2/62,7/17/88,1/1/99,Senior Staff
291945,Hyuncheol,Narlikar,6/21/62,1/1/94,1/1/99,Senior Staff
291948,Bernice,Deville,6/3/64,11/16/86,1/1/99,Senior Staff
291951,Goncalo,Nittel,7/26/63,1/30/90,1/1/99,Engineer
291953,Ennio,Hasenauer,6/9/62,7/6/97,1/1/99,Staff
291962,Gennady,Ishibashi,5/5/63,10/6/90,1/1/99,Staff
291969,Jahangir,Baaz,8/14/63,10/16/92,1/1/99,Assistant Engineer
291970,Pramod,Aumann,9/20/63,5/29/90,1/1/99,Staff
291984,Barton,Bade,7/1/64,7/3/92,1/1/99,Staff
291986,Baoqiu,Muniz,9/26/62,9/3/88,1/1/99,Engineer
291996,Gonzalo,Beznosov,10/13/62,12/3/90,1/1/99,Engineer
292001,Mads,Kropf,4/14/63,2/24/98,1/1/99,Engineer
292006,Shiv,Quaggetto,12/30/62,8/15/97,1/1/99,Senior Engineer
292008,Mabo,Soicher,2/24/63,4/30/98,1/1/99,Engineer
292010,Selwyn,Kilgour,3/29/64,9/22/90,1/1/99,Senior Engineer
292019,Trygve,Picht,4/24/63,2/23/88,1/1/99,Staff
292021,Kirk,Itzfeldt,9/8/62,4/1/85,1/1/99,Senior Engineer
292028,Valter,Vilarrasa,2/2/62,9/5/86,1/1/99,Staff
292029,Zhonghua,Takkinen,10/28/63,6/30/89,1/1/99,Engineer
292036,Ingemar,Motley,7/18/64,6/17/85,1/1/99,Senior Engineer
292047,Shir,Hiroyama,12/24/62,10/13/93,1/1/99,Engineer
292049,Satyanarayana,Zyda,1/22/62,3/28/94,1/1/99,Senior Engineer
292052,Reuven,Zongker,1/11/63,5/5/98,1/1/99,Engineer
292056,Carrsten,Cangellaris,3/21/62,4/26/90,1/1/99,Senior Staff
292065,Paddy,Casley,8/5/63,1/22/97,1/1/99,Senior Engineer
292067,Moni,Einsfeld,11/30/64,4/14/88,1/1/99,Senior Engineer
292069,Sarita,Ghemri,1/14/64,6/16/00,1/1/99,Senior Engineer
292070,Jungsoon,Farrow,8/23/63,11/27/98,1/1/99,Staff
292078,Guozhong,Einsfeld,4/10/64,2/26/01,1/1/99,Technique Leader
292091,Yishai,Lunt,8/11/62,12/26/92,1/1/99,Senior Staff
292095,Eben,Pramanik,4/3/64,12/27/98,1/1/99,Staff
292097,Moon,Conti,12/17/64,6/11/87,1/1/99,Senior Staff
292100,Kristine,Nooteboom,11/10/63,11/29/98,1/1/99,Engineer
292107,Khalid,Zirintsis,4/28/64,2/16/98,1/1/99,Staff
292110,Menkae,Showalter,1/23/65,8/9/96,1/1/99,Senior Engineer
292118,Ipke,Rodier,7/16/62,7/11/88,1/1/99,Senior Staff
292123,Souichi,Buchter,6/25/62,10/9/89,1/1/99,Staff
292142,Boutros,Pews,3/17/64,2/13/87,1/1/99,Senior Staff
292144,Bernd,Kavvadias,6/12/64,6/1/94,1/1/99,Engineer
292146,Khatoun,Pulkowski,1/9/65,1/9/02,1/1/99,Engineer
292162,Masaki,Rohrbach,8/20/64,8/24/98,1/1/99,Staff
292167,Guenter,Murrill,4/9/64,9/24/93,1/1/99,Senior Staff
292189,Kristinn,Ponthieu,2/1/62,4/30/95,1/1/99,Staff
292196,Fun,Billingsley,6/8/64,11/16/97,1/1/99,Assistant Engineer
292200,Honesty,Matzov,2/24/62,2/7/93,1/1/99,Senior Staff
292204,Barna,Raczkowsky,9/3/62,5/4/93,1/1/99,Senior Engineer
292205,Yechezkel,Hennings,3/14/62,7/17/95,1/1/99,Senior Staff
292210,Masaru,Huhdanpaa,1/17/65,11/23/96,1/1/99,Engineer
292213,Uri,Openshaw,11/17/64,12/19/95,1/1/99,Staff
292218,Herb,Henders,4/9/62,11/12/98,1/1/99,Assistant Engineer
292224,Tru,Figueira,6/15/64,9/9/92,1/1/99,Engineer
292226,Morris,Yoshimura,7/15/63,8/23/86,1/1/99,Senior Engineer
292227,Ekawit,Bennet,2/14/62,10/3/95,1/1/99,Staff
292228,Kwee,Snyers,8/3/62,8/7/85,1/1/99,Assistant Engineer
292230,Fay,Bade,9/3/63,9/7/01,1/1/99,Senior Engineer
292232,Bezalel,Barinka,12/12/63,9/13/88,1/1/99,Senior Engineer
292236,Jamaludin,Rusterholz,7/4/63,12/13/93,1/1/99,Staff
292249,Toney,Zucker,9/2/64,10/25/94,1/1/99,Senior Engineer
292251,Mahendra,Montemayor,6/30/63,10/31/91,1/1/99,Senior Staff
292252,Aluzio,Katalagarianos,5/19/62,6/17/95,1/1/99,Staff
292259,Xumin,Beidas,9/19/63,5/22/99,1/1/99,Senior Engineer
292261,Wonhee,Etalle,2/20/64,3/5/88,1/1/99,Assistant Engineer
292270,Boalin,Rodite,3/3/64,7/7/90,1/1/99,Senior Staff
292282,Golgen,Anily,5/17/63,9/25/98,1/1/99,Senior Staff
292283,Mandell,Delgrande,9/29/64,4/25/96,1/1/99,Assistant Engineer
292286,Isamu,Kabayashi,3/1/63,2/12/89,1/1/99,Senior Engineer
292288,Ferdinand,Wroclawski,4/12/62,3/31/95,1/1/99,Engineer
292291,Takushi,Bodoff,11/24/63,11/17/97,1/1/99,Engineer
292309,Pranay,Baar,2/10/63,7/9/96,1/1/99,Engineer
292316,Shrikanth,Siepmann,3/17/64,8/18/89,1/1/99,Staff
292317,Lijia,Moffat,1/16/62,12/24/89,1/1/99,Senior Staff
292319,Basim,Majewski,9/10/62,1/4/92,1/1/99,Senior Engineer
292323,Ger,Bridgland,8/24/64,5/17/92,1/1/99,Senior Engineer
292325,Ferdinand,Karcich,6/24/62,1/3/90,1/1/99,Senior Engineer
292326,Huican,Schaap,1/8/62,6/29/96,1/1/99,Senior Staff
292327,Beshir,Milicic,1/23/62,2/28/99,1/1/99,Staff
292328,Shigeu,Magliocco,4/24/63,12/16/96,1/1/99,Assistant Engineer
292332,Tianruo,Matzat,9/4/62,5/16/96,1/1/99,Senior Engineer
292335,Stein,Theuretzbacher,7/7/64,6/29/89,1/1/99,Senior Staff
292342,Berto,Gips,8/24/64,8/12/93,1/1/99,Senior Staff
292348,Garnik,Kropatsch,5/1/62,6/26/88,1/1/99,Senior Staff
292356,Neelam,Shackel,9/13/63,9/3/96,1/1/99,Assistant Engineer
292361,Susumu,Basagni,11/19/62,9/17/85,1/1/99,Senior Staff
292362,Shaibal,Basawa,12/1/64,6/8/94,1/1/99,Engineer
292377,Eckart,Talmor,2/17/64,10/13/97,1/1/99,Assistant Engineer
292390,Boaz,Schahn,9/30/62,9/20/93,1/1/99,Senior Engineer
292391,Cheong,Borovoy,8/25/64,6/30/97,1/1/99,Engineer
292404,Hongzue,Zultner,1/28/65,2/22/90,1/1/99,Senior Staff
292417,Remko,Erez,6/1/64,8/11/96,1/1/99,Staff
292426,Berto,Yetim,7/5/63,8/7/99,1/1/99,Staff
292428,Sanjeeva,Murrill,11/1/63,2/3/88,1/1/99,Engineer
292433,Yagil,Swen,8/25/62,8/25/87,1/1/99,Senior Engineer
292436,Ult,Gammage,1/28/62,6/30/88,1/1/99,Staff
292438,Alair,Baca,9/7/62,6/27/95,1/1/99,Technique Leader
292440,Hercules,Trogemann,4/12/62,9/3/91,1/1/99,Staff
292444,Leaf,Gerlach,10/3/62,6/26/98,1/1/99,Staff
292451,Pantung,Burnard,5/8/64,7/12/95,1/1/99,Engineer
292453,Ute,Fendler,3/26/63,3/27/96,1/1/99,Engineer
292460,Junichi,Lovengreen,2/10/63,11/21/94,1/1/99,Engineer
292461,Sedat,Fandrianto,12/19/64,7/28/00,1/1/99,Senior Staff
292462,Shaowei,Seiwald,5/9/63,4/14/96,1/1/99,Staff
292469,Make,Butterworth,3/16/62,3/28/94,1/1/99,Assistant Engineer
292470,Yucel,Azadmanesh,9/23/64,9/23/86,1/1/99,Engineer
292479,Shaz,Rindone,9/16/62,10/3/86,1/1/99,Senior Staff
292484,Bangqing,Ladret,6/24/63,2/13/89,1/1/99,Senior Staff
292486,Uwe,Yoshizawa,1/9/62,5/8/97,1/1/99,Staff
292491,Kiyotoshi,Llado,7/12/62,7/9/98,1/1/99,Engineer
292502,Giao,Przulj,4/13/64,4/17/85,1/1/99,Staff
292504,Georgi,Bednarek,1/27/65,3/2/94,1/1/99,Engineer
292505,Maik,Gyimothy,11/15/63,2/14/90,1/1/99,Staff
292509,Fumiko,Sommer,6/3/63,2/28/96,1/1/99,Engineer
292515,Bernd,Thummel,1/4/65,8/3/89,1/1/99,Assistant Engineer
292516,Itzchak,Lakshmanan,12/23/64,7/15/87,1/1/99,Senior Staff
292523,Mechthild,Krone,2/5/63,8/5/94,1/1/99,Senior Engineer
292525,Sampalli,Pell,3/8/63,6/8/95,1/1/99,Senior Engineer
292527,Aleksandar,Kadhim,4/25/62,6/26/88,1/1/99,Staff
292545,Bernt,Wissmann,5/23/63,11/21/87,1/1/99,Engineer
292566,Aksel,Brookner,10/20/62,10/4/85,1/1/99,Engineer
292568,Palash,Aseltine,8/2/63,6/21/96,1/1/99,Senior Staff
292569,Amabile,Poulakidas,11/14/64,1/26/88,1/1/99,Senior Staff
292572,Amstein,Quaggetto,12/21/62,8/23/90,1/1/99,Engineer
292579,Susanne,Ramsay,10/24/63,2/21/85,1/1/99,Staff
292580,Mountaz,Servieres,5/8/63,3/13/93,1/1/99,Assistant Engineer
292586,Ipke,Vingron,2/25/64,7/20/88,1/1/99,Assistant Engineer
292588,Spyrose,Grandbois,5/22/64,11/18/91,1/1/99,Engineer
292606,Raimond,Cyre,3/16/64,11/29/98,1/1/99,Senior Engineer
292607,Danco,Vidya,12/30/64,10/31/94,1/1/99,Senior Staff
292610,Stafford,Gide,3/14/63,9/25/90,1/1/99,Engineer
292614,Mori,Perko,8/10/64,1/29/98,1/1/99,Staff
292619,Theron,Bugrara,8/29/63,5/28/89,1/1/99,Engineer
292620,Isaac,Swist,3/22/63,11/20/88,1/1/99,Engineer
292623,Jouko,Braunschweig,9/5/63,8/4/98,1/1/99,Engineer
292642,Ute,Moffat,5/13/63,1/21/91,1/1/99,Senior Staff
292648,Shietung,Rosar,8/17/62,7/10/89,1/1/99,Engineer
292657,Udaiprakash,Wossner,12/18/63,6/29/85,1/1/99,Senior Staff
292665,Ramzi,Monkewich,5/24/64,6/6/96,1/1/99,Staff
292670,Richard,Riefers,6/18/64,4/27/85,1/1/99,Engineer
292673,Gonzalo,Gonthier,1/8/63,10/15/85,1/1/99,Staff
292682,Mohd,Edelhoff,8/1/64,12/19/90,1/1/99,Senior Engineer
292684,Marc,Ecklund,3/27/64,1/27/96,1/1/99,Senior Staff
292685,Sashi,Birta,8/30/62,6/29/85,1/1/99,Senior Staff
292689,Hideo,Matteis,6/1/63,5/28/86,1/1/99,Staff
292691,Mikhail,Solovay,7/6/63,12/25/96,1/1/99,Senior Engineer
292694,Kauko,Demizu,6/20/64,12/8/90,1/1/99,Senior Engineer
292696,Gita,Pietrzykowski,1/20/63,1/4/00,1/1/99,Engineer
292699,Luisa,Weedman,5/20/64,8/15/99,1/1/99,Senior Engineer
292709,Sven,Oberman,11/3/64,7/6/85,1/1/99,Staff
292710,Ranan,Guenter,6/22/62,10/29/89,1/1/99,Senior Staff
292725,Stafford,Velasco,4/21/64,2/2/85,1/1/99,Senior Staff
292734,Poornachandra,Merle,11/5/63,4/3/96,1/1/99,Senior Engineer
292742,Abdelghani,Smailagic,6/16/63,2/11/96,1/1/99,Engineer
292749,Toney,Perelgut,2/16/63,1/6/96,1/1/99,Engineer
292759,Rasiah,Mitzlaff,8/10/63,4/27/94,1/1/99,Engineer
292762,Zhigen,Mitchem,1/12/62,10/7/96,1/1/99,Assistant Engineer
292764,Vishwani,Zambonelli,9/11/62,2/25/88,1/1/99,Senior Staff
292773,Xinglin,Valtorta,4/23/63,6/18/94,1/1/99,Technique Leader
292775,Lubomir,McFarlin,1/3/64,4/15/99,1/1/99,Staff
292778,Bojan,Sinitsyn,3/4/64,11/6/86,1/1/99,Engineer
292784,Chaosheng,Binding,10/30/62,2/19/90,1/1/99,Engineer
292786,Gunilla,Avouris,11/5/62,6/5/96,1/1/99,Engineer
292792,Arno,Mundy,3/24/63,3/14/95,1/1/99,Senior Engineer
292793,Lokesh,Meszaros,11/18/64,9/22/00,1/1/99,Engineer
292797,Shuji,Aingworth,8/30/63,12/22/92,1/1/99,Senior Staff
292805,Jacqueline,Hoogerwoord,8/13/63,12/16/99,1/1/99,Staff
292806,Hugo,Sridhar,4/14/64,4/10/92,1/1/99,Staff
292811,Achilleas,Cannata,2/11/64,1/18/96,1/1/99,Engineer
292817,Zengping,Ishibashi,5/16/62,6/17/99,1/1/99,Staff
292819,Vincent,Tomescu,5/21/63,4/9/91,1/1/99,Senior Staff
292828,Ziya,Tokunaga,1/10/65,1/8/86,1/1/99,Engineer
292850,Mahmut,Rando,5/26/64,11/14/92,1/1/99,Senior Engineer
292851,Qunsheng,Gurbaxani,8/12/62,1/23/98,1/1/99,Assistant Engineer
292856,Lansing,Aseltine,12/14/62,8/12/98,1/1/99,Senior Engineer
292861,Angel,Lukaszewicz,12/19/62,3/21/88,1/1/99,Engineer
292862,Hein,Heiserman,1/17/62,12/11/96,1/1/99,Staff
292876,Muneo,Anguita,3/30/62,1/26/89,1/1/99,Staff
292878,Lech,Rikino,2/22/64,12/3/97,1/1/99,Engineer
292881,Rosella,Cannard,9/7/62,9/23/85,1/1/99,Senior Staff
292885,Eberhardt,Nishimukai,10/18/64,9/1/97,1/1/99,Staff
292886,Mang,Prenel,4/29/64,6/8/95,1/1/99,Staff
292890,Arvin,Legleitner,8/11/64,7/15/93,1/1/99,Senior Staff
292895,Sarita,Gniady,2/12/62,7/26/94,1/1/99,Engineer
292896,Minghong,Nitsche,5/5/63,2/4/96,1/1/99,Staff
292897,Hatsukazu,Mungall,11/2/63,4/24/00,1/1/99,Senior Staff
292898,Quingbo,Provine,4/11/64,3/14/86,1/1/99,Senior Staff
292905,Ulf,Fontan,8/24/62,5/21/90,1/1/99,Engineer
292912,Junichi,Brookner,11/20/64,12/15/88,1/1/99,Engineer
292917,Jaihie,Wursthorn,6/20/62,5/10/01,1/1/99,Senior Engineer
292927,Hauke,Condotta,7/2/64,5/10/93,1/1/99,Senior Staff
292930,Guiseppe,Thisen,2/1/62,1/24/91,1/1/99,Senior Staff
292932,Gen,Ouhyoung,10/26/62,3/14/98,1/1/99,Staff
292940,Takahito,Schauser,7/18/63,1/10/95,1/1/99,Engineer
292955,Lokesh,Peron,9/17/63,10/12/93,1/1/99,Senior Staff
292963,Toshiki,Gihr,7/20/63,9/30/98,1/1/99,Staff
292969,Dante,Fargier,12/26/62,5/22/91,1/1/99,Engineer
292984,Bartek,Bashian,3/18/62,10/24/91,1/1/99,Engineer
292991,Ghassan,Barvinok,3/8/64,8/10/98,1/1/99,Engineer
292992,Suvo,Morrow,11/8/62,9/2/88,1/1/99,Technique Leader
292996,Magdalena,Katiyar,8/1/63,9/13/85,1/1/99,Engineer
292997,Elzbieta,Krybus,4/28/63,4/29/85,1/1/99,Engineer
293005,Georgy,Pero,6/1/63,12/4/99,1/1/99,Engineer
293007,Vesna,Pappas,9/30/62,10/2/85,1/1/99,Engineer
293012,Jasminko,Shackel,5/29/64,1/20/87,1/1/99,Engineer
293013,Masoud,Murthy,1/23/63,7/24/02,1/1/99,Engineer
293027,Ebru,Heyers,7/4/63,10/30/85,1/1/99,Engineer
293028,Adamantios,Levergood,6/20/63,9/3/91,1/1/99,Engineer
293033,Zhiwei,Gulak,7/16/62,2/12/99,1/1/99,Senior Engineer
293034,Sachio,Peyn,8/30/64,10/30/90,1/1/99,Senior Engineer
293035,Kankanahalli,Luga,8/17/62,9/11/90,1/1/99,Technique Leader
293038,Stevo,Mikschl,4/10/62,8/21/86,1/1/99,Engineer
293043,Guiseppe,Vilarrasa,9/5/64,11/18/88,1/1/99,Senior Engineer
293047,Ortrud,Marzano,2/29/64,1/1/95,1/1/99,Engineer
293052,Jianwen,Muhlberg,12/26/64,6/10/86,1/1/99,Engineer
293053,Gianluca,Suomi,9/3/62,12/1/90,1/1/99,Senior Staff
293054,Dharmaraja,Rothenberg,2/20/64,2/22/93,1/1/99,Senior Engineer
293055,Khoa,Nitta,4/30/63,9/4/95,1/1/99,Senior Engineer
293060,Shem,Gini,1/14/62,7/30/93,1/1/99,Senior Engineer
293072,Geraldo,Suomi,7/4/64,8/19/87,1/1/99,Senior Staff
293073,Shigeaki,Wilfing,3/11/63,1/16/96,1/1/99,Senior Engineer
293074,Sorina,Kilgour,10/24/63,12/5/85,1/1/99,Senior Staff
293080,Hideyuki,Slaats,1/12/65,5/30/87,1/1/99,Senior Staff
293085,Hitofumi,Paciorek,12/12/63,6/23/99,1/1/99,Staff
293093,Shuky,Fortenbacher,11/18/64,7/9/86,1/1/99,Senior Engineer
293094,Charlene,Simkin,3/8/64,9/29/97,1/1/99,Engineer
293109,Guenter,Rettelbach,3/18/64,10/5/98,1/1/99,Engineer
293118,Toshimo,Back,7/11/64,10/18/86,1/1/99,Engineer
293124,Shaw,Nannarelli,8/2/63,2/26/88,1/1/99,Senior Engineer
293132,Giordano,Rosin,11/9/62,4/22/93,1/1/99,Engineer
293133,Jiafu,Guerreiro,7/4/62,7/2/91,1/1/99,Senior Staff
293134,Vasilii,Pollacia,3/21/63,7/26/91,1/1/99,Engineer
293141,Zhiwei,Kaminger,6/21/64,12/18/96,1/1/99,Senior Engineer
293148,Maha,Klyachko,4/10/63,11/21/99,1/1/99,Engineer
293149,Tetsushi,Weisert,5/6/64,2/16/97,1/1/99,Staff
293153,Larisa,Liesche,8/2/62,6/3/94,1/1/99,Engineer
293154,Syozo,Maliniak,1/21/65,6/6/93,1/1/99,Senior Staff
293155,Tooru,Krider,10/21/62,11/29/96,1/1/99,Engineer
293156,Shushma,Koprowski,6/10/63,4/6/96,1/1/99,Senior Staff
293157,Jolita,Schapire,2/24/62,2/19/89,1/1/99,Staff
293160,Hirochika,Swick,10/29/62,5/26/92,1/1/99,Senior Staff
293161,Ayakannu,Hutter,12/2/63,4/24/98,1/1/99,Staff
293162,Leucio,Ouhyoung,9/16/63,10/3/89,1/1/99,Senior Staff
293163,Lein,Talmor,11/15/62,1/4/87,1/1/99,Engineer
293167,Panayotis,Rahimi,11/24/62,2/15/93,1/1/99,Senior Staff
293170,Zongyan,Demizu,5/18/63,5/12/94,1/1/99,Senior Engineer
293175,Geoffry,Tibblin,3/18/63,4/26/98,1/1/99,Engineer
293188,Waiman,Morrey,2/19/63,4/30/86,1/1/99,Senior Staff
293194,Rosella,Roccetti,8/26/63,11/22/95,1/1/99,Senior Engineer
293202,Giao,Teitelbaum,1/4/63,11/15/85,1/1/99,Senior Engineer
293205,Utpal,Dusink,9/7/62,2/13/92,1/1/99,Engineer
293206,Deniz,Baez,11/28/64,7/22/90,1/1/99,Engineer
293208,Isamu,Falby,11/19/62,4/3/90,1/1/99,Senior Staff
293210,Vitaly,Manders,5/7/64,6/7/89,1/1/99,Senior Engineer
293213,Luise,Flowers,7/20/62,3/2/88,1/1/99,Engineer
293214,Domenico,Undy,3/2/63,3/17/87,1/1/99,Senior Staff
293216,Martial,Bridgland,7/8/62,2/14/93,1/1/99,Senior Staff
293217,Harjit,Krogh,2/6/62,7/9/91,1/1/99,Engineer
293219,Takanari,Marwedel,8/25/64,3/1/99,1/1/99,Staff
293228,Wanqing,Heijenga,1/26/62,12/4/90,1/1/99,Senior Engineer
293231,Pranay,Thorelli,5/12/63,2/28/86,1/1/99,Staff
293234,Saeed,Kilgore,9/17/63,4/27/88,1/1/99,Senior Engineer
293237,Taiji,Ullian,9/10/62,7/8/95,1/1/99,Staff
293238,Shao,Marsiglia,4/8/63,5/2/89,1/1/99,Engineer
293240,Dante,Mahnke,4/21/64,9/12/91,1/1/99,Assistant Engineer
293244,Tadahiko,Nollmann,8/2/63,5/7/88,1/1/99,Senior Staff
293247,Sungwon,Suermann,8/23/63,2/9/97,1/1/99,Staff
293249,Yongdong,Carrere,7/2/62,2/9/95,1/1/99,Engineer
293260,Haldun,Mamelak,3/15/63,2/1/01,1/1/99,Engineer
293261,Guoxiang,Ramaiah,12/2/64,6/25/93,1/1/99,Senior Engineer
293266,Pramod,Salvesen,7/20/63,4/10/95,1/1/99,Engineer
293267,Arto,Seghrouchni,11/22/64,3/24/85,1/1/99,Engineer
293273,Sasan,Lemarechal,4/29/64,6/27/96,1/1/99,Engineer
293275,Krister,Vesna,1/12/62,8/28/86,1/1/99,Senior Staff
293280,Moti,Steenbeek,1/24/65,1/22/87,1/1/99,Senior Engineer
293283,Sven,Panangaden,5/27/63,6/29/91,1/1/99,Senior Engineer
293290,Nagui,Ratnakar,9/14/63,4/12/90,1/1/99,Senior Engineer
293291,Lidong,Eugenio,3/15/64,8/29/98,1/1/99,Staff
293299,Miquel,Lundstrom,5/28/63,3/29/97,1/1/99,Senior Engineer
293307,Morrie,Gerteisen,11/9/62,6/29/87,1/1/99,Senior Engineer
293308,Demin,Birsak,4/14/63,8/31/95,1/1/99,Staff
293326,Toshimo,Masada,11/13/64,12/15/97,1/1/99,Senior Engineer
293329,Fumiya,Griswold,1/15/65,6/12/86,1/1/99,Senior Engineer
293333,Vesna,Gomatam,10/8/63,6/7/91,1/1/99,Senior Engineer
293335,Felicidad,Wrigley,7/2/62,11/6/95,1/1/99,Senior Engineer
293338,Marko,Baranowski,3/9/64,10/5/93,1/1/99,Staff
293340,Goncalo,Cairo,6/5/62,10/2/86,1/1/99,Staff
293358,Saeed,Bisiani,8/29/62,8/17/97,1/1/99,Staff
293362,Unal,Junet,4/20/64,2/15/98,1/1/99,Engineer
293363,Kazunori,Puppo,2/27/63,8/19/92,1/1/99,Senior Engineer
293369,Nigel,Garigliano,5/29/63,5/13/90,1/1/99,Assistant Engineer
293370,Fumitaka,Kropf,8/6/64,9/29/93,1/1/99,Engineer
293371,Zeydy,Hiltgen,10/14/64,7/30/99,1/1/99,Engineer
293373,Jaber,Radhakrishnan,10/31/63,12/21/99,1/1/99,Engineer
293375,Stella,Itzfeldt,12/19/62,2/7/94,1/1/99,Senior Staff
293380,Giap,Linares,3/24/62,2/23/87,1/1/99,Staff
293382,Zine,Papadias,11/25/64,6/14/92,1/1/99,Senior Staff
293384,Tristan,Laurillard,1/13/64,2/19/01,1/1/99,Technique Leader
293386,Dines,Gulla,8/30/64,7/21/96,1/1/99,Senior Engineer
293392,Shay,Rattan,9/15/62,5/2/86,1/1/99,Engineer
293393,Jolita,Chandrasekhar,2/14/62,11/14/99,1/1/99,Staff
293400,Dines,Arlazarov,10/3/63,3/20/98,1/1/99,Staff
293401,Seshu,Marsiglia,11/4/63,7/13/86,1/1/99,Senior Staff
293402,Weiye,Passafiume,7/12/63,5/21/01,1/1/99,Senior Staff
293403,Shahid,Versino,7/1/64,1/4/00,1/1/99,Engineer
293410,Luisa,Whittlesey,6/21/63,9/9/93,1/1/99,Engineer
293426,Mechthild,Ertl,6/4/63,9/14/98,1/1/99,Staff
293428,Tsz,Pell,6/15/63,4/8/94,1/1/99,Engineer
293429,Jianhui,Eickenmeyer,11/20/63,5/26/89,1/1/99,Engineer
293432,Shunichi,Schueller,10/9/62,10/23/88,1/1/99,Engineer
293443,Basil,Randt,10/13/62,3/20/95,1/1/99,Senior Staff
293449,Zeydy,Schiettecatte,6/13/62,6/17/87,1/1/99,Senior Staff
293453,Gilbert,Ghemri,7/22/63,3/31/95,1/1/99,Senior Staff
293456,Kazuhiko,Olivero,12/26/62,11/28/91,1/1/99,Assistant Engineer
293463,Changho,Gulik,12/20/64,4/18/88,1/1/99,Staff
293473,Zhanqiu,Thombley,5/26/64,2/22/98,1/1/99,Engineer
293474,Jouni,Kawashimo,12/4/64,7/5/94,1/1/99,Senior Engineer
293476,Khalid,Szilard,6/14/63,12/17/99,1/1/99,Senior Staff
293478,Shugo,Bahi,7/7/62,8/18/90,1/1/99,Senior Staff
293484,Susanta,Isard,4/18/63,2/7/91,1/1/99,Staff
293485,Subhrajyoti,Horswill,9/18/63,9/10/90,1/1/99,Senior Engineer
293491,Yakichi,Bridgland,4/12/64,12/13/88,1/1/99,Senior Engineer
293494,Basim,Sinicrope,5/25/63,3/14/85,1/1/99,Senior Engineer
293496,Eberhardt,Heyers,11/15/63,11/9/94,1/1/99,Staff
293500,Harngdar,Lukaszewicz,7/26/62,6/13/98,1/1/99,Staff
293512,Alejandro,Swan,6/22/62,11/20/97,1/1/99,Engineer
293513,Berhard,Kuhnemann,12/4/62,6/26/89,1/1/99,Staff
293518,Jingling,Thorensen,11/5/63,1/28/00,1/1/99,Staff
293523,Shugo,Skafidas,4/3/64,10/12/92,1/1/99,Staff
293527,Zeljko,Peris,9/26/62,1/11/00,1/1/99,Technique Leader
293542,Willard,Chiola,10/17/64,4/22/91,1/1/99,Staff
293544,Kwok,Vieth,10/31/63,11/20/92,1/1/99,Senior Engineer
293549,Alexius,Rullman,10/20/64,10/7/97,1/1/99,Staff
293556,Chuanyi,Matzov,6/23/62,5/30/95,1/1/99,Senior Staff
293561,Irena,Vuskovic,6/29/64,12/28/99,1/1/99,Senior Engineer
293562,Yefim,Kambil,1/15/62,10/29/85,1/1/99,Staff
293566,Shrikanth,Lukaszewicz,5/1/63,5/24/96,1/1/99,Senior Staff
293571,Berto,Kadhim,2/1/63,10/10/98,1/1/99,Senior Engineer
293582,Evgueni,Zuberek,3/5/64,12/21/97,1/1/99,Engineer
293597,Pranas,Sewelson,9/12/63,3/16/90,1/1/99,Staff
293603,Tse,Vingron,6/27/63,8/2/90,1/1/99,Senior Engineer
293605,Mamdouh,Alvarado,2/14/62,4/5/88,1/1/99,Senior Staff
293615,Erez,Cardazo,4/10/63,7/31/98,1/1/99,Staff
293621,Arun,Schade,6/16/63,3/8/90,1/1/99,Staff
293624,Dmitry,Brendel,11/18/63,5/28/93,1/1/99,Senior Staff
293639,Yuuichi,Chepyzhov,2/16/63,1/6/97,1/1/99,Assistant Engineer
293642,Joydip,Kruskal,4/11/63,3/31/91,1/1/99,Senior Staff
293651,Oldrich,Quittner,1/20/62,5/31/97,1/1/99,Senior Staff
293654,Magdalena,Journel,8/18/64,1/6/98,1/1/99,Engineer
293664,Toshimori,Prenel,12/7/63,7/20/85,1/1/99,Engineer
293674,Heon,Plump,2/12/62,8/20/93,1/1/99,Staff
293678,Ziya,Nishimukai,5/27/63,4/18/90,1/1/99,Engineer
293680,Shahid,Shackell,9/19/62,11/17/87,1/1/99,Engineer
293683,Gou,Tramer,6/9/62,2/11/98,1/1/99,Staff
293690,Mabo,Merks,4/1/64,1/30/94,1/1/99,Senior Engineer
293691,Toshimi,Haumacher,9/13/63,9/14/95,1/1/99,Engineer
293692,Sudhanshu,Cardazo,10/18/63,10/23/94,1/1/99,Senior Engineer
293697,Feiyu,Jansen,3/7/64,8/24/85,1/1/99,Senior Engineer
293701,Mooi,McClurg,7/1/63,5/20/88,1/1/99,Senior Staff
293705,Fuqing,Hitomi,11/18/63,9/12/89,1/1/99,Engineer
293728,Claude,McDermid,1/1/62,7/3/98,1/1/99,Engineer
293730,Minghong,Kakkad,8/29/62,4/26/97,1/1/99,Engineer
293733,Uli,Oberman,3/12/62,7/28/97,1/1/99,Senior Staff
293739,Xiaopeng,Rousseau,8/2/62,3/13/85,1/1/99,Senior Engineer
293740,Satyanarayana,Demir,9/29/63,6/5/85,1/1/99,Senior Engineer
293741,Takahira,Setiz,4/5/64,10/30/90,1/1/99,Senior Staff
293746,Sanjay,Litecky,1/25/65,8/27/95,1/1/99,Senior Engineer
293747,Fai,Guardalben,10/29/62,11/8/97,1/1/99,Senior Engineer
293752,Jungsoon,Bail,1/4/65,2/18/86,1/1/99,Staff
293755,Brendon,Sluis,12/23/62,6/14/89,1/1/99,Staff
293758,Somnath,Niizuma,4/25/62,11/21/85,1/1/99,Engineer
293765,Khosrow,Vingron,3/28/63,4/22/88,1/1/99,Senior Staff
293779,Boaz,Kakkar,1/27/63,3/11/95,1/1/99,Engineer
293780,Selwyn,Kamber,2/20/63,8/26/99,1/1/99,Staff
293785,Sukumar,Wrigley,4/17/62,11/25/89,1/1/99,Senior Staff
293791,Yakkov,Dalphin,4/3/64,9/12/01,1/1/99,Assistant Engineer
293796,Irena,Hardjono,1/3/63,4/8/89,1/1/99,Senior Staff
293800,Saeed,Vitiello,4/5/64,4/4/96,1/1/99,Engineer
293805,Filipe,Frijda,3/18/62,10/10/93,1/1/99,Senior Engineer
293806,Yinlin,Khamsi,8/19/63,8/12/95,1/1/99,Staff
293826,Mahendra,Falck,3/23/64,3/13/85,1/1/99,Staff
293831,Erzsebet,Legleitner,1/23/62,11/29/97,1/1/99,Senior Staff
293833,Makato,Iacovou,3/3/62,10/5/89,1/1/99,Staff
293839,Kwangho,Sudbeck,12/7/64,3/30/94,1/1/99,Technique Leader
293840,Masadi,Genther,7/20/62,12/17/95,1/1/99,Staff
293842,Xianlong,Basawa,6/1/62,5/4/01,1/1/99,Staff
293845,Manohar,Ashish,1/26/64,11/3/97,1/1/99,Senior Engineer
293852,Naftaly,Monkewich,3/26/64,9/24/97,1/1/99,Senior Staff
293858,Mahmut,Remmers,7/13/62,6/9/86,1/1/99,Engineer
293862,Itzchak,Marwedel,10/22/63,11/5/94,1/1/99,Assistant Engineer
293864,Tze,Curless,2/9/63,9/16/89,1/1/99,Senior Staff
293867,Kwee,Bauknecht,5/13/63,1/5/87,1/1/99,Staff
293870,Brigham,Bhattacharjee,3/5/64,4/18/93,1/1/99,Senior Engineer
293872,Boriana,Basart,8/24/62,11/2/99,1/1/99,Engineer
293876,Martins,Perfilyeva,10/20/62,8/2/99,1/1/99,Technique Leader
293878,Ziya,Isaak,10/1/64,8/21/99,1/1/99,Staff
293886,Miyeon,Perly,8/16/63,1/13/98,1/1/99,Staff
293888,Zhonghui,Kisuki,8/19/64,5/24/87,1/1/99,Senior Staff
293889,Kwun,Cullers,4/14/64,8/17/92,1/1/99,Senior Engineer
293894,Jeanne,Binkley,2/8/64,11/23/95,1/1/99,Assistant Engineer
293897,Hilary,Borovoy,7/26/62,7/6/95,1/1/99,Senior Staff
293898,Taizo,Christ,4/7/63,2/6/99,1/1/99,Senior Staff
293901,Shaowei,Asser,2/26/63,12/19/89,1/1/99,Assistant Engineer
293903,Jiang,Zaccaria,7/27/63,12/31/95,1/1/99,Staff
293912,Kwun,Brookman,3/18/62,6/6/92,1/1/99,Engineer
293915,Shen,Chvatal,12/16/63,4/29/89,1/1/99,Senior Staff
293919,Richard,Schach,5/1/64,10/14/93,1/1/99,Senior Engineer
293923,Kinh,Goodrum,1/12/62,1/12/90,1/1/99,Engineer
293930,Branimir,Deville,7/31/64,2/19/96,1/1/99,Staff
293937,Alois,Huttel,9/3/62,9/18/87,1/1/99,Engineer
293938,Abdelwaheb,Gischer,2/23/62,10/24/89,1/1/99,Senior Engineer
293941,Martial,Fairtlough,11/27/63,7/31/91,1/1/99,Senior Engineer
293948,Lihong,Pero,9/2/64,9/16/01,1/1/99,Technique Leader
293950,Utpal,Chleq,6/2/62,3/20/88,1/1/99,Senior Engineer
293954,Nimmagadda,Salinas,4/13/64,2/17/88,1/1/99,Engineer
293955,Sachin,Hutton,11/27/64,7/29/91,1/1/99,Senior Staff
293968,Yechiam,Heijenga,7/29/64,8/28/90,1/1/99,Engineer
293969,Ziva,Randt,7/10/63,7/1/98,1/1/99,Engineer
293976,Ravishankar,Narahari,10/8/62,7/11/91,1/1/99,Engineer
293977,Poornachandra,Schmittgen,3/7/62,2/7/86,1/1/99,Engineer
293978,Chuanyi,Brookman,7/27/62,8/16/97,1/1/99,Engineer
293992,Berni,Oskamp,2/28/63,1/26/92,1/1/99,Engineer
294002,Lihong,Vidal,7/24/62,3/12/98,1/1/99,Staff
294007,Alper,Attimonelli,8/2/63,9/2/88,1/1/99,Senior Engineer
294015,Gen,Auyong,9/10/62,4/12/88,1/1/99,Senior Staff
294021,Mihalis,Reinhard,7/24/63,7/23/91,1/1/99,Senior Engineer
294030,Zhonghui,Prenel,1/17/62,3/16/89,1/1/99,Senior Staff
294033,Ulises,Limongiello,9/10/64,5/17/98,1/1/99,Staff
294044,Perry,Terkki,8/31/62,2/3/91,1/1/99,Staff
294053,Aemilian,Pokrovskii,1/29/62,4/21/96,1/1/99,Engineer
294057,Saeed,Kropp,10/1/64,10/24/97,1/1/99,Staff
294062,Vishwani,Tchuente,5/24/62,6/5/85,1/1/99,Senior Engineer
294063,Uinam,Murtagh,11/2/64,2/29/96,1/1/99,Technique Leader
294067,Danco,Siepmann,5/16/62,6/22/95,1/1/99,Senior Staff
294073,Chaitali,Rouquie,1/20/63,12/6/94,1/1/99,Senior Staff
294074,Temple,Lueh,2/5/63,6/4/96,1/1/99,Technique Leader
294078,Shigenori,Azadmanesh,7/4/64,11/28/87,1/1/99,Staff
294079,Yuping,Businaro,7/23/63,6/7/89,1/1/99,Senior Staff
294087,Gadiel,Mansanne,5/31/63,9/22/85,1/1/99,Senior Staff
294090,Serif,Spelt,11/28/63,1/10/94,1/1/99,Senior Engineer
294093,Masamitsu,Katalagarianos,7/19/62,3/15/97,1/1/99,Senior Engineer
294094,Xiong,Legleitner,9/2/63,11/8/97,1/1/99,Senior Staff
294102,Jianwen,Plumb,4/16/62,11/24/95,1/1/99,Staff
294134,Zsolt,McClurg,10/27/63,7/16/94,1/1/99,Senior Staff
294140,Leon,Hainaut,11/16/62,1/11/98,1/1/99,Engineer
294144,Takanari,Ermel,1/9/65,1/11/92,1/1/99,Senior Staff
294146,Utpal,Wixon,3/22/63,7/21/95,1/1/99,Senior Staff
294147,Richard,Lanteri,7/26/63,6/21/95,1/1/99,Senior Engineer
294152,Richard,Heuser,9/19/62,8/15/95,1/1/99,Senior Engineer
294153,Mang,Bale,12/19/63,1/3/94,1/1/99,Senior Engineer
294162,Tetsurou,Asrin,11/3/63,3/6/87,1/1/99,Senior Staff
294167,Francesca,Garigliano,6/30/63,12/4/99,1/1/99,Engineer
294186,Branimir,Falck,11/21/63,12/4/92,1/1/99,Engineer
294187,Marie,Liesche,10/1/64,5/22/02,1/1/99,Senior Staff
294191,Subbu,Rodier,6/19/62,4/22/85,1/1/99,Staff
294196,Subhankar,Willoner,5/29/63,10/6/85,1/1/99,Engineer
294200,Heeju,Wilharm,3/20/63,3/20/87,1/1/99,Senior Staff
294205,Taegyun,Menhoudj,12/22/63,12/31/92,1/1/99,Senior Engineer
294207,Aiman,Rando,9/28/64,2/13/89,1/1/99,Senior Staff
294216,Guoxiang,Wroclawski,11/28/62,9/26/98,1/1/99,Engineer
294218,Tzvetan,Kuhnemann,1/23/62,4/22/96,1/1/99,Staff
294220,Nikolaus,Peot,6/11/62,5/20/91,1/1/99,Senior Engineer
294227,Heather,Ligten,7/30/63,11/13/97,1/1/99,Staff
294230,Tse,Lodder,12/3/62,5/8/93,1/1/99,Senior Staff
294231,Muneo,Beeson,2/11/62,11/27/91,1/1/99,Senior Engineer
294233,Georg,Anger,9/29/62,6/10/98,1/1/99,Technique Leader
294237,Ayakannu,Daescu,7/10/64,6/1/97,1/1/99,Senior Staff
294239,Divine,Acton,2/29/64,10/22/85,1/1/99,Senior Staff
294241,Marl,Fiebach,1/12/65,7/26/94,1/1/99,Staff
294253,Vitali,Azulay,5/27/62,4/16/94,1/1/99,Senior Staff
294261,Uli,Emiris,8/11/62,5/4/91,1/1/99,Engineer
294263,Kwangyoen,Mukaidono,5/30/64,5/13/87,1/1/99,Senior Engineer
294269,Hidefumi,Kropp,8/16/63,4/26/89,1/1/99,Assistant Engineer
294280,Manu,Sudbeck,5/7/62,10/26/90,1/1/99,Senior Engineer
294281,Taisook,Peha,2/6/63,10/17/97,1/1/99,Staff
294285,Ishfaq,Gill,1/15/63,10/22/99,1/1/99,Senior Staff
294291,Susuma,Leuchs,10/25/63,8/19/89,1/1/99,Senior Engineer
294300,Padma,Dredge,6/7/63,12/18/85,1/1/99,Engineer
294312,Ranan,Scharstein,5/22/63,10/11/87,1/1/99,Senior Staff
294317,Bernice,Conde,11/16/62,10/31/88,1/1/99,Technique Leader
294321,Uta,Tomescu,7/14/63,5/14/87,1/1/99,Engineer
294327,Neelam,Stanfel,11/18/63,12/8/90,1/1/99,Engineer
294328,Thanasis,Oaver,2/6/62,2/22/99,1/1/99,Staff
294331,Avishai,Kambil,3/21/63,8/20/99,1/1/99,Staff
294333,Armond,Billingsley,5/14/63,9/5/90,1/1/99,Senior Engineer
294355,Koldo,Standera,12/11/62,7/15/97,1/1/99,Engineer
294358,Mamdouh,Nilsson,7/3/63,3/17/90,1/1/99,Senior Staff
294360,Florina,Kriebel,5/1/62,6/12/88,1/1/99,Staff
294368,Shounak,Shumilov,2/3/63,10/16/94,1/1/99,Engineer
294373,Chiradeep,Holburn,6/10/64,1/7/99,1/1/99,Engineer
294394,Howell,Granlund,3/20/62,1/20/01,1/1/99,Engineer
294397,Xiping,Ghemri,12/14/64,1/10/87,1/1/99,Senior Engineer
294401,Raimond,Hiltgen,8/13/62,8/7/87,1/1/99,Engineer
294402,Xiaocheng,Birke,5/14/63,12/31/97,1/1/99,Engineer
294404,Kagan,Kalorkoti,11/11/63,11/4/98,1/1/99,Senior Engineer
294408,Arvin,Gimbel,10/20/64,3/19/90,1/1/99,Senior Staff
294412,Marit,Lanphier,7/16/63,12/29/99,1/1/99,Staff
294418,Filipp,Tomescu,7/9/62,5/10/93,1/1/99,Staff
294424,Niclas,Lorie,6/9/63,12/31/86,1/1/99,Staff
294429,Irena,Schlenzig,12/6/62,6/17/97,1/1/99,Senior Staff
294434,Mahmut,Ossenbruggen,4/2/64,3/18/90,1/1/99,Senior Engineer
294436,Bowen,Riefers,2/16/64,4/6/94,1/1/99,Engineer
294437,Syozo,Nitto,2/12/63,8/23/97,1/1/99,Engineer
294446,Claudi,Ruemmler,1/27/65,8/13/99,1/1/99,Staff
294455,Anestis,Pehl,12/5/64,8/5/01,1/1/99,Staff
294458,Masato,Kropp,11/7/63,4/23/87,1/1/99,Staff
294459,Berni,Skafidas,10/24/62,10/15/90,1/1/99,Senior Engineer
294461,Siddarth,Rosiles,1/14/65,11/18/85,1/1/99,Senior Engineer
294474,Mayuko,Kossowski,6/24/63,10/29/88,1/1/99,Senior Staff
294476,Ayonca,Krone,2/5/64,12/21/95,1/1/99,Senior Engineer
294484,Jackson,Dulay,2/26/62,3/17/91,1/1/99,Senior Engineer
294490,Kousuke,Cyre,8/9/62,2/14/93,1/1/99,Senior Engineer
294495,Freyja,Docker,8/7/64,10/28/97,1/1/99,Engineer
294497,Xiaoqiu,Aumann,9/2/63,11/16/86,1/1/99,Senior Staff
294498,Mang,Snyers,12/26/62,3/3/85,1/1/99,Senior Engineer
294504,Tze,Irland,8/28/63,1/13/88,1/1/99,Staff
294507,Mabo,Ulupinar,11/1/63,7/12/96,1/1/99,Staff
294517,Weiwu,Selenyi,12/27/62,1/14/93,1/1/99,Senior Engineer
294524,Atilio,Zaumen,10/2/62,8/7/91,1/1/99,Senior Staff
294526,Danae,Heydon,1/14/62,2/14/98,1/1/99,Engineer
294527,Ashish,Candan,1/4/65,2/2/92,1/1/99,Senior Staff
294529,Katsuyuki,Besselaar,2/6/63,8/9/90,1/1/99,Engineer
294533,Mariusz,Butner,8/29/64,12/28/95,1/1/99,Senior Staff
294535,Nevio,Camurati,11/12/62,1/21/89,1/1/99,Engineer
294538,Tonny,Narahara,1/23/63,1/9/97,1/1/99,Engineer
294540,Duke,Speek,11/15/64,4/16/88,1/1/99,Senior Staff
294541,Dipankar,Ohori,4/2/64,12/29/97,1/1/99,Senior Staff
294544,Xinan,Alvarado,1/17/62,9/21/89,1/1/99,Senior Engineer
294547,Takahiro,Denny,12/4/62,8/2/87,1/1/99,Engineer
294550,Wayne,Swist,10/28/62,11/15/90,1/1/99,Senior Staff
294559,Qingxiang,Reinhart,1/30/62,11/9/85,1/1/99,Senior Engineer
294561,Paraskevi,Reghbati,7/25/62,3/12/91,1/1/99,Senior Staff
294562,Marc,Maquelin,11/17/64,12/5/90,1/1/99,Senior Staff
294567,Kwan,Baumann,8/5/63,9/26/99,1/1/99,Engineer
294579,Shaleah,Puoti,7/6/63,9/28/93,1/1/99,Staff
294599,Mong,Ouhyoung,9/20/62,11/24/95,1/1/99,Engineer
294601,Arvin,Lakshmanan,10/15/62,6/27/87,1/1/99,Senior Staff
294604,Roselyn,Negoita,11/28/64,3/5/88,1/1/99,Senior Staff
294609,Leni,Peral,1/30/64,5/4/98,1/1/99,Engineer
294615,Edwin,Schaad,8/1/64,12/24/86,1/1/99,Senior Engineer
294625,Foong,Hoogerwoord,1/5/64,6/29/97,1/1/99,Staff
294626,Kousuke,Yoshimura,6/18/64,1/17/94,1/1/99,Senior Engineer
294628,Yuuichi,Sadowski,9/2/64,5/9/99,1/1/99,Engineer
294630,Sanjeeva,Turnbull,7/14/64,11/15/88,1/1/99,Senior Engineer
294631,Jongsuk,Bellmore,1/30/63,9/30/90,1/1/99,Senior Staff
294633,Teunis,Yeung,8/27/62,9/20/95,1/1/99,Senior Engineer
294640,Mark,Ranta,6/10/64,1/27/89,1/1/99,Senior Staff
294650,Zhonghua,Ranft,2/14/63,7/30/89,1/1/99,Senior Engineer
294651,Fox,Jakobus,8/8/64,6/1/95,1/1/99,Engineer
294652,Hironobu,Brodie,1/27/65,12/21/98,1/1/99,Senior Engineer
294654,Sivanarayana,Orsini,8/27/64,4/11/96,1/1/99,Staff
294656,Visit,Mansanne,7/23/64,3/21/90,1/1/99,Assistant Engineer
294658,Constantijn,Weedman,3/16/62,5/17/93,1/1/99,Staff
294665,Ottavia,Erde,7/2/62,3/15/90,1/1/99,Senior Staff
294677,JoAnne,Zumaque,7/11/62,1/24/95,1/1/99,Engineer
294682,Khun,Bugaenko,6/9/62,3/12/96,1/1/99,Staff
294694,Vishwani,Gopalakrishnan,12/3/63,1/11/91,1/1/99,Engineer
294700,Heekeun,Vitiello,4/11/62,7/24/97,1/1/99,Staff
294705,Kristof,Kaltofen,7/18/64,6/17/93,1/1/99,Engineer
294706,Jongsuk,Nishimukai,10/14/63,4/15/97,1/1/99,Senior Engineer
294707,Divier,Pietrzykowski,1/2/64,9/5/99,1/1/99,Staff
294715,Premsyl,Solovay,3/27/63,4/11/93,1/1/99,Senior Staff
294727,Teruyuki,Alvarado,2/28/63,8/2/97,1/1/99,Staff
294729,Youjian,Chiola,9/25/63,5/14/94,1/1/99,Senior Staff
294731,Odysseas,Zastre,11/8/62,12/17/89,1/1/99,Staff
294751,Dines,Chinen,3/9/64,12/22/90,1/1/99,Senior Staff
294753,Dekang,Orlowska,9/19/64,11/12/96,1/1/99,Engineer
294761,Mayumi,Barriga,3/30/62,5/3/92,1/1/99,Senior Engineer
294762,Subhrajyoti,Peng,4/9/64,4/21/88,1/1/99,Technique Leader
294767,Moto,Wallrath,7/7/63,1/6/91,1/1/99,Senior Staff
294771,Subhada,Zyda,6/7/62,4/14/87,1/1/99,Senior Staff
294775,Vitali,Eickenmeyer,4/19/63,1/2/98,1/1/99,Senior Staff
294780,Emdad,Moffat,7/3/63,7/5/86,1/1/99,Engineer
294788,Ult,Nyanchama,3/25/62,6/22/90,1/1/99,Engineer
294791,Vesna,Lammel,1/28/65,10/8/99,1/1/99,Assistant Engineer
294792,Jeane,Couchot,10/1/62,3/12/98,1/1/99,Senior Engineer
294798,Oksana,Vickson,4/25/62,5/12/85,1/1/99,Engineer
294802,Ramachenga,Harllee,5/29/62,5/6/86,1/1/99,Staff
294809,Tru,Menyhert,9/2/63,3/25/95,1/1/99,Engineer
294819,Gennadi,Turnbull,8/3/64,10/25/95,1/1/99,Senior Staff
294823,Constantine,Feldmann,11/22/62,3/5/95,1/1/99,Staff
294828,King,Chvatal,4/2/62,3/5/93,1/1/99,Staff
294838,Spyrose,Denny,7/13/64,11/15/89,1/1/99,Engineer
294839,Kshitij,Janetzko,5/1/62,5/27/96,1/1/99,Senior Engineer
294857,Caolyn,Ozeri,1/15/65,7/29/86,1/1/99,Senior Engineer
294863,Hongzue,Denos,4/2/62,8/17/98,1/1/99,Staff
294864,Junsik,Whitcomb,1/3/62,12/14/96,1/1/99,Staff
294866,Jixiang,Ghemri,11/12/62,6/26/87,1/1/99,Senior Engineer
294871,Xumin,Mellouli,7/15/62,6/5/87,1/1/99,Senior Staff
294875,Kayoko,Shackel,11/20/62,7/18/99,1/1/99,Staff
294876,Shim,Parveen,8/21/63,1/8/95,1/1/99,Staff
294877,Gregory,Norsworthy,11/24/62,1/6/88,1/1/99,Engineer
294885,Kenroku,Gils,5/28/62,11/11/87,1/1/99,Technique Leader
294903,Arunas,Vigier,7/17/64,8/7/90,1/1/99,Senior Engineer
294906,Bezalel,Auyong,12/18/64,7/4/96,1/1/99,Assistant Engineer
294914,Mabry,Zielinski,12/26/63,9/19/95,1/1/99,Engineer
294918,Masanao,Broomell,10/30/62,5/2/99,1/1/99,Engineer
294931,Shao,Paludetto,10/11/62,10/5/87,1/1/99,Engineer
294934,Etsuo,Maginnis,10/28/63,10/1/95,1/1/99,Staff
294948,Nevio,Zeidenstein,11/12/63,3/17/91,1/1/99,Senior Engineer
294960,Sachar,Jarecki,8/10/63,6/27/87,1/1/99,Senior Engineer
294969,Shounak,Anguita,6/18/62,7/14/91,1/1/99,Senior Staff
294972,Manohar,Kavraki,8/17/64,6/7/02,1/1/99,Senior Engineer
294981,JoAnna,Xiaoshan,7/6/62,7/19/85,1/1/99,Senior Engineer
294984,Heekeun,Puppe,12/31/63,10/24/90,1/1/99,Senior Staff
294985,Bernice,Beidas,7/30/64,2/17/98,1/1/99,Engineer
294994,Henk,Levasseur,2/16/64,1/3/93,1/1/99,Senior Engineer
295001,Ramya,Peek,10/12/63,3/10/94,1/1/99,Senior Staff
295011,Morris,Naudin,7/8/63,5/31/94,1/1/99,Engineer
295015,Yurij,Ladret,9/22/62,10/26/90,1/1/99,Engineer
295019,Moni,Stroustrup,6/9/62,10/15/85,1/1/99,Staff
295021,Eben,Nitta,4/29/62,11/14/85,1/1/99,Engineer
295030,Fun,Keirsey,1/1/65,7/9/85,1/1/99,Senior Staff
295071,Hilari,Billingsley,12/10/63,3/15/97,1/1/99,Engineer
295075,Xiaoqiang,Feldmann,4/29/63,4/9/98,1/1/99,Staff
295080,Leif,Nitsch,4/24/62,8/19/92,1/1/99,Senior Staff
295097,Aruna,Papastamatiou,10/23/62,6/15/95,1/1/99,Assistant Engineer
295102,Vojin,Heinisuo,12/15/63,8/1/98,1/1/99,Staff
295103,Xiaoqiang,Validov,3/5/64,10/14/95,1/1/99,Staff
295107,Yechiam,Vieth,10/27/62,5/14/85,1/1/99,Engineer
295112,Stein,Menhoudj,7/12/62,2/28/94,1/1/99,Engineer
295113,Chandrasekaran,Hardjono,5/20/63,9/16/85,1/1/99,Engineer
295114,Dmitry,Gips,12/21/62,4/27/95,1/1/99,Senior Staff
295119,Kristof,Kusalik,1/7/63,5/16/85,1/1/99,Senior Engineer
295120,Mayumi,Fasbender,7/26/63,10/26/96,1/1/99,Senior Staff
295127,Manu,Mitzlaff,1/6/64,10/24/92,1/1/99,Engineer
295133,Steve,Parhami,8/2/62,11/11/93,1/1/99,Staff
295143,Jacopo,Yamaashi,6/27/62,10/11/85,1/1/99,Staff
295144,Masako,Plesums,4/8/62,3/1/02,1/1/99,Senior Staff
295147,Ramya,Junet,2/1/62,1/18/96,1/1/99,Senior Staff
295150,Hongzhu,Brickell,3/12/64,6/10/91,1/1/99,Staff
295166,Denny,Schwartzburd,3/11/62,7/12/85,1/1/99,Senior Staff
295171,Sungwon,Szemeredi,8/30/62,1/26/93,1/1/99,Engineer
295177,Gritta,Raoux,1/7/62,3/31/90,1/1/99,Senior Engineer
295186,Cristinel,Serre,7/13/63,4/11/95,1/1/99,Staff
295187,Lorien,Reutenauer,5/8/64,10/2/85,1/1/99,Senior Staff
295198,Ewing,Kirkerud,8/23/64,3/28/97,1/1/99,Engineer
295203,Paraskevi,Vernadat,6/25/64,9/29/90,1/1/99,Engineer
295212,Dannz,Siochi,12/14/62,8/22/93,1/1/99,Engineer
295213,Luigi,Scharstein,4/5/64,8/29/87,1/1/99,Senior Engineer
295214,Prasadram,Molenaar,4/13/64,4/5/99,1/1/99,Staff
295215,Achilleas,Perfilyeva,10/29/63,7/7/92,1/1/99,Senior Staff
295216,Trygve,Kalorkoti,11/20/63,11/24/88,1/1/99,Senior Staff
295236,Kauko,Fujisawa,1/24/65,9/13/87,1/1/99,Senior Engineer
295243,Ishfaq,Sudkamp,7/4/62,10/27/93,1/1/99,Senior Engineer
295246,Djelloul,Dulin,8/20/64,3/19/88,1/1/99,Senior Engineer
295254,Xuejun,Pfau,1/15/65,7/24/85,1/1/99,Senior Staff
295255,Jacopo,Bellone,1/4/65,3/13/88,1/1/99,Technique Leader
295256,Moty,Petereit,7/7/63,11/24/90,1/1/99,Engineer
295258,Gully,Montemayor,9/6/64,7/30/94,1/1/99,Senior Engineer
295262,Moon,Pews,1/22/65,8/6/94,1/1/99,Assistant Engineer
295264,Kwangho,Rosenbaum,3/8/63,7/4/85,1/1/99,Senior Staff
295268,Eben,Calkin,1/28/65,12/19/96,1/1/99,Staff
295270,Val,Vingron,10/3/64,12/28/95,1/1/99,Senior Engineer
295272,Panayotis,Chaudhury,11/11/63,9/4/92,1/1/99,Staff
295277,Atreyi,Selenyi,2/17/63,12/11/95,1/1/99,Technique Leader
295278,Val,Barvinok,1/4/65,1/2/90,1/1/99,Senior Engineer
295291,Mads,Carrere,2/27/64,11/23/94,1/1/99,Staff
295294,Florian,Morrow,11/16/63,12/13/99,1/1/99,Staff
295309,Marlo,Feinberg,9/5/63,5/24/91,1/1/99,Technique Leader
295313,Kamran,Swist,11/27/64,7/4/87,1/1/99,Senior Staff
295316,Bowen,Hasham,7/20/62,10/7/94,1/1/99,Senior Engineer
295322,Ranga,Gerteisen,7/3/62,2/10/97,1/1/99,Engineer
295325,Siamak,Mitina,10/11/64,12/20/89,1/1/99,Senior Engineer
295326,Tse,Sullins,8/23/63,9/30/86,1/1/99,Staff
295333,Roselyn,Riefers,11/11/62,2/6/89,1/1/99,Assistant Engineer
295334,Denny,Ritcey,10/16/62,10/7/91,1/1/99,Senior Engineer
295346,Satoru,Pargas,2/24/64,7/24/94,1/1/99,Engineer
295347,Boriana,Koblick,9/25/64,2/15/90,1/1/99,Senior Engineer
295352,Flemming,Klyachko,5/13/62,4/1/92,1/1/99,Senior Staff
295359,Adit,Braunmuhl,9/2/63,1/12/89,1/1/99,Engineer
295361,Mari,Delgrossi,5/30/62,3/26/95,1/1/99,Staff
295362,Monique,Docker,11/17/63,11/8/99,1/1/99,Staff
295368,Dharmaraja,Braunmuhl,12/7/63,8/1/85,1/1/99,Staff
295371,Frederique,Heijenga,11/25/64,10/10/95,1/1/99,Engineer
295382,Aloke,Chinal,4/6/64,11/9/89,1/1/99,Staff
295390,Toshimo,Fendler,7/25/64,3/18/95,1/1/99,Staff
295392,Elliott,Gecsei,2/15/63,1/20/92,1/1/99,Senior Staff
295398,Aamod,Chartres,9/20/63,3/5/95,1/1/99,Staff
295400,Karlis,Cappelli,2/18/62,3/11/87,1/1/99,Engineer
295401,Maria,Erol,10/7/64,7/2/88,1/1/99,Senior Staff
295404,Srinidhi,Curless,3/8/64,10/22/95,1/1/99,Staff
295407,Akhilish,Busillo,4/22/64,2/8/93,1/1/99,Senior Staff
295410,Becky,Camarinopoulos,9/14/62,6/6/90,1/1/99,Senior Staff
295411,Chiranjit,Serot,1/18/65,4/4/97,1/1/99,Staff
295413,Sajjad,Ramamoorthy,6/3/63,2/13/88,1/1/99,Staff
295414,Petter,Takkinen,2/11/62,12/11/85,1/1/99,Engineer
295430,Udo,Veeraraghavan,2/2/62,6/8/92,1/1/99,Engineer
295434,Kasturi,Kaiserswerth,6/18/62,3/29/88,1/1/99,Staff
295435,Przemyslawa,Heiserman,3/3/63,10/16/89,1/1/99,Senior Staff
295457,Demos,Mayerwieser,11/24/63,3/30/89,1/1/99,Senior Staff
295459,Adit,Oberman,9/21/63,7/18/86,1/1/99,Senior Engineer
295472,Mandell,Junot,2/7/62,7/29/97,1/1/99,Engineer
295474,Wanqing,Ashish,7/11/64,12/26/95,1/1/99,Staff
295480,Zine,Steenbeek,1/28/64,12/27/90,1/1/99,Engineer
295484,Kamakshi,Zaiane,7/21/64,2/19/97,1/1/99,Senior Engineer
295495,Yechezkel,Spieker,12/15/64,7/28/97,1/1/99,Assistant Engineer
295496,Jaewoo,Paludetto,2/21/64,3/9/92,1/1/99,Senior Engineer
295511,Duke,Furedi,10/8/63,7/26/96,1/1/99,Engineer
295512,Bangqing,Kamber,2/29/64,10/10/93,1/1/99,Engineer
295523,Mrinalini,Picht,8/11/62,4/10/92,1/1/99,Engineer
295534,Roselyn,Schurmann,2/21/64,5/10/98,1/1/99,Engineer
295537,Shmuel,Aamodt,6/30/64,5/27/86,1/1/99,Staff
295553,Kensei,Pettis,11/18/64,5/23/85,1/1/99,Senior Engineer
295565,Uta,Bennet,9/9/62,10/2/86,1/1/99,Staff
295570,Ayonca,Buescher,3/9/62,2/26/89,1/1/99,Engineer
295571,Limsoon,Randi,6/26/64,10/17/96,1/1/99,Senior Engineer
295572,Gudjon,Assaf,4/11/63,10/2/91,1/1/99,Technique Leader
295579,Boriana,Karcich,4/4/63,2/28/88,1/1/99,Senior Staff
295580,Miomir,Whittlesey,7/19/63,12/29/94,1/1/99,Senior Staff
295588,Lech,Hasenauer,11/12/64,7/15/93,1/1/99,Staff
295595,Itzchak,Verhoeff,9/24/62,7/28/01,1/1/99,Staff
295602,Mooi,Demke,11/16/62,11/20/99,1/1/99,Staff
295603,Weiyi,Wursthorn,12/2/63,12/30/99,1/1/99,Senior Staff
295613,Eben,Maraist,6/27/62,2/18/88,1/1/99,Senior Staff
295616,Florina,Babu,3/24/62,9/5/86,1/1/99,Senior Engineer
295631,Chaosheng,Warwick,10/1/64,2/4/94,1/1/99,Staff
295634,Lansing,Schreiter,3/26/64,2/9/86,1/1/99,Senior Staff
295635,Constantino,Braunschweig,5/23/62,11/23/99,1/1/99,Staff
295637,Kersti,Huttel,3/9/62,3/12/00,1/1/99,Staff
295641,Perry,Doering,9/20/63,8/25/98,1/1/99,Engineer
295643,Hairong,Laurillard,9/7/64,1/9/94,1/1/99,Technique Leader
295644,Subhankar,Nations,8/13/64,1/19/96,1/1/99,Senior Staff
295659,Dannz,Deville,7/29/63,10/5/91,1/1/99,Technique Leader
295673,Mahmut,Iivonen,3/17/64,5/14/98,1/1/99,Senior Staff
295688,Shawna,Montemayor,4/3/62,2/17/93,1/1/99,Staff
295689,Lein,Schieder,8/7/63,7/28/90,1/1/99,Assistant Engineer
295690,Karsten,Norsworthy,10/16/64,1/25/88,1/1/99,Senior Staff
295693,Conrado,Deville,9/4/64,3/5/87,1/1/99,Staff
295694,Qiwen,Selvestrel,7/13/63,4/9/95,1/1/99,Senior Staff
295697,Mohua,Siegrist,6/16/64,7/28/96,1/1/99,Engineer
295705,Qiwen,Vakili,12/6/64,2/13/96,1/1/99,Senior Staff
295709,Magy,Flanders,12/25/62,8/15/94,1/1/99,Senior Engineer
295710,Anoosh,Wilfing,5/11/63,7/11/98,1/1/99,Engineer
295717,Radhakrishnan,Hooghiemstra,2/4/63,7/11/94,1/1/99,Senior Engineer
295729,Teunis,Masand,11/7/64,7/8/95,1/1/99,Technique Leader
295731,Valeska,Casperson,5/14/63,9/11/86,1/1/99,Staff
295736,Radhakrishnan,Cooley,12/13/63,12/31/89,1/1/99,Staff
295742,Ibibia,Spieker,9/27/63,1/30/01,1/1/99,Senior Staff
295755,Tonny,Kakkar,1/20/63,4/2/89,1/1/99,Engineer
295759,Mitchel,Rikino,4/20/63,11/12/99,1/1/99,Staff
295760,Gretta,Olano,3/7/62,11/12/96,1/1/99,Staff
295765,Vasilii,Awdeh,6/28/62,3/17/99,1/1/99,Engineer
295767,Hatem,Cannane,1/1/64,10/9/88,1/1/99,Senior Engineer
295770,Heping,Naudin,1/29/62,7/28/90,1/1/99,Senior Engineer
295775,Ronnie,Carrera,9/30/62,1/2/00,1/1/99,Staff
295781,Franziska,Varker,10/30/64,10/4/88,1/1/99,Technique Leader
295789,Debaprosad,Lowrie,9/6/64,6/29/95,1/1/99,Senior Engineer
295803,Fusako,Sudbeck,3/18/63,10/28/85,1/1/99,Staff
295804,Mokhtar,Cannata,11/17/62,7/1/96,1/1/99,Assistant Engineer
295810,Kwun,Bharadwaj,2/24/62,6/15/85,1/1/99,Engineer
295824,Bernt,Keirsey,9/14/64,7/10/99,1/1/99,Staff
295830,Remmert,Brlek,2/10/64,12/1/95,1/1/99,Engineer
295841,Nakhoon,Hockney,2/15/63,8/24/94,1/1/99,Assistant Engineer
295845,Caolyn,Kusalik,12/10/62,8/15/99,1/1/99,Staff
295857,Kankanahalli,Ciolek,1/17/65,12/26/89,1/1/99,Senior Staff
295868,Percy,Dichev,1/12/62,1/15/86,1/1/99,Senior Engineer
295872,Sedat,Escriba,6/26/64,10/26/95,1/1/99,Senior Engineer
295876,Dinah,Pollacia,6/25/63,1/21/97,1/1/99,Engineer
295892,Gor,Georgatos,10/14/63,6/11/90,1/1/99,Senior Engineer
295896,Kamakshi,Bridgland,9/8/62,2/12/93,1/1/99,Senior Engineer
295916,Eberhardt,Angelov,4/25/63,10/22/86,1/1/99,Staff
295925,Tuval,Ramaiah,4/7/62,10/14/85,1/1/99,Senior Staff
295928,Aloke,Jervis,10/13/62,12/7/87,1/1/99,Engineer
295930,Dines,Eiron,9/7/62,11/10/95,1/1/99,Engineer
295937,Kiyomitsu,Shackel,2/27/62,1/1/95,1/1/99,Engineer
295939,Heather,Syrzycki,8/10/64,7/24/98,1/1/99,Staff
295944,Arun,Sevcikova,1/24/62,9/3/96,1/1/99,Engineer
295948,Weiyi,Falco,1/27/64,1/5/87,1/1/99,Staff
295951,Foong,Luca,7/20/63,1/20/92,1/1/99,Senior Staff
295952,Subhash,Lichtner,4/14/64,10/2/90,1/1/99,Senior Engineer
295960,Parviz,Stanfel,8/17/62,7/1/98,1/1/99,Staff
295961,Kiyokazu,Emmart,8/31/64,1/11/87,1/1/99,Engineer
295962,Bartek,Baumann,8/19/64,5/31/94,1/1/99,Senior Staff
295966,Nishit,Teitelbaum,9/23/63,6/10/98,1/1/99,Engineer
295972,Ottavia,Chleq,11/8/64,10/26/98,1/1/99,Engineer
295979,Akeno,Benzaken,9/29/62,3/17/89,1/1/99,Staff
295990,Shigeu,Gilg,1/25/64,10/25/99,1/1/99,Engineer
295993,Uinam,Deverell,3/11/64,12/17/88,1/1/99,Senior Engineer
296004,Hideyuki,Jahnichen,2/2/62,6/10/88,1/1/99,Engineer
296008,Guther,Schach,8/5/62,8/17/86,1/1/99,Staff
296023,Panayotis,Maierhofer,11/2/64,2/13/92,1/1/99,Senior Staff
296026,Nectarios,Heemskerk,4/30/63,2/18/89,1/1/99,Technique Leader
296034,Jouko,Decaestecker,12/2/63,4/21/91,1/1/99,Senior Staff
296036,Teiji,Bernatsky,4/30/62,5/6/99,1/1/99,Staff
296049,Brewster,Gips,10/11/62,2/22/85,1/1/99,Technique Leader
296051,Christoph,Trogemann,6/18/62,8/16/94,1/1/99,Engineer
296056,Shao,Molenkamp,10/5/64,4/14/90,1/1/99,Senior Engineer
296062,Shaz,Driscoll,1/29/65,10/3/98,1/1/99,Staff
296065,Behnaam,Ginneken,11/13/63,4/13/94,1/1/99,Staff
296066,Przemyslawa,Frezza,6/11/63,5/24/85,1/1/99,Staff
296068,Zhenhua,Peck,12/21/63,11/26/97,1/1/99,Senior Engineer
296069,Margo,Sinitsyn,8/13/62,11/29/92,1/1/99,Senior Staff
296074,Sangeeta,Peck,3/16/62,3/14/96,1/1/99,Senior Staff
296084,Zengping,Kavraki,8/15/62,12/12/90,1/1/99,Technique Leader
296090,Adel,Kusakabe,2/23/64,2/10/00,1/1/99,Staff
296103,Visit,Madeira,3/18/64,9/26/98,1/1/99,Technique Leader
296111,Uriel,Schaap,9/19/64,11/16/91,1/1/99,Senior Engineer
296118,Elgin,Eterovic,4/24/62,8/1/85,1/1/99,Senior Engineer
296126,Duke,Millington,4/9/64,5/19/93,1/1/99,Staff
296127,Yechiam,Janocha,7/31/63,5/5/87,1/1/99,Senior Staff
296134,Ronghao,Emiris,12/10/64,11/28/88,1/1/99,Senior Engineer
296137,Yefim,Chelton,5/21/63,7/4/93,1/1/99,Staff
296146,Leni,Zolotykh,10/21/63,8/19/95,1/1/99,Engineer
296149,Xiong,Anick,1/4/63,5/26/94,1/1/99,Engineer
296151,Nishit,Swick,10/8/62,11/26/99,1/1/99,Staff
296153,Zvonko,Boguraev,5/28/64,12/28/86,1/1/99,Engineer
296172,Aiichiro,Flowers,1/12/64,12/13/87,1/1/99,Senior Engineer
296178,Leif,Fujisaki,6/16/62,5/30/01,1/1/99,Staff
296179,Gila,Cairo,1/20/63,1/9/00,1/1/99,Senior Staff
296196,Ronnie,Denti,4/30/64,2/2/93,1/1/99,Senior Engineer
296205,Sanjay,Unno,4/5/64,5/19/94,1/1/99,Engineer
296211,Suzette,Egerstedt,3/26/64,1/31/96,1/1/99,Staff
296215,Ortrun,Uludag,9/13/63,8/22/88,1/1/99,Assistant Engineer
296219,Berhard,Nanard,3/12/62,4/20/94,1/1/99,Engineer
296226,Aria,Farrag,8/6/63,3/5/94,1/1/99,Senior Engineer
296239,Zito,Eldridge,7/24/64,7/15/86,1/1/99,Senior Engineer
296247,Vivian,Chaudhury,1/5/64,8/19/89,1/1/99,Senior Engineer
296249,Franziska,Linnainmaa,2/24/62,7/9/93,1/1/99,Senior Engineer
296255,Shan,Zumaque,9/16/62,8/17/96,1/1/99,Assistant Engineer
296261,Anwar,Herath,5/1/64,9/27/87,1/1/99,Staff
296265,Conal,Rosti,8/12/64,9/30/86,1/1/99,Technique Leader
296276,Satyanarayana,Bazzichi,9/2/62,9/11/90,1/1/99,Technique Leader
296282,Hein,Picht,6/6/63,12/28/93,1/1/99,Senior Engineer
296289,Bouchung,Nourani,12/12/64,4/22/99,1/1/99,Senior Engineer
296291,DeForest,Champarnaud,6/12/63,9/30/96,1/1/99,Senior Staff
296303,Mariangiola,Heyers,1/28/65,8/4/92,1/1/99,Technique Leader
296304,Stevo,Larfeldt,11/20/62,1/6/86,1/1/99,Senior Staff
296306,Willard,Papsdorf,4/26/62,7/24/93,1/1/99,Senior Engineer
296308,Angel,Harnett,12/29/62,7/28/97,1/1/99,Staff
296320,Serif,Rousseau,5/21/63,6/20/96,1/1/99,Staff
296326,Samphel,Simkin,4/26/62,12/14/87,1/1/99,Senior Staff
296333,Udo,Binkley,4/25/64,10/7/89,1/1/99,Senior Engineer
296347,Yolla,Feldmann,4/19/63,2/20/91,1/1/99,Senior Staff
296360,Tianruo,Ferretti,10/12/63,6/21/90,1/1/99,Staff
296364,Jianwen,Maccarone,11/22/62,9/8/91,1/1/99,Senior Engineer
296367,Torsten,Hutton,7/16/62,1/12/95,1/1/99,Senior Engineer
296374,Yongmao,Jahnichen,9/6/62,6/4/88,1/1/99,Senior Engineer
296383,Angus,Veeraraghavan,9/26/63,8/13/88,1/1/99,Senior Staff
296392,Alenka,Koshiba,7/9/62,7/5/94,1/1/99,Senior Staff
296414,Gritta,Rosch,4/11/62,10/19/89,1/1/99,Senior Staff
296417,Surveyors,Engberts,10/4/64,7/25/98,1/1/99,Engineer
296423,Dhritiman,Doering,9/29/63,4/24/99,1/1/99,Engineer
296425,Marsja,Nyrup,1/30/64,6/23/87,1/1/99,Senior Engineer
296428,Charmane,Simmen,1/3/65,3/7/89,1/1/99,Senior Staff
296431,Basil,Goldhammer,5/7/63,10/2/92,1/1/99,Staff
296442,Gregory,Guenter,9/28/63,12/18/85,1/1/99,Senior Staff
296443,Saeko,Picco,1/13/63,5/28/89,1/1/99,Senior Staff
296449,Fuqing,Stellhorn,12/25/63,3/5/97,1/1/99,Staff
296451,Mandell,Plumb,5/2/62,9/15/93,1/1/99,Engineer
296452,Leen,Genin,2/10/62,3/14/95,1/1/99,Engineer
296454,Heekeun,Swiss,8/17/64,4/19/87,1/1/99,Engineer
296455,Ipke,Babb,2/10/62,7/25/96,1/1/99,Staff
296456,Masaru,Chelton,12/4/64,4/3/91,1/1/99,Engineer
296459,Fox,Soicher,10/16/63,6/15/98,1/1/99,Engineer
296465,Sergi,Mullainathan,12/20/62,7/18/85,1/1/99,Senior Staff
296482,Inderjeet,Horswill,9/25/63,1/2/93,1/1/99,Staff
296486,Youjian,Cummings,8/21/64,8/29/92,1/1/99,Senior Engineer
296491,Wilmer,Spinelli,3/25/64,3/6/95,1/1/99,Senior Engineer
296495,Marsja,Wegerle,1/8/63,6/1/92,1/1/99,Staff
296498,Susanne,Merro,1/8/63,10/14/87,1/1/99,Senior Engineer
296502,Rosalie,Osgood,11/29/64,12/12/86,1/1/99,Technique Leader
296516,Zeljko,Setia,12/6/63,2/28/86,1/1/99,Senior Engineer
296522,Arup,Chinin,7/20/64,12/25/87,1/1/99,Senior Staff
296527,Danil,Kroll,4/22/63,10/30/96,1/1/99,Senior Engineer
296532,Bernardo,Cappello,12/1/64,9/1/97,1/1/99,Staff
296533,Izaskun,Schiettecatte,8/14/64,2/25/91,1/1/99,Senior Staff
296537,Patricio,Kruskal,2/23/62,1/3/87,1/1/99,Senior Staff
296562,Saeed,Iivonen,12/15/64,1/7/95,1/1/99,Staff
296577,Sudharsan,Armand,7/1/63,5/16/95,1/1/99,Staff
296596,Leszek,Kalorkoti,10/31/64,6/25/91,1/1/99,Senior Engineer
296601,Marl,McClurg,5/21/62,2/15/97,1/1/99,Senior Staff
296613,Hyuncheol,Swen,9/3/63,1/16/95,1/1/99,Engineer
296624,Guenter,Yurek,1/24/63,1/6/94,1/1/99,Senior Engineer
296626,Huan,Norsworthy,7/8/62,4/6/94,1/1/99,Engineer
296632,Amalendu,Figueira,12/21/63,4/7/89,1/1/99,Senior Staff
296640,Ramachenga,Greenaway,5/14/62,11/16/96,1/1/99,Staff
296652,Theron,Muntz,7/27/63,7/6/89,1/1/99,Senior Staff
296657,Zhilian,Mundy,11/24/62,3/25/92,1/1/99,Senior Engineer
296664,Dipayan,Geffroy,1/31/65,9/17/87,1/1/99,Senior Engineer
296665,Zeydy,Shobatake,6/18/62,5/31/99,1/1/99,Senior Engineer
296681,Miomir,Couchot,11/1/62,9/1/94,1/1/99,Senior Engineer
296682,Elliott,Bellmore,2/14/63,5/18/96,1/1/99,Senior Engineer
296683,Rafael,Papadias,10/18/64,3/7/86,1/1/99,Senior Engineer
296685,Owen,Syrzycki,1/11/63,5/19/94,1/1/99,Staff
296687,Palash,Spieker,1/2/65,5/11/91,1/1/99,Staff
296690,Subhankar,Vesna,10/4/64,3/20/94,1/1/99,Senior Engineer
296694,Ramachenga,Saoudi,6/27/63,8/29/89,1/1/99,Senior Staff
296698,Adin,Fujisaki,9/9/63,2/16/94,1/1/99,Senior Engineer
296707,Aimee,Redmiles,2/14/63,9/1/98,1/1/99,Staff
296711,Arif,Chappelet,3/28/64,5/6/94,1/1/99,Engineer
296718,Kamakshi,Bahl,1/30/65,12/22/87,1/1/99,Senior Engineer
296719,Indrajit,Vecchio,4/18/63,1/6/86,1/1/99,Senior Engineer
296720,Serap,Domenig,4/13/64,11/28/85,1/1/99,Senior Staff
296725,Aluzio,Flowers,2/1/62,8/16/88,1/1/99,Staff
296726,Shiv,Selvestrel,8/28/64,10/14/96,1/1/99,Staff
296741,Chuanti,Asser,11/26/62,3/27/89,1/1/99,Senior Staff
296743,Xiadong,Pokrovskii,1/11/63,5/26/95,1/1/99,Senior Engineer
296746,Dzung,Syrotiuk,3/29/63,11/4/93,1/1/99,Engineer
296756,Xiadong,Neimat,1/25/63,8/16/96,1/1/99,Staff
296759,Constantine,Ashish,8/12/62,4/6/94,1/1/99,Senior Staff
296764,Takahiro,Geffroy,1/23/64,11/4/87,1/1/99,Senior Engineer
296765,Theirry,Mullainathan,10/5/62,3/26/89,1/1/99,Staff
296767,Arun,Kragelund,4/25/64,6/15/97,1/1/99,Staff
296782,Mrinalini,Orlowski,9/5/64,10/16/90,1/1/99,Engineer
296787,Susanta,Lalonde,5/1/63,10/28/94,1/1/99,Technique Leader
296789,Satosi,Gonthier,12/15/62,12/12/85,1/1/99,Engineer
296791,Taegyun,Rodite,9/20/63,1/5/95,1/1/99,Engineer
296798,Stafford,Irland,9/12/64,7/7/99,1/1/99,Engineer
296804,Takushi,Conry,1/5/64,2/15/99,1/1/99,Staff
296808,Piyush,Schmiedel,3/30/63,7/7/86,1/1/99,Senior Staff
296826,Paraskevi,Sadowski,9/20/63,7/31/98,1/1/99,Engineer
296828,Toshiko,Ratzlaff,3/25/62,11/3/93,1/1/99,Senior Engineer
296834,Boriana,Dayang,10/7/63,5/21/85,1/1/99,Staff
296835,Ottavia,Salverda,10/11/62,4/29/02,1/1/99,Senior Engineer
296837,Conrado,Detkin,4/7/62,10/10/91,1/1/99,Senior Engineer
296841,Frazer,Murtagh,11/1/62,6/25/97,1/1/99,Engineer
296842,Hitomi,Luga,9/14/62,8/4/92,1/1/99,Senior Engineer
296846,Juyoung,Penz,8/11/62,8/18/01,1/1/99,Staff
296864,Leon,Terlouw,4/29/62,11/28/96,1/1/99,Engineer
296879,Ortrun,Conti,10/2/64,4/25/97,1/1/99,Staff
296897,Jaber,Pettis,10/21/63,8/9/92,1/1/99,Assistant Engineer
296902,Demin,Vecchio,11/22/64,1/25/91,1/1/99,Senior Engineer
296909,Jaber,Sidou,4/10/64,12/6/87,1/1/99,Senior Engineer
296913,Arto,Matzov,5/28/63,2/3/97,1/1/99,Senior Staff
296914,Rosalie,Choobineh,10/30/62,12/31/89,1/1/99,Engineer
296919,Jasminko,Garnham,5/19/63,10/7/90,1/1/99,Engineer
296945,Arvind,Oskamp,5/19/64,10/23/00,1/1/99,Engineer
296950,Kiyotoshi,Hammerschmidt,6/19/63,1/28/96,1/1/99,Assistant Engineer
296952,Masoud,Whittlesey,3/10/63,10/24/89,1/1/99,Senior Staff
296954,JiYoung,Vasanthakumar,9/26/62,11/6/96,1/1/99,Engineer
296961,Ewing,Bail,2/23/62,11/24/95,1/1/99,Engineer
296968,Insup,Qiwen,9/26/62,7/12/91,1/1/99,Staff
296970,Jianwen,Isaac,11/29/62,6/1/86,1/1/99,Senior Staff
296975,Ramya,Leuchs,7/25/62,6/21/90,1/1/99,Senior Staff
296977,Tsutomu,DeMori,2/2/64,3/3/94,1/1/99,Staff
296981,Seshu,Fujisawa,5/29/64,7/14/96,1/1/99,Senior Staff
296988,DAIDA,Junet,9/22/62,1/30/99,1/1/99,Senior Engineer
296997,Sadegh,Sooriamurthi,4/3/63,3/23/96,1/1/99,Senior Staff
297000,Yannik,Casley,9/10/63,8/2/90,1/1/99,Senior Staff
297007,Udo,Merkl,9/19/62,8/31/93,1/1/99,Senior Engineer
297009,Guadalupe,Ginneken,7/26/62,12/20/88,1/1/99,Engineer
297010,Francesca,Vecchio,4/11/62,10/9/93,1/1/99,Staff
297016,Gou,Peres,4/4/63,3/18/92,1/1/99,Technique Leader
297033,Oksana,Orlowski,4/14/62,4/13/96,1/1/99,Engineer
297034,Kiyokazu,Makinen,12/31/63,3/11/86,1/1/99,Assistant Engineer
297036,Yannik,Shokrollahi,3/3/62,10/30/90,1/1/99,Senior Staff
297038,Beshir,Clemencon,12/24/64,7/4/85,1/1/99,Engineer
297059,Keiichiro,Thombley,9/25/62,9/25/93,1/1/99,Senior Staff
297062,Greger,Brizzi,5/5/64,9/11/97,1/1/99,Senior Staff
297063,Kersti,Zwicker,6/1/64,6/27/94,1/1/99,Senior Staff
297074,Zissis,Aloia,1/16/63,3/21/00,1/1/99,Staff
297075,Marin,Jonsson,11/17/62,5/1/97,1/1/99,Assistant Engineer
297077,Yoshinari,Brobst,2/28/62,8/25/93,1/1/99,Senior Engineer
297079,Lubomir,Spieker,1/30/63,9/15/91,1/1/99,Senior Staff
297083,Mohit,Wielonsky,8/30/64,1/27/00,1/1/99,Senior Staff
297085,Mara,Birke,3/3/62,8/28/98,1/1/99,Engineer
297087,Xiaocheng,Wuwongse,6/19/63,3/12/98,1/1/99,Staff
297093,Tomofumi,Murtha,1/29/62,3/5/94,1/1/99,Engineer
297094,Shaunak,Macedo,8/3/62,3/13/99,1/1/99,Staff
297098,Fan,Hofman,7/31/62,1/12/88,1/1/99,Staff
297102,Garnet,Renear,1/13/62,10/24/87,1/1/99,Senior Staff
297104,Barun,Marrevee,11/22/63,4/13/87,1/1/99,Staff
297109,Takushi,Makinen,11/22/64,1/7/95,1/1/99,Senior Engineer
297113,Mari,Peral,4/23/63,12/26/87,1/1/99,Staff
297115,Mooi,Plesums,9/4/63,3/12/99,1/1/99,Engineer
297127,Hatsukazu,Schwaller,9/28/64,5/7/92,1/1/99,Assistant Engineer
297130,Udi,Bratsberg,11/11/64,3/2/96,1/1/99,Assistant Engineer
297132,Suebskul,Sullins,7/10/62,8/15/91,1/1/99,Staff
297136,Jungsoon,Baer,1/25/62,1/7/91,1/1/99,Senior Engineer
297175,Kiyomitsu,Stellhorn,10/7/63,9/14/93,1/1/99,Staff
297177,Amalendu,Imataki,5/10/64,11/13/93,1/1/99,Engineer
297189,Sashi,Staelin,7/21/63,8/12/98,1/1/99,Staff
297191,Kien,Schreiter,3/1/63,12/10/95,1/1/99,Engineer
297193,Radhakrishnan,Danecki,12/14/62,2/10/86,1/1/99,Senior Engineer
297194,Baocai,Escriba,10/7/64,9/26/86,1/1/99,Senior Engineer
297205,Mark,Birrer,9/24/63,1/8/00,1/1/99,Engineer
297222,Anyuan,Piancastelli,5/24/62,1/31/86,1/1/99,Engineer
297224,Arnd,Berendt,7/2/63,10/23/96,1/1/99,Senior Staff
297225,Berna,Smailagic,4/6/62,10/1/98,1/1/99,Staff
297227,Badri,Koblitz,4/26/62,2/27/91,1/1/99,Senior Staff
297232,Lokesh,Saoudi,1/16/65,5/25/99,1/1/99,Senior Staff
297239,Hyuckchul,Heping,9/15/62,1/4/97,1/1/99,Senior Staff
297240,Rosli,Ritcey,5/11/63,6/3/95,1/1/99,Senior Staff
297257,Abdelghani,Aumann,6/10/63,6/12/96,1/1/99,Assistant Engineer
297260,Florian,Peha,8/22/62,7/13/97,1/1/99,Staff
297263,Lunjin,Pelz,4/4/62,2/22/99,1/1/99,Engineer
297271,Kauko,Francisci,8/4/64,3/13/86,1/1/99,Senior Staff
297283,Yongqiao,Syrzycki,5/13/64,6/13/86,1/1/99,Engineer
297286,Zito,Luiz,1/27/62,3/9/86,1/1/99,Assistant Engineer
297288,Tomofumi,Pero,6/6/63,5/29/98,1/1/99,Staff
297296,Ronnie,Lichtner,6/13/63,5/15/88,1/1/99,Senior Staff
297297,Arch,Bressoud,6/25/64,11/11/86,1/1/99,Staff
297298,Honglan,Spinelli,9/1/63,7/29/95,1/1/99,Senior Staff
297299,Xiaobin,Brodie,9/8/62,12/5/99,1/1/99,Staff
297305,Frederique,Eiron,4/28/64,10/15/88,1/1/99,Senior Engineer
297311,Manu,Katiyar,7/31/62,11/2/89,1/1/99,Senior Staff
297312,Franziska,Przulj,3/5/63,9/27/96,1/1/99,Staff
297316,Xiping,Schneeberger,4/7/63,1/2/93,1/1/99,Senior Engineer
297319,Chuanti,Gajiwala,7/5/64,1/2/95,1/1/99,Engineer
297320,Guadalupe,Trachtenberg,8/14/62,12/19/86,1/1/99,Technique Leader
297327,Jayson,Pramanik,3/25/63,11/16/86,1/1/99,Staff
297330,Gianluca,Rikino,7/7/64,4/22/92,1/1/99,Senior Staff
297338,Zhigen,Cools,1/8/62,9/27/87,1/1/99,Engineer
297342,Hsiangchu,Naudin,12/5/62,11/14/87,1/1/99,Senior Engineer
297344,Gay,Baer,5/9/63,1/21/89,1/1/99,Senior Staff
297346,Franziska,Pezzoli,5/7/62,5/9/93,1/1/99,Senior Engineer
297347,Werner,Heyers,1/8/64,7/29/94,1/1/99,Staff
297354,Cullen,Gomatam,6/28/64,6/14/96,1/1/99,Engineer
297357,Khoa,Bakhtari,6/7/62,12/24/87,1/1/99,Senior Engineer
297358,Manu,Dulay,10/1/62,8/5/92,1/1/99,Senior Staff
297360,Huan,Templeman,11/22/64,8/7/96,1/1/99,Engineer
297364,Pascal,Wilharm,1/8/63,9/20/97,1/1/99,Engineer
297366,Taiji,Ramsak,6/16/64,1/23/89,1/1/99,Senior Staff
297367,Tru,Merli,7/29/63,11/20/87,1/1/99,Senior Engineer
297377,Shay,Muchinsky,12/7/62,1/2/88,1/1/99,Senior Staff
297382,Etsuo,Beetstra,6/2/63,7/15/98,1/1/99,Senior Staff
297391,Remko,Perly,9/6/62,2/21/97,1/1/99,Engineer
297393,Ranan,Eickenmeyer,1/18/63,12/24/99,1/1/99,Assistant Engineer
297401,Fumitaka,Merro,9/21/64,5/24/85,1/1/99,Staff
297415,Bernardo,Petereit,6/14/62,7/13/89,1/1/99,Senior Engineer
297418,Kwangyoen,Binkley,2/20/62,7/26/91,1/1/99,Senior Engineer
297419,Licheng,Ratnakar,2/23/63,12/28/85,1/1/99,Engineer
297425,Elvia,Wursthorn,3/31/62,7/27/94,1/1/99,Senior Engineer
297428,Larisa,Choobineh,12/9/63,2/23/90,1/1/99,Assistant Engineer
297429,Danil,Khamsi,11/17/64,5/17/95,1/1/99,Engineer
297431,Cathie,Ratnakar,1/12/65,6/23/96,1/1/99,Senior Staff
297439,Stein,Gulik,6/18/62,3/16/97,1/1/99,Staff
297448,Kensei,Verspoor,3/13/62,5/12/88,1/1/99,Senior Staff
297449,Leszek,Ossenbruggen,12/9/64,9/11/87,1/1/99,Senior Engineer
297474,Irena,Terkki,1/13/65,3/11/98,1/1/99,Staff
297478,Nigel,Schnabel,1/24/64,12/19/86,1/1/99,Engineer
297490,Constantijn,Unni,3/7/62,2/21/91,1/1/99,Assistant Engineer
297493,Rildo,Vanwelkenhuysen,12/28/63,5/9/96,1/1/99,Engineer
297498,Lenore,Aamodt,7/30/62,4/7/87,1/1/99,Staff
297506,Zhilian,Panangaden,3/8/63,11/28/99,1/1/99,Senior Staff
297507,Zito,Thiria,6/14/63,3/23/90,1/1/99,Senior Engineer
297509,Cordelia,Himler,3/25/62,2/5/99,1/1/99,Staff
297511,Xiadong,Perko,4/21/62,4/15/97,1/1/99,Senior Staff
297517,Jiafu,Swift,4/4/63,5/7/97,1/1/99,Engineer
297523,Torsten,Peot,8/24/62,12/7/86,1/1/99,Senior Engineer
297527,Khalid,Tzvieli,7/15/64,4/2/93,1/1/99,Senior Staff
297530,Zeydy,Itzigehl,11/15/63,8/2/91,1/1/99,Senior Staff
297532,Mang,Chenoweth,9/18/64,12/22/90,1/1/99,Senior Staff
297553,Jaewon,Picco,8/21/63,12/3/97,1/1/99,Senior Staff
297557,Elliott,Mayerwieser,3/8/64,1/16/97,1/1/99,Technique Leader
297572,Huan,Dredge,5/25/62,8/26/89,1/1/99,Senior Staff
297575,Candida,Lakshmanan,5/26/63,12/3/93,1/1/99,Engineer
297576,Alain,Facello,6/22/63,12/19/86,1/1/99,Senior Engineer
297581,Lobel,Osgood,8/13/63,1/18/01,1/1/99,Staff
297583,Richara,Minakawa,11/9/63,10/31/95,1/1/99,Senior Staff
297584,Khoa,Lowrie,1/20/64,7/31/93,1/1/99,Technique Leader
297585,Arunachalam,Jarecki,1/4/64,1/16/93,1/1/99,Assistant Engineer
297588,Karlis,Minakawa,11/27/62,2/22/93,1/1/99,Staff
297593,Heejo,Lichtner,12/24/62,8/22/97,1/1/99,Assistant Engineer
297597,Susanta,Panwar,11/14/62,3/5/90,1/1/99,Staff
297598,Unal,Jeong,2/12/62,4/13/99,1/1/99,Senior Engineer
297601,Conrado,Hainaut,12/12/63,4/3/95,1/1/99,Staff
297607,Kazuhira,Miyakawa,5/22/62,1/29/99,1/1/99,Senior Staff
297617,Kaijung,Harnett,9/20/62,12/29/94,1/1/99,Technique Leader
297618,Susanta,Gulla,5/19/62,5/11/89,1/1/99,Senior Engineer
297622,Premal,Nergos,7/5/62,2/15/86,1/1/99,Senior Staff
297623,Kasidit,Callaway,5/21/63,4/4/94,1/1/99,Staff
297628,Ramachenga,Cyne,8/17/64,3/29/97,1/1/99,Senior Staff
297637,Munehiko,Glowinski,11/4/62,12/31/86,1/1/99,Senior Staff
297641,Caolyn,Sabnani,6/10/62,5/2/86,1/1/99,Staff
297644,Sachar,Nourani,9/15/63,4/4/93,1/1/99,Assistant Engineer
297645,Fabrizio,Thorensen,11/14/64,9/14/98,1/1/99,Technique Leader
297648,Amstein,Kaelbling,9/2/63,9/17/86,1/1/99,Senior Staff
297662,Weiru,Grandbois,8/7/62,8/6/93,1/1/99,Assistant Engineer
297669,Ghassan,Cunliffe,11/27/63,2/10/99,1/1/99,Staff
297674,Shigeu,Iivonen,11/19/63,6/4/92,1/1/99,Engineer
297675,Garnet,Kavraki,10/11/64,5/3/87,1/1/99,Senior Staff
297711,Ishfaq,Bennis,8/7/64,3/4/96,1/1/99,Senior Engineer
297714,Ebru,Kermarrec,7/8/63,3/20/85,1/1/99,Senior Engineer
297715,Licheng,Ozeki,10/13/63,12/14/86,1/1/99,Engineer
297720,Angus,Murtagh,6/22/63,1/8/99,1/1/99,Senior Staff
297724,Berhard,Oehlmann,9/28/63,3/13/92,1/1/99,Senior Engineer
297725,Tzu,Fontet,11/26/63,3/4/96,1/1/99,Engineer
297732,Yechezkel,Gips,2/3/63,2/8/92,1/1/99,Senior Staff
297734,Domenick,Erman,10/12/62,9/10/92,1/1/99,Staff
297761,Mario,Narahari,3/8/62,2/12/86,1/1/99,Engineer
297765,Danel,Shumilov,5/3/62,9/24/97,1/1/99,Senior Engineer
297767,Otmar,Wrigley,6/10/64,8/19/91,1/1/99,Staff
297775,Richard,Ulupinar,9/4/63,1/3/90,1/1/99,Engineer
297777,Kristian,Siegrist,9/1/63,5/19/88,1/1/99,Senior Staff
297781,Garnet,Bain,2/21/63,1/2/94,1/1/99,Engineer
297782,Zvonko,Felder,4/4/62,7/7/89,1/1/99,Senior Engineer
297783,Danel,Himler,8/10/63,11/16/85,1/1/99,Engineer
297786,Qiwen,Jenevein,12/2/62,12/31/98,1/1/99,Senior Engineer
297794,Kiyomitsu,Gronowski,9/25/62,12/15/85,1/1/99,Technique Leader
297796,Lijia,Wiegley,8/12/63,6/16/01,1/1/99,Engineer
297806,Fatemeh,Bratten,8/25/62,8/30/98,1/1/99,Engineer
297808,Eran,Jayawardene,6/20/62,5/4/99,1/1/99,Staff
297813,Masasuke,Penz,3/24/62,6/11/90,1/1/99,Engineer
297817,Maria,Fadgyas,11/29/62,11/26/89,1/1/99,Senior Staff
297825,Gor,Munck,10/16/62,2/19/95,1/1/99,Staff
297828,Chirstian,Piazza,9/20/62,3/27/95,1/1/99,Staff
297839,Bedir,Chelton,9/23/62,3/8/85,1/1/99,Senior Staff
297845,Sanjeeva,Mikschl,9/19/63,6/13/88,1/1/99,Staff
297847,Mary,Takanami,10/31/62,5/19/99,1/1/99,Staff
297851,Mrinalini,Shumilov,12/8/62,8/22/94,1/1/99,Engineer
297859,Shunichi,Reghbati,4/21/63,2/21/94,1/1/99,Senior Staff
297863,Prasadram,Leuchs,3/4/62,9/18/95,1/1/99,Staff
297864,Martial,Goldhammer,1/22/62,10/8/90,1/1/99,Senior Staff
297876,Yongmin,Jiafu,11/3/64,4/3/99,1/1/99,Assistant Engineer
297886,Genta,Gire,3/22/64,10/11/99,1/1/99,Staff
297893,Luigi,Hebden,5/9/64,3/9/97,1/1/99,Staff
297894,Ronghao,Cangellaris,7/4/64,8/26/89,1/1/99,Staff
297905,Marc,Bahl,1/12/65,6/18/97,1/1/99,Assistant Engineer
297906,Jianhua,Koblitz,12/19/64,8/31/98,1/1/99,Engineer
297909,Shuky,Zallocco,7/12/63,10/14/99,1/1/99,Staff
297918,Moon,Soicher,8/4/64,9/2/92,1/1/99,Engineer
297920,Valdiodio,Marciano,4/1/63,11/10/97,1/1/99,Staff
297933,Marek,Ohori,2/28/63,9/17/98,1/1/99,Engineer
297934,Manibrata,Szilard,4/30/62,11/4/88,1/1/99,Senior Staff
297935,Charmane,Asser,10/18/63,3/13/97,1/1/99,Senior Engineer
297937,Akeno,Itschner,1/18/62,1/17/00,1/1/99,Technique Leader
297939,Denny,Colorni,3/9/62,11/23/99,1/1/99,Engineer
297942,Woody,Beidas,6/21/63,5/22/97,1/1/99,Staff
297943,Teiji,Demos,1/30/64,12/26/98,1/1/99,Engineer
297946,Tremaine,Perin,6/28/63,7/20/93,1/1/99,Senior Staff
297954,Sailaja,Fujisaki,1/13/65,7/24/95,1/1/99,Assistant Engineer
297961,Pragnesh,Klassen,9/6/63,9/22/86,1/1/99,Engineer
297962,Chandrasekaran,Erol,2/29/64,2/8/86,1/1/99,Staff
297972,Uma,Zeleznik,1/12/62,1/4/97,1/1/99,Senior Engineer
297974,Maja,Fontan,3/15/64,6/13/97,1/1/99,Staff
297989,Jaana,Serna,2/18/64,12/20/00,1/1/99,Engineer
297993,Kristof,Swick,7/17/64,4/5/94,1/1/99,Engineer
298004,Shaunak,Anger,1/24/62,5/12/88,1/1/99,Staff
298005,Kensyu,Zlotek,11/13/64,6/18/98,1/1/99,Senior Staff
298006,Katsuyuki,Conde,1/19/62,3/23/91,1/1/99,Engineer
298007,Tristan,Marrakchi,1/19/62,4/10/97,1/1/99,Senior Engineer
298015,Filipp,Bednarek,10/15/63,10/25/97,1/1/99,Senior Staff
298024,Deniz,Worfolk,8/15/62,4/27/01,1/1/99,Engineer
298025,Ohad,Egerstedt,5/19/63,2/22/93,1/1/99,Senior Staff
298029,Boriana,Restivo,8/30/63,12/31/95,1/1/99,Engineer
298030,Terresa,Koblitz,2/26/63,12/5/91,1/1/99,Senior Engineer
298061,Xiaoqiang,Zultner,1/12/62,5/18/87,1/1/99,Technique Leader
298064,Terresa,Soloway,12/29/63,5/5/87,1/1/99,Engineer
298069,Constantine,Reinhart,1/22/63,8/12/85,1/1/99,Senior Staff
298072,Arne,Riefers,1/31/62,7/10/95,1/1/99,Engineer
298079,Mandell,Luby,8/8/62,6/13/02,1/1/99,Assistant Engineer
298088,Shietung,Yetto,7/30/63,7/30/96,1/1/99,Assistant Engineer
298089,Girolamo,Werthner,4/24/63,9/17/01,1/1/99,Engineer
298098,Leni,Rosti,11/8/63,11/13/89,1/1/99,Senior Staff
298107,Masanao,McAffer,5/2/62,6/2/89,1/1/99,Staff
298121,Fen,Luan,12/26/63,9/3/97,1/1/99,Staff
298125,Remzi,Frezza,12/8/64,11/28/87,1/1/99,Engineer
298127,Goo,Debuse,5/13/62,5/1/86,1/1/99,Senior Staff
298140,Selwyn,Hopewell,7/14/64,12/22/97,1/1/99,Senior Engineer
298155,Seshu,Conte,8/23/63,11/1/86,1/1/99,Technique Leader
298160,Doowon,Kieras,10/30/62,5/2/85,1/1/99,Senior Engineer
298181,Aiichiro,Ertl,4/9/64,7/11/90,1/1/99,Engineer
298184,Arfst,Itschner,7/8/62,7/11/91,1/1/99,Senior Staff
298198,Lene,Kuszyk,9/18/64,3/16/90,1/1/99,Engineer
298199,Hercules,Trogemann,5/17/63,2/1/97,1/1/99,Senior Engineer
298207,Mohd,Zumaque,8/25/64,4/29/93,1/1/99,Engineer
298211,Leandro,Besancenot,10/18/64,1/26/92,1/1/99,Senior Staff
298230,Larisa,Siochi,3/30/64,2/2/88,1/1/99,Senior Staff
298235,Stein,Benveniste,7/20/62,6/29/95,1/1/99,Engineer
298239,Aamod,Zolotykh,3/18/64,7/9/88,1/1/99,Senior Staff
298245,Weiyi,Hammerschmidt,7/25/63,7/10/86,1/1/99,Senior Engineer
298251,Zhenbing,Crouzet,3/4/62,1/16/97,1/1/99,Staff
298259,Djelloul,Gente,2/6/62,7/12/93,1/1/99,Assistant Engineer
298260,Ebbe,Gips,9/27/63,6/16/99,1/1/99,Engineer
298273,Uwe,Streit,1/29/62,12/1/86,1/1/99,Senior Engineer
298284,Ferdinand,Katzenelson,12/19/63,4/17/99,1/1/99,Assistant Engineer
298286,Jingling,Suermann,11/24/64,12/31/97,1/1/99,Staff
298288,Magy,Willoner,3/5/63,11/24/91,1/1/99,Engineer
298303,Abdelghani,Kroft,3/16/63,11/3/96,1/1/99,Engineer
298312,Troy,Montresor,12/13/64,2/22/93,1/1/99,Senior Staff
298320,Vishv,Strandh,3/13/62,11/10/86,1/1/99,Senior Staff
298324,Jinya,Ramalingam,10/17/63,9/11/99,1/1/99,Engineer
298328,Noritoshi,Leijenhorst,9/15/64,4/1/89,1/1/99,Technique Leader
298332,Marin,Iacovou,10/11/63,1/3/93,1/1/99,Staff
298334,Satoru,Petersohn,8/24/62,10/4/94,1/1/99,Staff
298339,King,Benzmuller,1/11/65,9/4/86,1/1/99,Engineer
298345,Leen,Ligten,1/4/63,6/29/87,1/1/99,Senior Engineer
298347,Paraskevi,Fritzsche,3/18/63,12/1/87,1/1/99,Engineer
298348,Alselm,Perin,12/22/63,6/4/86,1/1/99,Engineer
298350,Ger,Marrakchi,7/25/62,6/3/86,1/1/99,Staff
298352,Mihalis,Krone,1/20/63,2/9/99,1/1/99,Engineer
298353,King,Usdin,4/9/64,3/15/94,1/1/99,Senior Staff
298354,Kousuke,Rahimi,6/10/62,5/23/90,1/1/99,Senior Staff
298361,Chikara,Lorcy,7/26/62,9/23/96,1/1/99,Senior Staff
298367,Insup,McFarlan,4/20/62,9/1/99,1/1/99,Engineer
298380,Charmane,Breugel,1/8/64,3/8/91,1/1/99,Staff
298382,Tokuyasu,Redmiles,3/22/62,8/28/88,1/1/99,Senior Staff
298391,Jahangir,Erdi,7/15/63,2/6/86,1/1/99,Engineer
298397,Palash,Mundy,6/27/62,11/26/86,1/1/99,Senior Staff
298401,Angus,Wendorf,3/12/63,3/14/99,1/1/99,Assistant Engineer
298405,Jagoda,Huttel,12/13/62,7/16/88,1/1/99,Staff
298410,Arie,Khasidashvili,5/28/63,7/3/86,1/1/99,Staff
298417,Vitali,Improta,1/14/62,4/11/93,1/1/99,Staff
298420,Uta,Jansen,11/22/62,6/5/93,1/1/99,Senior Staff
298421,Makato,Bhattacharjee,7/19/63,6/5/93,1/1/99,Senior Staff
298425,Bluma,Acton,10/16/62,4/30/97,1/1/99,Senior Staff
298431,Kiyomitsu,Syrotiuk,12/19/63,10/18/97,1/1/99,Staff
298435,Fei,Nations,3/25/63,4/1/89,1/1/99,Senior Staff
298438,Seshu,Clemencon,5/18/62,2/15/86,1/1/99,Senior Engineer
298469,Sugwoo,Ulupinar,12/29/63,11/30/99,1/1/99,Engineer
298474,Maya,Syang,8/6/63,4/5/87,1/1/99,Senior Staff
298487,Bernice,Byoun,12/22/63,3/4/97,1/1/99,Engineer
298504,Danny,Zhiwei,4/9/62,8/1/95,1/1/99,Engineer
298514,Bojan,Pelz,5/25/63,2/26/92,1/1/99,Senior Staff
298515,Vishwani,Cangellaris,7/10/63,2/11/99,1/1/99,Engineer
298522,Heping,Binding,10/19/63,11/26/94,1/1/99,Engineer
298529,Bokyung,Holburn,5/6/63,11/18/88,1/1/99,Senior Staff
298533,Rayond,Schaar,9/5/63,7/12/99,1/1/99,Staff
298534,Behnaam,Lovengreen,4/22/63,3/5/93,1/1/99,Senior Engineer
298553,Shimshon,Chinal,5/30/63,7/17/94,1/1/99,Senior Staff
298554,Marke,Crabtree,8/11/63,7/30/92,1/1/99,Staff
298555,Shih,Oberman,5/27/62,4/13/90,1/1/99,Senior Engineer
298562,Elrique,Trachtenberg,4/27/62,9/19/97,1/1/99,Senior Engineer
298563,Goetz,Malinowski,9/25/63,8/21/96,1/1/99,Senior Engineer
298573,Tesuya,Homond,10/20/62,12/17/97,1/1/99,Staff
298577,Florina,Litecky,1/11/65,12/2/85,1/1/99,Staff
298579,Shaunak,Lieblein,5/20/63,12/31/91,1/1/99,Engineer
298590,Yakkov,Awdeh,8/31/63,4/6/02,1/1/99,Senior Staff
298596,Weijing,Salinas,12/31/62,7/17/97,1/1/99,Engineer
298597,Paraskevi,Jahnichen,6/17/62,10/14/86,1/1/99,Staff
298600,Lillian,Whittlesey,12/22/62,11/25/98,1/1/99,Engineer
298604,Maja,Lukaszewicz,4/20/63,2/4/87,1/1/99,Senior Engineer
298605,Martina,Siegrist,8/5/63,7/13/92,1/1/99,Engineer
298608,Heng,Emmart,10/11/62,3/7/92,1/1/99,Engineer
298619,Mototsugu,Stamatiou,9/21/63,8/19/98,1/1/99,Staff
298624,Rafols,Alpay,11/21/63,7/29/90,1/1/99,Senior Staff
298630,Mariangiola,Deverell,3/2/62,1/16/99,1/1/99,Technique Leader
298631,Lobel,Keustermans,11/22/64,4/7/91,1/1/99,Senior Engineer
298640,Tran,Camarinopoulos,4/26/63,5/7/91,1/1/99,Senior Engineer
298641,Kwangsub,Ozeki,10/25/62,7/19/92,1/1/99,Senior Engineer
298646,Fei,Matzat,7/25/64,6/28/97,1/1/99,Engineer
298662,Stafford,Sifakis,8/11/63,12/26/91,1/1/99,Engineer
298664,Peternela,Terkki,11/24/64,5/9/85,1/1/99,Senior Engineer
298682,Werner,Lambe,11/9/64,6/19/90,1/1/99,Senior Staff
298684,Sudhanshu,Litzler,2/4/62,7/2/87,1/1/99,Senior Engineer
298686,Cheong,Standera,11/1/64,12/20/98,1/1/99,Staff
298697,Lubomir,Brodie,2/15/64,2/27/93,1/1/99,Staff
298705,Jianhao,Whitcomb,11/28/62,12/25/95,1/1/99,Staff
298709,Barry,Kropatsch,11/18/64,1/21/93,1/1/99,Senior Staff
298713,Yifei,Sherertz,6/8/63,8/23/93,1/1/99,Assistant Engineer
298718,Valery,Ranze,3/20/62,3/29/86,1/1/99,Senior Engineer
298722,Nahla,Taubenfeld,10/16/62,9/3/99,1/1/99,Staff
298725,Mabry,Stassinopoulos,12/18/62,12/31/92,1/1/99,Senior Engineer
298734,Kerryn,Felder,8/26/64,12/11/99,1/1/99,Assistant Engineer
298736,Chenxi,Katzenelson,4/21/62,2/22/95,1/1/99,Engineer
298745,Nectarios,Litvinov,8/7/63,7/14/02,1/1/99,Engineer
298746,Moheb,Gronowski,2/10/62,2/25/99,1/1/99,Engineer
298748,Muzhong,Masaki,11/23/63,3/12/90,1/1/99,Senior Staff
298755,Moie,Varley,6/13/62,1/27/97,1/1/99,Senior Engineer
298760,Gad,Benaini,12/22/63,3/17/95,1/1/99,Staff
298763,Lillian,Morrey,10/6/62,8/23/99,1/1/99,Senior Staff
298776,Zvonko,England,3/22/64,5/26/93,1/1/99,Senior Staff
298787,Marjo,Parfitt,6/24/64,8/17/91,1/1/99,Senior Staff
298788,Saeed,Hempstead,3/21/63,3/17/91,1/1/99,Technique Leader
298801,Sorina,Seuren,1/16/64,3/26/94,1/1/99,Senior Staff
298805,Goo,Schlegelmilch,8/23/64,12/19/90,1/1/99,Senior Staff
298809,Hidde,Yetim,7/27/64,6/4/01,1/1/99,Staff
298810,Perry,Seuren,11/25/64,1/18/88,1/1/99,Technique Leader
298814,Margo,Nitta,7/3/63,2/23/85,1/1/99,Senior Engineer
298825,Piyawadee,Muhling,1/9/62,7/19/92,1/1/99,Senior Staff
298827,Jiakeng,Alencar,7/23/63,8/20/90,1/1/99,Assistant Engineer
298837,Halsur,Kaiser,9/12/64,6/14/90,1/1/99,Technique Leader
298849,Kinh,Serot,1/13/62,3/20/98,1/1/99,Technique Leader
298851,Shen,Paludetto,2/12/64,8/26/97,1/1/99,Engineer
298857,Atilio,Kinley,6/28/64,3/18/93,1/1/99,Senior Staff
298858,Martien,Klyachko,1/19/63,8/27/87,1/1/99,Senior Engineer
298861,Nidapan,Kaiser,11/2/62,6/6/93,1/1/99,Engineer
298869,JoAnna,Sullins,8/14/64,12/7/92,1/1/99,Engineer
298874,Toshiki,Ranta,4/18/63,2/21/91,1/1/99,Senior Staff
298878,Bernardo,Wrigley,5/3/63,9/7/87,1/1/99,Engineer
298880,Valdiodio,Zockler,9/25/64,11/16/89,1/1/99,Engineer
298882,Howell,Hagimont,7/24/63,11/14/88,1/1/99,Engineer
298883,Jeanna,Vadhan,8/11/62,8/28/99,1/1/99,Engineer
298885,Jiann,Luon,1/29/62,11/29/96,1/1/99,Engineer
298898,Zongyan,Kawashima,10/2/62,7/9/97,1/1/99,Engineer
298900,Kensei,Denny,12/16/63,1/27/99,1/1/99,Staff
298904,Youpyo,Herber,12/21/64,12/25/93,1/1/99,Senior Engineer
298909,Jaewon,Leppanen,7/27/63,6/8/87,1/1/99,Senior Engineer
298919,Shay,Pettey,8/5/63,10/2/94,1/1/99,Engineer
298928,Cullen,Spell,1/28/62,3/16/99,1/1/99,Staff
298931,Berry,Moffat,1/10/62,12/17/86,1/1/99,Senior Staff
298932,Laurentiu,Garrabrants,1/16/64,8/24/99,1/1/99,Staff
298937,Sorina,Birke,5/20/63,9/27/97,1/1/99,Senior Staff
298938,Yagil,Demos,10/30/64,7/4/94,1/1/99,Senior Engineer
298946,Gift,Gecseg,7/10/64,7/13/95,1/1/99,Senior Engineer
298947,Bogdan,Setlzner,3/2/62,2/11/91,1/1/99,Senior Engineer
298949,Xuejia,Escriba,9/29/64,2/23/91,1/1/99,Technique Leader
298953,Zita,Syang,2/1/65,12/29/98,1/1/99,Staff
298956,Murthy,Skrikant,7/17/63,10/23/92,1/1/99,Staff
298962,Vidya,Hennebert,12/20/62,8/8/85,1/1/99,Senior Engineer
298969,Shridhar,Azevdeo,12/15/62,3/4/92,1/1/99,Engineer
298982,Anwar,Erva,7/17/63,1/31/90,1/1/99,Staff
298983,TRUE,Swift,11/16/62,8/19/89,1/1/99,Senior Engineer
298984,Zito,Grandbois,4/17/63,8/17/94,1/1/99,Senior Staff
299001,Oscar,Orsini,1/1/63,8/14/93,1/1/99,Engineer
299002,Djenana,Hockney,3/19/63,8/21/95,1/1/99,Engineer
299003,Dinkar,Bultermann,8/10/63,12/18/98,1/1/99,Engineer
299015,Bouchung,Delgrande,8/15/62,5/13/97,1/1/99,Senior Engineer
299023,Xinglin,Danley,6/3/64,8/11/87,1/1/99,Senior Staff
299028,Jingling,Kermarrec,6/13/62,5/20/94,1/1/99,Senior Staff
299051,Arch,Perry,3/26/62,5/1/95,1/1/99,Senior Engineer
299062,Shuho,Talmor,6/12/64,1/31/94,1/1/99,Senior Engineer
299064,Theirry,Tanemo,12/29/63,5/23/95,1/1/99,Senior Engineer
299067,Tiina,Levasseur,3/14/63,12/9/89,1/1/99,Engineer
299070,Chrisa,Seiwald,3/24/64,9/30/97,1/1/99,Engineer
299073,Udo,Weisert,11/30/63,8/5/90,1/1/99,Staff
299076,Srinidhi,Bierman,12/30/62,10/12/86,1/1/99,Senior Engineer
299078,Sreekrishna,Ghandeharizadeh,10/20/64,9/8/97,1/1/99,Engineer
299083,Jaroslava,Stille,5/8/64,5/6/90,1/1/99,Staff
299085,Mong,Preusig,10/29/63,12/30/95,1/1/99,Engineer
299086,Conor,Luby,6/4/63,10/5/91,1/1/99,Engineer
299090,Khun,Gewali,9/25/63,2/26/97,1/1/99,Staff
299096,Krisda,Reghbati,11/11/63,12/30/86,1/1/99,Senior Engineer
299097,Tayeb,Poupard,8/26/63,3/22/86,1/1/99,Senior Staff
299099,Narain,Basart,1/24/63,8/25/94,1/1/99,Staff
299100,Janalee,Oaver,4/5/63,2/20/94,1/1/99,Engineer
299101,Guozhong,Thisen,12/20/63,9/6/98,1/1/99,Staff
299107,Minghong,Stafford,12/25/62,4/29/90,1/1/99,Engineer
299120,Alexius,Prampolini,5/28/63,12/24/88,1/1/99,Senior Engineer
299126,Shunichi,Demri,7/20/64,11/20/96,1/1/99,Engineer
299132,Uri,Koyama,1/20/62,6/30/97,1/1/99,Staff
299138,Karsten,Ritcey,2/15/64,10/24/97,1/1/99,Assistant Engineer
299140,Subbu,Lieblein,1/17/62,3/4/99,1/1/99,Staff
299142,Uwe,Penn,8/12/64,10/3/93,1/1/99,Engineer
299154,Hideo,Hitomi,7/6/64,10/11/93,1/1/99,Senior Staff
299156,Bodh,Pietracaprina,4/21/63,10/30/92,1/1/99,Senior Staff
299157,Annemarie,Glowinski,12/15/62,6/12/87,1/1/99,Engineer
299158,Zhiwei,Baalen,8/13/62,12/6/85,1/1/99,Engineer
299169,Garnet,Zongker,6/14/64,5/2/87,1/1/99,Engineer
299174,Hugh,Potthoff,12/25/62,11/20/97,1/1/99,Senior Staff
299176,Lubomir,Cooman,4/24/62,8/10/91,1/1/99,Senior Staff
299178,Zeydy,Markovitch,4/23/63,4/8/90,1/1/99,Staff
299179,Oldrich,Luit,12/31/63,1/5/99,1/1/99,Senior Staff
299183,Denis,Isard,9/27/63,9/23/95,1/1/99,Senior Engineer
299184,Clyde,Soloway,11/22/62,2/5/97,1/1/99,Senior Staff
299191,Kiyomitsu,Kornatzky,11/13/63,7/17/86,1/1/99,Senior Staff
299196,Kolar,Kavvadias,12/25/62,12/4/85,1/1/99,Staff
299202,Lenore,Clouatre,6/2/63,1/25/87,1/1/99,Staff
299207,Phuoc,Lieberherr,7/21/64,4/26/99,1/1/99,Senior Staff
299214,Haldon,Mawatari,6/9/63,6/30/90,1/1/99,Staff
299215,Mikhail,Marchegay,9/19/64,11/17/90,1/1/99,Staff
299218,Abdelghani,Bardell,1/29/63,4/19/89,1/1/99,Staff
299222,Xiahua,Munck,7/10/62,4/23/00,1/1/99,Engineer
299229,Dhritiman,McFarlan,11/21/64,12/3/87,1/1/99,Senior Engineer
299239,Valery,Thambidurai,10/7/64,1/17/90,1/1/99,Senior Engineer
299240,Basem,Nittel,10/3/64,6/1/88,1/1/99,Senior Staff
299243,Aleksandar,Christ,3/1/62,2/26/92,1/1/99,Senior Engineer
299244,Mikhail,Perl,7/10/62,4/11/95,1/1/99,Senior Staff
299249,Mansur,Baby,4/11/63,1/15/97,1/1/99,Senior Engineer
299260,Bodo,Verspoor,11/19/64,1/26/94,1/1/99,Staff
299262,Sham,Wixon,3/7/62,5/26/99,1/1/99,Engineer
299266,Georgy,Merkl,3/23/62,9/19/99,1/1/99,Staff
299279,Jeanne,Erbe,1/17/63,10/27/98,1/1/99,Staff
299283,Chinhyun,Rosis,2/26/62,8/31/99,1/1/99,Engineer
299289,Flemming,Blokdijk,7/12/64,4/19/95,1/1/99,Engineer
299291,Somnath,Parveen,11/6/62,5/4/95,1/1/99,Senior Staff
299295,Fusako,Baek,1/23/64,1/5/99,1/1/99,Engineer
299296,Arun,Suwa,11/23/63,4/3/85,1/1/99,Senior Staff
299299,Ayonca,Cochrane,10/26/63,2/7/90,1/1/99,Senior Engineer
299312,Shigehito,Petereit,10/26/63,3/19/98,1/1/99,Assistant Engineer
299320,Bernardo,Kitai,10/17/64,5/28/98,1/1/99,Staff
299335,Rosine,Nyanchama,4/4/62,2/16/94,1/1/99,Senior Engineer
299338,Ekawit,Viele,3/31/63,1/15/89,1/1/99,Engineer
299344,Monique,Schaap,12/2/63,12/16/91,1/1/99,Senior Engineer
299346,Fumitake,Sichman,1/9/65,2/21/91,1/1/99,Senior Staff
299349,Kasturi,Flanders,11/5/64,9/1/91,1/1/99,Engineer
299364,Kotesh,Vickson,10/1/64,8/22/87,1/1/99,Staff
299372,Sasan,Skafidas,7/20/63,4/13/97,1/1/99,Staff
299374,Jaana,Litvinov,3/6/62,10/1/88,1/1/99,Senior Staff
299377,Thodoros,Kalloufi,12/3/63,6/22/92,1/1/99,Senior Engineer
299390,Arco,Bolsens,2/5/62,1/16/87,1/1/99,Senior Staff
299392,Kshitij,Pelc,1/12/63,2/23/99,1/1/99,Engineer
299418,Xiaoqiu,Lowrie,2/1/62,8/14/96,1/1/99,Engineer
299425,Gift,Bolotov,1/14/63,10/23/90,1/1/99,Engineer
299430,Arnould,Verhoeff,5/19/63,2/3/98,1/1/99,Engineer
299431,Cathie,Kroft,7/21/62,1/29/98,1/1/99,Staff
299439,Kotesh,Khamsi,12/21/63,10/28/98,1/1/99,Engineer
299441,Qunsheng,Billawala,4/30/64,2/26/91,1/1/99,Senior Staff
299454,Ronnie,Peternell,5/9/62,10/5/88,1/1/99,Senior Staff
299457,Pramod,Wrigley,10/3/63,6/3/89,1/1/99,Senior Staff
299466,Christfried,Conia,4/17/64,3/5/87,1/1/99,Senior Engineer
299469,Fabrizio,Clemencon,8/19/64,10/6/95,1/1/99,Staff
299472,Macha,Doering,10/14/63,11/30/91,1/1/99,Engineer
299485,Shigehito,Marrevee,12/23/63,4/26/97,1/1/99,Senior Staff
299487,Premal,Oberman,7/22/63,1/30/98,1/1/99,Engineer
299491,Venkatesan,Malabarba,4/13/62,5/31/85,1/1/99,Senior Engineer
299492,Fayez,Delgrange,9/6/63,11/19/92,1/1/99,Engineer
299499,Kerhong,Gips,11/16/63,4/30/85,1/1/99,Engineer
299506,Waiman,Manderick,7/8/62,6/2/86,1/1/99,Engineer
299507,Vishwani,Jayawardene,6/25/62,7/30/86,1/1/99,Staff
299508,Rajmohan,Prochazka,6/17/63,1/9/00,1/1/99,Staff
299518,Danae,Landherr,10/13/63,1/11/01,1/1/99,Staff
299520,Naftaly,Christ,12/21/63,3/15/91,1/1/99,Staff
299526,Gilbert,Camurati,6/10/62,6/7/95,1/1/99,Staff
299527,Geoff,Baek,1/4/64,2/16/98,1/1/99,Senior Engineer
299532,Sanjeeva,Serra,8/2/64,10/18/88,1/1/99,Senior Engineer
299533,Randy,Halevi,9/19/63,6/23/91,1/1/99,Engineer
299534,Xiaoqiu,Buchter,9/18/63,5/28/85,1/1/99,Assistant Engineer
299537,Claudi,Ranum,2/6/63,6/27/01,1/1/99,Staff
299556,Kwok,Dahlbom,10/11/63,7/30/99,1/1/99,Engineer
299557,Shigeu,Restivo,11/30/64,3/18/89,1/1/99,Senior Engineer
299570,Kersti,Willoner,7/15/64,11/4/95,1/1/99,Technique Leader
299574,Hatem,Strehl,8/18/64,3/25/98,1/1/99,Engineer
299580,Luisa,Itzfeldt,1/21/65,1/23/97,1/1/99,Engineer
299589,Udi,Jullig,12/26/64,5/12/85,1/1/99,Senior Staff
299599,Maria,Schlegelmilch,9/22/62,4/30/89,1/1/99,Senior Engineer
299610,Neven,Cincotta,10/25/62,5/10/88,1/1/99,Technique Leader
299615,Gian,Thorelli,4/26/64,6/12/87,1/1/99,Senior Staff
299638,Horward,Tetzlaff,3/23/63,8/18/90,1/1/99,Engineer
299645,Petter,Tiemann,4/9/63,2/16/90,1/1/99,Staff
299649,Shigeu,Pocchiola,4/26/64,7/23/98,1/1/99,Engineer
299668,Yuchang,Copas,8/28/63,6/27/86,1/1/99,Senior Staff
299672,Tooru,Collette,4/27/62,3/20/90,1/1/99,Senior Engineer
299686,Lene,Makinen,5/19/63,8/10/92,1/1/99,Senior Engineer
299700,Heekeun,Domenig,7/20/62,2/11/88,1/1/99,Engineer
299705,Paraskevi,Schrooten,5/27/64,12/17/85,1/1/99,Senior Engineer
299716,Bedrich,Bratsberg,4/10/63,9/4/99,1/1/99,Staff
299718,Denny,Shobatake,1/15/65,6/22/97,1/1/99,Staff
299720,Rayond,Falby,10/10/64,11/7/87,1/1/99,Senior Staff
299723,Francesca,Thummel,5/18/63,7/18/86,1/1/99,Senior Engineer
299724,Zhanqiu,Ligten,11/12/62,6/6/90,1/1/99,Staff
299728,Takahiro,Candan,6/16/63,3/7/99,1/1/99,Technique Leader
299736,Mingzeng,Benzmuller,11/27/64,11/19/94,1/1/99,Staff
299737,Patricio,Itzfeldt,2/1/65,5/21/85,1/1/99,Senior Staff
299742,Shounak,Perry,1/6/62,6/3/85,1/1/99,Senior Staff
299743,Siamak,Preusig,4/27/63,10/2/95,1/1/99,Assistant Engineer
299746,Prasadram,Carrere,2/20/62,4/29/94,1/1/99,Engineer
299747,Mabry,Erni,3/28/63,11/26/94,1/1/99,Assistant Engineer
299750,Ohad,Maraist,8/16/63,4/12/87,1/1/99,Senior Engineer
299774,Indrajit,Delgrossi,9/23/62,5/29/85,1/1/99,Senior Engineer
299788,Xudong,Dalphin,5/31/64,3/15/87,1/1/99,Senior Staff
299790,Aruna,Perri,12/12/62,9/16/95,1/1/99,Staff
299793,Masamitsu,Cheshire,7/2/63,11/3/89,1/1/99,Staff
299801,Barna,Magalhaes,7/9/62,5/14/98,1/1/99,Staff
299802,Aleksandar,Perri,6/28/63,2/24/94,1/1/99,Staff
299805,Geoffry,Piveteau,2/15/63,2/18/91,1/1/99,Senior Staff
299806,Ayonca,Basagni,3/8/62,12/11/95,1/1/99,Staff
299807,Shim,Rijckaert,8/8/63,7/25/88,1/1/99,Senior Engineer
299808,Aleksandar,Weiland,3/9/63,5/3/90,1/1/99,Staff
299824,Behnaam,Mersereau,7/18/63,11/25/99,1/1/99,Senior Staff
299826,Aron,Kowalchuk,10/7/62,1/22/95,1/1/99,Engineer
299840,Shimshon,Furedi,3/27/64,11/18/01,1/1/99,Engineer
299847,Tsvetan,Gerlach,2/12/63,4/11/87,1/1/99,Senior Staff
299853,Brigham,Peir,8/14/63,6/2/94,1/1/99,Staff
299857,Kellyn,Chaudhury,3/2/64,10/12/91,1/1/99,Technique Leader
299859,Oguz,Shihab,5/17/62,11/28/99,1/1/99,Assistant Engineer
299860,Feipei,Ariola,1/19/63,6/25/92,1/1/99,Senior Staff
299875,Vishu,Champarnaud,7/13/64,6/24/87,1/1/99,Senior Staff
299879,Kazuhisa,Bale,4/19/64,4/21/92,1/1/99,Senior Staff
299886,Trygve,Marshall,8/21/63,12/17/93,1/1/99,Engineer
299890,Jovan,Serov,6/18/63,7/11/92,1/1/99,Senior Staff
299894,Babette,Ozeki,6/22/62,2/12/95,1/1/99,Engineer
299898,Munehiko,Janocha,2/15/64,12/11/88,1/1/99,Senior Staff
299904,Xiping,DiGiano,4/2/63,10/13/98,1/1/99,Senior Staff
299914,Nathalie,Dulin,5/11/62,12/17/97,1/1/99,Engineer
299923,Marsal,Schwartzbauer,6/8/63,3/3/90,1/1/99,Engineer
299925,Lijia,Sevcikova,7/29/62,9/21/96,1/1/99,Staff
299935,Yaghout,Collette,11/7/62,6/16/99,1/1/99,Engineer
299939,Jingling,Hasham,11/19/62,3/19/85,1/1/99,Engineer
299944,Mara,Peris,2/17/63,4/29/94,1/1/99,Staff
299945,Yonghong,Szmurlo,11/24/62,9/27/97,1/1/99,Engineer
299947,Slavian,Tiemann,3/18/62,1/5/00,1/1/99,Staff
299948,Jolita,Kawashima,12/12/63,9/19/94,1/1/99,Engineer
299953,Sven,Birdsall,5/7/63,3/23/93,1/1/99,Senior Engineer
299955,Yoshimitsu,Marwedel,7/31/64,12/3/97,1/1/99,Senior Engineer
299958,Jovan,Greibach,7/30/62,10/24/88,1/1/99,Senior Engineer
299962,Kristine,Casley,12/11/62,3/27/85,1/1/99,Senior Staff
299972,Youngkon,Larfeldt,2/15/62,2/13/90,1/1/99,Staff
299994,Marjo,Ruemmler,5/31/63,2/25/85,1/1/99,Senior Staff
299998,Moto,Auria,7/29/63,4/22/88,1/1/99,Assistant Engineer
400000,Mitsuyuki,Reinhart,11/29/63,5/12/97,1/1/99,Staff
400001,Rosalie,Chinin,6/2/62,11/28/86,1/1/99,Staff
400002,Quingbo,Birnbaum,8/16/64,12/19/88,1/1/99,Senior Engineer
400012,Chikara,Merkl,10/16/62,8/13/85,1/1/99,Staff
400013,Jayesh,Sooriamurthi,4/9/64,6/9/86,1/1/99,Senior Engineer
400027,Arve,Rodier,9/6/63,12/23/98,1/1/99,Staff
400028,Lena,Gammage,5/25/63,9/13/99,1/1/99,Engineer
400037,Amabile,Szemeredi,10/13/62,5/1/99,1/1/99,Staff
400046,Hilari,Christ,1/12/65,10/7/96,1/1/99,Senior Staff
400048,Josyula,Yavatkar,8/12/62,7/14/91,1/1/99,Engineer
400049,Jaewoo,Genther,6/8/64,6/13/94,1/1/99,Senior Engineer
400052,Kristinn,Rassart,1/13/63,1/3/95,1/1/99,Engineer
400060,Ziyad,Swen,10/23/62,4/30/94,1/1/99,Staff
400062,Gretta,Hmelo,3/10/64,2/19/87,1/1/99,Senior Engineer
400063,Jungsoon,Zhiwei,2/3/62,1/2/86,1/1/99,Senior Engineer
400066,Muneo,Guenter,11/28/62,5/3/88,1/1/99,Engineer
400067,Goncalo,Sethi,12/14/63,4/23/98,1/1/99,Staff
400070,Radhika,Steinauer,3/9/63,6/4/89,1/1/99,Senior Staff
400082,Vidya,Janetzko,6/2/63,7/21/87,1/1/99,Staff
400086,Huican,Muhlberg,12/3/64,2/11/89,1/1/99,Staff
400091,Licheng,Debuse,2/3/64,7/30/95,1/1/99,Engineer
400092,Neven,Bennet,10/2/64,10/31/97,1/1/99,Senior Staff
400096,Xiaoqiu,Yurek,4/29/62,1/15/86,1/1/99,Senior Engineer
400097,Munenori,Kropp,4/5/64,9/5/93,1/1/99,Senior Staff
400100,Gilbert,Callaway,1/21/64,6/9/91,1/1/99,Senior Staff
400107,Saddek,Pagter,3/19/63,2/10/94,1/1/99,Assistant Engineer
400108,Syozo,Haraldson,8/29/64,3/19/94,1/1/99,Senior Engineer
400112,Nagui,Fetvedt,5/5/64,9/20/94,1/1/99,Senior Staff
400129,Mircea,Kusakabe,3/5/63,10/31/96,1/1/99,Senior Engineer
400134,Marsja,Serdy,6/2/64,12/7/98,1/1/99,Staff
400137,Shawna,Schrift,12/23/63,7/8/89,1/1/99,Engineer
400142,Zhaofang,Tsunoo,12/2/62,4/21/93,1/1/99,Engineer
400143,Salvador,Baik,5/12/64,10/31/00,1/1/99,Staff
400144,Jouni,Herber,9/3/64,1/24/86,1/1/99,Technique Leader
400169,Toshiki,Hiraishi,4/24/63,11/5/94,1/1/99,Senior Engineer
400184,Juyoung,Merey,10/19/64,5/6/99,1/1/99,Engineer
400185,Make,Chinen,7/6/63,10/4/93,1/1/99,Assistant Engineer
400190,Valdiodio,Kleiser,8/9/64,12/10/98,1/1/99,Staff
400192,Gennadi,Sessa,3/3/64,11/4/93,1/1/99,Staff
400193,Yinghua,Reeker,3/2/63,1/23/88,1/1/99,Engineer
400200,Jaroslava,Gladwell,10/1/63,10/13/91,1/1/99,Senior Engineer
400205,Jeong,McAffer,3/9/64,12/15/88,1/1/99,Senior Engineer
400206,Jaber,Doering,1/15/62,6/16/86,1/1/99,Senior Engineer
400220,Jagoda,Zwicker,6/18/63,4/17/96,1/1/99,Staff
400231,Gina,Toyoshima,12/8/62,10/20/89,1/1/99,Senior Staff
400235,Xiaobin,Atrawala,5/16/64,10/30/93,1/1/99,Staff
400238,Niclas,Baez,8/10/63,1/17/02,1/1/99,Senior Engineer
400240,Lidong,Picel,3/22/63,7/17/92,1/1/99,Engineer
400255,Kamran,Emmerich,7/31/64,1/28/94,1/1/99,Senior Engineer
400263,Yucel,Greenaway,4/24/62,4/1/93,1/1/99,Engineer
400275,Jasminko,Ratzlaff,6/2/64,4/24/97,1/1/99,Engineer
400277,Masoud,Zielinski,7/11/62,8/20/88,1/1/99,Senior Staff
400281,Mitchel,Esteva,3/21/62,8/19/98,1/1/99,Technique Leader
400293,Djenana,Przulj,8/22/62,6/11/94,1/1/99,Engineer
400297,Chiradeep,DeMori,10/15/63,4/19/92,1/1/99,Engineer
400313,Ramya,Zallocco,3/31/62,11/3/91,1/1/99,Engineer
400314,Sushant,Butterworth,5/20/63,3/20/95,1/1/99,Technique Leader
400315,Gal,Babu,3/6/62,11/1/96,1/1/99,Staff
400316,Freyja,Dratva,4/13/64,9/11/94,1/1/99,Senior Engineer
400326,Fabrizio,Lores,12/20/63,4/21/93,1/1/99,Senior Staff
400329,Reuven,Salverda,4/17/64,1/27/99,1/1/99,Senior Engineer
400330,Padma,Ratzlaff,10/24/63,12/26/98,1/1/99,Engineer
400346,Jingling,Demri,12/20/62,12/11/86,1/1/99,Senior Engineer
400348,Pascal,Eastman,7/19/64,4/5/92,1/1/99,Staff
400358,Angus,Jullig,1/31/65,4/13/89,1/1/99,Senior Engineer
400365,Xudong,Henders,10/6/64,5/31/89,1/1/99,Senior Engineer
400366,Licheng,Rehfuss,9/19/63,9/8/99,1/1/99,Senior Engineer
400367,Akeno,Ramras,5/12/64,4/22/86,1/1/99,Senior Engineer
400374,Prasadram,Speel,7/3/63,9/3/94,1/1/99,Engineer
400381,Sanjoy,Luck,1/9/64,12/7/85,1/1/99,Engineer
400384,Shuichi,Haddadi,2/27/63,7/16/98,1/1/99,Senior Staff
400386,Serif,Fortenbacher,6/5/62,5/18/91,1/1/99,Staff
400391,Marlo,Koshiba,10/2/62,3/14/96,1/1/99,Engineer
400397,Aral,Penttonen,6/16/63,7/22/97,1/1/99,Engineer
400406,Conrado,Yoshizawa,6/24/64,12/30/86,1/1/99,Senior Staff
400411,Narain,Prampolini,1/23/64,6/26/94,1/1/99,Senior Engineer
400429,Manu,Danlos,5/28/64,3/23/94,1/1/99,Senior Engineer
400433,Masako,Cools,1/28/64,7/29/98,1/1/99,Senior Staff
400437,Anneke,Morris,9/14/62,5/30/93,1/1/99,Engineer
400440,Fox,Pashtan,11/7/63,8/29/86,1/1/99,Senior Staff
400448,Divier,Kushnir,1/25/64,9/8/94,1/1/99,Senior Engineer
400450,Nikolaos,Bardell,2/6/62,3/4/92,1/1/99,Senior Engineer
400451,Lorien,Khasidashvili,7/30/64,7/16/97,1/1/99,Engineer
400458,Mabhin,Hiroyama,7/2/64,2/4/87,1/1/99,Engineer
400464,Hyuckchul,Picaronny,8/11/64,1/16/00,1/1/99,Staff
400469,Moie,Kruskal,10/21/64,10/5/94,1/1/99,Senior Engineer
400471,Zhilian,Heemskerk,12/3/63,12/25/86,1/1/99,Senior Engineer
400473,Theron,Malinowski,11/1/63,12/17/99,1/1/99,Technique Leader
400475,Gal,Cesareni,5/2/63,9/29/93,1/1/99,Staff
400481,Arif,Melski,3/26/63,10/18/94,1/1/99,Senior Staff
400485,IEEE,Zeleznik,6/22/63,9/22/89,1/1/99,Senior Staff
400492,Marsja,Jullig,3/14/62,11/17/94,1/1/99,Technique Leader
400494,Beshir,Chepyzhov,1/4/62,5/23/95,1/1/99,Engineer
400496,Tsvetan,Erbe,1/30/63,3/30/86,1/1/99,Senior Staff
400511,Cathie,Falby,5/28/64,9/29/88,1/1/99,Senior Staff
400513,Shimshon,Teitelbaum,10/9/64,4/24/93,1/1/99,Senior Staff
400515,Sudhanshu,Panwar,8/6/62,6/21/98,1/1/99,Staff
400517,Renee,Vigier,6/2/62,7/16/97,1/1/99,Engineer
400521,Gianluca,Merli,2/14/62,8/6/86,1/1/99,Senior Staff
400526,Mitchel,Ruemmler,5/29/64,8/21/89,1/1/99,Senior Staff
400540,Arie,Nishimukai,6/30/63,1/9/86,1/1/99,Staff
400542,Christ,Tzvieli,1/17/64,1/27/89,1/1/99,Senior Staff
400544,Tran,Simmel,12/27/62,11/8/91,1/1/99,Senior Engineer
400546,Richard,Berztiss,11/9/64,5/16/87,1/1/99,Senior Engineer
400548,Neelam,Gulak,2/17/64,11/22/99,1/1/99,Engineer
400551,Jaques,Rodiger,8/13/64,8/14/91,1/1/99,Engineer
400552,Boriana,Warwick,8/19/62,4/1/99,1/1/99,Senior Staff
400556,Marl,Ozery,9/8/64,1/28/97,1/1/99,Senior Staff
400558,Atreye,Salvesen,10/25/62,7/29/92,1/1/99,Senior Engineer
400584,Hyuncheol,Rabehasaina,6/3/64,2/23/98,1/1/99,Staff
400586,Mikhail,Sethi,9/16/62,10/24/89,1/1/99,Senior Engineer
400587,Morris,Gluchowski,9/1/62,2/4/85,1/1/99,Senior Engineer
400591,Ottavia,Swen,8/14/62,8/11/88,1/1/99,Senior Engineer
400595,Kiyotoshi,Litzkow,2/6/63,10/1/00,1/1/99,Staff
400599,Mabhin,Bruckman,7/13/62,8/20/96,1/1/99,Engineer
400601,Phillip,Schrooten,11/27/63,11/12/89,1/1/99,Technique Leader
400603,Zhenhua,Mandelberg,7/10/63,11/22/94,1/1/99,Engineer
400615,Gadiel,Piveteau,11/17/63,10/19/96,1/1/99,Staff
400621,Takahiro,Pews,3/10/64,4/5/88,1/1/99,Senior Staff
400626,Chenyi,Mungall,5/14/63,9/6/90,1/1/99,Engineer
400634,Shunichi,Syrzycki,10/23/64,11/30/91,1/1/99,Senior Engineer
400638,Kousuke,Pews,6/26/63,6/19/90,1/1/99,Senior Engineer
400640,Hironoby,Marrevee,6/6/62,5/30/96,1/1/99,Senior Engineer
400641,Khaled,Domenig,4/16/64,1/16/95,1/1/99,Senior Engineer
400647,Kauko,Uhrik,7/8/63,2/15/89,1/1/99,Engineer
400653,Mantis,Pettis,3/15/62,4/23/97,1/1/99,Staff
400656,Oksana,Lanphier,11/27/62,10/6/92,1/1/99,Staff
400659,Uinam,Hettesheimer,7/14/64,6/17/86,1/1/99,Senior Engineer
400665,Sudhanshu,Shihab,11/26/64,9/6/96,1/1/99,Senior Staff
400666,Subir,Petereit,3/28/64,2/8/87,1/1/99,Staff
400668,Stepehn,Kamber,4/18/62,10/24/92,1/1/99,Engineer
400674,Theirry,Montresor,1/16/62,3/25/87,1/1/99,Senior Engineer
400677,Mihalis,Oxenboll,11/25/62,4/17/97,1/1/99,Senior Engineer
400683,Kamakshi,Manders,1/28/65,8/5/95,1/1/99,Staff
400685,Roddy,Feldmann,3/23/62,9/12/89,1/1/99,Senior Engineer
400710,Bouchung,Schreiter,12/25/63,11/4/90,1/1/99,Senior Staff
400716,Phule,Demos,3/1/63,12/30/85,1/1/99,Technique Leader
400717,Kannan,Christ,3/15/62,9/17/87,1/1/99,Engineer
400722,Harngdar,Murthy,9/26/64,3/26/96,1/1/99,Engineer
400724,Conor,Sankaranarayanan,11/14/64,1/18/97,1/1/99,Assistant Engineer
400732,Sanjit,Hartvigsen,1/11/63,3/17/93,1/1/99,Engineer
400735,Tomokazu,Decaestecker,3/14/63,9/11/95,1/1/99,Engineer
400737,Basil,Wilfing,2/27/63,12/10/88,1/1/99,Staff
400739,Amstein,Sankaranarayanan,9/13/64,5/31/94,1/1/99,Senior Staff
400749,Sham,Kandlur,9/7/63,1/17/98,1/1/99,Senior Engineer
400756,Serenella,Braunschweig,12/24/62,3/17/85,1/1/99,Senior Engineer
400761,Aloke,Reeken,10/8/63,7/12/85,1/1/99,Senior Staff
400766,Idoia,Dengi,1/15/62,12/27/93,1/1/99,Senior Engineer
400773,Spyrose,Ozeki,2/23/64,5/19/85,1/1/99,Senior Engineer
400777,Rasikan,Murthy,9/5/64,6/17/91,1/1/99,Senior Staff
400780,Poornachandra,Asser,1/9/65,11/7/93,1/1/99,Engineer
400790,Kerhong,Shinomoto,10/3/63,8/25/92,1/1/99,Staff
400796,Bodo,Halevi,1/10/65,5/30/96,1/1/99,Engineer
400805,Yonghoan,Puppo,3/31/64,4/1/89,1/1/99,Senior Staff
400806,Pranay,Gajiwala,2/7/64,2/7/88,1/1/99,Engineer
400807,Dayanand,Rosch,3/29/63,4/24/87,1/1/99,Senior Engineer
400814,Nagui,Nilsson,6/19/63,12/19/89,1/1/99,Engineer
400817,Hatsukazu,Fiutem,12/8/62,3/4/93,1/1/99,Engineer
400831,Miquel,Miyakawa,10/22/64,3/18/97,1/1/99,Staff
400833,Nathalie,Rabehasaina,5/30/64,10/4/92,1/1/99,Senior Staff
400834,Stepehn,Shimshoni,7/21/63,6/14/85,1/1/99,Staff
400837,Cedric,DuCasse,8/16/64,3/16/90,1/1/99,Staff
400845,Danny,Ghalwash,11/15/64,5/27/92,1/1/99,Senior Staff
400851,Yongdong,Passino,5/28/64,11/19/88,1/1/99,Senior Engineer
400856,Taegyun,Cooke,6/5/62,9/9/97,1/1/99,Engineer
400862,Adas,Kopetz,12/2/63,3/19/02,1/1/99,Senior Engineer
400865,Hitomi,Sifakis,10/16/62,7/19/99,1/1/99,Engineer
400870,Yefim,Birta,7/11/64,4/24/90,1/1/99,Engineer
400875,Huan,Dratva,10/31/62,10/22/88,1/1/99,Engineer
400876,Dietrich,Thibadeau,7/31/64,10/13/89,1/1/99,Engineer
400892,Lech,Mawatari,9/1/62,8/10/85,1/1/99,Engineer
400894,Sreenivas,Junet,3/3/64,6/2/88,1/1/99,Senior Engineer
400896,Kellie,Garrabrants,10/7/62,12/4/92,1/1/99,Senior Engineer
400902,Ayonca,Gimbel,6/21/64,5/13/99,1/1/99,Engineer
400903,Yonghong,Beutelspacher,4/11/64,12/23/95,1/1/99,Senior Engineer
400912,Chriss,Sidou,3/6/62,9/7/97,1/1/99,Engineer
400917,Hauke,Garrabrants,7/16/62,4/15/86,1/1/99,Senior Staff
400921,Licheng,Dalton,11/4/63,5/12/85,1/1/99,Engineer
400922,Utpal,Atrawala,12/7/63,4/23/96,1/1/99,Staff
400931,Martins,Pramanik,3/28/63,7/26/89,1/1/99,Engineer
400934,Jingling,Jonsson,4/25/63,11/16/94,1/1/99,Engineer
400936,Brewster,Matzov,5/27/64,8/2/85,1/1/99,Assistant Engineer
400937,Rutger,Sidje,8/1/62,8/27/93,1/1/99,Engineer
400948,Tuval,Zultner,10/25/63,1/26/94,1/1/99,Senior Staff
400952,Adel,Ranum,7/20/63,2/17/99,1/1/99,Staff
400960,Moie,McAlpine,8/29/64,3/31/88,1/1/99,Senior Engineer
400990,Ziya,Koshiba,5/12/62,10/31/94,1/1/99,Assistant Engineer
400992,Niclas,Felder,11/3/64,11/10/95,1/1/99,Engineer
400994,Hauke,Guerreiro,5/15/63,1/21/87,1/1/99,Senior Engineer
400999,Roselyn,Seghrouchni,5/5/64,4/26/94,1/1/99,Senior Staff
401001,Dinkar,Nyrup,11/21/62,9/16/87,1/1/99,Senior Staff
401003,Honesty,Sommen,5/21/62,5/28/98,1/1/99,Staff
401005,Renny,Fritzsche,12/31/64,3/17/91,1/1/99,Senior Staff
401020,Arvin,Cronau,5/27/62,7/29/88,1/1/99,Staff
401028,Shigeaki,Anido,2/11/63,3/26/98,1/1/99,Senior Staff
401029,Toshiki,Levergood,5/19/62,5/2/85,1/1/99,Senior Engineer
401040,Doowon,Milicic,4/1/64,3/25/91,1/1/99,Staff
401043,Nahid,Dymetman,11/29/62,11/7/86,1/1/99,Staff
401067,Oksana,Genin,7/5/63,4/16/92,1/1/99,Engineer
401071,Deniz,Shinomoto,9/30/62,2/23/92,1/1/99,Senior Engineer
401078,Paloma,Zschoche,12/2/62,8/6/93,1/1/99,Senior Engineer
401080,Krisda,Deyuan,6/21/63,12/3/95,1/1/99,Assistant Engineer
401083,Manohar,Miyakawa,3/19/64,4/25/98,1/1/99,Technique Leader
401092,Katsuo,Auria,3/9/62,3/26/93,1/1/99,Senior Staff
401095,Faiza,Krohn,11/23/62,10/3/94,1/1/99,Senior Staff
401097,Yinghua,Androutsos,3/16/64,9/7/93,1/1/99,Engineer
401099,Kerryn,Eickenmeyer,11/16/64,4/5/85,1/1/99,Senior Staff
401100,Pintsang,Azevdeo,2/18/63,7/19/99,1/1/99,Engineer
401101,Mamdouh,Hatcliff,8/31/63,2/14/91,1/1/99,Senior Staff
401102,Muneo,Azevdeo,3/11/62,1/22/87,1/1/99,Senior Engineer
401140,Stein,Lyonns,6/2/62,5/13/92,1/1/99,Senior Staff
401146,Zhigen,Luit,1/18/62,2/2/91,1/1/99,Staff
401150,Rance,Itzigehl,8/26/62,5/12/90,1/1/99,Senior Engineer
401154,Danae,Kragelund,1/27/65,5/20/87,1/1/99,Senior Staff
401167,Mircea,Dayang,2/26/63,7/12/92,1/1/99,Staff
401180,Henk,Fordan,11/20/64,9/21/89,1/1/99,Senior Engineer
401185,Dipayan,Scallan,12/28/62,7/25/90,1/1/99,Senior Engineer
401190,Genta,Birnbaum,6/8/63,12/12/95,1/1/99,Engineer
401192,Shooichi,Bamford,4/22/64,3/3/93,1/1/99,Engineer
401194,Berni,Kolinko,2/9/62,8/14/92,1/1/99,Senior Engineer
401197,Elvia,Gilg,9/20/63,10/12/99,1/1/99,Staff
401204,Vojin,Luga,4/24/62,1/31/87,1/1/99,Staff
401205,Adel,Brookman,4/13/64,1/24/88,1/1/99,Technique Leader
401212,Reinhard,Gerlach,3/13/64,8/9/91,1/1/99,Assistant Engineer
401213,Tokuyasu,Heystek,11/2/63,11/9/93,1/1/99,Senior Engineer
401222,Boguslaw,Orsini,12/19/62,3/9/85,1/1/99,Senior Engineer
401225,Arun,Peek,4/4/62,1/9/01,1/1/99,Senior Engineer
401226,Fusako,Kohling,10/13/64,6/7/89,1/1/99,Senior Engineer
401230,Jinxi,Siprelle,8/10/63,1/24/92,1/1/99,Senior Staff
401231,Jianwen,Papastamatiou,3/18/63,5/30/96,1/1/99,Staff
401233,Lein,Kusakabe,4/6/62,11/11/94,1/1/99,Senior Staff
401238,Shaunak,Gustavson,2/8/64,7/28/95,1/1/99,Assistant Engineer
401241,Tsz,Denna,12/9/64,11/10/92,1/1/99,Senior Engineer
401243,Luise,Braunmuhl,10/2/64,4/13/98,1/1/99,Senior Engineer
401257,Ghassan,Conte,4/5/62,7/26/93,1/1/99,Staff
401263,Baocai,Vanwelkenhuysen,3/5/64,12/12/93,1/1/99,Senior Engineer
401269,Chandrasekaran,Waymire,6/22/63,2/27/90,1/1/99,Engineer
401278,Oguz,Schurmann,1/16/65,11/11/86,1/1/99,Assistant Engineer
401285,Willard,Sudkamp,2/27/63,12/20/01,1/1/99,Senior Engineer
401292,Aria,Fujisawa,2/23/63,10/22/97,1/1/99,Senior Engineer
401295,Yifei,Serdy,1/2/62,7/6/87,1/1/99,Senior Engineer
401302,Mahendra,Waeselynck,10/26/62,4/20/92,1/1/99,Engineer
401307,Abdelkader,Bala,7/20/62,4/10/87,1/1/99,Senior Staff
401308,Duro,Barreiro,12/27/63,1/29/95,1/1/99,Engineer
401313,Hein,Rabehasaina,1/23/64,2/25/98,1/1/99,Senior Staff
401320,Premal,Birta,8/9/63,5/20/99,1/1/99,Staff
401322,Thodoros,Benantar,3/7/62,11/19/90,1/1/99,Senior Engineer
401324,Kiam,Guerreiro,6/14/64,7/2/99,1/1/99,Engineer
401328,Hyuckchul,Wuwongse,11/11/62,11/17/86,1/1/99,Senior Staff
401333,Martins,Shokrollahi,1/30/65,11/4/86,1/1/99,Engineer
401343,Sachin,Percebois,7/13/64,10/6/98,1/1/99,Staff
401345,Weijing,Plumb,10/4/63,8/7/94,1/1/99,Staff
401353,Francoise,Gecsei,7/3/64,2/25/94,1/1/99,Engineer
401365,Prodip,Pileggi,5/6/63,3/12/95,1/1/99,Senior Staff
401374,Gunilla,Danlos,10/26/62,6/25/89,1/1/99,Senior Engineer
401375,Rosalyn,Hmelo,3/29/64,5/17/93,1/1/99,Senior Staff
401377,Pintsang,Jeansoulin,1/7/64,4/19/91,1/1/99,Assistant Engineer
401387,Jessie,Christianini,9/12/63,7/14/85,1/1/99,Engineer
401389,Xinan,Feinberg,5/15/62,11/9/85,1/1/99,Senior Engineer
401397,Shaw,Kuszyk,2/27/64,7/6/93,1/1/99,Senior Staff
401398,Jeong,Cronan,12/22/63,6/7/98,1/1/99,Staff
401399,Nigel,Wixon,7/10/62,9/11/87,1/1/99,Engineer
401409,Baziley,Yoshimura,4/11/62,5/9/98,1/1/99,Staff
401415,Zejun,Osgood,3/12/64,1/29/92,1/1/99,Senior Staff
401418,Patricia,Lamba,5/10/62,9/1/98,1/1/99,Senior Engineer
401420,Florian,Uhrig,1/6/65,1/31/87,1/1/99,Senior Staff
401421,Froduald,Janetzko,1/13/62,3/13/86,1/1/99,Engineer
401435,Kirk,Hutton,9/25/62,8/24/86,1/1/99,Staff
401438,Hugo,Melton,10/28/64,10/26/91,1/1/99,Senior Staff
401442,Mandell,Wendorf,7/6/62,5/27/87,1/1/99,Senior Engineer
401458,Thodoros,Perly,11/15/62,10/12/89,1/1/99,Senior Engineer
401463,Moriyoshi,Bernardeschi,4/23/62,8/27/91,1/1/99,Senior Engineer
401464,Marl,Kobuchi,11/10/63,9/10/99,1/1/99,Senior Engineer
401467,Bodo,Schaft,8/22/62,12/19/91,1/1/99,Engineer
401468,Ger,Gihr,10/29/62,12/15/96,1/1/99,Senior Staff
401476,Mori,Brobst,12/1/63,2/5/88,1/1/99,Senior Engineer
401478,Uri,Juneja,10/23/64,12/16/94,1/1/99,Senior Engineer
401480,Fan,Honiden,1/16/64,8/28/87,1/1/99,Senior Engineer
401483,Bedrich,Kisuki,6/11/63,12/22/01,1/1/99,Staff
401490,Heping,Bernatsky,4/13/63,7/3/93,1/1/99,Senior Staff
401498,Giao,Lemarechal,6/10/62,5/18/97,1/1/99,Senior Engineer
401503,Sasan,Montresor,9/22/64,11/26/89,1/1/99,Senior Staff
401512,Mostafa,Chartres,8/24/62,11/8/95,1/1/99,Senior Staff
401518,Patricio,Glowinski,1/2/63,10/2/94,1/1/99,Staff
401524,Hitofumi,Rijckaert,6/3/64,1/19/99,1/1/99,Assistant Engineer
401525,Honglan,Menhardt,8/13/63,12/8/86,1/1/99,Senior Staff
401531,Susanta,Itzfeldt,8/27/63,9/3/87,1/1/99,Engineer
401533,Guttorm,Suomi,6/2/62,9/23/95,1/1/99,Staff
401536,Zissis,Broomell,10/10/64,2/20/91,1/1/99,Engineer
401537,Weiru,Rodite,10/10/64,7/2/96,1/1/99,Engineer
401542,Aria,Denna,3/12/63,1/6/00,1/1/99,Assistant Engineer
401546,Gianluca,Foong,6/30/64,10/14/98,1/1/99,Senior Engineer
401556,Bangqing,Debuse,7/29/62,5/15/99,1/1/99,Senior Engineer
401557,Christ,Preusig,8/29/64,11/2/91,1/1/99,Senior Engineer
401574,Yannik,Falco,1/13/65,1/15/88,1/1/99,Technique Leader
401582,Shrikanth,Lundstrom,9/7/64,5/7/97,1/1/99,Staff
401584,Tsuneo,Anido,5/3/62,11/12/91,1/1/99,Senior Engineer
401590,Turgut,Picaronny,6/17/63,3/30/95,1/1/99,Senior Staff
401591,Luerbio,Beerel,5/23/62,3/5/88,1/1/99,Senior Engineer
401603,Elgin,Hardjono,2/15/62,12/30/87,1/1/99,Senior Engineer
401612,Owen,Henseler,8/25/63,11/22/95,1/1/99,Senior Staff
401613,Nakhoon,Bonifati,1/31/64,3/10/91,1/1/99,Engineer
401623,Palash,Lindqvist,5/8/64,6/15/99,1/1/99,Senior Staff
401624,Arfst,Ginesta,4/10/63,4/20/99,1/1/99,Assistant Engineer
401644,Poorav,Mungall,11/30/64,9/15/91,1/1/99,Technique Leader
401645,Mrinalini,Demian,10/11/63,3/15/99,1/1/99,Senior Staff
401650,Sudhanshu,Krogh,9/27/62,10/4/89,1/1/99,Senior Staff
401651,Bingning,Sommer,4/18/63,1/20/00,1/1/99,Engineer
401653,Geraldo,Lenart,3/8/63,7/1/97,1/1/99,Engineer
401659,Taisook,Ermel,6/23/62,12/30/89,1/1/99,Senior Staff
401668,Sibyl,Suwa,6/19/62,7/23/97,1/1/99,Staff
401695,Sreenivas,Ghelli,10/2/63,6/15/92,1/1/99,Senior Engineer
401697,Shigehiro,Gilg,4/28/64,4/21/97,1/1/99,Senior Staff
401698,Ulises,Siprelle,8/5/64,6/26/90,1/1/99,Engineer
401711,Lidong,Hellwagner,6/29/62,2/16/98,1/1/99,Staff
401712,Toshiko,Halevi,12/9/63,5/22/95,1/1/99,Technique Leader
401716,Eran,Koblitz,3/25/64,7/23/96,1/1/99,Staff
401723,Shalesh,Solovay,7/5/64,9/1/94,1/1/99,Staff
401726,Valeska,Schiettecatte,8/11/64,12/31/95,1/1/99,Senior Engineer
401727,Ronghao,Litzkow,7/6/64,10/27/93,1/1/99,Engineer
401729,Danel,Fujisawa,5/9/63,7/24/89,1/1/99,Senior Staff
401736,Vishu,Georgakopoulos,10/12/64,7/14/96,1/1/99,Engineer
401737,Renee,Reinhard,8/6/64,6/20/93,1/1/99,Senior Staff
401740,Moni,Prochazka,10/12/64,10/7/90,1/1/99,Senior Staff
401744,Alper,Minakawa,10/20/62,7/14/88,1/1/99,Engineer
401748,Khedija,Bauknecht,11/2/64,8/22/90,1/1/99,Staff
401755,Roded,Anandan,2/10/62,9/9/86,1/1/99,Senior Engineer
401757,Teruyuki,Jumpertz,12/10/63,8/25/99,1/1/99,Engineer
401758,Alassane,Riefers,3/3/62,12/5/91,1/1/99,Senior Staff
401761,Alair,Baar,5/16/64,11/20/87,1/1/99,Engineer
401764,Arra,Foote,5/4/62,12/24/87,1/1/99,Staff
401766,Alagu,Pargas,9/18/62,6/5/88,1/1/99,Senior Engineer
401770,Gou,Hiltgen,4/19/62,4/28/85,1/1/99,Senior Staff
401788,Jeanna,Sidou,4/12/62,1/3/99,1/1/99,Staff
401798,Takahira,Delgrange,10/22/62,10/18/90,1/1/99,Assistant Engineer
401800,Barton,Debuse,9/9/64,3/16/90,1/1/99,Senior Engineer
401801,Subhash,Baek,11/17/64,11/3/89,1/1/99,Staff
401805,Kyoichi,Wrigley,12/18/64,1/26/93,1/1/99,Staff
401809,Youngkon,Thebaut,11/16/63,2/16/85,1/1/99,Engineer
401810,Ymte,Albarhamtoshy,3/5/62,5/6/02,1/1/99,Senior Staff
401814,Kensyu,Fargier,5/28/64,8/23/85,1/1/99,Engineer
401825,Pantung,Baer,5/21/62,3/15/96,1/1/99,Senior Engineer
401831,Hironobu,Gente,11/28/62,11/8/94,1/1/99,Staff
401832,Anoosh,Naumovich,6/16/63,10/22/90,1/1/99,Senior Engineer
401847,Poorav,Zucker,7/29/64,7/17/99,1/1/99,Engineer
401848,Xiong,Hashii,6/17/63,4/15/88,1/1/99,Engineer
401850,Hongzue,Yurov,3/20/62,3/10/92,1/1/99,Senior Engineer
401855,Steve,Peir,1/17/63,12/27/00,1/1/99,Senior Staff
401867,Guenter,Trelles,10/25/64,4/7/99,1/1/99,Engineer
401868,Lucian,Beznosov,7/17/62,10/13/93,1/1/99,Senior Engineer
401869,Peternela,Cromarty,6/17/62,2/2/85,1/1/99,Senior Engineer
401876,Susuma,Provine,10/8/64,3/4/87,1/1/99,Senior Engineer
401881,Joydip,Hutton,4/12/64,1/13/95,1/1/99,Staff
401912,Jinya,Rotem,2/5/63,5/29/89,1/1/99,Senior Engineer
401915,Stafford,Stellhorn,2/15/62,8/15/97,1/1/99,Engineer
401922,Yurii,Delgrande,2/21/62,8/26/97,1/1/99,Engineer
401932,Xiaobin,Serna,11/13/64,3/2/95,1/1/99,Engineer
401934,Yongdong,Radhakrishnan,5/29/64,8/5/86,1/1/99,Senior Engineer
401945,Premsyl,Heinisuo,10/14/64,9/3/88,1/1/99,Staff
401946,Debaprosad,Shimshoni,9/26/62,2/18/99,1/1/99,Engineer
401948,Florina,Maierhofer,6/26/62,4/26/86,1/1/99,Engineer
401953,Kerhong,Peres,4/19/62,1/28/88,1/1/99,Senior Staff
401960,Kazuhiro,Silva,3/11/63,3/25/99,1/1/99,Staff
401969,Guozhong,Pleszkun,8/7/64,10/30/90,1/1/99,Staff
401973,Xuejia,Azulay,8/30/63,7/30/89,1/1/99,Engineer
401988,Jessie,Kalloufi,12/20/63,6/7/91,1/1/99,Staff
401989,Oscar,Turnbull,1/29/64,11/25/88,1/1/99,Engineer
401994,Shaowen,Comyn,12/23/63,4/1/91,1/1/99,Assistant Engineer
402001,Sverrir,Schaad,8/11/63,2/15/98,1/1/99,Engineer
402009,Jayesh,Daescu,12/20/63,12/19/92,1/1/99,Staff
402020,Baoqiu,Leonhardt,8/31/64,1/14/94,1/1/99,Senior Engineer
402025,Shigehito,Duclos,1/20/65,9/20/87,1/1/99,Engineer
402026,Kazuhito,Segond,6/30/62,2/20/99,1/1/99,Staff
402030,Manu,Munch,1/20/62,9/20/85,1/1/99,Senior Engineer
402037,Goh,Rosin,3/17/64,7/12/88,1/1/99,Senior Engineer
402039,Fei,Shumilov,7/25/63,2/1/00,1/1/99,Engineer
402043,Adin,Lorch,6/18/63,11/4/91,1/1/99,Staff
402044,Charmane,Rodite,12/9/62,11/14/92,1/1/99,Staff
402046,Guther,Syang,6/16/64,10/18/98,1/1/99,Engineer
402059,Valdiodio,Rodham,5/31/63,3/4/97,1/1/99,Engineer
402061,Zdislav,Dredge,11/5/64,5/18/93,1/1/99,Senior Staff
402068,Faiza,Garnham,10/26/63,11/11/01,1/1/99,Senior Staff
402072,Shahid,Tsukune,1/21/62,2/1/92,1/1/99,Assistant Engineer
402074,Mohit,Liesche,7/4/62,2/17/98,1/1/99,Engineer
402075,Mabhin,Spataro,10/27/64,7/18/99,1/1/99,Staff
402078,Shigeo,Georgatos,7/1/62,9/20/86,1/1/99,Senior Staff
402079,Nechama,Cochrane,10/9/62,8/5/99,1/1/99,Engineer
402080,Oldrich,Rajala,5/20/62,2/24/99,1/1/99,Engineer
402086,Dzung,Chleq,9/26/63,12/17/00,1/1/99,Senior Staff
402088,Marit,Coney,3/27/64,6/2/99,1/1/99,Senior Engineer
402094,Yefim,Hofstetter,8/31/64,6/19/97,1/1/99,Engineer
402100,Zeljko,Bridgland,7/14/64,10/4/89,1/1/99,Assistant Engineer
402102,Kersti,Granlund,1/21/65,3/19/95,1/1/99,Engineer
402103,Kolar,Laurillard,12/3/64,5/2/95,1/1/99,Technique Leader
402110,Etsuo,Zielinski,11/24/62,6/7/86,1/1/99,Senior Engineer
402113,Oldrich,Ciolek,1/12/63,8/10/94,1/1/99,Senior Staff
402117,Padma,Keohane,4/12/62,5/31/88,1/1/99,Senior Engineer
402123,Tesuro,Biran,5/5/64,2/14/91,1/1/99,Senior Engineer
402130,Lidong,Suwa,12/5/63,12/21/87,1/1/99,Senior Staff
402140,Angel,Aloia,2/4/62,6/12/94,1/1/99,Engineer
402146,Demin,Benzmuller,10/6/62,7/28/95,1/1/99,Engineer
402148,Kagan,Nilsson,3/12/63,3/9/92,1/1/99,Engineer
402154,Genta,Baca,5/24/64,4/9/97,1/1/99,Engineer
402160,Jovan,Ranft,2/5/63,11/23/92,1/1/99,Senior Staff
402161,Radoslaw,Dahlbom,12/31/62,3/6/00,1/1/99,Staff
402167,Dekang,Terwilliger,9/23/62,2/18/98,1/1/99,Engineer
402168,Ohad,Tagansky,8/17/64,8/27/87,1/1/99,Senior Engineer
402171,Kazuhito,Munro,9/21/63,7/27/99,1/1/99,Engineer
402178,Dzung,Pleszkun,7/30/62,2/28/90,1/1/99,Technique Leader
402183,Evgueni,Fargier,4/17/64,6/29/98,1/1/99,Staff
402184,Kwok,Ferriere,3/10/64,4/10/86,1/1/99,Senior Engineer
402185,Sakthirel,Angelov,8/21/63,9/25/95,1/1/99,Staff
402207,Lidong,Kinley,1/17/63,11/27/91,1/1/99,Staff
402208,Visit,Hainaut,12/26/63,2/4/00,1/1/99,Senior Engineer
402220,Marc,Frolund,6/23/63,6/28/85,1/1/99,Senior Staff
402226,Leandro,Brookman,9/21/62,4/29/85,1/1/99,Senior Engineer
402235,Aleksandar,Slaats,10/29/63,8/29/95,1/1/99,Senior Engineer
402239,Peer,Birnbaum,11/2/64,12/25/87,1/1/99,Staff
402250,Hiroyasu,Capobianchi,11/15/62,4/23/96,1/1/99,Senior Engineer
402253,Qingxiang,Feldhoffer,7/15/64,4/5/94,1/1/99,Staff
402266,Shim,Liedekerke,7/29/64,9/14/90,1/1/99,Staff
402269,Dulce,Baez,9/20/62,1/28/95,1/1/99,Senior Engineer
402271,Tristan,Pell,8/3/63,10/13/00,1/1/99,Staff
402273,Marsja,Syang,3/7/62,5/18/86,1/1/99,Engineer
402278,Mooi,Range,1/1/63,7/30/94,1/1/99,Staff
402288,Hironoby,Lalonde,6/2/64,11/29/94,1/1/99,Staff
402289,Mostafa,Merey,6/11/62,8/20/88,1/1/99,Senior Engineer
402302,Utz,Kamble,12/26/62,11/22/91,1/1/99,Senior Staff
402307,Bedrich,Pews,4/2/63,4/9/91,1/1/99,Engineer
402319,Jasminko,Kolvik,4/13/64,9/9/88,1/1/99,Senior Engineer
402333,Barna,Bahi,10/9/62,3/27/86,1/1/99,Senior Staff
402336,Rafail,Kinley,2/3/64,5/4/90,1/1/99,Engineer
402351,Kazuhiko,Dulay,2/13/64,8/15/99,1/1/99,Engineer
402354,Dante,Mersereau,4/22/64,7/27/86,1/1/99,Senior Engineer
402377,Djelloul,Pargaonkar,8/20/62,3/12/87,1/1/99,Engineer
402381,Valeri,Melton,7/28/63,2/11/92,1/1/99,Technique Leader
402395,Zhilian,Openshaw,11/24/63,4/6/94,1/1/99,Engineer
402396,Ingmar,Vural,10/27/63,4/23/97,1/1/99,Staff
402397,Yongmin,Ossenbruggen,8/21/62,3/17/95,1/1/99,Senior Staff
402414,Makato,Stifter,8/11/64,11/2/86,1/1/99,Staff
402416,Mark,Sudbeck,9/6/64,6/19/91,1/1/99,Staff
402419,Hiroyasu,Gurbaxani,10/14/62,11/10/89,1/1/99,Senior Staff
402429,Marla,Bressoud,6/11/64,10/15/87,1/1/99,Senior Engineer
402436,Reinhold,Luce,8/23/63,8/27/93,1/1/99,Engineer
402442,Abdulah,Anick,6/23/63,12/14/96,1/1/99,Engineer
402443,Marco,Sommer,1/7/62,9/27/87,1/1/99,Senior Staff
402446,Shim,McConalogue,2/10/63,1/16/89,1/1/99,Senior Engineer
402454,Mariangiola,Etalle,12/21/63,4/27/87,1/1/99,Senior Engineer
402455,Sadegh,Vural,9/25/63,12/22/90,1/1/99,Senior Engineer
402458,Fayez,Matzen,9/16/63,8/14/88,1/1/99,Senior Engineer
402459,Eishiro,Wiegley,10/7/62,8/12/88,1/1/99,Senior Engineer
402464,Reuven,Gelosh,2/2/62,12/7/97,1/1/99,Engineer
402473,Alagu,Radivojevic,12/16/62,10/20/91,1/1/99,Senior Engineer
402474,Adil,Raney,9/17/63,4/27/99,1/1/99,Engineer
402488,Youssef,Sridhar,3/26/63,10/11/90,1/1/99,Engineer
402492,Augustine,Benantar,10/23/63,7/21/94,1/1/99,Senior Staff
402501,Marla,Benner,3/16/64,5/7/97,1/1/99,Staff
402512,Chaosheng,Thambidurai,9/13/64,8/27/85,1/1/99,Senior Staff
402516,Tetsurou,Sambasivam,5/19/63,3/29/97,1/1/99,Engineer
402528,Aleksandar,Lenart,4/28/62,9/27/87,1/1/99,Senior Staff
402549,Gao,Stavenow,1/20/63,10/5/96,1/1/99,Staff
402552,Kwun,Merli,11/24/64,3/19/90,1/1/99,Senior Staff
402556,Laurentiu,Restivo,11/15/62,4/3/97,1/1/99,Engineer
402565,Stafford,Schnelling,3/11/64,9/21/85,1/1/99,Senior Engineer
402566,Toshimo,Roison,3/13/64,2/20/99,1/1/99,Engineer
402573,Lihong,Nyrup,8/16/64,1/17/92,1/1/99,Senior Staff
402578,Nahla,Theuretzbacher,2/5/62,7/13/94,1/1/99,Senior Engineer
402598,Rafael,Knightly,4/26/62,1/5/92,1/1/99,Engineer
402603,Abdelwaheb,Gimarc,4/11/64,5/24/91,1/1/99,Engineer
402604,Mabhin,Cooley,4/17/63,6/13/85,1/1/99,Staff
402610,Ipke,Litecky,11/25/64,5/24/01,1/1/99,Engineer
402614,Fumiko,Babu,6/29/64,1/31/87,1/1/99,Technique Leader
402616,Matt,Masamoto,2/22/64,10/31/87,1/1/99,Senior Engineer
402632,Jamaludin,Lally,5/18/63,12/1/92,1/1/99,Engineer
402646,Gita,Range,12/8/63,3/30/94,1/1/99,Technique Leader
402653,Navin,Bade,10/13/63,11/5/92,1/1/99,Staff
402655,Arnd,Eickenmeyer,1/23/64,12/4/98,1/1/99,Senior Staff
402662,Berry,Morrow,5/17/63,1/31/01,1/1/99,Staff
402663,Toshiki,Raczkowsky,11/7/64,8/9/91,1/1/99,Senior Staff
402664,Subhada,Janetzko,1/4/65,1/25/87,1/1/99,Senior Engineer
402679,Mang,Rubsam,3/3/62,11/20/87,1/1/99,Senior Engineer
402682,Niteen,Taneja,10/23/63,1/13/87,1/1/99,Senior Engineer
402687,Idoia,Unni,8/26/62,6/3/90,1/1/99,Senior Staff
402695,JoAnne,Streit,11/10/63,9/3/87,1/1/99,Engineer
402702,Gopalakrishnan,Bashian,6/27/62,10/19/96,1/1/99,Senior Staff
402708,Jacqueline,Eppinger,5/25/63,10/10/00,1/1/99,Assistant Engineer
402713,Shahaf,Docker,9/23/64,8/2/94,1/1/99,Engineer
402714,Halsur,Reutenauer,3/4/62,7/7/87,1/1/99,Senior Staff
402717,Badri,Schmittgen,7/3/62,4/29/97,1/1/99,Senior Staff
402718,Jeanna,Rettelbach,1/17/65,2/14/90,1/1/99,Engineer
402719,Uriel,Laurillard,4/26/62,4/30/90,1/1/99,Engineer
402724,Manohar,Chenney,10/10/64,8/13/88,1/1/99,Senior Staff
402726,Nitsan,Gammage,1/31/62,3/31/95,1/1/99,Engineer
402727,Billur,Sommer,6/30/62,9/22/01,1/1/99,Engineer
402732,Unal,Merli,3/27/64,3/6/94,1/1/99,Engineer
402735,Chinho,Ranft,10/28/64,8/16/92,1/1/99,Engineer
402744,Martins,Leaver,1/26/62,6/30/93,1/1/99,Technique Leader
402746,Younwoo,Bondorf,10/9/64,9/9/99,1/1/99,Senior Engineer
402758,Xiaoshan,Pena,11/3/62,8/19/90,1/1/99,Engineer
402762,Shahid,Cannata,10/5/64,9/1/86,1/1/99,Senior Staff
402765,Aksel,Haldar,2/8/62,7/24/88,1/1/99,Engineer
402778,Kinh,Setlzner,12/30/62,3/24/87,1/1/99,Staff
402782,Tomoyuki,Heering,4/9/64,11/17/99,1/1/99,Senior Engineer
402794,Ymte,Hopewell,2/5/64,1/19/89,1/1/99,Senior Engineer
402797,Rosalie,Deville,5/20/64,1/25/94,1/1/99,Staff
402802,Mori,Furedi,5/17/64,9/17/98,1/1/99,Staff
402814,Manu,Trystram,7/31/64,9/8/85,1/1/99,Staff
402817,Tooru,Ranta,9/27/62,5/23/93,1/1/99,Senior Staff
402821,Mahendra,Murthy,5/14/62,7/18/93,1/1/99,Engineer
402822,Shigeaki,Gini,11/7/64,4/26/95,1/1/99,Senior Engineer
402827,Weidon,Pollacia,1/28/65,3/24/02,1/1/99,Senior Staff
402828,Jeane,Bisiani,2/19/63,7/29/96,1/1/99,Staff
402829,Shaibal,Gruenwald,5/31/64,10/31/85,1/1/99,Staff
402833,Aksel,Remmele,2/4/62,9/10/95,1/1/99,Staff
402835,Xinyu,Piazza,5/1/64,8/26/88,1/1/99,Technique Leader
402839,Constantino,Levasseur,4/28/64,4/21/92,1/1/99,Engineer
402841,Dayanand,Barinka,12/22/63,7/16/89,1/1/99,Senior Engineer
402843,Marco,Larfeldt,2/16/63,8/2/95,1/1/99,Engineer
402846,Xuejun,Rajala,10/11/63,6/12/97,1/1/99,Engineer
402851,Cristinel,Bergere,2/11/62,7/27/88,1/1/99,Staff
402853,Jaber,Jullig,12/26/63,8/9/89,1/1/99,Senior Staff
402864,Adin,Kaminger,5/31/64,8/20/89,1/1/99,Senior Staff
402869,Aruna,Garigliano,7/18/62,12/1/91,1/1/99,Staff
402870,Dietrich,Figueira,11/21/63,3/3/95,1/1/99,Technique Leader
402871,Przemyslawa,Ullian,5/28/63,3/23/87,1/1/99,Senior Staff
402876,Remko,Zaumen,11/6/62,11/21/95,1/1/99,Staff
402877,Beshir,Tiemann,12/25/62,6/18/97,1/1/99,Engineer
402890,Mahendra,Thimonier,3/29/64,12/7/94,1/1/99,Staff
402891,Basant,Thambidurai,1/14/63,1/27/96,1/1/99,Staff
402898,Divine,Merkl,8/5/64,6/27/93,1/1/99,Senior Engineer
402899,Shawna,Lampe,6/20/62,9/8/91,1/1/99,Senior Engineer
402902,Aram,Rodier,11/2/62,9/18/98,1/1/99,Staff
402903,Moto,Bazelow,2/28/63,5/28/92,1/1/99,Senior Staff
402917,Kwangyoen,Schnelling,5/14/62,12/4/91,1/1/99,Engineer
402918,Behnaam,Denos,3/11/64,10/5/99,1/1/99,Staff
402919,Fatemeh,Simmen,4/6/64,4/10/87,1/1/99,Engineer
402924,Shakhar,Saoudi,11/18/64,12/6/85,1/1/99,Senior Staff
402927,Urs,Hiyoshi,7/9/64,7/16/92,1/1/99,Senior Engineer
402929,Kitty,Khasidashvili,7/27/64,5/17/95,1/1/99,Senior Staff
402933,Shaowen,Tasistro,10/8/62,1/30/89,1/1/99,Senior Engineer
402939,Ishfaq,Munawer,7/11/64,10/24/92,1/1/99,Senior Staff
402946,Yongmao,Heuser,1/16/62,7/22/85,1/1/99,Senior Staff
402958,Maya,Vieri,3/31/62,4/19/99,1/1/99,Staff
402962,Constantine,Pollock,10/11/62,5/2/93,1/1/99,Senior Staff
402967,Mitsuyuki,Schauser,10/31/63,2/29/96,1/1/99,Engineer
402976,Toshiki,Koblick,8/5/63,6/11/85,1/1/99,Senior Staff
402978,Hatem,Chandrasekhar,8/17/63,7/12/97,1/1/99,Senior Staff
402987,Maya,Ermel,7/10/62,8/8/00,1/1/99,Engineer
402988,Duke,Minakawa,8/25/62,10/19/98,1/1/99,Staff
402994,Evgueni,Litzkow,3/4/63,9/3/89,1/1/99,Senior Staff
402995,Ung,Rassart,7/10/63,6/10/97,1/1/99,Engineer
402997,Kazuhisa,Laventhal,3/31/64,4/1/87,1/1/99,Staff
402998,Horward,Cesareni,4/30/62,10/9/99,1/1/99,Staff
403000,Ramachenga,Neimat,5/15/62,10/5/87,1/1/99,Senior Engineer
403003,Filipp,Ramaiah,3/27/63,12/8/87,1/1/99,Senior Staff
403007,Carrsten,Tsukuda,3/20/64,2/3/94,1/1/99,Staff
403010,Toshimitsu,Sluis,1/16/65,2/18/85,1/1/99,Senior Engineer
403011,Divier,Chenoweth,4/13/64,3/8/85,1/1/99,Engineer
403012,Leszek,Domenig,7/28/64,6/20/92,1/1/99,Senior Engineer
403021,Moni,Sabnani,11/8/62,8/7/85,1/1/99,Technique Leader
403024,Unal,Melski,2/21/63,8/4/87,1/1/99,Engineer
403029,Jingling,Rothenberg,8/17/64,10/28/85,1/1/99,Engineer
403033,Martins,Wendorf,3/20/63,2/2/96,1/1/99,Engineer
403034,Yishai,Rosiles,9/22/62,6/9/89,1/1/99,Engineer
403044,Aral,Steinauer,5/7/63,8/7/93,1/1/99,Senior Staff
403048,Sugwoo,Pezzoli,4/23/62,12/31/99,1/1/99,Senior Staff
403060,Keung,Sadowsky,1/12/63,6/11/87,1/1/99,Senior Engineer
403068,Urs,Matzat,5/25/62,6/30/96,1/1/99,Engineer
403069,Yishay,Heuser,9/22/63,7/7/93,1/1/99,Senior Staff
403084,Aria,Bodoff,1/26/63,8/8/96,1/1/99,Engineer
403087,Yakkov,Pulkowski,10/19/62,8/1/01,1/1/99,Staff
403089,Susumu,Maraist,2/8/63,8/19/94,1/1/99,Senior Staff
403092,Vasiliy,Sinicrope,9/17/64,8/9/99,1/1/99,Senior Staff
403098,Weiru,Hellwagner,8/6/62,3/29/90,1/1/99,Senior Staff
403103,Wayne,Muchinsky,8/19/63,8/4/89,1/1/99,Engineer
403112,Toshimitsu,Laventhal,5/7/64,12/9/85,1/1/99,Staff
403115,Dekang,Hopewell,2/17/62,1/22/98,1/1/99,Staff
403129,Snehasis,Thiria,4/28/62,1/8/98,1/1/99,Engineer
403132,Sverrir,Ranft,6/30/63,4/15/94,1/1/99,Staff
403139,Tremaine,Bratsberg,11/29/62,3/15/96,1/1/99,Engineer
403142,Xiaoqiu,Felcyn,4/30/63,4/16/94,1/1/99,Senior Engineer
403148,Mantis,Baek,7/9/63,12/5/88,1/1/99,Senior Staff
403150,Ingemar,Verspoor,8/30/64,11/16/96,1/1/99,Engineer
403165,Fun,Jumpertz,10/4/63,5/11/89,1/1/99,Engineer
403167,Shay,Delaune,4/7/64,8/20/98,1/1/99,Engineer
403169,Shichao,Zolotykh,1/14/64,4/21/95,1/1/99,Senior Staff
403173,Raimond,Jullig,3/5/64,9/30/96,1/1/99,Engineer
403190,Leen,Constantine,1/16/63,11/29/99,1/1/99,Senior Staff
403199,Rafael,Hinsberger,2/11/63,6/18/88,1/1/99,Engineer
403202,Honglan,Onuegbe,2/4/62,8/6/95,1/1/99,Staff
403203,Mohd,Reeker,5/28/63,10/25/87,1/1/99,Engineer
403206,Chaosheng,Porotnikoff,6/6/64,1/7/91,1/1/99,Staff
403208,Unal,Benner,8/23/64,4/7/93,1/1/99,Senior Staff
403213,Krister,Heping,3/16/62,11/20/90,1/1/99,Staff
403216,Froduald,Kaelbling,5/27/62,1/23/88,1/1/99,Senior Engineer
403219,Marke,Debuse,11/7/62,12/4/97,1/1/99,Senior Engineer
403248,Takahito,Kawashimo,2/20/63,2/27/88,1/1/99,Senior Engineer
403256,Tsutomu,Etalle,11/4/64,6/11/89,1/1/99,Senior Staff
403282,Abdelwaheb,Nourani,1/18/63,6/11/91,1/1/99,Senior Staff
403292,Kolar,Badr,8/3/62,8/8/96,1/1/99,Engineer
403299,Mats,Lunt,10/20/62,12/8/94,1/1/99,Staff
403302,Taegyun,Heystek,6/4/62,10/13/85,1/1/99,Senior Engineer
403305,Valeri,Fujisawa,1/20/63,8/29/96,1/1/99,Engineer
403307,Shooichi,Thorensen,4/23/63,4/26/92,1/1/99,Engineer
403317,Adit,Itzfeldt,9/22/62,2/1/89,1/1/99,Senior Staff
403321,Uzi,Doering,8/22/64,9/15/90,1/1/99,Engineer
403324,Yechiam,Serdy,9/19/63,8/3/95,1/1/99,Staff
403336,Dmitry,Baby,5/16/63,2/12/87,1/1/99,Senior Staff
403343,Adil,Hitomi,6/23/64,6/1/91,1/1/99,Senior Engineer
403344,Gou,Garnham,6/2/63,2/25/97,1/1/99,Engineer
403348,Chaoyi,Lodder,8/8/62,3/8/98,1/1/99,Staff
403352,Fuqing,Kolvik,8/30/62,12/26/93,1/1/99,Senior Staff
403356,Karsten,Muniz,9/10/64,1/19/89,1/1/99,Senior Staff
403359,Fabrizio,Highland,7/22/64,12/29/99,1/1/99,Engineer
403376,Przemyslawa,Kumaresan,9/15/62,12/12/92,1/1/99,Senior Staff
403377,Leszek,Narlikar,8/16/62,7/2/87,1/1/99,Technique Leader
403380,Lihong,Cronau,2/4/64,2/22/88,1/1/99,Technique Leader
403381,Bezalel,Ranta,4/1/62,8/14/98,1/1/99,Senior Engineer
403383,Paraskevi,Roisin,7/16/62,1/2/92,1/1/99,Senior Staff
403394,Mari,Gien,5/30/62,6/16/89,1/1/99,Staff
403412,Hugo,Thombley,6/17/63,2/27/99,1/1/99,Senior Staff
403436,Guenter,Diderrich,12/1/62,4/23/93,1/1/99,Senior Staff
403437,Jaideep,Baik,8/13/63,4/16/85,1/1/99,Staff
403441,Dipankar,Picel,4/14/64,9/10/93,1/1/99,Engineer
403443,Lucien,Dulli,12/17/62,8/11/93,1/1/99,Senior Engineer
403446,Flemming,Beetstra,7/28/62,10/18/95,1/1/99,Staff
403447,Gopalakrishnan,Anguita,10/29/62,9/15/94,1/1/99,Engineer
403456,Moni,Peroz,1/9/63,5/4/98,1/1/99,Senior Staff
403460,Kotesh,Cochrane,6/16/62,12/3/90,1/1/99,Engineer
403461,Arto,Litzler,7/13/62,9/23/96,1/1/99,Senior Engineer
403467,Peternela,Krohn,4/27/63,10/12/01,1/1/99,Engineer
403474,Debaprosad,Lindqvist,10/8/63,8/18/86,1/1/99,Engineer
403491,Xumin,Speer,7/17/63,3/15/92,1/1/99,Engineer
403492,Subhankar,Vadhan,4/2/62,7/24/97,1/1/99,Engineer
403493,Marit,Weisert,7/10/63,12/2/87,1/1/99,Senior Staff
403494,Djelloul,Binding,8/26/63,3/23/94,1/1/99,Engineer
403509,Shigeo,Nannarelli,1/22/64,12/10/85,1/1/99,Engineer
403512,Cathie,Perin,4/14/62,1/7/94,1/1/99,Senior Staff
403514,Kannan,Gerteisen,11/13/64,4/23/94,1/1/99,Senior Staff
403518,Huican,Sessa,4/12/62,3/15/89,1/1/99,Senior Engineer
403519,Vivian,Pena,9/27/62,11/3/90,1/1/99,Senior Engineer
403521,Hein,Gerlach,3/30/63,3/6/96,1/1/99,Senior Staff
403523,Zhilian,Sudkamp,11/30/63,11/8/90,1/1/99,Senior Engineer
403526,Kristina,Cappelletti,5/14/63,10/9/96,1/1/99,Senior Engineer
403527,Nidapan,Reinhard,2/20/63,8/21/96,1/1/99,Staff
403528,Flemming,Ramaiah,7/27/62,4/5/96,1/1/99,Staff
403534,Tsuneo,Dalton,7/7/62,3/27/89,1/1/99,Senior Engineer
403541,Arumugam,Khamsi,2/15/64,11/24/92,1/1/99,Senior Staff
403551,Masadi,Bodoff,6/11/62,2/2/95,1/1/99,Senior Engineer
403557,Kazuhide,Openshaw,9/1/63,11/27/87,1/1/99,Senior Engineer
403560,Mountaz,Soicher,3/12/63,11/9/86,1/1/99,Senior Engineer
403564,Takushi,Lores,5/25/62,11/5/93,1/1/99,Engineer
403568,Marsal,Braunschweig,10/17/63,9/14/92,1/1/99,Staff
403571,Zhiguo,Garnick,2/29/64,8/25/97,1/1/99,Staff
403579,Sushant,Goodrum,3/2/62,1/26/91,1/1/99,Engineer
403587,Terresa,Biros,9/12/62,12/28/97,1/1/99,Senior Engineer
403589,Jaewoo,Makrucki,5/26/62,11/12/88,1/1/99,Senior Staff
403597,Sarita,Baek,10/16/63,6/21/97,1/1/99,Staff
403599,Francesca,Cullers,3/10/63,1/26/90,1/1/99,Senior Staff
403600,Nobuyoshi,Hemaspaandra,7/31/64,6/27/99,1/1/99,Engineer
403602,Adel,Fadgyas,8/23/63,12/31/98,1/1/99,Senior Staff
403605,Hideo,Rattan,7/15/64,8/26/98,1/1/99,Staff
403613,Masako,Papadias,7/11/62,10/17/93,1/1/99,Senior Staff
403617,Hatim,Biran,7/27/63,3/18/94,1/1/99,Senior Engineer
403621,Deborah,Kaminger,1/7/65,6/4/88,1/1/99,Senior Staff
403625,Theron,Zirintsis,12/13/62,2/9/85,1/1/99,Engineer
403627,Gennadi,Akaboshi,2/19/64,12/20/93,1/1/99,Staff
403628,Uli,Shihab,6/3/63,10/31/91,1/1/99,Staff
403631,Huican,Magliocco,12/15/64,12/26/91,1/1/99,Senior Staff
403637,Xiong,Erev,2/21/62,9/11/85,1/1/99,Staff
403643,Lidong,Ozeri,10/17/63,2/13/98,1/1/99,Staff
403644,Krisda,Hainaut,1/19/65,7/8/95,1/1/99,Senior Staff
403645,Moti,Unno,4/9/63,11/8/93,1/1/99,Staff
403651,Lucien,Makrucki,12/3/62,11/22/94,1/1/99,Staff
403653,Shan,Assaf,1/7/63,12/8/95,1/1/99,Staff
403654,Piyawadee,Poulakidas,9/1/62,4/15/91,1/1/99,Senior Engineer
403655,Mitsuyuki,Iisaka,7/18/63,3/1/87,1/1/99,Senior Staff
403657,Dipayan,Leonhardt,9/8/63,10/10/92,1/1/99,Senior Engineer
403669,Yefim,Suessmith,5/5/63,3/2/87,1/1/99,Senior Engineer
403670,Zengping,Sullins,5/19/64,8/2/94,1/1/99,Staff
403672,Fumitaka,Coors,4/3/62,12/16/95,1/1/99,Staff
403678,Chenxi,Valette,1/8/62,11/20/86,1/1/99,Senior Engineer
403682,Kokou,Prampolini,4/14/63,10/26/87,1/1/99,Staff
403688,Bezalel,Fadgyas,12/25/62,11/11/93,1/1/99,Staff
403701,Shay,Sommen,6/1/62,12/2/93,1/1/99,Senior Engineer
403708,Naftali,Talmon,11/16/63,2/27/86,1/1/99,Senior Staff
403711,Sugwoo,Zeilberger,8/16/62,10/22/90,1/1/99,Staff
403715,Hirochika,Iivonen,10/7/64,5/2/97,1/1/99,Engineer
403720,Shichao,Holburn,8/26/63,6/6/91,1/1/99,Senior Engineer
403722,Nikolaos,Schicker,10/8/64,8/8/94,1/1/99,Staff
403726,Sushant,Sommen,11/2/62,6/14/99,1/1/99,Staff
403736,Kamakshi,Ponthieu,5/19/64,3/13/85,1/1/99,Senior Staff
403741,Dannz,Claffy,6/14/62,11/23/89,1/1/99,Senior Engineer
403758,Aleksandar,Poujol,7/21/64,11/3/85,1/1/99,Engineer
403766,Leen,Couchot,7/18/63,1/2/98,1/1/99,Engineer
403769,Vasilis,DasSarma,3/29/63,6/1/95,1/1/99,Engineer
403770,Dietrich,Spelt,5/28/62,6/29/02,1/1/99,Engineer
403772,Siddarth,Engelmann,8/13/64,2/28/91,1/1/99,Engineer
403776,Parto,Glinert,2/16/64,10/9/89,1/1/99,Senior Staff
403782,Maha,Nooteboom,11/9/64,3/19/89,1/1/99,Engineer
403794,Jiakeng,Horswill,6/9/63,2/21/91,1/1/99,Engineer
403796,Gudjon,Zumaque,5/7/63,6/25/95,1/1/99,Engineer
403804,Anneke,Harllee,4/1/62,11/16/98,1/1/99,Engineer
403807,Jinxi,Gelosh,6/29/64,4/14/90,1/1/99,Senior Engineer
403808,Lucien,Veldwijk,3/31/64,11/25/85,1/1/99,Senior Staff
403813,Christoper,Panwar,1/10/63,12/26/85,1/1/99,Engineer
403821,Fabrizio,Kobuchi,7/22/63,11/7/90,1/1/99,Assistant Engineer
403822,Bojan,Gulik,7/27/63,7/15/90,1/1/99,Senior Staff
403827,Xinyu,Marletta,10/18/63,9/14/90,1/1/99,Senior Staff
403838,Hitofumi,Radhakrishnan,1/12/62,7/21/90,1/1/99,Senior Staff
403845,Gift,Kranzdorf,4/17/62,8/31/95,1/1/99,Senior Engineer
403855,Toong,Rosenbaum,8/25/62,5/21/88,1/1/99,Senior Engineer
403862,Heng,Olano,3/17/63,11/22/98,1/1/99,Engineer
403863,Steve,Debuse,1/15/62,9/5/97,1/1/99,Engineer
403864,Abdelghani,Siksek,12/4/62,1/26/94,1/1/99,Senior Staff
403877,JiYoung,Denna,1/10/64,1/31/98,1/1/99,Senior Staff
403878,Rance,Sichman,11/23/64,9/13/95,1/1/99,Senior Staff
403885,Susanna,Erman,3/19/62,4/2/97,1/1/99,Staff
403892,Spyrose,Kalorkoti,1/29/64,8/14/88,1/1/99,Technique Leader
403895,Niranjan,Denis,7/8/62,4/22/94,1/1/99,Staff
403899,Munenori,Rosca,9/12/62,4/27/89,1/1/99,Senior Engineer
403916,Toshimitsu,Zobel,8/31/63,7/22/89,1/1/99,Staff
403920,Insup,Schaft,12/7/62,9/8/85,1/1/99,Senior Engineer
403929,Arunachalam,Warwick,11/20/63,4/23/93,1/1/99,Senior Staff
403930,Boguslaw,Strooper,8/19/64,12/15/95,1/1/99,Staff
403938,Weiwu,Demian,11/12/63,8/26/87,1/1/99,Senior Engineer
403948,Rosli,Kinley,3/16/64,5/2/92,1/1/99,Senior Staff
403950,Kristen,dAstous,10/30/63,4/11/86,1/1/99,Engineer
403954,Jeanna,Bratten,1/10/65,7/26/90,1/1/99,Engineer
403960,Maia,Pargaonkar,11/29/63,1/5/92,1/1/99,Engineer
403968,Lenore,Schieder,9/10/62,5/15/95,1/1/99,Engineer
403972,Tsz,England,5/18/62,5/20/92,1/1/99,Engineer
403977,Gennady,Thiran,1/23/62,2/12/98,1/1/99,Senior Staff
403985,Taisook,Otillio,9/4/64,3/29/91,1/1/99,Senior Engineer
403986,Aloys,Pocchiola,5/21/62,12/29/89,1/1/99,Senior Engineer
403993,Mohamadou,Hopewell,10/29/64,12/15/92,1/1/99,Technique Leader
404002,Martial,Molenaar,8/3/63,3/30/86,1/1/99,Senior Engineer
404016,Werner,Eickenmeyer,2/22/63,8/1/88,1/1/99,Senior Engineer
404018,Valery,Babb,1/11/65,10/19/98,1/1/99,Senior Engineer
404021,Mari,Luby,4/2/62,8/29/91,1/1/99,Senior Staff
404024,Toshimi,Rubsam,8/21/64,10/22/96,1/1/99,Staff
404027,Saeko,Rahier,10/11/64,11/26/91,1/1/99,Senior Engineer
404032,Georg,Conte,5/31/62,7/12/98,1/1/99,Staff
404033,Mori,Delgrossi,9/2/63,8/24/85,1/1/99,Staff
404038,Sigeru,Kieras,10/19/64,6/12/94,1/1/99,Engineer
404041,Jouko,Mitzlaff,9/22/62,6/26/99,1/1/99,Senior Engineer
404045,Goetz,Valtorta,3/16/64,3/3/97,1/1/99,Engineer
404052,Khosrow,Bazelow,12/1/64,5/23/93,1/1/99,Senior Engineer
404053,Akhilish,Perly,6/9/64,5/25/85,1/1/99,Senior Staff
404054,Jaana,Jiang,5/25/63,2/22/85,1/1/99,Engineer
404056,Pasqua,Ranst,3/31/64,3/24/91,1/1/99,Engineer
404060,Vidya,Sudbeck,7/30/64,4/17/88,1/1/99,Senior Engineer
404062,Yaghout,Iisaku,9/14/62,7/18/85,1/1/99,Senior Staff
404068,Horward,Erni,2/3/64,5/17/88,1/1/99,Staff
404069,Valter,Dratva,5/6/64,1/22/88,1/1/99,Engineer
404070,Mori,Masaki,5/15/62,4/21/96,1/1/99,Engineer
404071,Ramzi,Jansch,9/18/62,5/27/96,1/1/99,Staff
404075,Olivera,Nourani,6/25/62,8/14/98,1/1/99,Senior Engineer
404098,Nidapan,Cannane,10/11/64,8/18/90,1/1/99,Staff
404107,Lalit,Escriba,3/14/63,9/5/96,1/1/99,Senior Staff
404117,Ewing,Conia,5/20/64,4/27/91,1/1/99,Engineer
404122,Dulce,Mitina,7/18/62,7/8/90,1/1/99,Senior Staff
404128,Sachar,Gammage,9/12/62,4/15/99,1/1/99,Senior Staff
404129,Marsja,Mellouli,10/21/62,8/27/96,1/1/99,Staff
404131,Ulf,Callaway,9/1/64,6/3/96,1/1/99,Senior Engineer
404133,Menkae,Sidhu,6/5/63,7/13/93,1/1/99,Senior Engineer
404135,Ramachenga,Leppanen,9/15/64,8/3/96,1/1/99,Engineer
404147,Adib,Emiris,2/24/62,8/9/87,1/1/99,Engineer
404153,Richara,Suomi,6/8/62,6/9/99,1/1/99,Staff
404156,Zita,Aloia,10/15/62,1/28/90,1/1/99,Senior Engineer
404161,Danco,Kopetz,6/26/63,11/15/99,1/1/99,Staff
404166,Vidar,Grospietsch,5/24/63,8/24/99,1/1/99,Staff
404169,Bokyung,Bridgland,12/16/62,7/9/00,1/1/99,Engineer
404173,Peer,Schurmann,11/21/62,7/12/85,1/1/99,Engineer
404186,Mats,Borovoy,11/12/62,9/20/95,1/1/99,Senior Staff
404187,Siamak,Hambrick,3/19/63,7/15/86,1/1/99,Senior Staff
404195,Adit,Kroon,10/24/62,10/4/95,1/1/99,Engineer
404199,Alejandra,Debuse,4/29/64,2/25/95,1/1/99,Technique Leader
404202,Elzbieta,Rosay,7/5/63,12/2/85,1/1/99,Senior Staff
404205,Kasturi,Spelt,3/12/62,7/8/88,1/1/99,Engineer
404207,Gao,McConalogue,9/20/64,12/22/91,1/1/99,Senior Staff
404211,Masanao,Dratva,12/13/63,3/21/97,1/1/99,Engineer
404226,Shridhar,Steenbeek,11/2/62,5/5/92,1/1/99,Senior Engineer
404229,Masadi,Mandelberg,10/17/62,9/17/89,1/1/99,Engineer
404236,Zengping,Kakkar,1/12/65,7/22/88,1/1/99,Engineer
404239,Weidon,Malinowski,6/29/62,1/23/87,1/1/99,Staff
404242,Gudjon,Zwicker,9/4/63,9/1/93,1/1/99,Senior Engineer
404245,Manu,Rosenbaum,6/14/63,1/21/95,1/1/99,Technique Leader
404249,Jiakeng,Harllee,9/1/63,6/6/87,1/1/99,Senior Staff
404250,Vasilii,Eastman,12/30/62,10/25/90,1/1/99,Staff
404257,Sasan,Kilgour,4/21/64,7/20/94,1/1/99,Staff
404262,Pramod,Pouyioutas,1/4/64,7/6/86,1/1/99,Senior Staff
404267,Xiong,Ozeki,2/28/62,3/9/91,1/1/99,Engineer
404270,Jouko,Murtha,7/12/64,1/10/95,1/1/99,Senior Engineer
404271,Kristof,Champarnaud,12/6/63,4/19/98,1/1/99,Staff
404274,Uriel,Polupanov,2/19/62,1/16/94,1/1/99,Engineer
404288,Marsha,Birge,3/9/64,7/18/92,1/1/99,Assistant Engineer
404289,Krister,Moffat,10/17/64,12/24/88,1/1/99,Engineer
404291,Yunming,Remmele,1/7/63,1/17/90,1/1/99,Engineer
404304,Yakichi,Miculan,2/1/62,5/13/89,1/1/99,Engineer
404308,Rafols,Nitsch,12/6/64,7/7/92,1/1/99,Senior Engineer
404309,Charmane,Oberman,12/24/63,10/14/96,1/1/99,Senior Staff
404318,Khedija,Waterhouse,2/10/62,3/24/91,1/1/99,Senior Engineer
404321,Karoline,Ginesta,7/17/62,10/31/90,1/1/99,Staff
404324,Jacopo,Pero,6/25/64,6/26/98,1/1/99,Staff
404329,Limsoon,Zongker,8/1/64,8/17/93,1/1/99,Senior Staff
404339,Shahab,Eiron,2/22/64,10/19/87,1/1/99,Senior Staff
404341,Gou,Szilard,7/18/63,8/7/98,1/1/99,Engineer
404344,Ekawit,Grospietsch,4/17/64,4/23/91,1/1/99,Senior Engineer
404362,Takahira,Vickson,12/15/64,11/15/97,1/1/99,Staff
404363,Youssef,Schapire,6/30/64,1/11/99,1/1/99,Staff
404368,Visit,Fritzsche,12/21/64,4/12/99,1/1/99,Engineer
404381,Masato,Janocha,5/12/62,6/2/93,1/1/99,Senior Engineer
404383,Annemarie,Codenie,1/27/64,9/29/98,1/1/99,Engineer
404393,Elgin,Arlazarov,7/6/63,5/21/86,1/1/99,Staff
404401,Karoline,DuCasse,5/2/63,2/17/91,1/1/99,Senior Staff
404403,Quingbo,Argence,2/27/63,12/3/89,1/1/99,Engineer
404414,TRUE,Simmel,11/16/63,6/13/95,1/1/99,Senior Staff
404423,Elliott,Erde,10/9/62,8/24/93,1/1/99,Engineer
404425,Karsten,Gargeya,9/13/64,8/1/95,1/1/99,Technique Leader
404445,Haldon,Berstel,3/15/63,10/24/89,1/1/99,Senior Staff
404462,Anestis,Setlzner,1/9/65,7/13/85,1/1/99,Senior Engineer
404467,Shao,Swiss,12/22/64,9/26/98,1/1/99,Senior Staff
404472,Satosi,Nyanchama,6/16/63,4/26/93,1/1/99,Staff
404480,Christfried,Figueira,12/28/64,12/4/90,1/1/99,Engineer
404487,Kolar,Remmers,7/28/62,12/22/93,1/1/99,Engineer
404500,Arvin,Perng,7/21/62,10/2/96,1/1/99,Engineer
404512,Marlo,Thorensen,4/25/62,8/1/90,1/1/99,Engineer
404513,Brewster,Figueira,10/1/63,8/3/00,1/1/99,Staff
404518,Mitchel,Jansch,2/22/62,6/4/98,1/1/99,Staff
404521,Remco,Qiwen,3/10/64,8/14/92,1/1/99,Senior Staff
404523,Rosalie,Francisci,10/8/62,10/18/99,1/1/99,Senior Staff
404537,Takahiro,DasSarma,7/19/63,4/12/99,1/1/99,Engineer
404539,Tua,Schwabacher,8/16/64,10/18/91,1/1/99,Technique Leader
404543,Xuejia,Soicher,11/18/63,12/6/97,1/1/99,Assistant Engineer
404547,Debatosh,Maraist,10/14/63,1/13/91,1/1/99,Technique Leader
404554,Yongqiao,Pelz,10/12/64,1/9/92,1/1/99,Senior Staff
404566,Xiaoqiu,Sinicrope,6/8/64,12/20/96,1/1/99,Staff
404567,Vasilis,Ranst,9/11/64,4/28/90,1/1/99,Senior Engineer
404568,Rasiah,Sinicrope,5/20/63,5/30/94,1/1/99,Senior Staff
404571,Khaled,Tanemo,1/21/63,8/19/87,1/1/99,Senior Engineer
404573,Eberhardt,Spelt,1/31/65,7/5/97,1/1/99,Staff
404576,Abdulah,Bardell,11/10/64,6/30/87,1/1/99,Engineer
404578,Kamran,Krybus,9/8/63,5/15/93,1/1/99,Engineer
404582,Tokuyasu,Trelles,1/24/64,12/13/93,1/1/99,Engineer
404587,Kensei,Roison,3/20/63,1/26/99,1/1/99,Engineer
404600,Geoff,Spieker,2/21/62,4/19/88,1/1/99,Senior Staff
404602,Tommaso,Schicker,1/25/64,7/12/86,1/1/99,Engineer
404604,Marc,Stemann,1/10/62,3/9/94,1/1/99,Engineer
404606,Arch,Walstra,4/23/63,10/26/92,1/1/99,Senior Engineer
404612,Zine,Undy,10/5/63,5/3/98,1/1/99,Engineer
404615,DAIDA,Papadias,3/6/63,6/4/02,1/1/99,Engineer
404618,Yakichi,Back,6/22/62,1/20/88,1/1/99,Senior Staff
404621,Billur,Tempesti,12/14/62,6/9/95,1/1/99,Engineer
404624,Along,Birdsall,5/22/62,9/5/93,1/1/99,Engineer
404626,Xiping,Hooghiemstra,6/1/63,12/31/89,1/1/99,Engineer
404629,Bogdan,Zockler,2/10/64,1/4/99,1/1/99,Engineer
404630,Marsal,Talmor,12/3/63,3/4/98,1/1/99,Staff
404632,Ranga,Sridhar,4/27/63,3/20/89,1/1/99,Engineer
404641,Rimli,Schwartzbauer,3/1/62,6/16/85,1/1/99,Senior Staff
404642,Rosalie,Solovay,2/21/63,12/1/94,1/1/99,Senior Staff
404643,Krassimir,Przulj,3/4/63,11/5/94,1/1/99,Senior Staff
404650,Brendon,Hoogerwoord,5/5/63,12/15/98,1/1/99,Engineer
404657,Cordelia,Tsukune,9/20/64,7/28/90,1/1/99,Senior Engineer
404658,Heeju,Perri,2/24/64,11/25/94,1/1/99,Staff
404659,Huai,Farris,7/9/63,8/8/85,1/1/99,Engineer
404662,Heng,Nooteboom,11/22/63,3/30/96,1/1/99,Staff
404670,Moheb,Schaad,7/12/63,7/22/91,1/1/99,Senior Staff
404675,Jackson,Hoppenstand,7/30/63,4/2/95,1/1/99,Staff
404676,Elvis,Cardazo,10/3/63,10/19/87,1/1/99,Senior Staff
404687,Serap,Chartres,8/7/63,7/20/89,1/1/99,Staff
404689,Gretta,Leaver,12/9/62,10/20/97,1/1/99,Senior Engineer
404694,Huiqun,Heuter,6/16/64,8/6/93,1/1/99,Technique Leader
404700,Anneli,Thorelli,5/3/63,7/24/94,1/1/99,Senior Staff
404717,Rafael,Terkki,12/7/63,12/4/86,1/1/99,Senior Staff
404725,Shugo,Perry,5/2/63,6/18/85,1/1/99,Senior Staff
404729,Heejo,Ducloy,3/7/62,1/20/00,1/1/99,Staff
404731,Hilari,Desikan,5/11/63,12/8/87,1/1/99,Technique Leader
404734,Tuval,Mahnke,5/27/64,9/13/98,1/1/99,Staff
404735,Ibibia,Ranka,9/13/63,12/11/99,1/1/99,Staff
404737,Djelloul,Lorho,1/20/63,6/21/86,1/1/99,Engineer
404738,Masato,Encarnacion,10/28/63,4/27/85,1/1/99,Senior Staff
404747,Berry,Ghemri,12/5/62,1/10/96,1/1/99,Engineer
404748,Shaowen,Demeyer,1/12/63,5/7/95,1/1/99,Senior Engineer
404755,Manu,Junet,1/13/65,4/20/91,1/1/99,Senior Staff
404757,Hilary,Kamble,1/3/64,5/29/99,1/1/99,Senior Staff
404765,Tsz,Gihr,7/21/62,1/10/88,1/1/99,Staff
404769,Alagu,Speel,4/13/62,8/5/90,1/1/99,Senior Engineer
404774,Masako,Rijsenbrij,12/13/63,6/8/90,1/1/99,Senior Staff
404785,Achilleas,Rando,12/17/63,8/4/87,1/1/99,Senior Staff
404786,Caolyn,Karlin,4/20/64,8/16/95,1/1/99,Technique Leader
404788,Basem,Beausoleil,1/16/65,3/16/98,1/1/99,Engineer
404792,Saniya,Rousseau,4/10/64,9/5/89,1/1/99,Staff
404800,Gil,Bharadwaj,1/7/64,7/16/00,1/1/99,Engineer
404807,Dines,Rosca,12/25/62,10/9/88,1/1/99,Senior Engineer
404810,Valter,Jonsson,8/8/63,2/26/99,1/1/99,Engineer
404812,Chirstian,Gecsel,10/16/63,4/9/87,1/1/99,Staff
404820,Arfst,Awdeh,2/15/62,11/25/89,1/1/99,Senior Staff
404824,Xiong,Rabejac,12/14/64,3/5/99,1/1/99,Staff
404828,Shigeaki,Falby,10/17/63,4/23/96,1/1/99,Staff
404832,Oscal,Schmiedel,9/8/64,12/22/87,1/1/99,Senior Staff
404834,Hiroyasu,Rettelbach,11/21/63,7/11/98,1/1/99,Engineer
404835,Garnik,Tibblin,1/28/62,3/27/01,1/1/99,Staff
404845,Rutger,Grospietsch,1/23/64,2/10/94,1/1/99,Senior Staff
404861,Szabolcs,Zambonelli,12/31/62,12/30/96,1/1/99,Senior Engineer
404862,Parto,Vieri,2/9/62,6/27/98,1/1/99,Senior Engineer
404899,Yucai,Rijckaert,2/4/62,3/21/86,1/1/99,Senior Engineer
404904,Freyja,Spinelli,5/22/62,7/4/99,1/1/99,Engineer
404905,Shen,Sgarro,6/6/63,5/2/99,1/1/99,Staff
404908,Kwangyoen,Apsitis,4/5/64,4/17/92,1/1/99,Senior Engineer
404911,Zdislav,Boreale,4/24/64,5/31/85,1/1/99,Staff
404917,Sreekrishna,Rohrbach,6/17/62,2/9/99,1/1/99,Staff
404920,Yakichi,Remmers,8/13/62,10/2/98,1/1/99,Engineer
404933,Danae,Brandsma,8/13/62,11/25/87,1/1/99,Senior Staff
404940,Reinhard,McAffer,4/14/62,3/8/95,1/1/99,Senior Staff
404943,Nadjib,Rodiger,11/26/64,3/5/92,1/1/99,Senior Engineer
404945,Deborah,Thambidurai,5/13/64,3/15/93,1/1/99,Senior Staff
404946,Oldrich,Bahr,2/19/64,1/11/88,1/1/99,Staff
404947,Boriana,Gulak,6/13/63,12/13/99,1/1/99,Staff
404951,Aloys,Litvinov,4/13/63,1/8/96,1/1/99,Engineer
404959,Rafail,Bolotov,9/13/63,1/11/95,1/1/99,Senior Staff
404960,Danil,Joslin,11/16/63,8/2/96,1/1/99,Staff
404966,Paraskevi,Conry,1/21/62,7/6/90,1/1/99,Engineer
404978,Sachar,Andreotta,4/24/64,12/9/97,1/1/99,Engineer
404979,Lillian,Ulupinar,6/10/62,9/1/91,1/1/99,Senior Engineer
404988,Lene,Kornatzky,12/6/63,2/28/98,1/1/99,Staff
404997,Jasminko,Coorg,11/20/62,9/14/97,1/1/99,Engineer
405006,Xiaobin,Beausoleil,6/16/63,3/22/01,1/1/99,Senior Staff
405008,Shahid,Usery,10/28/64,1/7/92,1/1/99,Senior Staff
405009,Yefim,Luders,9/16/63,3/5/98,1/1/99,Senior Engineer
405014,Takushi,Clemencon,1/6/64,6/28/91,1/1/99,Senior Staff
405015,Morris,Fargier,1/2/65,6/29/88,1/1/99,Senior Staff
405027,Wayne,Hellwagner,12/23/64,4/24/88,1/1/99,Senior Engineer
405029,Stevo,Karlin,10/8/62,9/12/95,1/1/99,Engineer
405030,Shunichi,Rosca,8/9/62,10/18/88,1/1/99,Senior Staff
405031,Francesca,Schwaller,10/21/62,2/18/92,1/1/99,Senior Engineer
405043,Subhrajyoti,Gustavson,8/30/63,6/1/90,1/1/99,Senior Engineer
405057,Boriana,Heiserman,2/24/62,1/26/98,1/1/99,Senior Engineer
405059,Marit,Ebeling,4/13/63,4/24/97,1/1/99,Senior Engineer
405063,Yechezkel,Yurov,1/26/65,11/16/01,1/1/99,Senior Engineer
405066,Berry,Picel,8/24/62,11/22/89,1/1/99,Staff
405071,Florian,Linnainmaa,6/20/63,6/10/96,1/1/99,Staff
405074,Tomofumi,Collette,6/17/62,7/6/97,1/1/99,Senior Staff
405076,Marit,Baby,3/4/63,3/7/91,1/1/99,Senior Engineer
405078,Marit,Gomatam,6/15/63,5/28/88,1/1/99,Senior Engineer
405080,Samphel,Coullard,5/15/63,8/27/93,1/1/99,Staff
405082,Aria,Yamaashi,12/24/64,12/25/90,1/1/99,Senior Engineer
405083,Divine,Cherinka,10/27/62,10/8/98,1/1/99,Engineer
405086,Deniz,Anguita,11/25/63,1/17/98,1/1/99,Engineer
405089,Fumino,Birnbaum,3/19/62,10/23/92,1/1/99,Senior Engineer
405095,Aiichiro,Benzaken,6/15/62,5/15/89,1/1/99,Staff
405098,Aamer,Bahr,1/1/63,11/16/85,1/1/99,Assistant Engineer
405102,Isamu,Anguita,9/21/64,12/27/98,1/1/99,Senior Engineer
405111,Ebru,Comte,4/6/62,7/4/94,1/1/99,Engineer
405112,Valeri,Varker,10/12/64,5/18/01,1/1/99,Staff
405120,Diederik,Ramras,4/2/64,6/30/99,1/1/99,Technique Leader
405125,Hinrich,Kaelbling,3/29/62,9/21/90,1/1/99,Senior Engineer
405134,Jovan,Lamba,9/19/62,3/17/91,1/1/99,Staff
405136,Tsuneo,Fendler,2/21/63,4/11/97,1/1/99,Staff
405152,Gully,Mahmud,10/5/63,12/16/92,1/1/99,Senior Staff
405153,Uno,Hammerschmidt,10/21/63,9/27/90,1/1/99,Technique Leader
405162,Shahid,Benantar,2/14/62,5/8/87,1/1/99,Senior Engineer
405163,Gaetan,Peron,3/16/62,10/6/96,1/1/99,Senior Engineer
405164,Tzvetan,Delgrande,2/19/63,9/4/87,1/1/99,Senior Engineer
405169,Kasidit,Hutter,7/16/64,4/21/00,1/1/99,Engineer
405171,Irena,Sifakis,11/22/63,2/4/91,1/1/99,Staff
405172,Aluzio,Serot,3/16/63,12/31/97,1/1/99,Engineer
405186,Barry,Isard,7/27/63,2/14/99,1/1/99,Senior Staff
405190,Nimmagadda,Schwartzbauer,1/9/63,3/23/95,1/1/99,Staff
405196,Jiafu,Uchoa,8/13/64,1/5/90,1/1/99,Staff
405206,Carrsten,Biran,7/12/64,8/14/01,1/1/99,Senior Staff
405207,Kankanahalli,Irland,9/10/63,2/17/96,1/1/99,Senior Engineer
405210,Pantung,Krybus,7/24/63,1/16/99,1/1/99,Engineer
405211,Moon,Simkin,3/18/64,11/21/89,1/1/99,Staff
405216,Berto,Braccini,1/18/63,1/25/95,1/1/99,Engineer
405217,Harjit,Nollmann,5/3/64,8/27/01,1/1/99,Engineer
405221,Waiman,Leuchs,10/18/63,11/1/87,1/1/99,Engineer
405223,Mari,Leijenhorst,6/10/62,3/13/94,1/1/99,Staff
405226,Ronnie,Jenevein,8/7/62,6/15/91,1/1/99,Engineer
405229,Keung,Gecsel,3/22/64,4/4/90,1/1/99,Senior Staff
405230,Arto,Kropp,6/3/64,4/22/96,1/1/99,Senior Staff
405234,Barry,Asser,5/20/63,5/6/94,1/1/99,Senior Staff
405247,Adib,Shanbhogue,11/5/62,1/31/97,1/1/99,Staff
405249,Kotesh,Raczkowsky,6/15/62,6/12/85,1/1/99,Staff
405252,Mansur,Feldhoffer,4/17/64,1/10/91,1/1/99,Senior Engineer
405253,Vasiliy,Atrawala,11/17/63,1/4/99,1/1/99,Staff
405257,Arlette,Neimat,6/30/62,5/27/98,1/1/99,Staff
405270,Luerbio,Angel,2/8/63,8/24/97,1/1/99,Engineer
405276,Maja,Kleiser,5/22/63,12/4/97,1/1/99,Engineer
405277,Nikolaus,Cappelli,7/8/63,6/22/95,1/1/99,Engineer
405284,Janche,Ariola,3/28/64,6/27/86,1/1/99,Engineer
405290,Youjian,Eldridge,8/10/64,2/20/86,1/1/99,Staff
405298,Akhilish,Wendorf,11/27/63,4/28/96,1/1/99,Technique Leader
405303,Muzhong,Boyle,9/19/62,6/18/92,1/1/99,Senior Staff
405309,Prodip,Rosaz,1/16/62,10/7/98,1/1/99,Senior Staff
405310,Hatim,Peron,7/1/64,9/17/99,1/1/99,Engineer
405311,Ioana,Hitomi,10/20/62,9/12/93,1/1/99,Engineer
405319,Gonzalo,Kalefeld,7/5/64,4/9/87,1/1/99,Senior Engineer
405323,Hsiangchu,Kieras,5/11/64,9/20/88,1/1/99,Senior Engineer
405341,Richard,Waeselynck,11/7/63,9/4/98,1/1/99,Senior Engineer
405342,Jagoda,Gilg,3/5/62,7/4/96,1/1/99,Engineer
405350,Conor,Servi,9/21/62,6/5/87,1/1/99,Staff
405351,Nectarios,Flowers,8/18/62,7/24/85,1/1/99,Staff
405353,Pranay,Swiler,5/22/64,7/10/99,1/1/99,Staff
405361,Genevieve,Zyda,10/15/63,5/31/91,1/1/99,Senior Engineer
405365,Rutger,Snedden,6/28/63,9/23/92,1/1/99,Senior Engineer
405376,Adil,Strandh,10/28/62,3/9/99,1/1/99,Staff
405377,Lenore,Siepmann,2/10/63,9/2/90,1/1/99,Senior Staff
405381,Zito,Mahnke,5/22/63,11/27/86,1/1/99,Engineer
405391,Masamitsu,Thorensen,2/25/62,10/1/85,1/1/99,Staff
405420,Nakhoon,Hennings,2/11/63,6/26/87,1/1/99,Staff
405424,Aluzio,Grospietsch,12/28/63,4/27/89,1/1/99,Senior Staff
405425,Uriel,Gischer,10/2/64,4/24/91,1/1/99,Senior Staff
405434,Chirstian,Kieras,4/20/62,12/27/93,1/1/99,Staff
405442,Lijie,Attimonelli,3/19/64,11/26/99,1/1/99,Staff
405456,Khatoun,Mikschl,11/16/62,10/4/95,1/1/99,Technique Leader
405457,Aiichiro,Pettis,7/10/63,12/6/96,1/1/99,Engineer
405458,Nigel,Schrooten,1/26/62,1/10/96,1/1/99,Staff
405461,Leucio,Duclos,7/2/62,11/12/90,1/1/99,Staff
405462,Nitsan,Murthy,3/23/63,11/19/90,1/1/99,Staff
405473,Iara,Billingsley,9/3/62,8/27/98,1/1/99,Engineer
405476,Boalin,Barriga,2/23/64,2/4/99,1/1/99,Staff
405478,Susanne,Zeleznik,7/18/64,10/5/88,1/1/99,Senior Engineer
405479,Leah,Kawashimo,4/27/64,5/13/89,1/1/99,Engineer
405484,Behnaam,Schmiedel,2/3/64,5/9/97,1/1/99,Senior Staff
405490,Aran,Braunmuhl,1/26/64,1/9/94,1/1/99,Senior Engineer
405492,Jianhua,Kusakari,10/1/63,1/17/94,1/1/99,Senior Engineer
405494,Arunas,Schauser,11/11/63,10/10/89,1/1/99,Staff
405506,Przemyslawa,Taneja,6/14/64,4/25/93,1/1/99,Senior Engineer
405510,Theron,Sigstam,7/27/64,8/8/88,1/1/99,Senior Engineer
405514,Wonhee,Dratva,8/23/62,1/5/88,1/1/99,Senior Engineer
405528,Radhia,Isaak,11/19/63,11/12/94,1/1/99,Engineer
405539,Mikhail,Lorys,3/1/64,10/2/90,1/1/99,Senior Engineer
405543,Hidefumi,Frezza,5/9/62,9/7/94,1/1/99,Staff
405553,Tadahiko,Peac,11/23/64,8/20/95,1/1/99,Engineer
405562,Sariel,Luby,10/16/64,2/8/99,1/1/99,Staff
405567,Xiaoqiu,Talmon,1/20/64,9/15/92,1/1/99,Engineer
405568,Geraldo,Pargas,2/14/63,6/26/95,1/1/99,Engineer
405570,Kellyn,Ciolek,8/4/63,5/31/96,1/1/99,Staff
405573,Susanne,Albarhamtoshy,9/12/62,3/2/99,1/1/99,Senior Engineer
405574,Yifei,Auria,6/22/62,10/26/93,1/1/99,Senior Staff
405576,Breannda,Peot,5/29/63,1/12/92,1/1/99,Senior Staff
405578,Pragnesh,Walstra,5/25/62,1/30/99,1/1/99,Staff
405582,Kinh,Gonthier,11/8/62,2/3/98,1/1/99,Staff
405590,Augustine,Mitzlaff,9/26/64,6/9/95,1/1/99,Senior Engineer
405594,Sudharsan,Unni,10/30/62,9/19/99,1/1/99,Staff
405601,Goa,Muhling,5/31/63,1/19/97,1/1/99,Engineer
405606,Ziva,Manders,9/12/64,11/25/86,1/1/99,Staff
405610,Takahito,DeMori,1/8/62,12/19/94,1/1/99,Technique Leader
405618,Huiqun,Calkin,5/23/62,12/22/99,1/1/99,Engineer
405619,Yolla,Casley,2/7/63,9/5/87,1/1/99,Senior Engineer
405626,Arun,Holburn,5/25/63,11/22/94,1/1/99,Staff
405627,Jianhao,Aloisi,6/21/62,1/13/94,1/1/99,Senior Engineer
405628,Troy,Kambil,7/15/64,8/6/91,1/1/99,Senior Staff
405634,Yongmao,Pollock,4/13/62,9/17/95,1/1/99,Engineer
405658,Bartek,Middleton,12/17/64,4/10/99,1/1/99,Senior Staff
405666,Sasan,Reeken,8/15/64,10/16/98,1/1/99,Engineer
405668,Luerbio,Leaver,5/9/64,7/22/92,1/1/99,Senior Engineer
405672,Etsuo,Talmor,2/19/63,8/6/99,1/1/99,Staff
405675,Subhada,Tyugu,3/15/64,12/30/87,1/1/99,Engineer
405681,Maya,Kamble,6/14/63,7/6/96,1/1/99,Staff
405685,Byong,Cheshire,12/24/64,7/20/99,1/1/99,Assistant Engineer
405686,Shalesh,Schwartzbauer,9/14/62,9/20/85,1/1/99,Senior Engineer
405694,Zijian,Tibblin,6/15/63,1/16/99,1/1/99,Engineer
405697,Katsuo,Kavanagh,3/27/64,6/23/98,1/1/99,Engineer
405699,Constantino,Ghandeharizadeh,10/8/64,4/23/96,1/1/99,Engineer
405701,Eishiro,Kushner,9/28/63,11/29/94,1/1/99,Senior Staff
405703,Aimee,Lanphier,11/7/62,8/1/94,1/1/99,Senior Engineer
405715,IEEE,Junot,9/6/62,7/10/96,1/1/99,Staff
405719,Moto,McFarlin,4/22/63,6/8/93,1/1/99,Senior Staff
405720,Maris,Marletta,3/11/63,6/2/95,1/1/99,Staff
405724,Hideo,Antonakopoulos,4/3/62,3/24/87,1/1/99,Staff
405727,Arun,Barinka,10/28/64,3/2/92,1/1/99,Senior Engineer
405740,Chiradeep,Roccetti,7/10/64,12/28/95,1/1/99,Senior Staff
405742,Mansur,Tiemann,10/31/62,6/2/86,1/1/99,Senior Engineer
405745,Howell,Hitomi,6/28/63,11/4/91,1/1/99,Engineer
405755,Nalini,Burnard,2/27/64,7/3/88,1/1/99,Staff
405756,Eran,Peek,3/26/64,4/17/95,1/1/99,Assistant Engineer
405761,Atilio,Manders,6/25/62,11/29/94,1/1/99,Staff
405769,Alejandro,Reinhard,12/14/63,12/13/99,1/1/99,Staff
405777,Make,Setlzner,10/29/62,12/18/92,1/1/99,Engineer
405779,Slavian,Kornyak,9/1/64,5/4/95,1/1/99,Engineer
405788,Florina,Sommer,1/12/63,10/17/93,1/1/99,Senior Engineer
405793,Yakkov,Harllee,1/18/63,4/17/86,1/1/99,Senior Engineer
405796,Yahiko,Soloway,1/6/64,11/7/89,1/1/99,Senior Staff
405800,Marc,Atrawala,1/16/64,11/14/85,1/1/99,Engineer
405801,Lihong,Thiria,8/14/62,9/2/89,1/1/99,Staff
405804,Giordano,Delgrange,8/12/62,5/3/99,1/1/99,Engineer
405807,Oldrich,Brattka,5/3/63,4/11/95,1/1/99,Staff
405823,Yurij,Fioravanti,12/18/62,11/3/94,1/1/99,Assistant Engineer
405824,Randi,Chepyzhov,12/21/64,12/18/98,1/1/99,Senior Engineer
405827,Marjo,Esposito,12/20/64,1/7/93,1/1/99,Engineer
405836,Yongqiao,Hertweck,9/23/62,1/20/88,1/1/99,Senior Staff
405842,Sreenivas,Dechter,9/8/63,5/27/89,1/1/99,Senior Staff
405845,Jixiang,Butner,12/29/62,8/5/91,1/1/99,Senior Engineer
405849,Aloys,Anick,10/29/62,11/25/88,1/1/99,Senior Engineer
405860,Kamakshi,Dulay,10/18/63,2/28/96,1/1/99,Staff
405863,Foong,Arlazarov,10/31/62,7/19/94,1/1/99,Engineer
405866,Georg,Taubenfeld,1/15/64,4/8/91,1/1/99,Staff
405876,Elliott,Zastre,7/30/64,7/22/89,1/1/99,Senior Staff
405878,Genta,Yemenis,3/12/62,3/23/93,1/1/99,Senior Staff
405890,Doohun,Kemmerer,6/25/63,9/27/97,1/1/99,Staff
405891,Sachin,Dengi,5/13/64,8/23/88,1/1/99,Engineer
405893,Almudena,DasSarma,10/30/64,8/12/96,1/1/99,Technique Leader
405896,Jamaludin,Matteis,11/27/63,7/10/85,1/1/99,Technique Leader
405900,Xuejia,Picht,1/31/64,1/21/87,1/1/99,Senior Engineer
405905,Yoshinari,Katzenelson,6/8/63,5/10/87,1/1/99,Senior Engineer
405906,DeForest,Kragelund,1/31/63,12/25/86,1/1/99,Senior Engineer
405907,Arno,Soicher,1/24/63,4/24/89,1/1/99,Senior Staff
405916,Kazuhiro,Fandrianto,10/12/62,11/27/88,1/1/99,Senior Engineer
405919,Tadahiko,Sewelson,3/26/62,9/7/90,1/1/99,Technique Leader
405922,Honesty,Cappelletti,6/14/64,3/14/99,1/1/99,Staff
405928,Werner,Woycyznski,4/15/63,7/3/98,1/1/99,Engineer
405933,Becky,Bolotov,3/6/62,2/6/99,1/1/99,Staff
405935,Saddek,Thimonier,4/16/62,12/23/97,1/1/99,Staff
405942,Conrado,Kakkad,6/17/62,8/11/91,1/1/99,Engineer
405945,Xuejia,Caine,2/19/64,6/13/97,1/1/99,Senior Staff
405952,Serif,Gischer,5/30/63,6/15/87,1/1/99,Senior Engineer
405956,Matk,Comellas,6/15/63,5/27/87,1/1/99,Engineer
405959,Mountaz,Klyachko,5/21/63,9/2/94,1/1/99,Staff
405960,Sailaja,Nilsson,4/28/62,2/4/87,1/1/99,Senior Engineer
405967,Qiwen,Legleitner,7/2/63,8/30/90,1/1/99,Senior Engineer
405969,Tse,Hutter,11/4/62,10/27/98,1/1/99,Staff
405976,Chenye,Klassen,8/16/62,7/19/97,1/1/99,Engineer
405982,Weiye,Heinisuo,2/3/64,9/24/91,1/1/99,Senior Engineer
405985,Przemyslawa,Hooghiemstra,10/8/63,6/30/98,1/1/99,Engineer
405987,Sushant,Chaudhuri,11/5/62,1/30/87,1/1/99,Senior Engineer
405991,Mary,Ozeri,9/22/62,12/15/98,1/1/99,Engineer
405997,Collette,Vernadat,11/20/64,11/5/95,1/1/99,Engineer
406004,Pranas,Fraisse,4/25/62,11/29/98,1/1/99,Staff
406008,Gererd,Matzov,6/22/62,12/3/97,1/1/99,Staff
406033,Taiji,Lammel,10/31/63,7/11/96,1/1/99,Staff
406035,Nakhoon,Zobel,1/21/64,6/24/93,1/1/99,Staff
406043,Georgi,Hanabata,6/17/63,9/4/95,1/1/99,Senior Engineer
406049,Ranga,Baja,4/19/63,10/3/96,1/1/99,Senior Staff
406054,Tzvetan,Underwood,12/12/63,5/16/88,1/1/99,Technique Leader
406061,Xudong,Gulla,5/4/64,12/4/99,1/1/99,Senior Engineer
406070,Ulf,Chiodo,8/6/64,5/26/86,1/1/99,Senior Staff
406072,Chenxi,Jording,7/4/63,9/20/99,1/1/99,Engineer
406074,Nathan,Detkin,9/25/62,9/24/97,1/1/99,Engineer
406079,Anneli,Peng,10/18/63,6/9/94,1/1/99,Engineer
406083,Genevieve,Garnham,5/31/64,4/18/97,1/1/99,Staff
406091,Charmane,Wendorf,2/5/64,6/29/89,1/1/99,Staff
406102,Shir,Walstra,11/1/62,10/23/97,1/1/99,Staff
406107,Tsuneo,Fargier,9/5/64,2/13/95,1/1/99,Engineer
406108,Frazer,Peir,1/29/64,6/12/93,1/1/99,Senior Staff
406116,Sailaja,Polupanov,7/2/62,2/1/94,1/1/99,Engineer
406125,Georgi,Portugali,1/25/65,9/27/87,1/1/99,Technique Leader
406127,Shawna,Braunmuhl,3/29/63,10/22/88,1/1/99,Staff
406129,Vesna,Birge,1/28/62,11/2/98,1/1/99,Staff
406130,Charmane,Koblick,8/16/62,8/25/96,1/1/99,Staff
406132,Jiakeng,Greibach,5/16/64,2/20/98,1/1/99,Staff
406137,Arunachalam,Atrawala,5/24/64,7/23/97,1/1/99,Engineer
406144,Kien,Rassart,9/2/63,8/11/98,1/1/99,Staff
406148,Goetz,Ghazalie,7/26/64,6/25/95,1/1/99,Technique Leader
406150,Valter,Clouatre,4/8/63,9/24/97,1/1/99,Staff
406152,Margareta,Rusterholz,1/1/62,5/17/90,1/1/99,Senior Engineer
406155,Garnet,Yetto,2/3/62,1/30/88,1/1/99,Senior Engineer
406165,Takanari,Preusig,11/12/63,5/1/97,1/1/99,Engineer
406170,Margo,Bazelow,9/20/63,10/28/90,1/1/99,Senior Engineer
406172,Jagoda,Apsitis,11/20/64,2/14/87,1/1/99,Senior Engineer
406176,Turgut,Kermarrec,3/26/64,7/31/94,1/1/99,Engineer
406185,Stamatina,Delgrange,11/14/62,12/2/85,1/1/99,Senior Staff
406188,Phillip,Beidas,12/15/62,7/12/95,1/1/99,Technique Leader
406189,Jianhao,Alameldin,9/2/62,5/20/99,1/1/99,Engineer
406197,Shaunak,Wilharm,9/7/63,2/1/96,1/1/99,Senior Engineer
406201,Otmar,Ossenbruggen,9/13/62,11/7/85,1/1/99,Senior Engineer
406203,Jongsuk,Cusworth,11/25/62,2/21/97,1/1/99,Staff
406215,Suzette,Soicher,11/28/63,5/15/99,1/1/99,Senior Staff
406231,Bodo,Esteva,6/27/64,3/7/86,1/1/99,Engineer
406239,Marek,Tomescu,1/9/65,5/15/95,1/1/99,Senior Engineer
406248,Boguslaw,Viele,12/29/63,2/21/88,1/1/99,Technique Leader
406261,Huei,Isard,1/7/63,9/24/98,1/1/99,Engineer
406266,Yakichi,Decaestecker,10/19/63,1/6/94,1/1/99,Engineer
406268,Richard,Buchter,1/22/62,1/9/95,1/1/99,Staff
406271,Shrikanth,Linares,9/6/63,3/31/90,1/1/99,Engineer
406275,Izaskun,Shokrollahi,4/16/64,6/13/94,1/1/99,Staff
406278,Kristian,Ranst,6/30/64,6/11/97,1/1/99,Senior Staff
406291,Mizuhito,Wrigley,3/17/63,8/13/87,1/1/99,Senior Staff
406295,Elzbieta,Litecky,6/12/62,8/25/94,1/1/99,Staff
406309,Haldon,Brobst,10/17/63,6/7/95,1/1/99,Senior Engineer
406319,Khosrow,Angiulli,4/25/63,5/7/85,1/1/99,Senior Staff
406321,Yuichiro,Brandsma,9/21/64,4/22/86,1/1/99,Senior Staff
406335,Ennio,Szmurlo,7/11/64,3/23/95,1/1/99,Senior Engineer
406347,Tzvetan,Merli,8/27/62,2/24/98,1/1/99,Engineer
406358,Selwyn,Chaudhuri,12/2/62,8/14/85,1/1/99,Senior Staff
406360,Krister,Percebois,6/14/62,11/22/92,1/1/99,Engineer
406367,Munenori,Beznosov,12/31/64,10/18/90,1/1/99,Senior Staff
406370,Mari,Socorro,2/1/62,8/21/01,1/1/99,Staff
406372,Xianlong,Morton,4/16/63,5/29/86,1/1/99,Senior Engineer
406373,Ingemar,Mellouli,6/2/62,11/5/96,1/1/99,Technique Leader
406389,Dayanand,Yurek,7/23/64,8/31/88,1/1/99,Senior Engineer
406390,Stevo,Terlouw,8/18/64,1/22/86,1/1/99,Senior Staff
406391,Arun,Collette,8/6/62,8/3/95,1/1/99,Senior Staff
406397,Yonghong,Loncour,12/13/64,8/3/99,1/1/99,Engineer
406398,Jackson,Mitina,11/13/64,12/30/89,1/1/99,Engineer
406399,Kwangsub,Maierhofer,8/18/62,11/16/97,1/1/99,Engineer
406400,Yucel,Bierman,4/1/62,8/29/99,1/1/99,Senior Engineer
406404,Tzu,Papadias,5/16/63,1/18/99,1/1/99,Staff
406405,Marsal,Ibel,7/10/62,6/22/01,1/1/99,Senior Engineer
406421,Nevin,Isard,7/19/62,6/8/92,1/1/99,Engineer
406424,Josyula,Murrill,6/16/64,5/27/96,1/1/99,Staff
406427,Caolyn,Onuegbe,12/6/62,8/20/96,1/1/99,Engineer
406430,Soenke,Janocha,2/8/64,9/6/88,1/1/99,Engineer
406438,Zito,Benantar,2/6/64,8/29/98,1/1/99,Senior Engineer
406441,Barna,Portugali,1/12/64,5/25/93,1/1/99,Senior Staff
406448,Uinam,Desikan,5/4/63,11/13/97,1/1/99,Staff
406451,Fun,Pargas,9/7/63,12/11/87,1/1/99,Senior Staff
406464,Nathan,Gips,8/26/64,8/27/93,1/1/99,Technique Leader
406465,Shalesh,Vilarrasa,7/1/64,9/10/92,1/1/99,Engineer
406466,Pranay,Oberman,9/6/63,5/28/95,1/1/99,Senior Engineer
406475,Shushma,Spinelli,7/5/63,4/8/91,1/1/99,Staff
406477,Jessie,Besselaar,8/10/62,11/19/90,1/1/99,Senior Engineer
406497,Becky,Roccetti,8/31/62,12/8/87,1/1/99,Senior Engineer
406499,Hugh,Nollmann,6/16/63,10/7/90,1/1/99,Staff
406504,Rosine,Muntz,8/13/64,7/31/87,1/1/99,Staff
406507,Dhritiman,Nourani,1/10/63,4/23/97,1/1/99,Staff
406510,Patricio,Cardazo,6/25/63,10/13/96,1/1/99,Senior Engineer
406513,Luisa,England,6/26/64,2/23/01,1/1/99,Senior Staff
406514,Bogdan,Nannarelli,8/17/63,12/29/97,1/1/99,Staff
406520,Hailing,Pietrzykowski,4/20/64,2/26/98,1/1/99,Engineer
406523,Florina,Bednarek,12/24/62,7/13/92,1/1/99,Senior Staff
406525,Guozhong,Staelin,9/11/63,7/10/94,1/1/99,Senior Engineer
406528,Goetz,Rusmann,5/1/63,1/26/99,1/1/99,Staff
406533,Aemilian,Ginneken,4/11/64,9/29/96,1/1/99,Technique Leader
406534,Hiroyasu,Mamelak,1/6/64,7/7/01,1/1/99,Staff
406551,Thanasis,Casley,2/7/63,7/17/88,1/1/99,Staff
406554,Hauke,Naudin,7/9/62,2/18/96,1/1/99,Senior Staff
406557,Patricio,Pero,2/5/62,5/7/88,1/1/99,Senior Engineer
406560,Make,Beidas,6/2/62,10/26/93,1/1/99,Engineer
406562,Perla,Pagter,7/25/63,6/28/86,1/1/99,Senior Engineer
406564,Parviz,Picco,1/25/65,4/16/95,1/1/99,Engineer
406568,Tomofumi,Onuegbe,10/25/63,10/30/88,1/1/99,Staff
406580,Shaowen,Munck,10/18/63,7/15/95,1/1/99,Technique Leader
406581,Slavian,Broomell,7/14/62,6/12/99,1/1/99,Staff
406599,Volkmar,Sullins,6/30/64,10/16/87,1/1/99,Senior Engineer
406604,Danai,Aingworth,5/22/64,2/24/98,1/1/99,Staff
406630,Aruna,Erez,12/15/64,12/18/94,1/1/99,Senior Staff
406633,Kensyu,Unno,11/16/64,11/17/92,1/1/99,Staff
406638,Lorien,Kalefeld,6/25/64,2/25/94,1/1/99,Staff
406646,Stepehn,Kavraki,5/1/63,7/10/88,1/1/99,Technique Leader
406647,Weidon,Pargaonkar,2/20/63,5/9/99,1/1/99,Staff
406648,Parviz,Akaboshi,6/11/64,9/1/85,1/1/99,Senior Staff
406658,Nobuyoshi,Thebaut,6/30/62,10/27/87,1/1/99,Staff
406660,Fabrizio,Jiang,1/16/63,8/5/96,1/1/99,Senior Engineer
406664,Sadegh,Gecseg,12/9/63,11/22/95,1/1/99,Engineer
406675,Padma,Narahara,12/8/64,6/3/95,1/1/99,Assistant Engineer
406682,Juyoung,Bamford,5/20/64,3/17/88,1/1/99,Senior Engineer
406683,Boalin,Rando,8/11/62,1/15/98,1/1/99,Staff
406687,Jianhua,Akazan,7/20/63,8/4/87,1/1/99,Senior Engineer
406690,Leszek,Maierhofer,8/18/64,7/9/99,1/1/99,Engineer
406694,Djelloul,Wilharm,10/19/63,1/29/92,1/1/99,Technique Leader
406705,Kannan,Jarecki,4/28/64,7/5/93,1/1/99,Staff
406707,Susumu,Hertweck,6/5/62,10/28/95,1/1/99,Engineer
406708,Luisa,Gulik,12/15/64,5/15/96,1/1/99,Engineer
406711,Sanjit,Georgatos,12/20/63,7/20/93,1/1/99,Engineer
406714,Malu,Ossenbruggen,2/1/65,11/21/86,1/1/99,Senior Staff
406725,Yonghoan,Standera,12/7/63,8/14/93,1/1/99,Senior Staff
406729,Utpal,Vernadat,9/21/62,5/19/96,1/1/99,Senior Engineer
406746,Takahira,DeMori,9/23/62,6/7/87,1/1/99,Senior Engineer
406750,Kiyokazu,Baaz,2/13/63,4/21/91,1/1/99,Staff
406755,Herbert,Birnbaum,3/3/64,3/31/97,1/1/99,Senior Engineer
406760,Maha,Gornas,2/6/64,6/26/99,1/1/99,Engineer
406761,Premsyl,Varman,10/21/63,6/25/94,1/1/99,Engineer
406764,Florian,Birch,5/21/63,8/30/88,1/1/99,Senior Engineer
406770,Masanao,Bierbaum,2/10/64,3/11/92,1/1/99,Engineer
406771,Tianruo,Strooper,10/25/63,9/20/95,1/1/99,Staff
406775,Moon,Parascandalo,12/5/63,8/7/96,1/1/99,Engineer
406780,Krister,Hatcliff,11/19/64,5/27/98,1/1/99,Engineer
406791,Kiyotoshi,Spelt,1/10/63,2/27/99,1/1/99,Engineer
406794,Jovan,Scharstein,5/5/62,6/18/88,1/1/99,Senior Staff
406796,Augustine,Demos,7/8/64,12/1/96,1/1/99,Engineer
406797,Halsur,Albarhamtoshy,10/21/64,9/3/93,1/1/99,Engineer
406805,Berna,Nishimukai,1/26/64,8/20/96,1/1/99,Senior Staff
406808,Masadi,Mayerwieser,8/25/64,2/5/95,1/1/99,Staff
406811,Monique,Narahara,8/29/64,2/5/93,1/1/99,Engineer
406821,Leah,Pettis,12/14/62,2/14/87,1/1/99,Engineer
406835,Olivera,Stentiford,2/1/62,2/26/88,1/1/99,Senior Staff
406837,Chirstian,Suwa,4/13/64,4/9/94,1/1/99,Senior Engineer
406845,Abdelaziz,Gammage,4/15/62,8/25/93,1/1/99,Staff
406847,Alexius,Crouzet,1/24/65,10/5/99,1/1/99,Staff
406851,DAIDA,Hambrick,3/11/62,7/11/96,1/1/99,Technique Leader
406852,Constantine,Zumaque,6/2/62,12/18/96,1/1/99,Engineer
406861,Yuping,Khalid,5/14/62,4/21/93,1/1/99,Staff
406864,Martijn,Garnham,10/17/63,12/31/98,1/1/99,Senior Staff
406875,Radhika,Speek,3/29/62,3/2/87,1/1/99,Senior Engineer
406879,Boguslaw,Nergos,9/29/64,1/7/91,1/1/99,Technique Leader
406880,Bogdan,Eterovic,6/11/63,10/27/91,1/1/99,Staff
406885,Mamdouh,Melton,8/15/64,5/12/89,1/1/99,Senior Engineer
406893,Boaz,Kusalik,6/18/62,12/10/96,1/1/99,Staff
406902,Fox,Back,7/9/62,7/26/94,1/1/99,Staff
406904,Sariel,Schnabel,10/5/64,4/21/94,1/1/99,Engineer
406906,Shih,Zucker,7/9/63,4/10/97,1/1/99,Engineer
406909,Nahla,Matzel,8/4/64,7/28/94,1/1/99,Staff
406912,Hidde,Bharadwaj,9/20/63,8/12/87,1/1/99,Engineer
406916,Zhiguo,Krogh,9/16/62,1/14/88,1/1/99,Engineer
406919,Van,Prochazka,11/16/62,12/1/89,1/1/99,Technique Leader
406921,Zejun,Vanwelkenhuysen,3/23/63,1/3/96,1/1/99,Staff
406925,Ioana,Zobel,10/1/63,6/21/92,1/1/99,Senior Staff
406927,Dante,Spelt,12/6/62,8/4/99,1/1/99,Engineer
406937,Halsur,Perly,3/1/62,6/19/91,1/1/99,Staff
406940,Ramalingam,Quaggetto,8/20/62,10/2/98,1/1/99,Staff
406944,Odysseas,Radwan,12/13/62,4/20/89,1/1/99,Senior Staff
406951,Kellyn,Percebois,4/2/64,6/20/96,1/1/99,Senior Staff
406953,Sachio,Tischendorf,9/29/63,5/11/98,1/1/99,Assistant Engineer
406955,Vasilis,Maksimenko,12/4/64,1/13/86,1/1/99,Senior Engineer
406958,Chirstian,Langford,3/17/62,12/22/90,1/1/99,Engineer
406974,Phillip,Badache,12/11/63,11/6/89,1/1/99,Engineer
406975,Dhritiman,McClurg,9/16/64,5/3/86,1/1/99,Engineer
406985,Xiaobin,Anger,3/2/63,12/26/93,1/1/99,Senior Staff
406990,Richard,Rahimi,12/5/62,9/28/91,1/1/99,Senior Staff
406993,Nidapan,Chinin,1/23/62,1/8/87,1/1/99,Assistant Engineer
406995,Kerryn,Koprowski,1/10/63,7/22/89,1/1/99,Engineer
406996,Fusako,Kornatzky,5/9/64,9/24/95,1/1/99,Senior Staff
407003,Muneo,Jumpertz,12/29/64,6/24/98,1/1/99,Senior Staff
407006,Tommaso,Vakili,8/28/64,9/1/88,1/1/99,Senior Staff
407019,Urs,Ghelli,1/2/63,8/2/89,1/1/99,Senior Staff
407034,Mostafa,Baak,1/26/64,2/17/95,1/1/99,Staff
407042,Mong,Wiegley,9/6/64,1/18/00,1/1/99,Staff
407046,Jackson,Ariola,4/11/63,2/28/95,1/1/99,Engineer
407050,Mohd,Dratva,7/18/62,1/7/00,1/1/99,Assistant Engineer
407061,Adit,Peha,8/29/62,5/25/01,1/1/99,Engineer
407067,Anyuan,Gaughan,7/9/64,2/5/98,1/1/99,Engineer
407068,Woody,Bail,8/4/63,8/26/90,1/1/99,Senior Staff
407069,Sanjeeva,Rajaraman,10/13/63,7/2/85,1/1/99,Senior Staff
407070,Kokou,Feldmann,12/5/63,11/25/92,1/1/99,Senior Staff
407085,Vugranam,Przulj,6/15/62,3/27/95,1/1/99,Senior Staff
407087,Seongbae,Vesel,7/16/62,8/12/94,1/1/99,Senior Engineer
407089,Yuichiro,Staelin,12/15/63,10/17/01,1/1/99,Senior Staff
407100,Prasadram,Flowers,8/11/64,6/29/85,1/1/99,Engineer
407108,Shigeaki,Vickson,3/10/63,11/20/87,1/1/99,Senior Engineer
407112,Zhiguo,Henseler,1/29/62,9/7/92,1/1/99,Senior Engineer
407115,Reuven,Heijenga,8/27/63,7/15/87,1/1/99,Senior Staff
407127,Reinhard,Danner,12/9/64,9/28/96,1/1/99,Senior Engineer
407140,Fayez,Malabarba,1/12/62,3/24/89,1/1/99,Senior Engineer
407146,Masoud,Menyhert,3/14/62,12/3/93,1/1/99,Staff
407147,Nigel,Wielonsky,4/6/64,10/6/94,1/1/99,Senior Engineer
407158,Sanjiv,Smailagic,6/28/64,7/24/90,1/1/99,Senior Engineer
407179,Arun,Farris,7/12/64,12/18/88,1/1/99,Senior Staff
407181,Haldon,Matzov,6/24/62,6/23/01,1/1/99,Senior Engineer
407196,Cheong,Horswill,4/21/62,1/3/96,1/1/99,Senior Staff
407197,Rimon,Massonet,2/13/63,8/13/90,1/1/99,Senior Staff
407215,Jouko,Schicker,9/29/62,8/10/93,1/1/99,Senior Staff
407218,Marie,Bondorf,7/22/64,4/14/94,1/1/99,Engineer
407224,Xumin,Rabehasaina,3/1/64,5/2/90,1/1/99,Senior Engineer
407234,Chenxi,Reutenauer,9/3/63,10/3/95,1/1/99,Senior Engineer
407244,Arunachalam,Plavsic,2/21/64,2/25/97,1/1/99,Engineer
407247,Perla,Cannata,5/5/64,12/2/95,1/1/99,Senior Engineer
407248,Yurij,Olivero,6/12/62,9/24/91,1/1/99,Senior Engineer
407249,Lobel,Fadgyas,6/19/64,11/5/92,1/1/99,Engineer
407261,Hitofumi,Walstra,5/21/63,4/9/95,1/1/99,Staff
407269,Xinyu,Munro,7/28/63,6/23/99,1/1/99,Senior Staff
407278,Gretta,Emmart,3/15/64,2/2/90,1/1/99,Senior Staff
407280,Yannis,Arlazarov,9/27/62,3/17/93,1/1/99,Senior Staff
407282,Jacqueline,Decaestecker,2/25/62,2/11/89,1/1/99,Technique Leader
407283,Zhonghui,DeMori,8/20/63,12/7/99,1/1/99,Engineer
407296,Kristine,Kushner,3/3/63,12/6/86,1/1/99,Senior Engineer
407297,Bader,Nations,9/19/64,4/15/93,1/1/99,Staff
407298,Jayesh,Underwood,6/19/64,1/1/97,1/1/99,Senior Staff
407310,Bartek,Pews,4/28/63,2/13/98,1/1/99,Assistant Engineer
407311,Minghong,Lakshmanan,1/18/62,11/28/99,1/1/99,Assistant Engineer
407321,Ipke,Baig,5/13/63,10/15/87,1/1/99,Senior Engineer
407322,Tetsurou,Sluis,6/29/64,9/2/86,1/1/99,Senior Engineer
407330,Toshiki,Sidhu,2/19/62,3/15/99,1/1/99,Engineer
407337,Shounak,Katzenelson,2/4/64,4/12/96,1/1/99,Technique Leader
407340,Uma,Anguita,12/31/64,7/20/90,1/1/99,Senior Staff
407349,Maya,Gewali,3/10/62,7/8/93,1/1/99,Senior Staff
407352,Dekang,Melski,2/17/62,5/25/94,1/1/99,Senior Staff
407356,Yifei,Porotnikoff,3/7/63,6/25/90,1/1/99,Senior Staff
407357,Kayoko,Tibblin,10/25/62,11/15/98,1/1/99,Assistant Engineer
407362,Chenyi,Azadmanesh,7/26/64,8/10/87,1/1/99,Senior Staff
407363,Mokhtar,Barriga,12/17/64,11/21/99,1/1/99,Engineer
407373,Kitty,Imataki,5/12/62,7/1/02,1/1/99,Engineer
407377,Aksel,Falck,1/11/64,9/2/94,1/1/99,Senior Engineer
407391,Serif,Chenney,3/18/62,7/19/90,1/1/99,Engineer
407394,Van,Biron,2/24/64,10/13/86,1/1/99,Staff
407401,George,Makrucki,5/20/64,1/14/99,1/1/99,Senior Engineer
407403,Teruyuki,Isaak,8/11/64,8/3/99,1/1/99,Engineer
407407,Martial,Majewski,5/17/63,6/23/99,1/1/99,Senior Engineer
407412,Mabry,Borovoy,7/4/64,2/28/95,1/1/99,Senior Staff
407417,Barton,Krider,6/5/63,8/18/94,1/1/99,Staff
407428,Xiaopeng,Brodie,5/31/64,10/15/92,1/1/99,Senior Staff
407429,Arumugam,Dolinsky,4/25/64,6/25/97,1/1/99,Engineer
407436,Abdelaziz,Polupanov,2/11/63,7/20/97,1/1/99,Engineer
407442,Arne,Hmelo,12/6/62,8/13/88,1/1/99,Engineer
407446,Chanjung,Boyle,11/7/64,8/27/86,1/1/99,Senior Engineer
407450,Fumitaka,Preusig,8/18/62,1/29/99,1/1/99,Senior Engineer
407453,Erez,Merlo,1/14/64,7/3/91,1/1/99,Senior Engineer
407464,KayLiang,Laurillard,11/29/62,12/12/88,1/1/99,Engineer
407469,Van,Portugali,8/31/64,3/22/87,1/1/99,Senior Staff
407473,Oddvar,Qiwen,11/30/63,2/27/89,1/1/99,Staff
407485,Masaru,Dulli,12/21/62,3/25/88,1/1/99,Senior Engineer
407496,Youssef,Chappelet,2/23/63,4/16/87,1/1/99,Senior Engineer
407502,Howell,Wuwongse,9/25/62,6/26/90,1/1/99,Staff
407505,Phuoc,Portugali,8/19/63,4/28/93,1/1/99,Senior Engineer
407509,Ramya,Zaccaria,2/23/64,5/31/96,1/1/99,Engineer
407515,Arnd,Uhrik,11/5/63,2/12/00,1/1/99,Senior Engineer
407522,Tommaso,Raczkowsky,1/25/65,8/29/96,1/1/99,Staff
407525,Zissis,Jumpertz,7/23/64,7/25/85,1/1/99,Senior Staff
407529,Nidapan,Mateescu,9/19/63,9/29/96,1/1/99,Engineer
407530,Shuho,Manderick,11/17/64,8/12/85,1/1/99,Staff
407532,Adel,Byoun,1/25/63,6/5/87,1/1/99,Senior Staff
407539,Nectarios,Christianini,8/28/63,12/16/98,1/1/99,Engineer
407541,Ung,Petereit,12/2/64,7/24/85,1/1/99,Senior Staff
407549,Gen,Nitsch,3/18/64,8/5/88,1/1/99,Senior Staff
407563,Etsuo,Vural,2/19/63,4/24/97,1/1/99,Staff
407574,Sanjit,Fasbender,12/8/64,2/28/92,1/1/99,Staff
407575,Atreyi,Reistad,1/20/62,6/14/97,1/1/99,Engineer
407605,Hatsukazu,Asser,10/9/62,5/1/91,1/1/99,Senior Staff
407610,Sibyl,Lupu,4/2/62,10/24/96,1/1/99,Staff
407617,Shahar,Pietracaprina,6/3/62,2/25/95,1/1/99,Staff
407620,Hongzue,Rabehasaina,12/24/64,10/11/94,1/1/99,Senior Engineer
407624,Udo,Parfitt,8/22/62,1/7/92,1/1/99,Technique Leader
407630,Leni,Janetzko,2/27/62,7/17/88,1/1/99,Senior Engineer
407647,Roselyn,Chaudhury,12/15/64,3/21/92,1/1/99,Staff
407651,Eben,Masada,7/13/62,2/16/92,1/1/99,Senior Staff
407663,Suzette,Olivero,9/17/63,1/27/95,1/1/99,Senior Staff
407667,Ranga,Kading,3/11/63,12/15/87,1/1/99,Engineer
407670,Thodoros,Kropatsch,7/27/62,8/24/94,1/1/99,Senior Engineer
407676,Mana,Jenevein,6/9/63,9/13/87,1/1/99,Staff
407679,Irena,Tetzlaff,10/23/62,9/28/96,1/1/99,Staff
407683,Tuval,Bahk,11/17/62,3/24/94,1/1/99,Senior Engineer
407687,Moni,Piazza,8/29/62,8/21/96,1/1/99,Staff
407690,Atilio,Kropp,7/4/64,8/15/01,1/1/99,Senior Staff
407692,Mamdouh,Pardalos,7/3/64,3/18/88,1/1/99,Engineer
407704,Kwun,Yoshimura,2/15/64,4/5/95,1/1/99,Engineer
407707,Martine,Beutelspacher,8/7/64,1/9/01,1/1/99,Senior Engineer
407709,Jouni,Msuda,3/12/62,11/14/96,1/1/99,Engineer
407711,Eberhardt,Haldar,2/13/64,7/31/85,1/1/99,Senior Staff
407718,Shushma,Pettit,4/22/64,4/30/96,1/1/99,Engineer
407723,Elgin,Vickson,10/7/62,8/15/96,1/1/99,Senior Engineer
407726,Fei,Nitta,6/14/62,11/23/87,1/1/99,Senior Engineer
407735,Amstein,Crabtree,5/20/62,7/4/85,1/1/99,Senior Engineer
407739,Munenori,Munro,12/8/63,8/10/97,1/1/99,Engineer
407748,Shai,Baezner,3/17/64,10/26/99,1/1/99,Technique Leader
407750,Magdalena,Douceur,12/5/62,9/13/00,1/1/99,Engineer
407755,Hongzue,Brattka,10/1/62,3/14/96,1/1/99,Staff
407756,Chikako,Baezner,4/22/63,8/5/92,1/1/99,Engineer
407763,JiYoung,Akaboshi,7/21/62,12/5/98,1/1/99,Engineer
407776,Maja,Lipner,5/12/64,1/3/88,1/1/99,Senior Engineer
407782,Kasturi,Bernini,10/24/64,2/12/94,1/1/99,Senior Staff
407784,Billie,Karlin,1/27/63,1/15/91,1/1/99,Senior Engineer
407798,Yuqun,Foong,10/9/62,12/17/88,1/1/99,Staff
407805,Atreyi,Cusworth,1/1/64,10/14/92,1/1/99,Senior Staff
407811,Sreenivas,Huttel,8/29/62,10/15/92,1/1/99,Senior Staff
407819,Chikako,Vitiello,6/16/63,1/23/92,1/1/99,Senior Engineer
407830,Ingemar,Crelier,1/13/62,1/12/98,1/1/99,Staff
407837,Fei,Erez,2/1/65,4/2/88,1/1/99,Senior Engineer
407838,Howell,Rosca,10/24/64,7/19/92,1/1/99,Assistant Engineer
407843,Danny,Brodie,12/27/62,6/21/89,1/1/99,Senior Staff
407858,Arnould,Kamble,12/19/63,8/4/91,1/1/99,Senior Staff
407859,Mikhail,Kroon,11/24/64,3/27/99,1/1/99,Engineer
407875,Kristinn,Bruckman,8/3/64,12/3/85,1/1/99,Senior Staff
407877,Shimshon,Baek,5/3/62,7/11/99,1/1/99,Senior Engineer
407881,Chandrasekaran,Gecseg,1/25/62,4/24/87,1/1/99,Staff
407885,Shaowei,Auyong,6/3/63,6/24/85,1/1/99,Staff
407888,Bogdan,Litzkow,4/18/62,3/18/94,1/1/99,Senior Engineer
407889,Mariusz,Alpay,11/12/64,6/24/88,1/1/99,Senior Staff
407891,Shunichi,Shimshoni,1/31/64,1/26/92,1/1/99,Engineer
407897,Uinam,Lortz,10/3/63,7/6/96,1/1/99,Engineer
407898,Georgy,Spataro,7/31/63,5/28/88,1/1/99,Senior Engineer
407907,Demin,Kranzdorf,8/17/64,6/2/92,1/1/99,Senior Engineer
407910,Terresa,Henseler,5/30/64,7/12/92,1/1/99,Staff
407917,Sanjay,Warwick,7/18/63,1/20/01,1/1/99,Assistant Engineer
407920,Quingbo,Leijenhorst,1/16/62,2/12/99,1/1/99,Engineer
407927,Arumugam,Brodal,3/18/62,8/29/89,1/1/99,Senior Staff
407939,Irena,Gammage,9/16/64,3/29/96,1/1/99,Staff
407947,Christoper,Dayana,9/16/62,4/2/85,1/1/99,Staff
407955,Phuoc,Thebaut,12/21/62,8/25/98,1/1/99,Engineer
407958,Uma,Luft,7/8/63,2/4/92,1/1/99,Staff
407961,Remco,Hofting,9/30/64,1/27/94,1/1/99,Staff
407971,Arnd,Hutter,5/30/64,5/11/93,1/1/99,Senior Staff
407975,Kazuhiko,Bennet,4/12/62,5/6/98,1/1/99,Senior Engineer
407977,Guoxiang,Marrakchi,8/30/62,6/8/95,1/1/99,Staff
408009,Yechezkel,Bridgland,7/7/63,11/15/90,1/1/99,Engineer
408019,Shridhar,Chleq,1/1/65,3/22/86,1/1/99,Assistant Engineer
408022,Lobel,Tramer,3/22/63,3/30/87,1/1/99,Senior Engineer
408025,Tooru,Ullian,9/28/63,2/11/99,1/1/99,Staff
408029,Katsuo,Msuda,6/15/63,8/15/85,1/1/99,Engineer
408038,Susanne,Dichev,1/5/63,7/18/94,1/1/99,Senior Staff
408049,Gererd,Tramer,11/21/64,1/5/01,1/1/99,Senior Staff
408051,Serap,Fritzsche,2/3/64,4/21/86,1/1/99,Senior Staff
408052,Boriana,Arlazarov,6/25/62,4/15/96,1/1/99,Staff
408055,Mikhail,Wrigley,9/25/62,10/4/98,1/1/99,Staff
408057,Ghassan,Warwick,7/10/62,7/19/85,1/1/99,Senior Engineer
408060,Theirry,Nitto,8/21/64,3/1/93,1/1/99,Senior Engineer
408062,Theron,Maierhofer,12/20/62,1/13/97,1/1/99,Staff
408066,Ziyad,Puppe,2/17/62,8/21/98,1/1/99,Staff
408073,Leandro,Lorcy,4/12/64,9/2/88,1/1/99,Senior Staff
408075,Jaewon,Terlouw,8/2/63,11/26/87,1/1/99,Staff
408076,Adly,Olano,5/26/62,10/31/96,1/1/99,Engineer
408079,Nirmal,Noriega,6/5/62,6/19/89,1/1/99,Senior Staff
408088,Phule,Peek,6/20/64,4/21/89,1/1/99,Senior Engineer
408092,Josyula,Miara,1/27/62,8/22/86,1/1/99,Staff
408094,Sashi,Daescu,4/13/63,8/15/97,1/1/99,Engineer
408114,Geoffrey,Ladret,1/5/65,1/3/94,1/1/99,Engineer
408135,Deniz,Ulupinar,10/30/63,1/18/01,1/1/99,Engineer
408139,Zejun,Madeira,8/25/62,4/21/92,1/1/99,Assistant Engineer
408146,Limsoon,Kakkad,9/28/64,10/21/96,1/1/99,Senior Staff
408148,Kotesh,Molberg,3/3/64,3/9/85,1/1/99,Senior Staff
408152,Duri,Coney,5/12/62,2/26/99,1/1/99,Staff
408157,Mohit,Boreale,1/2/64,1/19/93,1/1/99,Staff
408160,Xiaoheng,Schwabacher,10/19/63,2/1/95,1/1/99,Staff
408163,Irene,Sethi,1/21/65,8/12/00,1/1/99,Senior Engineer
408169,Sajjan,Kakkar,10/17/63,5/10/87,1/1/99,Senior Staff
408174,Teunis,Straney,5/13/62,5/30/99,1/1/99,Staff
408188,Manton,Schueller,7/10/63,4/8/98,1/1/99,Staff
408192,Kyoichi,Rahier,7/1/62,11/2/90,1/1/99,Senior Engineer
408195,Munehiro,Krzyzanowski,9/24/63,5/8/95,1/1/99,Engineer
408199,DeForest,Vilarrasa,3/30/62,2/5/99,1/1/99,Staff
408213,Rimon,Chelton,6/13/64,4/15/91,1/1/99,Senior Staff
408223,Chikara,Hitomi,8/8/62,9/16/87,1/1/99,Senior Engineer
408245,Yoshimitsu,Codenie,8/29/63,10/3/93,1/1/99,Engineer
408246,Lubomir,Oaver,2/10/63,5/9/88,1/1/99,Senior Engineer
408248,Fusako,Thiran,1/27/63,10/13/89,1/1/99,Senior Staff
408265,Mohua,Tramer,3/28/64,8/7/97,1/1/99,Staff
408274,Kwun,Schlegelmilch,4/29/64,4/6/97,1/1/99,Staff
408286,Adas,Honglei,5/20/64,4/28/99,1/1/99,Engineer
408287,Padma,Pouyioutas,6/6/63,5/16/92,1/1/99,Staff
408295,Vugranam,Auyong,6/7/63,5/22/91,1/1/99,Senior Engineer
408300,Baoqiu,Taubenfeld,1/26/62,12/20/97,1/1/99,Staff
408305,Nitsan,Angiulli,1/21/63,12/19/99,1/1/99,Engineer
408306,Tooru,Nishimukai,6/25/63,12/13/88,1/1/99,Senior Staff
408308,Demos,Quadeer,7/25/64,10/18/85,1/1/99,Senior Staff
408315,Bernardo,Farrel,6/20/62,10/27/89,1/1/99,Senior Staff
408320,Bangqing,Merks,10/26/62,10/13/97,1/1/99,Engineer
408322,Bouchung,Sridhar,3/3/62,7/18/95,1/1/99,Engineer
408323,Shuho,Marciano,9/20/63,3/29/90,1/1/99,Engineer
408332,Kristen,Hofting,7/18/63,4/8/99,1/1/99,Assistant Engineer
408336,Aamod,Schaad,3/4/63,6/3/96,1/1/99,Senior Staff
408349,Halsur,Munos,5/28/63,2/22/90,1/1/99,Senior Staff
408355,Khue,Dayang,6/25/62,8/9/85,1/1/99,Staff
408358,Josyula,Keirsey,6/24/63,3/9/94,1/1/99,Senior Staff
408361,Miomir,Weiland,2/27/63,10/1/87,1/1/99,Assistant Engineer
408366,Ziya,Peha,2/8/64,9/11/90,1/1/99,Staff
408372,Lalit,Unno,9/19/62,11/11/89,1/1/99,Engineer
408385,Maris,Whittlesey,7/25/62,4/28/93,1/1/99,Staff
408386,Zita,Randi,1/24/62,1/22/97,1/1/99,Senior Engineer
408387,Jinpo,Rotem,12/16/63,4/4/94,1/1/99,Senior Engineer
408388,Chiradeep,Ranai,12/13/62,2/5/89,1/1/99,Engineer
408393,Visit,Angelopoulos,6/24/62,2/21/90,1/1/99,Technique Leader
408401,Tua,Kowalchuk,8/15/62,11/9/98,1/1/99,Engineer
408405,Nidapan,Lamparter,8/14/63,12/31/91,1/1/99,Staff
408411,Paraskevi,Luan,4/18/63,12/27/91,1/1/99,Senior Staff
408412,Poorav,Chandrasekhar,2/21/64,8/26/92,1/1/99,Senior Staff
408413,Alassane,Wegerle,3/17/62,11/16/89,1/1/99,Senior Engineer
408416,Persi,Radivojevic,11/2/64,12/6/86,1/1/99,Engineer
408417,Tsz,Daescu,1/19/65,9/28/94,1/1/99,Staff
408418,Masoud,Meszaros,5/26/63,11/5/95,1/1/99,Senior Staff
408419,Chuanti,Frezza,11/18/62,9/20/95,1/1/99,Senior Staff
408421,Munir,Bach,8/11/63,8/26/91,1/1/99,Staff
408432,Kristin,Puoti,12/2/63,11/30/87,1/1/99,Technique Leader
408436,Bilhanan,Bressoud,8/2/64,3/16/00,1/1/99,Staff
408437,Uno,Solares,1/29/65,9/22/94,1/1/99,Senior Staff
408438,Angel,Douceur,2/14/64,8/29/92,1/1/99,Senior Engineer
408443,Yishai,Georg,3/19/62,8/6/97,1/1/99,Engineer
408447,Mayuri,Werthner,1/13/65,2/20/01,1/1/99,Senior Staff
408449,Roded,Yamaashi,1/12/64,12/7/97,1/1/99,Senior Engineer
408454,Youssef,Brender,11/3/64,9/24/91,1/1/99,Staff
408456,Maik,Gischer,9/9/64,8/7/85,1/1/99,Senior Engineer
408465,Masako,Bach,7/11/64,5/27/98,1/1/99,Engineer
408467,Ranga,Polajnar,8/10/63,12/22/97,1/1/99,Staff
408469,Khalid,Babu,9/7/63,5/11/99,1/1/99,Engineer
408471,Hidekazu,Bugaenko,3/14/63,12/17/93,1/1/99,Staff
408472,Boutros,Chartres,9/15/62,1/8/87,1/1/99,Engineer
408480,Pragnesh,Roisin,5/5/64,9/20/95,1/1/99,Senior Engineer
408482,Mariangiola,Daescu,8/22/64,11/25/90,1/1/99,Senior Staff
408487,Denis,Bruckman,8/7/62,6/5/91,1/1/99,Staff
408495,Basem,Bellone,12/21/64,2/19/89,1/1/99,Senior Engineer
408505,Shem,Champarnaud,8/12/63,7/27/99,1/1/99,Staff
408506,Emdad,Pusterhofer,1/10/64,2/4/96,1/1/99,Staff
408507,Radhia,Masand,6/6/62,6/3/89,1/1/99,Technique Leader
408511,Phillip,Randi,7/23/62,7/3/89,1/1/99,Senior Engineer
408513,King,Demri,12/18/64,5/15/97,1/1/99,Senior Staff
408520,Sasan,Baez,1/31/63,10/30/94,1/1/99,Senior Staff
408522,Jaber,Melter,4/23/63,8/19/97,1/1/99,Staff
408527,Takahiro,Greibach,11/21/63,3/22/94,1/1/99,Engineer
408534,Nikolaus,Heyers,5/30/64,6/27/91,1/1/99,Engineer
408541,Stepehn,Portugali,8/21/64,2/28/86,1/1/99,Engineer
408545,Yakichi,Flanders,9/23/64,10/20/96,1/1/99,Senior Staff
408550,Amalendu,Tsukuda,9/22/62,10/6/99,1/1/99,Assistant Engineer
408559,Rosine,England,8/12/63,10/25/92,1/1/99,Staff
408562,Toshiki,Luan,10/9/63,8/31/87,1/1/99,Senior Engineer
408573,Vincent,Anick,1/7/62,12/10/96,1/1/99,Staff
408583,Marek,Gulik,4/13/64,12/4/90,1/1/99,Senior Engineer
408588,Danco,Pelc,12/13/62,2/26/98,1/1/99,Technique Leader
408593,Gay,Peak,2/13/62,4/3/87,1/1/99,Senior Engineer
408597,Gay,Usery,2/11/62,3/30/89,1/1/99,Senior Staff
408599,Herbert,Lunn,3/23/63,5/8/98,1/1/99,Senior Engineer
408611,Geoffry,Tiemann,4/30/62,3/21/88,1/1/99,Technique Leader
408632,Mooi,Casley,2/21/64,10/24/94,1/1/99,Technique Leader
408638,Rimli,Xiaoshan,3/7/63,3/10/97,1/1/99,Senior Staff
408645,Junichi,Felder,3/11/62,4/17/88,1/1/99,Engineer
408649,Lene,Badr,8/27/62,3/7/90,1/1/99,Senior Staff
408654,Yongqiao,Cochrane,1/9/65,10/27/86,1/1/99,Staff
408656,Mario,Birch,4/19/64,11/11/85,1/1/99,Senior Staff
408664,Dmitry,Lichtman,2/22/62,8/1/94,1/1/99,Senior Staff
408677,Hideyuki,Gyimothy,3/23/64,4/17/94,1/1/99,Engineer
408681,Goncalo,Schwabacher,5/27/64,6/30/01,1/1/99,Senior Engineer
408685,Sakthirel,Demos,3/29/62,2/15/90,1/1/99,Senior Engineer
408688,Ferdinand,Worfolk,12/7/64,7/22/89,1/1/99,Senior Engineer
408691,Candida,Kuszyk,12/9/63,8/7/93,1/1/99,Senior Engineer
408694,Yuping,Eppinger,3/17/64,2/14/85,1/1/99,Senior Engineer
408702,Steve,Cheshire,11/20/63,8/29/88,1/1/99,Senior Staff
408703,Kristin,Thibadeau,9/26/64,9/29/87,1/1/99,Senior Engineer
408707,Ayonca,Lamba,11/22/62,7/19/91,1/1/99,Staff
408715,Hilari,Bennis,11/9/62,12/21/91,1/1/99,Senior Staff
408733,Selwyn,Showalter,3/25/63,10/27/89,1/1/99,Senior Staff
408738,Mingdong,Mersereau,7/22/63,8/27/98,1/1/99,Assistant Engineer
408743,Bluma,Walstra,3/19/64,4/1/85,1/1/99,Senior Staff
408754,Adas,Linares,5/21/62,6/25/92,1/1/99,Senior Staff
408756,Sverrir,Einsfeld,11/4/62,1/9/99,1/1/99,Staff
408765,Lidong,Puppo,10/13/64,9/29/96,1/1/99,Assistant Engineer
408766,Boalin,Penz,12/10/62,7/1/90,1/1/99,Senior Engineer
408767,Nathalie,Skafidas,11/3/62,4/3/91,1/1/99,Senior Engineer
408776,Rafols,Rodite,11/3/63,1/11/93,1/1/99,Technique Leader
408779,Tamiya,Aamodt,3/14/64,3/14/99,1/1/99,Staff
408783,Ute,Raoux,4/17/62,8/16/93,1/1/99,Senior Staff
408784,Constantijn,Sidou,2/4/62,8/1/02,1/1/99,Engineer
408787,Eishiro,Cardazo,11/13/63,3/23/99,1/1/99,Engineer
408791,Youjian,Billingsley,11/10/63,8/15/86,1/1/99,Engineer
408794,Sudhanshu,Sanella,4/9/63,1/11/96,1/1/99,Senior Staff
408809,Uwe,Delaune,6/11/63,7/24/92,1/1/99,Engineer
408817,Goetz,Veeraraghavan,10/8/62,4/4/87,1/1/99,Senior Staff
408832,Marlo,Velasco,6/5/62,2/16/89,1/1/99,Staff
408838,Selwyn,Vesna,3/10/64,11/4/85,1/1/99,Engineer
408841,Jenwei,Kumaresan,4/8/63,9/23/91,1/1/99,Senior Staff
408844,Elvis,Dulin,11/13/63,11/16/96,1/1/99,Senior Engineer
408847,Paris,Escriba,9/5/64,8/26/85,1/1/99,Senior Staff
408849,Kazuhiro,Maquelin,12/9/63,5/30/99,1/1/99,Senior Engineer
408864,Akeel,Swab,11/2/63,2/25/85,1/1/99,Senior Staff
408865,Sedat,Erbe,12/17/63,6/11/96,1/1/99,Senior Engineer
408866,Jackson,Olano,3/4/64,9/29/96,1/1/99,Engineer
408876,Yinlin,Auyong,7/20/62,2/22/95,1/1/99,Senior Staff
408878,Satoru,Michaels,11/23/64,3/22/94,1/1/99,Staff
408884,Filipp,Luck,12/3/62,6/27/95,1/1/99,Staff
408887,Gurbir,Wallrath,5/29/62,12/26/96,1/1/99,Assistant Engineer
408890,Lokesh,Ozery,6/14/63,1/13/99,1/1/99,Senior Engineer
408896,Kagan,Porenta,1/7/62,2/10/97,1/1/99,Staff
408898,Chaosheng,Waschkowski,4/22/63,3/1/92,1/1/99,Engineer
408900,Sarita,Bahi,6/14/64,2/12/85,1/1/99,Senior Staff
408902,Zsolt,Kawashimo,3/18/64,8/1/89,1/1/99,Senior Staff
408903,Zhonghui,Kilgore,9/13/64,6/14/95,1/1/99,Technique Leader
408909,Yurij,Cannard,3/18/62,3/21/98,1/1/99,Senior Engineer
408912,Mads,McConalogue,10/1/62,10/26/87,1/1/99,Engineer
408913,Wilmer,Cummings,3/10/62,3/24/97,1/1/99,Engineer
408919,Jeanne,Varker,10/7/63,9/10/93,1/1/99,Engineer
408921,Rosella,Dalphin,2/24/64,3/21/98,1/1/99,Staff
408929,Gao,Gischer,3/31/62,3/20/96,1/1/99,Senior Staff
408933,Yefim,Heering,5/23/63,3/8/86,1/1/99,Staff
408939,Przemyslawa,Beidas,5/1/62,5/8/99,1/1/99,Staff
408951,Palash,Rissanen,11/25/64,7/10/85,1/1/99,Senior Engineer
408953,Jolita,Claffy,1/26/65,12/24/93,1/1/99,Senior Engineer
408958,Wanqing,Niizuma,3/31/62,11/4/86,1/1/99,Senior Staff
408961,Shigeu,Babb,12/15/64,1/13/99,1/1/99,Senior Staff
408969,Nechama,Trogemann,1/2/63,6/30/96,1/1/99,Staff
408970,Djelloul,Claffy,2/3/64,2/23/86,1/1/99,Engineer
408983,Maris,Ushiama,1/5/64,6/19/89,1/1/99,Staff
408988,Leaf,Menyhert,4/6/64,3/24/87,1/1/99,Staff
409003,Fumitaka,Reeker,2/26/62,2/14/97,1/1/99,Technique Leader
409006,Moni,Birnbaum,7/25/63,3/30/95,1/1/99,Senior Engineer
409008,Heeju,Piveteau,11/7/63,5/2/02,1/1/99,Engineer
409010,Baziley,Gulak,2/22/63,4/19/86,1/1/99,Senior Engineer
409014,Kauko,Peng,9/25/63,10/1/87,1/1/99,Senior Staff
409015,Maik,Kavanagh,8/14/63,3/6/86,1/1/99,Staff
409023,Chikara,Yavatkar,11/25/62,7/14/91,1/1/99,Senior Engineer
409026,Christophe,Georg,2/21/62,7/25/89,1/1/99,Senior Engineer
409027,Kazuhide,Munawer,3/9/62,11/14/98,1/1/99,Staff
409038,George,Felcyn,2/5/64,5/4/98,1/1/99,Senior Engineer
409041,Dmitri,Hammerschmidt,6/4/63,9/20/90,1/1/99,Engineer
409044,Nevin,Ebeling,1/18/63,1/11/93,1/1/99,Senior Staff
409049,Huiqun,Stille,12/16/63,7/29/87,1/1/99,Senior Staff
409051,Becky,Pouyioutas,1/5/63,8/21/93,1/1/99,Senior Engineer
409054,Chuanyi,Walston,7/19/63,8/20/86,1/1/99,Engineer
409059,Hauke,Scallan,6/22/63,12/31/89,1/1/99,Engineer
409060,Faiza,Kitai,3/15/63,3/3/96,1/1/99,Staff
409074,Berto,Fujisawa,2/14/63,5/18/96,1/1/99,Staff
409075,Yucai,Veldwijk,1/6/62,10/5/00,1/1/99,Staff
409081,Lech,Cmelik,7/9/64,4/10/92,1/1/99,Engineer
409093,Anoosh,Falck,12/20/63,12/9/91,1/1/99,Senior Staff
409101,Peer,Brizzi,5/23/63,2/11/89,1/1/99,Engineer
409102,Holgard,Radwan,5/10/63,9/14/85,1/1/99,Senior Staff
409129,Laurentiu,DuBourdieux,6/4/63,5/24/94,1/1/99,Engineer
409131,Huan,Karner,6/18/62,8/13/86,1/1/99,Engineer
409137,Raimond,Lodder,12/1/63,9/27/88,1/1/99,Senior Engineer
409152,Adin,Rubsam,8/23/64,12/25/94,1/1/99,Senior Engineer
409159,Jayesh,Picco,9/7/62,10/18/99,1/1/99,Engineer
409174,Arnd,Lamma,5/31/62,9/28/97,1/1/99,Engineer
409176,Ewing,Laventhal,9/23/64,11/15/91,1/1/99,Staff
409182,Zissis,Einsfeld,11/10/64,4/1/87,1/1/99,Senior Staff
409184,Mats,Zongker,1/11/64,10/26/87,1/1/99,Senior Engineer
409185,Shigeo,Schicker,9/19/63,1/7/90,1/1/99,Senior Engineer
409192,Chaosheng,Jonsson,2/3/62,12/16/89,1/1/99,Senior Staff
409194,Arra,Thombley,7/2/62,6/21/94,1/1/99,Senior Staff
409197,Aamod,Marsiglia,1/12/62,7/29/92,1/1/99,Senior Staff
409201,Yongdong,Panienski,11/21/63,12/20/98,1/1/99,Senior Staff
409202,Dinkar,Rabehasaina,8/24/62,7/6/89,1/1/99,Engineer
409205,Martine,Lampe,4/27/64,5/4/98,1/1/99,Staff
409207,Rosalyn,Billingsley,4/21/63,2/2/87,1/1/99,Engineer
409209,Nitsan,Bratsberg,1/23/63,5/4/98,1/1/99,Engineer
409216,Goo,Chaudhury,5/15/63,1/9/91,1/1/99,Senior Staff
409225,Nimmagadda,Dechter,3/6/64,4/14/91,1/1/99,Senior Engineer
409228,Rosita,Bael,5/7/63,8/5/88,1/1/99,Staff
409237,Sampalli,Srimani,11/4/62,5/28/86,1/1/99,Senior Staff
409239,Juichirou,Vrecion,7/6/63,10/21/85,1/1/99,Senior Engineer
409251,Bikash,Peron,10/7/64,8/2/00,1/1/99,Senior Staff
409252,Itzchak,Skafidas,2/26/62,11/6/94,1/1/99,Senior Staff
409255,Serap,Barbanera,4/11/64,8/31/87,1/1/99,Staff
409259,Eric,Georg,6/11/62,4/28/94,1/1/99,Senior Engineer
409260,Fumiya,Ambroszkiewicz,11/22/62,10/15/97,1/1/99,Engineer
409265,Maha,Schaad,11/29/63,6/16/99,1/1/99,Senior Engineer
409276,Marsha,Staylopatis,8/4/64,4/19/94,1/1/99,Senior Engineer
409277,Nathalie,Schwartzburd,7/18/64,7/3/96,1/1/99,Senior Engineer
409282,Weidon,Muhlberg,1/30/63,11/28/98,1/1/99,Staff
409284,Alejandro,Lorcy,5/28/63,3/12/92,1/1/99,Staff
409286,Giordano,Koshino,11/23/64,1/16/95,1/1/99,Senior Staff
409287,Shuho,Arlazarov,1/18/64,10/28/85,1/1/99,Senior Engineer
409297,Inderjeet,Pintelas,5/8/64,2/14/97,1/1/99,Engineer
409298,Shooichi,Masada,8/13/63,11/21/92,1/1/99,Assistant Engineer
409301,Florian,Harllee,12/9/64,6/16/85,1/1/99,Staff
409304,Peternela,Alpin,11/4/64,2/5/94,1/1/99,Senior Engineer
409313,Khedija,Stanger,6/7/62,5/11/89,1/1/99,Engineer
409314,Gilbert,Chimia,8/16/63,3/4/95,1/1/99,Senior Staff
409315,Shay,Versino,5/17/62,4/15/94,1/1/99,Staff
409316,Bernice,Marrevee,11/22/62,11/21/87,1/1/99,Staff
409319,Tse,Randi,4/25/64,5/31/94,1/1/99,Senior Staff
409322,Shahaf,Khasidashvili,1/31/63,4/12/88,1/1/99,Senior Staff
409323,Manu,Saoudi,9/29/64,5/2/86,1/1/99,Technique Leader
409330,Odoardo,Laurillard,12/18/63,1/18/94,1/1/99,Senior Staff
409333,Mark,Griswold,1/16/62,4/2/98,1/1/99,Assistant Engineer
409336,Arch,Khalil,2/26/64,8/31/95,1/1/99,Staff
409356,Parke,Rosiles,2/7/63,11/17/87,1/1/99,Staff
409369,Breannda,Solovay,12/4/64,9/28/88,1/1/99,Engineer
409380,Jacopo,Valette,6/30/63,4/1/97,1/1/99,Technique Leader
409381,Florina,Potthoff,3/24/64,4/26/95,1/1/99,Senior Engineer
409382,Dzung,Gyimothy,2/18/64,3/14/00,1/1/99,Engineer
409391,Willard,Verspoor,1/6/65,2/28/99,1/1/99,Engineer
409401,Yakkov,Simmel,5/12/62,10/26/85,1/1/99,Staff
409402,Prodip,Gaughan,8/27/64,2/9/96,1/1/99,Senior Staff
409404,Tzvetan,Hatcliff,5/23/63,7/31/86,1/1/99,Staff
409405,Tonny,Ruther,5/11/64,4/27/86,1/1/99,Senior Staff
409407,Bilhanan,Georgatos,11/17/64,5/25/94,1/1/99,Engineer
409411,Abdulla,Azevdeo,9/1/63,2/13/85,1/1/99,Senior Staff
409414,Nagui,Cullers,6/16/63,9/27/98,1/1/99,Engineer
409424,Fox,Katalagarianos,3/5/63,11/24/96,1/1/99,Senior Staff
409426,Tesuro,Azadmanesh,11/16/63,12/24/95,1/1/99,Staff
409432,Alexius,Bennis,12/27/64,5/17/93,1/1/99,Senior Engineer
409437,Xuedong,Lunn,3/29/63,3/7/86,1/1/99,Assistant Engineer
409442,Barun,Szilard,12/1/63,1/31/89,1/1/99,Engineer
409455,Jianhua,Schneeberger,6/18/64,11/15/91,1/1/99,Engineer
409464,Tetsushi,Schnelling,11/10/62,7/17/87,1/1/99,Senior Staff
409465,Alejandra,Birta,10/4/62,10/9/88,1/1/99,Senior Staff
409478,Aruna,Ducloy,1/1/62,9/20/90,1/1/99,Staff
409486,Jeane,Dymetman,1/23/63,12/13/94,1/1/99,Staff
409493,Jinxi,Kirkerud,7/10/64,1/18/94,1/1/99,Staff
409494,Xinyu,Serot,7/3/63,12/27/97,1/1/99,Engineer
409495,Foong,Gonthier,8/8/64,8/11/98,1/1/99,Assistant Engineer
409497,Domenico,Qiwen,7/5/64,9/6/91,1/1/99,Staff
409500,Yagil,Schreiter,7/24/63,12/25/87,1/1/99,Staff
409501,Ung,Usery,11/15/63,8/27/89,1/1/99,Senior Engineer
409504,Younwoo,Sambasivam,2/6/62,6/4/91,1/1/99,Staff
409506,Mahendra,Kusalik,8/27/62,4/9/00,1/1/99,Engineer
409510,Deborah,McDermid,4/30/64,10/19/98,1/1/99,Engineer
409516,Tru,Grospietsch,1/8/63,11/24/86,1/1/99,Senior Staff
409523,Chuanti,Perri,10/8/64,11/19/96,1/1/99,Engineer
409532,Wilmer,Baumann,12/8/64,12/6/87,1/1/99,Assistant Engineer
409533,Satoru,Setlzner,12/7/63,2/5/88,1/1/99,Engineer
409536,Rosalyn,Bade,10/10/64,11/23/87,1/1/99,Staff
409545,Eben,Wissmann,6/23/62,8/13/98,1/1/99,Technique Leader
409549,Shuichi,Schreiter,1/5/62,6/5/91,1/1/99,Senior Staff
409552,Sedat,Navazio,9/21/63,5/3/90,1/1/99,Engineer
409554,Danil,Lunt,5/12/64,7/11/94,1/1/99,Senior Engineer
409567,Nahum,Demke,8/29/64,9/15/91,1/1/99,Senior Staff
409575,Caolyn,Karner,12/13/64,11/16/97,1/1/99,Engineer
409582,Elliott,Itzigehl,1/11/64,11/11/87,1/1/99,Senior Engineer
409583,Rosella,Markovitch,3/28/62,1/5/86,1/1/99,Engineer
409587,Baruch,Apsitis,3/31/64,11/26/00,1/1/99,Senior Staff
409592,Bernardo,Zambonelli,3/3/64,7/11/85,1/1/99,Senior Staff
409600,Nalini,Assaf,4/15/64,10/30/85,1/1/99,Senior Staff
409639,Weicheng,Hutton,3/21/62,1/19/91,1/1/99,Engineer
409641,Lakshmi,Cochrane,4/21/64,12/3/01,1/1/99,Staff
409642,Luise,Quadeer,9/26/64,3/10/94,1/1/99,Senior Engineer
409643,Martina,Uhrig,1/24/63,7/22/97,1/1/99,Engineer
409646,Mariangiola,Conia,2/12/62,12/30/87,1/1/99,Staff
409647,Nishit,Oxman,8/12/64,9/21/99,1/1/99,Technique Leader
409653,Kwangsub,Muchinsky,5/14/63,10/23/91,1/1/99,Staff
409659,Ortrun,Morrow,9/28/62,11/4/87,1/1/99,Assistant Engineer
409666,Michaela,Murtafg,12/10/63,11/8/88,1/1/99,Senior Staff
409676,Shounak,Schonegge,2/28/62,5/31/94,1/1/99,Senior Engineer
409682,Fuqing,Bhattacharjee,2/16/62,1/3/96,1/1/99,Senior Engineer
409687,Uinam,Capobianchi,5/29/62,5/6/97,1/1/99,Senior Staff
409689,Krisda,Riexinger,11/25/63,5/27/94,1/1/99,Staff
409690,Satoru,Ghemri,11/29/62,10/6/90,1/1/99,Engineer
409693,Hein,Riefers,7/1/64,9/9/85,1/1/99,Staff
409702,Mototsugu,Leivant,1/28/64,9/28/98,1/1/99,Staff
409703,Gina,Kobuchi,7/23/63,2/14/95,1/1/99,Assistant Engineer
409713,Tommaso,Braunmuhl,11/10/62,5/30/97,1/1/99,Staff
409714,Arun,Heping,11/17/64,2/17/91,1/1/99,Senior Staff
409728,Remco,Rettelbach,6/15/62,11/13/90,1/1/99,Engineer
409730,Amabile,Rindone,6/3/63,3/15/92,1/1/99,Senior Engineer
409736,Valeska,Blokdijk,1/21/63,2/14/89,1/1/99,Staff
409746,Tayeb,Whittlesey,5/18/62,4/15/88,1/1/99,Senior Engineer
409750,Herbert,Bernardinello,5/3/64,6/2/94,1/1/99,Senior Staff
409754,Khun,Weedman,9/9/62,10/21/91,1/1/99,Senior Engineer
409762,Supot,Bernatsky,2/18/64,2/14/93,1/1/99,Senior Engineer
409764,Sanjoy,Geffroy,12/4/62,3/5/95,1/1/99,Engineer
409775,Miomir,Peng,12/14/62,2/16/91,1/1/99,Senior Staff
409776,Lena,Collavizza,1/4/64,10/18/95,1/1/99,Senior Staff
409789,Masato,Frijda,1/16/63,5/17/89,1/1/99,Senior Engineer
409790,Miquel,Marrakchi,8/8/62,12/18/89,1/1/99,Senior Engineer
409798,Dekang,Tsunoo,1/15/65,1/19/95,1/1/99,Technique Leader
409801,Gopalakrishnan,Pelz,10/14/62,4/23/92,1/1/99,Senior Staff
409805,Frazer,Candan,1/15/65,3/5/99,1/1/99,Senior Engineer
409807,Aksel,Apsitis,5/9/63,3/14/97,1/1/99,Senior Staff
409808,Along,Linares,12/27/64,5/30/99,1/1/99,Assistant Engineer
409811,Kristof,Papadias,3/19/63,1/30/99,1/1/99,Senior Staff
409827,Ymte,Shobatake,9/16/63,1/20/88,1/1/99,Senior Staff
409832,JoAnne,Syang,6/29/62,12/19/93,1/1/99,Engineer
409860,Aris,Desikan,10/16/64,7/8/01,1/1/99,Assistant Engineer
409863,Yunming,Alpay,1/24/63,8/30/93,1/1/99,Technique Leader
409869,Ortrud,Crooks,5/14/64,7/27/96,1/1/99,Senior Staff
409876,Niteen,Picaronny,4/20/62,5/24/88,1/1/99,Senior Engineer
409882,Jenwei,Anger,12/6/64,5/15/99,1/1/99,Engineer
409885,Saniya,Cummings,6/9/63,9/25/88,1/1/99,Senior Engineer
409890,Wuxu,Giveon,3/13/62,6/30/99,1/1/99,Senior Staff
409892,Breannda,Orlowski,11/18/62,6/24/91,1/1/99,Engineer
409894,Bowen,Lanphier,8/8/63,6/15/88,1/1/99,Staff
409896,Gretta,Juneja,11/23/64,3/17/89,1/1/99,Engineer
409898,Divier,Ishibashi,2/1/65,9/22/89,1/1/99,Engineer
409899,Djelloul,Verspoor,4/1/63,4/23/93,1/1/99,Senior Staff
409900,Oguz,Lakshmanan,10/17/64,8/16/95,1/1/99,Engineer
409902,Greger,Lyonns,2/17/63,11/7/96,1/1/99,Engineer
409910,Adly,Gladwell,2/26/64,3/7/97,1/1/99,Senior Staff
409911,Mostafa,Vakili,2/25/62,8/20/85,1/1/99,Staff
409913,Mahendra,Honiden,7/4/62,3/28/97,1/1/99,Assistant Engineer
409915,Hisao,Scharstein,9/21/62,3/27/96,1/1/99,Senior Engineer
409921,Kristine,Trystram,10/31/63,3/6/97,1/1/99,Engineer
409922,Taizo,Silva,7/23/62,1/23/88,1/1/99,Staff
409930,Parviz,Linnainmaa,1/11/64,2/4/85,1/1/99,Engineer
409932,Hatsukazu,Nourani,7/12/64,1/3/89,1/1/99,Engineer
409937,Xiaoqiang,Borstler,8/4/63,5/7/97,1/1/99,Senior Staff
409951,Sigeru,Radwan,3/18/64,8/26/85,1/1/99,Senior Engineer
409953,Peer,Auyong,12/11/62,5/25/99,1/1/99,Staff
409964,Shuky,Peot,8/29/62,11/18/90,1/1/99,Senior Staff
409980,Ishfaq,Sherertz,9/14/64,12/26/90,1/1/99,Staff
409981,Anneli,Sundgren,2/24/63,2/11/90,1/1/99,Senior Staff
409986,Wojceich,Stentiford,6/29/63,8/23/00,1/1/99,Staff
409990,Serap,Kowalchuk,2/25/62,7/8/86,1/1/99,Technique Leader
409996,Jolita,Rajala,1/4/63,10/30/89,1/1/99,Engineer
409998,Matt,Bellmore,12/17/62,12/17/90,1/1/99,Senior Engineer
410013,Khedija,Penz,6/30/64,8/6/97,1/1/99,Senior Engineer
410015,Gonzalo,Cooley,4/8/62,2/16/96,1/1/99,Engineer
410022,Taizo,Atrawala,12/19/64,12/16/96,1/1/99,Staff
410028,Xiadong,McClurg,1/11/65,9/17/85,1/1/99,Staff
410030,Kwangho,Barinka,2/14/62,5/8/93,1/1/99,Staff
410033,Shrikanth,Shimshoni,2/1/62,9/30/97,1/1/99,Senior Engineer
410044,Takahira,Poehlman,2/24/64,10/24/86,1/1/99,Senior Engineer
410047,Masato,Sommer,8/9/63,7/22/96,1/1/99,Staff
410051,Zeydy,Kavraki,12/5/63,4/25/94,1/1/99,Senior Engineer
410059,Nectarios,Edelhoff,8/20/62,6/14/01,1/1/99,Engineer
410064,Zhonghua,Narwekar,6/13/62,1/25/99,1/1/99,Staff
410075,Dung,Sudkamp,6/10/62,8/30/92,1/1/99,Senior Engineer
410088,Fen,Thorelli,3/4/63,10/21/90,1/1/99,Senior Engineer
410092,Sadok,Khalil,8/30/64,2/6/87,1/1/99,Senior Staff
410096,Yishai,Tempesti,4/17/62,6/25/86,1/1/99,Senior Staff
410102,Freyja,Kushnir,1/30/64,9/4/92,1/1/99,Senior Staff
410110,Arnould,Shiratori,10/25/64,9/14/96,1/1/99,Engineer
410113,Mikhail,Falster,11/18/63,7/1/93,1/1/99,Senior Staff
410114,Yongmao,Fontan,3/24/63,7/28/90,1/1/99,Staff
410130,Fai,Remmers,1/22/63,9/28/89,1/1/99,Engineer
410131,Satosi,Bennis,3/15/62,1/27/96,1/1/99,Assistant Engineer
410132,Stepehn,Iwayama,5/29/62,6/14/97,1/1/99,Staff
410135,Xudong,Schurmann,6/1/62,12/9/86,1/1/99,Staff
410142,Toshiko,Randt,12/19/62,7/22/86,1/1/99,Senior Staff
410143,Dietrich,Hiltgen,6/24/63,3/21/97,1/1/99,Staff
410145,Bodh,Merle,9/18/62,2/20/95,1/1/99,Senior Engineer
410149,Xuejun,Demri,2/7/62,5/31/99,1/1/99,Engineer
410152,Mitsuyuki,Erdmenger,6/25/62,3/9/98,1/1/99,Staff
410164,Mabhin,Eickenmeyer,2/3/63,4/22/91,1/1/99,Engineer
410167,Kousuke,Taubman,3/12/63,3/13/02,1/1/99,Senior Staff
410169,Masako,Matzen,3/19/64,7/17/97,1/1/99,Staff
410171,Susanne,Gecsei,4/6/64,12/10/97,1/1/99,Engineer
410176,Alair,Peltason,10/3/64,7/5/97,1/1/99,Engineer
410178,Subhankar,Polajnar,1/6/63,10/28/87,1/1/99,Technique Leader
410183,Bokyung,Rajaraman,2/19/64,5/24/86,1/1/99,Assistant Engineer
410186,Nimmagadda,Simmel,1/6/63,6/25/94,1/1/99,Senior Engineer
410192,Shakhar,Rebaine,11/16/62,9/24/86,1/1/99,Senior Staff
410198,Sanjeeva,Rajcani,7/27/64,12/1/90,1/1/99,Senior Staff
410199,Zhiguo,Asrin,6/19/62,4/7/97,1/1/99,Engineer
410209,Takanari,Barbanera,3/11/64,7/9/85,1/1/99,Senior Engineer
410210,Tzvetan,Waeselynck,3/9/62,7/15/94,1/1/99,Engineer
410217,Chiradeep,Rissanen,6/15/63,11/25/94,1/1/99,Senior Engineer
410222,Tayeb,Junet,10/7/62,12/30/88,1/1/99,Engineer
410226,Kristine,Besselaar,10/24/63,2/4/99,1/1/99,Engineer
410230,Masaki,Ariola,12/15/64,8/22/95,1/1/99,Engineer
410235,JoAnna,Poujol,8/8/64,6/2/89,1/1/99,Staff
410241,Abdelghani,Stanfel,12/1/64,10/12/86,1/1/99,Senior Engineer
410244,Arnould,Rusterholz,4/4/62,3/7/85,1/1/99,Senior Engineer
410246,Yurij,Tagansky,1/18/64,11/13/90,1/1/99,Engineer
410264,Vishv,Vesel,3/6/64,8/3/87,1/1/99,Technique Leader
410269,Susanta,Bale,7/1/62,11/17/89,1/1/99,Staff
410270,Gad,Shimshoni,10/23/64,12/26/94,1/1/99,Senior Engineer
410280,Oksana,Ponthieu,8/28/63,5/22/01,1/1/99,Staff
410281,Kitty,Ghelli,3/3/64,4/29/95,1/1/99,Senior Staff
410282,Xiaoqiu,Yurek,3/30/63,12/15/91,1/1/99,Senior Engineer
410286,Sachar,Salverda,12/31/62,10/23/88,1/1/99,Engineer
410287,Seongbin,Rubsam,3/14/62,2/14/93,1/1/99,Senior Engineer
410288,Gad,Bharadwaj,2/12/64,7/3/94,1/1/99,Senior Engineer
410291,Geraldo,Schueller,8/29/64,5/15/94,1/1/99,Staff
410294,Khedija,Fendler,3/1/62,1/11/97,1/1/99,Staff
410296,Florina,Alblas,9/11/63,2/16/94,1/1/99,Senior Staff
410298,Sorina,Stiles,3/2/62,8/27/00,1/1/99,Senior Engineer
410308,Debaprosad,Jiang,2/17/62,4/8/93,1/1/99,Engineer
410322,Vasilii,Pettey,8/4/64,7/2/95,1/1/99,Senior Staff
410329,Alagu,Poupard,11/27/63,1/24/89,1/1/99,Staff
410334,Niranjan,Peron,1/5/64,3/3/89,1/1/99,Senior Engineer
410339,Ronghao,Nastansky,4/27/63,10/11/86,1/1/99,Senior Staff
410346,Tzvetan,Ishibashi,12/4/63,2/26/96,1/1/99,Engineer
410358,Kensei,Gadepally,1/13/64,8/23/90,1/1/99,Assistant Engineer
410362,Ymte,Rahimi,7/23/63,12/10/91,1/1/99,Senior Staff
410369,Xiaoqiu,Schwaller,9/18/62,7/21/91,1/1/99,Staff
410371,Laurentiu,Schusler,11/26/63,6/20/94,1/1/99,Senior Engineer
410372,Duri,Mitina,1/8/65,3/4/90,1/1/99,Senior Engineer
410373,Babette,Kranzdorf,11/20/63,8/25/95,1/1/99,Assistant Engineer
410374,Valeska,Kolvik,5/29/62,5/1/98,1/1/99,Staff
410380,Leucio,Esposito,8/30/64,8/3/90,1/1/99,Engineer
410384,Turgut,Cooke,1/24/62,3/23/92,1/1/99,Senior Engineer
410388,Amstein,Peir,1/6/63,12/2/93,1/1/99,Senior Staff
410389,Chandrasekaran,Manderick,4/5/62,8/12/91,1/1/99,Senior Staff
410390,Kazuhiko,Steinauer,7/19/64,10/17/94,1/1/99,Engineer
410391,Collette,Vural,5/28/62,10/28/85,1/1/99,Technique Leader
410397,Stabislas,Schoegge,7/27/63,6/14/99,1/1/99,Engineer
410403,Abdelaziz,Skrikant,1/26/63,8/29/93,1/1/99,Senior Staff
410408,Bodh,Baby,2/19/62,8/15/99,1/1/99,Engineer
410413,Shmuel,Heiserman,3/20/63,12/1/90,1/1/99,Senior Engineer
410420,Lene,Krider,4/15/62,6/19/99,1/1/99,Senior Staff
410424,Shugo,Hasham,11/7/62,8/21/91,1/1/99,Engineer
410431,Koldo,Hashii,8/16/63,6/12/98,1/1/99,Assistant Engineer
410432,Udo,Reinhard,1/8/64,10/14/96,1/1/99,Technique Leader
410433,Kazuhisa,Riesenhuber,1/19/65,10/6/92,1/1/99,Senior Engineer
410438,Ayakannu,Breugel,12/26/62,1/14/96,1/1/99,Engineer
410439,Hugh,Mundy,3/4/64,9/1/99,1/1/99,Engineer
410442,Conor,Stemann,9/28/64,7/24/91,1/1/99,Senior Staff
410446,Rafail,Chappelet,12/12/64,9/14/85,1/1/99,Technique Leader
410448,Hugh,Kropp,7/17/62,6/18/89,1/1/99,Staff
410452,Zissis,Cappello,11/30/62,6/10/98,1/1/99,Engineer
410461,Gad,Mellouli,3/14/64,11/26/90,1/1/99,Senior Staff
410463,Masoud,Tempesti,1/7/63,7/20/99,1/1/99,Engineer
410467,Weiru,Ranai,7/6/62,3/12/96,1/1/99,Senior Engineer
410484,Poornachandra,Krohm,7/2/62,7/27/96,1/1/99,Engineer
410488,Apostol,Ranum,5/17/62,1/6/95,1/1/99,Senior Engineer
410490,Tadahiro,Mahnke,2/6/62,10/22/98,1/1/99,Staff
410495,Candido,Mullainathan,5/28/63,2/21/96,1/1/99,Staff
410509,Kamran,Gajiwala,10/17/63,5/22/96,1/1/99,Staff
410510,Feiyu,Chappelet,10/31/64,12/5/90,1/1/99,Senior Engineer
410512,Arvind,Fandrianto,7/2/63,11/6/92,1/1/99,Engineer
410521,Shigeu,Lenart,10/3/64,5/15/87,1/1/99,Staff
410522,Nidapan,Bojadziev,11/4/64,12/10/98,1/1/99,Staff
410524,Munenori,Carrere,9/27/62,8/4/85,1/1/99,Engineer
410534,Thodoros,Melton,5/5/64,11/5/97,1/1/99,Engineer
410536,Mahendra,Ulupinar,3/28/63,6/17/95,1/1/99,Staff
410545,Mohd,Angot,2/20/64,12/19/93,1/1/99,Technique Leader
410555,Frederique,Zykh,3/30/64,3/6/89,1/1/99,Engineer
410556,Sanjit,Goodrum,11/26/62,2/27/90,1/1/99,Technique Leader
410559,Shiv,Harnett,12/25/63,1/5/00,1/1/99,Staff
410567,Ingemar,Birge,11/10/64,9/17/95,1/1/99,Senior Engineer
410568,Arvin,Sankaranarayanan,5/8/63,6/25/86,1/1/99,Engineer
410572,Shigeo,Goodrum,9/23/63,12/16/96,1/1/99,Assistant Engineer
410582,Yifei,Uhrik,6/8/62,5/7/97,1/1/99,Senior Engineer
410589,Behnaam,Szemeredi,12/31/64,6/8/85,1/1/99,Senior Engineer
410591,Shichao,Chiodo,9/19/64,6/5/98,1/1/99,Engineer
410597,Kauko,Imataki,9/30/62,2/12/94,1/1/99,Engineer
410600,Huiqun,Murtha,8/29/62,7/12/98,1/1/99,Assistant Engineer
410605,Nirmal,Pearson,8/21/64,3/25/85,1/1/99,Senior Staff
410607,Ramachenga,Limongiello,12/18/64,7/8/95,1/1/99,Staff
410608,Susuma,Radhakrishnan,6/29/62,9/29/98,1/1/99,Engineer
410616,Gudjon,Kalorkoti,1/18/65,4/14/94,1/1/99,Engineer
410622,Persi,Gadepally,11/18/62,2/16/95,1/1/99,Technique Leader
410623,Oldrich,Tzvieli,7/18/63,4/26/94,1/1/99,Senior Engineer
410625,Guangming,Rotem,9/9/63,4/22/93,1/1/99,Senior Engineer
410632,Wanqing,Papastamatiou,4/14/62,10/4/92,1/1/99,Engineer
410634,Shridhar,Beutelspacher,1/9/63,8/2/95,1/1/99,Senior Staff
410641,Arup,Litvinov,1/4/64,4/16/86,1/1/99,Engineer
410647,Souichi,Bennet,5/18/64,3/25/86,1/1/99,Technique Leader
410649,Sumant,Ruemmler,6/11/64,10/9/95,1/1/99,Senior Engineer
410652,Jianhao,Kitsuregawa,6/2/62,9/14/00,1/1/99,Engineer
410654,Zissis,Schieder,12/4/63,11/18/93,1/1/99,Engineer
410665,Wanqing,Fargier,6/5/63,1/14/87,1/1/99,Senior Engineer
410666,Bilhanan,Asser,9/9/63,2/19/85,1/1/99,Engineer
410670,Subhada,Ghemri,9/13/62,1/31/95,1/1/99,Technique Leader
410674,Mircea,Ramamoorthy,9/22/64,6/15/89,1/1/99,Senior Staff
410682,Ronghao,Gyorkos,1/27/62,3/20/85,1/1/99,Senior Engineer
410691,Shaowei,Sethi,8/9/63,4/4/87,1/1/99,Senior Staff
410695,Bartek,Sinitsyn,5/10/64,1/7/96,1/1/99,Staff
410701,Munehiro,Bain,9/20/64,2/6/89,1/1/99,Senior Staff
410707,Yahiko,Sgarro,1/8/64,6/16/92,1/1/99,Senior Engineer
410711,Toshiki,Dulin,7/28/63,12/22/99,1/1/99,Senior Engineer
410712,Greger,Gurbaxani,6/25/62,11/12/89,1/1/99,Engineer
410726,Jagoda,Valette,6/6/63,3/1/86,1/1/99,Senior Staff
410728,Xinyu,Schrooten,8/8/62,12/22/90,1/1/99,Engineer
410736,Elgin,Papsdorf,7/14/64,2/3/99,1/1/99,Senior Engineer
410739,Marie,Botman,2/24/64,10/28/91,1/1/99,Senior Engineer
410741,Tran,Suermann,8/13/62,2/5/95,1/1/99,Staff
410742,Paris,Ghelli,8/2/62,10/23/00,1/1/99,Staff
410752,Adil,Peek,4/6/63,3/4/00,1/1/99,Engineer
410756,Gila,Hanratty,8/10/64,11/12/86,1/1/99,Engineer
410762,Mayuko,Picel,5/25/63,5/15/97,1/1/99,Engineer
410768,Sahrah,Matzel,10/6/62,11/8/88,1/1/99,Senior Engineer
410770,Mang,Rahimi,12/3/64,6/6/01,1/1/99,Senior Engineer
410771,Masanao,Kuzuoka,10/25/64,2/8/93,1/1/99,Senior Engineer
410787,Chikako,Rando,12/18/62,1/3/98,1/1/99,Engineer
410788,Marl,Kavraki,9/14/64,11/4/93,1/1/99,Senior Staff
410792,Avishai,Otillio,8/21/63,4/8/97,1/1/99,Staff
410797,Mara,Avouris,12/6/62,7/3/98,1/1/99,Senior Engineer
410804,Ronnie,Denos,1/17/65,6/8/92,1/1/99,Engineer
410812,Florina,Barriga,11/4/63,1/13/86,1/1/99,Senior Engineer
410814,Percy,Farrel,2/21/62,11/29/96,1/1/99,Technique Leader
410816,Shen,Otillio,6/3/63,9/24/89,1/1/99,Staff
410820,Eldridge,Anily,2/16/63,2/22/97,1/1/99,Senior Engineer
410823,KayLiang,Weedman,3/12/64,2/23/95,1/1/99,Senior Engineer
410826,Kamakshi,Ernst,12/22/64,11/18/95,1/1/99,Senior Staff
410829,Mihalis,Gornas,10/4/63,3/28/93,1/1/99,Senior Staff
410830,Vishu,Ossenbruggen,11/7/64,5/2/92,1/1/99,Senior Staff
410835,Khatoun,Skrikant,12/4/64,7/19/90,1/1/99,Senior Engineer
410844,Leah,Verhaegen,8/25/63,10/16/00,1/1/99,Engineer
410845,Moto,Brookner,2/21/64,9/3/94,1/1/99,Engineer
410846,Tomofumi,Cooman,2/10/64,6/15/92,1/1/99,Senior Engineer
410848,Sudhanshu,Yoshizawa,8/11/62,6/6/90,1/1/99,Staff
410852,Youjian,Gente,10/21/62,2/12/95,1/1/99,Assistant Engineer
410853,Alejandra,Nergos,11/23/64,10/23/01,1/1/99,Staff
410854,Uri,Schnabel,3/11/63,12/18/91,1/1/99,Senior Staff
410861,Subhada,Kleiser,6/4/64,11/18/87,1/1/99,Senior Staff
410867,Fun,Baby,10/20/63,5/31/90,1/1/99,Senior Engineer
410869,Jasminko,Goldhammer,7/3/63,11/26/86,1/1/99,Technique Leader
410870,Dmitri,Lambe,6/28/63,2/24/93,1/1/99,Engineer
410871,Boguslaw,Backhouse,5/19/64,8/26/88,1/1/99,Senior Staff
410876,Gina,Redmiles,5/4/62,12/18/86,1/1/99,Technique Leader
410881,Koichi,Grabner,1/6/65,4/5/00,1/1/99,Senior Engineer
410885,Weiyi,Ferretti,10/11/62,6/8/91,1/1/99,Senior Engineer
410888,Danai,Pollacia,10/4/64,1/8/89,1/1/99,Senior Staff
410900,Basem,Savasere,6/30/62,8/10/94,1/1/99,Technique Leader
410904,Boriana,Klyachko,4/15/63,11/12/88,1/1/99,Senior Staff
410915,Ronnie,Walstra,8/15/62,12/3/97,1/1/99,Staff
410930,Lihong,Dulin,6/20/64,12/16/91,1/1/99,Engineer
410944,Siamak,Jakobus,7/2/62,6/24/90,1/1/99,Engineer
410950,Nathan,Keustermans,7/12/63,10/20/97,1/1/99,Staff
410964,Shalesh,Cannata,4/6/62,3/27/89,1/1/99,Engineer
410968,Chenxi,Esteva,9/7/63,7/4/88,1/1/99,Senior Staff
410970,Janalee,Zolotykh,9/6/62,4/22/88,1/1/99,Senior Staff
410972,Chenye,Srimani,11/29/63,5/29/85,1/1/99,Technique Leader
410982,Yucai,Marquardt,1/3/62,10/9/86,1/1/99,Senior Engineer
410997,Remco,Xiaoshan,5/25/63,3/12/88,1/1/99,Senior Staff
410998,Dmitry,Poupard,1/8/64,9/30/86,1/1/99,Senior Staff
411015,Qiwen,Angelopoulos,5/14/63,7/18/93,1/1/99,Engineer
411032,Shao,Camurati,4/10/63,11/2/92,1/1/99,Engineer
411035,Almudena,Alblas,10/21/62,12/23/96,1/1/99,Senior Engineer
411038,Rosalie,Honglei,7/29/63,10/7/01,1/1/99,Engineer
411047,Ebbe,Wendorf,12/30/64,5/16/95,1/1/99,Staff
411052,Zejun,Crooks,1/10/63,9/1/89,1/1/99,Engineer
411054,Nishit,Baaz,5/10/63,8/2/89,1/1/99,Engineer
411063,Gianluca,Mandelberg,2/4/62,3/2/97,1/1/99,Engineer
411067,Giap,Rothenberg,6/26/62,3/24/85,1/1/99,Senior Engineer
411068,Niranjan,Pietrzykowski,11/26/63,4/11/96,1/1/99,Senior Staff
411069,Bader,Luga,10/20/62,4/21/93,1/1/99,Staff
411070,Otmar,Brandsma,1/29/65,5/28/87,1/1/99,Engineer
411073,Pasqua,Zolotykh,4/9/62,7/24/91,1/1/99,Senior Engineer
411082,Martine,Cangellaris,1/8/65,4/28/92,1/1/99,Engineer
411085,Shridhar,Falby,10/4/64,12/16/88,1/1/99,Engineer
411088,Mingdong,Chvatal,8/7/62,2/12/99,1/1/99,Engineer
411092,Jeane,Erol,8/27/63,2/19/92,1/1/99,Engineer
411095,Basant,Mundy,6/26/63,5/29/89,1/1/99,Staff
411098,Hironobu,Butterworth,1/7/62,1/1/99,1/1/99,Staff
411100,Persi,Negoita,4/25/63,4/21/92,1/1/99,Senior Engineer
411104,Makato,Wursthorn,7/5/64,2/16/92,1/1/99,Technique Leader
411106,Ranan,Cheshire,12/28/64,9/2/94,1/1/99,Engineer
411107,Jayson,Gist,9/16/62,6/21/88,1/1/99,Senior Engineer
411110,Shaowei,Navazio,8/6/62,5/29/90,1/1/99,Engineer
411122,Radoslaw,Plavsic,2/23/63,1/4/91,1/1/99,Engineer
411132,Karoline,Zirintsis,10/7/63,12/13/92,1/1/99,Senior Staff
411134,Leaf,Schlumberger,9/30/62,8/3/95,1/1/99,Technique Leader
411136,Margareta,Waeselynck,1/17/63,1/9/89,1/1/99,Senior Staff
411143,Goncalo,Barbanera,1/8/65,9/1/96,1/1/99,Senior Staff
411144,Sanjoy,Gargeya,10/20/63,9/16/95,1/1/99,Staff
411148,Limsoon,Badache,9/25/62,3/7/89,1/1/99,Staff
411153,Giao,Jeong,1/27/64,11/3/89,1/1/99,Senior Engineer
411158,Chriss,DuBourdieux,7/7/64,1/28/88,1/1/99,Engineer
411168,Apostol,Janocha,9/13/62,4/2/85,1/1/99,Senior Engineer
411170,Parviz,Bade,12/2/64,11/21/98,1/1/99,Engineer
411174,Shunichi,Setiz,4/4/63,4/5/92,1/1/99,Technique Leader
411182,Uta,Radhakrishnan,10/9/64,12/19/98,1/1/99,Staff
411183,Ayonca,Pezzoli,2/8/63,6/24/94,1/1/99,Engineer
411187,Harjit,Kitsuregawa,5/28/63,1/2/89,1/1/99,Senior Staff
411200,Deniz,Benantar,1/28/64,2/14/85,1/1/99,Technique Leader
411207,Yuqun,Lorch,2/27/62,8/28/85,1/1/99,Staff
411213,Elrique,Shobatake,10/2/63,8/18/86,1/1/99,Staff
411214,Zhensheng,Kaiser,4/8/63,5/19/89,1/1/99,Senior Engineer
411215,Tiina,Tempesti,1/22/62,10/28/91,1/1/99,Senior Engineer
411217,Piyawadee,Sinicrope,12/1/64,7/12/02,1/1/99,Senior Engineer
411221,Aloke,Serre,2/2/64,9/6/91,1/1/99,Staff
411225,Duangkaew,Azulay,3/22/64,6/9/89,1/1/99,Senior Staff
411230,Hauke,Giaccio,9/9/64,10/1/88,1/1/99,Engineer
411231,Shin,Jansen,9/7/63,7/12/87,1/1/99,Staff
411232,Zhigen,Norsworthy,4/27/62,12/3/97,1/1/99,Engineer
411235,Kwangyoen,Jarecki,11/25/62,6/27/93,1/1/99,Engineer
411236,Xiaopeng,Joslin,6/7/62,9/22/99,1/1/99,Staff
411244,Yolla,Buescher,6/7/64,11/9/99,1/1/99,Assistant Engineer
411248,Noritoshi,Adachi,5/16/62,1/19/95,1/1/99,Engineer
411249,Yurij,Takkinen,5/18/63,10/1/96,1/1/99,Senior Staff
411253,Shuho,Baaz,6/19/63,3/30/91,1/1/99,Senior Staff
411259,Mircea,Auyong,8/22/62,4/8/95,1/1/99,Engineer
411269,Yifei,Limongiello,3/29/63,3/23/98,1/1/99,Engineer
411296,Arunachalam,Gaughan,3/5/62,11/26/88,1/1/99,Senior Engineer
411301,Fun,Coney,1/8/62,11/17/88,1/1/99,Senior Engineer
411303,Junichi,Luks,1/15/62,11/13/88,1/1/99,Staff
411305,Kousuke,Ginesta,10/10/64,5/27/95,1/1/99,Staff
411306,Mihalis,Renear,4/29/62,2/3/89,1/1/99,Engineer
411310,Rosella,Peak,5/1/62,5/15/87,1/1/99,Assistant Engineer
411312,Moriyoshi,Collavizza,5/8/62,1/30/94,1/1/99,Technique Leader
411323,Zhenhua,Stiles,9/25/62,5/6/99,1/1/99,Engineer
411327,Raimond,Luke,10/8/63,8/13/97,1/1/99,Technique Leader
411329,Valdiodio,Falby,4/11/62,2/11/88,1/1/99,Technique Leader
411336,Apostol,Quadeer,8/13/64,11/21/97,1/1/99,Staff
411340,Lalit,Karlin,5/3/62,9/28/97,1/1/99,Engineer
411342,Nakhoon,Maierhofer,2/6/62,9/30/94,1/1/99,Engineer
411343,Jacqueline,Anger,4/13/64,3/4/87,1/1/99,Engineer
411347,Kensei,Pettit,9/30/62,5/23/92,1/1/99,Senior Engineer
411351,Cheong,Klerer,11/27/64,12/28/91,1/1/99,Staff
411361,Frederique,Heinisuo,12/20/62,7/7/89,1/1/99,Senior Staff
411362,Adam,Itzfeldt,9/22/64,4/26/94,1/1/99,Engineer
411365,Yonghong,Mitsuhashi,7/28/62,7/11/89,1/1/99,Senior Staff
411375,Gregory,Schneeberger,12/22/63,8/26/85,1/1/99,Senior Staff
411376,Patricio,Restivo,7/21/63,3/23/89,1/1/99,Staff
411383,Kersti,Henseler,8/31/62,3/13/93,1/1/99,Senior Staff
411387,Gor,Solares,6/2/64,1/17/86,1/1/99,Senior Staff
411389,Dharmaraja,Schapiro,6/29/64,5/13/91,1/1/99,Senior Staff
411399,Moriyoshi,Schaar,1/27/62,8/26/87,1/1/99,Engineer
411402,Arnould,Ratzlaff,10/7/62,12/16/95,1/1/99,Senior Staff
411405,Indrajit,Walston,10/5/64,7/10/87,1/1/99,Senior Staff
411407,Navin,Norsworthy,7/9/62,8/29/85,1/1/99,Senior Staff
411413,Nevio,Lindqvist,12/13/63,6/29/85,1/1/99,Senior Engineer
411443,Larisa,Escriba,6/12/64,11/4/85,1/1/99,Senior Engineer
411444,Xuejun,Papadias,3/12/62,6/15/95,1/1/99,Senior Staff
411452,Shigeichiro,Luon,3/27/62,6/15/92,1/1/99,Staff
411457,Mohd,Schwaller,4/30/63,1/20/00,1/1/99,Assistant Engineer
411460,Rildo,Badr,5/24/63,9/22/94,1/1/99,Senior Staff
411465,Serap,McConalogue,2/4/64,5/30/92,1/1/99,Senior Staff
411467,Shen,Jiafu,10/16/63,3/12/92,1/1/99,Senior Staff
411471,Ebru,Rosar,9/19/62,8/17/92,1/1/99,Senior Staff
411481,Wilmer,Matzke,8/11/63,9/19/92,1/1/99,Senior Engineer
411487,Marsal,Vakili,4/30/63,8/22/87,1/1/99,Staff
411507,Martien,Pulkowski,12/23/63,12/5/91,1/1/99,Senior Staff
411508,Kirk,McAlpine,10/31/63,3/15/98,1/1/99,Staff
411511,Mari,Kossowski,11/2/62,9/13/93,1/1/99,Technique Leader
411515,Christophe,Ferriere,9/1/63,1/4/96,1/1/99,Senior Staff
411519,Arumugam,Michaeli,6/30/64,8/26/87,1/1/99,Staff
411520,Nahla,Solares,11/18/64,2/6/89,1/1/99,Senior Engineer
411525,Mantis,Oxman,4/12/63,3/23/89,1/1/99,Engineer
411529,Clyde,Lubachevsky,10/19/64,8/27/93,1/1/99,Senior Staff
411533,Jeanna,Meriste,3/28/63,12/19/93,1/1/99,Staff
411534,Hein,Peral,3/19/62,12/23/88,1/1/99,Staff
411548,Leah,Peac,2/22/63,5/17/96,1/1/99,Engineer
411551,Eldridge,Kleiser,3/2/62,5/15/92,1/1/99,Senior Staff
411553,Neelam,Kenevan,4/10/64,8/15/98,1/1/99,Assistant Engineer
411556,Iara,Glowinski,4/16/62,2/7/96,1/1/99,Engineer
411581,Steve,Simkin,5/14/63,10/1/96,1/1/99,Senior Staff
411582,Aruna,Emiris,11/3/64,12/25/95,1/1/99,Staff
411584,Shao,Chleq,3/4/64,2/22/88,1/1/99,Staff
411601,Anwar,Goodrum,3/28/64,12/4/95,1/1/99,Engineer
411602,Constantijn,Jakobus,3/13/64,3/18/99,1/1/99,Engineer
411619,Lunjin,Hartvigsen,4/4/63,4/21/95,1/1/99,Senior Engineer
411621,Nidapan,Coney,6/7/64,3/24/96,1/1/99,Senior Staff
411625,Moie,Morrin,8/1/64,4/7/95,1/1/99,Engineer
411627,Constantino,Improta,11/28/64,10/31/96,1/1/99,Engineer
411630,Radhakrishnan,Murillo,2/25/64,6/27/02,1/1/99,Technique Leader
411636,Otmar,Arlazarov,7/9/62,2/5/91,1/1/99,Senior Engineer
411638,Zengping,Baig,8/29/62,11/17/89,1/1/99,Senior Staff
411645,Greger,Mukaidono,4/6/63,3/19/99,1/1/99,Engineer
411647,Aiichiro,Strehl,1/13/63,1/25/92,1/1/99,Staff
411651,Heejo,Fandrianto,9/1/63,11/3/96,1/1/99,Staff
411659,Shigeaki,Rubsam,7/23/63,7/1/95,1/1/99,Staff
411661,Shai,Masand,4/21/63,9/26/92,1/1/99,Senior Engineer
411664,Vasiliy,Wendorf,4/25/64,7/17/89,1/1/99,Senior Staff
411675,Arvin,Zongker,12/31/64,4/29/90,1/1/99,Staff
411682,Ugo,Cherinka,6/14/63,7/21/95,1/1/99,Staff
411683,Lalit,Schnabel,9/17/63,1/2/96,1/1/99,Engineer
411702,Lucian,Ghemri,9/17/63,7/23/94,1/1/99,Staff
411705,Chriss,Farrag,1/10/64,11/30/98,1/1/99,Engineer
411706,Boriana,Carrere,5/21/63,12/1/97,1/1/99,Engineer
411709,Radhika,Luft,9/12/62,6/25/01,1/1/99,Senior Engineer
411712,Seongbae,Schaft,11/14/63,8/22/97,1/1/99,Senior Engineer
411713,Constantijn,Reutenauer,5/27/63,12/26/97,1/1/99,Staff
411717,Supot,Coors,11/10/63,1/16/88,1/1/99,Senior Engineer
411726,Mara,Bennet,10/10/64,8/29/93,1/1/99,Senior Staff
411730,Alper,Nilsson,2/20/62,1/27/00,1/1/99,Engineer
411732,Mototsugu,Klyachko,9/14/62,11/12/90,1/1/99,Senior Staff
411738,Xiahua,Laventhal,11/3/64,7/9/89,1/1/99,Staff
411744,Xiaoqiu,Talmor,4/12/62,12/26/98,1/1/99,Staff
411750,Ayonca,Lemarechal,9/14/62,8/23/85,1/1/99,Senior Engineer
411771,Dulce,Masand,6/29/63,8/27/93,1/1/99,Engineer
411777,Ortrud,Detkin,10/11/64,9/4/93,1/1/99,Senior Staff
411788,Tomofumi,Foong,3/20/64,5/26/99,1/1/99,Staff
411790,Gianluca,Perez,4/20/63,9/24/87,1/1/99,Senior Staff
411792,Yinghua,Pettey,2/22/62,10/27/99,1/1/99,Assistant Engineer
411793,Tremaine,Schlenzig,10/31/64,10/15/98,1/1/99,Engineer
411799,Nevin,Shinomoto,3/19/63,8/8/95,1/1/99,Senior Engineer
411800,Shigehiro,Preusig,1/19/64,1/26/95,1/1/99,Senior Engineer
411807,Arfst,Birdsall,1/18/63,2/7/93,1/1/99,Staff
411809,Patricio,Luan,7/17/63,2/5/97,1/1/99,Staff
411819,Gianluca,Jeong,2/7/64,8/21/97,1/1/99,Senior Engineer
411824,Fumitaka,Avouris,11/21/62,2/28/91,1/1/99,Engineer
411835,Uma,Gaughan,3/18/64,10/1/92,1/1/99,Senior Engineer
411842,Elgin,Hegner,11/23/64,11/19/93,1/1/99,Senior Engineer
411846,Zvonko,Erdi,3/8/62,3/24/95,1/1/99,Technique Leader
411853,Gio,Melter,8/2/64,6/2/89,1/1/99,Engineer
411854,Toney,Remmers,10/6/64,3/7/95,1/1/99,Technique Leader
411857,Denny,Suppi,12/20/63,6/2/97,1/1/99,Senior Engineer
411864,Tzvetan,Shackell,8/27/64,2/26/86,1/1/99,Technique Leader
411865,Tonny,Danner,12/3/64,7/25/87,1/1/99,Senior Staff
411868,Domenick,Braunmuhl,6/3/64,7/15/98,1/1/99,Senior Staff
411878,Anneke,Nyanchama,8/5/62,3/20/95,1/1/99,Engineer
411885,Vugranam,Ranst,5/31/62,12/21/89,1/1/99,Senior Engineer
411890,Roded,Chepyzhov,4/21/62,12/9/97,1/1/99,Senior Engineer
411899,Toshiko,Marwedel,11/26/64,12/19/01,1/1/99,Senior Engineer
411911,Jaber,Sundgren,8/27/62,3/17/85,1/1/99,Senior Engineer
411914,Nadjib,Koshiba,6/21/64,1/6/98,1/1/99,Engineer
411920,Van,Staudhammer,12/29/62,3/3/93,1/1/99,Engineer
411925,Macha,Bugrara,9/5/64,10/2/85,1/1/99,Assistant Engineer
411935,Annemarie,Valtorta,4/4/64,3/12/98,1/1/99,Senior Staff
411936,Tianruo,Ermel,4/22/62,1/24/95,1/1/99,Engineer
411947,Hinrich,Baranowski,3/6/62,10/18/99,1/1/99,Staff
411959,Neven,Lovengreen,12/12/62,3/20/91,1/1/99,Engineer
411969,Kwangjo,Bridgland,6/23/63,2/8/88,1/1/99,Senior Staff
411972,Barry,Furedi,6/18/63,12/6/91,1/1/99,Senior Staff
411988,Roselyn,Albarhamtoshy,8/27/64,1/18/86,1/1/99,Senior Engineer
411989,Sorina,Piveteau,11/1/62,10/10/97,1/1/99,Senior Engineer
411991,Shigeu,Remmers,4/6/62,8/25/98,1/1/99,Assistant Engineer
412001,Chenxi,Shiratori,10/15/63,5/27/86,1/1/99,Senior Engineer
412006,Kwangsub,Heemskerk,2/1/62,9/25/95,1/1/99,Technique Leader
412016,Filipe,Demri,11/5/62,7/6/88,1/1/99,Senior Engineer
412017,Yongdong,Sadowski,6/26/64,11/24/85,1/1/99,Senior Staff
412026,Yishay,Jiang,4/14/63,11/6/91,1/1/99,Staff
412031,Krassimir,Jayawardene,2/5/62,11/30/99,1/1/99,Engineer
412037,Shahab,Nannarelli,6/2/62,5/2/88,1/1/99,Senior Engineer
412047,Rayond,Litzkow,2/8/63,3/28/99,1/1/99,Engineer
412048,Shahid,Shinomoto,3/9/62,6/1/94,1/1/99,Technique Leader
412075,Ewing,Iisaka,9/1/62,5/13/94,1/1/99,Engineer
412082,Gennadi,Spelt,8/22/64,3/20/96,1/1/99,Senior Engineer
412084,Lakshmi,Merel,11/1/62,12/5/99,1/1/99,Technique Leader
412085,Patricio,Skrikant,7/6/64,5/17/87,1/1/99,Engineer
412087,Djenana,Sury,5/24/64,10/6/98,1/1/99,Staff
412096,Gunilla,Chinal,1/11/64,10/2/96,1/1/99,Senior Staff
412106,Gully,Pargas,8/8/62,2/24/99,1/1/99,Senior Staff
412108,Macha,Vesel,5/14/63,11/24/89,1/1/99,Senior Staff
412110,Kiyokazu,Greenaway,5/11/63,1/9/94,1/1/99,Staff
412112,Greger,Zumaque,10/31/63,1/18/89,1/1/99,Staff
412119,Vitaly,Schonegge,1/9/64,2/21/85,1/1/99,Senior Engineer
412122,Lenore,Rouquie,5/14/63,11/30/98,1/1/99,Senior Staff
412128,Shahab,Bahl,7/19/62,3/18/86,1/1/99,Engineer
412154,Kaijung,Dusink,8/17/63,2/17/94,1/1/99,Staff
412169,Taizo,Serna,2/17/62,5/21/86,1/1/99,Senior Engineer
412182,Raimond,Calkin,7/6/62,10/6/97,1/1/99,Engineer
412185,Mechthild,Angelov,6/10/64,12/30/98,1/1/99,Senior Staff
412188,Falguni,Strooper,6/15/63,6/12/89,1/1/99,Engineer
412192,Martina,Trumbly,9/25/62,6/23/95,1/1/99,Engineer
412198,Xuejia,Kushner,9/15/62,9/19/87,1/1/99,Engineer
412206,Yinlin,Wilharm,1/12/63,7/7/89,1/1/99,Senior Staff
412209,Serif,Schurmann,11/23/64,8/15/98,1/1/99,Staff
412210,Rasikan,Bahr,5/27/64,7/29/99,1/1/99,Technique Leader
412213,Taiji,Gide,3/19/63,7/24/86,1/1/99,Senior Engineer
412214,Masaru,Luga,6/19/62,5/2/96,1/1/99,Engineer
412216,Yonghoan,Stenning,1/24/64,12/2/87,1/1/99,Senior Engineer
412221,Hyuckchul,Junet,12/24/62,12/27/90,1/1/99,Senior Staff
412225,Tokuyasu,Gischer,8/22/63,1/23/95,1/1/99,Senior Staff
412227,Chiradeep,VanScheik,7/11/62,8/13/97,1/1/99,Assistant Engineer
412231,Serge,Oxman,9/22/63,11/21/99,1/1/99,Staff
412240,Ult,Janocha,7/28/62,8/7/90,1/1/99,Senior Engineer
412245,Muneo,Hiroyama,2/7/63,10/28/99,1/1/99,Technique Leader
412247,Sangeeta,Luks,6/5/63,8/12/94,1/1/99,Senior Engineer
412251,Zito,Nannarelli,11/9/64,4/4/99,1/1/99,Senior Staff
412274,Demos,Lindenbaum,9/30/64,7/4/92,1/1/99,Senior Staff
412279,Howell,Couchot,2/22/64,2/7/98,1/1/99,Senior Staff
412286,Shuichi,Gente,5/2/63,2/24/89,1/1/99,Technique Leader
412291,Angel,Tyugu,8/21/64,7/29/85,1/1/99,Senior Staff
412292,Aleksander,Bahk,5/10/63,7/25/86,1/1/99,Assistant Engineer
412310,Geraldo,Makrucki,12/31/64,9/8/87,1/1/99,Senior Staff
412321,Marko,Decleir,4/6/63,6/25/91,1/1/99,Senior Staff
412331,Eldridge,Pappas,10/13/63,11/12/94,1/1/99,Staff
412333,Sverrir,Alvarado,10/15/64,5/16/98,1/1/99,Engineer
412336,Shan,Lipner,9/27/62,5/20/98,1/1/99,Staff
412339,Danel,Terekhov,4/29/63,4/4/89,1/1/99,Engineer
412343,Aamer,Schach,6/5/64,4/11/88,1/1/99,Senior Engineer
412347,Constantijn,Conte,4/28/63,10/31/96,1/1/99,Staff
412352,Mariangiola,Sadowski,7/15/64,6/8/99,1/1/99,Senior Staff
412360,Luisa,Genin,3/3/62,1/26/95,1/1/99,Technique Leader
412362,Tianruo,Benner,12/15/63,5/21/90,1/1/99,Senior Staff
412377,Ramalingam,Krider,4/5/64,10/7/89,1/1/99,Engineer
412379,Goh,Setlzner,2/15/62,11/28/94,1/1/99,Staff
412384,Susumu,Renear,12/23/64,4/17/91,1/1/99,Senior Staff
412385,Shichao,Ertl,3/6/62,4/7/99,1/1/99,Senior Engineer
412386,Stella,Awdeh,11/8/63,3/27/91,1/1/99,Engineer
412392,Unal,Spelt,2/27/64,1/10/96,1/1/99,Engineer
412394,Henk,Tibblin,6/8/63,4/16/89,1/1/99,Technique Leader
412404,Mitsuyuki,Jeansoulin,1/15/65,10/28/99,1/1/99,Senior Engineer
412417,Dietrich,Delgrange,5/20/64,11/23/98,1/1/99,Senior Engineer
412421,Gina,Demos,8/4/63,5/30/90,1/1/99,Staff
412424,Zita,Demos,5/31/62,7/19/88,1/1/99,Staff
412425,Tiina,Brookner,1/3/63,3/26/94,1/1/99,Senior Engineer
412427,Kristen,Androutsos,10/25/62,11/19/98,1/1/99,Staff
412433,Hugo,Bala,4/2/63,8/12/90,1/1/99,Senior Engineer
412435,Weijing,Luke,1/12/63,12/20/93,1/1/99,Senior Staff
412439,Shaowen,Berztiss,3/9/64,7/19/92,1/1/99,Senior Staff
412440,Mong,Attimonelli,10/4/64,12/3/86,1/1/99,Engineer
412442,Sanjeeva,Schwartzburd,10/30/64,2/25/88,1/1/99,Senior Engineer
412447,Miyeon,Besselaar,7/18/63,10/24/96,1/1/99,Senior Engineer
412449,Jianwen,Foote,3/5/64,5/25/99,1/1/99,Engineer
412452,Candido,Lubachevsky,3/4/62,5/26/98,1/1/99,Staff
412456,Constantine,Szemeredi,7/23/63,3/25/95,1/1/99,Staff
412468,Heping,Skrikant,7/7/64,7/2/92,1/1/99,Senior Engineer
412482,Zine,Barvinok,9/10/62,5/10/90,1/1/99,Staff
412483,Aleksander,Delaune,4/21/63,6/4/87,1/1/99,Senior Engineer
412484,Gritta,Remmele,12/27/62,7/8/88,1/1/99,Staff
412496,Leah,Perelgut,5/13/62,6/10/98,1/1/99,Senior Engineer
412503,Xianlong,Zlotek,2/24/64,11/5/98,1/1/99,Senior Staff
412507,Rasiah,Basagni,11/28/62,6/23/89,1/1/99,Staff
412515,Mooi,Wossner,1/11/62,12/28/93,1/1/99,Engineer
412519,Honesty,Pintelas,5/14/63,4/27/91,1/1/99,Engineer
412532,Irena,Chachaty,9/25/64,10/9/95,1/1/99,Senior Engineer
412533,Lansing,Lamma,8/11/63,11/23/89,1/1/99,Engineer
412536,Uriel,Hasham,10/19/63,10/2/85,1/1/99,Senior Staff
412537,Irene,Panienski,2/10/64,9/18/89,1/1/99,Engineer
412539,Mohamadou,Norsworthy,3/30/64,8/11/98,1/1/99,Staff
412542,Emran,Bierman,3/1/63,8/2/93,1/1/99,Technique Leader
412555,Takahito,Bade,3/17/62,9/17/87,1/1/99,Staff
412558,Demin,Salverda,2/19/63,1/31/99,1/1/99,Technique Leader
412562,George,Manders,10/22/64,8/9/93,1/1/99,Engineer
412573,Jaideep,Minakawa,4/26/64,9/14/86,1/1/99,Senior Staff
412578,Youngkon,Lanzelotte,5/20/63,2/9/88,1/1/99,Senior Engineer
412583,Oguz,Rousseau,7/5/64,4/11/87,1/1/99,Technique Leader
412589,Gil,Bazzichi,7/20/62,10/13/90,1/1/99,Engineer
412608,Claude,Keustermans,8/10/62,11/9/94,1/1/99,Senior Staff
412613,Mabo,Feldmann,2/17/62,2/25/91,1/1/99,Staff
412616,Alain,Trogemann,1/17/63,8/5/98,1/1/99,Engineer
412619,Divine,Przulj,4/24/62,11/12/01,1/1/99,Technique Leader
412628,Sadun,Gelosh,9/9/62,5/15/92,1/1/99,Staff
412630,Tesuro,Muniz,5/8/63,2/16/88,1/1/99,Senior Engineer
412632,Leni,Diderrich,7/2/62,6/12/85,1/1/99,Engineer
412640,Zengping,Simmen,6/24/62,7/12/85,1/1/99,Technique Leader
412652,Indrajit,Masada,5/2/64,3/3/96,1/1/99,Staff
412658,Magy,Sigstam,3/29/62,12/29/99,1/1/99,Staff
412666,Jessie,Showalter,7/24/64,3/30/90,1/1/99,Staff
412670,Sreekrishna,Matzat,7/19/62,10/3/86,1/1/99,Assistant Engineer
412676,Mizuhito,Sidje,4/27/62,1/10/92,1/1/99,Engineer
412681,Zhonghui,Gniady,9/26/62,9/19/85,1/1/99,Engineer
412682,Jessie,Dalton,6/6/63,3/13/85,1/1/99,Senior Engineer
412684,Erez,Candan,10/17/64,8/7/93,1/1/99,Senior Staff
412687,Mingzeng,Smeets,6/6/64,1/5/86,1/1/99,Staff
412693,Cedric,Krohm,5/18/63,9/29/95,1/1/99,Engineer
412696,Werner,Stavenow,1/15/64,8/3/89,1/1/99,Senior Staff
412699,Saniya,Claffy,3/14/63,12/8/92,1/1/99,Senior Staff
412700,Aamer,Bharadwaj,5/19/62,7/23/91,1/1/99,Senior Engineer
412708,Zito,Portugali,10/20/63,7/8/85,1/1/99,Senior Staff
412712,Tianruo,Hiyoshi,6/7/63,6/20/99,1/1/99,Senior Engineer
412713,Toong,Picco,2/1/64,2/23/87,1/1/99,Senior Engineer
412717,Waiman,Boguraev,1/28/63,5/20/95,1/1/99,Staff
412729,Sahrah,Herber,10/7/64,2/6/99,1/1/99,Staff
412738,Masamitsu,Coors,1/8/62,10/17/92,1/1/99,Senior Engineer
412740,Yaghout,Gluchowski,5/30/63,10/3/91,1/1/99,Senior Engineer
412745,Douadi,Pettis,12/25/64,5/4/90,1/1/99,Senior Staff
412757,Leen,Peak,1/3/65,11/20/99,1/1/99,Engineer
412763,Mari,Hartvigsen,1/7/64,12/23/96,1/1/99,Engineer
412764,Miyeon,Hatcliff,4/8/62,5/20/94,1/1/99,Senior Staff
412766,Udi,Zeilberger,11/2/63,3/15/91,1/1/99,Engineer
412767,Gretta,Denna,7/28/63,7/11/94,1/1/99,Staff
412774,Jiang,Jahnichen,7/24/64,7/28/93,1/1/99,Engineer
412775,Stabislas,Feinberg,2/16/64,2/26/91,1/1/99,Senior Staff
412778,Zeydy,Gyorkos,7/26/62,5/12/95,1/1/99,Senior Staff
412780,Bodo,Dymetman,6/24/63,11/20/87,1/1/99,Engineer
412782,Fai,Suomi,11/24/62,5/15/89,1/1/99,Technique Leader
412783,Elzbieta,Birta,10/23/62,1/30/86,1/1/99,Engineer
412786,Ronghao,Rubsam,1/11/62,1/26/96,1/1/99,Senior Staff
412788,Vidya,Monkewich,5/30/64,10/4/87,1/1/99,Senior Staff
412792,Lillian,Bale,8/16/62,12/24/93,1/1/99,Engineer
412796,Aran,Pluym,9/18/64,2/4/87,1/1/99,Senior Engineer
412798,Clyde,Unno,3/28/63,1/31/86,1/1/99,Senior Staff
412801,Jungsoon,Basart,5/16/62,1/26/92,1/1/99,Staff
412814,Khalid,Dahlbom,4/27/64,1/9/01,1/1/99,Technique Leader
412816,Sibyl,Radhakrishnan,5/9/62,12/10/98,1/1/99,Staff
412837,Gio,Gecsel,1/3/62,10/19/95,1/1/99,Engineer
412843,Claude,Dalphin,1/18/63,11/5/98,1/1/99,Senior Staff
412847,Mong,Baezner,5/6/62,8/21/93,1/1/99,Engineer
412859,Domenick,Menhardt,9/16/63,12/2/94,1/1/99,Senior Engineer
412862,Udo,Barreiro,5/19/63,12/22/00,1/1/99,Engineer
412864,Fen,Rattan,6/17/62,5/26/90,1/1/99,Engineer
412880,Sadok,Gornas,5/26/63,12/17/96,1/1/99,Engineer
412881,Luerbio,Meszaros,2/3/64,11/18/96,1/1/99,Assistant Engineer
412900,Moheb,Sherertz,12/1/62,7/27/85,1/1/99,Senior Engineer
412908,Pranjal,Frijda,6/25/64,3/1/92,1/1/99,Engineer
412911,Tommaso,Menhoudj,8/6/62,11/23/94,1/1/99,Engineer
412916,Utz,Taneja,8/9/64,11/5/85,1/1/99,Staff
412919,Lene,Neimat,11/22/63,7/28/94,1/1/99,Engineer
412925,Arra,Poujol,2/28/63,1/4/98,1/1/99,Senior Engineer
412929,Genki,Merli,5/16/64,8/16/98,1/1/99,Engineer
412931,Maris,Brendel,3/26/63,9/29/97,1/1/99,Staff
412932,Gou,Spataro,5/28/64,8/11/96,1/1/99,Engineer
412933,Kerryn,Cardazo,9/15/63,2/13/97,1/1/99,Engineer
412936,Shichao,Chimia,3/18/64,4/14/89,1/1/99,Technique Leader
412956,Ger,Ranai,3/14/62,4/21/95,1/1/99,Senior Engineer
412958,Saeko,Preusig,8/21/62,3/5/94,1/1/99,Senior Staff
412973,Mani,Schrooten,1/11/64,12/9/90,1/1/99,Engineer
412977,Gill,Vieri,6/4/63,5/19/98,1/1/99,Senior Staff
412982,Narain,Beznosov,2/13/63,11/28/99,1/1/99,Staff
412983,Szabolcs,Ritcey,4/29/63,11/22/95,1/1/99,Engineer
412984,Collette,Selvestrel,6/18/63,8/2/98,1/1/99,Staff
412985,Muzhong,Kavraki,10/19/64,12/25/96,1/1/99,Staff
412995,Poorav,Plump,1/24/63,10/7/88,1/1/99,Staff
413008,Danny,Mateescu,12/4/62,9/18/90,1/1/99,Engineer
413013,Shigehito,Azadmanesh,8/5/62,6/8/98,1/1/99,Staff
413014,Deborah,Kornatzky,5/16/64,6/15/87,1/1/99,Senior Engineer
413015,Honglan,Raney,2/14/62,1/7/88,1/1/99,Senior Engineer
413016,Yurij,Thiran,3/21/63,11/18/85,1/1/99,Engineer
413019,Rance,Rouquie,3/11/64,4/8/96,1/1/99,Staff
413021,Kerhong,Radivojevic,11/24/64,6/28/95,1/1/99,Senior Engineer
413026,Nobuyoshi,Zschoche,10/1/62,2/20/91,1/1/99,Engineer
413047,Ingmar,Irland,9/17/62,9/28/85,1/1/99,Staff
413048,Hitomi,Karner,11/15/63,1/30/90,1/1/99,Senior Staff
413050,Dhritiman,Narwekar,10/4/63,4/18/91,1/1/99,Senior Engineer
413051,Yucel,Beerel,11/18/64,4/5/92,1/1/99,Senior Staff
413054,Panayotis,Haldar,9/2/63,12/16/97,1/1/99,Staff
413055,Haldon,Stavenow,1/18/64,2/19/98,1/1/99,Staff
413056,Valeska,Vuskovic,2/21/62,2/20/95,1/1/99,Engineer
413059,Filipe,Matzen,4/19/62,10/6/85,1/1/99,Senior Staff
413063,Mari,Bazelow,5/17/64,1/26/99,1/1/99,Senior Staff
413069,Hidekazu,Maksimenko,11/9/63,10/18/94,1/1/99,Staff
413070,Dharmaraja,Whittlesey,2/16/62,12/8/86,1/1/99,Senior Staff
413072,Teiji,Poupard,9/1/64,8/2/86,1/1/99,Senior Engineer
413077,Kristian,Argence,1/31/62,12/24/87,1/1/99,Senior Staff
413078,Genki,Byoun,10/1/63,4/17/90,1/1/99,Senior Engineer
413084,Ibibia,Munch,12/14/63,9/12/93,1/1/99,Staff
413088,Shay,Schlegelmilch,11/12/64,3/30/92,1/1/99,Senior Staff
413091,Arco,Kolinko,5/21/62,11/23/96,1/1/99,Assistant Engineer
413093,Adin,Cangellaris,3/13/62,1/17/94,1/1/99,Engineer
413096,Nahid,Ramaiah,12/18/62,9/1/85,1/1/99,Staff
413098,Hsiangchu,Taubenfeld,1/26/65,4/17/93,1/1/99,Staff
413099,Troy,Brobst,11/24/62,12/9/96,1/1/99,Staff
413100,Theirry,Gist,5/20/62,10/12/85,1/1/99,Engineer
413104,Hisao,Lichtman,11/8/64,4/30/94,1/1/99,Engineer
413110,Zhenbing,Masamoto,9/2/62,9/20/90,1/1/99,Engineer
413111,Lobel,Raney,12/15/63,8/3/94,1/1/99,Staff
413116,Weidon,Facello,3/30/63,10/11/95,1/1/99,Engineer
413123,Dante,Makrucki,3/6/64,10/21/00,1/1/99,Engineer
413124,Shahid,Hofting,1/29/62,10/6/91,1/1/99,Senior Staff
413128,Khatoun,Kawashimo,7/16/63,6/14/95,1/1/99,Engineer
413139,Roded,Kaminger,3/13/62,4/6/98,1/1/99,Technique Leader
413150,Aiman,Cummings,6/15/63,6/26/00,1/1/99,Senior Staff
413153,Shay,Bugaenko,8/31/62,12/26/98,1/1/99,Senior Engineer
413165,Luerbio,Gente,6/10/64,3/3/93,1/1/99,Engineer
413168,Lunjin,Chiola,1/31/63,2/13/93,1/1/99,Engineer
413182,Berni,Stamatiou,4/8/62,9/3/91,1/1/99,Senior Staff
413185,Elrique,Rattan,3/17/64,10/8/93,1/1/99,Senior Staff
413189,Anoosh,Luff,2/21/63,8/25/00,1/1/99,Staff
413193,Vishv,Cannane,10/22/62,1/19/91,1/1/99,Senior Engineer
413196,Arlette,Beznosov,5/11/63,9/2/86,1/1/99,Technique Leader
413199,Kokou,Peac,11/20/64,8/22/97,1/1/99,Staff
413202,Heon,Casley,5/30/63,5/7/89,1/1/99,Engineer
413205,Mototsugu,Prampolini,1/9/65,6/12/88,1/1/99,Senior Staff
413206,Kshitij,Lung,3/22/64,4/3/88,1/1/99,Senior Staff
413209,Halsur,Perna,6/9/64,8/16/90,1/1/99,Senior Engineer
413215,Ronghao,Molberg,7/8/62,3/29/97,1/1/99,Senior Engineer
413218,Vitaly,Negoita,10/7/64,7/20/97,1/1/99,Senior Staff
413221,Paloma,Bach,4/8/64,11/4/95,1/1/99,Senior Staff
413225,Junsik,Maliniak,1/16/62,8/25/99,1/1/99,Engineer
413231,Cheong,Ghelli,1/30/63,8/6/88,1/1/99,Senior Engineer
413236,Pranav,Wrigley,1/30/62,8/21/93,1/1/99,Engineer
413239,Moriyoshi,Moffat,7/16/62,4/16/98,1/1/99,Engineer
413241,Kwangsub,Merel,3/20/63,12/19/96,1/1/99,Senior Engineer
413246,Spyrose,Masand,6/20/64,12/28/89,1/1/99,Staff
413248,Kazuyasu,Sidhu,4/5/63,9/29/89,1/1/99,Staff
413252,Peer,Hofman,8/8/64,2/29/88,1/1/99,Engineer
413257,Munehiro,Denos,8/2/62,5/16/94,1/1/99,Engineer
413258,Changho,Shackell,5/10/63,7/21/90,1/1/99,Engineer
413259,Siddarth,Kranzdorf,3/6/63,7/4/88,1/1/99,Senior Engineer
413262,Bogdan,Peroz,9/23/64,10/22/98,1/1/99,Engineer
413265,Paris,Pluym,7/16/63,2/24/91,1/1/99,Senior Staff
413271,Gopalakrishnan,Spelt,1/20/62,2/14/87,1/1/99,Senior Staff
413273,Mong,Trystram,4/28/62,8/8/90,1/1/99,Engineer
413285,Fai,Burnard,1/15/63,5/24/02,1/1/99,Staff
413294,Dipayan,Diderrich,8/24/62,6/27/99,1/1/99,Staff
413300,King,Kakkar,7/26/63,12/23/97,1/1/99,Engineer
413312,Toshimo,Fiutem,3/31/63,6/10/96,1/1/99,Technique Leader
413316,Kerryn,Mamelak,9/2/63,5/26/97,1/1/99,Staff
413318,Harngdar,Diderrich,7/6/62,11/14/86,1/1/99,Senior Staff
413319,Udaiprakash,Toyoshima,8/11/64,8/23/85,1/1/99,Engineer
413329,Taizo,Hiraishi,12/22/62,12/30/91,1/1/99,Senior Engineer
413332,Kristinn,Marquardt,4/22/63,10/5/88,1/1/99,Senior Engineer
413334,Sampalli,Cairo,9/16/62,12/27/96,1/1/99,Senior Staff
413338,Sadun,Comte,2/18/64,12/8/91,1/1/99,Senior Engineer
413339,Richara,Kuszyk,10/12/63,3/15/96,1/1/99,Engineer
413342,Tadahiro,Scharstein,7/7/62,11/29/99,1/1/99,Staff
413345,Masami,Baak,8/18/64,7/17/90,1/1/99,Staff
413346,Dayanand,Molenaar,4/8/64,8/28/91,1/1/99,Engineer
413351,Remko,Murtha,7/9/64,2/18/88,1/1/99,Assistant Engineer
413357,Conrado,Callaway,5/7/62,2/28/96,1/1/99,Senior Engineer
413358,Lena,Escriba,1/31/64,5/29/93,1/1/99,Senior Staff
413367,Marc,Schiettecatte,1/11/62,8/10/90,1/1/99,Senior Engineer
413370,Mack,Gruenwald,5/26/62,12/19/88,1/1/99,Technique Leader
413395,Atreyi,Schahn,9/30/63,12/29/98,1/1/99,Engineer
413398,Kazuhiko,Leivant,10/10/63,11/14/98,1/1/99,Staff
413418,Richard,Peternell,7/30/64,7/21/86,1/1/99,Engineer
413428,Arup,Litvinov,12/21/64,10/25/89,1/1/99,Senior Staff
413434,KayLiang,Michaeli,6/18/64,2/15/88,1/1/99,Senior Staff
413435,Lijie,Gadepally,7/5/63,2/2/97,1/1/99,Staff
413439,Satyanarayana,Itschner,9/26/63,5/22/85,1/1/99,Senior Staff
413440,Marl,Wendorf,4/29/62,11/15/94,1/1/99,Senior Staff
413445,Zito,Cooman,8/6/64,4/28/88,1/1/99,Technique Leader
413451,Zijian,Wolniewicz,12/7/64,11/21/93,1/1/99,Senior Staff
413472,Froduald,McFarlin,4/11/62,3/11/94,1/1/99,Technique Leader
413473,Faiza,Silva,3/7/63,10/30/95,1/1/99,Senior Staff
413485,Tonny,Stellhorn,3/11/63,11/16/92,1/1/99,Engineer
413500,Qingxiang,Bolsens,12/6/63,7/15/89,1/1/99,Senior Engineer
413507,Aemilian,Spell,2/3/62,1/1/00,1/1/99,Technique Leader
413508,Mahmut,Trogemann,4/27/63,9/6/97,1/1/99,Staff
413514,Denny,Ramamoorthy,12/1/62,7/16/89,1/1/99,Engineer
413525,Marla,Huttel,7/23/63,7/21/87,1/1/99,Senior Staff
413526,Tzu,Hofstetter,8/23/64,2/19/88,1/1/99,Senior Engineer
413539,Jiang,Versino,11/13/64,8/18/88,1/1/99,Engineer
413543,Florian,Kalloufi,12/21/63,8/9/90,1/1/99,Staff
413545,Mabry,Cromarty,7/21/63,6/22/91,1/1/99,Senior Engineer
413548,Dietrich,Grabner,10/12/63,4/5/89,1/1/99,Senior Engineer
413557,Lenore,Suppi,7/20/63,10/22/99,1/1/99,Staff
413558,Houman,Guerreiro,12/17/64,10/9/92,1/1/99,Senior Engineer
413562,Boguslaw,Khamsi,5/6/64,2/28/87,1/1/99,Senior Staff
413563,Mart,Bergere,6/24/62,3/15/99,1/1/99,Staff
413569,Dulce,Jayawardene,12/16/64,9/5/94,1/1/99,Senior Staff
413575,Arup,Peir,3/3/62,3/2/87,1/1/99,Staff
413577,Hideo,Merel,7/6/62,11/1/93,1/1/99,Senior Staff
413585,Mingdong,Llado,7/14/63,9/3/98,1/1/99,Staff
413587,Elrique,Delgrange,12/9/64,6/17/95,1/1/99,Engineer
413593,Salvador,Norsworthy,9/25/62,7/24/85,1/1/99,Senior Staff
413597,Dipayan,Syrzycki,7/29/62,10/20/97,1/1/99,Engineer
413599,Abdelwaheb,Lieblein,10/20/62,9/30/90,1/1/99,Senior Engineer
413613,Khun,Gulla,1/11/64,1/1/94,1/1/99,Senior Staff
413623,Elrique,Krychniak,3/12/62,11/6/01,1/1/99,Senior Engineer
413627,Kauko,Kropatsch,10/5/64,7/10/91,1/1/99,Senior Staff
413634,Kotesh,Rodiger,1/12/63,7/10/88,1/1/99,Engineer
413645,Jovan,Kropatsch,2/2/64,3/18/86,1/1/99,Senior Engineer
413651,Kwangho,Schach,6/25/62,8/18/94,1/1/99,Technique Leader
413652,Sanjeeva,Terkki,9/9/63,9/24/99,1/1/99,Staff
413659,Beshir,Malabarba,7/10/63,1/26/91,1/1/99,Senior Staff
413660,Stein,Esteva,7/11/63,6/15/91,1/1/99,Staff
413661,Jixiang,Sankaranarayanan,10/15/64,3/28/90,1/1/99,Engineer
413663,Tomoyuki,Dulin,5/26/64,2/4/93,1/1/99,Assistant Engineer
413666,Remco,Duclos,1/5/65,4/18/88,1/1/99,Staff
413676,Chanjung,Adachi,12/17/62,4/8/90,1/1/99,Senior Engineer
413682,Sangeeta,Leonhardt,7/26/64,1/18/97,1/1/99,Staff
413684,Uli,Snedden,7/31/64,7/21/94,1/1/99,Senior Engineer
413689,Mabhin,Erbe,7/1/63,11/13/94,1/1/99,Staff
413695,Theron,Slutz,12/18/62,9/11/96,1/1/99,Senior Engineer
413701,Alair,Nyanchama,10/30/62,6/29/93,1/1/99,Senior Engineer
413709,Chinya,Khasidashvili,3/17/62,11/27/87,1/1/99,Senior Engineer
413721,Lijia,Paciorek,3/30/64,6/7/93,1/1/99,Engineer
413724,Alexius,Keustermans,5/19/63,7/13/93,1/1/99,Senior Staff
413727,Ghassan,Barreiro,2/20/63,9/12/92,1/1/99,Staff
413729,Harjit,Ernst,1/2/65,4/26/92,1/1/99,Technique Leader
413734,Leif,Christ,4/29/63,10/2/01,1/1/99,Staff
413742,Jungsoon,Trystram,10/24/62,1/27/91,1/1/99,Staff
413743,Nikolaus,Chenney,3/15/64,11/25/87,1/1/99,Staff
413759,Nikolaos,Colorni,10/30/64,5/31/89,1/1/99,Senior Staff
413761,Reuven,Meszaros,9/29/64,8/4/85,1/1/99,Engineer
413768,Almudena,Sherertz,8/23/63,10/10/92,1/1/99,Senior Engineer
413780,Bodo,Iivonen,7/15/64,10/15/85,1/1/99,Staff
413782,Weijing,Collavizza,4/18/62,6/10/95,1/1/99,Senior Staff
413783,Hidefumi,Ermel,4/14/62,11/29/95,1/1/99,Staff
413786,Uinam,Gulak,11/27/63,6/3/94,1/1/99,Senior Staff
413790,Vasilii,Aingworth,11/1/63,12/9/97,1/1/99,Engineer
413800,Moto,Pollacia,5/27/63,1/2/89,1/1/99,Staff
413809,Basim,Kandlur,9/20/63,1/9/98,1/1/99,Senior Engineer
413810,Oscar,Dolinsky,12/31/63,9/13/98,1/1/99,Engineer
413817,Gina,Samarati,6/27/64,8/15/87,1/1/99,Senior Staff
413820,Alper,Kroft,1/28/62,2/9/99,1/1/99,Staff
413822,Gilbert,Haraldson,2/16/63,5/16/88,1/1/99,Technique Leader
413827,Masasuke,Lorch,6/10/63,11/4/88,1/1/99,Senior Staff
413831,Mohamadou,Grabner,1/9/65,11/25/91,1/1/99,Staff
413832,Marco,Jahnichen,1/24/65,3/28/95,1/1/99,Senior Staff
413834,Ayonca,Muhling,12/6/64,5/17/96,1/1/99,Engineer
413842,Christoph,Bahr,10/20/62,7/24/92,1/1/99,Engineer
413845,Mabry,Murthy,9/25/64,3/7/00,1/1/99,Senior Staff
413848,Vitaly,Kitai,5/22/62,12/31/98,1/1/99,Staff
413849,Hyuncheol,Edelhoff,7/3/64,9/14/89,1/1/99,Engineer
413851,Uma,Muntz,10/28/62,6/23/99,1/1/99,Engineer
413853,Gunilla,Kolvik,3/1/62,11/1/91,1/1/99,Senior Staff
413860,Houman,Kieras,2/6/64,6/11/85,1/1/99,Senior Staff
413864,Shigeu,Baik,6/10/62,1/9/86,1/1/99,Engineer
413867,Sachar,Zielinski,9/30/64,6/15/98,1/1/99,Engineer
413870,Patricia,Gajiwala,2/24/64,12/26/92,1/1/99,Technique Leader
413885,Alejandra,Poehlman,6/14/64,4/29/96,1/1/99,Engineer
413896,Katsuo,Simmel,2/10/62,12/21/93,1/1/99,Staff
413898,Sivanarayana,Perl,3/18/62,2/1/86,1/1/99,Senior Engineer
413899,Yurii,Kalorkoti,11/15/63,6/21/86,1/1/99,Senior Staff
413902,Ranan,Vidal,4/18/63,2/11/91,1/1/99,Staff
413904,Yurij,Heijenga,6/2/62,2/4/99,1/1/99,Engineer
413906,Arfst,Wrigley,11/20/63,6/21/86,1/1/99,Staff
413921,Tzvetan,Erni,1/23/64,9/23/96,1/1/99,Staff
413922,Nakhoon,Cronan,12/5/64,1/31/99,1/1/99,Senior Engineer
413925,Nigel,Pauthner,7/11/64,2/28/89,1/1/99,Senior Engineer
413938,Pascal,Molberg,8/7/64,11/7/90,1/1/99,Senior Engineer
413939,Gill,Rissanen,6/1/63,7/18/86,1/1/99,Senior Staff
413940,Udo,Seghrouchni,2/7/63,3/24/91,1/1/99,Staff
413943,Shigeu,Docker,4/16/62,9/4/91,1/1/99,Engineer
413945,Yuguang,Emmerich,9/25/64,7/10/96,1/1/99,Senior Engineer
413953,Jolita,Ruemmler,5/12/63,3/31/85,1/1/99,Engineer
413963,Huan,Cichocki,11/21/64,1/1/88,1/1/99,Senior Staff
413965,Miomir,Sankaranarayanan,2/23/64,6/9/85,1/1/99,Senior Staff
413971,Van,Brattka,10/11/62,12/11/85,1/1/99,Assistant Engineer
413972,Yoshinari,Guenter,6/22/63,1/4/88,1/1/99,Senior Engineer
413980,Alassane,Khasidashvili,5/12/63,8/23/92,1/1/99,Engineer
413992,Mary,Heusch,12/13/64,10/22/87,1/1/99,Staff
413993,Zijian,Schapiro,10/22/62,3/2/89,1/1/99,Engineer
413996,Mohua,Schapire,6/23/64,1/10/00,1/1/99,Senior Staff
414001,Hatem,Hmelo,3/16/64,8/15/92,1/1/99,Senior Staff
414002,Renny,Lienhardt,9/14/64,11/3/98,1/1/99,Staff
414003,Hironoby,Setlzner,12/3/64,3/14/95,1/1/99,Technique Leader
414005,Oscar,Condotta,6/16/64,4/13/86,1/1/99,Senior Staff
414013,Shridhar,Kambil,6/28/62,4/18/96,1/1/99,Senior Staff
414027,Tadanori,Msuda,1/31/65,2/20/93,1/1/99,Senior Engineer
414028,Ashish,Luke,11/27/64,1/16/95,1/1/99,Engineer
414038,Constantino,Goldhammer,6/28/64,6/20/88,1/1/99,Engineer
414040,Arto,Perko,6/7/64,2/11/90,1/1/99,Senior Engineer
414046,Djelloul,Iivonen,7/9/62,5/19/85,1/1/99,Technique Leader
414050,Wojceich,Foong,3/29/64,12/11/99,1/1/99,Senior Staff
414052,Navin,Rosiles,8/5/62,8/24/94,1/1/99,Senior Engineer
414074,Kirk,Tischendorf,4/4/62,8/9/86,1/1/99,Staff
414080,Demos,Vecchi,6/11/63,8/17/85,1/1/99,Staff
414081,Masadi,Ruemmler,2/24/63,3/12/96,1/1/99,Senior Staff
414085,Parviz,Bratten,12/4/63,4/6/95,1/1/99,Staff
414091,Wuxu,Kuhnemann,1/17/65,8/19/97,1/1/99,Engineer
414106,Jaewoo,Genther,8/17/64,5/10/95,1/1/99,Senior Staff
414107,Dipayan,Kugler,6/8/63,8/23/88,1/1/99,Engineer
414115,Kokou,Krone,7/31/62,2/17/95,1/1/99,Senior Engineer
414119,Tetsurou,Piancastelli,1/14/63,4/20/94,1/1/99,Senior Staff
414121,Sibyl,Toyoshima,8/24/64,6/2/92,1/1/99,Engineer
414125,Nagui,Marrevee,4/3/63,5/6/98,1/1/99,Senior Staff
414137,Demos,Pavlopoulou,5/1/62,4/18/91,1/1/99,Senior Engineer
414141,Valter,Fandrianto,8/17/63,8/22/91,1/1/99,Staff
414159,Kendra,Swen,6/14/63,3/13/91,1/1/99,Senior Engineer
414160,Bodh,Hiltgen,9/19/62,6/16/86,1/1/99,Technique Leader
414181,Vojin,Emden,6/9/62,2/21/91,1/1/99,Engineer
414193,Lansing,Gubsky,3/24/63,12/7/94,1/1/99,Senior Staff
414207,Candida,Vingron,7/13/63,11/4/85,1/1/99,Senior Engineer
414223,Stella,Ramaiah,4/4/63,2/24/92,1/1/99,Technique Leader
414238,Georgi,Unno,5/9/64,2/22/93,1/1/99,Senior Engineer
414259,Percy,Pollock,10/24/63,8/15/94,1/1/99,Staff
414262,Haldon,Armand,12/3/62,9/21/01,1/1/99,Technique Leader
414274,Mikhail,Angel,12/27/64,3/16/95,1/1/99,Engineer
414284,Hidefumi,Colorni,1/7/63,8/15/87,1/1/99,Senior Engineer
414293,Seongbae,Varker,8/20/64,4/6/88,1/1/99,Staff
414297,Panayotis,Ashish,8/8/62,9/8/96,1/1/99,Engineer
414303,Sibyl,Serre,1/24/64,10/16/91,1/1/99,Senior Engineer
414307,Zhensheng,Khasidashvili,9/28/62,10/30/95,1/1/99,Senior Staff
414312,Serif,Schneeberger,8/17/62,7/14/87,1/1/99,Senior Engineer
414323,Alper,Matzel,11/22/63,4/21/94,1/1/99,Staff
414328,Xiaopeng,Leppanen,11/9/63,12/28/94,1/1/99,Senior Engineer
414329,Vesna,Falco,2/16/62,6/12/93,1/1/99,Senior Staff
414339,Behnaam,Perly,7/15/62,11/13/93,1/1/99,Engineer
414345,Taisook,Murillo,7/6/64,12/26/98,1/1/99,Senior Engineer
414357,Pranas,Baek,10/19/63,4/25/90,1/1/99,Staff
414359,Shim,Thiran,2/1/63,7/6/95,1/1/99,Engineer
414365,Marla,Schapiro,7/22/64,4/24/97,1/1/99,Engineer
414370,Moriyoshi,Levergood,4/19/64,3/27/92,1/1/99,Senior Engineer
414372,Masamitsu,Bach,5/4/63,2/17/99,1/1/99,Technique Leader
414373,Mariusz,Kumaresan,7/28/62,10/7/99,1/1/99,Senior Engineer
414375,Kenton,Szmurlo,1/12/63,3/29/86,1/1/99,Senior Staff
414376,Haldun,Garnier,8/27/63,11/3/93,1/1/99,Engineer
414379,Pranjal,Jullig,7/3/64,10/12/97,1/1/99,Staff
414386,Bangqing,Eiter,5/24/64,10/10/99,1/1/99,Staff
414387,Fatemeh,Busillo,5/18/62,11/23/95,1/1/99,Senior Staff
414389,Amabile,Gire,7/2/64,12/19/98,1/1/99,Staff
414399,Chinho,Narlikar,3/22/62,12/18/97,1/1/99,Assistant Engineer
414413,Howell,Cyne,2/2/63,4/16/85,1/1/99,Senior Engineer
414414,Leucio,Chenney,1/5/62,12/2/87,1/1/99,Engineer
414423,Duro,Masada,6/29/64,9/22/85,1/1/99,Senior Engineer
414424,Anneke,Picel,8/2/62,4/15/97,1/1/99,Engineer
414425,Remmert,Randi,11/7/62,6/19/86,1/1/99,Senior Staff
414430,Kazuhiko,Ferretti,6/11/63,8/20/87,1/1/99,Engineer
414432,Uno,Greibach,7/14/64,1/9/98,1/1/99,Staff
414459,Janalee,Pintelas,4/17/63,1/9/02,1/1/99,Engineer
414463,Yonghong,Schaft,10/3/63,6/26/94,1/1/99,Engineer
414464,Radhika,Azevdeo,9/10/63,6/9/89,1/1/99,Technique Leader
414467,Aleksandar,Bale,4/3/62,9/11/94,1/1/99,Engineer
414471,Moie,Chimia,6/16/62,2/12/99,1/1/99,Staff
414474,Dharmaraja,Cannata,1/8/62,10/6/91,1/1/99,Engineer
414478,Brendon,Melton,11/7/62,2/7/90,1/1/99,Staff
414480,Weidon,Vieri,10/1/64,3/11/89,1/1/99,Senior Staff
414481,Younwoo,Suppi,4/2/64,10/10/86,1/1/99,Senior Staff
414487,Odysseas,Dechter,8/2/63,4/24/91,1/1/99,Senior Staff
414488,Leni,Curless,1/15/62,8/18/88,1/1/99,Senior Engineer
414507,Mitsuyuki,Butner,4/26/62,12/31/85,1/1/99,Senior Engineer
414518,Richara,Thiran,6/16/62,4/22/99,1/1/99,Staff
414520,Neven,Swab,6/8/62,11/11/91,1/1/99,Senior Engineer
414521,Nikolaos,Zuberek,3/6/63,2/5/98,1/1/99,Senior Staff
414528,Boutros,Mayerwieser,7/31/62,1/18/93,1/1/99,Staff
414529,Remko,Hiltgen,8/5/64,1/17/02,1/1/99,Engineer
414530,Nobuyoshi,Redmiles,6/27/63,12/3/99,1/1/99,Staff
414536,Mack,Kadhim,7/29/62,11/22/97,1/1/99,Staff
414541,Odoardo,Range,12/25/63,5/14/89,1/1/99,Senior Staff
414542,Kazuhide,Heering,7/27/62,12/18/89,1/1/99,Senior Engineer
414543,Bernd,Anick,1/3/65,11/19/88,1/1/99,Senior Engineer
414549,Hilari,Spinelli,1/4/63,7/20/89,1/1/99,Senior Staff
414551,Elliott,Copas,1/22/65,9/13/94,1/1/99,Senior Engineer
414556,Hisao,Theuretzbacher,5/27/62,9/24/95,1/1/99,Senior Staff
414559,Jovan,Oxenboll,2/7/62,6/6/91,1/1/99,Staff
414563,Otmar,Schaar,8/16/63,9/10/90,1/1/99,Senior Staff
414564,Martina,Rijckaert,12/18/63,5/18/91,1/1/99,Engineer
414569,Wonhee,Stranks,11/21/64,11/14/90,1/1/99,Senior Engineer
414571,Jinya,Hiltgen,10/9/64,11/8/93,1/1/99,Senior Staff
414575,Aris,Georg,8/1/62,11/24/89,1/1/99,Senior Staff
414589,Weijing,Munck,9/24/64,4/22/86,1/1/99,Engineer
414590,Sampalli,Heystek,4/19/63,12/13/97,1/1/99,Staff
414591,Cordelia,Eickenmeyer,4/3/63,1/5/01,1/1/99,Staff
414594,Xiaoheng,Schicker,7/13/64,6/16/98,1/1/99,Senior Engineer
414597,Tonia,Ressouche,6/3/62,6/12/88,1/1/99,Senior Engineer
414599,Yucel,Jenevein,9/24/64,5/9/99,1/1/99,Assistant Engineer
414600,Luigi,Whitcomb,6/29/62,10/19/85,1/1/99,Engineer
414612,Mats,Gajiwala,9/19/62,6/15/97,1/1/99,Staff
414616,Premsyl,Docker,12/23/63,2/28/99,1/1/99,Staff
414623,Prodip,Luca,10/29/64,3/19/86,1/1/99,Senior Staff
414634,Uinam,Staylopatis,7/26/62,11/1/89,1/1/99,Engineer
414637,Heping,Chvatal,4/11/62,8/8/98,1/1/99,Staff
414639,Akemi,Pearson,9/20/62,11/20/90,1/1/99,Senior Engineer
414646,Toshimori,DiGiano,4/4/62,5/25/89,1/1/99,Engineer
414653,Nectarios,Stifter,5/18/64,8/17/99,1/1/99,Senior Staff
414658,Toong,Babb,2/23/63,7/30/01,1/1/99,Senior Staff
414662,Ipke,Schneeberger,1/21/65,9/20/85,1/1/99,Senior Engineer
414668,Brewster,Candan,5/1/62,3/14/95,1/1/99,Staff
414669,Raimond,Lanzelotte,6/7/62,5/24/91,1/1/99,Senior Engineer
414675,Valdiodio,Riefers,12/21/64,11/23/87,1/1/99,Senior Staff
414676,Ger,Chachaty,6/17/62,3/19/90,1/1/99,Engineer
414679,Chaoyi,Rothe,6/28/64,2/5/96,1/1/99,Engineer
414696,Oscar,Hanabata,8/25/62,7/22/92,1/1/99,Staff
414697,Gilbert,Walstra,3/7/63,1/30/02,1/1/99,Senior Engineer
414703,Jaana,Lalonde,1/12/63,8/28/89,1/1/99,Staff
414704,Toshiki,Luft,9/28/62,2/21/95,1/1/99,Staff
414709,Amalendu,Simmel,5/11/62,7/7/99,1/1/99,Engineer
414712,Hironobu,Schicker,6/22/64,1/6/91,1/1/99,Senior Engineer
414714,Chinho,Delgrande,1/6/65,11/7/96,1/1/99,Senior Staff
414715,Masali,Zyda,1/16/64,5/11/94,1/1/99,Staff
414723,Volkmar,Kisuki,11/18/63,2/10/90,1/1/99,Senior Staff
414726,Divier,Setia,1/7/63,12/3/99,1/1/99,Technique Leader
414734,Alejandra,Undy,4/12/62,9/6/98,1/1/99,Engineer
414747,Maik,Niizuma,5/28/62,5/12/88,1/1/99,Engineer
414758,Hitomi,Neimat,5/19/64,7/3/97,1/1/99,Staff
414763,Yonghong,Zuberek,9/11/64,4/14/89,1/1/99,Senior Staff
414769,Khosrow,Beetstra,11/2/64,11/5/93,1/1/99,Senior Staff
414773,Mingzeng,Silva,7/5/63,9/8/97,1/1/99,Engineer
414777,TRUE,Falster,4/25/62,10/27/85,1/1/99,Senior Engineer
414781,Mingzeng,Dratva,5/28/63,11/8/89,1/1/99,Senior Staff
414785,Hein,Ghandeharizadeh,5/22/63,10/24/89,1/1/99,Senior Engineer
414787,Poorav,Kobara,8/21/63,10/25/97,1/1/99,Staff
414788,Lansing,Ginesta,2/5/64,3/30/85,1/1/99,Senior Staff
414800,Gro,Ulupinar,1/10/62,6/13/85,1/1/99,Senior Staff
414807,Brewster,Chiodo,7/24/64,12/16/89,1/1/99,Senior Engineer
414813,Bilhanan,Ulupinar,9/7/63,9/22/88,1/1/99,Senior Engineer
414814,Dayanand,Wielonsky,1/28/65,2/28/99,1/1/99,Staff
414818,Pintsang,Qiwen,2/8/63,3/18/95,1/1/99,Staff
414820,Shaleah,Giveon,4/27/64,5/11/86,1/1/99,Technique Leader
414825,Reinhold,Peral,11/12/64,1/20/88,1/1/99,Senior Staff
414827,Hitomi,Gire,4/14/63,1/31/93,1/1/99,Technique Leader
414837,Falguni,Fandrianto,11/17/62,1/3/96,1/1/99,Engineer
414843,Hatem,Speel,12/16/63,12/16/87,1/1/99,Senior Staff
414853,Odoardo,Raoux,12/18/62,12/21/89,1/1/99,Senior Engineer
414859,Sanjeeva,Mitina,11/4/64,5/9/88,1/1/99,Senior Engineer
414865,Mohammad,Prenel,3/28/62,2/23/89,1/1/99,Staff
414872,Yakichi,Kaelbling,2/4/63,7/12/85,1/1/99,Senior Engineer
414879,Nechama,Honiden,7/30/64,1/19/93,1/1/99,Senior Engineer
414885,Candido,Vecchi,8/3/62,3/7/99,1/1/99,Staff
414895,Gina,Tanemo,11/1/64,9/12/85,1/1/99,Senior Engineer
414896,Michaela,Busillo,1/23/63,8/15/87,1/1/99,Senior Engineer
414897,Juyoung,Willoner,1/17/65,11/3/89,1/1/99,Staff
414909,Augustine,Ginesta,9/5/62,6/28/93,1/1/99,Technique Leader
414916,Mansur,Rothenberg,2/12/63,8/3/92,1/1/99,Senior Engineer
414919,Rosella,Beausoleil,1/31/63,5/13/88,1/1/99,Senior Staff
414929,Shridhar,Perelgut,9/19/63,3/17/00,1/1/99,Staff
414937,Arvin,Marletta,10/17/64,3/3/87,1/1/99,Senior Staff
414944,Younwoo,Berstel,9/26/64,6/12/97,1/1/99,Staff
414948,Francesca,Kropp,5/1/63,2/7/97,1/1/99,Staff
414951,Jaewon,Schicker,3/3/63,9/3/85,1/1/99,Engineer
414955,Piyawadee,Matzke,9/3/63,7/3/92,1/1/99,Technique Leader
414957,Deniz,Rodier,5/17/62,2/18/91,1/1/99,Senior Staff
414971,Fox,Brookman,3/8/63,11/8/85,1/1/99,Senior Staff
414979,Weiwu,Matzat,12/17/64,8/27/90,1/1/99,Senior Engineer
414981,Aiichiro,Ghandeharizadeh,1/31/64,8/27/94,1/1/99,Senior Engineer
414982,Danae,Kalefeld,4/6/63,4/20/94,1/1/99,Engineer
414984,Krisda,Barbanera,4/4/64,7/16/87,1/1/99,Engineer
414985,Suebskul,Raczkowsky,7/21/64,7/29/97,1/1/99,Engineer
414991,Khoa,Yurov,3/27/63,6/14/99,1/1/99,Engineer
414998,Toshiko,Shobatake,11/2/64,10/22/98,1/1/99,Senior Staff
414999,Toong,Remmers,1/13/62,7/2/93,1/1/99,Senior Staff
415002,Ingemar,Thisen,4/20/62,4/25/91,1/1/99,Technique Leader
415003,Shakhar,Sullins,1/12/62,12/11/00,1/1/99,Senior Engineer
415011,Aleksander,Ramalingam,2/12/62,10/26/97,1/1/99,Staff
415037,Fatemeh,Undy,12/14/62,3/23/93,1/1/99,Senior Engineer
415045,Werner,Matteis,12/22/64,2/14/89,1/1/99,Senior Engineer
415046,Teiji,Lunt,8/9/64,4/13/96,1/1/99,Engineer
415050,Howell,Farrar,11/29/63,12/26/92,1/1/99,Senior Engineer
415051,Leif,Dusink,9/19/63,7/31/95,1/1/99,Senior Engineer
415056,Tiina,Munke,10/28/62,5/26/86,1/1/99,Senior Engineer
415059,Kristen,Fiutem,10/10/62,2/22/99,1/1/99,Engineer
415060,Maya,Heemskerk,6/12/63,1/17/00,1/1/99,Staff
415062,Randi,Szilard,11/6/63,5/1/93,1/1/99,Senior Engineer
415066,Sanjai,Sridhar,1/17/63,2/23/90,1/1/99,Senior Staff
415067,Seongbae,Peyn,5/23/62,10/19/90,1/1/99,Staff
415077,Utz,Czap,2/18/62,10/18/97,1/1/99,Senior Engineer
415078,Jianhao,Miyakawa,3/13/63,9/19/89,1/1/99,Staff
415079,Subir,Zedlitz,1/9/63,3/29/99,1/1/99,Engineer
415081,Kellyn,Cooman,5/9/64,3/24/98,1/1/99,Engineer
415083,Moto,Karcich,12/28/64,2/4/94,1/1/99,Engineer
415084,King,Budinsky,6/14/64,1/13/97,1/1/99,Staff
415085,Ger,Usery,3/21/64,2/12/99,1/1/99,Senior Staff
415089,Heng,Bala,7/29/63,1/6/87,1/1/99,Engineer
415090,Khun,Edelhoff,5/25/62,10/22/94,1/1/99,Senior Staff
415091,Eirik,Mahmud,12/10/64,9/9/99,1/1/99,Engineer
415092,Heather,Decaestecker,10/9/62,10/16/91,1/1/99,Senior Engineer
415095,Duke,Welham,9/25/64,6/16/94,1/1/99,Staff
415096,Constantijn,Demri,6/12/63,4/30/01,1/1/99,Senior Engineer
415099,Debatosh,Magliocco,11/11/62,11/4/95,1/1/99,Engineer
415110,Arco,Showalter,2/22/64,1/29/94,1/1/99,Senior Staff
415111,Denny,Montemayor,4/21/62,9/5/91,1/1/99,Engineer
415116,Suebskul,Siksek,10/8/63,9/15/85,1/1/99,Engineer
415118,Kazuhito,Journel,10/18/62,7/15/97,1/1/99,Senior Staff
415130,Lakshmi,Rosca,10/29/64,7/12/89,1/1/99,Engineer
415143,Hein,Merey,3/17/63,10/10/99,1/1/99,Senior Engineer
415144,Jongsuk,Janetzko,10/17/62,10/14/94,1/1/99,Staff
415145,Shuzo,Pena,1/11/62,3/20/88,1/1/99,Senior Engineer
415147,Saeko,Restivo,4/9/64,5/1/96,1/1/99,Senior Staff
415155,Zdislav,Penz,12/26/63,8/16/91,1/1/99,Staff
415166,Tommaso,Hempstead,11/12/63,4/22/99,1/1/99,Engineer
415168,Hirochika,Talmon,6/30/63,12/10/89,1/1/99,Senior Staff
415172,Goa,Coullard,4/19/64,7/9/85,1/1/99,Senior Staff
415174,Hyuncheol,Merel,6/5/64,10/9/99,1/1/99,Engineer
415180,JiYoung,McFarlin,2/4/64,9/2/86,1/1/99,Engineer
415185,Mingdong,Debuse,3/12/64,7/18/92,1/1/99,Senior Staff
415187,Juyoung,Peltason,1/3/65,9/1/98,1/1/99,Assistant Engineer
415191,Toshimori,Rosin,7/25/62,7/11/97,1/1/99,Senior Staff
415192,Snehasis,Zlotek,7/1/62,1/22/99,1/1/99,Engineer
415199,Pragnesh,Rebaine,9/4/62,4/16/96,1/1/99,Staff
415203,Weiyi,Litzkow,4/6/64,3/12/99,1/1/99,Assistant Engineer
415217,Gully,Bala,1/23/63,8/23/86,1/1/99,Engineer
415219,Shiv,Beutelspacher,3/26/62,8/5/91,1/1/99,Senior Staff
415223,Vincent,Lammel,3/4/63,9/16/97,1/1/99,Engineer
415239,Kerhong,Ranka,11/28/64,6/16/88,1/1/99,Senior Engineer
415241,Nectarios,Birnbaum,1/7/62,12/15/88,1/1/99,Assistant Engineer
415245,Howell,Schurmann,4/20/62,7/14/97,1/1/99,Assistant Engineer
415252,Subir,Levasseur,7/19/63,4/24/85,1/1/99,Senior Staff
415253,Mayumi,Heystek,12/16/62,9/20/99,1/1/99,Senior Staff
415265,Alain,Birge,4/11/64,11/13/01,1/1/99,Senior Staff
415268,Hidekazu,Nishimukai,4/26/63,5/23/97,1/1/99,Staff
415273,Paloma,Gerlach,6/14/62,7/3/94,1/1/99,Staff
415275,Nathan,Karlin,12/7/63,8/24/94,1/1/99,Engineer
415279,Mads,Lorch,8/7/63,6/13/98,1/1/99,Senior Engineer
415287,Yucai,Garnick,2/5/62,6/10/90,1/1/99,Engineer
415289,Anneli,Nergos,4/14/62,9/6/96,1/1/99,Engineer
415290,Margo,Iisaku,10/11/64,4/12/91,1/1/99,Staff
415304,Sachin,Nittel,10/12/63,5/19/94,1/1/99,Engineer
415310,Jiang,Himler,11/19/62,10/24/96,1/1/99,Technique Leader
415314,Marl,Milicic,9/5/63,7/16/95,1/1/99,Senior Staff
415316,Rosli,Scallan,2/28/64,6/5/92,1/1/99,Senior Engineer
415326,Yaghout,DuCasse,3/13/62,5/17/92,1/1/99,Engineer
415328,Chinho,Matzke,3/6/64,4/15/98,1/1/99,Staff
415331,Dinkar,Stassinopoulos,1/18/64,6/24/93,1/1/99,Senior Engineer
415334,Huican,Marrevee,6/6/63,1/12/95,1/1/99,Senior Engineer
415338,Shigeo,Emmart,1/22/65,12/24/95,1/1/99,Assistant Engineer
415342,Diederik,Rettelbach,2/8/62,6/25/93,1/1/99,Staff
415358,Danny,Ellozy,5/3/64,5/17/91,1/1/99,Senior Staff
415363,Conal,Shackell,1/19/65,2/23/95,1/1/99,Senior Staff
415364,Jovan,Hartvigsen,8/17/63,11/10/88,1/1/99,Engineer
415366,Piyawadee,Mitchem,5/21/64,6/7/99,1/1/99,Assistant Engineer
415371,Rafols,Kakkad,5/18/63,1/8/91,1/1/99,Staff
415372,Arlette,Yemenis,10/29/63,3/21/96,1/1/99,Staff
415383,Kazuhito,Shrader,5/1/62,12/10/87,1/1/99,Senior Engineer
415386,Visit,Dengi,10/7/63,9/2/92,1/1/99,Staff
415398,Yahiko,Schmezko,10/8/63,3/13/96,1/1/99,Senior Staff
415399,Mohammad,Baezner,7/11/62,11/28/88,1/1/99,Technique Leader
415401,Girolamo,Cesareni,6/29/64,3/23/86,1/1/99,Senior Engineer
415406,Debatosh,Luiz,5/22/64,11/26/85,1/1/99,Technique Leader
415410,Aiman,Ranst,8/27/64,2/15/90,1/1/99,Senior Staff
415411,Herbert,Bail,4/29/62,5/3/01,1/1/99,Staff
415416,Rosine,Ramsey,1/22/62,12/24/99,1/1/99,Engineer
415419,Juichirou,Bridgland,8/19/62,4/9/94,1/1/99,Engineer
415422,Kannan,Bernatsky,3/29/62,7/21/88,1/1/99,Engineer
415427,Shigeichiro,Pehl,7/31/62,4/24/93,1/1/99,Senior Staff
415429,Maren,Peres,4/30/63,3/14/96,1/1/99,Staff
415433,Tristan,Hedayat,11/22/64,2/26/95,1/1/99,Assistant Engineer
415437,Jaana,Delgrange,12/6/62,2/2/96,1/1/99,Senior Staff
415445,Xiaoqiang,Hashii,3/22/64,12/26/90,1/1/99,Senior Engineer
415450,Dulce,Lunt,3/20/62,10/6/87,1/1/99,Senior Engineer
415465,Lucian,Cichocki,4/4/63,12/8/85,1/1/99,Engineer
415467,Lucian,Compeau,8/13/62,4/6/92,1/1/99,Senior Staff
415474,Luisa,Jiafu,2/25/63,3/23/87,1/1/99,Senior Engineer
415476,Hyuckchul,Navazio,7/12/62,4/19/96,1/1/99,Assistant Engineer
415492,Patricia,Kirkerud,4/5/62,7/20/99,1/1/99,Engineer
415493,Giao,Baby,6/24/63,5/8/93,1/1/99,Engineer
415494,Arnould,Gimarc,11/29/64,6/10/89,1/1/99,Senior Engineer
415503,Jolita,Riexinger,12/24/63,3/25/98,1/1/99,Technique Leader
415506,Berry,Kabayashi,2/3/62,9/12/94,1/1/99,Engineer
415509,Sumant,Alpay,4/12/62,1/11/97,1/1/99,Senior Engineer
415511,Kristine,Hiltgen,12/26/63,6/11/86,1/1/99,Senior Staff
415515,Stepehn,Perko,9/7/62,3/6/87,1/1/99,Senior Staff
415519,Eric,Schrooten,10/8/63,11/25/93,1/1/99,Staff
415520,Froduald,Solovay,8/1/63,6/4/94,1/1/99,Senior Engineer
415528,Macha,Erbe,11/12/63,8/2/88,1/1/99,Technique Leader
415533,Mack,Picel,8/5/62,11/17/99,1/1/99,Staff
415551,Padma,Encarnacion,3/12/63,5/19/91,1/1/99,Staff
415556,Boalin,Serot,6/5/63,5/18/98,1/1/99,Engineer
415563,Mrinalini,Bierbaum,1/21/65,3/12/86,1/1/99,Engineer
415571,Candido,Kulisch,3/31/64,1/23/96,1/1/99,Engineer
415573,Joydip,Murillo,11/21/64,11/23/00,1/1/99,Staff
415579,Kersti,Anido,5/12/62,2/17/88,1/1/99,Senior Staff
415581,Paddy,Kalloufi,9/16/62,4/21/88,1/1/99,Senior Engineer
415586,Ebbe,Lubachevsky,4/4/62,11/24/85,1/1/99,Staff
415595,Alenka,Pargaonkar,2/13/63,8/27/91,1/1/99,Senior Staff
415602,Seongbae,Hertweck,9/9/63,10/3/91,1/1/99,Senior Engineer
415605,Xiaobin,Merel,10/18/64,10/20/89,1/1/99,Staff
415609,Garnet,Perfilyeva,12/16/63,8/27/92,1/1/99,Senior Staff
415613,Toshiki,Pardalos,1/30/62,10/28/96,1/1/99,Engineer
415618,Jaroslava,Welham,12/31/62,8/10/87,1/1/99,Senior Staff
415620,Mircea,Kandlur,10/21/63,6/26/91,1/1/99,Engineer
415623,Bernd,Raney,5/12/62,5/14/95,1/1/99,Engineer
415627,Chenxi,Raczkowsky,5/19/62,2/28/98,1/1/99,Staff
415630,Jasminko,Kushner,8/7/62,7/28/91,1/1/99,Senior Staff
415641,Mamdouh,Zeleznik,11/11/64,10/18/85,1/1/99,Staff
415642,Hairong,Alvarado,10/16/64,9/13/91,1/1/99,Technique Leader
415667,Bogdan,Segond,5/14/63,7/30/91,1/1/99,Senior Engineer
415669,Elzbieta,Schlumberger,4/30/64,11/15/00,1/1/99,Engineer
415684,Shalesh,Hashii,6/1/62,10/4/89,1/1/99,Senior Engineer
415686,Uwe,Beutelspacher,3/22/63,4/9/96,1/1/99,Senior Staff
415709,Guadalupe,Masada,8/4/64,1/3/94,1/1/99,Staff
415714,Shirish,Antonisse,7/17/63,2/26/89,1/1/99,Senior Staff
415718,Kristin,Lukaszewicz,7/18/64,8/26/01,1/1/99,Senior Staff
415719,Tze,Syrzycki,10/4/64,3/5/89,1/1/99,Senior Staff
415722,Masoud,Ohori,3/8/62,12/5/96,1/1/99,Engineer
415723,Shuichi,Picht,3/3/63,1/6/89,1/1/99,Staff
415725,Gino,Shumilov,3/30/64,12/29/87,1/1/99,Engineer
415738,Suzette,Spieker,8/13/63,11/29/91,1/1/99,Senior Staff
415740,Margo,Billingsley,4/16/63,6/17/99,1/1/99,Engineer
415750,Tiina,Munch,8/5/62,6/25/86,1/1/99,Senior Staff
415751,Zhanqiu,Muntz,9/18/62,7/6/88,1/1/99,Staff
415758,Qunsheng,Butner,4/11/64,2/14/85,1/1/99,Engineer
415761,Bedir,Benzmuller,8/22/62,3/10/87,1/1/99,Senior Staff
415766,Kamran,Penttonen,12/16/64,7/23/02,1/1/99,Senior Staff
415775,Bodh,Gammage,8/4/63,1/14/95,1/1/99,Senior Engineer
415776,Panayotis,Luks,5/27/64,4/18/86,1/1/99,Senior Staff
415779,Yuguang,Christianini,10/21/63,5/1/93,1/1/99,Senior Staff
415780,Yongqiao,Kushner,8/9/64,9/14/86,1/1/99,Senior Engineer
415782,Shietung,Karcich,9/30/63,3/8/93,1/1/99,Senior Staff
415786,Falguni,Gulla,11/26/62,8/21/99,1/1/99,Senior Engineer
415789,Katsuyuki,Tiemann,12/29/63,6/11/94,1/1/99,Staff
415808,Masadi,Bazelow,11/14/62,3/16/92,1/1/99,Senior Staff
415809,Yuuichi,Bharadwaj,2/25/64,11/3/94,1/1/99,Staff
415824,Steve,Cairo,2/5/64,7/11/96,1/1/99,Technique Leader
415825,Chrisa,Plesums,8/22/63,7/6/98,1/1/99,Assistant Engineer
415827,Kasturi,Delaune,1/20/63,5/6/90,1/1/99,Senior Staff
415830,Charlene,Danlos,7/5/64,10/1/93,1/1/99,Senior Engineer
415833,Bangqing,Setia,12/7/62,1/18/91,1/1/99,Senior Staff
415834,Dannz,Kenevan,7/3/63,12/14/85,1/1/99,Senior Staff
415850,Beshir,Schmiedel,6/13/64,3/2/88,1/1/99,Senior Staff
415853,Leaf,Levergood,6/26/62,9/28/96,1/1/99,Staff
415869,Erez,Kakkar,6/30/63,2/5/94,1/1/99,Senior Engineer
415871,Shaz,Heuter,2/7/64,1/31/91,1/1/99,Staff
415873,Mohamadou,Chepyzhov,8/26/63,7/15/88,1/1/99,Engineer
415875,Kendra,Shihab,1/15/62,6/12/93,1/1/99,Staff
415881,Jongsuk,Brodie,4/22/64,8/30/90,1/1/99,Staff
415882,Yoshimitsu,Zizka,9/16/63,12/8/86,1/1/99,Engineer
415891,Moti,Gustavson,1/6/63,11/30/85,1/1/99,Senior Staff
415894,Bedir,Jakobus,4/20/64,11/19/88,1/1/99,Senior Engineer
415897,Masami,Duclos,9/5/63,6/4/91,1/1/99,Senior Staff
415905,Reuven,Dayang,12/28/64,9/15/86,1/1/99,Senior Staff
415906,Anyuan,Docker,2/15/64,6/1/89,1/1/99,Senior Engineer
415909,Xuejun,Baig,1/24/64,1/12/97,1/1/99,Technique Leader
415918,Tua,Erol,1/19/63,12/11/98,1/1/99,Engineer
415923,Zongyan,Katalagarianos,3/9/63,8/1/92,1/1/99,Senior Staff
415925,Dipankar,Jullig,12/29/64,4/14/98,1/1/99,Engineer
415934,Elvis,Danley,10/17/63,7/28/01,1/1/99,Engineer
415937,Jagoda,Jiang,9/6/62,3/4/98,1/1/99,Senior Engineer
415939,Hirochika,Rijsenbrij,3/18/62,7/16/91,1/1/99,Engineer
415946,Woody,Kaiser,10/20/64,12/9/87,1/1/99,Staff
415947,Jouko,Akazan,6/27/62,11/19/95,1/1/99,Staff
415949,Mang,Gimarc,5/16/62,3/9/92,1/1/99,Engineer
415953,Iara,Ratnaker,7/24/63,4/25/96,1/1/99,Senior Engineer
415958,Chikako,Edelhoff,2/21/62,6/7/89,1/1/99,Senior Staff
415963,Sedat,Setia,2/12/64,10/17/98,1/1/99,Staff
415967,Aemilian,Cools,1/25/62,12/30/86,1/1/99,Senior Engineer
415970,Freyja,Juneja,1/7/62,9/2/92,1/1/99,Senior Engineer
415972,Terresa,Thorensen,5/10/64,4/14/00,1/1/99,Assistant Engineer
415975,Masaru,Danlos,11/15/63,4/27/96,1/1/99,Senior Staff
415976,Utpal,Denos,5/1/63,9/13/99,1/1/99,Engineer
415979,Ranan,Stamatiou,5/9/64,1/15/91,1/1/99,Senior Engineer
415993,Abdelaziz,Rosti,10/4/63,5/27/85,1/1/99,Engineer
416005,Chenxi,DuCasse,8/6/64,7/21/92,1/1/99,Staff
416010,Irena,Ranka,8/27/64,12/11/86,1/1/99,Senior Engineer
416014,Cathie,Thimonier,2/6/62,12/23/95,1/1/99,Engineer
416019,Along,Dalton,9/2/62,6/21/99,1/1/99,Senior Engineer
416039,Shawna,Koshiba,8/17/63,12/19/85,1/1/99,Senior Engineer
416040,Lein,Zobel,8/26/64,6/15/90,1/1/99,Engineer
416050,Jaihie,Birrer,1/27/62,12/13/94,1/1/99,Engineer
416051,Yishai,Fordan,4/13/62,8/30/85,1/1/99,Senior Staff
416060,Berto,Danlos,3/7/64,1/19/89,1/1/99,Technique Leader
416074,Alain,Lieberherr,1/8/65,5/11/87,1/1/99,Senior Engineer
416078,Make,Kamber,6/22/62,1/4/94,1/1/99,Senior Staff
416089,Mack,Lamparter,3/12/63,3/29/87,1/1/99,Senior Staff
416097,Youjian,Furedi,10/25/64,11/14/93,1/1/99,Senior Staff
416112,Lobel,Encarnacion,2/19/63,4/1/88,1/1/99,Senior Staff
416127,Leah,Perly,10/2/62,9/6/97,1/1/99,Senior Engineer
416131,Jinxi,Poulakidas,2/4/62,10/2/90,1/1/99,Engineer
416141,Pintsang,McFarlin,3/15/63,5/27/85,1/1/99,Senior Engineer
416142,Xiping,Zallocco,12/2/63,9/7/93,1/1/99,Engineer
416148,Elvia,Kriebel,10/13/64,11/28/90,1/1/99,Senior Staff
416159,Marek,Sinicrope,8/4/63,7/24/98,1/1/99,Staff
416160,Stella,Bazzichi,1/9/62,11/28/99,1/1/99,Staff
416169,Chikako,Hammerschmidt,10/3/64,10/12/89,1/1/99,Engineer
416172,Bartek,Szmurlo,11/28/63,7/16/96,1/1/99,Engineer
416173,Lubomir,Seghrouchni,7/22/62,5/4/92,1/1/99,Staff
416186,Leszek,Hagimont,6/11/64,3/10/86,1/1/99,Engineer
416187,Ortrun,Ernst,4/30/64,5/17/88,1/1/99,Senior Engineer
416193,Tzu,Kakkad,12/17/63,1/23/95,1/1/99,Senior Staff
416194,Uma,Ranze,11/3/63,2/10/99,1/1/99,Assistant Engineer
416196,Angus,Cannane,12/7/63,2/6/95,1/1/99,Staff
416199,Christfried,Janocha,12/30/63,10/1/93,1/1/99,Engineer
416214,Shooichi,Debuse,12/14/63,7/24/86,1/1/99,Senior Staff
416216,Dayanand,Langford,6/4/64,11/25/90,1/1/99,Senior Staff
416218,Hugh,Gyimothy,12/25/64,1/29/97,1/1/99,Senior Staff
416219,Koichi,Rullman,8/15/64,4/15/86,1/1/99,Engineer
416220,Qunsheng,Heiserman,12/7/63,5/22/86,1/1/99,Staff
416227,Roded,Vanwelkenhuysen,4/14/62,6/19/93,1/1/99,Staff
416243,Kazuhide,Ruther,9/4/63,2/7/99,1/1/99,Staff
416244,Valeska,Brobst,11/10/63,9/23/97,1/1/99,Staff
416247,Eben,Businaro,3/31/64,8/7/89,1/1/99,Engineer
416252,Luisa,Ecklund,6/28/63,12/7/00,1/1/99,Engineer
416255,Nakhoon,Vitiello,5/6/64,3/31/88,1/1/99,Senior Staff
416267,Pragnesh,Malinowski,12/13/64,8/17/98,1/1/99,Engineer
416269,Manton,Huttel,10/19/62,7/29/99,1/1/99,Staff
416270,Seshu,Steenbeek,2/9/63,10/7/91,1/1/99,Senior Staff
416275,Arno,Isaak,3/30/64,8/21/96,1/1/99,Senior Engineer
416278,DAIDA,Nyrup,8/1/64,7/22/86,1/1/99,Senior Engineer
416280,Subhash,Schiper,8/16/63,5/5/99,1/1/99,Staff
416283,Abdelaziz,Beidas,10/28/62,10/15/97,1/1/99,Staff
416286,Mariusz,Ruemmler,2/10/63,7/13/90,1/1/99,Senior Staff
416295,Stamatina,Duclos,6/24/64,5/22/97,1/1/99,Engineer
416301,Maya,Chenoweth,10/23/64,11/7/87,1/1/99,Technique Leader
416306,Kirk,Schmittgen,5/31/64,5/30/94,1/1/99,Senior Engineer
416314,Cathie,Seghrouchni,2/5/62,4/7/93,1/1/99,Senior Staff
416325,Jacqueline,Zobel,8/31/63,11/2/92,1/1/99,Engineer
416327,Poornachandra,Waschkowski,12/28/62,9/8/97,1/1/99,Engineer
416331,Nishit,Oskamp,10/17/63,8/11/92,1/1/99,Senior Engineer
416336,Samphel,Meszaros,8/20/62,5/19/99,1/1/99,Engineer
416344,Mototsugu,Gimbel,7/18/63,10/26/85,1/1/99,Engineer
416345,Vishwani,Kohling,1/4/62,4/29/93,1/1/99,Senior Staff
416354,Younwoo,Baby,11/28/62,7/12/87,1/1/99,Staff
416361,Pranjal,Manderick,5/10/62,1/18/97,1/1/99,Engineer
416362,Hilari,Perez,2/6/64,1/4/87,1/1/99,Engineer
416364,Zissis,Mateescu,2/5/62,5/21/98,1/1/99,Engineer
416372,Chikara,Skogmar,7/1/64,4/18/86,1/1/99,Staff
416376,Mountaz,Lamparter,8/19/64,8/31/87,1/1/99,Engineer
416383,Nectarios,Itschner,1/29/65,3/2/90,1/1/99,Senior Engineer
416385,Mads,Solares,11/13/64,2/7/93,1/1/99,Senior Engineer
416393,Chiranjit,Valette,1/22/64,1/21/90,1/1/99,Senior Staff
416395,Indrajit,Baranowski,5/5/64,1/8/95,1/1/99,Senior Engineer
416398,Alain,Bala,12/29/62,10/18/85,1/1/99,Engineer
416401,Brigham,Snyers,6/1/64,1/29/99,1/1/99,Staff
416403,Rafols,Henseler,6/28/64,12/24/94,1/1/99,Senior Engineer
416410,Aris,Collette,9/8/62,3/27/98,1/1/99,Staff
416412,Boaz,Famili,2/1/64,11/29/00,1/1/99,Senior Engineer
416415,Bilhanan,Maliniak,11/21/62,8/19/86,1/1/99,Engineer
416417,Alagu,Kuhnemann,10/5/63,10/9/96,1/1/99,Engineer
416419,Kagan,Henseler,2/21/63,8/11/91,1/1/99,Staff
416420,Adamantios,Heemskerk,1/22/65,8/8/86,1/1/99,Senior Staff
416424,Krassimir,Constantine,1/15/63,3/24/93,1/1/99,Technique Leader
416427,Basant,Baezner,1/24/64,12/18/92,1/1/99,Staff
416431,Subhrajyoti,Rohrbach,10/5/63,5/6/91,1/1/99,Engineer
416433,Phillip,Taubenfeld,2/14/64,3/6/99,1/1/99,Engineer
416437,Yonghoan,Yoshimura,1/27/62,2/19/92,1/1/99,Engineer
416448,Godehard,Braunmuhl,7/11/62,6/7/88,1/1/99,Engineer
416453,Sanjoy,Hopewell,4/25/63,4/4/87,1/1/99,Technique Leader
416461,Jiann,Rodiger,9/27/64,1/22/97,1/1/99,Senior Staff
416462,Shietung,Baek,9/18/62,12/8/87,1/1/99,Senior Engineer
416464,Atreye,Lipner,10/17/63,2/18/87,1/1/99,Engineer
416468,Maria,Lorho,10/29/64,3/16/92,1/1/99,Senior Staff
416471,Lene,Shinomoto,10/31/64,4/25/95,1/1/99,Senior Engineer
416473,Sarita,Maierhofer,4/18/64,7/21/98,1/1/99,Engineer
416477,Claudi,Rohrbach,11/14/63,10/30/96,1/1/99,Staff
416483,Hidefumi,Fetvedt,1/15/64,10/21/97,1/1/99,Senior Staff
416488,Mayumi,Tetzlaff,9/11/63,12/10/89,1/1/99,Engineer
416489,Subbu,Zhang,11/14/62,2/2/99,1/1/99,Staff
416492,Kannan,Meriste,1/15/65,8/12/92,1/1/99,Senior Engineer
416498,King,Constantine,9/28/64,3/19/85,1/1/99,Senior Engineer
416500,Lech,Luan,8/24/63,9/16/99,1/1/99,Engineer
416505,Selwyn,Ulupinar,11/3/63,11/23/96,1/1/99,Senior Engineer
416513,Anyuan,Msuda,11/5/64,2/22/88,1/1/99,Senior Staff
416515,Przemyslawa,Kilgour,10/16/64,8/12/98,1/1/99,Staff
416519,Froduald,Crouzet,10/12/63,1/3/97,1/1/99,Senior Staff
416521,Zine,Terwilliger,9/20/63,6/17/85,1/1/99,Senior Staff
416530,Pranas,Leivant,6/15/64,3/10/95,1/1/99,Engineer
416537,Jianhui,Segond,8/9/64,10/17/99,1/1/99,Technique Leader
416549,Srinidhi,Tramer,2/3/62,11/9/93,1/1/99,Senior Engineer
416555,Munehiro,Rissland,12/15/64,7/22/87,1/1/99,Staff
416558,Satyanarayana,Lenart,3/11/64,7/25/88,1/1/99,Engineer
416560,Takahito,Hennings,1/9/64,7/25/92,1/1/99,Staff
416569,Taisook,Henseler,7/15/62,1/20/96,1/1/99,Engineer
416570,Janche,Lampe,1/16/63,10/16/96,1/1/99,Senior Engineer
416577,Shalesh,Deville,5/22/64,11/26/87,1/1/99,Engineer
416582,Yishay,Onuegbe,4/21/62,7/13/99,1/1/99,Staff
416585,Tsvetan,Moffat,11/23/63,6/20/88,1/1/99,Senior Staff
416586,Bedrich,Nittel,6/6/64,5/17/91,1/1/99,Senior Staff
416587,Eric,McAffer,1/20/62,3/14/93,1/1/99,Senior Engineer
416594,Vesna,Trystram,5/8/64,2/28/86,1/1/99,Senior Staff
416600,Evgueni,Luck,3/5/64,3/8/89,1/1/99,Staff
416603,Kensyu,Vecchio,7/6/64,9/14/86,1/1/99,Engineer
416609,Sumali,Lueh,8/17/63,12/20/95,1/1/99,Engineer
416612,Parke,Baca,10/27/63,4/26/99,1/1/99,Assistant Engineer
416613,Arunachalam,Perly,1/7/63,5/6/01,1/1/99,Senior Engineer
416616,Chandrasekaran,Morrey,11/4/63,7/21/85,1/1/99,Senior Staff
416619,Goa,Farrel,5/22/62,6/4/88,1/1/99,Staff
416620,Gennady,Streit,11/21/62,12/19/86,1/1/99,Senior Staff
416626,Bartek,Jiang,6/15/63,9/23/94,1/1/99,Engineer
416634,Saddek,Yurov,7/16/64,3/24/88,1/1/99,Engineer
416646,Gina,Siochi,12/4/63,4/7/87,1/1/99,Engineer
416660,Nathalie,Luke,1/28/65,9/16/87,1/1/99,Engineer
416670,Christ,Kaminger,3/23/62,3/1/88,1/1/99,Senior Staff
416671,Utz,DuCasse,7/6/64,7/8/99,1/1/99,Staff
416674,Macha,Valiente,5/13/63,3/13/92,1/1/99,Engineer
416679,Dung,Strandh,4/25/62,12/29/98,1/1/99,Assistant Engineer
416680,Ronghao,Sadowski,4/1/64,10/11/94,1/1/99,Engineer
416681,Suzette,Rikino,1/27/63,12/20/88,1/1/99,Staff
416689,Shaunak,Marakhovsky,7/17/62,2/17/95,1/1/99,Senior Engineer
416692,Jaber,Marsiglia,1/8/63,3/11/97,1/1/99,Technique Leader
416696,Heping,Kalloufi,9/13/62,11/4/85,1/1/99,Engineer
416698,Amstein,Badr,6/22/64,10/15/89,1/1/99,Senior Engineer
416700,Zhanqiu,Piveteau,6/15/64,1/1/90,1/1/99,Senior Engineer
416702,Sastry,Salinas,2/1/63,12/18/92,1/1/99,Senior Staff
416720,Tokuyasu,Xiaoshan,1/14/65,9/19/91,1/1/99,Senior Engineer
416723,Bezalel,Vidya,7/19/63,2/27/00,1/1/99,Assistant Engineer
416731,Valeri,Sury,4/10/62,12/19/96,1/1/99,Engineer
416734,Larisa,Perna,11/15/62,2/8/93,1/1/99,Staff
416739,Ung,Jansen,2/13/62,11/8/85,1/1/99,Senior Staff
416743,Hauke,Redmiles,9/20/63,8/21/98,1/1/99,Staff
416753,Leaf,Lenart,9/2/62,7/15/92,1/1/99,Senior Staff
416755,Torsten,Chepyzhov,3/9/62,9/8/96,1/1/99,Engineer
416760,Macha,Krychniak,9/1/63,11/9/92,1/1/99,Senior Engineer
416761,Elrique,Rosenbaum,12/28/63,7/25/95,1/1/99,Senior Staff
416763,Uwe,Dredge,4/10/64,4/20/99,1/1/99,Senior Engineer
416767,Temple,Mungall,1/4/63,1/10/99,1/1/99,Technique Leader
416776,Sanjit,Emiris,9/22/64,2/22/95,1/1/99,Senior Engineer
416781,Susanta,Broder,5/29/63,2/23/98,1/1/99,Engineer
416782,Xiaoshan,Fraisse,12/26/63,7/9/91,1/1/99,Senior Staff
416792,Kitty,Bade,5/7/62,7/9/95,1/1/99,Engineer
416796,Remko,Rosis,10/10/63,5/28/92,1/1/99,Senior Staff
416797,Kwok,Strooper,3/30/62,8/8/01,1/1/99,Senior Engineer
416809,Ashish,Bondorf,1/1/62,9/9/86,1/1/99,Staff
416813,Frazer,Sankaranarayanan,8/25/64,5/19/88,1/1/99,Engineer
416817,Bojan,Bala,12/7/62,11/19/97,1/1/99,Engineer
416824,Irene,Murtafg,6/30/64,9/8/96,1/1/99,Senior Engineer
416835,Qiwen,Veldwijk,6/13/62,10/8/87,1/1/99,Senior Engineer
416849,Siamak,McConalogue,12/22/64,9/9/97,1/1/99,Engineer
416865,Neven,Mitchem,2/21/63,6/1/94,1/1/99,Engineer
416866,Francoise,Birrer,8/19/62,7/12/90,1/1/99,Senior Staff
416869,Yongdong,Liesche,11/11/63,5/7/98,1/1/99,Technique Leader
416877,Gio,Orsini,1/2/65,12/7/88,1/1/99,Senior Staff
416884,Stafford,Sanella,4/10/62,7/18/99,1/1/99,Staff
416892,Shooichi,Vandervoorde,1/3/65,8/16/96,1/1/99,Engineer
416898,Chrisa,Stanfel,12/5/62,8/28/97,1/1/99,Engineer
416901,Tadahiko,Isaac,9/29/62,9/20/96,1/1/99,Technique Leader
416902,Hironobu,Chachaty,11/5/62,3/7/95,1/1/99,Engineer
416908,Rayond,Jiang,1/11/62,4/16/96,1/1/99,Senior Staff
416910,Yoshinari,Mapelli,10/15/64,11/12/01,1/1/99,Assistant Engineer
416912,Shunichi,Woycyznski,4/8/63,6/18/96,1/1/99,Staff
416915,Navid,Masada,8/15/64,7/4/86,1/1/99,Senior Staff
416917,Hisao,Coombs,7/29/62,3/8/90,1/1/99,Senior Engineer
416929,Seshu,Gischer,5/9/62,11/30/00,1/1/99,Senior Engineer
416930,Elrique,Speek,8/20/62,4/28/85,1/1/99,Senior Staff
416931,Pranav,Cummings,3/17/63,12/14/91,1/1/99,Engineer
416935,Freyja,Verhoeff,2/16/63,8/29/98,1/1/99,Technique Leader
416946,Abdelghani,Landherr,2/9/62,9/21/99,1/1/99,Assistant Engineer
416983,Licheng,Bruckman,9/17/64,11/25/86,1/1/99,Senior Engineer
416986,Moto,Nitto,2/8/64,12/14/85,1/1/99,Senior Staff
416988,Minghong,Alpay,1/4/64,6/28/89,1/1/99,Staff
416989,Horward,Wrigley,3/14/64,1/30/99,1/1/99,Assistant Engineer
416995,Kinh,Ibel,5/27/62,3/14/96,1/1/99,Staff
416997,Gererd,Coney,4/24/64,5/14/99,1/1/99,Engineer
417011,Mototsugu,Genin,4/22/62,3/7/92,1/1/99,Senior Engineer
417012,Dines,Kropf,9/16/62,3/26/97,1/1/99,Engineer
417016,Sarita,Eiter,6/5/63,4/26/87,1/1/99,Assistant Engineer
417025,Vasilii,Nations,11/14/62,9/2/99,1/1/99,Engineer
417035,Gretta,Benantar,6/23/63,8/24/97,1/1/99,Staff
417049,Pintsang,Bach,9/10/63,9/12/92,1/1/99,Senior Engineer
417055,Yinghua,Cromarty,7/25/62,8/29/89,1/1/99,Senior Engineer
417056,Yakichi,Merks,9/9/63,7/28/85,1/1/99,Senior Engineer
417060,Xinan,Sudkamp,6/23/62,6/17/89,1/1/99,Engineer
417062,Hidekazu,Strandh,10/19/62,10/17/96,1/1/99,Senior Engineer
417066,Nimmagadda,Fontet,6/9/62,3/13/91,1/1/99,Engineer
417068,Vidya,Herbst,5/19/63,9/2/95,1/1/99,Staff
417074,Karsten,Rindone,7/22/63,5/12/99,1/1/99,Engineer
417075,Irena,Milicic,9/21/63,3/19/88,1/1/99,Senior Staff
417082,Shaunak,Aingworth,1/14/63,9/23/97,1/1/99,Staff
417084,Vishwani,Rusterholz,3/6/64,3/12/89,1/1/99,Senior Staff
417089,Evgueni,Suri,5/4/63,1/15/94,1/1/99,Senior Engineer
417113,Augustine,Schrooten,11/21/63,12/26/88,1/1/99,Staff
417114,Boutros,Restivo,4/7/62,9/22/88,1/1/99,Senior Engineer
417124,Armond,Randt,12/17/62,4/15/90,1/1/99,Staff
417134,Rimon,Conia,2/28/64,4/9/85,1/1/99,Engineer
417136,Gila,Anguita,2/6/62,6/4/92,1/1/99,Senior Engineer
417138,Ronghao,Erdi,10/10/64,12/7/93,1/1/99,Engineer
417140,Shmuel,Albarhamtoshy,5/26/62,9/11/90,1/1/99,Engineer
417151,Georgi,Desikan,5/4/62,10/13/92,1/1/99,Engineer
417157,Utpal,Bressoud,10/22/62,12/29/91,1/1/99,Senior Staff
417162,Paddy,Waymire,2/6/63,8/22/95,1/1/99,Senior Staff
417174,Eckart,Hempstead,8/5/63,12/8/85,1/1/99,Senior Staff
417175,Aria,Vingron,4/3/62,1/29/97,1/1/99,Engineer
417176,Jeanne,Manders,1/24/62,1/6/98,1/1/99,Senior Engineer
417177,Koichi,Mateescu,6/6/62,11/5/94,1/1/99,Senior Engineer
417179,Richard,Undy,4/23/63,1/10/91,1/1/99,Engineer
417182,Jeanne,Terlouw,1/13/62,1/28/94,1/1/99,Senior Staff
417183,Zhonghua,Luan,9/10/64,5/20/96,1/1/99,Senior Engineer
417191,Susanna,Kading,5/20/64,1/21/92,1/1/99,Senior Staff
417198,Yuqun,Zwicker,8/6/64,9/5/91,1/1/99,Technique Leader
417199,Xuejia,Demir,12/22/64,8/27/85,1/1/99,Senior Engineer
417202,Poornachandra,Schreiter,8/7/64,10/24/86,1/1/99,Senior Engineer
417203,Mircea,Suppi,1/14/64,1/5/99,1/1/99,Staff
417218,Faiza,Decleir,9/17/64,6/21/95,1/1/99,Senior Staff
417243,Naftali,Hartvigsen,7/5/62,8/9/87,1/1/99,Engineer
417255,Mingzeng,Rikino,6/29/63,11/25/86,1/1/99,Engineer
417257,Eirik,Bernardeschi,3/1/62,3/8/93,1/1/99,Senior Staff
417258,Parke,Panangaden,11/29/63,3/14/98,1/1/99,Engineer
417263,DAIDA,Bresenham,11/30/62,5/27/98,1/1/99,Senior Engineer
417264,Kazunori,Luks,4/12/62,12/2/96,1/1/99,Senior Staff
417272,Bouchung,Ibel,7/5/63,1/15/96,1/1/99,Assistant Engineer
417277,Huei,Peyn,11/1/64,10/7/86,1/1/99,Assistant Engineer
417281,Uinam,Debuse,7/6/63,6/15/99,1/1/99,Engineer
417283,Yoshimitsu,Birnbaum,5/30/62,9/3/92,1/1/99,Senior Staff
417284,Guenter,Hockney,3/13/63,8/6/88,1/1/99,Senior Staff
417287,Chirstian,Laventhal,5/26/64,10/15/90,1/1/99,Senior Staff
417291,Georgy,Backhouse,6/3/63,11/16/88,1/1/99,Staff
417294,Sakthirel,Trogemann,11/1/63,9/11/99,1/1/99,Staff
417297,Shrikanth,Rehfuss,10/3/62,11/13/89,1/1/99,Senior Engineer
417308,Domenico,Peak,12/7/62,5/10/94,1/1/99,Staff
417312,Froduald,Yetto,6/23/62,5/22/98,1/1/99,Staff
417314,Giordano,Moehrke,8/28/63,11/17/92,1/1/99,Senior Staff
417320,Parviz,Akazan,10/23/63,8/30/86,1/1/99,Engineer
417330,Kiyokazu,Mansanne,8/27/64,9/23/90,1/1/99,Engineer
417331,Anestis,Jording,6/26/62,4/29/90,1/1/99,Senior Engineer
417333,Gil,Ullian,3/20/64,12/10/98,1/1/99,Senior Engineer
417336,Giordano,Jervis,11/7/64,10/3/92,1/1/99,Staff
417347,Percy,Luke,10/26/63,11/14/92,1/1/99,Senior Staff
417348,Shirish,DuBourdieux,12/17/63,3/2/85,1/1/99,Assistant Engineer
417357,Kenroku,Rabejac,4/9/63,8/9/94,1/1/99,Engineer
417360,Youssef,Fiebach,3/15/64,2/24/89,1/1/99,Senior Staff
417362,Val,Mamelak,10/14/62,9/27/88,1/1/99,Senior Staff
417369,Dharmaraja,Larfeldt,4/17/62,7/30/98,1/1/99,Senior Engineer
417380,Kazuyasu,Sankaranarayanan,1/6/62,3/8/90,1/1/99,Senior Engineer
417387,Tonny,Tibblin,2/26/62,3/4/93,1/1/99,Assistant Engineer
417388,Nirmal,Daescu,1/3/64,1/1/88,1/1/99,Senior Engineer
417396,Matt,Badache,1/17/63,8/7/89,1/1/99,Senior Staff
417397,Sadun,Crooks,11/1/63,8/18/95,1/1/99,Senior Staff
417406,Tokuyasu,Ducloy,1/23/62,3/9/98,1/1/99,Staff
417412,Genta,Barriga,5/27/62,9/3/87,1/1/99,Staff
417413,Youjian,Oxman,3/10/62,10/9/93,1/1/99,Senior Staff
417415,Horward,Dulay,8/30/62,12/1/87,1/1/99,Assistant Engineer
417426,Rance,Geffroy,11/28/63,7/22/91,1/1/99,Senior Staff
417428,Rance,Beerel,11/22/64,9/27/93,1/1/99,Senior Engineer
417432,Abdulla,Lorch,4/1/63,5/8/94,1/1/99,Senior Staff
417435,Bouchung,Zaumen,1/3/65,1/29/99,1/1/99,Senior Staff
417441,Renny,Pietracaprina,12/4/62,4/4/85,1/1/99,Engineer
417453,Cullen,Radwan,2/3/63,5/13/02,1/1/99,Staff
417457,Srinidhi,Harllee,4/21/62,9/9/87,1/1/99,Senior Staff
417459,Xiaoqiang,Wolniewicz,8/14/63,11/23/94,1/1/99,Senior Engineer
417461,Jaques,Versino,8/31/63,1/12/96,1/1/99,Technique Leader
417469,Sukumar,Akiyama,5/18/64,10/8/98,1/1/99,Engineer
417478,Toshimi,Ashish,5/7/63,9/6/87,1/1/99,Senior Engineer
417480,Faiza,Lorie,12/21/62,5/20/97,1/1/99,Engineer
417483,Lidong,Neiman,8/28/62,7/3/86,1/1/99,Senior Staff
417484,Charlene,Narwekar,3/18/62,2/14/97,1/1/99,Staff
417488,Cullen,Peron,1/6/63,12/23/89,1/1/99,Senior Engineer
417489,Brewster,Swist,8/27/64,3/26/99,1/1/99,Assistant Engineer
417496,Ravishankar,Nollmann,1/21/63,12/30/90,1/1/99,Staff
417512,Mayuko,Underwood,5/12/63,12/14/91,1/1/99,Senior Staff
417523,Heekeun,Pepe,1/5/63,2/21/89,1/1/99,Senior Staff
417524,Foong,Alameldin,4/25/64,7/6/99,1/1/99,Staff
417534,Nadjib,Sudbeck,1/31/62,3/17/90,1/1/99,Senior Staff
417539,Dhritiman,Hanabata,8/10/64,8/27/98,1/1/99,Engineer
417540,Marek,Aamodt,3/1/63,1/31/86,1/1/99,Senior Engineer
417541,Bluma,Atchley,12/8/63,7/1/91,1/1/99,Senior Staff
417550,Palash,Niizuma,4/16/62,5/11/92,1/1/99,Senior Engineer
417551,Tomofumi,Bergere,3/22/63,9/17/98,1/1/99,Staff
417559,Boaz,Minakawa,11/18/62,9/4/95,1/1/99,Engineer
417567,Mizuhito,Zultner,7/23/63,10/20/92,1/1/99,Senior Staff
417568,Seongbae,Siksek,1/12/62,1/19/01,1/1/99,Engineer
417574,Danny,Bage,12/24/63,12/17/95,1/1/99,Senior Engineer
417575,Shin,Zweizig,10/1/62,2/14/85,1/1/99,Staff
417580,Chriss,Ossenbruggen,6/6/64,4/14/89,1/1/99,Senior Staff
417581,Toshimitsu,Takkinen,4/9/64,7/1/99,1/1/99,Senior Staff
417589,Hercules,Mateescu,10/15/64,8/25/94,1/1/99,Staff
417606,Tremaine,Kaelbling,7/16/63,3/14/87,1/1/99,Engineer
417608,Kish,Templeman,6/9/62,3/22/95,1/1/99,Senior Staff
417613,Xinan,Rajala,12/18/63,9/23/96,1/1/99,Staff
417614,Bernice,Luck,12/12/63,8/10/86,1/1/99,Staff
417618,Sachio,Debuse,9/24/62,2/25/99,1/1/99,Engineer
417621,Premal,Spinelli,6/8/64,6/4/02,1/1/99,Senior Staff
417624,Candido,Couchot,8/23/63,1/22/96,1/1/99,Staff
417628,Shen,Munch,5/7/62,9/16/98,1/1/99,Staff
417632,Zengping,Chenney,6/17/62,6/17/86,1/1/99,Senior Staff
417637,Ute,Vitiello,7/26/63,4/24/91,1/1/99,Staff
417642,Sreenivas,Pintelas,10/16/63,8/14/93,1/1/99,Assistant Engineer
417646,Denis,Juneja,8/3/63,1/25/93,1/1/99,Engineer
417648,Jolita,Vitiello,5/4/62,8/27/96,1/1/99,Engineer
417651,Prodip,Erdmenger,11/7/63,12/12/89,1/1/99,Engineer
417655,Pantung,Krohm,5/28/63,10/19/85,1/1/99,Engineer
417660,Gunilla,Muntz,1/14/64,9/1/94,1/1/99,Staff
417681,Holgard,Koprowski,1/6/62,8/7/91,1/1/99,Staff
417682,Monique,Salvesen,12/9/63,2/12/97,1/1/99,Engineer
417684,Aloys,Delgrange,5/7/64,5/11/98,1/1/99,Engineer
417685,Shigeaki,Fiebach,3/23/62,8/3/92,1/1/99,Staff
417687,Nahla,Pulkowski,12/20/64,5/14/98,1/1/99,Engineer
417691,Boriana,Coney,5/21/62,1/2/87,1/1/99,Senior Staff
417694,Guadalupe,Quadeer,10/18/63,7/12/99,1/1/99,Staff
417702,Moriyoshi,Baik,8/5/63,6/1/91,1/1/99,Staff
417712,Shiv,Cyne,11/30/64,12/4/98,1/1/99,Staff
417713,Kousuke,Figueira,2/8/63,6/27/86,1/1/99,Technique Leader
417722,Georg,Dalton,10/13/63,2/17/85,1/1/99,Staff
417725,Janalee,Emmart,12/17/62,3/5/88,1/1/99,Senior Staff
417729,Bartek,Douceur,6/4/62,4/9/99,1/1/99,Assistant Engineer
417730,Sudharsan,Kalsbeek,2/17/62,10/8/98,1/1/99,Staff
417735,Tua,Kragelund,7/5/62,6/30/88,1/1/99,Engineer
417752,Lalit,Portugali,6/12/64,10/31/88,1/1/99,Senior Engineer
417765,Jiong,Lyonns,9/18/64,4/25/91,1/1/99,Staff
417766,Lech,Sidje,7/30/63,6/29/00,1/1/99,Senior Staff
417772,Marie,Joslin,1/1/62,1/22/00,1/1/99,Assistant Engineer
417778,Leaf,Codenie,7/19/62,9/10/97,1/1/99,Staff
417788,Boutros,Gewali,8/23/63,7/27/89,1/1/99,Staff
417797,Arve,Bridgland,2/6/62,8/26/90,1/1/99,Senior Engineer
417799,Harjit,Garigliano,11/9/63,2/24/99,1/1/99,Staff
417804,Ioana,McDermid,2/6/63,4/27/88,1/1/99,Engineer
417806,Zhenhua,Rahimi,11/3/62,5/17/98,1/1/99,Engineer
417808,Gift,Cincotta,9/12/63,5/17/99,1/1/99,Staff
417815,Khaled,Maksimenko,7/13/64,8/6/99,1/1/99,Technique Leader
417816,Fumiko,Schlenzig,1/23/63,7/17/94,1/1/99,Senior Staff
417820,Qiwen,Cheshire,10/17/64,3/12/88,1/1/99,Engineer
417824,Toong,Lanphier,8/8/62,11/8/92,1/1/99,Staff
417825,Fumino,Cronan,3/3/62,1/5/96,1/1/99,Engineer
417833,Torsten,Ducloy,5/20/62,3/25/93,1/1/99,Technique Leader
417835,Doohun,Baby,11/22/62,8/8/00,1/1/99,Engineer
417840,Goh,Sessa,10/15/62,10/12/87,1/1/99,Senior Staff
417843,Uwe,Kropatsch,11/22/63,7/29/96,1/1/99,Senior Engineer
417862,Vugranam,Hooghiemstra,3/31/64,4/14/98,1/1/99,Staff
417868,Boaz,DasSarma,8/31/62,2/15/92,1/1/99,Staff
417871,Sachar,Fargier,8/11/64,6/30/99,1/1/99,Engineer
417878,Manohar,Moffat,8/10/63,8/11/90,1/1/99,Engineer
417883,Piyush,DiGiano,5/10/62,8/14/93,1/1/99,Senior Engineer
417884,Shrikanth,Eppinger,12/8/64,12/18/94,1/1/99,Technique Leader
417887,Oksana,Munke,12/10/64,2/8/89,1/1/99,Engineer
417897,Denis,Lichtner,4/12/64,10/31/95,1/1/99,Technique Leader
417910,Mansur,Candan,6/19/64,6/27/91,1/1/99,Staff
417911,Charlene,Furedi,3/26/63,12/13/89,1/1/99,Senior Engineer
417912,George,Diderrich,12/13/63,3/12/98,1/1/99,Technique Leader
417924,Constantijn,Luit,4/12/62,2/11/93,1/1/99,Engineer
417938,Eldridge,Bratsberg,12/4/63,8/30/98,1/1/99,Staff
417952,Alagu,Kampfer,1/1/63,7/5/93,1/1/99,Staff
417954,Gor,Pargaonkar,4/28/62,5/31/86,1/1/99,Assistant Engineer
417955,Domenico,Flexer,2/7/62,3/3/96,1/1/99,Senior Engineer
417956,Ziya,Rajala,8/3/62,10/6/94,1/1/99,Senior Engineer
417964,Yagil,Nishimukai,2/20/62,6/20/99,1/1/99,Engineer
417965,Hercules,Vasanthakumar,8/28/62,6/3/90,1/1/99,Senior Staff
417970,Aluzio,Rosay,7/25/63,2/4/94,1/1/99,Senior Staff
417974,Ramya,Shumilov,10/23/62,10/3/88,1/1/99,Senior Staff
417977,Jenwei,Farrag,8/23/62,3/16/95,1/1/99,Engineer
417979,Zhenhua,Mungall,2/5/64,10/1/93,1/1/99,Senior Staff
417987,Kiyokazu,Murthy,3/23/64,4/14/93,1/1/99,Senior Staff
418021,Basant,Caine,1/15/64,9/7/92,1/1/99,Senior Staff
418026,Hugh,Mawatari,1/5/63,9/19/01,1/1/99,Senior Staff
418030,Freyja,Bashian,6/13/62,10/5/85,1/1/99,Technique Leader
418032,Taisook,Taubenfeld,8/25/63,9/16/91,1/1/99,Technique Leader
418033,Wonhee,Paludetto,10/10/64,6/8/93,1/1/99,Senior Staff
418047,Danae,Hutter,9/23/63,7/29/92,1/1/99,Senior Staff
418048,Sashi,Stamatiou,5/6/64,6/10/89,1/1/99,Engineer
418055,Larisa,Chinin,10/30/64,8/30/99,1/1/99,Staff
418056,Mokhtar,Nollmann,8/2/62,11/21/96,1/1/99,Engineer
418070,Barry,Narahara,7/1/64,10/29/99,1/1/99,Engineer
418071,Tze,Krybus,11/3/64,11/29/93,1/1/99,Assistant Engineer
418083,Khalid,Brodal,2/27/63,8/17/88,1/1/99,Senior Engineer
418089,Stabislas,Karner,7/30/63,10/18/90,1/1/99,Senior Staff
418093,Danae,Setiz,2/1/63,11/29/87,1/1/99,Engineer
418098,Sigeru,Esposito,10/4/64,8/20/91,1/1/99,Engineer
418108,Shounak,Conde,9/22/63,3/30/91,1/1/99,Senior Staff
418114,Xiadong,Braunmuhl,9/7/64,10/19/89,1/1/99,Staff
418117,Boguslaw,Shobatake,8/30/63,4/17/85,1/1/99,Senior Staff
418120,Xiadong,Zizka,1/31/62,5/28/92,1/1/99,Staff
418121,Chenye,Sanella,11/13/64,2/22/99,1/1/99,Technique Leader
418131,Nevin,Raczkowsky,11/15/64,8/23/96,1/1/99,Senior Staff
418133,Soenke,Alblas,5/23/64,5/30/96,1/1/99,Senior Engineer
418142,Hugh,Morrin,6/24/62,1/4/96,1/1/99,Senior Staff
418146,Mara,Murillo,3/15/62,5/18/92,1/1/99,Senior Staff
418149,Xuejun,Luiz,4/27/62,12/13/94,1/1/99,Engineer
418150,Huican,Bojadziev,12/19/62,7/7/93,1/1/99,Senior Staff
418152,Khoa,Tomescu,8/6/63,6/23/87,1/1/99,Assistant Engineer
418155,Billur,Krogh,3/3/62,10/27/98,1/1/99,Staff
418160,Ebbe,Marrevee,1/23/63,7/2/91,1/1/99,Senior Engineer
418169,Tsutomu,Kusakari,7/3/64,11/17/85,1/1/99,Senior Engineer
418172,Frederique,Panienski,3/23/64,5/4/88,1/1/99,Technique Leader
418176,Takahira,Merey,12/19/63,2/8/94,1/1/99,Staff
418180,Kersti,Mansanne,4/2/63,6/15/99,1/1/99,Engineer
418181,Kwok,Kushner,5/20/62,10/7/93,1/1/99,Staff
418199,Bedrich,Bugaenko,12/2/64,8/28/90,1/1/99,Senior Engineer
418200,Ronnie,Siprelle,4/23/64,5/12/88,1/1/99,Senior Engineer
418202,Clyde,Perna,2/19/62,12/27/94,1/1/99,Senior Engineer
418204,Nitsan,Improta,7/31/64,8/31/91,1/1/99,Senior Staff
418213,Wayne,Senzako,8/14/64,9/15/99,1/1/99,Assistant Engineer
418215,Gennadi,Eterovic,2/4/63,9/24/94,1/1/99,Engineer
418216,Taegyun,Hoogerwoord,9/3/62,11/29/85,1/1/99,Engineer
418219,Babette,Hasham,3/10/64,1/8/91,1/1/99,Technique Leader
418224,Maris,Besancenot,11/16/64,3/19/99,1/1/99,Senior Engineer
418226,Venkatesan,Vernadat,1/21/64,10/1/87,1/1/99,Technique Leader
418235,Janche,Schieder,3/18/64,12/13/87,1/1/99,Senior Engineer
418239,Josyula,Motley,1/3/65,3/26/96,1/1/99,Senior Engineer
418240,Amabile,Sewelson,9/5/62,11/2/92,1/1/99,Staff
418243,Sanjeeva,Talmon,5/30/64,10/10/90,1/1/99,Engineer
418245,Oksana,Uehara,3/22/64,10/22/85,1/1/99,Staff
418246,Mabry,Zuberek,8/11/63,12/6/96,1/1/99,Senior Staff
418247,Oscar,Oppitz,1/8/65,7/27/02,1/1/99,Staff
418248,Woody,Munoz,3/16/63,6/20/88,1/1/99,Staff
418256,Trygve,Servieres,5/14/63,9/28/98,1/1/99,Engineer
418258,Hugo,Szemeredi,2/28/63,3/12/89,1/1/99,Senior Staff
418259,Ziva,Vakili,12/23/62,8/5/91,1/1/99,Technique Leader
418260,Erez,Ligten,11/14/63,3/9/91,1/1/99,Senior Engineer
418269,Yuriy,Breugel,4/14/64,8/19/91,1/1/99,Senior Engineer
418281,Tianruo,Murtafg,1/26/63,9/30/85,1/1/99,Senior Staff
418282,Yechiam,Luit,12/11/63,10/20/86,1/1/99,Staff
418290,Remzi,Demizu,5/25/63,7/10/96,1/1/99,Staff
418298,Arvin,Pusterhofer,1/8/65,3/2/95,1/1/99,Engineer
418309,Danel,Petereit,1/24/65,2/21/85,1/1/99,Engineer
418311,Chenxi,Tiemann,6/13/62,2/19/94,1/1/99,Staff
418318,Monique,Gini,6/7/64,4/20/86,1/1/99,Senior Engineer
418320,Keiichiro,McClure,10/9/64,11/22/97,1/1/99,Senior Engineer
418322,Bogdan,Makinen,5/5/64,1/6/93,1/1/99,Engineer
418323,Atilio,Honglei,7/18/64,4/9/90,1/1/99,Staff
418324,Harjit,Rotem,2/2/62,5/25/89,1/1/99,Technique Leader
418335,Kwok,Dalton,9/9/63,7/28/86,1/1/99,Senior Staff
418338,Jungsoon,Chiola,10/22/64,8/25/92,1/1/99,Senior Engineer
418343,Sumant,Hainaut,8/19/64,5/15/99,1/1/99,Staff
418344,Arlette,Dulli,10/1/63,2/28/92,1/1/99,Senior Engineer
418357,Heng,Kroha,10/1/63,6/26/98,1/1/99,Staff
418374,Barry,Mullainathan,11/28/63,3/16/94,1/1/99,Senior Staff
418380,Kazuhiko,Gornas,1/2/65,5/20/93,1/1/99,Senior Engineer
418382,Masaki,Preusig,7/4/64,5/10/93,1/1/99,Engineer
418383,Jaques,Chandrasekhar,8/27/64,10/31/90,1/1/99,Senior Engineer
418390,Tzvetan,Kalafatis,3/21/64,5/25/99,1/1/99,Senior Staff
418391,Charmane,Wegerle,3/29/62,10/16/87,1/1/99,Engineer
418393,Mats,Uhrig,9/24/63,1/29/93,1/1/99,Senior Staff
418397,Shichao,Dredge,4/12/64,10/27/90,1/1/99,Staff
418406,Sangeeta,Kavanagh,4/8/62,4/19/98,1/1/99,Engineer
418412,Oscar,Leivant,3/30/62,4/25/99,1/1/99,Assistant Engineer
418422,Paraskevi,Knightly,2/9/63,6/1/90,1/1/99,Staff
418427,Palash,Thimonier,12/30/64,5/3/87,1/1/99,Staff
418435,Makato,Erev,2/22/64,6/6/00,1/1/99,Staff
418437,Zdislav,Wilharm,12/8/62,9/16/94,1/1/99,Engineer
418449,Dipayan,Lunn,4/17/63,10/5/99,1/1/99,Staff
418451,Niclas,Kolvik,10/27/64,10/2/91,1/1/99,Senior Engineer
418454,Goetz,Fasbender,1/30/62,1/3/99,1/1/99,Engineer
418458,Seongbae,Kolvik,2/12/64,4/24/96,1/1/99,Staff
418470,Kayoko,Ulupinar,4/28/63,6/8/91,1/1/99,Engineer
418474,Qingxiang,Schade,9/29/63,8/3/85,1/1/99,Senior Staff
418482,Arto,Cincotta,11/16/64,2/6/87,1/1/99,Senior Staff
418488,Susumu,Neiman,5/30/64,3/27/94,1/1/99,Engineer
418493,Marke,Norsworthy,5/17/62,9/20/91,1/1/99,Senior Staff
418495,Christoper,Ducloy,9/8/64,8/12/99,1/1/99,Engineer
418499,Ravishankar,Zockler,7/21/64,4/16/96,1/1/99,Senior Staff
418501,Udaiprakash,Slaats,7/8/64,9/12/95,1/1/99,Engineer
418517,Sachio,Wynblatt,2/16/64,4/7/89,1/1/99,Senior Staff
418523,Adly,Perna,6/5/62,12/5/87,1/1/99,Engineer
418532,Mrinalini,Schwartzburd,4/4/63,11/17/88,1/1/99,Engineer
418540,Ramzi,Siprelle,2/8/62,1/16/93,1/1/99,Senior Staff
418545,Bowen,Miyakawa,11/18/64,10/2/90,1/1/99,Senior Engineer
418547,Mihalis,Highland,3/28/64,5/8/86,1/1/99,Senior Engineer
418550,Breannda,Baaz,1/1/63,11/30/86,1/1/99,Engineer
418563,Chikako,Snedden,10/26/63,6/2/92,1/1/99,Senior Engineer
418565,Raimond,Czaja,8/29/63,4/23/88,1/1/99,Engineer
418566,Kazuhide,Snedden,1/27/65,6/14/96,1/1/99,Senior Engineer
418572,Augustine,Itzfeldt,12/1/62,12/1/93,1/1/99,Engineer
418578,Tsutomu,Legleitner,3/13/64,10/2/89,1/1/99,Senior Staff
418582,Wanqing,Rajaraman,5/1/62,7/24/96,1/1/99,Engineer
418584,Pranay,Usdin,9/1/64,3/8/91,1/1/99,Engineer
418589,Elgin,Jervis,10/22/62,5/21/90,1/1/99,Engineer
418594,Sungwon,Macedo,5/5/62,6/15/92,1/1/99,Senior Staff
418597,Akeno,Steinauer,5/28/64,12/9/97,1/1/99,Senior Staff
418598,Badri,Garnier,3/7/64,11/15/99,1/1/99,Staff
418604,KayLiang,Kamber,7/27/64,9/20/94,1/1/99,Staff
418606,Michaela,Otillio,1/11/65,1/5/94,1/1/99,Engineer
418607,Martins,Delgrande,2/6/63,5/15/95,1/1/99,Senior Engineer
418608,Yakichi,Baezner,2/3/64,6/18/88,1/1/99,Senior Engineer
418617,Aloys,Wissmann,1/3/64,10/17/97,1/1/99,Assistant Engineer
418623,Alagu,Tsukuda,12/4/64,6/19/98,1/1/99,Technique Leader
418628,Danil,Magalhaes,10/24/64,3/13/99,1/1/99,Staff
418636,Erzsebet,Henseler,4/24/63,11/24/99,1/1/99,Senior Engineer
418638,Oldrich,Sommer,10/14/62,3/12/98,1/1/99,Engineer
418640,Naraig,Rosis,8/7/64,6/2/98,1/1/99,Assistant Engineer
418642,Hatsukazu,DeMori,2/20/62,6/12/00,1/1/99,Senior Engineer
418645,Hidefumi,Gammage,11/6/62,8/29/87,1/1/99,Senior Engineer
418652,Leucio,Baby,2/10/62,12/8/91,1/1/99,Senior Engineer
418656,Aluzio,Egerstedt,1/29/63,4/18/95,1/1/99,Staff
418657,Sanjeeva,Ghemri,6/3/63,3/29/94,1/1/99,Senior Engineer
418660,Sachio,Sudkamp,11/17/62,10/15/96,1/1/99,Staff
418662,Masali,Lagarias,12/30/64,3/23/97,1/1/99,Staff
418669,Mariangiola,Wilharm,5/24/63,8/30/85,1/1/99,Engineer
418679,Toong,Quadeer,1/3/62,6/19/88,1/1/99,Senior Staff
418685,Vishv,Luck,11/13/62,12/19/99,1/1/99,Staff
418686,Zhonghui,Binding,4/13/62,8/13/95,1/1/99,Engineer
418693,Amabile,Majewski,7/10/62,10/18/91,1/1/99,Senior Staff
418695,Khatoun,Butterworth,12/6/62,1/14/94,1/1/99,Senior Staff
418705,Adel,Khasidashvili,10/9/64,6/27/99,1/1/99,Staff
418717,Arunachalam,Magliocco,1/20/65,12/23/87,1/1/99,Staff
418718,Maia,Porotnikoff,7/15/64,1/5/92,1/1/99,Senior Engineer
418729,Nakhoon,Miake,1/6/62,6/11/94,1/1/99,Staff
418737,Golgen,Zweizig,12/25/64,10/26/99,1/1/99,Staff
418740,Giao,Saoudi,7/7/62,4/22/97,1/1/99,Senior Staff
418741,Nidapan,Gewali,4/10/63,9/26/88,1/1/99,Senior Engineer
418743,Golgen,Orlowska,2/5/62,10/11/87,1/1/99,Senior Engineer
418746,Phuoc,Tsunoo,4/5/63,7/25/93,1/1/99,Senior Staff
418749,Ymte,Vesel,5/5/62,9/30/92,1/1/99,Engineer
418751,Bangqing,Veldwijk,7/24/62,8/31/98,1/1/99,Engineer
418756,Claudi,Chepyzhov,6/15/63,8/11/95,1/1/99,Senior Staff
418757,Uinam,Zschoche,11/12/63,9/8/89,1/1/99,Engineer
418758,Mori,Henders,2/2/64,1/10/97,1/1/99,Senior Staff
418759,Janche,Wegerle,8/21/62,8/30/97,1/1/99,Staff
418761,Geoffry,Gornas,9/24/64,1/19/86,1/1/99,Engineer
418764,Shaleah,Mitchem,5/16/64,1/14/96,1/1/99,Engineer
418772,Dante,Boudaillier,8/28/63,2/17/87,1/1/99,Staff
418774,Marko,Birta,3/23/62,2/2/86,1/1/99,Engineer
418786,DAIDA,Chaudhuri,12/18/64,2/13/93,1/1/99,Staff
418803,Baruch,Skogmar,2/10/62,7/13/98,1/1/99,Staff
418807,Harjit,Tetzlaff,9/21/64,5/9/96,1/1/99,Senior Staff
418810,Shigeo,Itzfeldt,6/26/64,12/5/88,1/1/99,Senior Engineer
418818,Gennady,Rahier,11/24/62,5/16/99,1/1/99,Engineer
418823,Mayuko,Rotem,4/10/62,7/28/90,1/1/99,Senior Staff
418830,Srinidhi,Zucker,4/16/62,11/6/01,1/1/99,Staff
418833,Sachem,Sewelson,8/23/62,3/22/93,1/1/99,Senior Staff
418838,Barun,Hitomi,8/21/62,1/7/86,1/1/99,Senior Staff
418839,Sastry,Rothe,7/11/64,1/17/88,1/1/99,Senior Staff
418846,Juichirou,Heering,5/16/64,11/23/88,1/1/99,Staff
418848,Deniz,Schwabacher,7/11/62,8/12/92,1/1/99,Senior Staff
418849,Berhard,Michaels,9/11/64,5/10/92,1/1/99,Technique Leader
418860,Ymte,Dalton,2/1/65,11/22/92,1/1/99,Senior Staff
418864,Krassimir,Nitsche,2/24/64,9/10/89,1/1/99,Senior Engineer
418865,Luisa,Gihr,3/31/63,11/9/94,1/1/99,Staff
418873,Lein,Benzaken,5/8/64,9/3/96,1/1/99,Engineer
418875,Elgin,Asser,12/14/64,6/28/00,1/1/99,Senior Staff
418882,Harngdar,Koprowski,5/4/62,10/29/92,1/1/99,Senior Staff
418883,Hauke,Rissland,5/15/63,8/10/94,1/1/99,Senior Staff
418891,Gilbert,Rindone,5/4/62,2/13/89,1/1/99,Senior Engineer
418894,Patricia,Hasenauer,3/24/64,1/26/92,1/1/99,Staff
418910,Odysseas,Gammage,7/18/62,10/1/86,1/1/99,Engineer
418920,Chuanyi,Biros,9/7/63,6/12/92,1/1/99,Senior Engineer
418924,Mostafa,Speckmann,3/27/62,1/3/89,1/1/99,Engineer
418935,Bikash,Rahier,8/6/62,4/7/97,1/1/99,Engineer
418937,Sashi,Mitsuhashi,6/8/63,8/27/99,1/1/99,Assistant Engineer
418949,Stabislas,Uludag,12/10/64,11/30/96,1/1/99,Engineer
418952,Monique,Chiola,6/13/64,5/10/99,1/1/99,Senior Staff
418954,Dzung,Zeilberger,10/4/63,3/12/97,1/1/99,Senior Staff
418960,Maia,Bernardinello,4/10/63,7/2/95,1/1/99,Senior Engineer
418966,Sumant,Luan,6/8/62,5/10/99,1/1/99,Staff
418968,Shahab,Kroon,2/25/63,7/21/96,1/1/99,Engineer
418972,Sumali,Thummel,11/15/63,5/5/97,1/1/99,Engineer
418973,Baoqiu,Hashii,9/4/62,7/15/96,1/1/99,Senior Engineer
418975,Ibibia,Sullins,7/27/63,7/8/88,1/1/99,Staff
418984,Randy,Bernini,4/3/63,7/28/90,1/1/99,Senior Engineer
418993,Kousuke,Marzano,11/21/63,4/12/86,1/1/99,Senior Engineer
419007,Janalee,Tomescu,5/29/63,1/23/00,1/1/99,Engineer
419010,Diederik,Schwaller,7/6/63,11/6/97,1/1/99,Staff
419016,Xuejun,Iivonen,1/7/63,12/16/88,1/1/99,Senior Staff
419019,Ortrud,Lueh,6/8/64,7/5/90,1/1/99,Senior Staff
419026,Baruch,Pellegrinelli,3/10/62,5/20/87,1/1/99,Senior Staff
419037,Ghassan,Danlos,6/12/63,7/26/89,1/1/99,Senior Staff
419038,Toshimi,Scallan,1/2/63,2/18/85,1/1/99,Senior Staff
419054,Pranav,Juneja,10/2/63,6/4/92,1/1/99,Senior Staff
419055,Mona,Leaver,4/11/62,8/9/85,1/1/99,Senior Engineer
419056,Zhonghui,Poupard,4/2/64,6/9/91,1/1/99,Senior Staff
419061,Berhard,Kaminger,5/19/63,3/30/92,1/1/99,Engineer
419064,Cheong,Janetzko,1/10/62,1/9/86,1/1/99,Senior Engineer
419066,Chriss,Penn,5/6/64,11/9/97,1/1/99,Assistant Engineer
419072,Serap,Glinert,4/21/62,12/21/86,1/1/99,Senior Engineer
419073,Abdulah,Feldhoffer,10/1/64,9/9/93,1/1/99,Engineer
419079,Weiye,Alvarado,7/25/62,8/22/92,1/1/99,Senior Staff
419080,Gay,Kaltofen,7/4/63,3/24/86,1/1/99,Senior Engineer
419083,Xiaocheng,Vecchio,5/25/62,8/21/87,1/1/99,Engineer
419090,Hinrich,Jeansoulin,6/18/64,10/12/89,1/1/99,Senior Engineer
419099,Heon,Broomell,1/15/65,5/6/98,1/1/99,Staff
419101,Dietrich,Syrotiuk,4/11/62,10/2/87,1/1/99,Engineer
419121,Sailaja,Pappas,6/12/63,4/7/93,1/1/99,Senior Engineer
419127,Faiza,Gyorkos,8/10/63,8/9/86,1/1/99,Senior Staff
419128,Piyawadee,Boguraev,11/13/62,1/23/89,1/1/99,Assistant Engineer
419132,Shih,Schlegelmilch,12/19/64,2/16/89,1/1/99,Engineer
419139,Genta,Vesel,4/26/62,9/9/95,1/1/99,Senior Engineer
419140,Mahmut,Brlek,6/4/62,9/25/96,1/1/99,Staff
419141,Aimee,Roisin,10/9/63,2/7/91,1/1/99,Staff
419155,Shigehito,Ranta,4/17/64,11/11/88,1/1/99,Senior Engineer
419156,Ziva,Karlin,2/9/64,7/3/99,1/1/99,Engineer
419158,Samphel,Lindenbaum,8/7/64,4/15/90,1/1/99,Staff
419159,Xinglin,Cronin,4/18/64,8/26/89,1/1/99,Senior Staff
419161,Akemi,Ponthieu,5/21/62,6/19/85,1/1/99,Assistant Engineer
419168,Bikash,Angelopoulos,5/31/62,10/25/99,1/1/99,Staff
419176,Kamakshi,Anily,7/6/63,3/26/95,1/1/99,Staff
419187,Chrisa,Goodrum,2/22/62,6/24/97,1/1/99,Staff
419190,Jiafu,Rijckaert,3/9/62,9/19/96,1/1/99,Senior Staff
419195,Gopalakrishnan,Sadowski,8/24/64,5/3/87,1/1/99,Senior Staff
419203,Lobel,Jullig,1/14/64,11/4/93,1/1/99,Technique Leader
419207,Steve,Pepe,2/28/64,12/21/96,1/1/99,Senior Staff
419208,Vasiliy,Kuszyk,12/26/62,5/22/91,1/1/99,Engineer
419209,Ghassan,Gniady,11/22/63,8/27/97,1/1/99,Engineer
419210,Bartek,Erbe,9/7/64,6/21/86,1/1/99,Senior Staff
419220,Masali,Range,11/7/63,4/18/90,1/1/99,Senior Engineer
419221,Theron,Yurek,2/18/64,8/24/98,1/1/99,Engineer
419237,Guther,Bala,1/1/62,7/20/96,1/1/99,Staff
419238,Rosita,Karner,9/12/62,5/16/93,1/1/99,Senior Staff
419239,Brendon,Heemskerk,5/10/63,5/2/92,1/1/99,Staff
419255,Gurbir,Bahk,11/30/62,1/7/00,1/1/99,Assistant Engineer
419273,Conrado,Cannata,6/5/63,7/22/93,1/1/99,Senior Staff
419274,Subbu,Kadhim,8/12/64,3/14/97,1/1/99,Engineer
419279,Yuriy,Menhardt,2/28/62,2/12/93,1/1/99,Senior Staff
419280,Elliott,Lanzelotte,5/17/63,3/1/96,1/1/99,Staff
419295,Shih,Puppo,12/7/62,3/19/85,1/1/99,Senior Engineer
419299,Junsik,Keustermans,10/29/62,11/3/98,1/1/99,Technique Leader
419314,Roselyn,Schahn,4/6/62,5/2/95,1/1/99,Senior Engineer
419316,Christoper,Millington,9/24/62,7/2/96,1/1/99,Senior Staff
419333,Susuma,Fetvedt,8/19/63,1/17/02,1/1/99,Staff
419338,Gor,Azuma,5/4/64,12/22/97,1/1/99,Assistant Engineer
419339,Volkmar,Rousseau,6/13/63,3/8/86,1/1/99,Senior Staff
419343,Terresa,Erdmenger,9/29/63,12/20/87,1/1/99,Staff
419345,Shietung,Bratten,1/4/64,1/29/88,1/1/99,Staff
419360,Bernd,Peris,7/14/64,2/3/94,1/1/99,Senior Staff
419362,Guther,Harbusch,12/31/62,8/12/91,1/1/99,Senior Engineer
419368,Isamu,Lowrie,6/24/64,3/12/96,1/1/99,Assistant Engineer
419372,Florina,Molberg,12/6/62,4/8/89,1/1/99,Engineer
419376,Takahiro,Riefers,4/8/62,8/13/90,1/1/99,Staff
419377,Limsoon,Birjandi,7/11/63,8/11/90,1/1/99,Senior Engineer
419378,Patricio,Iisaka,12/9/63,10/6/95,1/1/99,Engineer
419397,Pohua,Merel,7/13/64,10/19/97,1/1/99,Engineer
419400,Patricia,Erbe,3/23/63,8/8/99,1/1/99,Senior Staff
419409,Theron,Lunn,4/25/63,5/13/95,1/1/99,Staff
419413,Koldo,Clouatre,1/26/63,8/20/86,1/1/99,Engineer
419415,Lihong,Scallan,8/9/63,4/5/85,1/1/99,Senior Engineer
419416,Mikhail,Lakshmanan,9/28/62,3/28/87,1/1/99,Staff
419418,Eric,Cannard,5/5/63,9/5/86,1/1/99,Senior Staff
419420,Mohammed,Dulli,12/12/64,10/11/85,1/1/99,Staff
419425,Gudjon,Serot,6/18/62,11/24/92,1/1/99,Senior Engineer
419429,Yechiam,Tanemo,12/14/62,2/2/88,1/1/99,Engineer
419439,Toong,Broomell,11/11/63,2/3/97,1/1/99,Senior Staff
419450,Goa,Wossner,2/16/63,2/28/98,1/1/99,Engineer
419452,Cristinel,Ranka,7/10/63,6/27/88,1/1/99,Senior Staff
419453,Halsur,Verspoor,9/9/63,8/25/95,1/1/99,Technique Leader
419455,Nahla,Kading,2/7/64,7/12/93,1/1/99,Staff
419466,Evgueni,Itzigehl,11/2/62,1/2/87,1/1/99,Staff
419475,Maris,Zschoche,7/8/64,11/23/89,1/1/99,Senior Engineer
419478,Godehard,Birnbaum,2/7/62,9/12/87,1/1/99,Senior Engineer
419481,Ymte,Hockney,11/23/63,2/2/86,1/1/99,Engineer
419500,Mitchel,Syang,6/8/62,3/8/00,1/1/99,Engineer
419501,Tonny,Bernardeschi,3/5/62,7/6/88,1/1/99,Staff
419503,Shugo,Bale,10/5/64,9/11/93,1/1/99,Staff
419505,Adil,Beilner,3/30/62,4/3/99,1/1/99,Technique Leader
419514,Tomokazu,Tagansky,3/7/62,10/30/97,1/1/99,Staff
419528,Jeong,Breugel,11/9/62,10/3/91,1/1/99,Senior Staff
419535,Youssef,Reinhard,1/23/64,10/22/87,1/1/99,Senior Staff
419538,Lorien,Syrzycki,8/17/64,9/7/99,1/1/99,Staff
419544,Neven,Streit,2/10/64,4/12/88,1/1/99,Staff
419545,Bluma,Pfau,6/7/62,4/13/93,1/1/99,Senior Staff
419551,Giri,Halevi,6/24/62,4/4/96,1/1/99,Technique Leader
419553,Shushma,Alencar,9/17/63,1/12/88,1/1/99,Staff
419555,Amstein,Kugler,8/4/62,9/2/86,1/1/99,Senior Staff
419556,Sreekrishna,Parveen,8/11/64,7/29/88,1/1/99,Senior Engineer
419557,Marko,Engelmann,4/7/64,3/15/97,1/1/99,Engineer
419562,Eric,Marchesini,11/14/64,3/18/90,1/1/99,Engineer
419563,Atilio,Krohn,9/25/63,11/29/93,1/1/99,Senior Engineer
419567,Ult,Lalonde,7/13/64,4/22/92,1/1/99,Engineer
419571,Chenyi,Bolotov,8/6/62,7/7/99,1/1/99,Staff
419574,Ghassan,Kusakabe,6/21/62,8/29/86,1/1/99,Engineer
419576,Urs,Kavvadias,9/7/62,12/12/98,1/1/99,Senior Staff
419582,Rutger,Orlowski,5/6/62,8/22/88,1/1/99,Senior Staff
419591,Achilleas,Flasterstein,11/20/63,5/11/95,1/1/99,Senior Staff
419596,Bedrich,Christianini,2/18/63,4/10/86,1/1/99,Senior Staff
419597,Branimir,Guardalben,9/30/64,5/15/86,1/1/99,Engineer
419600,Chenxi,Szemeredi,3/5/63,2/13/90,1/1/99,Senior Engineer
419603,Arvin,Vigier,4/28/62,10/1/98,1/1/99,Engineer
419614,Fumitaka,Lowrie,1/5/64,5/13/91,1/1/99,Senior Engineer
419616,Tse,Matheson,6/19/63,8/11/90,1/1/99,Senior Staff
419619,Hironoby,Chappelet,6/8/62,1/25/00,1/1/99,Staff
419624,Moss,Kroll,9/28/63,2/19/97,1/1/99,Technique Leader
419627,Xinyu,Morton,4/28/64,5/17/88,1/1/99,Technique Leader
419644,Paddy,Capobianchi,3/30/63,4/7/97,1/1/99,Staff
419649,Yechezkel,Lupu,9/9/62,11/21/91,1/1/99,Senior Staff
419665,Conrado,Antonisse,7/22/62,3/27/89,1/1/99,Engineer
419668,Arunas,Asser,12/11/64,11/4/93,1/1/99,Senior Staff
419671,Niclas,Khasidashvili,4/3/64,4/1/97,1/1/99,Engineer
419672,Xianlong,Denti,3/6/63,1/13/00,1/1/99,Engineer
419674,Ziyad,Suri,7/5/63,10/15/99,1/1/99,Engineer
419679,Djenana,Luders,8/3/63,1/17/89,1/1/99,Senior Staff
419685,Moti,Heemskerk,1/17/64,9/23/87,1/1/99,Senior Staff
419694,Xiaoqiang,Geffroy,9/4/64,11/12/89,1/1/99,Senior Staff
419700,Harjit,Soloway,10/9/62,6/21/90,1/1/99,Senior Staff
419701,Bader,Eugenio,9/30/63,10/19/86,1/1/99,Senior Staff
419702,Marjo,Matzke,4/8/62,7/2/87,1/1/99,Senior Engineer
419708,Mack,Swen,9/6/62,2/24/90,1/1/99,Engineer
419711,Jolita,Gruenwald,4/16/63,6/30/97,1/1/99,Technique Leader
419714,Maria,Hanabata,4/9/63,12/8/92,1/1/99,Engineer
419724,Shin,Erva,6/16/62,3/12/92,1/1/99,Senior Staff
419727,Ashish,Soicher,6/23/62,6/30/98,1/1/99,Staff
419731,Zdislav,Muchinsky,6/3/62,3/31/92,1/1/99,Senior Staff
419734,Arne,Toyoshima,1/9/63,11/29/93,1/1/99,Engineer
419738,Morrie,Kranzdorf,5/26/63,10/5/95,1/1/99,Senior Engineer
419739,Francesca,Kavanagh,1/9/62,12/12/00,1/1/99,Assistant Engineer
419751,Kristinn,Erde,4/20/63,8/15/85,1/1/99,Senior Staff
419752,Chuanti,Schlumberger,7/16/64,8/20/86,1/1/99,Staff
419757,Suzette,Pena,1/19/64,2/16/97,1/1/99,Staff
419758,Felicidad,Sinicrope,12/28/64,1/19/98,1/1/99,Staff
419775,Shooichi,Huxford,1/23/63,10/27/92,1/1/99,Senior Staff
419786,Stabislas,Nyrup,11/13/62,12/6/90,1/1/99,Senior Staff
419792,Izaskun,Randi,6/5/62,5/23/91,1/1/99,Staff
419794,Xumin,Edelhoff,9/21/62,9/21/89,1/1/99,Senior Engineer
419804,Francoise,Kossowski,5/2/62,1/14/86,1/1/99,Staff
419805,Saddek,Khalil,7/23/63,2/15/92,1/1/99,Staff
419811,Jamaludin,Versino,7/10/64,5/9/99,1/1/99,Staff
419830,Subhankar,Speel,7/25/63,5/20/87,1/1/99,Staff
419832,Angel,Serot,8/1/62,8/24/99,1/1/99,Engineer
419834,Mohit,Hiroyama,8/20/64,1/19/92,1/1/99,Engineer
419836,Randi,Vieth,1/3/62,7/29/93,1/1/99,Assistant Engineer
419839,Geraldo,Uhrik,4/29/62,1/2/93,1/1/99,Senior Staff
419843,Tse,Cyre,6/3/62,4/17/90,1/1/99,Senior Staff
419846,Adin,Miake,11/28/63,2/2/89,1/1/99,Staff
419847,Xiaoqiu,Stiles,3/22/64,10/20/90,1/1/99,Senior Staff
419850,Krisda,Dredge,1/4/63,5/18/97,1/1/99,Engineer
419854,Cheong,Zucker,10/8/63,4/5/90,1/1/99,Staff
419856,Hongzue,Candan,3/18/62,3/24/94,1/1/99,Staff
419858,Haldon,Dredge,6/7/64,9/21/85,1/1/99,Engineer
419863,Uwe,Schaad,8/30/64,10/14/97,1/1/99,Engineer
419868,Irena,Erman,10/29/64,5/3/86,1/1/99,Senior Staff
419871,Remco,Macedo,9/13/63,3/12/89,1/1/99,Senior Staff
419873,Kensei,Fiutem,12/26/63,6/24/89,1/1/99,Engineer
419882,Halsur,Moffat,11/27/63,11/15/92,1/1/99,Senior Staff
419888,Koichi,Lores,8/15/64,7/27/97,1/1/99,Technique Leader
419890,Jianhua,Ushiama,5/9/63,7/28/95,1/1/99,Staff
419894,Uli,Prampolini,11/1/62,3/4/02,1/1/99,Engineer
419895,Venkatesan,Orlowski,9/27/62,12/13/92,1/1/99,Engineer
419899,Geraldo,Bellone,1/6/64,6/20/90,1/1/99,Senior Staff
419905,Mototsugu,Klassen,8/23/62,11/14/90,1/1/99,Engineer
419910,Satyanarayana,Garrabrants,12/26/64,2/11/93,1/1/99,Engineer
419916,Arnd,Belinskaya,12/21/64,5/20/86,1/1/99,Engineer
419923,Vatsa,Swen,5/20/62,7/8/92,1/1/99,Senior Staff
419930,Subbu,Barvinok,11/25/64,11/9/85,1/1/99,Senior Engineer
419939,Fumiko,Stranks,3/10/62,1/18/93,1/1/99,Senior Engineer
419951,Takahiro,Fandrianto,11/7/63,11/16/96,1/1/99,Staff
419952,Jianhui,Demizu,1/1/62,7/2/87,1/1/99,Senior Engineer
419953,Ung,Orlowski,1/29/65,7/22/91,1/1/99,Staff
419958,Masaru,Sichman,10/26/63,10/15/87,1/1/99,Engineer
419961,Rimli,Serna,4/12/62,9/7/97,1/1/99,Engineer
419963,Yuguang,Werthner,4/8/64,7/25/85,1/1/99,Senior Engineer
419970,George,Raoux,12/7/62,6/8/94,1/1/99,Staff
419972,Boguslaw,Driscoll,5/10/62,9/16/88,1/1/99,Staff
419975,Tremaine,Ladret,4/12/62,12/13/96,1/1/99,Senior Staff
419977,Arnould,Swist,11/28/64,3/7/86,1/1/99,Staff
419980,Marsha,Mahmud,5/13/63,11/11/94,1/1/99,Engineer
419983,Vishv,Hartvigsen,12/10/63,12/3/85,1/1/99,Engineer
419985,Fox,Siegrist,1/7/63,10/27/96,1/1/99,Staff
419987,Cordelia,Zastre,4/27/64,1/6/97,1/1/99,Technique Leader
419989,Djenana,Zucker,3/1/64,5/12/87,1/1/99,Senior Engineer
419993,Temple,Dayang,8/25/63,3/31/97,1/1/99,Engineer
419994,Eben,Khamsi,11/22/62,1/8/90,1/1/99,Staff
419995,Constantijn,Harbusch,2/5/64,3/7/00,1/1/99,Senior Engineer
419998,Mari,Engberts,1/7/62,4/21/92,1/1/99,Staff
420003,Morris,Peot,11/9/64,12/8/96,1/1/99,Staff
420010,Kazuhide,Bugaenko,4/12/63,6/23/93,1/1/99,Senior Engineer
420012,Prasadram,Noriega,7/27/63,8/7/86,1/1/99,Technique Leader
420015,Stepehn,Duclos,11/22/63,9/23/94,1/1/99,Technique Leader
420018,Masoud,Remmers,11/18/63,5/4/85,1/1/99,Technique Leader
420022,Gonzalo,Weedman,12/18/63,9/17/00,1/1/99,Engineer
420023,Kazuhiro,Huttel,8/16/62,12/4/98,1/1/99,Senior Staff
420024,Gay,Peris,12/12/64,6/30/86,1/1/99,Senior Engineer
420025,Masaru,Tiemann,10/6/64,3/18/93,1/1/99,Engineer
420029,Cedric,Baek,10/31/63,7/9/89,1/1/99,Technique Leader
420038,Fumitake,Speckmann,7/24/62,12/13/99,1/1/99,Senior Engineer
420039,Boutros,Delgrange,6/14/63,8/5/95,1/1/99,Staff
420042,Sivanarayana,Alpin,2/6/64,3/13/89,1/1/99,Engineer
420049,Anoosh,Eiron,10/18/62,8/1/88,1/1/99,Senior Staff
420057,Billie,Pocchiola,1/3/62,4/20/01,1/1/99,Technique Leader
420058,Barna,Trumbly,1/20/64,3/12/94,1/1/99,Engineer
420059,Elgin,Nilsson,2/29/64,12/20/85,1/1/99,Engineer
420069,Yakichi,Schreiter,10/22/63,9/18/86,1/1/99,Engineer
420070,Stein,Birch,10/15/62,10/14/92,1/1/99,Staff
420071,Kwan,Nourani,9/19/62,7/28/94,1/1/99,Senior Engineer
420078,Ymte,Tiemann,7/26/63,4/9/90,1/1/99,Senior Staff
420086,Susuma,Kitsuregawa,1/27/65,5/28/85,1/1/99,Engineer
420088,Huan,Erdmenger,8/22/64,11/17/91,1/1/99,Technique Leader
420097,Aimee,Stifter,6/25/62,12/13/87,1/1/99,Engineer
420106,Abdelkader,Nittel,5/8/62,2/15/97,1/1/99,Engineer
420112,Shuji,Merli,4/24/64,10/9/97,1/1/99,Assistant Engineer
420113,Jacopo,Erez,9/9/63,4/25/91,1/1/99,Senior Engineer
420117,Xiahua,Rahimi,2/1/64,5/4/91,1/1/99,Senior Engineer
420124,Atilio,Dayang,8/31/63,4/29/85,1/1/99,Senior Staff
420130,Chaoyi,Flexer,6/4/63,2/28/85,1/1/99,Engineer
420141,Gay,Babb,8/4/63,9/22/96,1/1/99,Staff
420151,Khoa,Maierhofer,7/8/64,8/14/86,1/1/99,Staff
420155,Youpyo,Liesche,7/7/63,3/6/86,1/1/99,Senior Staff
420161,Aran,Cincotta,4/10/62,3/27/87,1/1/99,Senior Engineer
420163,Bernice,Krupka,8/25/63,6/1/92,1/1/99,Senior Engineer
420172,Mohit,Rodier,6/8/63,9/11/86,1/1/99,Engineer
420175,Rosine,Pleszkun,12/13/62,1/4/01,1/1/99,Assistant Engineer
420183,Diederik,Stafford,3/8/64,2/10/86,1/1/99,Engineer
420188,Gal,Cronau,10/2/62,2/29/96,1/1/99,Staff
420189,Zita,Radhakrishnan,9/10/63,4/8/90,1/1/99,Engineer
420190,Christfried,Rusmann,9/28/64,9/2/94,1/1/99,Senior Staff
420195,Khalil,Zastre,7/7/63,6/6/99,1/1/99,Engineer
420201,Domenick,Demizu,12/7/63,7/24/94,1/1/99,Staff
420220,Lillian,Jording,10/18/64,11/16/99,1/1/99,Engineer
420222,Ortrun,Thibadeau,9/9/64,11/15/91,1/1/99,Engineer
420231,Mizuhito,Flowers,10/10/63,10/24/92,1/1/99,Engineer
420233,Etsuo,Peak,10/6/63,3/9/92,1/1/99,Senior Staff
420240,Deborah,Improta,6/23/63,10/26/99,1/1/99,Engineer
420251,Mingdong,Krider,9/13/63,10/22/96,1/1/99,Technique Leader
420252,Shunichi,Bridgland,12/5/62,7/15/85,1/1/99,Technique Leader
420257,Jungsoon,Kaiserswerth,2/15/63,3/6/85,1/1/99,Senior Staff
420258,Somnath,Gulak,1/19/64,1/30/88,1/1/99,Engineer
420263,Hyuncheol,Cummings,1/6/64,10/20/92,1/1/99,Engineer
420269,Itzchak,Leslie,6/6/63,3/15/99,1/1/99,Staff
420273,Hidefumi,Picco,1/9/63,3/16/99,1/1/99,Assistant Engineer
420275,Qiwen,Cichocki,5/15/63,1/15/97,1/1/99,Technique Leader
420278,Ashish,Redmiles,10/21/62,1/15/99,1/1/99,Engineer
420282,Basil,Erol,8/9/62,11/21/97,1/1/99,Senior Engineer
420304,Giri,Pesch,10/22/63,11/5/93,1/1/99,Senior Staff
420306,Katsuyuki,Peral,3/10/64,7/27/87,1/1/99,Staff
420310,Mayumi,Famili,11/21/64,11/18/95,1/1/99,Engineer
420313,Sachin,Christ,2/23/63,12/12/86,1/1/99,Staff
420316,Nevio,Penttonen,8/8/64,8/24/87,1/1/99,Engineer
420327,Debaprosad,Awdeh,12/5/64,9/20/89,1/1/99,Senior Engineer
420335,Jouko,Fairtlough,8/20/62,9/7/92,1/1/99,Engineer
420336,Rance,Champarnaud,11/21/63,6/27/89,1/1/99,Engineer
420342,Greger,Itzfeldt,9/9/62,7/16/98,1/1/99,Engineer
420347,Shuky,Valette,9/3/63,10/26/87,1/1/99,Senior Staff
420353,Ziyad,Angot,6/14/62,9/17/92,1/1/99,Senior Staff
420354,Weiye,Chandrasekhar,4/22/64,3/2/97,1/1/99,Engineer
420356,Jolita,Penz,7/8/64,9/13/91,1/1/99,Senior Engineer
420357,Bluma,Rubsam,5/22/63,9/17/91,1/1/99,Senior Staff
420361,Ult,Perko,8/11/62,12/3/93,1/1/99,Engineer
420374,Lillian,Yetto,4/1/62,1/30/92,1/1/99,Engineer
420375,Jongsuk,Zolotykh,7/20/62,12/24/85,1/1/99,Engineer
420380,Ewing,Schnelling,4/25/63,8/8/86,1/1/99,Senior Engineer
420384,Deborah,Baek,7/25/63,6/4/88,1/1/99,Senior Staff
420389,Genki,Desikan,7/11/63,9/15/95,1/1/99,Engineer
420395,Basim,Swift,11/2/62,7/19/87,1/1/99,Technique Leader
420399,Jessie,Gente,1/5/64,8/2/98,1/1/99,Staff
420405,Kannan,Birnbaum,7/16/62,2/2/98,1/1/99,Staff
420412,Koldo,Angelopoulos,9/26/63,12/12/97,1/1/99,Senior Engineer
420414,Jeanne,Gargeya,4/28/63,8/10/85,1/1/99,Engineer
420430,Toney,Motley,7/30/62,6/16/93,1/1/99,Engineer
420432,Willard,Eppinger,7/9/63,3/26/88,1/1/99,Senior Engineer
420434,Shigeichiro,Chelton,1/28/63,11/14/94,1/1/99,Engineer
420436,Takushi,Luiz,7/11/63,4/29/96,1/1/99,Staff
420439,Manohar,Melter,7/8/64,5/30/92,1/1/99,Senior Engineer
420443,Ashish,Gien,7/9/63,9/30/98,1/1/99,Staff
420448,Moss,Farris,9/4/62,4/22/99,1/1/99,Staff
420449,Luise,Erev,4/21/62,8/14/90,1/1/99,Senior Staff
420450,Harngdar,Griswold,7/2/62,7/7/93,1/1/99,Senior Staff
420452,Susumu,Capobianchi,11/28/64,3/11/92,1/1/99,Senior Engineer
420454,Aamod,Whittlesey,3/31/63,1/9/96,1/1/99,Senior Engineer
420458,Jouni,Kornatzky,4/21/63,9/24/99,1/1/99,Engineer
420459,Changho,Thiran,2/22/62,5/7/90,1/1/99,Senior Engineer
420463,Goetz,Schwartzbauer,3/10/63,10/1/96,1/1/99,Senior Staff
420464,Shan,Alblas,9/5/63,1/3/87,1/1/99,Senior Staff
420467,Mart,Velasco,8/29/63,3/4/89,1/1/99,Senior Engineer
420468,Pantung,Hofting,11/4/64,7/21/89,1/1/99,Engineer
420476,Mariangiola,Bolsens,1/28/65,6/15/85,1/1/99,Senior Staff
420477,Yishai,Hanabata,6/1/63,7/11/97,1/1/99,Engineer
420480,Ziya,Bratsberg,10/15/62,10/1/86,1/1/99,Senior Engineer
420500,Zhenbing,Jansen,1/8/63,5/13/96,1/1/99,Staff
420501,Giao,Rubsam,12/13/63,11/24/92,1/1/99,Senior Staff
420503,Francesca,Puppo,4/26/64,12/23/00,1/1/99,Staff
420506,Sachio,Ohori,7/1/64,9/24/85,1/1/99,Senior Engineer
420508,Percy,Vernadat,5/19/62,1/6/92,1/1/99,Senior Staff
420515,Tayeb,Bennet,3/23/63,9/28/94,1/1/99,Staff
420524,Luerbio,Fontet,5/30/64,12/11/99,1/1/99,Assistant Engineer
420525,Juyoung,Deville,2/4/62,3/28/94,1/1/99,Senior Staff
420533,Kwangjo,Marrakchi,8/20/64,3/28/88,1/1/99,Senior Staff
420536,Rafail,Kaiser,2/5/64,9/11/92,1/1/99,Senior Engineer
420540,Arup,Demian,9/11/62,2/19/87,1/1/99,Senior Engineer
420542,Charmane,Bala,2/1/64,2/8/99,1/1/99,Engineer
420548,Muneo,Erev,5/9/64,1/30/00,1/1/99,Staff
420554,Nishit,Lorcy,12/13/64,12/16/94,1/1/99,Senior Staff
420556,Horward,Engberts,3/5/63,7/2/86,1/1/99,Senior Engineer
420557,Mabhin,Eastman,1/6/65,8/2/89,1/1/99,Senior Staff
420563,Mingzeng,Schaap,3/10/64,4/26/92,1/1/99,Senior Staff
420568,Subir,Solares,3/16/64,3/3/01,1/1/99,Senior Engineer
420588,Seshu,DuBourdieux,7/14/63,1/13/90,1/1/99,Senior Engineer
420595,Jayesh,Kobara,1/16/64,1/9/96,1/1/99,Engineer
420602,Xiong,Casperson,12/5/64,1/23/87,1/1/99,Engineer
420603,Arco,Benveniste,5/25/63,10/20/88,1/1/99,Technique Leader
420605,Idoia,Ulupinar,8/16/62,4/11/97,1/1/99,Staff
420608,Ohad,Schaar,10/31/62,3/20/98,1/1/99,Senior Engineer
420616,Taizo,Ramsak,9/11/64,9/8/95,1/1/99,Staff
420620,Xiaoqiu,Schade,7/1/62,11/20/93,1/1/99,Senior Staff
420627,Tonia,Levasseur,2/7/62,3/15/93,1/1/99,Engineer
420632,Youpyo,Gurbaxani,3/12/62,6/1/99,1/1/99,Staff
420646,Vishwani,Randt,8/29/63,8/8/98,1/1/99,Staff
420650,Sandeepan,Tsukune,3/28/62,12/2/87,1/1/99,Senior Staff
420651,Kiyotoshi,Munch,4/21/64,5/13/01,1/1/99,Staff
420656,Yongmao,Birta,12/9/63,11/14/86,1/1/99,Staff
420663,Piyawadee,Cullers,2/15/63,10/4/91,1/1/99,Engineer
420667,Zhensheng,Kaiserswerth,7/18/64,11/19/96,1/1/99,Staff
420668,Hongzue,Stifter,7/27/64,10/7/88,1/1/99,Technique Leader
420670,Kiyokazu,Ranst,5/12/63,11/19/00,1/1/99,Engineer
420671,Kersti,Demeyer,9/29/63,10/18/99,1/1/99,Engineer
420675,Houman,Remmers,1/31/62,3/31/91,1/1/99,Senior Engineer
420685,Stein,Setia,7/30/63,3/24/87,1/1/99,Staff
420690,Dmitry,Rindone,2/12/64,5/23/90,1/1/99,Staff
420694,Frazer,Barbanera,1/19/65,11/4/86,1/1/99,Staff
420707,Mang,Steenbeek,9/5/63,1/15/90,1/1/99,Senior Engineer
420717,Zorica,Masaki,3/10/63,6/28/92,1/1/99,Staff
420720,Hisao,Hebert,1/28/63,7/6/97,1/1/99,Senior Engineer
420726,Herbert,Szemeredi,10/6/62,8/15/90,1/1/99,Senior Staff
420732,Willard,Morrin,1/6/65,5/27/96,1/1/99,Staff
420736,Peer,Gurbaxani,9/23/62,11/3/00,1/1/99,Engineer
420744,Sariel,Atchley,11/21/63,1/17/96,1/1/99,Engineer
420754,Khalil,Krupka,8/24/64,4/26/91,1/1/99,Senior Staff
420759,Raimond,Solovay,1/4/65,10/3/97,1/1/99,Staff
420760,Volkmar,Griswold,6/4/64,4/22/87,1/1/99,Engineer
420762,Marl,Shackel,11/18/63,1/1/98,1/1/99,Engineer
420765,Shawna,Krider,1/17/65,3/9/90,1/1/99,Staff
420771,Mang,Bressoud,8/14/63,7/2/85,1/1/99,Engineer
420773,Kristian,Terlouw,9/18/62,12/8/99,1/1/99,Engineer
420774,Jordanka,Velasco,11/8/62,6/13/96,1/1/99,Senior Engineer
420778,Radoslaw,Peck,2/12/62,6/27/98,1/1/99,Staff
420779,Gennadi,Plesums,5/7/62,1/17/86,1/1/99,Engineer
420791,Nahla,Harllee,6/4/62,10/11/88,1/1/99,Staff
420792,Berhard,Stassinopoulos,2/8/62,10/6/92,1/1/99,Engineer
420793,Franziska,Zweizig,11/1/63,8/25/96,1/1/99,Engineer
420796,Aris,Aloia,1/23/63,11/23/98,1/1/99,Engineer
420797,Edwin,Pehl,4/27/62,6/7/85,1/1/99,Senior Staff
420799,Bernt,Menyhert,3/22/63,1/6/86,1/1/99,Technique Leader
420800,Gonzalo,Krohm,1/23/64,9/10/98,1/1/99,Engineer
420803,Tiina,McClurg,3/23/62,1/25/90,1/1/99,Senior Engineer
420810,Xuedong,Peir,7/13/62,8/6/98,1/1/99,Staff
420821,Ronghao,McConalogue,6/13/63,4/26/92,1/1/99,Senior Staff
420830,Zhongwei,Berstel,5/16/62,7/22/97,1/1/99,Senior Engineer
420847,Srinidhi,Sridhar,6/1/63,10/24/85,1/1/99,Senior Engineer
420851,Mari,Roison,1/8/63,1/31/94,1/1/99,Senior Staff
420855,Rosita,Argence,1/8/64,12/22/91,1/1/99,Assistant Engineer
420861,Martina,Lipner,4/5/63,3/14/88,1/1/99,Senior Engineer
420865,Genta,Engelmann,11/16/63,4/18/96,1/1/99,Staff
420868,Sajjan,Ponthieu,8/5/63,3/1/95,1/1/99,Senior Engineer
420875,Shaowei,Munke,10/12/64,12/4/96,1/1/99,Staff
420876,Aloys,Aloia,9/14/62,12/5/96,1/1/99,Staff
420877,Khosrow,Erez,1/29/65,2/11/90,1/1/99,Senior Staff
420886,Goetz,Docker,6/22/63,4/26/98,1/1/99,Engineer
420892,Vitali,Genther,11/23/64,10/19/87,1/1/99,Senior Staff
420895,Denny,Munck,9/13/63,1/29/89,1/1/99,Staff
420905,Ulf,Strooper,7/12/64,8/16/89,1/1/99,Senior Engineer
420906,Mari,Cardazo,12/11/64,11/15/99,1/1/99,Staff
420918,Rafail,Denti,3/12/64,5/29/94,1/1/99,Senior Engineer
420919,Gil,Plavsic,5/25/63,2/1/91,1/1/99,Technique Leader
420920,Atreye,Takkinen,6/30/64,1/9/00,1/1/99,Senior Engineer
420927,Bedir,Syrzycki,7/12/62,10/22/89,1/1/99,Senior Staff
420929,Udaiprakash,Hempstead,5/31/64,10/28/90,1/1/99,Engineer
420930,Udi,Bugrara,6/23/64,6/30/90,1/1/99,Senior Engineer
420935,Wanqing,Mapelli,4/17/63,5/14/94,1/1/99,Staff
420939,Tsutomu,Barvinok,5/8/64,8/4/96,1/1/99,Engineer
420943,Byong,Ramamoorthy,12/22/63,10/18/96,1/1/99,Senior Staff
420945,Ayakannu,Piancastelli,5/19/64,10/16/95,1/1/99,Senior Staff
420948,Sanjoy,Kisuki,5/22/63,4/9/99,1/1/99,Assistant Engineer
420957,Cristinel,Heering,1/21/63,2/11/89,1/1/99,Engineer
420961,Suzette,Cherinka,2/11/63,4/3/89,1/1/99,Engineer
420966,Becky,Badr,7/23/62,12/13/87,1/1/99,Senior Staff
420967,Arnd,Sullins,9/5/63,1/2/94,1/1/99,Engineer
420968,Gou,Jullig,11/9/62,8/29/94,1/1/99,Senior Staff
420972,Nalini,Portugali,8/9/64,3/24/00,1/1/99,Senior Engineer
420977,Krister,Mapelli,10/20/62,1/30/98,1/1/99,Staff
420978,Gilbert,Wolniewicz,1/26/62,11/4/99,1/1/99,Senior Engineer
420986,Hiroyasu,Hagimont,9/28/64,8/10/93,1/1/99,Engineer
420989,Girolamo,Danley,12/2/64,10/7/86,1/1/99,Senior Engineer
420990,Suebskul,Marrevee,2/18/63,4/29/01,1/1/99,Senior Engineer
420992,Nimmagadda,Katzenelson,1/24/62,7/12/86,1/1/99,Engineer
421005,Szabolcs,Arlazarov,7/5/62,2/29/92,1/1/99,Engineer
421009,Pranav,Leijenhorst,3/7/64,7/16/99,1/1/99,Engineer
421022,Shigeaki,Butner,1/26/65,7/13/96,1/1/99,Senior Staff
421026,Georgy,Tyugu,9/29/63,1/24/86,1/1/99,Senior Engineer
421028,Hidefumi,Denti,5/4/64,9/1/91,1/1/99,Staff
421033,Garnik,Randt,1/14/65,12/23/89,1/1/99,Staff
421037,Waiman,Frijda,6/16/63,7/3/85,1/1/99,Senior Staff
421047,Kwangjo,Fadgyas,11/17/64,4/1/88,1/1/99,Engineer
421053,Arun,Eppinger,10/4/62,12/24/92,1/1/99,Senior Engineer
421055,Martine,Harnett,2/2/63,5/9/97,1/1/99,Engineer
421070,Brigham,Bierbaum,8/5/62,7/14/96,1/1/99,Staff
421071,Ger,Delgrande,5/8/63,3/22/86,1/1/99,Assistant Engineer
421074,Zhaofang,Falster,1/7/65,6/29/94,1/1/99,Staff
421084,Sanjoy,Usdin,2/22/64,1/30/96,1/1/99,Senior Staff
421085,Bernardo,Brobst,1/18/64,1/3/00,1/1/99,Engineer
421088,Kendra,Petereit,3/21/64,8/2/97,1/1/99,Staff
421098,Ipke,Gaughan,6/5/62,6/25/96,1/1/99,Engineer
421101,Branimir,Chinin,8/27/63,5/2/90,1/1/99,Senior Staff
421106,Rasikan,Sundgren,1/26/62,9/26/85,1/1/99,Staff
421117,Teiji,Kaltofen,8/11/64,8/31/92,1/1/99,Senior Staff
421124,Sangeeta,Heystek,3/14/62,10/22/92,1/1/99,Technique Leader
421135,Debatosh,Henders,9/3/64,8/4/87,1/1/99,Senior Staff
421148,Jayesh,Birdsall,3/10/63,5/15/96,1/1/99,Senior Engineer
421152,Shuichi,Schrift,5/23/62,10/12/94,1/1/99,Staff
421153,Guttorm,Plotkin,2/8/64,8/10/86,1/1/99,Senior Staff
421156,Nalini,Tomescu,7/28/64,11/14/86,1/1/99,Engineer
421157,Gil,Nooteboom,6/3/62,7/29/91,1/1/99,Senior Engineer
421160,Yongmao,Gonthier,6/19/62,10/3/97,1/1/99,Engineer
421165,Danny,Birsak,2/3/64,4/25/91,1/1/99,Assistant Engineer
421168,Kshitij,Falco,5/14/62,1/1/90,1/1/99,Senior Staff
421171,Hilari,Wroclawski,6/24/64,9/24/88,1/1/99,Senior Staff
421183,Douadi,Awdeh,7/4/63,2/15/87,1/1/99,Senior Staff
421202,Valeri,Perez,9/3/64,6/25/99,1/1/99,Staff
421210,Xiong,Constantine,10/16/62,8/22/88,1/1/99,Staff
421221,Mary,Ibel,6/13/62,1/19/89,1/1/99,Senior Engineer
421226,Sugwoo,Talmor,5/3/63,3/28/94,1/1/99,Engineer
421232,Atreyi,Yeung,1/28/64,2/6/99,1/1/99,Staff
421234,Lene,Erni,12/9/63,8/22/92,1/1/99,Senior Staff
421237,Uma,Snedden,6/9/62,11/30/86,1/1/99,Senior Engineer
421239,Indrajit,Borstler,12/25/63,3/29/00,1/1/99,Senior Staff
421242,Akemi,Birsak,9/5/64,7/11/85,1/1/99,Senior Engineer
421245,Werner,Bodoff,5/30/64,8/8/87,1/1/99,Engineer
421246,Dhritiman,Ebeling,3/31/62,2/10/89,1/1/99,Staff
421255,Yuping,Plotkin,9/14/62,7/29/86,1/1/99,Senior Staff
421271,Heekeun,Versino,5/10/64,12/5/91,1/1/99,Senior Engineer
421272,Akemi,Toyoshima,3/16/62,3/30/95,1/1/99,Engineer
421287,Pranas,Backhouse,12/5/63,1/25/89,1/1/99,Engineer
421293,Rafail,Spinelli,1/13/62,9/19/99,1/1/99,Engineer
421295,Tsz,Heyers,6/20/62,6/9/91,1/1/99,Engineer
421303,Fox,Garnham,5/22/64,9/26/92,1/1/99,Staff
421307,Baruch,Jansen,11/22/64,9/29/97,1/1/99,Staff
421312,Mariangiola,Bashian,1/13/65,9/18/99,1/1/99,Engineer
421313,Sven,Kobara,8/21/64,6/21/89,1/1/99,Engineer
421314,Nitsan,Gist,1/14/64,11/10/98,1/1/99,Senior Staff
421315,Xiaopeng,Panienski,6/13/63,7/12/95,1/1/99,Staff
421317,Ioana,Christ,8/20/62,6/21/98,1/1/99,Engineer
421328,Mayuko,Lorys,12/15/62,4/2/90,1/1/99,Senior Staff
421332,Basem,Apsitis,2/7/64,10/5/99,1/1/99,Technique Leader
421341,Shrikanth,Rassart,1/24/62,4/23/01,1/1/99,Staff
421343,Zhiguo,Tetzlaff,12/15/63,8/4/90,1/1/99,Senior Engineer
421350,Jovan,Kawashima,4/23/63,3/5/99,1/1/99,Engineer
421351,Janche,Socorro,6/2/64,5/27/90,1/1/99,Senior Staff
421361,Mark,Birrer,9/26/63,3/10/94,1/1/99,Assistant Engineer
421362,Jolita,Denti,7/23/62,5/28/99,1/1/99,Staff
421366,Renny,Krogh,5/30/63,8/28/90,1/1/99,Senior Staff
421367,Aiichiro,Smailagic,7/24/64,4/16/94,1/1/99,Engineer
421368,Masaru,Ibel,5/7/64,11/25/88,1/1/99,Senior Staff
421373,Tsutomu,Steenbeek,8/2/64,6/23/95,1/1/99,Senior Engineer
421384,Renny,Bednarek,1/2/65,6/1/87,1/1/99,Staff
421385,Shay,Munro,8/18/64,4/10/98,1/1/99,Staff
421389,Junichi,Takkinen,6/2/64,2/1/99,1/1/99,Senior Staff
421391,Shaowen,Tasistro,8/24/63,12/23/97,1/1/99,Staff
421394,Annemarie,Larfeldt,5/9/63,11/16/86,1/1/99,Staff
421402,Danai,Sury,7/5/62,10/26/90,1/1/99,Staff
421412,Hideo,Bellone,9/14/62,5/24/97,1/1/99,Engineer
421418,Kamakshi,Hasenauer,3/14/64,4/1/92,1/1/99,Senior Staff
421421,Toong,Morton,1/21/62,10/16/90,1/1/99,Engineer
421424,Mingsen,Schmiedel,1/23/62,9/18/85,1/1/99,Senior Engineer
421426,Kagan,Detkin,11/28/63,6/13/95,1/1/99,Senior Staff
421442,Jiang,Penttonen,11/19/62,11/9/88,1/1/99,Senior Staff
421448,Danny,Kornatzky,7/15/63,9/29/90,1/1/99,Senior Engineer
421450,Aruna,Ponthieu,3/18/62,12/23/98,1/1/99,Technique Leader
421451,Taegyun,Alpin,7/9/63,5/7/85,1/1/99,Staff
421453,Aron,Rosenbaum,2/28/64,10/1/97,1/1/99,Staff
421456,Felicidad,Gomatam,6/20/64,4/8/95,1/1/99,Staff
421458,Conor,Aseltine,9/7/63,8/22/89,1/1/99,Staff
421466,Uno,Byoun,6/12/62,5/2/98,1/1/99,Engineer
421470,Chikako,Benner,6/20/63,10/26/89,1/1/99,Assistant Engineer
421472,Somnath,Unni,10/1/63,12/16/98,1/1/99,Assistant Engineer
421475,Divier,Bhattacharjee,12/24/62,2/22/96,1/1/99,Senior Engineer
421478,Remmert,dAstous,6/9/64,8/2/94,1/1/99,Senior Staff
421495,Mabry,Gerteisen,10/13/64,10/8/87,1/1/99,Engineer
421496,Kazuhira,Ghemri,6/20/64,3/15/97,1/1/99,Engineer
421501,Toney,Basawa,8/3/63,5/26/92,1/1/99,Technique Leader
421505,Renee,Marquardt,3/21/63,5/14/90,1/1/99,Staff
421512,Douadi,Matzov,5/22/63,9/7/88,1/1/99,Engineer
421513,Manton,Makrucki,7/10/64,7/13/85,1/1/99,Senior Staff
421514,Miyeon,Thimonier,9/25/62,1/15/89,1/1/99,Staff
421527,Matt,Heijenga,7/17/62,6/19/95,1/1/99,Staff
421539,Udaiprakash,Flasterstein,1/29/62,1/25/93,1/1/99,Engineer
421541,Basem,Fritzsche,7/20/62,5/12/92,1/1/99,Engineer
421548,Mahendra,Casley,8/29/62,4/29/96,1/1/99,Senior Engineer
421559,Nakhoon,Dengi,4/15/63,10/6/96,1/1/99,Senior Staff
421562,Hironoby,Sommen,10/16/63,2/25/86,1/1/99,Senior Staff
421563,Suvo,Schmittgen,3/14/64,11/12/90,1/1/99,Engineer
421574,Gaurav,Swab,5/13/62,4/24/98,1/1/99,Engineer
421579,Aruna,Mundy,12/10/62,1/23/86,1/1/99,Senior Engineer
421581,Yechiam,Onuegbe,3/9/63,8/10/91,1/1/99,Engineer
421585,Uma,Litecky,12/18/64,4/24/94,1/1/99,Staff
421587,Menkae,Pollock,4/11/63,5/21/99,1/1/99,Senior Engineer
421606,Aris,Kushner,5/17/63,8/28/91,1/1/99,Staff
421610,Guoxiang,Chandrasekhar,6/17/62,1/17/93,1/1/99,Senior Staff
421624,George,Serna,11/17/64,1/16/89,1/1/99,Senior Engineer
421639,Arun,Pelz,11/4/62,6/6/98,1/1/99,Senior Staff
421643,Zhenbing,Fairtlough,2/19/63,7/27/85,1/1/99,Senior Staff
421649,Fatemeh,Lorys,10/22/64,10/3/98,1/1/99,Engineer
421655,Youpyo,Goldhammer,2/20/63,11/20/85,1/1/99,Senior Staff
421658,Youngkon,Luff,7/25/63,7/20/89,1/1/99,Senior Engineer
421678,Saeed,Thummel,12/22/64,1/21/87,1/1/99,Senior Engineer
421679,Yuuichi,Conta,8/12/62,2/9/95,1/1/99,Engineer
421686,Zhiguo,Ecklund,3/2/64,5/17/89,1/1/99,Senior Staff
421689,Theron,Cullers,3/17/63,7/4/02,1/1/99,Senior Staff
421693,Krisda,Ligten,8/21/62,10/14/86,1/1/99,Senior Staff
421702,Piyush,Slaats,3/23/63,7/13/90,1/1/99,Senior Staff
421703,Susanne,Maccarone,12/6/63,4/6/90,1/1/99,Senior Engineer
421705,Kagan,Uhrik,10/23/62,10/28/87,1/1/99,Senior Staff
421709,Brewster,Puppe,8/30/64,8/4/94,1/1/99,Senior Engineer
421715,Freyja,Conte,7/29/64,12/18/86,1/1/99,Senior Staff
421734,Ravishankar,Sgarro,8/4/64,10/2/85,1/1/99,Senior Staff
421735,Sampalli,Claffy,6/14/64,7/26/87,1/1/99,Staff
421737,Xiadong,Leonhardt,1/21/64,3/10/86,1/1/99,Senior Engineer
421744,Kiyotoshi,Kaltofen,9/3/64,4/29/97,1/1/99,Staff
421747,Yaghout,Ouhyoung,9/19/64,4/5/90,1/1/99,Senior Staff
421748,Jovan,Lueh,3/28/62,12/7/97,1/1/99,Engineer
421752,Mayuko,Belinskaya,4/6/63,8/1/94,1/1/99,Staff
421753,Giordano,Moffat,1/3/63,1/4/86,1/1/99,Technique Leader
421755,Shichao,Thiria,1/3/65,1/11/89,1/1/99,Engineer
421760,Joydip,Gide,9/17/64,3/19/93,1/1/99,Senior Staff
421761,Marin,Kroon,1/7/63,11/10/87,1/1/99,Senior Staff
421767,Kwangyoen,Haldar,4/5/62,9/21/89,1/1/99,Staff
421772,Shin,Scallan,1/7/64,9/12/93,1/1/99,Engineer
421780,Sadegh,Casperson,5/12/62,7/20/88,1/1/99,Senior Staff
421789,Mingdong,Szilard,1/3/62,1/9/97,1/1/99,Staff
421799,Fayez,Angelopoulos,11/1/62,2/18/95,1/1/99,Engineer
421809,Rasikan,Compeau,12/19/63,3/23/96,1/1/99,Engineer
421811,Kersti,Erdi,1/27/64,9/2/89,1/1/99,Senior Staff
421818,Sangeeta,Gniady,9/15/63,4/15/94,1/1/99,Engineer
421824,Hausi,Sichman,12/10/63,10/1/89,1/1/99,Senior Staff
421825,Karsten,Mellouli,3/7/62,4/19/87,1/1/99,Staff
421827,Mariangiola,Kaiser,2/2/64,1/15/01,1/1/99,Engineer
421834,Ortrud,Thummel,12/30/64,8/25/91,1/1/99,Staff
421835,Yinlin,Flowers,6/7/62,9/22/99,1/1/99,Senior Staff
421845,Stevo,Zongker,7/23/64,3/10/01,1/1/99,Senior Staff
421850,Gian,Szilard,2/4/64,10/9/99,1/1/99,Engineer
421853,Josyula,Coorg,3/20/62,8/6/99,1/1/99,Staff
421861,Kazuhide,Murtafg,5/3/63,12/26/95,1/1/99,Engineer
421868,Kayoko,Mungall,5/30/62,6/29/90,1/1/99,Senior Staff
421872,Phule,Azulay,1/2/62,12/16/99,1/1/99,Engineer
421873,Candida,Szilard,1/8/64,10/5/89,1/1/99,Senior Engineer
421880,Fumino,Pelz,6/24/62,11/27/93,1/1/99,Staff
421882,Mamdouh,Facello,1/12/64,5/22/01,1/1/99,Assistant Engineer
421885,Nahum,Muntz,10/18/62,7/17/96,1/1/99,Staff
421891,Patricia,Scallan,3/28/63,9/1/91,1/1/99,Senior Engineer
421892,Remko,Grospietsch,7/7/63,11/13/96,1/1/99,Senior Staff
421893,IEEE,Solovay,11/23/64,11/15/97,1/1/99,Staff
421897,Sadegh,Slutz,7/6/64,1/20/96,1/1/99,Senior Engineer
421898,Samphel,Swiler,2/14/62,5/4/86,1/1/99,Assistant Engineer
421900,Xiahua,Lindqvist,11/10/64,10/3/92,1/1/99,Engineer
421901,Kshitij,Ranai,3/15/62,10/11/86,1/1/99,Staff
421905,Moto,Uhrik,6/2/62,7/15/95,1/1/99,Staff
421907,Hyuncheol,Erdmenger,10/28/62,6/20/98,1/1/99,Engineer
421908,Felicidad,Cummings,9/29/64,7/23/85,1/1/99,Engineer
421919,Menkae,Ranka,6/23/64,10/25/01,1/1/99,Senior Staff
421929,Yoshimitsu,Munawer,9/17/63,3/19/95,1/1/99,Staff
421936,Gererd,Driscoll,7/28/62,8/14/96,1/1/99,Senior Engineer
421938,Hidekazu,Pintelas,12/4/63,8/17/92,1/1/99,Technique Leader
421941,Gurbir,Sgarro,12/31/64,5/20/87,1/1/99,Senior Engineer
421949,Perry,Dulli,2/9/64,7/4/86,1/1/99,Engineer
421964,Arun,Marchegay,4/15/62,12/2/87,1/1/99,Senior Engineer
421981,Kwangyoen,Gente,5/4/62,4/5/90,1/1/99,Senior Staff
421982,Shih,Eiter,11/11/63,4/8/89,1/1/99,Staff
421987,Kristof,Conta,7/2/63,2/2/87,1/1/99,Engineer
421988,Duri,Serra,4/24/62,9/30/93,1/1/99,Engineer
421990,Sariel,Lorin,5/6/64,11/24/00,1/1/99,Staff
421995,Szabolcs,Isaac,6/14/62,7/17/85,1/1/99,Staff
422004,Margo,Azevdeo,7/26/64,4/20/98,1/1/99,Assistant Engineer
422022,Filipp,Straney,7/13/64,4/12/95,1/1/99,Assistant Engineer
422025,Guttorm,Junet,5/19/64,5/31/86,1/1/99,Senior Staff
422026,Tonia,Itzfeldt,7/30/64,12/2/93,1/1/99,Staff
422032,Masadi,Ghandeharizadeh,4/19/63,5/4/86,1/1/99,Staff
422035,Gou,Ruther,3/14/64,5/31/96,1/1/99,Senior Engineer
422043,Maja,Delgrossi,7/21/64,12/29/86,1/1/99,Senior Engineer
422050,Roddy,Miara,6/11/63,3/6/88,1/1/99,Senior Engineer
422061,Pranas,Hutter,9/11/64,7/4/89,1/1/99,Senior Engineer
422071,Jahangir,Dulay,1/28/63,7/16/87,1/1/99,Senior Staff
422079,Rafols,Merks,12/14/64,5/23/92,1/1/99,Senior Engineer
422091,Lorien,Alameldin,2/14/64,6/20/96,1/1/99,Technique Leader
422093,Yucel,Angot,12/21/64,8/5/88,1/1/99,Staff
422099,Mohit,Bahl,1/14/63,7/26/02,1/1/99,Technique Leader
422108,Fun,Ratnaker,6/30/62,11/27/86,1/1/99,Senior Staff
422110,Baocai,Hasenauer,10/23/63,2/19/93,1/1/99,Senior Engineer
422113,Tonia,Lorho,1/19/63,8/11/96,1/1/99,Assistant Engineer
422114,Tua,Hemaspaandra,7/21/62,5/23/99,1/1/99,Staff
422121,Bernice,Casley,2/20/64,2/15/86,1/1/99,Senior Staff
422125,Xiaoqiu,Kusakari,5/16/63,5/17/97,1/1/99,Engineer
422127,Emdad,Kushnir,6/3/64,1/26/00,1/1/99,Staff
422128,Kristian,Puoti,7/30/64,5/12/99,1/1/99,Staff
422132,Jenwei,Tasistro,7/6/63,8/6/88,1/1/99,Technique Leader
422135,Sivanarayana,Stafford,7/5/63,9/10/93,1/1/99,Staff
422139,Sachar,Streit,12/31/63,2/22/92,1/1/99,Senior Staff
422140,Gay,Botman,9/3/62,11/14/96,1/1/99,Technique Leader
422146,Kenton,Miara,1/8/65,3/13/02,1/1/99,Engineer
422148,Sandeepan,Gill,12/9/62,7/26/89,1/1/99,Engineer
422153,Mechthild,Morrey,3/5/62,4/19/85,1/1/99,Technique Leader
422164,Hugo,Ratnaker,3/11/64,10/4/00,1/1/99,Staff
422166,Sachin,Beeson,9/10/63,9/3/95,1/1/99,Staff
422171,Aral,Deyuan,3/11/62,2/17/87,1/1/99,Senior Engineer
422176,Hirochika,Pardalos,1/10/64,3/8/96,1/1/99,Engineer
422182,Abdulla,Babu,10/15/63,7/20/85,1/1/99,Senior Engineer
422189,Tadahiko,Krohn,7/19/62,8/25/91,1/1/99,Engineer
422192,Irena,Hmelo,1/29/63,2/15/99,1/1/99,Engineer
422195,Guoxiang,Angelopoulos,12/21/63,8/12/99,1/1/99,Senior Staff
422196,Zhonghui,Matzov,2/28/62,6/30/91,1/1/99,Staff
422203,Xiaoshan,Taubenfeld,3/30/64,5/2/95,1/1/99,Senior Staff
422206,Shin,Prenel,12/9/62,3/8/85,1/1/99,Engineer
422207,Xiaopeng,Baik,12/21/63,3/21/98,1/1/99,Staff
422217,Ebbe,Beutelspacher,8/8/63,11/26/92,1/1/99,Senior Staff
422226,Torsten,Krohn,12/26/64,2/25/90,1/1/99,Senior Engineer
422230,Florina,Khalil,3/7/63,1/11/93,1/1/99,Technique Leader
422237,Yakkov,Roccetti,11/8/64,9/3/88,1/1/99,Staff
422242,Izaskun,Apsitis,11/15/63,8/9/94,1/1/99,Senior Engineer
422249,Nalini,Prenel,6/11/63,5/17/98,1/1/99,Engineer
422254,Emran,Delgrange,1/1/63,5/9/86,1/1/99,Senior Staff
422258,Moni,Ramsay,6/27/63,8/22/87,1/1/99,Senior Staff
422262,Make,Feinberg,7/17/63,2/12/85,1/1/99,Senior Staff
422272,Takushi,Gecsei,6/12/63,9/29/86,1/1/99,Technique Leader
422273,Bernice,Servi,4/6/62,12/16/87,1/1/99,Senior Engineer
422275,Kazuhisa,Trystram,6/28/62,4/5/87,1/1/99,Senior Engineer
422281,Stevo,Kisuki,8/24/64,2/25/94,1/1/99,Senior Engineer
422282,Radoslaw,Naumovich,12/25/63,12/11/94,1/1/99,Staff
422287,Taiji,Siprelle,11/25/62,7/24/87,1/1/99,Senior Staff
422291,Christfried,Baar,2/13/62,10/6/95,1/1/99,Engineer
422292,Theron,Ananiadou,9/1/62,8/4/92,1/1/99,Staff
422293,Aron,Krider,7/5/64,5/11/97,1/1/99,Engineer
422303,Piyush,Krohm,3/30/64,12/9/97,1/1/99,Engineer
422307,Aron,Marrevee,7/26/62,11/5/00,1/1/99,Engineer
422313,Licheng,Rosaz,2/17/63,6/22/93,1/1/99,Senior Engineer
422317,Serap,Fiutem,6/27/64,3/12/91,1/1/99,Senior Staff
422318,DAIDA,Stanger,4/6/64,6/23/00,1/1/99,Technique Leader
422319,Otilia,Goodrum,8/24/64,11/3/89,1/1/99,Engineer
422325,Yoshimitsu,Standera,11/11/62,7/30/85,1/1/99,Assistant Engineer
422327,Bowen,Beutelspacher,2/22/63,10/12/97,1/1/99,Staff
422334,Elzbieta,Hoogerwoord,4/19/63,9/4/85,1/1/99,Staff
422339,Houman,Alblas,7/31/64,2/11/93,1/1/99,Engineer
422345,Martial,Bridgland,7/1/63,4/2/94,1/1/99,Senior Engineer
422346,Kristine,Piveteau,9/9/62,8/24/92,1/1/99,Senior Staff
422350,Ghassan,Sessa,5/20/62,8/30/99,1/1/99,Staff
422354,Tadahiko,Bach,1/11/63,2/3/90,1/1/99,Staff
422358,Muneo,Zykh,8/7/63,11/8/91,1/1/99,Staff
422366,Douadi,Molberg,3/31/63,11/27/95,1/1/99,Senior Staff
422369,Barry,Kusalik,2/1/64,6/19/92,1/1/99,Engineer
422370,Adel,Zielinski,9/25/62,10/4/94,1/1/99,Senior Staff
422371,Achilleas,Worfolk,3/13/64,10/18/85,1/1/99,Senior Staff
422376,Heeju,Cappelletti,5/14/62,6/29/02,1/1/99,Senior Engineer
422377,Marko,Gornas,6/10/63,6/22/96,1/1/99,Staff
422387,Hatsukazu,Tanemo,3/10/64,12/12/97,1/1/99,Staff
422398,Ulf,Nations,11/14/62,5/12/97,1/1/99,Staff
422410,Shugo,Munawer,3/5/63,8/25/96,1/1/99,Assistant Engineer
422413,Bikash,Kalafatis,9/14/63,6/12/86,1/1/99,Senior Staff
422416,Christ,Reghbati,3/17/63,1/7/98,1/1/99,Staff
422419,Syozo,Lorch,9/6/64,3/8/92,1/1/99,Senior Engineer
422421,Vidya,Cronau,6/23/64,12/6/86,1/1/99,Senior Staff
422428,Xiaoshan,Wiegley,11/20/62,1/11/87,1/1/99,Senior Staff
422431,Matk,Denna,1/17/63,10/5/89,1/1/99,Senior Staff
422432,Radhia,Lanteri,11/21/62,2/9/97,1/1/99,Senior Engineer
422439,Sachem,Strandh,6/28/64,6/26/93,1/1/99,Senior Staff
422441,Bartek,Georgakopoulos,5/29/64,2/20/96,1/1/99,Engineer
422443,Breannda,Iacovou,7/7/63,10/26/96,1/1/99,Engineer
422456,Kyoichi,Lally,8/1/64,11/4/92,1/1/99,Assistant Engineer
422459,Kristof,Birdsall,12/1/62,12/15/97,1/1/99,Staff
422464,Munenori,Bernatsky,8/18/63,8/3/88,1/1/99,Senior Engineer
422483,Jasminko,Linnainmaa,2/26/64,5/21/88,1/1/99,Senior Engineer
422485,Pintsang,Claffy,2/15/64,12/14/86,1/1/99,Engineer
422486,Gor,Bahr,7/28/64,2/10/01,1/1/99,Senior Engineer
422488,Jaques,Ghalwash,3/21/64,9/25/86,1/1/99,Technique Leader
422492,Alain,Koprowski,6/7/63,3/25/91,1/1/99,Technique Leader
422493,Dharmaraja,Highland,4/9/64,5/27/88,1/1/99,Engineer
422495,Panayotis,Gronowski,8/15/64,7/26/98,1/1/99,Engineer
422500,Hinrich,Kaelbling,11/29/63,6/13/86,1/1/99,Senior Engineer
422507,Moti,Argence,8/27/62,8/14/99,1/1/99,Technique Leader
422510,Iara,Tchuente,9/17/62,3/1/97,1/1/99,Staff
422512,Nobuyoshi,Hopewell,10/31/64,11/4/93,1/1/99,Senior Engineer
422517,Waiman,Oskamp,5/25/63,3/29/86,1/1/99,Staff
422521,Gennadi,Falco,9/21/64,9/2/86,1/1/99,Senior Staff
422522,Yishay,Murtafg,10/5/64,11/18/96,1/1/99,Engineer
422524,Taisook,Hardjono,1/15/63,9/1/99,1/1/99,Engineer
422527,Kiam,Baaz,3/25/63,1/7/00,1/1/99,Staff
422539,Seshu,Bahl,2/15/62,2/7/97,1/1/99,Engineer
422548,Oguz,Birta,6/10/64,9/17/98,1/1/99,Senior Engineer
422555,Muzhong,Langford,3/26/62,3/8/99,1/1/99,Engineer
422561,Arif,Michaeli,3/11/63,1/23/99,1/1/99,Senior Engineer
422562,Bernardo,dAstous,10/20/62,4/6/85,1/1/99,Senior Staff
422568,Pohua,Leivant,10/29/63,11/23/98,1/1/99,Engineer
422576,Gal,Brickell,2/21/63,12/1/89,1/1/99,Engineer
422581,Fay,Masada,8/14/62,3/18/96,1/1/99,Staff
422593,Shakhar,Wolniewicz,12/6/64,11/22/94,1/1/99,Senior Engineer
422598,Fan,Kushner,6/2/63,11/4/85,1/1/99,Senior Staff
422601,Premal,Cmelik,8/10/63,5/22/02,1/1/99,Engineer
422602,Toshimi,Goldhammer,12/10/62,3/1/97,1/1/99,Staff
422606,Qunsheng,Papastamatiou,8/27/62,8/14/97,1/1/99,Senior Engineer
422609,Georg,Syrzycki,11/19/64,7/23/94,1/1/99,Staff
422613,Mahendra,Lowrie,11/30/62,2/6/93,1/1/99,Engineer
422635,Kshitij,Gruenwald,11/4/62,5/23/98,1/1/99,Senior Engineer
422637,Susanna,Milicic,8/12/64,2/18/98,1/1/99,Senior Staff
422642,Jenwei,Demos,1/5/62,9/10/97,1/1/99,Engineer
422650,Fun,Pulkowski,6/2/63,3/10/91,1/1/99,Senior Engineer
422655,Ipke,Kusakari,6/12/64,1/17/94,1/1/99,Senior Engineer
422667,Guttorm,Naumovich,4/4/64,11/19/89,1/1/99,Senior Staff
422675,Dannz,Piancastelli,7/17/64,2/22/87,1/1/99,Staff
422683,Ronnie,Hitomi,12/5/62,10/19/90,1/1/99,Senior Staff
422684,Khue,Setiz,11/6/62,12/19/91,1/1/99,Engineer
422694,Aimee,Monarch,4/19/62,2/16/96,1/1/99,Engineer
422704,Waiman,Karcich,11/26/62,7/31/93,1/1/99,Senior Staff
422710,Manohar,Schieder,4/7/64,8/23/96,1/1/99,Engineer
422711,Kwee,Zirintsis,2/16/62,9/2/97,1/1/99,Senior Engineer
422719,Tonny,Gustavson,1/26/63,4/1/98,1/1/99,Engineer
422725,Leen,Pleszkun,10/13/63,10/6/94,1/1/99,Senior Staff
422743,Arunachalam,Ladret,12/2/64,7/17/93,1/1/99,Engineer
422750,Laurentiu,Perng,10/5/62,6/25/89,1/1/99,Senior Staff
422756,Nishit,Vilarrasa,6/21/62,1/12/91,1/1/99,Assistant Engineer
422758,Tamiya,Cyre,11/9/64,3/11/94,1/1/99,Senior Staff
422760,Heon,Krider,1/16/62,6/11/87,1/1/99,Senior Staff
422771,Heejo,Kading,6/10/64,4/28/90,1/1/99,Technique Leader
422780,Becky,Demos,9/21/63,5/1/99,1/1/99,Senior Engineer
422783,Jagoda,Uhrig,1/18/65,9/1/95,1/1/99,Engineer
422786,Toshimi,Rabejac,7/31/63,6/15/94,1/1/99,Staff
422791,Heng,Guardalben,9/15/64,3/22/99,1/1/99,Staff
422792,Tamiya,Heemskerk,3/28/64,8/6/99,1/1/99,Staff
422796,Yurii,Markovitch,10/7/63,1/27/88,1/1/99,Assistant Engineer
422798,Xinan,Domenig,6/11/64,6/21/89,1/1/99,Senior Engineer
422802,Maris,Fortenbacher,9/13/62,3/10/88,1/1/99,Senior Staff
422811,Shuzo,Heemskerk,5/14/64,2/16/92,1/1/99,Senior Engineer
422818,Billie,Moffat,6/12/63,11/28/97,1/1/99,Senior Engineer
422820,Kersti,Pluym,11/1/63,9/8/89,1/1/99,Senior Staff
422822,Reinhold,Cichocki,6/1/63,3/9/90,1/1/99,Senior Engineer
422827,Arfst,Verspoor,12/15/64,10/19/85,1/1/99,Senior Staff
422830,Lokesh,Zuberek,9/30/63,9/20/96,1/1/99,Staff
422831,Geoffry,Auyong,8/14/63,3/27/90,1/1/99,Senior Staff
422840,Lobel,Denna,4/10/63,4/8/89,1/1/99,Engineer
422842,Renee,Bardell,11/10/64,9/1/97,1/1/99,Technique Leader
422849,Froduald,Thiran,4/13/62,3/4/88,1/1/99,Engineer
422853,Ziyad,Valtorta,4/26/62,9/12/88,1/1/99,Staff
422855,Przemyslawa,Sommen,12/7/62,9/21/95,1/1/99,Senior Staff
422862,Filipp,Meriste,7/31/62,2/2/87,1/1/99,Engineer
422868,Fumino,Kugler,10/27/64,3/3/88,1/1/99,Senior Staff
422873,Elgin,Iwayama,4/27/62,1/3/96,1/1/99,Staff
422876,Chenyi,Quadeer,8/30/63,2/5/02,1/1/99,Engineer
422883,Jiang,Noriega,12/3/64,4/3/90,1/1/99,Senior Staff
422891,Achilleas,Erni,10/15/63,8/12/96,1/1/99,Staff
422893,Martijn,Larfeldt,9/22/64,8/15/85,1/1/99,Senior Staff
422898,Vishwani,Cromarty,7/29/63,9/23/97,1/1/99,Staff
422904,Kotesh,Fritzsche,3/25/64,11/30/91,1/1/99,Staff
422916,Alassane,Schusler,8/10/63,5/25/86,1/1/99,Senior Staff
422919,Cathie,Schlumberger,7/15/63,12/7/99,1/1/99,Engineer
422925,Danco,Jeong,6/11/64,5/17/95,1/1/99,Assistant Engineer
422932,Charlene,Garrabrants,5/11/64,11/9/86,1/1/99,Senior Engineer
422952,Arch,Sabnani,10/16/63,12/12/93,1/1/99,Staff
422958,Geoffry,Eterovic,11/23/63,3/30/91,1/1/99,Engineer
422961,Ute,Paludetto,1/2/63,3/6/85,1/1/99,Senior Staff
422964,Chuanti,Eugenio,5/14/64,2/3/94,1/1/99,Senior Staff
422966,Tommaso,Rodiger,10/2/62,12/20/87,1/1/99,Senior Staff
422968,Gunilla,Emmerich,10/7/63,5/22/96,1/1/99,Senior Staff
422969,Clyde,Bala,2/11/63,2/11/97,1/1/99,Engineer
422974,Aimee,Yamaashi,6/6/64,6/10/95,1/1/99,Senior Staff
422976,Gal,Kroha,1/6/63,9/19/91,1/1/99,Senior Staff
422977,Uri,Shimshoni,2/26/62,8/11/95,1/1/99,Senior Staff
422991,Pragnesh,Kamber,6/20/62,7/15/91,1/1/99,Engineer
422993,Moti,Alameldin,3/20/64,4/21/95,1/1/99,Senior Engineer
423001,Alois,Templeman,8/14/62,7/14/85,1/1/99,Engineer
423003,Masamitsu,Wuwongse,12/17/62,11/23/95,1/1/99,Engineer
423009,Sadun,Murthy,4/20/64,1/30/98,1/1/99,Staff
423012,Naraig,Narahari,2/22/63,2/13/92,1/1/99,Engineer
423013,Hirochika,Shigei,1/5/62,2/14/92,1/1/99,Senior Staff
423020,Amstein,Rajcani,7/23/64,6/9/98,1/1/99,Engineer
423027,Gregory,Winter,9/30/62,3/28/90,1/1/99,Senior Staff
423028,Reinhold,Deville,8/24/63,1/6/98,1/1/99,Staff
423033,Shuho,Luef,10/4/62,3/2/92,1/1/99,Senior Staff
423038,Takushi,Strehl,1/20/65,10/4/88,1/1/99,Senior Staff
423040,Jixiang,Lodder,9/22/63,3/22/92,1/1/99,Engineer
423045,Tze,Ventosa,7/25/62,1/8/01,1/1/99,Engineer
423052,Xumin,Condotta,10/4/63,7/31/91,1/1/99,Senior Staff
423054,Spyrose,Preusig,8/26/63,6/15/93,1/1/99,Senior Staff
423061,Jasminko,Puppe,5/16/63,10/18/93,1/1/99,Staff
423062,Arnd,Hockney,11/19/64,10/31/95,1/1/99,Staff
423064,Vasilis,Peck,12/1/63,8/25/98,1/1/99,Senior Staff
423069,Deborah,Masada,3/14/62,1/27/90,1/1/99,Senior Engineer
423071,Piyush,Aseltine,3/1/63,1/5/91,1/1/99,Assistant Engineer
423072,Reinhard,Poujol,6/18/62,7/22/98,1/1/99,Staff
423076,Duro,Ducloy,8/17/64,3/1/93,1/1/99,Senior Engineer
423079,Leucio,Picci,11/15/63,1/17/86,1/1/99,Technique Leader
423110,Jaroslava,Angiulli,7/30/62,2/15/01,1/1/99,Staff
423111,Nechama,Meriste,12/3/64,1/19/90,1/1/99,Senior Staff
423128,Kien,Viele,8/25/63,1/26/95,1/1/99,Staff
423134,Mayuri,Schaar,5/6/63,6/22/94,1/1/99,Senior Staff
423141,Rayond,Vuskovic,7/21/62,7/5/92,1/1/99,Senior Engineer
423148,Ramzi,Lamma,5/18/62,8/13/95,1/1/99,Engineer
423152,Mircea,Mawatari,11/30/63,7/6/92,1/1/99,Senior Staff
423155,Kazunori,Koblitz,8/23/64,12/17/96,1/1/99,Technique Leader
423159,Kerryn,Itzfeldt,8/14/63,5/23/91,1/1/99,Senior Engineer
423160,Roded,Rusterholz,8/17/63,4/4/97,1/1/99,Staff
423170,Nidapan,Sidhu,11/26/63,9/26/97,1/1/99,Assistant Engineer
423172,Gonzalo,Demke,6/28/64,9/13/93,1/1/99,Senior Engineer
423174,Claudi,Eldridge,6/14/62,3/9/86,1/1/99,Engineer
423179,Jahangir,Salverda,7/27/63,8/25/89,1/1/99,Staff
423183,Niteen,Cherinka,8/16/62,3/25/98,1/1/99,Engineer
423189,Dmitri,Picci,9/21/64,5/15/90,1/1/99,Engineer
423204,Uma,Stranks,1/8/65,9/13/91,1/1/99,Staff
423205,Cristinel,Hettesheimer,2/12/64,12/15/91,1/1/99,Engineer
423207,Xiadong,Gaughan,5/16/63,1/31/95,1/1/99,Senior Staff
423208,Joydip,Krone,1/19/65,2/8/95,1/1/99,Engineer
423213,Odysseas,Asmuth,10/21/63,9/12/95,1/1/99,Staff
423214,Tsutomu,Tetzlaff,1/31/65,9/24/87,1/1/99,Staff
423222,Premsyl,Serre,2/2/63,11/19/97,1/1/99,Engineer
423228,Jacopo,Polupanov,12/21/64,3/2/02,1/1/99,Senior Staff
423232,Heping,Toyoshima,1/16/64,10/22/89,1/1/99,Engineer
423233,Ashish,Melton,8/29/64,8/16/85,1/1/99,Senior Staff
423234,Kankanahalli,Porotnikoff,5/24/62,5/8/87,1/1/99,Staff
423235,Qunsheng,Jiang,8/4/62,11/21/92,1/1/99,Senior Engineer
423239,Berto,Androutsos,8/15/62,10/12/98,1/1/99,Senior Engineer
423245,Nakhoon,Zaiane,6/12/62,4/30/87,1/1/99,Staff
423249,Hyuckchul,Herath,2/28/63,2/5/89,1/1/99,Engineer
423253,Kazuhiko,Kumaresan,3/4/62,12/4/86,1/1/99,Staff
423257,Tuval,Huxford,1/2/64,9/22/95,1/1/99,Engineer
423259,Sarita,Koshino,2/28/62,7/22/93,1/1/99,Engineer
423261,Khalid,Skafidas,12/13/64,1/24/96,1/1/99,Staff
423268,Yakkov,Matteis,8/12/63,8/11/85,1/1/99,Senior Engineer
423271,Janche,Melton,6/24/64,5/20/88,1/1/99,Engineer
423280,Jinpo,Danlos,5/14/62,4/28/86,1/1/99,Senior Staff
423289,Weidon,Begiun,2/15/62,3/6/86,1/1/99,Senior Engineer
423290,Geoff,Underwood,3/4/64,2/10/95,1/1/99,Staff
423297,Maja,Pluym,9/16/64,9/20/89,1/1/99,Staff
423307,Jaewon,Bojadziev,7/7/64,2/7/97,1/1/99,Engineer
423316,Arunas,Litzler,1/21/62,11/25/98,1/1/99,Senior Engineer
423327,Constantijn,Lichtman,1/27/65,6/26/94,1/1/99,Staff
423328,Heng,Kropp,10/31/63,6/3/96,1/1/99,Senior Staff
423332,Oldrich,Lieberherr,1/4/64,5/15/89,1/1/99,Staff
423339,Khalil,Shihab,8/8/64,11/13/89,1/1/99,Senior Staff
423342,Sreekrishna,Broomell,9/23/63,1/19/01,1/1/99,Senior Staff
423350,Heping,Monarch,1/4/65,4/15/88,1/1/99,Senior Staff
423353,Gregory,Denos,2/15/64,7/5/00,1/1/99,Senior Engineer
423369,Berni,Samarati,1/14/63,9/30/88,1/1/99,Senior Staff
423374,Zhigen,Rattan,7/6/63,12/8/89,1/1/99,Staff
423376,Pohua,Dalphin,7/28/63,11/14/87,1/1/99,Engineer
423379,Taisook,Denti,4/11/63,12/29/89,1/1/99,Senior Staff
423386,Mary,Stavenow,3/23/64,3/22/90,1/1/99,Engineer
423387,Chenxi,Fendler,6/20/63,5/15/96,1/1/99,Engineer
423390,Itzchak,Cannard,3/31/63,2/7/96,1/1/99,Staff
423411,Dipayan,Wursthorn,3/19/62,10/14/96,1/1/99,Technique Leader
423414,Alselm,Ciolek,2/17/64,1/30/94,1/1/99,Senior Engineer
423420,Paris,Melton,6/22/62,2/17/86,1/1/99,Engineer
423422,King,Papastamatiou,5/24/62,5/7/95,1/1/99,Senior Engineer
423428,Mohit,Schahn,1/29/62,1/17/90,1/1/99,Engineer
423436,Mats,Kisuki,7/30/63,11/20/94,1/1/99,Staff
423437,Berry,Perz,3/18/63,7/5/93,1/1/99,Staff
423438,Yaghout,Bala,11/27/63,6/2/86,1/1/99,Engineer
423439,Temple,Ariola,6/15/62,7/23/01,1/1/99,Staff
423457,Gully,Tetzlaff,12/31/62,2/21/95,1/1/99,Senior Engineer
423461,Magdalena,Brodie,1/21/64,4/4/95,1/1/99,Engineer
423467,Tran,Naudin,4/12/63,11/11/90,1/1/99,Engineer
423470,Arnd,Schaar,1/17/63,11/1/95,1/1/99,Engineer
423474,Ishfaq,Stamatiou,9/19/64,7/10/96,1/1/99,Engineer
423478,KayLiang,Merle,3/25/62,12/3/86,1/1/99,Senior Staff
423488,Khue,Neimat,11/21/64,8/19/90,1/1/99,Senior Staff
423507,Chinho,Bennis,8/12/63,3/15/89,1/1/99,Senior Engineer
423513,Izaskun,Uchoa,12/23/62,8/4/85,1/1/99,Engineer
423519,Sastry,Kolinko,1/22/62,10/30/92,1/1/99,Senior Engineer
423527,Mihalis,Demian,7/3/64,4/19/91,1/1/99,Staff
423535,Rajmohan,Burnard,1/30/63,5/14/89,1/1/99,Senior Staff
423539,Younwoo,Mapelli,12/11/64,1/11/89,1/1/99,Engineer
423553,Qingxiang,Denis,3/24/64,10/14/86,1/1/99,Staff
423555,Henk,Terwilliger,10/22/63,6/24/85,1/1/99,Senior Engineer
423560,Felicidad,Ebeling,4/3/63,1/25/95,1/1/99,Engineer
423564,Kazuhito,Diderrich,2/24/62,7/1/92,1/1/99,Staff
423585,Shim,Zweizig,7/28/62,3/24/87,1/1/99,Engineer
423613,Freyja,Manderick,7/20/63,11/15/96,1/1/99,Staff
423621,Shridhar,Cooley,12/23/62,5/10/96,1/1/99,Staff
423623,Oscar,Qiwen,11/23/64,12/20/99,1/1/99,Engineer
423633,Mariusz,Tokunaga,1/30/65,2/11/85,1/1/99,Senior Engineer
423645,Zhongwei,Mamelak,3/23/63,10/8/96,1/1/99,Engineer
423646,Pranav,Gill,1/15/64,1/29/89,1/1/99,Engineer
423649,Pramod,Hofman,12/6/62,7/18/90,1/1/99,Staff
423651,Luigi,Auria,11/28/63,12/12/87,1/1/99,Senior Engineer
423652,Yakichi,Trumbly,10/7/62,8/11/92,1/1/99,Senior Engineer
423653,Luisa,Angelopoulos,11/24/62,2/22/95,1/1/99,Senior Engineer
423656,Huai,Whitcomb,10/31/62,4/22/97,1/1/99,Staff
423672,Adel,Lambe,6/1/64,10/30/97,1/1/99,Staff
423678,Saeed,Liesche,3/21/64,12/21/87,1/1/99,Senior Staff
423681,Mechthild,Pocchiola,9/10/62,2/10/94,1/1/99,Technique Leader
423715,Tayeb,Condotta,7/10/62,9/6/95,1/1/99,Senior Staff
423718,Mani,Schnelling,9/12/64,7/15/98,1/1/99,Engineer
423724,Sudhanshu,Trachtenberg,1/13/63,2/14/93,1/1/99,Senior Engineer
423729,Akeel,Assaf,8/6/64,7/17/98,1/1/99,Engineer
423731,Mang,Gien,10/3/64,11/19/98,1/1/99,Engineer
423736,Izaskun,Zyda,11/21/63,6/12/95,1/1/99,Staff
423741,Stella,Slobodova,6/25/62,10/22/00,1/1/99,Technique Leader
423742,Denis,Cochrane,12/9/62,11/1/97,1/1/99,Technique Leader
423746,Xiaobin,Ranka,2/18/63,12/17/92,1/1/99,Technique Leader
423754,Bingning,Sinitsyn,10/28/64,5/17/97,1/1/99,Engineer
423769,Sanjeeva,Ritcey,8/12/63,2/24/95,1/1/99,Staff
423770,Vasiliy,Jeansoulin,10/6/63,12/30/98,1/1/99,Senior Staff
423776,Palash,Noriega,5/7/62,5/10/98,1/1/99,Technique Leader
423785,Yinghua,Asmuth,9/14/63,2/28/97,1/1/99,Engineer
423788,Wanqing,Garigliano,1/3/63,1/30/94,1/1/99,Staff
423793,Shih,Schwaller,4/30/64,12/12/88,1/1/99,Staff
423796,Angel,Katzenelson,10/28/64,7/5/97,1/1/99,Engineer
423801,Pantung,Verhoeff,7/22/63,12/18/86,1/1/99,Senior Staff
423802,Stella,Taubman,3/17/63,12/23/92,1/1/99,Senior Engineer
423814,Aamer,Luit,12/22/64,5/12/92,1/1/99,Senior Staff
423816,Atreyi,Alpay,8/18/64,11/11/97,1/1/99,Engineer
423826,Stabislas,Leaver,8/28/63,8/17/85,1/1/99,Assistant Engineer
423832,Hauke,Himler,4/3/64,2/1/91,1/1/99,Senior Engineer
423837,Uri,Lichtman,7/7/63,8/29/00,1/1/99,Senior Staff
423839,Rasikan,Hinsberger,4/24/62,2/29/92,1/1/99,Senior Staff
423850,Xuejia,Welham,7/15/64,7/22/87,1/1/99,Engineer
423855,Angus,Limongiello,12/22/64,12/23/93,1/1/99,Assistant Engineer
423859,Barry,Denis,5/30/63,11/4/98,1/1/99,Senior Engineer
423863,Alain,Orsini,4/26/62,2/7/87,1/1/99,Staff
423864,Weiye,Puoti,9/24/63,11/23/90,1/1/99,Senior Staff
423865,Leni,Wolniewicz,6/20/64,4/30/99,1/1/99,Engineer
423871,Yannis,Lanphier,5/13/62,3/5/93,1/1/99,Senior Staff
423881,Subhash,Salvesen,3/6/62,8/4/97,1/1/99,Staff
423888,Sanjoy,Vrecion,4/14/62,6/21/96,1/1/99,Staff
423889,Becky,Nooteboom,11/26/63,4/17/96,1/1/99,Engineer
423894,Candida,Perez,3/14/62,2/13/86,1/1/99,Senior Engineer
423901,Yoshinari,Masada,4/26/64,10/31/01,1/1/99,Senior Engineer
423902,Utpal,Loncour,6/26/64,3/11/95,1/1/99,Staff
423913,Prasadram,Biros,5/5/64,6/19/95,1/1/99,Staff
423914,Yefim,Panwar,8/18/64,6/8/98,1/1/99,Staff
423921,Vugranam,Terkki,9/12/63,7/21/92,1/1/99,Staff
423927,Faiza,Peron,3/1/62,8/4/85,1/1/99,Senior Engineer
423930,Kazuhira,Bazzichi,11/19/62,8/7/89,1/1/99,Senior Staff
423943,Nirmal,Frijda,11/17/64,12/25/90,1/1/99,Engineer
423949,Chanjung,Ghalwash,1/9/62,3/7/96,1/1/99,Staff
423963,Debatosh,Ladret,6/19/62,6/5/92,1/1/99,Senior Staff
423967,Masaki,Ebeling,2/22/62,5/14/97,1/1/99,Senior Engineer
423973,Anneli,Hashii,12/30/62,8/31/92,1/1/99,Senior Engineer
423978,Isamu,Comellas,10/10/63,9/9/96,1/1/99,Engineer
423981,Takahito,Badr,5/23/64,2/25/87,1/1/99,Engineer
423993,Seshu,Kolvik,1/1/65,12/9/88,1/1/99,Technique Leader
423994,Katsuyuki,Trelles,6/15/62,11/23/91,1/1/99,Senior Staff
423997,Mohammad,Gubsky,10/4/63,5/17/99,1/1/99,Assistant Engineer
424002,Sashi,Schoegge,5/23/62,3/30/96,1/1/99,Engineer
424005,Alejandra,Schauser,10/7/63,1/22/97,1/1/99,Staff
424014,Tristan,Nilsson,8/26/63,8/19/99,1/1/99,Staff
424016,Shalesh,Sethi,1/25/64,7/6/92,1/1/99,Senior Staff
424021,Aamod,Luck,5/4/64,4/24/91,1/1/99,Senior Engineer
424027,Pranjal,Asmuth,9/25/62,10/18/85,1/1/99,Engineer
424033,Jamaludin,Cooke,10/7/63,8/30/97,1/1/99,Staff
424035,Gil,Heusch,5/11/62,8/5/98,1/1/99,Staff
424045,Stabislas,Kugler,2/15/63,12/21/93,1/1/99,Staff
424052,Xiaocheng,Braunschweig,6/7/62,6/17/89,1/1/99,Senior Staff
424053,Sedat,Szmurlo,11/9/64,12/7/93,1/1/99,Senior Engineer
424072,Pramod,Monkewich,3/15/62,4/8/01,1/1/99,Staff
424078,Ghassan,Remmele,12/30/62,4/18/91,1/1/99,Senior Staff
424107,Adib,Etalle,1/21/64,4/2/86,1/1/99,Engineer
424108,Valter,Riesenhuber,5/8/63,2/22/97,1/1/99,Engineer
424110,Hyuckchul,Bardell,1/24/63,10/8/93,1/1/99,Engineer
424118,Zijian,Teitelbaum,10/22/62,5/8/85,1/1/99,Engineer
424132,Arumugam,Dechter,1/20/63,8/12/93,1/1/99,Senior Staff
424137,Barton,Plessier,4/7/62,7/15/90,1/1/99,Senior Staff
424139,Zengping,Gerteisen,1/15/63,1/1/99,1/1/99,Assistant Engineer
424153,Sedat,Baumann,12/14/63,3/7/94,1/1/99,Engineer
424168,Ranan,Demir,2/25/63,5/25/99,1/1/99,Staff
424171,Moni,Hiraishi,5/28/64,8/30/88,1/1/99,Senior Engineer
424172,Oddvar,Pardalos,6/14/63,2/2/95,1/1/99,Senior Engineer
424182,Narain,Asser,8/11/62,4/3/94,1/1/99,Technique Leader
424184,Goa,Gini,7/31/63,9/21/92,1/1/99,Engineer
424196,Niteen,Unni,11/27/62,8/10/99,1/1/99,Engineer
424204,Moss,Makinen,5/29/62,7/9/96,1/1/99,Technique Leader
424212,Cheong,Bouloucos,1/29/62,12/4/98,1/1/99,Assistant Engineer
424213,Slavian,Rodham,11/26/63,9/10/99,1/1/99,Staff
424215,Tesuya,Baaleh,5/13/64,4/14/87,1/1/99,Engineer
424216,Ziyad,Bain,2/13/64,10/19/99,1/1/99,Staff
424226,Wojceich,Emmart,3/16/62,7/31/94,1/1/99,Staff
424231,Tzu,Chenoweth,7/8/63,3/17/94,1/1/99,Senior Staff
424233,Khatoun,Tyugu,4/20/62,3/21/93,1/1/99,Senior Staff
424234,Jacqueline,Pettit,8/4/62,4/21/98,1/1/99,Staff
424241,Douadi,Wendorf,8/24/64,9/29/99,1/1/99,Senior Engineer
424244,Arunachalam,Rajcani,4/3/62,7/27/94,1/1/99,Senior Staff
424255,Froduald,Beilner,6/5/62,2/7/85,1/1/99,Engineer
424269,Lunjin,Heyers,6/3/62,6/6/94,1/1/99,Senior Engineer
424270,Kellyn,Yoshizawa,1/15/63,12/21/98,1/1/99,Staff
424275,Kamran,Lamparter,11/19/64,4/21/88,1/1/99,Staff
424278,Aloke,Oaver,1/25/62,3/29/92,1/1/99,Senior Staff
424281,Malu,Engberts,5/29/64,5/7/96,1/1/99,Senior Engineer
424282,Nathan,Rattan,10/14/63,4/17/87,1/1/99,Technique Leader
424297,Jayesh,Reghbati,5/12/62,6/22/99,1/1/99,Engineer
424300,Zita,Fritzsche,5/17/62,10/22/89,1/1/99,Staff
424321,Zhenbing,Marwedel,11/13/64,2/9/99,1/1/99,Engineer
424326,Marsja,Fiebach,4/14/62,4/10/85,1/1/99,Senior Engineer
424330,Guoxiang,Fandrianto,5/9/62,1/28/88,1/1/99,Senior Staff
424342,Joydip,Boudaillier,7/21/62,3/1/99,1/1/99,Engineer
424349,Gonzalo,Rodham,6/14/62,4/15/99,1/1/99,Staff
424350,Koldo,Bolotov,11/22/63,3/17/96,1/1/99,Engineer
424372,Yuichiro,Speckmann,12/19/64,6/7/97,1/1/99,Technique Leader
424388,Arto,Zeidenstein,3/28/64,12/23/96,1/1/99,Engineer
424395,TRUE,Rande,3/27/64,5/4/94,1/1/99,Staff
424401,Nathalie,Grandbois,4/17/62,9/19/89,1/1/99,Engineer
424414,Eishiro,Vrecion,1/20/62,10/15/90,1/1/99,Assistant Engineer
424418,Dzung,Rebaine,10/5/63,9/6/85,1/1/99,Senior Engineer
424423,Hauke,Binkley,5/4/63,3/21/90,1/1/99,Senior Engineer
424427,Bernt,Hofman,3/9/62,9/21/90,1/1/99,Senior Engineer
424429,Khaled,Lodder,8/18/62,1/16/90,1/1/99,Technique Leader
424432,Kaijung,Luce,10/2/64,4/30/89,1/1/99,Engineer
424434,Valdiodio,Chorvat,10/26/64,6/8/99,1/1/99,Staff
424440,Ashish,Babu,9/24/63,1/3/97,1/1/99,Staff
424441,Zhilian,Liesche,9/14/63,2/14/96,1/1/99,Senior Engineer
424446,Sariel,Henders,12/19/63,4/20/98,1/1/99,Engineer
424466,Hyuncheol,Gubsky,6/4/64,7/10/86,1/1/99,Staff
424472,Vugranam,Werthner,3/19/63,7/17/97,1/1/99,Engineer
424473,Mingzeng,Kusakari,7/14/63,12/13/98,1/1/99,Staff
424475,Sanjiv,Worfolk,9/27/62,7/9/91,1/1/99,Senior Staff
424476,Spyrose,Anandan,3/26/64,10/6/98,1/1/99,Staff
424482,Mahendra,Templeman,8/6/64,10/31/87,1/1/99,Senior Staff
424500,Kiyokazu,Lanzelotte,10/20/62,11/21/94,1/1/99,Senior Engineer
424506,Aron,Ebeling,3/22/62,6/8/90,1/1/99,Staff
424510,Piyawadee,Edelhoff,5/10/63,12/8/85,1/1/99,Staff
424516,Yolla,Speel,12/21/63,4/11/99,1/1/99,Assistant Engineer
424535,Martina,Baby,6/7/63,10/3/87,1/1/99,Engineer
424537,Thodoros,Cannard,12/25/63,9/9/86,1/1/99,Engineer
424548,Aloke,Ressouche,1/29/64,3/28/93,1/1/99,Engineer
424550,Seshu,Horswill,10/3/63,9/14/90,1/1/99,Engineer
424554,Peternela,Baranowski,5/22/64,2/20/85,1/1/99,Senior Staff
424556,Shooichi,Hartvigsen,9/5/62,10/27/92,1/1/99,Senior Engineer
424561,Chikako,Schiettecatte,5/15/63,12/11/90,1/1/99,Engineer
424569,Danco,Luff,1/14/65,10/30/97,1/1/99,Engineer
424582,Xiadong,Harbusch,4/27/64,9/18/88,1/1/99,Senior Staff
424584,Kagan,Dredge,2/1/65,2/26/94,1/1/99,Senior Engineer
424587,Gunilla,Olivero,6/30/63,6/12/90,1/1/99,Assistant Engineer
424596,Duro,Erdi,10/16/64,11/23/93,1/1/99,Engineer
424598,Abdelaziz,Lorcy,10/21/63,4/15/93,1/1/99,Assistant Engineer
424601,Aluzio,Rattan,11/7/64,1/25/97,1/1/99,Staff
424602,Taiji,Parascandalo,9/21/62,7/12/95,1/1/99,Senior Staff
424606,Weiye,Bierman,8/30/62,8/20/91,1/1/99,Senior Staff
424613,Macha,Setia,7/12/62,9/20/91,1/1/99,Engineer
424643,Moti,Ermel,9/15/64,12/10/88,1/1/99,Engineer
424648,Jinya,Kamber,1/3/63,9/23/86,1/1/99,Senior Staff
424650,Mohit,Strooper,12/8/62,10/10/99,1/1/99,Staff
424656,Adib,Suomi,12/21/63,2/5/99,1/1/99,Engineer
424663,Mooi,Gecseg,10/20/64,3/8/96,1/1/99,Senior Engineer
424667,Mario,Barriga,3/11/64,6/17/93,1/1/99,Senior Engineer
424671,Guangming,Benveniste,2/4/63,12/26/88,1/1/99,Staff
424674,Mabhin,Kampfer,1/24/63,5/31/85,1/1/99,Engineer
424675,Berni,Seuren,3/27/63,6/17/92,1/1/99,Staff
424682,Uzi,Undy,7/12/64,5/30/89,1/1/99,Staff
424685,Changho,Veevers,1/10/65,3/3/97,1/1/99,Senior Staff
424712,Lunjin,Kisuki,1/30/62,8/25/87,1/1/99,Senior Staff
424715,Stafford,Deyuan,1/13/64,1/17/00,1/1/99,Engineer
424728,Arunachalam,Gien,8/11/62,2/9/86,1/1/99,Senior Staff
424730,Hilari,Heusch,4/27/64,7/10/88,1/1/99,Senior Staff
424731,Huican,Staudhammer,1/12/64,9/17/98,1/1/99,Staff
424732,Shichao,Marchegay,11/25/63,12/15/95,1/1/99,Engineer
424733,Huan,Luby,1/12/64,7/12/99,1/1/99,Senior Engineer
424736,Armond,Lund,12/24/63,12/28/94,1/1/99,Staff
424737,Kendra,Litecky,6/6/63,11/12/85,1/1/99,Engineer
424743,Qiwen,Mukaidono,9/14/64,3/31/00,1/1/99,Staff
424751,Manu,Wroclawski,6/12/63,11/21/95,1/1/99,Senior Engineer
424759,Aloke,Klassen,11/1/63,3/16/91,1/1/99,Staff
424761,Becky,Peres,4/8/62,12/7/97,1/1/99,Engineer
424767,Nevin,Litecky,6/21/63,7/1/85,1/1/99,Senior Staff
424775,Bowen,Khamsi,3/10/63,3/11/87,1/1/99,Senior Engineer
424784,Ymte,Speel,8/19/63,10/13/89,1/1/99,Senior Staff
424785,Mona,Kugler,1/13/63,8/12/99,1/1/99,Staff
424790,Tse,Goldhammer,12/19/64,4/26/99,1/1/99,Engineer
424791,Tamiya,Brattka,6/26/63,11/23/91,1/1/99,Engineer
424793,Qunsheng,Conte,1/13/64,4/6/91,1/1/99,Senior Engineer
424797,Theron,Itschner,1/19/65,5/16/85,1/1/99,Staff
424803,Sukumar,Angiulli,2/10/62,3/23/01,1/1/99,Staff
424805,Jacqueline,Zallocco,1/24/65,12/17/87,1/1/99,Senior Staff
424806,Masaru,Barriga,6/11/62,6/27/89,1/1/99,Staff
424807,Conal,Francisci,10/19/64,3/7/91,1/1/99,Engineer
424814,Jordanka,Murthy,7/27/63,10/5/99,1/1/99,Staff
424815,Xinglin,Gunderson,10/13/63,1/23/88,1/1/99,Staff
424825,Masasuke,Lowrie,2/26/64,4/3/94,1/1/99,Engineer
424831,Oguz,Dehkordi,10/11/63,4/6/92,1/1/99,Staff
424839,Jianwen,Pramanik,6/16/63,12/19/95,1/1/99,Staff
424842,Rafael,Cesareni,6/17/63,10/22/98,1/1/99,Staff
424851,Martijn,Mansanne,6/1/64,11/8/96,1/1/99,Staff
424855,Premsyl,Preusig,8/6/63,1/14/87,1/1/99,Senior Staff
424857,Pascal,Frezza,7/20/63,1/16/93,1/1/99,Engineer
424858,Kankanahalli,Teitelbaum,5/18/62,9/1/86,1/1/99,Senior Staff
424859,Vincent,Fairtlough,8/2/63,12/14/86,1/1/99,Engineer
424860,Steen,Siepmann,1/31/62,5/29/92,1/1/99,Senior Staff
424871,Hirochika,Auria,6/24/63,9/7/85,1/1/99,Senior Staff
424873,Nathalie,Decaestecker,4/18/62,9/12/91,1/1/99,Engineer
424880,Cullen,Poujol,4/22/62,3/19/94,1/1/99,Staff
424884,Mack,Lieblein,9/15/63,8/30/87,1/1/99,Engineer
424888,Abdelwaheb,Bisiani,7/15/64,11/12/98,1/1/99,Staff
424901,Aloke,Matzel,3/21/63,4/6/91,1/1/99,Senior Staff
424902,Toshimitsu,Katiyar,2/17/64,10/5/95,1/1/99,Engineer
424919,Vivian,Peroz,4/10/64,8/16/86,1/1/99,Senior Engineer
424920,Teruyuki,Kusakari,11/22/63,7/19/89,1/1/99,Engineer
424923,Vidya,Delgrossi,4/16/64,5/10/89,1/1/99,Assistant Engineer
424929,Zhonghui,Liedekerke,5/7/64,11/30/90,1/1/99,Senior Engineer
424930,Xuejun,Reeker,1/19/65,11/18/88,1/1/99,Staff
424935,Duri,Katalagarianos,10/5/64,5/31/94,1/1/99,Engineer
424940,Faiza,Rathonyi,5/25/64,1/12/86,1/1/99,Senior Engineer
424947,Chenyi,Krider,7/10/63,8/30/87,1/1/99,Engineer
424956,Kiyotoshi,Stroustrup,1/28/63,11/15/96,1/1/99,Staff
424958,Khatoun,Willoner,6/19/62,9/8/93,1/1/99,Senior Staff
424962,Goo,Onuegbe,2/8/63,11/9/86,1/1/99,Engineer
424966,Mohit,Gire,3/2/62,1/31/96,1/1/99,Engineer
424970,Tomokazu,Quadeer,2/1/63,8/6/99,1/1/99,Senior Staff
424978,Baocai,Jullig,6/24/64,1/12/00,1/1/99,Senior Staff
424984,Vasilis,Waleschkowski,1/11/65,5/26/96,1/1/99,Engineer
424993,Shuzo,Swist,7/18/62,2/16/94,1/1/99,Engineer
424994,Lene,Sridhar,8/20/63,5/26/88,1/1/99,Senior Engineer
424996,Phule,Baez,2/5/63,3/18/97,1/1/99,Technique Leader
425002,Roddy,Sommen,11/28/63,1/25/95,1/1/99,Staff
425022,Miomir,Kowalchuk,8/21/64,10/18/95,1/1/99,Engineer
425029,Tianruo,Leuchs,5/25/63,4/16/86,1/1/99,Technique Leader
425052,Shigehiro,Wossner,5/22/62,11/13/99,1/1/99,Staff
425059,Jianwen,Polajnar,5/13/62,4/9/98,1/1/99,Senior Staff
425065,Berna,Borovoy,3/9/63,11/28/86,1/1/99,Senior Staff
425067,Navin,Picco,12/22/63,5/13/88,1/1/99,Staff
425069,Hisao,Billingsley,6/21/62,9/24/91,1/1/99,Engineer
425077,Kensyu,Ginneken,9/27/62,9/1/85,1/1/99,Engineer
425081,Denny,Sambasivam,5/26/62,1/20/98,1/1/99,Engineer
425084,Qunsheng,Miculan,2/3/63,11/15/88,1/1/99,Senior Engineer
425091,Kensyu,Stasinski,12/25/63,4/11/88,1/1/99,Senior Engineer
425093,Roded,Worfolk,12/24/63,5/14/98,1/1/99,Staff
425094,Hugh,Skrikant,5/28/63,12/27/87,1/1/99,Engineer
425095,Youngkon,Kilgour,3/10/64,1/26/99,1/1/99,Senior Engineer
425100,Taiji,Begiun,7/29/62,3/28/93,1/1/99,Engineer
425101,Brendon,Narahari,2/4/62,4/14/95,1/1/99,Senior Engineer
425114,Mart,Conry,4/24/64,6/23/93,1/1/99,Senior Staff
425120,Hsiangchu,Streit,12/2/64,8/22/93,1/1/99,Engineer
425137,Phillip,Servieres,6/24/63,10/6/93,1/1/99,Senior Engineer
425149,Vatsa,Hainaut,12/21/64,8/18/92,1/1/99,Staff
425152,Kwun,Passafiume,1/27/63,8/11/88,1/1/99,Senior Staff
425155,Baoqiu,Bressoud,10/4/64,12/8/99,1/1/99,Staff
425157,Bowen,Zaumen,3/7/63,8/27/98,1/1/99,Engineer
425161,Sariel,Isaak,8/9/64,9/29/88,1/1/99,Staff
425163,Aram,Gulik,8/18/63,3/12/93,1/1/99,Engineer
425164,Sajjad,Attimonelli,12/1/63,12/7/92,1/1/99,Engineer
425166,Adil,Melton,1/14/62,4/3/93,1/1/99,Staff
425174,Eishiro,Capobianchi,11/8/63,11/15/94,1/1/99,Engineer
425183,Irena,Puppe,11/12/63,1/28/86,1/1/99,Senior Engineer
425186,Kazuhira,Ravishankar,9/10/63,11/20/93,1/1/99,Engineer
425189,Munenori,Cronan,2/18/64,4/30/98,1/1/99,Staff
425199,Goncalo,Rosca,1/13/63,9/17/89,1/1/99,Senior Staff
425203,Vesna,Srimani,6/19/63,2/23/95,1/1/99,Engineer
425205,Elgin,Barvinok,11/22/63,12/31/96,1/1/99,Senior Staff
425207,Adin,Limongiello,5/11/63,11/24/88,1/1/99,Senior Engineer
425209,Ingemar,Matzat,4/9/64,5/8/91,1/1/99,Engineer
425212,Shin,Esteva,10/31/63,9/12/96,1/1/99,Senior Staff
425229,Parviz,Oxman,7/2/62,5/2/00,1/1/99,Senior Staff
425237,Remco,Picco,4/7/64,12/21/99,1/1/99,Staff
425241,Sumali,Wroclawski,2/10/64,11/7/90,1/1/99,Engineer
425242,Wanqing,Fraisse,12/8/64,12/20/94,1/1/99,Senior Staff
425245,Guoxiang,Paludetto,2/5/64,9/24/97,1/1/99,Staff
425246,Salvador,Vernadat,9/16/62,9/5/99,1/1/99,Staff
425255,Carrsten,Ritzmann,2/11/62,8/1/86,1/1/99,Engineer
425265,Masasuke,Linnainmaa,3/5/63,12/14/92,1/1/99,Staff
425269,Yunming,Ranon,4/2/62,12/16/98,1/1/99,Senior Engineer
425272,Florian,Rijckaert,10/6/64,7/14/87,1/1/99,Senior Engineer
425273,Richara,Rajala,7/15/64,6/25/95,1/1/99,Engineer
425281,Alagu,Erbe,12/17/63,5/6/94,1/1/99,Senior Staff
425282,Mechthild,Viele,3/6/64,8/22/90,1/1/99,Senior Staff
425286,Jagoda,Peak,11/13/64,8/29/99,1/1/99,Engineer
425290,Moni,Katiyar,6/11/63,5/20/91,1/1/99,Engineer
425305,Susanne,Stentiford,5/15/63,4/18/88,1/1/99,Senior Staff
425306,Kwangyoen,Androutsos,10/13/62,2/27/97,1/1/99,Staff
425308,Shietung,Shiratori,6/17/64,12/15/86,1/1/99,Engineer
425319,Szabolcs,Bisiani,11/7/63,8/28/96,1/1/99,Assistant Engineer
425320,Premsyl,Ranai,11/13/64,1/8/89,1/1/99,Engineer
425322,Filipp,Tanemo,1/12/63,6/14/99,1/1/99,Engineer
425324,Shigeo,Zuberek,6/25/63,9/17/90,1/1/99,Engineer
425335,Aria,Anily,5/20/63,5/22/92,1/1/99,Senior Staff
425347,Flemming,DiGiano,10/27/64,3/17/93,1/1/99,Engineer
425354,Shih,Esposito,4/13/63,1/23/97,1/1/99,Senior Staff
425361,Shrikanth,Junot,6/16/64,6/30/94,1/1/99,Senior Staff
425363,Chinhyun,Casley,5/23/62,10/17/94,1/1/99,Senior Engineer
425366,Hyuckchul,Kawashima,11/9/63,4/25/95,1/1/99,Staff
425369,Saniya,Badache,5/31/62,2/16/99,1/1/99,Senior Engineer
425372,Tuval,Olano,11/29/64,9/18/98,1/1/99,Engineer
425380,Alassane,Schlenzig,8/27/62,2/25/99,1/1/99,Senior Engineer
425386,Kristof,Shackel,12/25/64,4/22/02,1/1/99,Engineer
425387,Eckart,Sinicrope,7/23/64,5/28/91,1/1/99,Senior Engineer
425390,Tsuneo,DiGiano,4/27/63,7/10/90,1/1/99,Staff
425409,Szabolcs,Birsak,2/12/63,9/5/87,1/1/99,Senior Engineer
425420,Aamod,Leppanen,5/9/63,6/16/90,1/1/99,Staff
425421,Valter,Naudin,4/29/62,3/31/95,1/1/99,Staff
425423,Zhenbing,Cappelletti,11/5/64,2/27/94,1/1/99,Engineer
425424,Tremaine,Hebert,7/23/64,10/26/94,1/1/99,Engineer
425429,Mandell,Domenig,8/24/62,1/12/99,1/1/99,Senior Engineer
425432,Stepehn,Fritzsche,2/21/63,6/14/85,1/1/99,Staff
425434,Guttorm,Lamba,8/14/62,3/26/87,1/1/99,Engineer
425437,Moni,Staudhammer,1/3/65,3/23/99,1/1/99,Engineer
425443,Dietrich,Senzako,5/24/62,3/24/90,1/1/99,Senior Engineer
425448,Houman,Hasenauer,11/11/64,12/3/92,1/1/99,Senior Engineer
425450,Nathan,Tsukuda,10/1/64,8/4/97,1/1/99,Senior Engineer
425461,Alain,Kalsbeek,5/17/64,8/30/88,1/1/99,Staff
425485,Barry,Rijckaert,10/14/62,2/26/91,1/1/99,Senior Staff
425488,Takahira,Dusink,2/11/64,10/22/85,1/1/99,Staff
425490,King,Hegner,11/20/63,2/13/89,1/1/99,Senior Engineer
425492,Tadanori,Niizuma,10/21/63,6/26/98,1/1/99,Engineer
425493,Vidya,Lieberherr,1/18/62,4/27/88,1/1/99,Engineer
425496,Ramzi,Ruemmler,3/22/63,7/27/98,1/1/99,Staff
425501,Manton,Alameldin,8/5/63,7/13/95,1/1/99,Senior Staff
425502,Fuqing,Piancastelli,8/17/64,12/15/90,1/1/99,Engineer
425503,Jolita,Cheshire,1/23/63,6/17/86,1/1/99,Senior Staff
425506,Patricia,Taneja,6/20/62,1/24/93,1/1/99,Senior Engineer
425514,Subhash,Gerteisen,12/11/62,1/3/94,1/1/99,Engineer
425517,Nahla,Brattka,7/20/64,5/16/98,1/1/99,Engineer
425523,Irene,Mitina,11/28/63,6/29/93,1/1/99,Engineer
425527,Junichi,Erva,12/1/62,10/21/90,1/1/99,Senior Staff
425535,Alagu,Vieri,1/18/65,8/23/86,1/1/99,Staff
425540,Paddy,Zumaque,1/3/65,11/12/95,1/1/99,Senior Staff
425551,Adly,Birke,1/12/62,11/25/92,1/1/99,Senior Engineer
425556,Conal,Perly,11/25/64,10/28/89,1/1/99,Staff
425562,Shahid,Cappelli,12/7/64,7/8/97,1/1/99,Senior Engineer
425565,Mara,Irland,7/11/64,2/22/98,1/1/99,Staff
425572,Aloys,Denis,9/6/63,8/21/97,1/1/99,Staff
425574,Shan,Millington,4/21/62,11/8/90,1/1/99,Senior Staff
425582,Giordano,Guting,8/23/63,11/3/89,1/1/99,Senior Staff
425583,Achilleas,Fortenbacher,9/5/63,7/12/86,1/1/99,Senior Engineer
425587,Danai,Hedayat,3/5/63,1/22/91,1/1/99,Senior Staff
425588,Vishv,Schaar,1/31/63,11/2/98,1/1/99,Staff
425591,Harjit,Schicker,4/16/62,10/28/87,1/1/99,Staff
425596,Udi,Laventhal,2/27/63,11/18/91,1/1/99,Assistant Engineer
425597,Valter,Keirsey,11/11/64,1/9/00,1/1/99,Staff
425604,Margareta,Cummings,12/29/64,12/20/99,1/1/99,Technique Leader
425615,Leah,Yoshimura,3/2/63,12/4/93,1/1/99,Senior Staff
425617,Zhanqiu,Hutter,11/27/63,10/26/89,1/1/99,Staff
425626,Heping,Cooman,9/9/63,3/15/90,1/1/99,Senior Engineer
425628,Maren,Bednarek,9/17/62,6/16/91,1/1/99,Senior Engineer
425629,Van,Linares,9/23/63,12/25/92,1/1/99,Senior Staff
425634,Tadahiro,Kranzdorf,5/1/64,4/12/92,1/1/99,Engineer
425649,Suvo,Byoun,1/9/64,7/8/92,1/1/99,Senior Engineer
425650,Tianruo,Ratnakar,12/29/62,9/11/98,1/1/99,Staff
425651,Sampalli,Castellani,7/31/64,7/6/89,1/1/99,Engineer
425655,Kinh,Klyachko,3/20/64,7/29/88,1/1/99,Senior Staff
425656,Basem,Imataki,10/10/64,5/19/88,1/1/99,Senior Staff
425661,Annemarie,Leslie,1/9/63,6/4/90,1/1/99,Senior Engineer
425666,Zine,Leaver,7/16/64,8/8/98,1/1/99,Engineer
425670,Lijie,Ponthieu,11/12/62,5/11/95,1/1/99,Senior Staff
425675,Toshiko,Schlenzig,9/13/64,2/18/85,1/1/99,Senior Staff
425678,Dipankar,Greibach,9/3/63,6/22/85,1/1/99,Senior Engineer
425684,Kotesh,Madeira,1/23/64,7/9/98,1/1/99,Technique Leader
425696,Pranas,Parfitt,5/31/64,8/12/89,1/1/99,Senior Staff
425697,Dipankar,Taubenfeld,3/6/62,9/29/96,1/1/99,Engineer
425699,Toshimori,Plesums,1/19/62,7/21/91,1/1/99,Staff
425701,Soenke,Denna,5/25/62,9/16/97,1/1/99,Staff
425704,Zhiguo,Anger,6/27/64,12/18/95,1/1/99,Senior Staff
425705,Jaroslava,Zultner,12/6/63,4/29/89,1/1/99,Senior Engineer
425710,Karoline,Journel,11/26/63,6/27/96,1/1/99,Engineer
425711,Berto,Terkki,9/29/62,8/17/96,1/1/99,Senior Staff
425714,Richard,Ushiama,2/17/63,1/20/93,1/1/99,Senior Staff
425720,Srinidhi,Daescu,11/18/63,3/29/91,1/1/99,Engineer
425721,Angel,Paludetto,6/29/63,1/1/89,1/1/99,Senior Staff
425726,Nitsan,Sullins,11/21/62,8/5/98,1/1/99,Engineer
425731,Ramachenga,Soicher,4/5/64,3/12/85,1/1/99,Staff
425732,Vivian,Flowers,4/24/64,7/3/98,1/1/99,Senior Engineer
425737,Larisa,Tchuente,3/24/64,2/11/93,1/1/99,Senior Staff
425739,Denny,Flowers,1/18/64,6/21/88,1/1/99,Senior Staff
425748,Chenxi,Maierhofer,4/15/62,9/27/96,1/1/99,Engineer
425752,Oscar,Hiyoshi,10/28/63,9/3/87,1/1/99,Staff
425757,Yongdong,Jiang,1/18/65,1/31/95,1/1/99,Senior Staff
425761,Pranay,Jullig,4/11/62,2/1/99,1/1/99,Engineer
425763,Shigenori,Thombley,8/4/62,10/29/95,1/1/99,Senior Staff
425770,Nikolaos,Kampfer,3/27/63,7/3/95,1/1/99,Engineer
425773,Arnd,Michaeli,8/18/62,7/22/89,1/1/99,Engineer
425780,Paris,Range,1/15/65,10/25/89,1/1/99,Staff
425781,Pranav,Baez,6/21/64,10/18/86,1/1/99,Staff
425790,Jianhui,Swab,5/21/62,2/25/98,1/1/99,Engineer
425801,Leon,Luft,11/22/62,6/20/95,1/1/99,Engineer
425802,Suvo,Pulkowski,6/13/62,9/27/91,1/1/99,Senior Engineer
425810,Mani,Boissier,5/21/62,3/17/87,1/1/99,Senior Staff
425816,Sarita,Akiyama,12/2/63,9/10/89,1/1/99,Senior Engineer
425820,Frederique,Gilg,10/24/63,12/10/89,1/1/99,Senior Engineer
425828,Abdelwaheb,Demizu,8/6/63,8/30/88,1/1/99,Technique Leader
425830,Guther,Conia,1/30/65,2/13/99,1/1/99,Engineer
425837,Kiyokazu,Norsworthy,2/23/62,10/6/93,1/1/99,Engineer
425852,Kinh,Luiz,11/21/62,12/10/89,1/1/99,Engineer
425853,Ortrun,Pollacia,8/1/62,4/2/95,1/1/99,Senior Engineer
425859,Lansing,Serov,7/11/64,3/4/01,1/1/99,Engineer
425861,Marc,Swist,5/7/64,8/15/96,1/1/99,Staff
425867,Serif,Sherertz,7/30/62,7/13/95,1/1/99,Staff
425869,Maria,Gils,12/21/62,7/30/94,1/1/99,Senior Staff
425875,Jahangir,Kroft,1/19/65,6/11/90,1/1/99,Senior Staff
425878,Pranjal,Birge,2/20/64,12/9/91,1/1/99,Senior Engineer
425891,Pradeep,Hertweck,5/8/63,8/18/95,1/1/99,Senior Engineer
425892,Constantine,Uhrik,6/1/64,4/25/92,1/1/99,Senior Staff
425895,Goh,Pintelas,1/19/62,12/8/89,1/1/99,Senior Staff
425896,Soenke,Birrer,9/17/63,6/30/85,1/1/99,Senior Engineer
425899,Olivera,Goldhammer,1/30/63,4/9/92,1/1/99,Staff
425904,Piyush,Eiron,9/3/62,2/11/98,1/1/99,Senior Engineer
425906,Munir,Dalphin,8/29/64,10/10/96,1/1/99,Staff
425910,Sedat,Melichar,12/19/64,2/19/87,1/1/99,Staff
425918,Gilbert,Jayawardene,10/12/64,11/1/87,1/1/99,Staff
425924,Gila,Puppe,5/24/63,10/16/96,1/1/99,Engineer
425931,Narain,Busillo,9/12/63,3/8/89,1/1/99,Staff
425936,Kwan,Georgatos,6/25/64,10/14/89,1/1/99,Staff
425949,Aamer,Nicolson,2/10/63,10/14/99,1/1/99,Senior Engineer
425951,Hugo,Czaja,5/15/63,4/26/95,1/1/99,Staff
425952,Fumitake,Ducloy,10/24/62,3/11/98,1/1/99,Engineer
425968,Make,Skafidas,12/24/62,8/25/88,1/1/99,Staff
425971,Mohan,Srimani,1/7/64,9/10/90,1/1/99,Senior Engineer
425978,Mingdong,Demian,8/8/64,3/9/86,1/1/99,Senior Engineer
425982,Zhigen,Oppitz,3/24/64,6/8/85,1/1/99,Staff
425988,Giap,Kushnir,6/24/64,6/20/91,1/1/99,Engineer
426004,Shir,Crooks,12/23/63,11/13/92,1/1/99,Senior Engineer
426007,Masaru,Roohalamini,9/10/62,3/8/97,1/1/99,Staff
426016,Kauko,Zweizig,3/2/63,5/25/97,1/1/99,Staff
426021,Bader,Picht,9/23/62,9/29/99,1/1/99,Staff
426025,Thodoros,Waleschkowski,11/9/63,5/16/95,1/1/99,Staff
426036,Hatem,Swist,7/2/62,4/27/95,1/1/99,Staff
426037,Uma,Benveniste,4/15/64,1/9/90,1/1/99,Engineer
426039,Fabrizio,Snyers,8/30/62,6/29/91,1/1/99,Senior Staff
426041,Yannik,Kavvadias,10/12/62,8/9/91,1/1/99,Staff
426055,Shan,Luders,3/29/64,9/16/87,1/1/99,Senior Engineer
426070,Parviz,Lalonde,5/22/64,10/25/85,1/1/99,Senior Staff
426077,Goncalo,Mandelberg,9/3/64,8/31/91,1/1/99,Staff
426082,Xiaocheng,Klyachko,10/2/63,9/10/96,1/1/99,Senior Engineer
426086,Yuuichi,Reutenauer,11/16/64,10/6/87,1/1/99,Senior Engineer
426097,Edwin,Sooriamurthi,1/15/63,9/4/85,1/1/99,Senior Engineer
426101,Perry,Pashtan,11/12/62,6/28/89,1/1/99,Senior Engineer
426110,Guozhong,Taubman,1/5/63,4/28/88,1/1/99,Senior Engineer
426113,Francesca,Orlowska,12/27/62,10/13/95,1/1/99,Senior Engineer
426114,Hugo,Botman,8/3/64,12/28/89,1/1/99,Technique Leader
426115,Yechiam,Janocha,5/26/63,8/20/85,1/1/99,Senior Engineer
426116,Minghong,Rosenbaum,8/23/62,3/11/85,1/1/99,Engineer
426123,Morris,Krybus,7/18/63,8/14/93,1/1/99,Engineer
426135,Elzbieta,Velasco,1/23/63,9/1/88,1/1/99,Senior Engineer
426136,Yongdong,Gischer,10/15/62,5/23/92,1/1/99,Senior Engineer
426153,Shahaf,Luce,1/16/65,4/6/99,1/1/99,Senior Staff
426158,Vidar,Baer,4/22/63,1/16/87,1/1/99,Senior Engineer
426161,Rajmohan,Diderrich,11/22/62,3/13/95,1/1/99,Engineer
426166,Ziyad,Chaudhury,1/21/64,9/6/93,1/1/99,Senior Engineer
426168,Kaijung,Mateescu,1/10/65,11/18/87,1/1/99,Staff
426171,Oscal,Pargaonkar,12/17/64,7/1/85,1/1/99,Staff
426176,Christoph,Siochi,1/14/62,7/7/85,1/1/99,Senior Staff
426179,Subbu,Kakkad,6/27/62,1/5/97,1/1/99,Engineer
426181,Morrie,Scharstein,1/21/64,9/30/87,1/1/99,Senior Staff
426183,Fai,Gunderson,11/5/64,6/25/95,1/1/99,Assistant Engineer
426185,Shahid,Mahmud,4/12/64,7/21/92,1/1/99,Engineer
426190,Luise,Picel,5/21/64,2/23/86,1/1/99,Senior Engineer
426191,Yuuichi,Heiserman,10/29/64,4/15/86,1/1/99,Senior Engineer
426192,Erzsebet,Vilarrasa,11/2/63,11/8/88,1/1/99,Staff
426208,Behnaam,Verspoor,6/11/62,6/1/97,1/1/99,Staff
426212,Yefim,McConalogue,11/28/64,8/9/91,1/1/99,Engineer
426219,Maik,Karunanithi,11/27/62,3/7/92,1/1/99,Senior Engineer
426221,Heng,Nanard,7/15/63,11/14/99,1/1/99,Engineer
426226,Junichi,Merli,9/10/63,8/3/97,1/1/99,Senior Engineer
426228,Supot,Badache,1/17/65,8/17/96,1/1/99,Engineer
426229,Masasuke,Schonegge,11/22/64,9/5/98,1/1/99,Assistant Engineer
426235,Danco,Rajala,1/31/65,3/29/91,1/1/99,Senior Staff
426242,Kamakshi,DuBourdieux,11/16/62,12/12/92,1/1/99,Senior Staff
426251,Tzvetan,Hmelo,10/3/62,9/28/96,1/1/99,Engineer
426253,Richara,Uehara,5/21/63,3/25/99,1/1/99,Assistant Engineer
426255,Elzbieta,Terekhov,10/3/62,2/2/86,1/1/99,Senior Engineer
426257,Fei,Pietracaprina,12/1/63,12/15/98,1/1/99,Staff
426261,Howell,Nanard,12/12/62,3/15/97,1/1/99,Engineer
426266,Bernd,Couchot,11/13/63,8/22/92,1/1/99,Staff
426269,Supot,Vernadat,7/8/62,3/8/95,1/1/99,Senior Staff
426273,Marke,Siksek,3/22/63,10/19/98,1/1/99,Staff
426279,Waiman,Jakobus,7/10/64,8/22/87,1/1/99,Senior Staff
426282,Gianluca,Savasere,3/12/64,3/2/96,1/1/99,Staff
426286,Sanjiv,Flanders,1/23/62,8/31/99,1/1/99,Staff
426287,Nectarios,Picel,8/4/64,6/16/86,1/1/99,Senior Staff
426295,Freyja,Swab,1/17/64,9/11/85,1/1/99,Senior Engineer
426296,Djelloul,Tempesti,9/25/63,1/5/90,1/1/99,Senior Staff
426303,Abdelwaheb,Bale,5/15/62,3/4/87,1/1/99,Senior Engineer
426313,Arvin,Garnick,12/9/62,5/30/92,1/1/99,Assistant Engineer
426315,Chriss,Zaiane,8/22/64,9/17/87,1/1/99,Senior Staff
426334,Yuping,Condotta,12/24/62,5/31/92,1/1/99,Senior Staff
426337,Shay,Casley,7/8/62,10/26/87,1/1/99,Engineer
426340,Limsoon,DuBourdieux,4/15/62,6/11/96,1/1/99,Engineer
426347,Kendra,Sabnani,10/23/64,1/8/86,1/1/99,Senior Staff
426354,Constantijn,Emmerich,7/14/64,6/7/85,1/1/99,Senior Engineer
426356,Lein,Boudaillier,11/18/64,3/26/95,1/1/99,Engineer
426362,Marko,Kusalik,7/2/64,4/1/87,1/1/99,Senior Staff
426377,Sangeeta,Conry,5/28/64,6/4/01,1/1/99,Senior Staff
426380,Qunsheng,Reinhard,7/15/63,3/4/88,1/1/99,Senior Engineer
426381,Arunachalam,Clouatre,1/1/62,11/28/95,1/1/99,Engineer
426384,Sudharsan,Ranum,10/29/63,8/26/86,1/1/99,Assistant Engineer
426402,Kamran,Garnham,12/28/64,1/16/97,1/1/99,Staff
426403,Tadahiro,Streng,11/28/63,2/21/93,1/1/99,Senior Engineer
426407,Jackson,Serre,1/16/64,12/11/89,1/1/99,Senior Staff
426415,Owen,Laurillard,4/26/62,3/19/02,1/1/99,Senior Engineer
426418,Guenter,Isaak,4/21/64,7/18/86,1/1/99,Staff
426422,Mohammad,Rodier,11/28/64,11/2/86,1/1/99,Senior Engineer
426427,Ung,Magalhaes,10/7/63,11/3/88,1/1/99,Senior Engineer
426431,Demin,Kriebel,1/1/64,6/25/90,1/1/99,Engineer
426434,Khalil,Gustavson,7/25/62,5/15/91,1/1/99,Senior Engineer
426436,Weiye,Kropf,5/27/64,6/26/92,1/1/99,Senior Engineer
426442,Ziva,Hitomi,6/6/63,10/3/99,1/1/99,Engineer
426459,Shigehito,Sherertz,3/25/63,1/5/95,1/1/99,Senior Staff
426460,Xiahua,Krychniak,10/8/64,6/28/92,1/1/99,Senior Staff
426463,Narain,Peha,6/26/62,7/11/98,1/1/99,Assistant Engineer
426470,Uinam,Nishimukai,10/21/63,5/27/97,1/1/99,Senior Staff
426471,Mrinalini,Maierhofer,7/1/64,7/23/92,1/1/99,Senior Engineer
426478,Filipp,Fujisaki,12/18/64,7/19/94,1/1/99,Assistant Engineer
426486,Janche,Weedon,6/30/63,12/7/89,1/1/99,Engineer
426490,Chaitali,Fandrianto,5/4/63,2/21/88,1/1/99,Senior Engineer
426491,Stevo,Litecky,4/16/63,6/4/98,1/1/99,Senior Engineer
426492,Margo,Anger,12/14/63,4/15/93,1/1/99,Senior Staff
426494,Gill,Schwartzburd,10/9/62,4/22/95,1/1/99,Staff
426496,Seongbae,Fritzsche,7/10/62,2/11/87,1/1/99,Senior Engineer
426499,Sariel,Zschoche,4/17/62,9/13/90,1/1/99,Senior Engineer
426501,Dinah,Benveniste,5/4/62,9/27/91,1/1/99,Senior Staff
426512,Lena,Stavenow,5/16/64,12/21/88,1/1/99,Senior Staff
426517,Zvonko,Frezza,7/7/63,7/18/02,1/1/99,Engineer
426525,Jaana,Unni,10/1/64,1/27/89,1/1/99,Senior Engineer
426527,Billur,Birjandi,7/14/63,7/4/90,1/1/99,Senior Engineer
426530,Youssef,Passino,3/12/63,3/15/91,1/1/99,Senior Engineer
426536,Genta,Biran,9/28/63,3/31/98,1/1/99,Staff
426537,Zvonko,Swiss,7/15/62,6/26/88,1/1/99,Senior Engineer
426547,Adamantios,Syrzycki,12/4/64,8/25/00,1/1/99,Engineer
426551,Kwangho,Bratsberg,12/5/63,5/30/93,1/1/99,Senior Engineer
426558,Vidar,Tyugu,5/3/62,3/25/02,1/1/99,Technique Leader
426559,Martial,Schmittgen,2/17/63,7/19/90,1/1/99,Engineer
426572,Kauko,Provine,4/24/63,5/20/98,1/1/99,Staff
426577,Isamu,Syrzycki,12/13/63,7/1/98,1/1/99,Staff
426582,Boalin,Luke,7/26/62,12/11/91,1/1/99,Senior Engineer
426587,Dannz,Jahnichen,1/4/63,6/20/85,1/1/99,Senior Engineer
426588,Kellyn,Kumaresan,11/1/63,1/18/95,1/1/99,Staff
426590,Bernt,Narahara,9/18/63,7/17/87,1/1/99,Staff
426594,Vishv,Herbst,8/9/63,4/4/88,1/1/99,Staff
426603,Feipei,Braunschweig,1/21/62,12/5/93,1/1/99,Senior Staff
426604,Berhard,Sudbeck,11/15/63,2/9/89,1/1/99,Technique Leader
426605,Joydip,Vural,7/7/63,4/28/01,1/1/99,Senior Staff
426615,Tristan,Chinen,9/22/64,10/4/91,1/1/99,Senior Staff
426616,Serge,Gunderson,2/7/62,4/17/91,1/1/99,Staff
426617,Giordano,Meriste,10/6/62,12/3/98,1/1/99,Engineer
426629,Alenka,Bael,9/12/62,12/14/89,1/1/99,Engineer
426633,Kien,Alameldin,5/8/62,1/14/89,1/1/99,Assistant Engineer
426634,Sanjeeva,Gornas,4/9/63,10/27/98,1/1/99,Technique Leader
426639,Giap,Shumilov,7/8/62,2/8/94,1/1/99,Engineer
426641,Shem,Chandrasekhar,2/22/63,2/5/89,1/1/99,Staff
426643,Guttorm,Gyimothy,12/28/63,4/13/93,1/1/99,Staff
426644,Zejun,Broomell,1/13/65,1/19/95,1/1/99,Engineer
426647,Gay,Rosis,11/20/64,5/8/98,1/1/99,Staff
426649,Hercules,Poujol,1/8/64,11/10/97,1/1/99,Staff
426651,Gully,Lamba,9/19/63,5/2/96,1/1/99,Engineer
426657,Stein,Perl,10/7/62,11/4/91,1/1/99,Staff
426660,Erzsebet,Hooghiemstra,8/18/63,3/23/87,1/1/99,Staff
426689,Kellyn,Poujol,4/11/64,5/7/99,1/1/99,Engineer
426700,Nagui,Restivo,5/5/64,6/26/86,1/1/99,Senior Engineer
426706,Karsten,Kawashima,1/7/65,3/15/94,1/1/99,Engineer
426707,Hausi,Esteva,4/18/64,3/22/94,1/1/99,Senior Staff
426709,Jacqueline,Kalafatis,3/31/63,4/9/90,1/1/99,Technique Leader
426714,Chinho,Gecsel,3/22/64,7/10/92,1/1/99,Staff
426724,Dzung,Feldhoffer,4/10/64,4/19/89,1/1/99,Staff
426730,Srinidhi,Ramsak,6/22/62,2/24/99,1/1/99,Senior Engineer
426731,Duro,Krohm,10/21/62,5/27/85,1/1/99,Senior Engineer
426733,Stein,Diderrich,7/8/62,8/28/94,1/1/99,Senior Staff
426737,Hironoby,Katiyar,12/2/63,2/8/91,1/1/99,Senior Staff
426744,Florian,Randi,5/25/64,4/20/95,1/1/99,Senior Staff
426764,Tesuya,Guerreiro,9/20/63,7/19/97,1/1/99,Senior Engineer
426766,Fayez,Szemeredi,12/4/62,3/11/93,1/1/99,Engineer
426768,Marl,Ranka,6/24/64,10/9/98,1/1/99,Technique Leader
426779,Xumin,Suermann,4/30/63,6/11/94,1/1/99,Staff
426780,Toshimori,Cannane,12/18/64,3/25/92,1/1/99,Senior Engineer
426785,Takanari,Ventosa,9/20/63,1/29/89,1/1/99,Senior Staff
426790,Sailaja,Kropf,2/28/64,1/6/92,1/1/99,Staff
426792,Guiseppe,Ashish,1/26/63,12/2/97,1/1/99,Senior Engineer
426795,Huican,Lunn,1/7/65,7/23/86,1/1/99,Senior Staff
426801,Sergi,Samarati,6/4/62,4/1/96,1/1/99,Engineer
426802,Bernt,Vitiello,10/8/63,9/10/90,1/1/99,Senior Staff
426806,Changho,Yemenis,11/1/64,1/16/02,1/1/99,Senior Staff
426808,Sushant,Dahlbom,11/8/62,9/25/88,1/1/99,Senior Engineer
426814,Shmuel,Besselaar,7/24/64,11/3/01,1/1/99,Senior Staff
426816,Doowon,Kalorkoti,12/24/63,10/18/98,1/1/99,Staff
426818,Gaurav,Fendler,1/21/65,2/15/92,1/1/99,Senior Staff
426819,Sandeepan,Kulisch,1/13/65,5/16/97,1/1/99,Engineer
426822,Hyuckchul,Yoshimura,8/8/63,4/4/94,1/1/99,Technique Leader
426824,Gopalakrishnan,Mawatari,1/25/65,12/7/97,1/1/99,Senior Staff
426825,Barun,Ballarin,12/24/63,3/12/98,1/1/99,Assistant Engineer
426830,Peternela,Highland,11/13/62,3/9/87,1/1/99,Senior Engineer
426840,Cathie,Luby,7/2/64,5/20/95,1/1/99,Senior Staff
426846,Sanjai,Gecsei,6/28/63,9/26/89,1/1/99,Technique Leader
426848,Janalee,Pell,1/13/63,2/21/85,1/1/99,Senior Engineer
426850,Manu,Zlotek,1/1/62,4/6/95,1/1/99,Senior Staff
426857,Keung,Busillo,4/24/63,6/2/92,1/1/99,Senior Staff
426860,Shimshon,Willoner,3/25/64,5/28/97,1/1/99,Staff
426862,Abdelwaheb,Swab,3/23/64,5/21/91,1/1/99,Senior Staff
426875,Carrsten,Szmurlo,8/30/64,6/30/87,1/1/99,Senior Engineer
426880,Yinlin,Felder,5/28/62,4/13/92,1/1/99,Senior Engineer
426882,Yurij,Rosca,5/30/62,9/23/94,1/1/99,Engineer
426896,Kazuhiro,Haumacher,10/26/63,2/22/92,1/1/99,Assistant Engineer
426899,Yonghong,Raczkowsky,3/26/62,1/3/97,1/1/99,Staff
426905,Nahum,Backhouse,11/24/64,3/18/92,1/1/99,Senior Engineer
426910,Kwee,Ghazalie,1/4/64,9/3/92,1/1/99,Senior Engineer
426912,Yurij,Eiron,8/13/63,9/13/88,1/1/99,Staff
426915,Youpyo,Halevi,4/8/62,7/3/93,1/1/99,Senior Staff
426933,Isaac,Casperson,10/28/64,11/2/90,1/1/99,Senior Staff
426938,Zhongwei,Cangellaris,3/5/64,9/21/99,1/1/99,Staff
426941,Yechiam,Speek,3/11/63,3/16/93,1/1/99,Senior Staff
426946,Keung,Woycyznski,9/4/62,11/23/95,1/1/99,Senior Staff
426957,Eran,Puppo,1/26/62,12/3/86,1/1/99,Senior Engineer
426958,Weijing,Viele,1/19/65,10/3/85,1/1/99,Engineer
426967,Gen,Brodal,8/16/64,1/2/87,1/1/99,Senior Engineer
426969,Angel,Nannarelli,7/6/63,11/19/89,1/1/99,Engineer
426973,Vojin,Kilgour,11/4/64,9/19/93,1/1/99,Engineer
426981,Erzsebet,Khalid,5/23/63,6/2/90,1/1/99,Senior Staff
427003,Navid,Sidje,12/3/63,7/6/94,1/1/99,Staff
427004,Golgen,Bernardeschi,4/21/63,4/1/93,1/1/99,Senior Engineer
427009,Sushant,Honiden,12/19/62,3/30/96,1/1/99,Staff
427023,Yinghua,Haldar,2/21/64,2/6/97,1/1/99,Engineer
427032,Gio,Budinsky,8/27/63,9/7/92,1/1/99,Technique Leader
427037,Rildo,Comyn,5/28/62,2/24/97,1/1/99,Staff
427041,Danil,Maliniak,12/27/63,11/20/91,1/1/99,Assistant Engineer
427044,Khalil,Peron,3/13/62,3/7/94,1/1/99,Senior Engineer
427045,Suzette,Braunmuhl,8/23/63,1/1/88,1/1/99,Senior Engineer
427046,Sanjai,Rajala,5/6/62,4/5/95,1/1/99,Engineer
427052,Ziya,Schwabacher,12/4/63,5/27/89,1/1/99,Engineer
427053,Aran,Vieth,12/15/62,5/28/91,1/1/99,Senior Engineer
427056,Toshimi,Murillo,2/14/62,2/16/88,1/1/99,Senior Staff
427059,Mohan,Levergood,4/22/63,8/6/91,1/1/99,Senior Staff
427062,Sampalli,Rindone,6/14/62,12/22/94,1/1/99,Senior Staff
427068,Tzu,Delgrossi,2/8/63,9/6/00,1/1/99,Technique Leader
427071,Mohammad,Billingsley,5/25/64,11/11/87,1/1/99,Staff
427083,Takanari,Isaac,8/23/64,3/26/90,1/1/99,Engineer
427090,Uwe,Kawashima,5/3/64,9/27/92,1/1/99,Senior Engineer
427098,Toshimitsu,Muhlberg,8/7/63,12/15/90,1/1/99,Senior Engineer
427128,Sadok,Kilgore,8/18/64,2/4/96,1/1/99,Senior Engineer
427137,Huai,Spinelli,10/19/63,3/13/92,1/1/99,Senior Engineer
427142,JoAnne,Covnot,12/3/64,7/15/88,1/1/99,Senior Engineer
427147,Rosalyn,Hempstead,8/14/64,8/29/90,1/1/99,Senior Staff
427154,Nagui,Solares,10/8/64,2/5/96,1/1/99,Senior Engineer
427155,Chinho,Binkley,7/6/62,8/13/87,1/1/99,Senior Engineer
427158,Ennio,Kermarrec,9/23/63,12/3/91,1/1/99,Staff
427164,Guangming,Deville,2/24/62,8/24/87,1/1/99,Engineer
427166,Felicidad,Yetim,12/28/62,12/24/87,1/1/99,Senior Staff
427181,Hercules,Chepyzhov,2/21/62,1/15/98,1/1/99,Engineer
427184,Doohun,Sudkamp,5/30/63,12/27/97,1/1/99,Staff
427190,Sastry,Schlenzig,4/15/64,11/27/97,1/1/99,Senior Engineer
427196,Itzchak,Basagni,3/12/63,5/17/88,1/1/99,Engineer
427197,Collette,Varker,9/1/64,8/26/92,1/1/99,Staff
427206,Mani,Chaudhuri,10/31/62,10/25/88,1/1/99,Assistant Engineer
427207,Rildo,Binding,10/23/63,10/30/93,1/1/99,Senior Staff
427217,Jaewoo,Melski,12/15/63,12/17/89,1/1/99,Engineer
427221,Goncalo,Etalle,1/31/64,10/27/86,1/1/99,Staff
427227,Frazer,Provine,2/15/64,3/24/93,1/1/99,Engineer
427242,Vishv,Luca,11/24/63,3/28/92,1/1/99,Staff
427251,Zhiwei,Ginesta,10/12/62,7/17/96,1/1/99,Engineer
427255,Temple,Servi,7/20/64,5/9/98,1/1/99,Senior Staff
427256,Mack,Birjandi,5/8/62,8/5/95,1/1/99,Staff
427257,Goncalo,Rijckaert,8/1/63,6/4/99,1/1/99,Senior Staff
427258,Remmert,Dehkordi,6/27/64,10/17/94,1/1/99,Engineer
427266,Shietung,Trachtenberg,12/30/64,7/26/93,1/1/99,Senior Staff
427268,Xiaopeng,Peng,12/8/64,4/27/97,1/1/99,Engineer
427279,Zine,Ratnakar,7/31/64,8/26/94,1/1/99,Engineer
427289,Mircea,Sidhu,12/15/64,10/16/98,1/1/99,Engineer
427290,Hidde,Zongker,12/19/64,8/12/98,1/1/99,Senior Staff
427291,Martien,Msuda,1/18/63,3/2/86,1/1/99,Staff
427295,Kinh,Macedo,10/13/64,5/27/94,1/1/99,Engineer
427300,Tsvetan,Bresenham,1/20/63,6/23/99,1/1/99,Senior Engineer
427303,Sreenivas,Bauknecht,2/1/63,10/23/97,1/1/99,Staff
427307,Volkmar,Demizu,11/14/64,2/28/97,1/1/99,Engineer
427310,Tommaso,Benveniste,6/7/62,4/6/85,1/1/99,Staff
427313,Utpal,Kemmerer,1/31/65,12/4/86,1/1/99,Senior Staff
427318,Troy,Molberg,8/6/63,2/13/98,1/1/99,Staff
427320,Mamdouh,Ramamoorthy,1/13/65,1/13/00,1/1/99,Senior Engineer
427322,Haldun,Syrzycki,8/12/62,10/29/00,1/1/99,Staff
427323,Shaowei,Bolsens,6/9/63,8/1/98,1/1/99,Engineer
427332,Feiyu,Hemaspaandra,1/20/65,6/4/95,1/1/99,Staff
427333,Gift,Glowinski,6/10/63,7/27/85,1/1/99,Staff
427347,Conrado,Xiaoshan,11/28/62,1/8/95,1/1/99,Engineer
427359,Gladys,Lamparter,1/25/64,3/24/99,1/1/99,Assistant Engineer
427360,Lucian,Zeleznik,3/5/62,8/3/92,1/1/99,Technique Leader
427373,Sibyl,Hebden,5/20/63,1/19/98,1/1/99,Engineer
427377,Fatemeh,Servi,3/27/64,11/18/01,1/1/99,Senior Staff
427378,Takanari,Eppinger,12/25/63,12/1/87,1/1/99,Engineer
427382,Rayond,Litecky,1/12/62,3/18/90,1/1/99,Technique Leader
427393,Cristinel,Schaft,9/9/64,6/23/89,1/1/99,Senior Engineer
427394,Marek,Lakshmanan,7/29/62,10/22/85,1/1/99,Staff
427396,Utz,Klassen,11/5/63,9/24/95,1/1/99,Senior Engineer
427402,Giordano,Boreale,6/8/63,4/4/93,1/1/99,Senior Engineer
427404,Yinlin,Benzmuller,9/18/62,1/10/92,1/1/99,Senior Engineer
427409,Bernt,Pehl,1/24/63,3/12/92,1/1/99,Senior Staff
427410,Mohammad,Alpin,1/24/64,12/22/93,1/1/99,Technique Leader
427415,Syozo,Siprelle,9/4/62,11/26/88,1/1/99,Staff
427416,Tetsushi,Lagarias,8/16/63,10/6/92,1/1/99,Engineer
427420,Rutger,Ballarin,12/2/64,1/1/97,1/1/99,Staff
427424,Lucian,Stifter,12/13/64,10/19/85,1/1/99,Staff
427429,Naftali,Mawatari,11/6/62,4/21/92,1/1/99,Engineer
427434,Pasqua,Gips,9/9/64,3/20/96,1/1/99,Engineer
427435,Lijie,Lakshmanan,12/6/64,5/14/91,1/1/99,Engineer
427436,Annemarie,Angiulli,9/3/62,6/21/94,1/1/99,Senior Staff
427437,Hirochika,Ballarin,5/27/63,6/24/89,1/1/99,Senior Engineer
427438,Tzvetan,Cichocki,7/24/62,7/10/90,1/1/99,Senior Engineer
427447,Chikara,Bail,8/11/62,1/11/92,1/1/99,Senior Engineer
427455,Piyush,Massonet,8/29/63,9/14/99,1/1/99,Staff
427459,Yuqun,Weedman,3/6/64,5/18/99,1/1/99,Senior Staff
427463,Uzi,Lund,6/26/63,2/3/02,1/1/99,Staff
427470,Sachem,Neiman,9/15/63,3/30/86,1/1/99,Senior Staff
427473,Boguslaw,Reinhart,10/2/63,7/14/95,1/1/99,Senior Staff
427484,Goh,Shrader,12/26/63,11/29/90,1/1/99,Senior Staff
427487,Jianhao,Joslin,4/15/64,11/16/86,1/1/99,Staff
427496,Eric,Hopewell,6/22/64,12/20/94,1/1/99,Engineer
427499,Malu,Salvesen,2/18/64,7/27/90,1/1/99,Senior Staff
427502,Bouchung,Kohling,9/29/64,2/11/99,1/1/99,Staff
427509,Indrajit,Kleiser,9/11/63,12/21/87,1/1/99,Staff
427517,Masanao,Wielonsky,12/12/62,3/10/99,1/1/99,Staff
427528,Seshu,Ravishankar,9/20/62,6/11/89,1/1/99,Senior Staff
427533,Fei,Shanbhogue,11/22/62,10/16/90,1/1/99,Engineer
427546,Jongsuk,Vandervoorde,10/15/62,8/7/97,1/1/99,Engineer
427548,Zdislav,Baca,3/4/64,2/14/94,1/1/99,Engineer
427558,Gad,Skrikant,2/1/62,7/22/88,1/1/99,Staff
427566,Remmert,Anido,10/9/64,4/9/98,1/1/99,Engineer
427571,Torsten,Ranta,1/20/65,7/3/95,1/1/99,Engineer
427576,Behnaam,Hiroyama,9/21/64,10/12/96,1/1/99,Staff
427581,Shalesh,Nivat,5/15/63,11/5/95,1/1/99,Senior Engineer
427583,Marsja,Frezza,12/28/64,11/19/94,1/1/99,Staff
427587,Tomokazu,Terekhov,3/2/64,8/21/95,1/1/99,Engineer
427588,Navin,Luft,4/5/63,10/16/86,1/1/99,Staff
427594,Makato,Kolinko,7/27/63,3/27/86,1/1/99,Senior Staff
427597,Jaewon,Marwedel,3/27/62,8/10/89,1/1/99,Senior Engineer
427603,Mokhtar,Rousseau,6/1/62,3/8/97,1/1/99,Staff
427604,Rayond,Negoita,8/20/62,6/23/87,1/1/99,Senior Staff
427606,Guenter,Ducloy,12/27/64,3/25/87,1/1/99,Senior Engineer
427607,Younwoo,Reutenauer,7/10/62,3/4/86,1/1/99,Senior Engineer
427610,Ravishankar,Bach,2/14/62,1/9/91,1/1/99,Senior Staff
427616,Guenter,Lienhardt,5/31/64,3/18/88,1/1/99,Senior Engineer
427619,Masato,Pellegrinelli,3/4/64,12/26/94,1/1/99,Engineer
427624,Abdelkader,Isaac,2/5/64,5/15/87,1/1/99,Senior Staff
427636,Vitali,Kopetz,6/12/62,6/19/94,1/1/99,Engineer
427647,Michaela,Codenie,10/16/62,12/5/95,1/1/99,Engineer
427657,Cheong,Kambil,11/12/64,6/8/86,1/1/99,Senior Engineer
427663,Rance,Liedekerke,9/6/63,2/9/94,1/1/99,Engineer
427667,Roddy,Lorcy,3/1/64,7/9/91,1/1/99,Engineer
427668,Adit,Penz,10/17/63,10/9/96,1/1/99,Engineer
427674,Hisao,Ranon,6/9/64,11/24/86,1/1/99,Senior Engineer
427679,Vesna,Wuwongse,10/31/64,4/14/98,1/1/99,Senior Staff
427688,Masoud,Foong,5/31/63,12/28/93,1/1/99,Senior Engineer
427701,Kensyu,Sabnani,2/15/64,9/23/93,1/1/99,Engineer
427708,Kagan,Zongker,12/6/62,10/4/97,1/1/99,Engineer
427711,Brewster,Zyda,8/29/62,7/17/92,1/1/99,Staff
427718,Mark,Heijenga,3/29/63,12/12/85,1/1/99,Senior Staff
427720,Udi,Orlowska,4/11/64,8/7/91,1/1/99,Senior Engineer
427731,Make,Lorho,10/8/64,8/29/92,1/1/99,Technique Leader
427743,Shawna,Crouzet,2/14/64,11/24/95,1/1/99,Staff
427745,Aemilian,Sherertz,1/4/63,2/12/87,1/1/99,Assistant Engineer
427748,Fabrizio,Morrow,11/17/62,12/5/87,1/1/99,Staff
427751,Kenroku,Kohling,8/31/64,11/22/91,1/1/99,Engineer
427755,Yunming,Tsukuda,4/8/62,8/22/94,1/1/99,Staff
427761,Kitty,Swick,5/2/63,8/12/89,1/1/99,Senior Staff
427763,Lillian,Schicker,5/26/63,7/6/90,1/1/99,Senior Engineer
427774,Sachar,Bhattacharjee,6/1/62,1/3/98,1/1/99,Engineer
427776,Jaques,Navazio,1/25/65,4/4/89,1/1/99,Staff
427788,Thanasis,Einsfeld,2/5/62,3/26/98,1/1/99,Staff
427792,Huiqun,Acton,5/16/64,5/12/99,1/1/99,Senior Engineer
427805,Haldun,Compeau,1/21/65,10/15/97,1/1/99,Senior Staff
427810,Beshir,Cyne,11/17/63,5/16/98,1/1/99,Senior Staff
427813,Jianhao,McClurg,3/4/63,5/27/91,1/1/99,Staff
427815,Akemi,Parascandalo,8/18/64,12/25/90,1/1/99,Staff
427818,Giao,Setia,2/28/64,3/28/92,1/1/99,Senior Engineer
427823,Jaques,Gecsei,1/18/65,7/13/99,1/1/99,Staff
427826,Tokuyasu,Rebaine,4/11/62,8/22/88,1/1/99,Engineer
427831,Mayumi,Weedman,12/10/63,6/29/92,1/1/99,Staff
427837,Xiahua,Kuhnemann,8/23/64,6/17/93,1/1/99,Engineer
427838,Breannda,DiGiano,11/16/64,3/29/86,1/1/99,Senior Staff
427843,Zhenbing,Bernick,7/2/62,8/18/94,1/1/99,Engineer
427847,Jeanna,Vernadat,5/23/63,8/12/94,1/1/99,Senior Staff
427851,Hidefumi,Akiyama,7/4/63,6/23/92,1/1/99,Senior Staff
427852,Adil,Kieras,1/2/65,7/20/92,1/1/99,Senior Engineer
427858,Cullen,Isard,12/22/63,1/30/92,1/1/99,Senior Staff
427870,Lijia,Gammage,4/25/64,4/19/95,1/1/99,Senior Staff
427873,Sariel,Carrere,4/9/64,9/26/85,1/1/99,Senior Staff
427887,Basim,Ramsak,3/17/64,4/25/91,1/1/99,Engineer
427888,Chanjung,Siksek,3/4/63,10/1/85,1/1/99,Senior Staff
427910,Kiyokazu,Cincotta,10/21/63,10/5/93,1/1/99,Staff
427920,Xiaoheng,Flasterstein,8/11/64,6/20/89,1/1/99,Staff
427921,Saddek,Neimat,12/22/64,4/5/91,1/1/99,Senior Engineer
427922,Syozo,Demizu,6/22/63,11/8/85,1/1/99,Staff
427928,Feipei,Dalton,2/15/64,8/16/93,1/1/99,Staff
427931,Moss,Jumpertz,9/24/62,2/7/86,1/1/99,Senior Staff
427941,Sampalli,Negoita,2/13/64,6/29/99,1/1/99,Senior Staff
427945,Berhard,Milicic,2/15/64,7/5/87,1/1/99,Staff
427952,Ottavia,Weiland,3/15/62,4/19/93,1/1/99,Senior Staff
427953,Basem,Jansen,8/29/63,3/22/96,1/1/99,Senior Staff
427963,Fan,Vidya,7/7/64,5/17/85,1/1/99,Technique Leader
427965,Lijie,Azadmanesh,5/10/64,11/17/94,1/1/99,Technique Leader
427969,Ashish,Siksek,3/13/64,9/12/99,1/1/99,Senior Engineer
427978,Kitty,Oskamp,12/20/64,12/9/93,1/1/99,Engineer
427981,Lein,Biron,9/15/62,10/30/88,1/1/99,Engineer
427984,Gill,Androutsos,12/23/62,9/7/00,1/1/99,Senior Engineer
427986,Fayez,Rajaraman,8/20/64,10/23/92,1/1/99,Senior Staff
427990,Aria,Fiebach,9/30/64,9/29/89,1/1/99,Engineer
427993,Lein,Staylopatis,10/10/64,10/9/90,1/1/99,Senior Engineer
427994,Moon,Kaiser,3/23/63,4/19/99,1/1/99,Engineer
427997,Nigel,Chachaty,11/3/64,3/19/91,1/1/99,Engineer
428002,Poornachandra,Kobara,2/13/63,10/15/86,1/1/99,Senior Engineer
428007,Martijn,Borovoy,12/15/62,9/16/99,1/1/99,Engineer
428008,Gao,Fasbender,1/1/62,2/19/86,1/1/99,Senior Staff
428014,Barna,Halloran,7/3/62,11/20/96,1/1/99,Engineer
428016,Jeong,Vilarrasa,7/18/62,8/5/85,1/1/99,Staff
428021,Ult,Woycyznski,1/14/62,7/23/85,1/1/99,Senior Staff
428022,Moie,Beilner,1/13/62,4/16/02,1/1/99,Senior Engineer
428024,Shahab,Gini,12/30/64,6/20/93,1/1/99,Engineer
428030,Mircea,Pena,12/30/62,7/31/96,1/1/99,Engineer
428038,Xiaobin,Schapire,10/11/64,12/12/99,1/1/99,Staff
428047,Feixiong,Baek,6/24/62,11/4/96,1/1/99,Staff
428058,Sedat,Negoita,6/11/62,11/18/95,1/1/99,Senior Engineer
428066,Shakhar,Peir,9/28/63,7/13/89,1/1/99,Engineer
428074,Kyoichi,Cannard,9/23/63,12/27/89,1/1/99,Engineer
428082,Ronghao,Alpin,1/9/65,9/11/91,1/1/99,Staff
428090,Zhilian,Ramamoorthy,10/6/64,6/17/86,1/1/99,Senior Staff
428091,Manibrata,Montemayor,5/17/63,9/11/97,1/1/99,Senior Engineer
428092,Yuriy,Axelband,5/9/63,2/22/98,1/1/99,Staff
428093,Venkatesan,Tyugu,12/31/62,8/29/94,1/1/99,Senior Engineer
428096,Diederik,Brodie,3/12/62,5/13/97,1/1/99,Staff
428099,Nevin,Spieker,10/12/62,11/19/90,1/1/99,Senior Engineer
428102,Shim,Hasenauer,6/3/64,12/14/94,1/1/99,Engineer
428106,Shaleah,Potthoff,3/9/64,5/22/87,1/1/99,Staff
428110,Alair,Scharstein,5/6/64,5/25/95,1/1/99,Engineer
428114,Koldo,Cusworth,4/22/64,4/29/00,1/1/99,Senior Staff
428130,Marke,Meriste,11/1/62,2/13/93,1/1/99,Engineer
428132,Gay,Pocchiola,11/4/64,2/4/94,1/1/99,Staff
428133,Sumant,Bhattacharjee,5/16/63,11/7/00,1/1/99,Senior Staff
428138,Shaunak,Silva,12/21/64,9/6/88,1/1/99,Engineer
428144,Lubomir,Remmers,4/5/63,4/18/88,1/1/99,Engineer
428145,Heather,Molenkamp,3/23/62,3/11/90,1/1/99,Engineer
428149,Frazer,Szilard,11/1/64,2/28/97,1/1/99,Engineer
428154,Jayesh,Hopewell,5/24/64,12/28/86,1/1/99,Senior Staff
428159,Annemarie,Auyong,4/6/62,10/18/93,1/1/99,Engineer
428160,Jamaludin,Kalorkoti,1/12/65,9/6/98,1/1/99,Senior Staff
428169,Gian,Impagliazzo,12/6/62,2/23/90,1/1/99,Engineer
428171,Remko,Matteis,7/3/64,12/24/95,1/1/99,Staff
428181,Duke,Munch,12/27/63,11/13/89,1/1/99,Assistant Engineer
428182,Shirish,Colorni,11/30/62,1/20/90,1/1/99,Senior Staff
428187,Djenana,Kavvadias,2/5/64,10/11/90,1/1/99,Senior Engineer
428188,Badri,Zobel,9/9/64,3/8/96,1/1/99,Staff
428192,Ibibia,Reinhart,6/26/63,8/27/86,1/1/99,Senior Engineer
428193,Weicheng,Roison,10/25/63,1/20/00,1/1/99,Technique Leader
428195,Hatsukazu,Rosca,1/11/65,8/2/93,1/1/99,Staff
428196,Gadiel,Bale,8/13/63,5/28/94,1/1/99,Staff
428209,Demos,Kroll,12/24/63,3/12/97,1/1/99,Engineer
428214,Ziyad,Rouquie,7/22/64,8/10/88,1/1/99,Senior Staff
428219,Ghassan,Androutsos,1/21/65,12/26/87,1/1/99,Senior Staff
428221,Uma,Lodder,10/31/62,11/22/88,1/1/99,Senior Engineer
428227,Leon,Salinas,1/9/64,2/28/02,1/1/99,Senior Engineer
428229,Limsoon,Champarnaud,4/23/64,10/7/85,1/1/99,Engineer
428236,Arno,Nivat,7/30/62,8/8/95,1/1/99,Technique Leader
428250,Tesuya,Schapiro,6/17/64,7/28/98,1/1/99,Staff
428255,Hinrich,Brattka,4/16/64,12/26/99,1/1/99,Technique Leader
428259,Xinan,Varman,8/21/62,1/4/98,1/1/99,Engineer
428262,Tuval,Gelosh,4/15/64,7/26/88,1/1/99,Staff
428264,Dmitri,Irland,9/11/62,7/19/94,1/1/99,Engineer
428270,Sudharsan,Fordan,6/21/64,5/26/98,1/1/99,Senior Staff
428275,Hyuncheol,Docker,11/24/62,8/24/96,1/1/99,Staff
428277,Lene,Plesums,6/18/62,4/17/89,1/1/99,Senior Engineer
428278,Malu,Miyakawa,11/24/64,6/18/85,1/1/99,Engineer
428289,Subhankar,Glinert,8/20/64,11/30/87,1/1/99,Staff
428290,Aral,Garnier,9/12/62,5/21/96,1/1/99,Senior Engineer
428291,Nathan,Pluym,11/11/62,10/28/85,1/1/99,Engineer
428292,Sven,Suwa,5/27/63,11/21/88,1/1/99,Staff
428296,Masaru,Larfeldt,5/24/63,8/15/97,1/1/99,Staff
428297,Jiang,Brodal,5/28/62,6/21/97,1/1/99,Senior Staff
428300,Weijing,Restivo,5/18/63,7/6/88,1/1/99,Senior Engineer
428301,Isamu,Przulj,8/22/64,12/8/85,1/1/99,Staff
428304,Tadahiro,Greenaway,6/14/62,4/9/96,1/1/99,Senior Staff
428306,Shawna,Milicic,4/14/63,6/21/94,1/1/99,Senior Engineer
428308,Francesca,Kavanagh,6/16/64,3/28/92,1/1/99,Senior Engineer
428312,Zongyan,Ramamoorthy,4/17/62,5/29/94,1/1/99,Engineer
428316,Yuuichi,Rathonyi,11/4/63,6/23/93,1/1/99,Staff
428319,Gopalakrishnan,Pokrovskii,8/12/62,5/27/90,1/1/99,Senior Engineer
428321,Lunjin,Thorelli,12/8/62,3/25/85,1/1/99,Senior Engineer
428322,Moni,Tasistro,1/25/64,10/20/89,1/1/99,Engineer
428324,Mamdouh,Wendorf,8/13/63,8/28/88,1/1/99,Engineer
428327,Leni,Straney,2/28/63,7/14/87,1/1/99,Senior Staff
428329,Dannz,Peng,11/28/63,8/4/93,1/1/99,Assistant Engineer
428331,Aloke,Mapelli,8/10/63,3/6/97,1/1/99,Senior Staff
428341,Gully,Chenoweth,8/21/63,11/6/01,1/1/99,Senior Engineer
428342,Nirmal,Nooteboom,7/12/63,9/17/92,1/1/99,Senior Staff
428345,Branimir,Usdin,9/19/63,4/8/92,1/1/99,Senior Engineer
428346,Fumiko,Magliocco,9/21/63,1/9/93,1/1/99,Engineer
428351,Xiaocheng,Matzke,5/13/64,2/15/89,1/1/99,Senior Engineer
428352,Nikolaus,Erez,7/22/64,1/5/95,1/1/99,Senior Staff
428354,Leszek,Marwedel,4/21/64,5/31/92,1/1/99,Senior Staff
428357,Billie,Lovengreen,3/6/63,1/12/99,1/1/99,Engineer
428388,JoAnne,Panangaden,1/4/62,11/4/87,1/1/99,Senior Staff
428393,Maria,Bonifati,12/1/63,2/11/96,1/1/99,Assistant Engineer
428396,Makato,Clouatre,1/22/62,9/24/94,1/1/99,Senior Staff
428404,Abdulah,Hertweck,3/6/62,3/30/88,1/1/99,Senior Staff
428405,Alain,Andreotta,5/28/64,6/16/86,1/1/99,Senior Engineer
428406,Suebskul,Ranta,7/8/62,8/1/98,1/1/99,Senior Staff
428407,Rutger,Bahr,10/27/63,12/21/96,1/1/99,Senior Staff
428413,Yannis,Bennet,7/25/62,1/28/97,1/1/99,Staff
428414,Kwok,Gimbel,12/21/62,12/9/92,1/1/99,Engineer
428422,Toshimori,Jording,12/30/64,6/16/97,1/1/99,Engineer
428423,Leah,Percebois,12/10/62,6/22/88,1/1/99,Staff
428446,Jiakeng,Homond,12/5/64,2/4/98,1/1/99,Staff
428451,Subhada,Rosar,10/21/62,3/20/92,1/1/99,Senior Staff
428454,Ottavia,Weiland,6/10/62,10/16/88,1/1/99,Senior Staff
428455,Sanjai,Boyle,11/1/62,6/28/86,1/1/99,Staff
428458,Shiv,Hambrick,7/6/64,7/5/92,1/1/99,Staff
428462,Yefim,Katiyar,11/3/64,2/27/99,1/1/99,Staff
428467,Ewing,Siepmann,5/15/64,8/26/85,1/1/99,Staff
428470,Jongsuk,Lanphier,3/11/62,5/30/92,1/1/99,Senior Engineer
428473,Shahaf,Neimat,7/5/63,6/9/92,1/1/99,Engineer
428475,Guangming,Tramer,10/29/64,11/15/93,1/1/99,Staff
428484,Arnould,Kermarrec,12/5/63,11/11/87,1/1/99,Senior Staff
428487,Maha,Shrader,2/25/63,12/26/93,1/1/99,Technique Leader
428493,Ugo,Boguraev,3/23/64,2/24/89,1/1/99,Senior Engineer
428500,Berto,Veldwijk,11/23/62,12/25/85,1/1/99,Senior Staff
428503,Shigehiro,Nicolson,9/3/64,11/11/99,1/1/99,Staff
428510,Tristan,Gecsel,5/31/64,12/11/89,1/1/99,Engineer
428511,Arch,Pluym,9/5/64,6/24/90,1/1/99,Staff
428512,Ioana,Muhling,7/11/62,6/19/90,1/1/99,Senior Staff
428514,Otilia,Khamsi,11/10/64,6/19/92,1/1/99,Staff
428517,Chinho,Ponthieu,8/7/64,9/14/99,1/1/99,Staff
428521,Mads,Arlazarov,2/25/64,7/12/97,1/1/99,Senior Staff
428527,Rosalyn,Vieth,8/4/63,11/6/89,1/1/99,Engineer
428539,Oddvar,Merey,11/23/64,8/8/98,1/1/99,Senior Staff
428541,Lenore,Lanzelotte,9/9/64,2/1/95,1/1/99,Senior Staff
428542,Armond,Serna,4/28/64,9/25/85,1/1/99,Staff
428549,Brendon,Teitelbaum,8/23/64,8/2/98,1/1/99,Staff
428550,Masako,Koyama,9/22/63,3/2/96,1/1/99,Staff
428563,Behnaam,Rossi,12/23/63,12/4/87,1/1/99,Senior Engineer
428566,Hilari,Thambidurai,3/26/62,12/20/98,1/1/99,Engineer
428568,Yoshimitsu,Castellani,8/3/64,12/21/91,1/1/99,Senior Staff
428572,Masaki,Impagliazzo,2/8/63,11/8/96,1/1/99,Engineer
428578,Boguslaw,Molberg,7/18/63,4/16/88,1/1/99,Engineer
428579,Clyde,Geffroy,6/12/63,5/7/97,1/1/99,Technique Leader
428588,Dzung,Kossowski,5/5/64,7/22/91,1/1/99,Senior Staff
428590,Yurij,Casperson,6/20/64,6/13/92,1/1/99,Assistant Engineer
428599,Ger,Zuberek,11/5/63,7/23/90,1/1/99,Technique Leader
428606,Kayoko,Suomi,1/1/63,6/7/96,1/1/99,Staff
428607,Aleksander,Jumpertz,3/14/64,12/28/93,1/1/99,Senior Engineer
428608,Saeko,Swab,7/8/63,12/3/93,1/1/99,Engineer
428611,Marco,Stavenow,11/25/63,1/5/91,1/1/99,Engineer
428615,Yakkov,Rousseau,9/7/62,6/8/91,1/1/99,Senior Staff
428618,Rayond,Breugel,1/28/62,12/5/94,1/1/99,Staff
428626,Francoise,Zongker,1/15/64,8/21/97,1/1/99,Technique Leader
428628,Itzchak,Ramsay,8/10/63,8/22/00,1/1/99,Staff
428629,Junsik,Kisuki,8/27/62,9/7/92,1/1/99,Technique Leader
428632,Chinhyun,Edelhoff,6/24/63,11/22/88,1/1/99,Senior Staff
428634,Lucien,Garrabrants,10/25/62,11/4/90,1/1/99,Senior Staff
428636,Qiwen,Iisaka,5/31/63,8/1/89,1/1/99,Senior Engineer
428637,Shih,Serre,4/14/64,12/2/01,1/1/99,Assistant Engineer
428639,Kellyn,Melski,10/17/63,5/21/98,1/1/99,Senior Engineer
428640,Golgen,Bale,11/16/63,10/28/85,1/1/99,Technique Leader
428643,Jeanna,Slaats,1/17/63,1/17/88,1/1/99,Senior Staff
428647,Susanne,Buchter,4/6/62,5/11/99,1/1/99,Senior Staff
428655,Masaki,Gilg,9/23/63,3/15/98,1/1/99,Senior Staff
428656,Xuejia,Baar,2/4/64,9/11/87,1/1/99,Senior Engineer
428662,Marc,Trelles,9/30/64,10/30/94,1/1/99,Senior Staff
428663,Saniya,Kulisch,6/17/62,6/27/02,1/1/99,Senior Engineer
428683,Gaetan,Whitcomb,12/29/62,2/1/98,1/1/99,Staff
428684,Jiakeng,Basart,2/8/64,3/3/88,1/1/99,Senior Staff
428687,Gift,Porenta,4/14/64,12/15/92,1/1/99,Technique Leader
428704,Yuguang,Hemaspaandra,11/27/63,2/3/92,1/1/99,Senior Staff
428711,Muzhong,Fetvedt,8/15/64,10/4/97,1/1/99,Engineer
428718,Nahla,Emmart,4/20/64,8/8/85,1/1/99,Senior Engineer
428719,Tonia,Macedo,1/8/62,8/7/90,1/1/99,Senior Engineer
428722,Arunas,Badache,2/28/62,1/13/97,1/1/99,Staff
428731,Masasuke,Fritzsche,3/5/64,8/3/89,1/1/99,Senior Staff
428733,Reinhold,Zultner,5/5/62,11/4/96,1/1/99,Staff
428736,Marco,Nations,8/11/63,2/23/94,1/1/99,Senior Engineer
428738,Giao,Woycyznski,8/11/63,8/4/89,1/1/99,Senior Engineer
428739,Manu,Garnham,7/3/63,10/28/88,1/1/99,Senior Engineer
428758,Angel,Menhardt,5/23/62,6/29/89,1/1/99,Technique Leader
428760,Munir,Velardi,10/29/64,3/23/91,1/1/99,Senior Engineer
428773,Kwangho,Ernst,7/30/62,8/9/98,1/1/99,Engineer
428777,Dannz,Goodrum,9/22/62,4/16/91,1/1/99,Assistant Engineer
428779,Nevio,Orlowski,10/28/64,9/14/96,1/1/99,Senior Engineer
428782,Golgen,Kilgore,6/25/62,11/26/90,1/1/99,Senior Staff
428784,Sreekrishna,Vilarrasa,12/3/62,8/17/99,1/1/99,Engineer
428785,Taiji,Brlek,6/28/62,12/20/90,1/1/99,Engineer
428789,Monique,Paludetto,2/13/62,3/5/01,1/1/99,Engineer
428791,Jaana,Gilg,12/13/62,5/23/93,1/1/99,Senior Engineer
428801,Wuxu,McFarlin,12/25/63,10/4/93,1/1/99,Engineer
428805,Guoxiang,McFarlan,9/26/64,5/15/86,1/1/99,Senior Staff
428807,Samphel,Bouloucos,1/25/64,9/4/85,1/1/99,Staff
428808,Shaowei,Ferretti,12/3/62,10/18/88,1/1/99,Staff
428815,Arun,Katzenelson,2/9/64,8/27/90,1/1/99,Senior Engineer
428834,Maia,Dalton,9/12/62,7/21/87,1/1/99,Senior Staff
428854,Jaana,Muchinsky,2/17/63,11/24/88,1/1/99,Senior Engineer
428855,Toshimori,Paludetto,7/30/64,12/23/96,1/1/99,Staff
428864,Slavian,Narwekar,3/6/62,7/5/97,1/1/99,Senior Engineer
428874,Sanjit,Prochazka,10/7/63,1/14/89,1/1/99,Senior Engineer
428880,Arunachalam,Chaudhury,12/15/63,8/1/86,1/1/99,Senior Engineer
428884,Rosella,Bahl,10/18/62,10/23/91,1/1/99,Senior Engineer
428885,Rildo,Birrer,9/22/64,12/27/93,1/1/99,Senior Engineer
428892,Mingsen,Heinisuo,4/14/63,6/27/98,1/1/99,Technique Leader
428898,Bedrich,Leonhardt,6/15/62,4/9/86,1/1/99,Senior Engineer
428904,Gadiel,Liesche,9/6/63,11/29/99,1/1/99,Staff
428905,Atilio,Benner,3/10/64,9/19/88,1/1/99,Engineer
428911,Mads,Buescher,2/28/62,4/10/87,1/1/99,Staff
428912,Marco,Strehl,8/21/64,5/6/96,1/1/99,Senior Engineer
428917,Theron,Billawala,1/23/65,2/17/89,1/1/99,Assistant Engineer
428918,Vasilii,Kroll,8/4/62,7/9/95,1/1/99,Senior Staff
428924,Goh,Karlin,1/13/63,4/19/89,1/1/99,Engineer
428928,Shaleah,Showalter,6/18/62,6/6/99,1/1/99,Senior Engineer
428935,Badri,Fioravanti,9/23/62,1/17/95,1/1/99,Engineer
428936,Mayuko,Slaats,3/14/62,9/7/98,1/1/99,Senior Staff
428949,Premsyl,Peternell,10/25/64,10/9/95,1/1/99,Engineer
428950,Wanqing,Gajiwala,8/20/62,8/9/96,1/1/99,Senior Engineer
428964,Nadjib,Matzov,9/1/64,7/26/94,1/1/99,Engineer
428967,Przemyslawa,Rikino,10/10/62,12/17/85,1/1/99,Senior Engineer
428968,Xiong,Brlek,3/13/62,8/5/87,1/1/99,Senior Staff
428970,Stamatina,Flexer,10/3/64,12/1/89,1/1/99,Senior Engineer
428971,Aamer,Belinskaya,10/6/62,12/13/86,1/1/99,Senior Engineer
428984,Gou,Lichtman,9/16/64,7/19/90,1/1/99,Staff
428986,Sangeeta,Thiria,5/12/63,12/20/98,1/1/99,Staff
428987,Yoshimitsu,Rusmann,8/28/63,8/29/95,1/1/99,Engineer
428988,Vishv,Fetvedt,3/9/63,8/11/90,1/1/99,Senior Staff
428989,Stein,VanScheik,12/12/62,8/10/86,1/1/99,Engineer
428994,Harngdar,Rissland,9/22/63,9/20/95,1/1/99,Staff
428995,Baruch,Khamsi,3/7/63,7/14/86,1/1/99,Senior Staff
428996,Ayonca,Undy,9/7/64,1/3/99,1/1/99,Engineer
429000,Huiqun,Gajiwala,11/26/64,4/25/98,1/1/99,Staff
429002,Zongyan,Chimia,3/20/63,2/20/85,1/1/99,Senior Staff
429004,Eishiro,Kleiser,9/2/63,9/12/94,1/1/99,Engineer
429005,Richara,McDermid,4/17/63,7/11/86,1/1/99,Senior Staff
429007,Shalesh,Cannane,9/25/63,5/9/92,1/1/99,Senior Staff
429009,Mabry,Katiyar,6/1/63,2/15/87,1/1/99,Senior Engineer
429014,IEEE,Kalloufi,1/30/63,12/1/99,1/1/99,Staff
429021,Sverrir,Ruther,11/19/63,7/22/85,1/1/99,Senior Engineer
429029,Doowon,Vuskovic,3/30/64,12/15/96,1/1/99,Engineer
429030,Jeong,Gargeya,4/14/63,10/5/88,1/1/99,Engineer
429036,Alper,Bisiani,3/15/62,5/25/91,1/1/99,Senior Engineer
429042,Ramzi,Birdsall,11/11/62,6/29/92,1/1/99,Senior Engineer
429058,Guenter,Badr,3/29/62,10/20/91,1/1/99,Senior Staff
429076,Snehasis,Assaf,1/12/64,7/31/86,1/1/99,Senior Engineer
429081,Mats,Guting,10/20/62,11/10/90,1/1/99,Assistant Engineer
429087,Hugh,Senzako,1/27/65,10/15/92,1/1/99,Technique Leader
429090,Stevo,Radivojevic,11/15/63,12/26/95,1/1/99,Senior Engineer
429094,Udi,Syrzycki,1/16/62,8/1/94,1/1/99,Staff
429097,Shigenori,Genther,4/9/62,4/18/96,1/1/99,Staff
429108,Sastry,Weedon,11/21/64,5/31/87,1/1/99,Senior Engineer
429125,Marsja,Acton,7/19/63,6/30/97,1/1/99,Engineer
429134,Khalil,Heering,10/8/64,11/7/89,1/1/99,Senior Staff
429139,Georg,Asrin,7/20/64,1/22/91,1/1/99,Engineer
429143,Yolla,Gerteisen,4/15/62,2/4/89,1/1/99,Engineer
429153,Itzchak,Bernini,2/18/63,12/12/87,1/1/99,Senior Engineer
429154,Piyush,Stroustrup,4/12/62,5/29/90,1/1/99,Senior Engineer
429165,Isaac,Weedman,4/6/62,8/21/90,1/1/99,Staff
429170,Mantis,Pews,1/14/62,4/3/87,1/1/99,Engineer
429171,Heather,Toyoshima,12/17/62,11/2/89,1/1/99,Staff
429175,Itzchak,Detkin,2/27/64,3/26/85,1/1/99,Senior Staff
429178,Fabrizio,Servi,7/5/63,8/28/99,1/1/99,Staff
429179,Yuping,Lieblein,7/10/64,7/6/90,1/1/99,Technique Leader
429180,Guozhong,Veccia,4/26/63,5/28/89,1/1/99,Senior Staff
429184,Shigeichiro,Marquardt,3/21/63,1/10/92,1/1/99,Engineer
429186,Mechthild,Suppi,5/24/62,2/16/91,1/1/99,Senior Staff
429191,Jinpo,Taubman,4/10/62,5/2/95,1/1/99,Senior Staff
429195,Yannis,Diderrich,11/16/63,5/17/93,1/1/99,Staff
429197,Bader,Cronin,12/30/63,4/16/92,1/1/99,Engineer
429199,Arra,Selvestrel,1/17/64,7/21/85,1/1/99,Staff
429203,Lakshmi,Molberg,4/11/63,2/21/94,1/1/99,Senior Engineer
429206,Vasilii,Colorni,12/27/62,9/24/90,1/1/99,Engineer
429207,Weiye,Slutz,1/6/62,10/12/86,1/1/99,Senior Staff
429208,Sanjit,Servi,12/14/62,12/6/88,1/1/99,Senior Staff
429214,Hidekazu,Eiter,1/16/64,9/19/85,1/1/99,Senior Staff
429218,Baoqiu,Langford,3/10/62,11/24/86,1/1/99,Engineer
429226,Anneke,Porenta,12/29/62,2/15/86,1/1/99,Engineer
429227,Jayesh,Gimarc,5/31/63,6/3/98,1/1/99,Engineer
429228,Satyanarayana,Suermann,3/10/62,9/24/85,1/1/99,Staff
429231,Kazuyasu,Schmiedel,1/9/65,9/7/85,1/1/99,Staff
429233,Souichi,Moffat,9/30/62,4/24/99,1/1/99,Staff
429234,Jayson,Apsitis,2/6/62,8/24/92,1/1/99,Technique Leader
429238,Mona,Luck,1/29/65,5/11/89,1/1/99,Senior Staff
429240,Sanjai,Angelopoulos,3/23/62,6/25/98,1/1/99,Engineer
429245,Chuanyi,Luders,1/30/63,3/2/86,1/1/99,Engineer
429249,Alassane,Wolniewicz,1/28/65,11/9/93,1/1/99,Senior Engineer
429253,Candida,Chvatal,10/24/62,6/13/93,1/1/99,Senior Staff
429255,Shigeu,Pollock,1/28/63,9/6/91,1/1/99,Senior Staff
429264,Irene,Legleitner,2/1/62,5/2/95,1/1/99,Engineer
429266,Lene,Gischer,1/23/63,1/27/92,1/1/99,Senior Staff
429271,Juyoung,Gire,1/20/62,5/18/94,1/1/99,Staff
429292,Kristen,Lambe,10/22/64,12/26/97,1/1/99,Staff
429300,Ipke,Xiaoshan,10/9/63,8/3/94,1/1/99,Staff
429303,Leucio,Schrooten,7/2/64,9/18/85,1/1/99,Engineer
429304,Akhilish,Pulkowski,11/11/63,12/3/96,1/1/99,Engineer
429305,Gay,Khasidashvili,4/21/62,11/20/92,1/1/99,Engineer
429306,Annemarie,Suomi,10/21/64,2/10/99,1/1/99,Senior Staff
429313,Yonghong,Boissier,4/30/64,7/16/99,1/1/99,Senior Staff
429316,Seshu,Hiraishi,1/8/65,8/10/94,1/1/99,Staff
429323,Zhiguo,Randi,2/26/64,9/23/92,1/1/99,Staff
429331,Falguni,Gladwell,10/25/62,9/11/97,1/1/99,Staff
429334,Chiradeep,Ashish,12/3/64,10/19/99,1/1/99,Staff
429335,Mircea,Isaak,5/14/64,4/25/94,1/1/99,Engineer
429338,Munir,Ghemri,5/16/62,9/13/95,1/1/99,Staff
429340,Tamiya,Perelgut,5/25/63,2/4/89,1/1/99,Senior Engineer
429342,Jinxi,Wrigley,9/10/63,9/18/97,1/1/99,Staff
429348,Renny,Ermel,7/25/62,10/12/87,1/1/99,Assistant Engineer
429357,Jagoda,Fraisse,5/8/63,6/15/99,1/1/99,Staff
429364,Sanjeeva,Tokunaga,11/19/62,4/30/96,1/1/99,Engineer
429365,Tesuro,Peyn,10/12/64,12/12/88,1/1/99,Senior Engineer
429366,TRUE,Taubenfeld,7/11/62,10/9/85,1/1/99,Senior Engineer
429375,George,Daescu,9/5/64,2/28/87,1/1/99,Senior Engineer
429381,Limsoon,Roohalamini,1/6/65,11/26/86,1/1/99,Senior Staff
429405,Tesuya,Bojadziev,5/18/62,5/30/94,1/1/99,Senior Staff
429407,Masato,Wroclawski,5/16/64,5/14/88,1/1/99,Senior Engineer
429408,Jianhui,McClure,3/31/64,7/6/90,1/1/99,Engineer
429415,Mrinalini,Hasenauer,1/24/62,8/8/87,1/1/99,Engineer
429420,Nevio,Parhami,4/21/62,8/23/85,1/1/99,Senior Engineer
429424,Mong,Motley,7/19/64,2/14/98,1/1/99,Engineer
429440,Van,Crabtree,1/8/62,8/29/87,1/1/99,Senior Staff
429449,Alexius,Heusch,10/27/64,10/19/90,1/1/99,Engineer
429451,Shahid,Solares,1/31/63,5/6/98,1/1/99,Staff
429454,Youssef,Munch,1/14/63,6/29/99,1/1/99,Staff
429455,Hilary,Koblitz,5/1/63,11/3/90,1/1/99,Senior Staff
429457,Hatim,Fritzsche,10/13/64,9/26/90,1/1/99,Senior Engineer
429459,Nimmagadda,Langford,11/6/63,1/11/99,1/1/99,Senior Staff
429465,Lalit,Busillo,2/27/62,6/1/98,1/1/99,Senior Staff
429471,Piyawadee,Champarnaud,11/18/62,4/19/95,1/1/99,Senior Engineer
429481,Subhada,Emmerich,1/9/65,3/6/96,1/1/99,Engineer
429485,Youjian,Kobuchi,1/30/63,1/7/88,1/1/99,Senior Engineer
429498,Arunas,Begiun,7/7/63,4/12/99,1/1/99,Staff
429506,Jenwei,Stemann,11/10/64,1/18/91,1/1/99,Senior Staff
429511,Munir,Cronin,3/30/64,10/4/97,1/1/99,Staff
429520,Yongqiao,Francisci,1/6/65,12/1/99,1/1/99,Engineer
429522,Kristine,Lichtner,6/12/63,4/9/96,1/1/99,Senior Staff
429526,Ingemar,Redmiles,9/18/64,3/3/88,1/1/99,Senior Engineer
429530,Kenton,Siegrist,5/2/62,5/2/99,1/1/99,Assistant Engineer
429531,Martien,Lichtner,3/20/64,1/26/90,1/1/99,Engineer
429532,Bartek,Vendrig,1/25/65,6/6/92,1/1/99,Staff
429540,Tze,Reistad,1/31/63,2/20/99,1/1/99,Senior Staff
429544,Peternela,Schaft,10/23/64,12/15/90,1/1/99,Technique Leader
429550,Yonghong,Bade,3/25/63,10/26/91,1/1/99,Engineer
429558,Khosrow,Bugrara,7/12/63,6/24/85,1/1/99,Senior Engineer
429560,Herb,Gammage,12/8/63,7/15/94,1/1/99,Senior Staff
429569,Fumiya,Chappelet,1/3/65,9/3/92,1/1/99,Engineer
429571,Shigeu,Shrader,11/7/62,7/28/99,1/1/99,Senior Engineer
429572,Gina,Ranum,3/8/62,5/6/97,1/1/99,Senior Staff
429574,Eric,Deverell,6/4/63,7/30/91,1/1/99,Engineer
429580,Jouni,Brodie,4/28/62,4/7/96,1/1/99,Senior Engineer
429581,Luigi,Lamparter,4/11/63,3/10/91,1/1/99,Engineer
429586,Shigeaki,Chartres,2/2/62,7/25/95,1/1/99,Senior Staff
429590,Sajjan,Leivant,7/13/62,9/19/93,1/1/99,Senior Engineer
429591,Billie,Kusalik,1/1/63,2/6/97,1/1/99,Engineer
429594,Hausi,Hiraishi,10/10/64,5/22/90,1/1/99,Senior Engineer
429595,Saddek,Ishibashi,10/15/63,10/11/98,1/1/99,Senior Staff
429602,Gor,Bernick,10/30/64,4/21/98,1/1/99,Engineer
429605,Jahangir,Kermarrec,6/30/64,6/8/85,1/1/99,Senior Staff
429613,Stepehn,Cullers,9/7/64,12/8/89,1/1/99,Engineer
429615,Kish,Simkin,4/5/64,5/6/88,1/1/99,Senior Staff
429620,DeForest,Lambe,5/24/63,7/10/87,1/1/99,Senior Engineer
429621,Parke,Isaac,12/27/64,11/27/87,1/1/99,Engineer
429622,Christfried,Schmiedel,2/10/64,6/2/85,1/1/99,Senior Engineer
429624,Kasidit,Pagter,7/9/62,5/13/89,1/1/99,Technique Leader
429640,Goh,Colorni,2/19/64,11/30/96,1/1/99,Staff
429645,Zhonghua,Besselaar,11/28/64,7/17/96,1/1/99,Senior Engineer
429651,Chaosheng,Peroz,8/5/64,2/24/86,1/1/99,Senior Engineer
429655,Zorica,Vandervoorde,7/23/63,8/24/98,1/1/99,Senior Engineer
429662,Isaac,Mitzlaff,8/29/64,9/28/89,1/1/99,Senior Staff
429664,Chaitali,Attimonelli,3/30/63,9/9/87,1/1/99,Senior Engineer
429667,Wonhee,Hambrick,4/7/62,2/18/96,1/1/99,Engineer
429668,Marek,Feldhoffer,5/1/63,6/19/87,1/1/99,Senior Engineer
429669,Sanjoy,Oskamp,12/12/64,7/20/94,1/1/99,Senior Staff
429675,Duro,Undy,11/27/62,10/31/98,1/1/99,Technique Leader
429677,Aamod,Begiun,3/2/64,4/12/97,1/1/99,Engineer
429679,Menkae,Axelband,2/22/63,12/11/88,1/1/99,Senior Engineer
429692,Hilari,Snyers,2/10/62,8/21/88,1/1/99,Senior Staff
429703,Ung,Honglei,1/6/65,9/2/86,1/1/99,Senior Staff
429710,Hyuckchul,Nyanchama,10/14/63,1/5/90,1/1/99,Engineer
429723,Gita,Pocchiola,11/28/62,2/8/93,1/1/99,Senior Engineer
429724,Uriel,Conia,6/10/64,11/28/94,1/1/99,Senior Staff
429728,Giap,Bultermann,10/16/63,6/23/90,1/1/99,Staff
429729,Ayakannu,Danley,12/19/63,7/14/95,1/1/99,Senior Engineer
429740,Tamiya,Raoux,2/12/62,4/6/95,1/1/99,Senior Staff
429774,Aran,Koshiba,9/25/63,3/27/89,1/1/99,Senior Staff
429775,Dmitri,Edelhoff,7/21/62,7/24/96,1/1/99,Senior Staff
429779,Yannik,Moehrke,4/7/64,2/2/86,1/1/99,Senior Engineer
429784,Adel,McFarlan,11/13/64,8/6/90,1/1/99,Engineer
429787,Susanta,Ariola,5/9/62,4/28/88,1/1/99,Senior Engineer
429791,Ger,Roisin,12/30/62,8/6/89,1/1/99,Staff
429794,Xiping,Hutton,10/22/62,8/12/98,1/1/99,Senior Engineer
429795,Henk,Schiettecatte,3/23/64,8/11/97,1/1/99,Staff
429803,Babette,Sluis,1/13/63,1/6/96,1/1/99,Senior Engineer
429817,Jackson,Antonakopoulos,5/2/62,4/27/86,1/1/99,Senior Staff
429823,Isamu,Sevcikova,9/12/63,8/24/96,1/1/99,Engineer
429831,Neven,Heemskerk,12/14/62,1/4/99,1/1/99,Technique Leader
429832,Ortrud,Merel,11/18/64,9/5/87,1/1/99,Staff
429835,Duke,Rabehasaina,6/15/63,12/16/92,1/1/99,Senior Staff
429838,Marko,Barvinok,8/5/63,11/1/01,1/1/99,Senior Staff
429845,Leszek,Terkki,4/3/63,2/10/85,1/1/99,Engineer
429847,Tse,Taubenfeld,2/24/63,1/28/95,1/1/99,Engineer
429855,Mong,Giarratana,10/13/64,12/24/88,1/1/99,Engineer
429863,Khalil,Genther,8/2/63,6/28/90,1/1/99,Senior Staff
429865,Oksana,Braccini,9/11/64,5/1/95,1/1/99,Senior Engineer
429867,Teunis,Nyrup,10/23/62,2/21/92,1/1/99,Senior Staff
429872,Toshimi,Aloisi,12/4/63,7/22/96,1/1/99,Senior Engineer
429877,Werner,Pehl,7/24/63,5/19/94,1/1/99,Staff
429890,Gopalakrishnan,Zaumen,9/19/63,3/30/90,1/1/99,Senior Staff
429897,Douadi,Sidou,6/6/63,2/15/87,1/1/99,Senior Staff
429898,Ingemar,Cooman,12/16/63,3/2/91,1/1/99,Engineer
429899,Ranan,Marsiglia,1/30/65,8/13/99,1/1/99,Staff
429902,Valeri,Liedekerke,8/15/62,11/21/91,1/1/99,Engineer
429904,Yakichi,Gopalakrishnan,1/17/62,8/16/94,1/1/99,Staff
429916,Jiakeng,Keohane,8/24/63,3/29/86,1/1/99,Engineer
429920,Khaled,Schneeberger,4/30/62,1/1/99,1/1/99,Technique Leader
429925,Moty,Birge,10/26/63,6/3/89,1/1/99,Engineer
429929,Kamakshi,Papsdorf,8/23/62,11/30/94,1/1/99,Staff
429930,Patricia,Comte,5/1/64,1/10/94,1/1/99,Engineer
429936,Vasilii,Gils,11/24/63,9/28/86,1/1/99,Senior Staff
429942,Chenyi,Trachtenberg,2/18/62,7/10/98,1/1/99,Staff
429954,Renny,Gladwell,1/26/65,2/27/99,1/1/99,Staff
429959,Sudhanshu,Ecklund,1/25/64,9/9/90,1/1/99,Staff
429964,Ung,Kalsbeek,9/4/63,6/30/95,1/1/99,Engineer
429975,Takahito,Pfau,1/28/63,8/28/93,1/1/99,Senior Engineer
429976,Shahab,Kolvik,12/18/62,9/28/91,1/1/99,Senior Staff
429977,Nalini,Yeung,9/20/64,6/8/89,1/1/99,Senior Staff
429982,Jessie,Otillio,5/28/64,7/14/86,1/1/99,Technique Leader
429986,Evgueni,Cronau,11/1/63,1/23/99,1/1/99,Staff
429989,Ute,Karner,12/14/63,10/12/90,1/1/99,Engineer
429994,Mamdouh,Avouris,1/6/63,3/20/91,1/1/99,Engineer
430002,Yuuichi,Angiulli,9/7/64,7/12/92,1/1/99,Staff
430003,Paddy,Flasterstein,4/22/63,12/6/87,1/1/99,Staff
430007,Gor,Kropf,1/23/63,5/25/86,1/1/99,Senior Staff
430014,Arvin,Ohori,4/24/62,3/12/96,1/1/99,Staff
430024,Utpal,Emmerich,3/28/64,2/10/95,1/1/99,Senior Staff
430029,Zhensheng,Paciorek,10/20/63,5/10/87,1/1/99,Engineer
430039,Shuho,Cooke,12/18/64,9/1/90,1/1/99,Staff
430045,Toong,Stille,10/3/62,1/10/00,1/1/99,Staff
430046,Limsoon,Ishibashi,5/15/64,4/18/98,1/1/99,Staff
430048,DAIDA,Ratnakar,11/22/62,7/7/85,1/1/99,Senior Engineer
430053,Sanjeeva,Lores,4/14/63,2/10/89,1/1/99,Senior Engineer
430054,Erzsebet,Setiz,1/22/65,6/10/93,1/1/99,Senior Engineer
430056,Kazunori,Duclos,9/22/62,10/5/97,1/1/99,Engineer
430062,Ult,Budinsky,8/17/62,3/2/92,1/1/99,Engineer
430064,Gianluca,Prampolini,12/13/64,1/2/92,1/1/99,Senior Staff
430067,Georgi,Talmon,4/15/64,11/30/87,1/1/99,Engineer
430071,Pramod,Ritcey,3/18/63,2/15/86,1/1/99,Engineer
430074,Khoa,Clemencon,3/24/64,1/10/97,1/1/99,Senior Engineer
430077,Franziska,Schwabacher,3/28/63,6/9/95,1/1/99,Engineer
430081,Pradeep,Vakili,2/2/62,11/25/88,1/1/99,Senior Staff
430084,Xiaoqiu,Lamba,11/13/62,11/30/94,1/1/99,Technique Leader
430089,Shih,Peltason,9/1/63,9/17/87,1/1/99,Senior Engineer
430090,Alper,Morrey,4/29/62,2/13/91,1/1/99,Senior Staff
430093,Danai,Swiler,10/22/64,12/18/91,1/1/99,Engineer
430104,Barry,Hegner,11/20/64,12/15/92,1/1/99,Engineer
430106,Nadjib,Luiz,5/30/64,6/25/97,1/1/99,Technique Leader
430107,Eran,Pollacia,4/19/62,10/7/97,1/1/99,Staff
430120,Shigehiro,Biran,9/8/63,2/11/96,1/1/99,Engineer
430122,Marl,Stenning,6/29/62,11/29/93,1/1/99,Senior Staff
430125,Fumiya,Pews,8/20/64,1/31/93,1/1/99,Senior Staff
430132,Bartek,Sambasivam,12/12/63,5/23/96,1/1/99,Engineer
430135,Heeju,Kisuki,1/24/63,8/29/95,1/1/99,Senior Engineer
430138,Minghong,Miculan,8/28/64,6/3/98,1/1/99,Engineer
430143,Mabhin,Brandsma,4/5/62,4/15/88,1/1/99,Senior Staff
430146,Neven,Delgrossi,12/23/63,2/11/94,1/1/99,Staff
430160,Anneke,Kilgour,1/7/62,7/6/91,1/1/99,Senior Staff
430161,Zhonghui,Melton,5/11/63,11/16/93,1/1/99,Senior Engineer
430170,Barna,Velasco,5/24/62,4/30/98,1/1/99,Technique Leader
430172,Toshiko,Sooriamurthi,11/10/64,11/2/97,1/1/99,Engineer
430174,Sampalli,Bamford,3/11/62,6/27/96,1/1/99,Staff
430178,Elvis,Fadgyas,10/9/62,4/18/88,1/1/99,Senior Staff
430180,Domenick,Erman,6/16/64,1/6/95,1/1/99,Technique Leader
430183,Filipe,Riesenhuber,2/8/64,8/24/86,1/1/99,Staff
430189,Zita,Businaro,4/12/64,10/16/92,1/1/99,Senior Staff
430195,Uinam,Klyachko,3/3/62,10/2/94,1/1/99,Engineer
430198,Gad,Mullainathan,3/14/62,9/6/92,1/1/99,Engineer
430201,Yuqun,Bahk,2/11/64,12/4/93,1/1/99,Assistant Engineer
430207,Sorina,Shanbhogue,12/1/63,9/3/91,1/1/99,Engineer
430210,Eberhardt,Stemann,8/18/63,12/4/91,1/1/99,Senior Engineer
430211,Sibyl,Einsfeld,7/15/63,8/27/92,1/1/99,Senior Engineer
430213,Atreye,Quadeer,5/8/64,2/17/90,1/1/99,Staff
430218,Horward,Hagimont,9/7/64,9/23/95,1/1/99,Staff
430219,Saniya,Narwekar,6/1/63,11/19/01,1/1/99,Staff
430221,Tianruo,Vadhan,7/25/62,5/27/97,1/1/99,Engineer
430222,Jaewoo,Menhardt,11/27/63,5/23/93,1/1/99,Senior Staff
430230,Krister,Mansanne,7/18/62,8/28/85,1/1/99,Senior Staff
430236,Tsutomu,Setlzner,3/28/62,6/29/98,1/1/99,Engineer
430242,Takushi,Kroft,10/28/62,6/28/86,1/1/99,Senior Engineer
430245,Giri,Halloran,10/20/64,9/18/89,1/1/99,Engineer
430246,Billie,Halevi,5/6/63,1/12/97,1/1/99,Senior Engineer
430249,Randy,Benveniste,1/7/64,12/25/99,1/1/99,Senior Staff
430254,Fan,Serdy,11/12/62,8/9/99,1/1/99,Senior Engineer
430258,Bowen,Czaja,2/16/64,12/23/92,1/1/99,Senior Staff
430266,Girolamo,Stamatiou,1/2/62,3/19/02,1/1/99,Engineer
430269,Karlis,Conde,7/28/64,11/18/90,1/1/99,Senior Staff
430272,Toshimitsu,Krichel,2/2/64,9/16/97,1/1/99,Engineer
430279,Mamdouh,Hiyoshi,4/30/64,10/17/95,1/1/99,Technique Leader
430295,Jessie,Zuberek,7/25/62,1/6/00,1/1/99,Senior Engineer
430296,Baruch,Asser,11/24/64,5/21/94,1/1/99,Technique Leader
430305,Pohua,Kermarrec,1/8/62,6/24/00,1/1/99,Senior Staff
430307,Palash,Worfolk,12/21/62,11/8/85,1/1/99,Engineer
430313,Carrsten,Vuskovic,11/6/63,2/2/01,1/1/99,Senior Staff
430317,Edwin,Menhoudj,3/28/64,11/28/95,1/1/99,Assistant Engineer
430324,Kristine,Yoshizawa,10/5/64,10/7/87,1/1/99,Engineer
430330,Garnet,Ranon,4/15/63,9/29/95,1/1/99,Technique Leader
430343,Danco,Facello,4/10/63,7/10/95,1/1/99,Staff
430345,Aram,Irland,9/10/64,6/1/90,1/1/99,Senior Engineer
430348,Poornachandra,Domenig,10/21/64,7/7/88,1/1/99,Staff
430350,Shaunak,Mandell,6/6/63,1/28/94,1/1/99,Senior Staff
430354,Howell,Pluym,11/10/62,6/12/99,1/1/99,Engineer
430355,Hongzhu,Erdi,8/11/63,3/12/96,1/1/99,Engineer
430359,Munehiko,Vidya,5/20/62,10/2/99,1/1/99,Staff
430361,Shai,Ghazalie,10/21/62,9/25/91,1/1/99,Senior Engineer
430363,KayLiang,Boyle,5/12/62,4/22/87,1/1/99,Engineer
430370,Chenxi,Barreiro,4/14/63,9/14/00,1/1/99,Senior Staff
430375,Oldrich,Morrey,3/28/63,5/5/97,1/1/99,Engineer
430378,Sumant,Yemenis,1/16/62,9/21/85,1/1/99,Senior Staff
430380,Marin,Kugler,7/26/62,11/26/91,1/1/99,Senior Staff
430383,Hilary,Schueller,5/2/64,9/5/96,1/1/99,Staff
430388,Raimond,Matheson,12/5/62,5/21/01,1/1/99,Engineer
430389,Lorien,Danner,1/7/62,11/19/94,1/1/99,Staff
430391,Marit,Tsukune,7/3/62,7/26/99,1/1/99,Staff
430398,Yishay,Brodie,4/17/64,1/28/96,1/1/99,Engineer
430404,Kristinn,Wissmann,4/25/63,10/14/96,1/1/99,Engineer
430408,Kristof,Boyle,12/5/64,2/25/91,1/1/99,Engineer
430412,Tomoyuki,Guerreiro,7/16/63,2/3/93,1/1/99,Engineer
430415,Kellyn,Bondorf,1/23/63,2/7/87,1/1/99,Engineer
430418,Arne,Lunt,9/9/63,2/2/96,1/1/99,Staff
430425,Tommaso,Parhami,3/18/63,11/4/90,1/1/99,Senior Engineer
430429,Goetz,Noriega,5/18/64,10/12/93,1/1/99,Staff
430431,Gita,Panangaden,1/23/62,5/21/89,1/1/99,Engineer
430436,Chandrasekaran,Quadeer,11/9/64,10/11/99,1/1/99,Staff
430439,Tsz,Jahnichen,5/22/62,10/8/93,1/1/99,Engineer
430441,Bowen,Erev,10/17/62,6/10/85,1/1/99,Technique Leader
430444,Valter,Sudbeck,1/21/64,5/29/88,1/1/99,Senior Engineer
430457,Gonzalo,Radhakrishnan,6/5/63,8/7/93,1/1/99,Staff
430458,Margareta,Shihab,9/4/64,7/20/98,1/1/99,Staff
430462,Annemarie,Sevcikova,7/20/64,2/25/85,1/1/99,Staff
430464,Mokhtar,Olivero,2/28/64,2/10/90,1/1/99,Senior Staff
430483,Jiafu,Dulay,5/10/62,4/5/95,1/1/99,Senior Staff
430484,Hairong,Soicher,10/29/62,8/22/91,1/1/99,Senior Engineer
430485,Shigehito,Jarecki,6/3/62,7/4/00,1/1/99,Engineer
430497,Juyoung,Rissanen,11/17/63,8/1/94,1/1/99,Staff
430505,Sumant,Cappelli,3/30/64,7/25/94,1/1/99,Engineer
430515,Eric,Szemeredi,7/11/64,10/14/98,1/1/99,Engineer
430521,Divier,Selvestrel,4/4/62,11/15/01,1/1/99,Senior Staff
430522,Masasuke,Kusakari,5/21/62,10/13/89,1/1/99,Engineer
430527,Giap,Ghazalie,1/7/64,8/27/91,1/1/99,Assistant Engineer
430530,Mayuko,Hofmeyr,9/10/62,7/25/98,1/1/99,Engineer
430558,Xiong,Roisin,1/7/65,3/1/88,1/1/99,Senior Engineer
430561,Atreyi,Munoz,6/16/63,5/1/96,1/1/99,Senior Engineer
430563,Kazuhiko,Chaudhury,12/15/62,12/14/85,1/1/99,Senior Staff
430566,Kensei,Kuzuoka,10/28/64,5/26/86,1/1/99,Senior Staff
430567,Kiyotoshi,Dymetman,10/14/63,9/18/88,1/1/99,Senior Engineer
430583,Frazer,Speel,8/17/64,12/11/97,1/1/99,Engineer
430593,Janalee,Lanzelotte,1/19/65,12/1/97,1/1/99,Senior Staff
430599,Berhard,Spinelli,12/13/64,2/25/01,1/1/99,Senior Engineer
430602,Toshiki,Melton,7/8/63,3/10/99,1/1/99,Engineer
430605,Krassimir,Back,6/29/63,11/28/96,1/1/99,Senior Staff
430608,Sachar,Sidje,12/28/62,2/28/87,1/1/99,Engineer
430614,Jeanna,Brattka,3/11/62,9/11/85,1/1/99,Senior Staff
430621,Adit,Katzenelson,4/22/62,12/9/92,1/1/99,Technique Leader
430624,Shaowen,Hofting,11/11/62,9/5/92,1/1/99,Assistant Engineer
430627,Manu,Asrin,11/22/62,2/8/99,1/1/99,Engineer
430628,Muzhong,Greenaway,11/14/64,6/25/92,1/1/99,Engineer
430631,Kersti,Marsiglia,1/17/65,2/19/94,1/1/99,Engineer
430637,Jenwei,Tibblin,1/29/62,11/9/88,1/1/99,Engineer
430644,Alain,Krichel,4/20/62,8/13/99,1/1/99,Senior Staff
430651,Mechthild,Senzako,4/16/62,3/31/92,1/1/99,Senior Engineer
430659,JoAnne,Yavatkar,4/4/63,10/5/96,1/1/99,Staff
430666,Sasan,Demke,5/9/64,1/4/98,1/1/99,Engineer
430667,Larisa,Jervis,7/1/63,3/1/98,1/1/99,Senior Staff
430676,Masanao,Herbst,11/15/63,12/22/85,1/1/99,Senior Staff
430689,Lucien,Armand,3/12/62,8/22/95,1/1/99,Senior Engineer
430697,Moss,Vakili,2/5/63,7/20/86,1/1/99,Assistant Engineer
430703,Percy,Ozeki,4/11/64,5/13/88,1/1/99,Engineer
430709,Shaowen,Farrar,4/22/62,1/16/97,1/1/99,Senior Engineer
430723,Heekeun,Gruenwald,8/20/64,6/28/85,1/1/99,Staff
430727,Berto,Lindenbaum,10/21/63,10/23/93,1/1/99,Staff
430729,Thanasis,Vesel,5/21/62,1/9/98,1/1/99,Engineer
430730,Angel,Picci,1/16/64,4/8/96,1/1/99,Senior Engineer
430741,Remmert,Ulupinar,9/11/64,7/27/99,1/1/99,Engineer
430744,Manton,Ritzmann,11/30/63,4/13/95,1/1/99,Staff
430757,Ekawit,Dulin,3/2/62,1/18/97,1/1/99,Staff
430760,Gor,Dichev,9/9/63,3/15/95,1/1/99,Engineer
430762,Mizuhito,Bernini,10/25/62,5/14/95,1/1/99,Senior Staff
430766,Fumino,Tyugu,1/27/62,11/22/96,1/1/99,Staff
430780,Limsoon,Malinowski,8/10/62,5/14/94,1/1/99,Engineer
430783,Yannis,Baek,1/9/62,10/26/96,1/1/99,Senior Staff
430785,Terresa,Geffroy,11/15/62,11/18/94,1/1/99,Senior Staff
430795,Junichi,Zaiane,2/8/64,7/26/96,1/1/99,Engineer
430801,Kien,Demir,9/11/62,4/17/92,1/1/99,Assistant Engineer
430802,Adib,Koprowski,6/18/64,3/5/91,1/1/99,Engineer
430804,Nathan,Cyne,4/1/62,5/2/95,1/1/99,Engineer
430806,Temple,Feldmann,2/24/62,5/11/85,1/1/99,Engineer
430811,Georg,Callaway,8/18/64,12/24/97,1/1/99,Staff
430815,Chenxi,Ravishankar,5/16/64,4/24/85,1/1/99,Engineer
430823,Ramalingam,Keustermans,9/15/63,7/1/93,1/1/99,Senior Staff
430824,Shem,Krupka,5/21/62,8/7/91,1/1/99,Senior Staff
430825,Odysseas,Zizka,4/24/64,6/15/98,1/1/99,Staff
430827,Saniya,Muntz,6/13/62,12/25/96,1/1/99,Engineer
430831,Prodip,Pezzoli,12/22/62,6/20/86,1/1/99,Senior Staff
430835,Sashi,Broomell,10/26/64,8/31/99,1/1/99,Engineer
430847,Anoosh,Dulay,7/2/62,3/7/85,1/1/99,Senior Engineer
430860,Kwangjo,Schrooten,4/2/63,11/14/89,1/1/99,Staff
430861,Baocai,Covnot,2/1/63,4/14/99,1/1/99,Senior Staff
430862,Hugo,Uchoa,5/10/63,1/1/90,1/1/99,Staff
430869,Eran,Lanphier,4/5/64,4/20/90,1/1/99,Senior Staff
430872,Toshimitsu,Petersohn,7/3/63,7/30/89,1/1/99,Senior Engineer
430881,Yonghong,Hambrick,1/24/63,1/26/92,1/1/99,Senior Engineer
430883,Mikhail,Peek,5/13/64,6/15/94,1/1/99,Senior Staff
430885,Stepehn,Granlund,7/5/62,10/30/85,1/1/99,Staff
430887,Surveyors,Schieder,3/20/63,3/22/87,1/1/99,Technique Leader
430891,Khalil,Gien,1/6/65,8/6/91,1/1/99,Senior Engineer
430900,Arunas,Hertweck,6/24/64,1/8/86,1/1/99,Senior Engineer
430905,Xiaoheng,Beutelspacher,11/12/63,8/16/93,1/1/99,Staff
430911,Nitsan,Kavraki,9/6/63,4/4/92,1/1/99,Technique Leader
430914,Pranjal,Kroft,6/14/62,8/10/85,1/1/99,Senior Staff
430918,Ranga,Schlegelmilch,1/11/62,12/27/97,1/1/99,Staff
430920,Dines,Serre,12/4/64,11/12/92,1/1/99,Senior Staff
430925,Yuchang,Farrag,1/31/63,5/19/90,1/1/99,Senior Staff
430930,Ugo,Heuter,3/2/64,1/14/97,1/1/99,Engineer
430931,Val,Olano,3/21/63,2/20/86,1/1/99,Staff
430947,Xinyu,Swab,1/11/62,9/9/94,1/1/99,Technique Leader
430957,Danae,Zeleznik,9/3/63,8/4/94,1/1/99,Senior Staff
430965,Inderjeet,Bernardinello,11/8/62,5/20/92,1/1/99,Engineer
430970,Elzbieta,Solares,6/19/64,4/17/92,1/1/99,Senior Staff
430971,Heeju,Varley,10/28/64,2/27/92,1/1/99,Engineer
430972,Shichao,Chepyzhov,12/3/64,7/7/96,1/1/99,Senior Staff
430975,Alassane,Nilsson,10/7/64,5/10/98,1/1/99,Engineer
430976,Uma,Himler,9/2/63,12/28/97,1/1/99,Staff
430979,Padma,Chelton,9/6/64,9/26/97,1/1/99,Engineer
430986,Hein,Bahr,7/31/64,5/14/94,1/1/99,Staff
430989,Dmitri,Candan,2/12/62,6/28/93,1/1/99,Engineer
430993,Shaibal,Chelton,9/3/64,3/31/96,1/1/99,Senior Staff
430994,Monique,Joslin,11/7/64,8/14/87,1/1/99,Engineer
430995,Bodo,Rusterholz,2/10/64,4/3/88,1/1/99,Senior Engineer
430997,Debatosh,Muhling,3/21/62,7/24/98,1/1/99,Technique Leader
431000,Marie,Nitsch,1/20/64,12/8/97,1/1/99,Staff
431002,Neelam,Magliocco,2/16/64,12/27/92,1/1/99,Senior Staff
431013,Satosi,Karner,11/28/64,7/30/98,1/1/99,Staff
431015,Shimshon,Aumann,6/7/62,9/7/88,1/1/99,Engineer
431020,Kiam,Chvatal,12/15/62,5/27/93,1/1/99,Senior Staff
431021,Shunichi,Esteva,10/31/62,3/24/85,1/1/99,Technique Leader
431025,Guadalupe,Boyle,11/15/63,9/27/90,1/1/99,Staff
431028,Chirstian,Nergos,3/25/63,2/19/85,1/1/99,Engineer
431031,Berthier,Caine,3/14/64,2/6/95,1/1/99,Senior Engineer
431034,Toshimitsu,Poupard,6/6/62,10/10/95,1/1/99,Engineer
431037,Domenick,Coors,1/5/62,11/10/95,1/1/99,Senior Engineer
431042,Nadjib,Morton,11/17/64,9/24/95,1/1/99,Engineer
431043,Mayuri,Maraist,10/8/64,6/30/93,1/1/99,Senior Staff
431047,Martial,Wielonsky,9/8/62,5/4/95,1/1/99,Senior Engineer
431052,Harngdar,Deverell,4/22/64,9/16/01,1/1/99,Senior Engineer
431053,Mabo,Bottner,3/14/64,8/30/98,1/1/99,Engineer
431054,Pohua,Setiz,8/27/63,1/26/90,1/1/99,Senior Staff
431057,Guiseppe,Denna,5/17/62,3/8/96,1/1/99,Engineer
431061,Janche,Byoun,11/18/64,8/22/97,1/1/99,Senior Staff
431063,Filipe,Magliocco,5/20/62,10/16/92,1/1/99,Senior Engineer
431064,Fei,Talmor,2/10/62,2/19/95,1/1/99,Staff
431066,Weijing,Radwan,9/29/62,6/21/99,1/1/99,Engineer
431069,Sumali,Stentiford,3/25/62,11/29/97,1/1/99,Assistant Engineer
431070,Magy,Knightly,6/9/64,10/26/91,1/1/99,Senior Engineer
431071,Mohua,Meriste,9/10/63,6/27/94,1/1/99,Engineer
431074,Takahiro,Perez,10/22/63,10/13/88,1/1/99,Senior Staff
431088,Paddy,Litzler,2/19/62,4/5/90,1/1/99,Engineer
431098,Jinya,Nittel,4/21/62,12/16/88,1/1/99,Senior Staff
431101,Mingdong,Veeraraghavan,2/22/64,12/12/92,1/1/99,Engineer
431114,Satyanarayana,Tempesti,11/19/62,6/13/93,1/1/99,Engineer
431115,Lihong,Itzigehl,5/16/64,12/22/86,1/1/99,Senior Engineer
431119,Raimond,Crouzet,7/15/64,11/16/85,1/1/99,Senior Staff
431120,Nimmagadda,Ramalingam,9/12/63,2/28/91,1/1/99,Staff
431135,Marsja,Zuberek,5/22/64,11/30/99,1/1/99,Staff
431140,Houman,Litzkow,10/6/63,1/28/87,1/1/99,Senior Engineer
431147,Ranga,Strooper,8/23/62,4/8/92,1/1/99,Senior Staff
431149,Poorav,Riefers,6/29/62,12/26/95,1/1/99,Engineer
431150,Dulce,Leaver,9/4/64,1/4/99,1/1/99,Senior Staff
431164,Zeydy,Cooke,7/9/62,10/6/86,1/1/99,Technique Leader
431169,Sumant,Sudkamp,8/29/63,3/15/89,1/1/99,Engineer
431170,Patricio,Mahnke,10/3/64,6/30/94,1/1/99,Technique Leader
431175,Leszek,Moffat,3/11/63,9/7/91,1/1/99,Senior Staff
431178,Oldrich,Lakshmanan,4/20/63,8/4/94,1/1/99,Engineer
431182,Kiam,Zschoche,12/17/64,1/4/00,1/1/99,Engineer
431187,Bluma,Kilgour,3/5/62,11/2/86,1/1/99,Senior Engineer
431191,Salvador,Bratsberg,4/14/62,4/16/92,1/1/99,Senior Staff
431196,Niteen,Tsunoo,12/30/63,10/27/85,1/1/99,Senior Engineer
431198,Gill,Prenel,10/13/64,1/4/99,1/1/99,Senior Staff
431208,Sumant,Spelt,8/26/64,10/28/91,1/1/99,Senior Staff
431215,Josyula,Navazio,8/23/64,6/20/97,1/1/99,Senior Staff
431218,Vishu,Bernardeschi,2/27/63,10/20/98,1/1/99,Staff
431220,Huiqun,Casley,7/17/62,7/6/88,1/1/99,Senior Engineer
431224,Debatosh,Argence,8/3/64,8/28/99,1/1/99,Engineer
431225,Jiann,Beutelspacher,9/10/64,12/23/86,1/1/99,Senior Engineer
431227,Arumugam,Emden,4/11/62,7/9/94,1/1/99,Technique Leader
431237,Gao,Attimonelli,8/9/62,7/12/86,1/1/99,Engineer
431239,Guoxiang,Speer,5/28/62,12/5/86,1/1/99,Senior Engineer
431242,Vitaly,Baranowski,8/9/64,10/3/88,1/1/99,Senior Staff
431243,Tiina,Orlowski,10/19/63,7/19/89,1/1/99,Senior Staff
431270,Aloke,Peris,10/20/62,5/17/93,1/1/99,Senior Engineer
431271,Lakshmi,Gurbaxani,2/10/63,6/16/96,1/1/99,Engineer
431291,Hideyuki,Hammerschmidt,5/30/62,8/18/96,1/1/99,Senior Staff
431295,Takahira,Menyhert,1/21/64,5/16/90,1/1/99,Senior Staff
431302,Muneo,Basagni,8/15/64,1/15/92,1/1/99,Senior Engineer
431303,Gererd,Bultermann,12/19/62,6/11/96,1/1/99,Technique Leader
431306,Lansing,Zyda,4/6/63,7/3/85,1/1/99,Technique Leader
431309,Feixiong,Szemeredi,2/14/62,10/5/93,1/1/99,Senior Staff
431324,Xiahua,Cooman,12/21/62,12/13/89,1/1/99,Senior Staff
431336,Sivanarayana,Cools,7/13/62,5/11/92,1/1/99,Staff
431339,Pramod,Iisaka,10/1/64,10/25/86,1/1/99,Senior Staff
431340,Kayoko,Begiun,3/22/64,11/18/87,1/1/99,Technique Leader
431345,Mohammed,Heemskerk,2/14/62,12/17/95,1/1/99,Senior Engineer
431363,Giordano,Fioravanti,10/17/63,9/23/85,1/1/99,Senior Engineer
431371,Arve,Lorch,5/16/62,2/7/91,1/1/99,Staff
431398,Takanari,Antonakopoulos,4/21/63,5/8/93,1/1/99,Senior Staff
431401,Greger,Serre,12/24/64,12/29/86,1/1/99,Senior Staff
431411,Youpyo,Diderrich,6/28/63,12/29/96,1/1/99,Engineer
431419,Visit,Makrucki,5/11/63,5/30/90,1/1/99,Engineer
431425,Masaki,Edelhoff,8/14/64,2/9/89,1/1/99,Senior Staff
431444,Oscar,Ernst,2/24/62,10/24/88,1/1/99,Senior Staff
431448,Dung,Ghandeharizadeh,8/6/62,7/17/85,1/1/99,Engineer
431470,Shahab,Marrevee,4/18/64,6/14/86,1/1/99,Engineer
431473,Reinhard,Hertweck,6/17/63,6/17/92,1/1/99,Engineer
431475,Toshimori,Braccini,10/14/62,6/11/91,1/1/99,Engineer
431477,Chuanti,Fiebach,5/5/62,10/30/90,1/1/99,Technique Leader
431489,Bluma,Speckmann,12/28/64,6/6/96,1/1/99,Senior Engineer
431492,Cedric,Lorcy,1/1/63,3/2/00,1/1/99,Senior Engineer
431507,Haldun,Curless,4/18/62,7/4/99,1/1/99,Staff
431517,Moss,Luon,1/4/63,7/16/92,1/1/99,Senior Staff
431531,Genevieve,Bade,8/31/62,11/21/92,1/1/99,Assistant Engineer
431537,DAIDA,Rosin,10/1/64,11/1/95,1/1/99,Assistant Engineer
431538,Dzung,Jeong,6/14/64,1/24/90,1/1/99,Senior Staff
431545,Vugranam,Zaccaria,1/21/62,3/3/90,1/1/99,Technique Leader
431567,Krassimir,Anandan,2/6/62,10/28/01,1/1/99,Senior Engineer
431568,Georgi,Coombs,3/2/63,8/31/94,1/1/99,Senior Staff
431569,Isamu,Crabtree,4/23/62,11/13/97,1/1/99,Technique Leader
431573,Sudharsan,Denos,4/12/63,5/20/85,1/1/99,Engineer
431575,Yannis,Covnot,12/19/64,6/7/99,1/1/99,Engineer
431576,Masamitsu,Back,1/6/65,4/12/93,1/1/99,Senior Staff
431579,Cullen,Weisert,10/13/63,7/3/94,1/1/99,Senior Staff
431581,Aran,Munoz,11/6/62,10/3/92,1/1/99,Staff
431589,Jianhua,Bernardinello,8/19/62,7/17/88,1/1/99,Staff
431596,Pradeep,Legleitner,10/7/63,2/10/95,1/1/99,Assistant Engineer
431612,Slavian,Hofstetter,2/25/63,8/7/85,1/1/99,Senior Engineer
431616,Souichi,Polajnar,2/2/63,4/30/92,1/1/99,Engineer
431625,Kazuhisa,Iivonen,11/5/63,7/9/01,1/1/99,Engineer
431629,Naftaly,Openshaw,9/7/63,2/11/91,1/1/99,Senior Staff
431637,Greger,Schaft,7/2/62,12/20/99,1/1/99,Staff
431644,Manibrata,Srimani,2/19/64,8/25/96,1/1/99,Staff
431651,Remco,Skrikant,4/16/63,6/25/90,1/1/99,Senior Staff
431657,Visit,Thiran,1/31/65,11/14/86,1/1/99,Engineer
431663,Val,Wursthorn,3/17/63,7/9/93,1/1/99,Staff
431668,Xiping,Baja,8/30/64,3/22/95,1/1/99,Engineer
431678,Branimir,Luga,7/10/63,3/15/92,1/1/99,Senior Staff
431681,Mrinalini,Sooriamurthi,6/21/62,5/20/85,1/1/99,Staff
431684,Nishit,Setlzner,2/7/64,2/22/01,1/1/99,Staff
431685,Zhanqiu,Madeira,8/5/64,6/11/91,1/1/99,Staff
431689,Eben,Panangaden,4/7/63,5/29/91,1/1/99,Senior Engineer
431694,Marlo,Butner,5/13/64,6/18/97,1/1/99,Senior Engineer
431698,Amabile,Dahlbom,9/9/62,12/9/90,1/1/99,Senior Staff
431700,Bezalel,Covnot,5/27/63,5/8/97,1/1/99,Engineer
431702,Hideyuki,Demri,10/13/63,9/13/88,1/1/99,Senior Engineer
431703,Youngkon,Zumaque,5/1/62,3/2/88,1/1/99,Senior Staff
431710,Marko,Bonifati,2/6/63,6/14/98,1/1/99,Engineer
431714,Gay,Siochi,6/7/63,10/9/91,1/1/99,Engineer
431718,Gita,Brickell,6/7/64,9/1/86,1/1/99,Engineer
431723,Magdalena,Ulupinar,10/3/64,7/1/94,1/1/99,Senior Staff
431727,Gor,Vakili,2/17/63,8/12/93,1/1/99,Senior Staff
431729,Khue,Waleschkowski,11/22/64,5/24/86,1/1/99,Senior Staff
431730,Marsal,Roisin,3/26/62,9/11/87,1/1/99,Senior Staff
431734,Zongyan,Lukaszewicz,11/13/63,10/20/90,1/1/99,Senior Staff
431736,Vasiliy,Cesareni,4/3/62,4/10/97,1/1/99,Engineer
431740,Oscal,Varman,8/5/63,8/22/98,1/1/99,Engineer
431746,Nishit,Gubsky,2/26/62,5/23/86,1/1/99,Senior Engineer
431748,Masamitsu,Einsfeld,10/27/62,1/7/90,1/1/99,Senior Engineer
431753,Ortrun,Ferretti,12/7/63,1/22/97,1/1/99,Engineer
431756,Jiang,Conry,11/26/64,12/24/86,1/1/99,Staff
431764,Neven,Cummings,5/21/63,6/1/87,1/1/99,Senior Engineer
431766,Kazuhiro,Valette,4/23/62,7/30/94,1/1/99,Staff
431767,Xianlong,Anily,3/3/62,7/3/88,1/1/99,Staff
431772,Martina,Slutz,10/25/64,11/10/92,1/1/99,Senior Staff
431775,Divier,Tsunoo,6/30/63,1/30/92,1/1/99,Assistant Engineer
431777,Zeljko,Driscoll,12/30/63,5/22/99,1/1/99,Staff
431781,Masaru,Bale,10/17/62,7/22/02,1/1/99,Assistant Engineer
431792,Gina,Molberg,10/22/64,10/25/96,1/1/99,Engineer
431797,Mohan,Colorni,7/25/64,7/31/86,1/1/99,Engineer
431800,Youpyo,Azulay,7/29/63,3/28/87,1/1/99,Staff
431802,Yinlin,Iivonen,1/18/62,6/23/97,1/1/99,Senior Engineer
431826,Serenella,Lorie,12/28/62,5/22/00,1/1/99,Staff
431829,Angus,Vidal,12/10/62,2/27/99,1/1/99,Staff
431837,Xinglin,Ginneken,2/7/64,6/3/99,1/1/99,Senior Engineer
431839,Shawna,Heemskerk,12/20/64,3/22/95,1/1/99,Staff
431840,Erez,Samarati,9/5/63,7/2/87,1/1/99,Engineer
431855,Josyula,Terkki,10/2/63,8/26/92,1/1/99,Staff
431856,Xiong,Salvesen,3/2/64,1/15/95,1/1/99,Senior Engineer
431857,Ulf,Kaelbling,5/27/63,2/26/94,1/1/99,Staff
431859,Harngdar,Kroon,8/27/64,5/12/85,1/1/99,Senior Staff
431863,Kiyotoshi,Bierbaum,9/5/63,8/11/95,1/1/99,Staff
431867,Honesty,Wixon,10/3/64,4/22/93,1/1/99,Staff
431874,Arne,Maraist,1/9/64,12/6/99,1/1/99,Staff
431875,Teruyuki,Quaggetto,2/21/64,4/13/02,1/1/99,Staff
431877,Terresa,Acton,11/8/63,7/2/97,1/1/99,Senior Staff
431882,Hideo,Varman,1/21/65,6/19/97,1/1/99,Engineer
431885,Fatemeh,Breugel,12/28/64,5/23/98,1/1/99,Staff
431887,Poorav,Ranst,1/5/65,6/1/96,1/1/99,Senior Engineer
431888,Sangeeta,Basawa,7/26/64,9/6/86,1/1/99,Engineer
431891,Koldo,Knightly,11/15/64,6/27/86,1/1/99,Senior Engineer
431900,Garnet,Buchter,11/9/62,6/20/89,1/1/99,Senior Staff
431902,Adam,Yoshizawa,12/16/63,7/3/93,1/1/99,Staff
431907,Yuichiro,Oppitz,2/4/63,8/9/94,1/1/99,Engineer
431914,Kiyotoshi,Lorho,6/4/63,12/31/91,1/1/99,Technique Leader
431926,Masasuke,Gill,2/1/63,4/23/98,1/1/99,Senior Engineer
431928,Gill,Maraist,5/23/63,11/25/99,1/1/99,Staff
431929,Giao,Shackel,8/21/64,10/15/96,1/1/99,Senior Staff
431930,Jaques,Schapiro,11/2/63,6/23/85,1/1/99,Staff
431931,Weicheng,Schicker,12/3/63,9/5/90,1/1/99,Senior Staff
431937,Sanjiv,Michaeli,3/13/63,3/24/98,1/1/99,Senior Staff
431942,Changho,Klassen,10/10/62,12/23/99,1/1/99,Engineer
431953,Constantine,Barinka,11/16/62,1/28/88,1/1/99,Senior Engineer
431959,Randy,Tchuente,5/15/63,8/19/99,1/1/99,Technique Leader
431960,Toshimo,Bresenham,9/30/63,7/9/96,1/1/99,Engineer
431970,Weiwu,Gunderson,8/2/64,4/8/94,1/1/99,Engineer
431976,Karlis,Maksimenko,1/15/62,7/13/00,1/1/99,Senior Engineer
431979,Roded,Cappelli,11/23/64,3/26/85,1/1/99,Senior Engineer
431980,Augustine,Schaar,6/27/62,7/12/94,1/1/99,Senior Engineer
431990,Rosalie,Rebaine,6/15/64,9/20/86,1/1/99,Senior Engineer
431995,Quingbo,Marquardt,2/3/63,8/4/94,1/1/99,Engineer
432000,George,Reinhard,4/12/63,12/17/88,1/1/99,Senior Staff
432002,Duke,Gornas,2/17/63,2/2/93,1/1/99,Engineer
432017,Basem,Binkley,11/7/63,8/7/90,1/1/99,Engineer
432024,Rimli,Hiraishi,7/9/64,9/14/00,1/1/99,Senior Engineer
432025,Mandell,Zeidenstein,4/16/62,12/20/97,1/1/99,Engineer
432026,Josyula,Riexinger,12/14/63,8/4/91,1/1/99,Staff
432031,Adamantios,Matzat,1/11/65,3/1/87,1/1/99,Senior Staff
432032,Kwok,Panwar,10/19/64,4/4/89,1/1/99,Senior Engineer
432034,Arfst,Uehara,1/24/65,7/10/94,1/1/99,Senior Staff
432037,Adamantios,Pleszkun,10/25/63,2/23/91,1/1/99,Engineer
432040,Thodoros,Cichocki,1/9/64,3/12/93,1/1/99,Engineer
432041,Chirstian,Castellani,11/8/62,10/6/99,1/1/99,Assistant Engineer
432045,Mohammad,Thorensen,8/29/64,9/16/98,1/1/99,Engineer
432047,Soenke,Redmiles,4/20/64,4/22/98,1/1/99,Staff
432060,Hsiangchu,Chiola,6/1/63,10/10/92,1/1/99,Technique Leader
432063,Prasadram,Eiter,7/26/62,2/17/98,1/1/99,Staff
432070,Chuanti,Birge,6/8/64,9/13/86,1/1/99,Senior Engineer
432075,Bojan,Yoshimura,7/16/64,5/17/92,1/1/99,Staff
432077,Rosalyn,Candan,6/17/64,10/17/97,1/1/99,Technique Leader
432093,Yechezkel,DasSarma,2/4/63,7/1/87,1/1/99,Engineer
432111,Temple,Biran,1/30/63,6/7/89,1/1/99,Senior Engineer
432120,Sedat,Hitomi,6/11/62,6/7/99,1/1/99,Staff
432121,Alair,Straney,1/6/65,11/15/86,1/1/99,Senior Staff
432124,Uwe,Farrel,7/2/64,4/20/89,1/1/99,Senior Staff
432127,Leon,Jervis,12/13/63,12/18/97,1/1/99,Staff
432136,Kien,Chappelet,1/5/62,12/9/93,1/1/99,Technique Leader
432139,Indrajit,Karner,2/22/62,5/8/91,1/1/99,Staff
432142,Weijing,Kamber,6/30/62,5/3/85,1/1/99,Engineer
432143,Nakhoon,Apsitis,1/7/64,7/29/90,1/1/99,Staff
432145,Phuoc,Unni,7/21/64,8/23/87,1/1/99,Senior Staff
432146,Abdelghani,Baak,1/30/64,2/27/92,1/1/99,Senior Engineer
432148,Basim,McClure,7/14/64,7/9/99,1/1/99,Senior Staff
432155,Sandeepan,Thorensen,1/14/62,3/5/95,1/1/99,Engineer
432162,Aemilian,Sabnani,3/14/63,12/27/90,1/1/99,Senior Staff
432163,Chanjung,Highland,6/26/64,6/22/97,1/1/99,Engineer
432170,Irene,Saoudi,12/26/64,9/3/96,1/1/99,Engineer
432171,Zhigen,Lammel,8/28/63,11/18/92,1/1/99,Senior Engineer
432172,Sumant,Vasanthakumar,6/1/62,12/15/98,1/1/99,Staff
432174,Goh,Solares,6/21/62,8/30/90,1/1/99,Senior Staff
432184,Mitchel,Polupanov,9/12/64,10/29/89,1/1/99,Technique Leader
432185,Aluzio,Narwekar,9/23/62,4/20/01,1/1/99,Senior Engineer
432186,Falguni,Speek,12/1/63,2/26/94,1/1/99,Staff
432189,Mihalis,Badr,10/18/64,2/17/86,1/1/99,Assistant Engineer
432193,Bilhanan,Minakawa,3/25/63,7/29/95,1/1/99,Senior Engineer
432196,Kwok,Curless,2/11/62,12/17/95,1/1/99,Senior Staff
432197,Berry,Rossi,7/2/63,6/26/88,1/1/99,Senior Staff
432199,Abdelwaheb,Rabehasaina,7/9/62,2/18/92,1/1/99,Senior Engineer
432204,Sachin,Lupu,12/6/62,11/23/88,1/1/99,Assistant Engineer
432209,Tamiya,Gimbel,2/12/63,6/17/92,1/1/99,Senior Engineer
432216,Marsja,Lieberherr,1/14/63,11/2/96,1/1/99,Engineer
432222,Leni,Dredge,9/5/64,5/18/90,1/1/99,Senior Engineer
432227,Shuho,Lueh,12/8/63,12/23/95,1/1/99,Engineer
432229,Karsten,Pietracaprina,2/1/62,2/19/97,1/1/99,Staff
432243,Masadi,Junot,4/22/64,8/23/89,1/1/99,Engineer
432253,Theron,Hiroyama,8/21/64,10/28/00,1/1/99,Engineer
432257,Kwangjo,Hiltgen,1/20/65,12/22/98,1/1/99,Engineer
432258,Bilhanan,Engberts,4/13/64,1/28/86,1/1/99,Senior Engineer
432259,Hongzhu,Pehl,9/16/63,3/28/98,1/1/99,Staff
432261,Arve,Bergere,1/30/65,7/28/87,1/1/99,Senior Engineer
432263,Basil,Heusch,10/13/62,7/20/91,1/1/99,Senior Engineer
432264,Breannda,Falby,5/22/63,7/19/95,1/1/99,Engineer
432266,Aemilian,Ullian,4/20/64,10/5/94,1/1/99,Staff
432271,Changho,Bail,5/15/62,6/10/93,1/1/99,Senior Engineer
432272,Heekeun,Vural,4/25/64,4/30/93,1/1/99,Staff
432277,Munir,Schicker,4/16/63,3/16/96,1/1/99,Staff
432283,Mong,Heping,8/9/64,11/21/97,1/1/99,Staff
432287,Richard,Krone,11/14/64,10/25/85,1/1/99,Engineer
432295,Nalini,Oppitz,1/26/64,12/15/98,1/1/99,Senior Engineer
432300,Xinyu,Lund,8/21/64,4/24/88,1/1/99,Senior Staff
432301,Leaf,Kobara,2/15/62,2/20/02,1/1/99,Senior Engineer
432304,Dannz,Worfolk,11/3/63,6/1/91,1/1/99,Senior Engineer
432312,Samphel,Rodite,11/5/64,3/4/86,1/1/99,Senior Engineer
432313,Fen,Bail,12/7/62,11/16/87,1/1/99,Engineer
432321,Irena,Kitai,4/30/63,5/24/97,1/1/99,Senior Engineer
432330,Elvia,Verhaegen,10/26/64,2/6/94,1/1/99,Senior Staff
432337,Francesca,Porenta,2/2/64,6/27/96,1/1/99,Staff
432345,Xumin,Denti,6/27/64,4/19/85,1/1/99,Senior Engineer
432350,Siamak,Marquardt,10/22/62,3/14/87,1/1/99,Technique Leader
432353,Uri,Diderrich,4/29/64,8/13/91,1/1/99,Senior Staff
432354,Jahangir,Deyuan,6/17/64,11/4/98,1/1/99,Technique Leader
432357,Barry,Heusch,10/26/62,10/15/93,1/1/99,Senior Staff
432370,Candida,Kopetz,5/9/64,4/16/92,1/1/99,Senior Engineer
432375,Zhongwei,Ecklund,5/5/64,6/1/92,1/1/99,Staff
432376,Xiaoqiang,Senzako,2/5/63,6/4/99,1/1/99,Senior Staff
432382,Mart,Parveen,11/26/62,9/17/97,1/1/99,Staff
432388,Visit,Assaf,5/30/62,4/9/93,1/1/99,Senior Staff
432390,Sakthirel,Furedi,12/14/62,7/14/90,1/1/99,Assistant Engineer
432393,Yongqiao,Simkin,12/16/64,8/18/92,1/1/99,Senior Staff
432396,Adhemar,Sessa,10/26/63,6/3/91,1/1/99,Staff
432397,Eran,Lambe,3/12/64,10/6/92,1/1/99,Senior Staff
432399,Nitsan,Nollmann,1/19/65,9/29/93,1/1/99,Senior Engineer
432406,Sangeeta,Schueller,8/8/64,1/13/91,1/1/99,Senior Engineer
432421,Prodip,Marshall,1/30/62,12/11/89,1/1/99,Senior Engineer
432422,Leen,Hempstead,7/20/62,9/28/92,1/1/99,Senior Engineer
432429,Dietrich,Roison,3/20/64,9/7/99,1/1/99,Engineer
432434,Martien,Muniz,3/19/63,7/22/95,1/1/99,Senior Engineer
432443,Neven,Schapire,2/10/64,9/26/92,1/1/99,Senior Engineer
432447,Elliott,Reghbati,9/25/63,7/14/91,1/1/99,Senior Staff
432454,Ulises,Lund,4/29/62,8/22/94,1/1/99,Engineer
432459,Junichi,Marquardt,12/2/64,9/10/86,1/1/99,Engineer
432461,Zsolt,Alblas,9/1/63,11/8/94,1/1/99,Senior Staff
432463,Malu,Ducloy,7/13/63,8/2/90,1/1/99,Senior Staff
432464,Yuuichi,Wiegley,5/15/64,2/6/86,1/1/99,Senior Engineer
432472,Kristof,Lichtman,2/15/62,5/24/86,1/1/99,Assistant Engineer
432478,Domenico,Gewali,12/22/62,6/3/97,1/1/99,Engineer
432487,Guangming,Portugali,1/26/63,1/4/87,1/1/99,Staff
432490,Guther,Levasseur,10/18/64,4/1/96,1/1/99,Staff
432492,Moty,Lovengreen,6/10/64,6/19/86,1/1/99,Staff
432495,Holgard,Vrecion,11/6/64,6/14/85,1/1/99,Senior Staff
432504,Alois,Tetzlaff,7/8/62,12/25/85,1/1/99,Engineer
432505,Parviz,Vingron,9/14/63,1/16/91,1/1/99,Engineer
432510,Pramod,Akazan,12/27/63,5/17/85,1/1/99,Staff
432513,Claude,Andreotta,9/30/62,12/28/90,1/1/99,Senior Engineer
432523,Takahiro,Maquelin,1/21/65,7/21/97,1/1/99,Engineer
432530,Xinglin,Weiland,6/26/63,9/30/93,1/1/99,Senior Engineer
432531,Arie,Gimarc,9/30/64,11/30/93,1/1/99,Technique Leader
432536,Kendra,Gecseg,2/12/64,8/22/87,1/1/99,Engineer
432549,Palash,Perry,8/30/62,8/18/85,1/1/99,Senior Engineer
432564,Martien,Conte,10/9/63,3/14/94,1/1/99,Senior Staff
432565,Sajjad,Waschkowski,9/6/63,5/9/99,1/1/99,Engineer
432567,Danae,Dichev,5/26/62,2/11/95,1/1/99,Assistant Engineer
432570,Jaihie,Wiegley,3/13/63,3/26/90,1/1/99,Staff
432580,Uinam,Xiaoshan,12/5/64,11/27/93,1/1/99,Senior Staff
432586,Kwok,Marciano,12/29/63,8/23/97,1/1/99,Staff
432587,Beshir,DasSarma,3/25/64,5/22/91,1/1/99,Senior Engineer
432591,Supot,Werthner,8/31/63,1/29/88,1/1/99,Senior Engineer
432593,Atreye,Cincotta,5/4/64,2/24/88,1/1/99,Engineer
432603,Fusako,Hasham,6/16/64,6/23/85,1/1/99,Engineer
432626,Aleksandar,Ulupinar,12/2/63,11/19/85,1/1/99,Engineer
432628,Vitaly,Casley,10/2/62,7/23/89,1/1/99,Engineer
432639,Mircea,Chelton,1/8/62,8/10/85,1/1/99,Engineer
432641,Conrado,Fandrianto,3/27/64,4/8/87,1/1/99,Senior Staff
432646,Kiam,Thorensen,7/7/63,11/18/85,1/1/99,Senior Engineer
432651,Felicidad,Diderrich,2/20/62,8/21/91,1/1/99,Engineer
432652,Ottavia,Miyakawa,7/15/63,10/15/98,1/1/99,Engineer
432656,Vugranam,Selenyi,12/11/62,3/20/92,1/1/99,Engineer
432657,Avishai,Slobodova,9/1/62,6/29/94,1/1/99,Senior Staff
432665,Flemming,Driscoll,1/2/65,5/28/94,1/1/99,Engineer
432666,Vitaly,Pashtan,3/1/64,6/4/96,1/1/99,Senior Engineer
432673,Boalin,Wielonsky,9/15/64,3/16/93,1/1/99,Engineer
432681,Chenyi,Waschkowski,12/24/64,6/21/92,1/1/99,Senior Engineer
432689,Anyuan,Lichtner,7/10/64,12/5/87,1/1/99,Senior Staff
432692,Jackson,Huttel,6/22/62,1/18/94,1/1/99,Engineer
432697,Youssef,Isaak,3/4/64,6/11/96,1/1/99,Engineer
432701,Yishai,Talmon,11/5/64,1/5/99,1/1/99,Engineer
432702,Shay,Schlegelmilch,6/26/63,1/6/96,1/1/99,Senior Staff
432705,Honesty,Dalphin,3/26/64,3/14/89,1/1/99,Engineer
432715,Rafail,Tetzlaff,3/12/62,10/12/87,1/1/99,Engineer
432717,Tremaine,Wossner,1/11/63,10/3/96,1/1/99,Senior Engineer
432718,Hirochika,Cunliffe,4/11/62,5/11/02,1/1/99,Senior Staff
432719,Rutger,Harllee,5/2/64,8/30/97,1/1/99,Senior Staff
432723,Flemming,Picci,4/4/63,7/18/88,1/1/99,Staff
432726,Sastry,Baby,6/30/63,1/3/00,1/1/99,Assistant Engineer
432731,Junsik,Morrin,5/13/64,11/17/97,1/1/99,Senior Engineer
432736,Adit,Rohrbach,10/25/64,1/3/00,1/1/99,Senior Staff
432746,Hitofumi,Yoshizawa,2/1/64,4/28/01,1/1/99,Staff
432758,Chiranjit,Auyong,6/9/64,7/28/88,1/1/99,Staff
432766,Aran,Madeira,1/23/62,11/8/98,1/1/99,Senior Engineer
432782,Zhonghui,Waterhouse,8/22/64,11/17/87,1/1/99,Engineer
432785,Elvia,Baalen,5/23/64,10/14/91,1/1/99,Staff
432786,Maren,Percebois,12/28/63,2/18/94,1/1/99,Senior Engineer
432787,Toshiko,Ibel,1/16/65,11/23/96,1/1/99,Senior Engineer
432802,Divine,Hofting,8/7/62,6/6/94,1/1/99,Senior Engineer
432803,Heekeun,Pesch,10/25/62,7/10/85,1/1/99,Senior Engineer
432805,Bernice,Sullins,1/25/63,5/9/96,1/1/99,Senior Engineer
432812,Bikash,Maccarone,4/26/63,11/13/93,1/1/99,Staff
432836,Toshimori,Gadepally,2/1/63,5/25/87,1/1/99,Senior Engineer
432845,Evgueni,Greibach,5/20/62,5/20/90,1/1/99,Senior Engineer
432848,Phule,Fujisaki,7/12/63,5/22/93,1/1/99,Senior Staff
432853,Shigehito,Tasistro,3/13/62,3/29/93,1/1/99,Engineer
432860,Aloys,Rosin,8/23/64,1/19/01,1/1/99,Engineer
432874,Mario,Bahl,12/12/62,2/7/90,1/1/99,Senior Engineer
432884,Chaoyi,Miculan,9/28/63,12/20/90,1/1/99,Senior Staff
432886,Shao,Kolinko,7/13/63,4/14/95,1/1/99,Staff
432888,Leandro,Baer,2/4/63,10/10/89,1/1/99,Senior Engineer
432891,Dhritiman,Cronau,4/15/63,3/11/87,1/1/99,Assistant Engineer
432894,Turgut,Atchley,3/25/62,10/5/96,1/1/99,Senior Staff
432898,Fumitaka,Holburn,11/16/62,3/31/92,1/1/99,Senior Staff
432899,Radhakrishnan,Mitsuhashi,1/13/64,6/14/85,1/1/99,Senior Staff
432921,Khun,Pesch,12/12/63,10/12/94,1/1/99,Staff
432925,Keiichiro,Schwaller,9/11/63,10/21/99,1/1/99,Engineer
432926,Eldridge,Demeyer,1/13/62,8/6/86,1/1/99,Senior Engineer
432929,Rutger,Rosis,11/11/64,2/18/93,1/1/99,Staff
432935,Luigi,Speer,7/17/63,10/17/91,1/1/99,Senior Staff
432941,Shakhar,Broder,5/10/64,6/26/92,1/1/99,Senior Staff
432945,Shrikanth,Hofstetter,4/4/62,10/25/97,1/1/99,Senior Staff
432956,Qunsheng,Birrer,1/25/65,5/13/86,1/1/99,Staff
432958,Godehard,Manderick,10/19/63,8/2/91,1/1/99,Senior Staff
432963,Heather,Jakobus,7/10/62,7/19/90,1/1/99,Senior Engineer
432968,Fen,Tyugu,2/21/64,2/16/95,1/1/99,Engineer
432971,Makato,Karner,2/6/64,8/14/90,1/1/99,Staff
432974,Hinrich,Pauthner,5/11/63,5/1/99,1/1/99,Staff
432975,Ebru,Schreiter,4/6/63,3/11/91,1/1/99,Senior Staff
432980,Mohamadou,Toyoshima,6/8/63,8/9/96,1/1/99,Senior Staff
432981,Lobel,Guenter,4/24/64,11/9/99,1/1/99,Senior Engineer
432982,Ibibia,Ebeling,6/12/63,11/18/99,1/1/99,Senior Engineer
432983,Isaac,Boguraev,5/19/62,7/28/93,1/1/99,Engineer
432986,Tristan,Garnick,6/24/64,3/13/96,1/1/99,Engineer
432987,Peer,Peris,2/28/63,8/13/95,1/1/99,Senior Engineer
432992,Oksana,Karcich,1/25/62,5/2/87,1/1/99,Senior Staff
432994,Yannik,Gecsei,10/25/63,10/14/94,1/1/99,Senior Engineer
432995,Vasiliy,Zaccaria,7/18/63,9/19/92,1/1/99,Senior Staff
432996,Harngdar,Mahmud,1/24/63,9/23/85,1/1/99,Engineer
433002,Noritoshi,Litzkow,1/21/64,9/25/89,1/1/99,Senior Staff
433010,Uno,Cherinka,9/19/64,1/27/94,1/1/99,Senior Engineer
433030,Shugo,Preusig,2/15/63,4/17/98,1/1/99,Engineer
433031,Teiji,Riexinger,10/1/63,8/18/89,1/1/99,Engineer
433040,Maya,Penz,6/12/63,1/6/87,1/1/99,Staff
433057,Tommaso,Takanami,9/13/64,1/18/88,1/1/99,Staff
433059,Bojan,Montresor,1/2/65,2/4/95,1/1/99,Staff
433063,Christoph,Jeansoulin,11/3/62,9/26/92,1/1/99,Senior Staff
433078,Seongbin,Zaccaria,10/2/62,3/11/86,1/1/99,Senior Engineer
433082,Leen,Simmel,10/15/64,5/20/95,1/1/99,Engineer
433087,Xuejia,Kabayashi,2/7/64,2/14/88,1/1/99,Staff
433098,DAIDA,Polajnar,5/17/62,11/24/94,1/1/99,Engineer
433103,Genki,Karcich,8/14/64,12/6/98,1/1/99,Staff
433110,Fun,Garnier,8/9/63,3/15/86,1/1/99,Senior Staff
433122,Sugwoo,Itzfeldt,5/13/62,6/12/94,1/1/99,Senior Staff
433129,Sushant,Heping,4/7/62,5/25/88,1/1/99,Senior Engineer
433135,Remzi,Chappelet,5/21/62,6/6/89,1/1/99,Senior Staff
433156,Akeel,Zultner,8/10/64,11/29/93,1/1/99,Technique Leader
433157,Tomofumi,Serna,1/16/65,10/23/99,1/1/99,Staff
433165,Uno,Broder,6/6/62,11/14/95,1/1/99,Staff
433170,Muneo,Herbst,4/27/63,3/23/95,1/1/99,Engineer
433174,Sangeeta,Ananiadou,10/14/64,12/8/90,1/1/99,Senior Engineer
433176,Shigehito,Salverda,4/2/62,11/24/89,1/1/99,Engineer
433178,Katsuyuki,Wossner,12/6/62,11/16/93,1/1/99,Staff
433179,Martina,Perri,1/30/62,10/10/92,1/1/99,Senior Engineer
433199,Bodh,Gubsky,2/17/62,4/21/91,1/1/99,Senior Staff
433202,Danel,Valtorta,7/11/64,5/2/90,1/1/99,Senior Staff
433205,Xiaopeng,Melton,12/12/63,9/13/86,1/1/99,Engineer
433226,Unal,Uludag,7/3/62,11/7/90,1/1/99,Senior Staff
433229,Nitsan,Heyers,11/16/63,10/29/88,1/1/99,Engineer
433238,Tse,Shackell,12/30/62,4/21/94,1/1/99,Senior Staff
433255,Leah,Yetim,3/30/64,11/7/98,1/1/99,Staff
433256,Odysseas,Lorho,10/28/64,11/1/99,1/1/99,Staff
433259,Mircea,Madeira,10/19/63,3/10/97,1/1/99,Staff
433260,Make,Olivero,2/1/65,6/1/91,1/1/99,Assistant Engineer
433261,Mabry,Slobodova,5/21/64,10/4/94,1/1/99,Senior Staff
433270,Arch,Soloway,10/11/62,6/24/90,1/1/99,Senior Staff
433280,Abdelghani,Zambonelli,9/15/64,1/2/98,1/1/99,Staff
433282,Elgin,Merey,2/13/62,9/27/86,1/1/99,Senior Engineer
433287,Sajjan,Rosis,1/3/64,8/12/88,1/1/99,Senior Staff
433289,Selwyn,Khamsi,8/6/62,7/22/02,1/1/99,Senior Engineer
433294,Foong,Rissanen,8/31/62,10/12/94,1/1/99,Senior Engineer
433311,Tua,Demos,11/19/64,2/15/90,1/1/99,Assistant Engineer
433313,Tristan,Journel,11/30/62,7/8/93,1/1/99,Staff
433316,Florina,Hagimont,6/8/62,12/25/89,1/1/99,Senior Staff
433322,Yishai,Gecseg,7/18/62,4/21/99,1/1/99,Technique Leader
433327,Mechthild,Maliniak,10/3/63,3/10/86,1/1/99,Staff
433332,Dines,Perfilyeva,12/5/64,6/22/90,1/1/99,Engineer
433340,Mizuhito,Denis,9/10/62,10/11/95,1/1/99,Engineer
433346,TRUE,Brookman,7/2/64,10/7/90,1/1/99,Senior Engineer
433348,Petter,Bisiani,6/16/62,11/22/95,1/1/99,Staff
433352,Alois,Bain,11/22/62,12/22/99,1/1/99,Staff
433363,Fun,England,10/13/64,4/1/87,1/1/99,Technique Leader
433368,Fatemeh,Lakshmanan,6/28/63,4/27/98,1/1/99,Senior Engineer
433371,Boaz,Rubsam,1/16/64,8/12/91,1/1/99,Engineer
433376,Zito,Shackel,10/6/63,3/14/00,1/1/99,Engineer
433380,Toshimori,Perri,3/17/64,11/16/98,1/1/99,Staff
433388,Koldo,Munoz,6/19/63,5/16/91,1/1/99,Senior Engineer
433390,Kellie,Schoegge,2/5/63,2/2/91,1/1/99,Senior Staff
433391,Claudi,Schnabel,11/27/62,1/10/89,1/1/99,Staff
433402,Xiaobin,Shanbhogue,8/8/63,10/7/86,1/1/99,Senior Staff
433403,Weiyi,Birjandi,4/11/63,7/21/88,1/1/99,Technique Leader
433409,Byong,Alpay,5/15/64,8/6/85,1/1/99,Senior Staff
433412,Mayumi,Leijenhorst,3/30/63,12/27/87,1/1/99,Engineer
433415,Harjit,Teitelbaum,8/5/64,2/26/99,1/1/99,Engineer
433417,Surveyors,Carrera,2/13/62,1/3/95,1/1/99,Senior Staff
433419,Sorina,Schwaller,2/25/62,1/12/97,1/1/99,Staff
433429,Odysseas,Bolsens,12/16/63,11/9/90,1/1/99,Senior Engineer
433434,JiYoung,Roccetti,11/29/62,2/26/97,1/1/99,Senior Staff
433436,Alois,Mitzlaff,8/18/64,12/17/97,1/1/99,Engineer
433438,Keiichiro,Miyakawa,1/6/65,9/12/93,1/1/99,Staff
433445,Mayuri,Fortenbacher,2/19/64,7/28/97,1/1/99,Staff
433448,Giap,Simkin,1/14/64,12/9/93,1/1/99,Staff
433452,Xinyu,Pfau,11/14/63,11/16/99,1/1/99,Engineer
433458,Vishu,Taubman,7/19/62,10/26/96,1/1/99,Senior Engineer
433459,Jiong,Pavlopoulou,3/7/63,10/14/95,1/1/99,Staff
433464,Kwok,Herber,1/11/62,4/17/85,1/1/99,Technique Leader
433476,Jasminko,Billawala,3/25/63,8/19/94,1/1/99,Senior Engineer
433479,Ravishankar,Hutton,4/17/62,11/15/99,1/1/99,Engineer
433485,Arne,Mersereau,7/12/63,1/19/93,1/1/99,Staff
433490,Xuejun,Zielinski,11/19/64,11/1/85,1/1/99,Senior Engineer
433492,Freyja,Rusmann,4/4/63,3/29/92,1/1/99,Senior Engineer
433493,Leaf,Babb,12/5/63,10/22/92,1/1/99,Senior Engineer
433494,Anestis,Krogh,10/25/64,2/3/99,1/1/99,Senior Engineer
433499,Shimshon,Kruskal,8/1/62,11/12/94,1/1/99,Staff
433502,Bikash,Pero,12/31/64,12/14/96,1/1/99,Senior Staff
433507,Rildo,Bauknecht,1/7/64,10/17/85,1/1/99,Senior Engineer
433515,Maren,Ermel,1/27/64,10/25/90,1/1/99,Senior Staff
433519,Khalil,Valiente,9/24/64,3/14/99,1/1/99,Staff
433523,Wojceich,Sabnani,10/5/62,7/6/86,1/1/99,Engineer
433525,Lillian,Debuse,9/14/64,5/7/98,1/1/99,Staff
433529,Armond,Atchley,8/15/64,12/4/91,1/1/99,Senior Engineer
433557,Nevio,Akiyama,4/25/63,2/3/89,1/1/99,Senior Engineer
433560,Gou,Isaak,8/26/63,7/7/93,1/1/99,Senior Staff
433567,Hongzhu,Bondorf,2/7/63,2/9/90,1/1/99,Staff
433569,Dante,Spelt,12/28/64,9/16/91,1/1/99,Senior Engineer
433572,Slavian,Kuszyk,1/30/64,8/26/96,1/1/99,Staff
433577,Satoru,Larfeldt,2/15/62,1/24/99,1/1/99,Engineer
433586,Deborah,Chaudhuri,7/20/63,8/26/98,1/1/99,Engineer
433588,Shushma,Lieblein,7/24/62,7/22/93,1/1/99,Engineer
433594,Gro,Marquardt,9/26/62,7/21/91,1/1/99,Senior Staff
433596,Marke,Hettesheimer,5/23/64,10/6/99,1/1/99,Assistant Engineer
433618,Joydip,Ravishankar,5/12/63,10/16/00,1/1/99,Engineer
433636,Jiakeng,Lamparter,3/13/64,12/29/99,1/1/99,Engineer
433641,Arve,Feinberg,4/13/64,1/23/94,1/1/99,Senior Staff
433644,Dharmaraja,Munck,10/2/64,8/4/96,1/1/99,Staff
433648,Chinya,Goldhammer,6/12/63,9/8/96,1/1/99,Technique Leader
433660,Fumiko,Bugrara,1/25/62,3/15/93,1/1/99,Senior Engineer
433668,Moto,Kroon,3/29/64,6/21/99,1/1/99,Assistant Engineer
433669,Sergi,Botman,4/20/63,8/23/95,1/1/99,Engineer
433675,Bedir,Benzmuller,12/15/63,12/21/97,1/1/99,Senior Engineer
433677,Kaijung,Kampfer,11/11/63,5/4/89,1/1/99,Senior Engineer
433678,Kenroku,Passafiume,8/30/62,3/21/95,1/1/99,Technique Leader
433680,Alain,Burnard,8/10/63,11/24/96,1/1/99,Engineer
433698,Moti,Llado,2/15/62,11/6/88,1/1/99,Senior Engineer
433707,DeForest,Kruskal,7/28/62,3/3/99,1/1/99,Engineer
433713,Arch,Felder,12/18/64,10/25/86,1/1/99,Senior Engineer
433718,Toshiko,Yemenis,4/16/62,10/23/93,1/1/99,Senior Engineer
433722,Naraig,Staudhammer,6/23/64,4/29/85,1/1/99,Senior Engineer
433724,Shem,Tzvieli,11/14/64,1/15/92,1/1/99,Senior Staff
433725,Hatem,Ghelli,4/25/62,9/14/95,1/1/99,Senior Engineer
433729,Douadi,Krichel,5/28/63,3/14/88,1/1/99,Senior Staff
433733,Flemming,Zuberek,2/16/63,3/21/85,1/1/99,Senior Engineer
433735,George,Welham,8/22/62,9/30/98,1/1/99,Engineer
433743,Tesuya,Atchley,5/6/63,11/23/99,1/1/99,Assistant Engineer
433761,Mircea,Rahimi,8/19/62,12/4/96,1/1/99,Staff
433765,Dipayan,Savasere,11/26/64,1/19/98,1/1/99,Senior Staff
433768,Abdulah,Madeira,9/26/64,4/3/90,1/1/99,Staff
433772,Genta,Templeman,7/24/64,9/20/95,1/1/99,Staff
433775,Murthy,Himler,1/12/64,3/13/95,1/1/99,Staff
433777,Yinghua,Copas,9/3/64,3/21/88,1/1/99,Senior Staff
433788,Geraldo,Fiebach,5/13/63,8/19/91,1/1/99,Senior Engineer
433791,Mariangiola,Krogh,4/17/64,10/15/99,1/1/99,Staff
433795,King,Stiles,8/23/63,4/7/93,1/1/99,Staff
433801,Neven,Merel,9/6/62,1/23/93,1/1/99,Staff
433809,Wonhee,Ramsey,11/3/62,3/27/85,1/1/99,Senior Engineer
433811,Huan,Lampe,6/2/62,2/18/94,1/1/99,Senior Engineer
433815,Anoosh,Covnot,6/18/62,1/18/95,1/1/99,Staff
433830,Tetsurou,Nations,4/7/63,5/21/96,1/1/99,Engineer
433840,Shaw,Giarratana,5/27/62,1/7/86,1/1/99,Senior Engineer
433843,Shahar,Clemencon,11/1/64,12/3/86,1/1/99,Senior Staff
433845,Randy,Oxenboll,6/15/63,11/2/95,1/1/99,Assistant Engineer
433847,Josyula,Engelmann,1/11/63,2/21/86,1/1/99,Engineer
433850,Seshu,Hoogerwoord,10/4/62,2/8/94,1/1/99,Senior Engineer
433860,Rutger,Panwar,3/31/62,1/2/90,1/1/99,Senior Staff
433865,Mayuko,Mitina,2/23/63,7/13/93,1/1/99,Staff
433867,Tomokazu,Luke,7/9/64,6/10/87,1/1/99,Staff
433874,Leszek,Clemencon,2/18/63,12/30/89,1/1/99,Senior Engineer
433889,Dharmaraja,Wynblatt,9/25/62,7/21/89,1/1/99,Engineer
433890,Amabile,Kavanagh,9/19/62,7/27/96,1/1/99,Engineer
433898,Erez,Kugler,10/20/64,4/9/96,1/1/99,Senior Staff
433911,Vojin,Petereit,10/23/64,5/19/87,1/1/99,Engineer
433915,Tadahiko,Androutsos,9/23/63,1/3/95,1/1/99,Assistant Engineer
433918,Mohua,Heystek,6/1/64,8/17/92,1/1/99,Staff
433921,Zhaofang,Norsworthy,11/10/64,8/29/90,1/1/99,Senior Engineer
433944,Kazuyasu,Steinauer,5/7/63,12/21/86,1/1/99,Engineer
433951,Ekawit,Lambe,9/8/64,6/9/92,1/1/99,Engineer
433952,Claudi,Staudhammer,7/17/62,12/14/93,1/1/99,Senior Staff
433965,Francesca,Benantar,1/17/64,1/30/88,1/1/99,Staff
433969,Nalini,Kandlur,8/30/62,5/30/96,1/1/99,Assistant Engineer
433978,Isamu,Cromarty,5/31/64,1/27/93,1/1/99,Senior Staff
433981,Badri,Mattern,10/4/63,2/19/90,1/1/99,Engineer
433982,Hitofumi,Borstler,11/25/62,10/6/01,1/1/99,Engineer
433986,Volkmar,Varman,8/5/64,5/2/88,1/1/99,Staff
433990,Armond,Taneja,6/23/62,10/27/93,1/1/99,Engineer
433995,Basil,Stifter,12/30/62,7/13/98,1/1/99,Senior Engineer
433996,Zengping,Maksimenko,3/8/63,10/19/88,1/1/99,Senior Engineer
433999,Morrie,Anick,11/4/63,1/25/86,1/1/99,Senior Engineer
434003,Jaewoo,Cannane,7/2/62,5/23/93,1/1/99,Senior Staff
434008,Garnet,Reistad,7/28/62,7/9/85,1/1/99,Senior Staff
434009,Marek,Kermarrec,5/17/62,5/6/92,1/1/99,Senior Staff
434010,Jaewon,Schauser,10/10/62,1/19/96,1/1/99,Engineer
434020,Hitofumi,Famili,6/13/62,4/5/01,1/1/99,Engineer
434024,Adamantios,Dalton,4/10/62,12/8/95,1/1/99,Assistant Engineer
434025,Poorav,Doering,8/22/62,7/19/85,1/1/99,Engineer
434031,Zijian,Ligten,10/23/63,6/3/95,1/1/99,Engineer
434032,Kwan,Heusch,3/22/63,4/19/93,1/1/99,Staff
434035,Kauko,Penttonen,11/13/63,4/4/94,1/1/99,Senior Staff
434040,Barry,Candan,9/17/64,11/15/97,1/1/99,Staff
434045,Marsha,Bennet,11/7/64,1/17/92,1/1/99,Senior Staff
434048,Xuejun,Magliocco,2/27/64,4/15/98,1/1/99,Staff
434050,Phuoc,Pettey,12/11/62,10/22/97,1/1/99,Engineer
434053,Qunsheng,Rosay,2/16/63,10/8/95,1/1/99,Staff
434067,Wanqing,Brattka,12/4/62,3/22/02,1/1/99,Engineer
434075,Gaurav,Meszaros,4/2/64,7/2/99,1/1/99,Senior Staff
434087,Basant,Imataki,9/14/63,6/21/94,1/1/99,Staff
434088,Pranav,Rahier,6/20/63,8/19/95,1/1/99,Staff
434103,Zhigen,Pocchiola,6/25/64,8/2/86,1/1/99,Senior Staff
434119,Florian,Uehara,5/25/63,11/21/96,1/1/99,Staff
434124,Masamitsu,Vrecion,10/16/64,2/27/92,1/1/99,Engineer
434125,Boriana,Vieri,6/4/64,12/3/88,1/1/99,Technique Leader
434130,Marke,Guardalben,10/25/64,3/6/99,1/1/99,Staff
434135,Along,Jayawardene,8/5/64,8/9/96,1/1/99,Engineer
434139,Niteen,Ariola,11/24/64,9/28/98,1/1/99,Engineer
434150,Vidar,Pashtan,7/26/64,10/22/89,1/1/99,Senior Staff
434155,Shaz,Rebaine,6/21/64,3/25/93,1/1/99,Engineer
434160,Eirik,Mondadori,8/22/62,6/4/96,1/1/99,Senior Engineer
434162,Bodo,Aloia,6/11/63,4/10/87,1/1/99,Senior Staff
434163,Yishai,Pusterhofer,7/12/64,10/15/94,1/1/99,Senior Engineer
434169,Tesuya,Coorg,9/17/64,9/19/91,1/1/99,Senior Engineer
434170,Yongmin,Luby,2/18/64,10/28/90,1/1/99,Engineer
434171,Along,Jeansoulin,1/17/64,5/3/96,1/1/99,Engineer
434175,Shrikanth,Thambidurai,12/4/62,4/28/90,1/1/99,Senior Staff
434194,Nadjib,Syang,5/14/63,12/29/87,1/1/99,Senior Staff
434195,Mabhin,Mellouli,7/19/63,5/6/98,1/1/99,Staff
434196,Hugh,Lundstrom,11/2/63,4/16/98,1/1/99,Staff
434199,Dipayan,Munck,5/20/62,10/15/93,1/1/99,Senior Staff
434201,Larisa,Erbe,10/14/63,5/24/98,1/1/99,Staff
434203,Goh,Farrel,3/25/64,4/12/99,1/1/99,Senior Staff
434206,Elrique,Angelov,11/15/64,1/30/86,1/1/99,Staff
434210,Hailing,Cromarty,9/4/63,8/28/92,1/1/99,Senior Staff
434215,Ramalingam,Clouatre,12/10/64,8/13/90,1/1/99,Senior Staff
434221,Weicheng,Luft,10/2/63,2/4/95,1/1/99,Engineer
434246,Fan,Kusakari,4/10/63,2/16/85,1/1/99,Technique Leader
434248,Munenori,Christianini,11/29/64,7/18/88,1/1/99,Assistant Engineer
434253,Guoxiang,Harllee,6/16/62,10/1/92,1/1/99,Assistant Engineer
434257,Foong,Cullers,4/18/62,2/10/90,1/1/99,Engineer
434265,Lech,Peron,8/31/62,11/11/94,1/1/99,Senior Engineer
434282,Chrisa,Keirsey,3/19/62,3/14/85,1/1/99,Staff
434285,Kien,Yurek,6/3/63,1/28/86,1/1/99,Staff
434290,Sachio,Wursthorn,9/7/64,7/12/94,1/1/99,Senior Staff
434291,Garnet,Chleq,6/24/63,5/6/86,1/1/99,Senior Engineer
434294,Naftali,Bernardeschi,6/3/63,5/3/88,1/1/99,Senior Staff
434307,Sudhanshu,Sundgren,7/12/62,4/25/92,1/1/99,Senior Engineer
434315,Ayakannu,Kading,10/29/63,2/20/99,1/1/99,Staff
434330,Feixiong,England,12/14/62,10/7/86,1/1/99,Engineer
434331,Saeed,Gerteisen,7/3/64,10/16/85,1/1/99,Engineer
434338,Yunming,Genin,7/11/63,11/5/85,1/1/99,Engineer
434341,Geoffrey,Karnin,12/29/63,9/10/88,1/1/99,Technique Leader
434344,Mona,Delgrande,3/9/64,12/28/89,1/1/99,Staff
434364,Lihong,Fiutem,10/31/63,11/17/90,1/1/99,Senior Engineer
434369,Yannis,Waleschkowski,4/27/64,4/15/92,1/1/99,Assistant Engineer
434370,Udo,Fandrianto,4/25/62,6/18/89,1/1/99,Staff
434378,Lunjin,Deverell,7/7/64,9/27/96,1/1/99,Engineer
434386,Weiru,Schade,11/22/63,6/2/96,1/1/99,Senior Staff
434389,Heng,Iisaka,1/12/64,2/5/95,1/1/99,Senior Engineer
434393,Kersti,Callaway,10/18/63,6/14/90,1/1/99,Technique Leader
434394,Fumitaka,Wroclawski,7/27/64,2/20/02,1/1/99,Engineer
434404,Abdelghani,Krider,9/26/64,4/20/88,1/1/99,Engineer
434413,Marsha,Gronowski,6/15/63,2/7/98,1/1/99,Senior Engineer
434415,Izaskun,Porenta,8/28/64,5/31/85,1/1/99,Senior Staff
434418,Magdalena,Khalil,5/8/63,7/27/86,1/1/99,Senior Staff
434426,Ayonca,Furedi,7/2/63,4/9/87,1/1/99,Senior Staff
434427,Ohad,Bridgland,3/9/62,5/6/90,1/1/99,Engineer
434433,Bodh,Zeleznik,9/27/64,9/17/92,1/1/99,Engineer
434437,Rosalyn,Griswold,5/22/64,4/5/92,1/1/99,Senior Staff
434439,Roded,Gilg,11/28/63,8/21/01,1/1/99,Technique Leader
434447,Irene,Rosen,12/7/62,2/6/91,1/1/99,Senior Staff
434453,Zhilian,Swen,8/19/62,8/3/96,1/1/99,Senior Staff
434463,Along,Rodier,12/22/63,7/17/86,1/1/99,Senior Staff
434464,Shaunak,Czap,5/27/62,7/5/98,1/1/99,Senior Engineer
434467,Uli,Collette,9/25/63,3/20/99,1/1/99,Engineer
434469,Dinkar,Azadmanesh,9/13/63,12/13/92,1/1/99,Senior Engineer
434470,Kerryn,Wrigley,3/17/62,4/26/99,1/1/99,Senior Staff
434472,Yifei,Vakili,5/11/63,11/21/88,1/1/99,Senior Engineer
434479,Prodip,Krybus,3/14/62,4/9/96,1/1/99,Assistant Engineer
434485,Kwangjo,Quaggetto,11/14/64,7/25/85,1/1/99,Senior Staff
434488,Kristina,Jiafu,9/30/62,12/31/98,1/1/99,Senior Engineer
434495,Adin,Yoshizawa,3/23/62,4/27/97,1/1/99,Technique Leader
434501,Khedija,Mondadori,6/1/64,7/11/85,1/1/99,Senior Staff
434504,Rimon,Rebaine,2/28/62,11/16/99,1/1/99,Engineer
434511,Youpyo,Rathonyi,4/15/63,11/28/97,1/1/99,Engineer
434512,Xinyu,Selvestrel,3/6/62,12/17/87,1/1/99,Senior Staff
434513,Sanjiv,Couchot,2/15/64,4/22/92,1/1/99,Senior Staff
434515,Sastry,Uchoa,9/16/62,1/17/88,1/1/99,Senior Engineer
434520,Kish,Cummings,1/20/62,11/16/90,1/1/99,Engineer
434521,Shahab,Hempstead,10/16/64,3/19/87,1/1/99,Senior Engineer
434525,Torsten,Usery,1/3/64,12/29/88,1/1/99,Senior Engineer
434526,Rosalie,Teitelbaum,9/17/63,1/25/90,1/1/99,Senior Engineer
434527,Mountaz,Thummel,12/4/62,7/22/94,1/1/99,Senior Staff
434530,Keiichiro,Stentiford,4/27/64,9/21/00,1/1/99,Staff
434533,Suebskul,Puppe,3/11/64,12/3/96,1/1/99,Engineer
434535,Oddvar,Qiwen,10/20/64,8/27/97,1/1/99,Engineer
434539,Zhilian,Mukaidono,11/15/62,7/21/98,1/1/99,Staff
434542,Xiaobin,Mondadori,8/23/62,9/4/90,1/1/99,Senior Engineer
434548,Jianhao,Morrey,12/22/62,4/29/95,1/1/99,Staff
434553,Chanjung,Baak,9/1/64,10/27/89,1/1/99,Senior Engineer
434555,Sungwon,Erman,5/10/64,11/22/94,1/1/99,Senior Engineer
434567,Toshimitsu,Trystram,1/30/63,3/27/97,1/1/99,Senior Staff
434582,Serap,Ashish,10/17/63,7/9/99,1/1/99,Staff
434585,Dung,Syrzycki,3/1/64,5/3/86,1/1/99,Senior Engineer
434588,Arno,Azadmanesh,2/20/62,11/30/92,1/1/99,Senior Staff
434597,Xiong,Bazzichi,9/24/63,11/13/89,1/1/99,Senior Engineer
434598,Christophe,Cooman,8/23/64,12/12/86,1/1/99,Staff
434601,Kwangyoen,Navazio,12/17/63,8/22/98,1/1/99,Engineer
434603,Munehiko,Kirkerud,4/13/64,2/15/98,1/1/99,Engineer
434605,Yahiko,Alameldin,8/6/63,5/25/90,1/1/99,Senior Staff
434617,Elgin,McClurg,8/2/63,2/23/88,1/1/99,Senior Engineer
434619,Guther,Rothenberg,3/3/64,10/29/85,1/1/99,Senior Engineer
434622,Khedija,Rosaz,7/4/62,3/25/95,1/1/99,Senior Staff
434624,Foong,Christianini,2/10/64,7/20/90,1/1/99,Engineer
434630,Dines,Lichtman,11/21/63,11/19/87,1/1/99,Senior Staff
434641,Uno,Sooriamurthi,9/5/64,9/2/00,1/1/99,Staff
434643,Bikash,Binding,9/20/63,1/14/92,1/1/99,Senior Engineer
434650,Gro,Hebert,7/23/63,7/22/00,1/1/99,Staff
434654,Gretta,Bolsens,3/22/64,9/11/98,1/1/99,Engineer
434657,Paddy,Syang,5/2/62,3/7/94,1/1/99,Assistant Engineer
434659,Soenke,Geffroy,11/15/62,11/27/98,1/1/99,Technique Leader
434662,Shahab,Avouris,8/12/63,7/8/86,1/1/99,Senior Staff
434663,Maia,Yurek,9/27/62,7/19/96,1/1/99,Engineer
434664,Franziska,Preusig,9/7/62,10/18/98,1/1/99,Senior Engineer
434669,Saeko,Millington,3/3/63,1/10/91,1/1/99,Senior Engineer
434681,Mansur,Jenevein,3/13/63,8/26/97,1/1/99,Senior Engineer
434688,Niteen,Ballarin,3/15/64,5/13/96,1/1/99,Engineer
434695,Tzvetan,Bondorf,1/29/62,12/22/87,1/1/99,Senior Staff
434702,Mayumi,Biran,2/24/62,5/11/93,1/1/99,Senior Staff
434706,Haldon,Bridgland,1/27/62,2/20/94,1/1/99,Staff
434707,Xuedong,Kragelund,7/31/62,1/26/89,1/1/99,Senior Engineer
434713,Arunachalam,Kavvadias,2/13/64,2/7/89,1/1/99,Senior Engineer
434716,Almudena,Brattka,1/30/63,12/10/96,1/1/99,Senior Engineer
434722,Chandrasekaran,Schmezko,8/23/63,4/3/94,1/1/99,Senior Staff
434723,Padma,Taubman,12/9/63,12/23/88,1/1/99,Senior Engineer
434726,Haldon,Zambonelli,4/9/62,7/3/92,1/1/99,Staff
434738,Mori,Fargier,8/2/62,7/25/95,1/1/99,Senior Engineer
434740,Kshitij,Rouquie,6/4/64,3/15/90,1/1/99,Senior Staff
434749,Xinglin,Ouhyoung,3/27/64,6/19/96,1/1/99,Senior Engineer
434775,Kwangsub,Stranks,7/21/62,4/22/86,1/1/99,Staff
434779,Yinghua,Czap,8/2/64,12/13/01,1/1/99,Staff
434782,Barry,Kavanagh,7/17/63,10/17/85,1/1/99,Senior Staff
434791,Nigel,Laurillard,2/4/62,10/2/95,1/1/99,Engineer
434798,Heping,Langford,7/26/64,12/27/97,1/1/99,Staff
434800,Hidekazu,Ciolek,9/4/62,10/14/00,1/1/99,Staff
434804,Kagan,Kropf,8/15/63,4/23/89,1/1/99,Engineer
434805,Holgard,Lenart,1/6/62,8/1/86,1/1/99,Senior Engineer
434810,Masaru,Jeansoulin,3/25/64,1/27/96,1/1/99,Senior Staff
434811,Rutger,Pavlopoulou,7/14/63,3/11/99,1/1/99,Engineer
434813,Troy,Domenig,8/13/63,1/25/88,1/1/99,Technique Leader
434814,Claudi,Ranai,8/30/62,8/9/96,1/1/99,Technique Leader
434816,Halsur,Chaudhuri,4/26/62,5/20/98,1/1/99,Staff
434826,Zito,Androutsos,4/7/64,3/2/00,1/1/99,Staff
434835,Horward,Rando,2/15/63,6/25/02,1/1/99,Engineer
434839,Shigeo,Anily,3/26/63,5/27/96,1/1/99,Senior Engineer
434842,Nahum,Demri,8/2/63,2/11/95,1/1/99,Staff
434845,Takushi,Skogmar,1/11/65,6/7/85,1/1/99,Staff
434850,Hilari,Munro,4/21/64,1/12/86,1/1/99,Senior Staff
434855,Shigehito,Swift,7/27/63,11/27/95,1/1/99,Technique Leader
434856,Zengping,Tsukune,4/20/63,10/16/96,1/1/99,Senior Engineer
434873,Gio,Famili,2/15/63,3/23/93,1/1/99,Senior Staff
434875,Rimli,Benaini,7/12/63,4/13/86,1/1/99,Staff
434876,Alagu,Gunderson,11/1/62,11/25/86,1/1/99,Staff
434877,Gro,Strooper,8/9/63,2/2/97,1/1/99,Staff
434878,Gad,Siprelle,8/6/64,9/22/97,1/1/99,Engineer
434879,Mitsuyuki,Kilgour,1/5/64,7/1/85,1/1/99,Engineer
434884,Steen,Lanteri,9/23/62,2/23/94,1/1/99,Senior Engineer
434890,Rimli,Fortenbacher,7/1/62,6/8/88,1/1/99,Senior Staff
434908,Palash,Ossenbruggen,7/31/64,8/23/96,1/1/99,Engineer
434909,Nikolaus,Fandrianto,5/4/63,3/13/92,1/1/99,Senior Engineer
434917,Giordano,Tsunoo,12/5/62,4/5/98,1/1/99,Senior Engineer
434930,Kwee,Larfeldt,1/26/63,1/14/91,1/1/99,Senior Staff
434934,Nahum,Ranai,1/24/62,1/28/92,1/1/99,Senior Staff
434936,Sahrah,Rosis,1/15/65,6/24/94,1/1/99,Senior Engineer
434954,Shahab,Hanabata,8/11/64,11/17/89,1/1/99,Senior Engineer
434956,Boguslaw,Dusink,10/29/63,9/25/97,1/1/99,Staff
434967,Ingemar,Gustavson,3/15/62,6/10/86,1/1/99,Technique Leader
434972,Mariangiola,Ferriere,9/4/62,9/17/93,1/1/99,Engineer
434973,Xiong,Lipner,1/16/64,2/11/98,1/1/99,Technique Leader
434978,Hitofumi,Parhami,5/7/63,7/18/90,1/1/99,Senior Staff
434986,Hercules,Ranum,11/8/63,1/8/95,1/1/99,Engineer
434987,Nevin,Vanwelkenhuysen,5/5/63,5/18/98,1/1/99,Engineer
434993,TRUE,Lampe,8/26/63,9/30/99,1/1/99,Staff
435000,Zita,Granlund,9/18/63,1/15/90,1/1/99,Senior Staff
435005,Khue,Preusig,10/20/62,12/6/88,1/1/99,Senior Engineer
435007,Neven,Menhardt,2/1/62,2/24/97,1/1/99,Engineer
435009,Rosita,Hedayat,2/5/63,1/9/00,1/1/99,Senior Staff
435010,Vishv,Jahnichen,6/23/62,6/22/99,1/1/99,Assistant Engineer
435014,Leaf,Keohane,7/3/63,9/14/89,1/1/99,Engineer
435015,Yoshimitsu,Massonet,11/28/63,9/3/97,1/1/99,Senior Engineer
435023,Jouni,Gire,4/26/62,4/26/97,1/1/99,Senior Staff
435025,Guther,Terwilliger,3/23/64,6/4/87,1/1/99,Senior Engineer
435033,Demin,Vernadat,3/24/64,3/22/97,1/1/99,Senior Staff
435042,Brigham,Borstler,1/10/65,10/9/95,1/1/99,Staff
435043,Eric,Gunderson,12/19/62,6/22/90,1/1/99,Senior Engineer
435044,Shaz,Veevers,6/29/64,10/10/95,1/1/99,Engineer
435049,Yishai,Pena,8/21/64,11/7/85,1/1/99,Senior Staff
435050,Panayotis,Encarnacion,6/18/63,9/8/91,1/1/99,Senior Staff
435051,Chuanti,Goldhammer,8/24/64,11/12/89,1/1/99,Senior Staff
435060,Moie,Lieblein,1/16/65,7/12/96,1/1/99,Staff
435061,Kristof,Gruenwald,10/21/63,1/31/90,1/1/99,Staff
435068,Achilleas,Broomell,8/31/64,6/28/88,1/1/99,Engineer
435070,Mayumi,Hartvigsen,6/19/63,12/27/96,1/1/99,Engineer
435071,Deniz,Hebden,1/7/62,7/28/90,1/1/99,Senior Engineer
435074,Rosine,Argence,10/10/64,8/7/94,1/1/99,Staff
435080,Marke,Kossowski,6/1/64,5/23/93,1/1/99,Senior Engineer
435081,Cheong,Luks,9/12/63,11/11/97,1/1/99,Technique Leader
435084,Sastry,Reeken,7/2/64,3/9/94,1/1/99,Senior Engineer
435086,Martien,Waleschkowski,3/1/62,1/3/87,1/1/99,Senior Staff
435096,Kristian,Beetstra,3/10/62,3/6/98,1/1/99,Engineer
435099,Shahid,Swick,1/25/63,6/11/93,1/1/99,Engineer
435103,Xinyu,Mattern,5/26/63,7/12/90,1/1/99,Senior Engineer
435104,Aris,Bisiani,7/6/62,9/5/94,1/1/99,Senior Staff
435114,Sandeepan,Rissland,9/27/64,12/29/97,1/1/99,Staff
435120,Conor,Brodie,1/15/62,12/21/87,1/1/99,Technique Leader
435121,Duangkaew,Matzen,7/17/62,2/4/02,1/1/99,Staff
435122,Uli,Ermel,9/29/64,4/16/97,1/1/99,Senior Staff
435136,Shigehiro,Furudate,7/1/63,4/1/91,1/1/99,Engineer
435149,Toong,Casperson,1/26/64,8/11/95,1/1/99,Staff
435160,Muneo,Noriega,8/21/64,12/8/91,1/1/99,Senior Engineer
435164,Sachio,Panwar,11/14/64,4/7/99,1/1/99,Staff
435167,Magdalena,Norsworthy,12/3/64,1/9/91,1/1/99,Senior Staff
435168,Shim,McFarlan,5/20/62,9/29/97,1/1/99,Engineer
435172,Dayanand,Botman,1/25/62,5/12/92,1/1/99,Staff
435176,Danai,Asser,12/19/62,2/5/98,1/1/99,Engineer
435180,Munehiro,Einsfeld,11/15/63,12/21/89,1/1/99,Senior Staff
435181,Kazuhide,Fiutem,1/16/65,5/10/92,1/1/99,Senior Staff
435182,Yechezkel,Masamoto,11/14/64,12/6/96,1/1/99,Engineer
435185,Frederique,Ullian,5/20/64,7/26/99,1/1/99,Staff
435192,Guttorm,Michaels,11/27/64,12/24/92,1/1/99,Staff
435195,Tommaso,Heemskerk,10/31/62,3/11/90,1/1/99,Technique Leader
435201,Koichi,Wilharm,3/30/63,8/12/98,1/1/99,Staff
435202,Irene,Aumann,6/25/62,11/30/88,1/1/99,Senior Staff
435205,Yolla,Huhdanpaa,6/6/63,4/9/92,1/1/99,Engineer
435208,Frazer,Fadgyas,11/4/62,12/25/92,1/1/99,Senior Engineer
435211,Barna,Rothenberg,8/2/63,1/15/98,1/1/99,Engineer
435213,Kitty,Lanteri,1/29/63,7/29/98,1/1/99,Staff
435215,Arve,Figueira,9/3/64,2/5/86,1/1/99,Senior Engineer
435216,Poornachandra,Hoppenstand,9/13/63,10/29/94,1/1/99,Staff
435223,Manibrata,Verhoeff,4/26/63,3/13/89,1/1/99,Engineer
435224,Vasiliy,Schade,8/29/62,8/5/93,1/1/99,Staff
435238,Yuping,Lemarechal,4/26/63,12/15/00,1/1/99,Engineer
435246,Heng,Sidje,7/10/63,9/23/97,1/1/99,Engineer
435248,Guoxiang,Marakhovsky,12/21/64,7/10/89,1/1/99,Staff
435249,Zine,Yemenis,1/30/63,7/25/96,1/1/99,Senior Staff
435252,Nishit,Schicker,12/20/62,11/1/87,1/1/99,Senior Staff
435262,Emran,Liesche,5/24/63,2/7/88,1/1/99,Senior Staff
435266,Jenwei,Uchoa,11/8/62,3/8/98,1/1/99,Senior Engineer
435268,Mingdong,Akiyama,10/7/62,11/2/90,1/1/99,Senior Engineer
435273,Jiong,Michaels,2/21/63,1/4/86,1/1/99,Senior Engineer
435274,Arunachalam,Farrel,4/7/62,10/7/91,1/1/99,Engineer
435278,Shahab,Miara,1/16/64,10/30/94,1/1/99,Staff
435287,Khun,Butner,12/31/62,8/5/88,1/1/99,Senior Engineer
435289,Feixiong,Schurmann,1/4/65,2/15/87,1/1/99,Staff
435294,Manibrata,Mahmud,3/17/64,3/31/99,1/1/99,Senior Engineer
435297,Siddarth,Nitsche,2/25/64,11/26/88,1/1/99,Staff
435304,Thanasis,Matzen,6/23/64,7/20/99,1/1/99,Senior Staff
435305,Berthier,Pramanik,1/21/65,1/23/93,1/1/99,Staff
435319,Jinya,Boyle,4/8/62,6/23/88,1/1/99,Senior Engineer
435320,Tsz,Hutter,6/20/63,12/28/86,1/1/99,Senior Engineer
435331,Mototsugu,Morrey,9/27/63,9/20/97,1/1/99,Staff
435338,Berthier,Holburn,8/24/64,5/22/89,1/1/99,Senior Engineer
435342,Souichi,Ramsak,5/7/62,5/28/94,1/1/99,Engineer
435343,Yinlin,Collavizza,10/18/63,5/9/02,1/1/99,Senior Staff
435347,Kellyn,Tasistro,1/13/63,10/23/88,1/1/99,Senior Staff
435356,Mang,Krone,9/29/62,8/9/96,1/1/99,Staff
435365,Stafford,Molberg,4/18/63,7/6/01,1/1/99,Staff
435367,Supot,Limongiello,8/10/64,6/2/98,1/1/99,Senior Staff
435370,Conal,Basart,1/16/65,5/17/91,1/1/99,Senior Staff
435377,Mostafa,Porenta,5/24/62,10/25/85,1/1/99,Engineer
435380,Chinhyun,McFarlin,2/26/64,9/23/91,1/1/99,Engineer
435384,Kwangyoen,Kalefeld,2/20/62,4/21/96,1/1/99,Assistant Engineer
435391,Shuho,Fairtlough,12/6/63,3/2/91,1/1/99,Engineer
435397,Kinh,Bernick,1/1/62,4/15/94,1/1/99,Senior Engineer
435404,Hideyuki,Lipner,9/19/64,3/8/01,1/1/99,Engineer
435407,Khalid,Tokunaga,12/19/62,11/30/90,1/1/99,Engineer
435408,Tru,Babb,7/17/63,9/7/89,1/1/99,Staff
435409,Fumiyo,Lorys,11/21/64,8/1/89,1/1/99,Senior Staff
435411,Nirmal,Thisen,9/29/63,7/20/95,1/1/99,Senior Engineer
435413,Maha,Jansen,3/31/64,10/5/86,1/1/99,Staff
435416,Hatsukazu,Pollock,9/24/63,10/10/99,1/1/99,Staff
435428,Chiranjit,Ladret,3/8/62,12/16/90,1/1/99,Staff
435437,Yechiam,Macedo,5/30/64,9/7/99,1/1/99,Staff
435449,Satoru,Blokdijk,2/25/62,7/15/89,1/1/99,Staff
435457,Geoffrey,Sherertz,12/22/63,11/9/94,1/1/99,Engineer
435458,Koldo,Muntz,2/11/64,9/12/94,1/1/99,Engineer
435483,Shalesh,Luiz,10/31/62,7/28/98,1/1/99,Engineer
435484,Heekeun,Petersohn,1/12/64,3/18/88,1/1/99,Senior Engineer
435496,Tonia,Marletta,4/9/62,3/13/97,1/1/99,Assistant Engineer
435502,Selwyn,Marquardt,8/8/63,9/11/86,1/1/99,Staff
435508,Constantino,Dulay,7/3/64,12/8/00,1/1/99,Senior Engineer
435509,Demos,Pileggi,10/22/62,3/2/97,1/1/99,Senior Staff
435518,Gao,Daescu,1/22/63,12/28/96,1/1/99,Senior Staff
435530,Rosli,Rajcani,12/27/64,11/18/92,1/1/99,Engineer
435552,Licheng,Siksek,5/28/62,6/12/89,1/1/99,Staff
435559,Shuky,Oxman,3/11/63,12/5/00,1/1/99,Senior Staff
435563,Duri,Cusworth,8/6/64,8/19/94,1/1/99,Senior Engineer
435568,Elvis,Serot,10/28/63,6/8/91,1/1/99,Senior Staff
435571,Marlo,Fioravanti,7/28/63,10/26/91,1/1/99,Senior Staff
435575,Harjit,Schlenzig,11/12/64,8/18/98,1/1/99,Technique Leader
435581,Abdulah,Kandlur,6/11/63,2/6/96,1/1/99,Engineer
435584,Kien,Sinicrope,9/3/64,2/29/88,1/1/99,Staff
435585,Shalesh,Dredge,8/2/63,9/26/85,1/1/99,Staff
435586,Michaela,Huxford,7/29/62,12/14/00,1/1/99,Senior Staff
435588,Genta,Pepe,1/29/65,4/12/94,1/1/99,Staff
435593,Muneo,Morton,5/20/63,7/22/99,1/1/99,Engineer
435594,Hugo,Ravishankar,7/16/62,1/15/91,1/1/99,Senior Staff
435596,Tetsushi,Siksek,4/28/64,11/17/87,1/1/99,Assistant Engineer
435602,Dietrich,Kranzdorf,1/29/65,10/4/92,1/1/99,Senior Staff
435605,Sakthirel,Morrey,8/26/64,10/13/95,1/1/99,Senior Staff
435619,Kazuhito,Bierbaum,12/22/64,2/15/88,1/1/99,Staff
435620,Jasminko,Talmor,6/22/64,8/8/98,1/1/99,Staff
435627,Lena,Verhoeff,4/8/62,2/7/92,1/1/99,Engineer
435631,Charlene,Siksek,9/4/62,9/25/91,1/1/99,Senior Engineer
435633,Dines,Trachtenberg,12/17/63,4/8/86,1/1/99,Senior Engineer
435637,Hsiangchu,Manderick,6/14/62,11/12/01,1/1/99,Engineer
435643,Rasiah,Selenyi,11/29/62,12/13/97,1/1/99,Engineer
435648,Dipankar,Coorg,6/30/64,12/26/93,1/1/99,Engineer
435653,Jasminko,Restivo,4/21/64,4/8/88,1/1/99,Engineer
435654,Maren,Conry,5/22/63,5/18/91,1/1/99,Senior Staff
435655,Tua,Melichar,5/16/62,1/25/92,1/1/99,Senior Staff
435659,Huan,Pocchiola,9/24/62,11/19/99,1/1/99,Staff
435662,Goo,Strandh,4/14/62,4/22/89,1/1/99,Senior Staff
435665,Minghong,Uludag,5/1/63,3/19/86,1/1/99,Engineer
435668,Arun,Usdin,2/14/64,11/8/90,1/1/99,Technique Leader
435673,Danai,Radhakrishnan,12/31/62,11/5/92,1/1/99,Senior Staff
435678,Navin,Kushner,2/15/62,5/4/92,1/1/99,Senior Engineer
435681,Aiichiro,Carrere,8/10/62,1/22/87,1/1/99,Staff
435683,Werner,Kulisch,7/5/64,10/11/89,1/1/99,Senior Engineer
435698,Eran,Schwartzburd,1/28/64,10/21/90,1/1/99,Staff
435702,Fumiya,Muhlberg,8/7/63,12/4/86,1/1/99,Senior Engineer
435705,Siamak,Sridhar,12/17/62,5/8/85,1/1/99,Engineer
435718,Danae,Stanfel,1/26/64,11/7/85,1/1/99,Senior Engineer
435722,Zhongwei,Rindone,5/17/63,5/17/86,1/1/99,Senior Staff
435723,Fatemeh,Vesna,4/11/64,6/12/99,1/1/99,Staff
435725,Radoslaw,Peot,7/21/63,8/20/99,1/1/99,Engineer
435727,Danil,Falby,8/17/63,3/29/98,1/1/99,Engineer
435731,Chinho,Lupu,9/3/62,2/25/88,1/1/99,Assistant Engineer
435732,Uma,Couchot,3/13/62,8/4/96,1/1/99,Senior Staff
435736,Marko,Mitina,8/28/64,4/27/88,1/1/99,Senior Engineer
435739,Demin,Dymetman,6/24/62,4/27/99,1/1/99,Engineer
435744,Paloma,Stiles,5/21/63,11/15/93,1/1/99,Senior Engineer
435745,Valery,Ranum,3/29/62,11/26/98,1/1/99,Engineer
435746,Brewster,Velasco,7/2/62,4/30/97,1/1/99,Assistant Engineer
435767,Susanta,Peha,9/26/64,6/16/01,1/1/99,Staff
435773,Almudena,Kulisch,4/9/63,3/17/85,1/1/99,Senior Engineer
435774,Olivera,Bharadwaj,1/9/65,4/1/92,1/1/99,Senior Staff
435777,Shietung,Copas,5/24/64,4/29/98,1/1/99,Staff
435780,Yaghout,Benzaken,2/29/64,10/14/98,1/1/99,Engineer
435791,Hercules,Speer,1/7/65,3/7/94,1/1/99,Engineer
435800,Palash,Chiola,3/16/63,5/5/85,1/1/99,Senior Staff
435801,Temple,Schonegge,4/12/64,11/4/92,1/1/99,Senior Engineer
435815,Abdelaziz,Cmelik,7/27/64,2/11/96,1/1/99,Staff
435816,Qunsheng,Birjandi,11/2/62,4/18/93,1/1/99,Senior Staff
435820,Kellie,Heijenga,11/8/63,11/14/88,1/1/99,Senior Staff
435824,Randi,Dayang,11/30/64,8/17/94,1/1/99,Staff
435829,Arun,Fiutem,7/15/64,6/23/89,1/1/99,Staff
435834,Shaw,Etalle,3/29/62,2/2/88,1/1/99,Senior Staff
435835,Nikolaus,Valtorta,7/20/63,7/18/00,1/1/99,Staff
435845,Kousuke,Terlouw,9/10/62,3/27/86,1/1/99,Senior Staff
435847,Billie,Beeson,5/3/64,11/17/98,1/1/99,Assistant Engineer
435848,Fay,Swiss,11/10/63,3/1/85,1/1/99,Senior Engineer
435857,Subbu,Validov,1/5/63,5/10/93,1/1/99,Senior Engineer
435860,Foong,Koyama,1/21/63,2/14/92,1/1/99,Staff
435865,Mori,Picci,1/16/63,6/16/90,1/1/99,Senior Engineer
435866,Mitsuyuki,Reghbati,1/31/62,11/26/98,1/1/99,Staff
435871,Youjian,Heystek,9/24/63,6/10/86,1/1/99,Staff
435879,Margo,Weisert,6/11/62,7/16/85,1/1/99,Staff
435891,Sachin,Cmelik,2/7/64,8/22/00,1/1/99,Senior Staff
435900,Mario,Hagimont,2/12/63,6/11/96,1/1/99,Senior Staff
435903,Mayumi,Fortenbacher,8/16/63,11/19/91,1/1/99,Engineer
435905,Isamu,Cronan,12/28/64,4/15/88,1/1/99,Senior Engineer
435918,Lenore,Siprelle,7/5/64,5/8/99,1/1/99,Staff
435923,Oscar,Chandrasekhar,4/26/64,7/18/90,1/1/99,Senior Staff
435926,Gaurav,Kropatsch,4/8/63,5/10/98,1/1/99,Engineer
435939,Zhiwei,Asrin,12/14/62,7/20/97,1/1/99,Staff
435941,Cathie,Kakkar,7/21/64,4/5/97,1/1/99,Engineer
435945,Hatem,Ramalingam,6/2/62,3/4/94,1/1/99,Senior Engineer
435949,Aron,Zhang,8/31/62,5/20/85,1/1/99,Senior Engineer
435955,Berto,Neiman,10/10/63,8/27/91,1/1/99,Staff
435958,Neven,Bratsberg,12/12/63,11/10/95,1/1/99,Senior Staff
435959,Irene,Conti,6/17/62,3/1/85,1/1/99,Engineer
435961,Hatsukazu,Beutelspacher,12/7/63,10/3/86,1/1/99,Senior Engineer
435965,Kauko,Felcyn,1/1/64,5/3/01,1/1/99,Senior Staff
435968,Emdad,Erva,6/26/62,6/2/91,1/1/99,Senior Staff
435979,Dekang,Potthoff,11/1/63,8/7/96,1/1/99,Engineer
436000,Anwar,Zambonelli,1/25/64,2/17/94,1/1/99,Senior Engineer
436004,Guther,Deyuan,5/20/62,11/17/88,1/1/99,Engineer
436006,Tadahiro,Skafidas,9/3/62,4/19/86,1/1/99,Senior Engineer
436021,Jaroslava,Bierman,9/1/63,8/1/90,1/1/99,Engineer
436022,Youjian,Peng,1/18/64,3/3/92,1/1/99,Engineer
436023,Vishv,Lamma,8/1/64,10/23/95,1/1/99,Senior Staff
436030,Mohit,Picel,11/7/62,7/22/88,1/1/99,Senior Engineer
436033,Gita,Spieker,6/6/63,12/2/89,1/1/99,Senior Engineer
436037,Sanjeeva,Crooks,3/30/64,8/19/91,1/1/99,Senior Staff
436038,Jeanne,Mungall,5/11/62,7/31/97,1/1/99,Senior Staff
436041,Tsvetan,Dredge,1/27/63,11/28/85,1/1/99,Engineer
436048,Boaz,Lanphier,8/12/63,6/22/94,1/1/99,Staff
436058,Rasikan,Pettis,4/5/64,7/3/93,1/1/99,Senior Engineer
436059,Thanasis,Pellegrinelli,8/1/62,6/3/92,1/1/99,Senior Engineer
436063,Youssef,Dredge,5/14/64,2/20/85,1/1/99,Senior Staff
436064,Lakshmi,Bisiani,2/1/64,7/8/87,1/1/99,Engineer
436066,Yuuichi,Dichev,3/6/62,10/20/99,1/1/99,Engineer
436071,Szabolcs,DeMori,9/7/62,11/17/96,1/1/99,Senior Staff
436078,Moni,Douceur,7/3/63,9/6/89,1/1/99,Staff
436086,Susumu,Langford,4/7/62,1/3/97,1/1/99,Technique Leader
436090,Barna,Calkin,8/25/64,6/4/96,1/1/99,Staff
436095,Hinrich,Khalil,3/4/63,5/16/93,1/1/99,Engineer
436097,Hairong,Remmele,10/14/63,12/7/01,1/1/99,Senior Staff
436101,Fumitaka,Ebeling,5/18/64,12/18/97,1/1/99,Engineer
436103,Ottavia,Beetstra,9/5/63,10/12/98,1/1/99,Staff
436108,Eishiro,Heijenga,9/18/62,5/5/91,1/1/99,Senior Engineer
436112,Alejandra,Biran,10/8/64,5/23/87,1/1/99,Engineer
436138,Fai,Genin,6/26/63,8/26/98,1/1/99,Staff
436140,Jacopo,Karlin,7/22/63,11/17/87,1/1/99,Staff
436141,Guoxiang,Decleir,11/17/62,6/13/91,1/1/99,Senior Staff
436142,Duangkaew,Spelt,9/7/63,1/31/92,1/1/99,Assistant Engineer
436163,Hilari,Ernst,6/29/62,8/16/86,1/1/99,Senior Staff
436167,Abdelwaheb,Koyama,10/15/63,4/10/91,1/1/99,Senior Engineer
436168,Duro,Kriebel,11/19/62,10/29/95,1/1/99,Engineer
436169,Angus,Gopalakrishnan,1/15/64,10/31/88,1/1/99,Senior Engineer
436172,Kiyomitsu,Spelt,9/19/64,1/1/98,1/1/99,Senior Staff
436173,Iara,Cairo,6/12/63,4/17/93,1/1/99,Engineer
436179,Guoxiang,Baek,11/15/64,5/3/90,1/1/99,Senior Staff
436181,Mitchel,Bhattacharjee,7/31/64,10/5/98,1/1/99,Staff
436193,Jiang,Garrabrants,5/13/62,6/11/98,1/1/99,Staff
436200,Jiann,Biran,4/17/63,2/20/88,1/1/99,Engineer
436202,Annemarie,Hmelo,7/11/63,10/10/93,1/1/99,Senior Staff
436206,Lucian,Valtorta,12/3/64,8/4/87,1/1/99,Senior Staff
436207,Caolyn,Lanphier,12/14/63,9/13/97,1/1/99,Engineer
436215,Siamak,Denis,1/15/62,8/23/94,1/1/99,Senior Staff
436217,Susanna,Jahnichen,10/17/64,2/25/91,1/1/99,Engineer
436219,Khalid,Snyers,3/27/63,11/23/96,1/1/99,Engineer
436232,Pramod,Erbe,2/13/63,12/20/99,1/1/99,Engineer
436249,Roddy,Varker,4/22/64,4/13/89,1/1/99,Senior Staff
436256,Hidefumi,Bednarek,5/7/64,7/26/97,1/1/99,Engineer
436257,Aluzio,Narlikar,2/2/64,10/24/94,1/1/99,Senior Staff
436258,Roddy,Mandell,11/6/64,12/9/88,1/1/99,Staff
436263,Janche,Bahk,3/29/62,7/7/98,1/1/99,Engineer
436268,Billur,Bahl,6/30/63,8/25/89,1/1/99,Senior Engineer
436273,Shaw,Peck,5/7/62,6/10/91,1/1/99,Senior Staff
436274,Danae,Mahmud,1/29/62,6/6/85,1/1/99,Senior Staff
436275,Aleksandar,Thisen,9/13/64,4/26/89,1/1/99,Engineer
436276,Berto,Hammerschmidt,9/9/64,5/5/00,1/1/99,Engineer
436281,Ebbe,Karunanithi,6/3/62,9/27/95,1/1/99,Staff
436283,Ingemar,Nyrup,9/20/62,10/31/87,1/1/99,Senior Engineer
436288,Xiaocheng,Detkin,11/12/62,10/3/87,1/1/99,Senior Staff
436291,Mahendra,Weisert,7/12/63,10/20/89,1/1/99,Engineer
436293,Domenico,Rosca,5/31/62,4/17/86,1/1/99,Engineer
436297,KayLiang,Bauknecht,2/7/63,11/23/95,1/1/99,Senior Staff
436299,Shigeu,Schade,3/1/64,6/11/93,1/1/99,Senior Staff
436300,Aleksandar,Tischendorf,8/19/62,5/16/92,1/1/99,Senior Staff
436305,Shaowei,Shackell,4/7/62,2/28/00,1/1/99,Senior Staff
436311,Augustine,Chelton,11/20/64,3/30/98,1/1/99,Engineer
436332,DAIDA,Kalsbeek,10/31/62,10/16/98,1/1/99,Engineer
436335,Yishai,Lienhardt,6/30/64,12/28/89,1/1/99,Engineer
436340,Paloma,Eastman,11/19/62,9/23/95,1/1/99,Engineer
436347,Mahendra,Schwaller,3/10/64,5/10/97,1/1/99,Engineer
436353,Arlette,Legleitner,3/24/63,4/21/00,1/1/99,Staff
436354,Oscar,Malabarba,2/17/62,12/7/86,1/1/99,Senior Staff
436355,Piyush,Nastansky,3/7/62,6/20/91,1/1/99,Senior Engineer
436358,Parviz,Perelgut,10/18/64,8/27/85,1/1/99,Senior Engineer
436360,Stafford,Esposito,12/1/64,12/29/88,1/1/99,Senior Engineer
436363,Weiyi,Gist,3/11/63,8/27/96,1/1/99,Engineer
436373,Mingsen,Lorie,10/25/63,10/23/92,1/1/99,Technique Leader
436402,Ger,Poupard,6/25/63,4/10/93,1/1/99,Staff
436404,Aran,Iivonen,9/19/62,1/30/92,1/1/99,Engineer
436416,Gennadi,Thebaut,1/18/62,11/20/98,1/1/99,Staff
436429,Filipp,Kakkad,2/12/63,10/10/96,1/1/99,Senior Engineer
436434,Moheb,Rabejac,8/1/62,11/4/92,1/1/99,Engineer
436435,Geoffry,Stille,9/7/64,12/15/96,1/1/99,Technique Leader
436439,Godehard,Genin,5/7/63,3/3/97,1/1/99,Engineer
436444,Bikash,Monarch,4/11/62,12/24/85,1/1/99,Technique Leader
436445,Heping,Angelov,8/17/64,8/30/91,1/1/99,Senior Staff
436451,Kasturi,Penz,2/3/64,8/7/86,1/1/99,Senior Engineer
436452,Jordanka,Basawa,12/25/63,5/14/99,1/1/99,Senior Engineer
436454,Hironoby,Rosen,11/5/63,10/22/93,1/1/99,Senior Engineer
436464,Alper,DasSarma,2/22/62,9/23/94,1/1/99,Staff
436466,Bojan,Serot,2/25/64,1/16/94,1/1/99,Engineer
436470,Satoru,Greibach,8/4/62,8/2/95,1/1/99,Engineer
436474,Xiadong,Hebden,4/17/62,2/18/90,1/1/99,Engineer
436476,Jackson,Ullian,12/31/64,2/23/02,1/1/99,Senior Engineer
436478,Lansing,Setlzner,12/12/64,1/11/97,1/1/99,Engineer
436479,Alair,Brodie,11/22/63,10/27/97,1/1/99,Staff
436482,Chikara,Eastman,11/12/62,9/5/96,1/1/99,Staff
436489,Jolita,Perfilyeva,11/25/64,6/10/97,1/1/99,Senior Engineer
436493,Marek,Porenta,6/13/62,12/12/90,1/1/99,Senior Engineer
436503,Leandro,Ranon,3/24/64,2/27/97,1/1/99,Senior Staff
436504,Elzbieta,Marchesini,1/7/64,5/8/89,1/1/99,Engineer
436516,Premsyl,Serov,6/8/62,10/1/91,1/1/99,Senior Staff
436521,Vasilii,Nitto,8/2/62,7/22/87,1/1/99,Engineer
436522,Magy,Michaels,12/11/63,12/11/91,1/1/99,Senior Engineer
436533,Nahum,Nicolson,5/1/62,3/25/99,1/1/99,Staff
436537,Saeko,Mitchem,12/13/62,4/18/98,1/1/99,Staff
436543,Tadahiro,Langford,12/31/64,12/24/89,1/1/99,Senior Engineer
436546,Tiina,Fabrizio,1/22/63,6/11/95,1/1/99,Senior Engineer
436552,Jeane,Birsak,6/3/64,12/15/95,1/1/99,Engineer
436558,Subir,Greibach,1/8/65,5/24/92,1/1/99,Senior Engineer
436563,Nahid,Neiman,9/29/62,1/9/99,1/1/99,Engineer
436571,Rosella,Pietrzykowski,7/19/64,12/6/87,1/1/99,Staff
436572,Shugo,Janocha,9/7/63,4/18/92,1/1/99,Senior Staff
436573,Fusako,Marakhovsky,7/10/64,3/18/99,1/1/99,Engineer
436576,Saniya,Billingsley,11/26/62,5/9/94,1/1/99,Engineer
436577,Reinhard,Kusakabe,3/26/62,3/18/98,1/1/99,Staff
436580,Tsuneo,Szilard,10/26/62,8/5/95,1/1/99,Assistant Engineer
436582,Leucio,Desikan,12/4/63,10/23/97,1/1/99,Engineer
436586,Apostol,Erol,12/28/63,1/28/00,1/1/99,Engineer
436588,Mohamadou,Baca,3/28/64,5/30/96,1/1/99,Senior Staff
436589,Demin,Frolund,1/14/63,4/16/93,1/1/99,Staff
436591,Genta,Skogmar,2/8/63,4/2/98,1/1/99,Staff
436594,Makato,Baig,7/20/64,7/26/90,1/1/99,Staff
436606,Gennadi,Versino,7/20/63,7/31/99,1/1/99,Staff
436607,Emdad,Huhdanpaa,9/5/64,1/28/94,1/1/99,Assistant Engineer
436611,Bangqing,Bellone,11/26/63,8/5/94,1/1/99,Engineer
436617,Isamu,Fortenbacher,1/29/64,5/30/93,1/1/99,Senior Engineer
436620,Shalesh,Chartres,7/7/64,3/21/92,1/1/99,Staff
436629,Kitty,Ouhyoung,6/2/63,6/8/94,1/1/99,Senior Engineer
436633,Pintsang,Malinowski,12/27/64,4/14/89,1/1/99,Senior Engineer
436634,TRUE,Flexer,10/14/63,10/22/94,1/1/99,Engineer
436642,Mihalis,Curless,11/11/62,5/30/88,1/1/99,Engineer
436643,Prasadram,Chorvat,11/17/62,7/17/95,1/1/99,Engineer
436647,Aran,Herbst,6/30/62,11/4/93,1/1/99,Senior Staff
436657,Chikako,Veeraraghavan,12/17/63,9/23/00,1/1/99,Staff
436665,Eben,Thombley,5/27/62,8/2/92,1/1/99,Engineer
436672,Hyuckchul,Antonakopoulos,7/23/63,1/4/98,1/1/99,Engineer
436681,Nirmal,Famili,7/1/63,10/13/94,1/1/99,Engineer
436683,Shao,Schmezko,12/9/63,1/23/86,1/1/99,Senior Engineer
436685,Jianhua,Christianini,3/29/64,11/11/92,1/1/99,Staff
436699,Bojan,Androutsos,6/12/62,7/31/90,1/1/99,Senior Staff
436712,Anwar,Veccia,1/11/64,8/5/91,1/1/99,Engineer
436713,Soenke,Schnelling,6/25/64,6/9/96,1/1/99,Engineer
436715,Tonia,Restivo,4/25/63,11/22/93,1/1/99,Assistant Engineer
436720,Alselm,Staylopatis,2/1/64,1/18/93,1/1/99,Engineer
436725,Giap,Salverda,2/25/62,4/2/86,1/1/99,Engineer
436728,Vishv,Kavanagh,4/21/63,6/16/94,1/1/99,Senior Engineer
436736,Subhrajyoti,Gulla,4/9/62,6/20/87,1/1/99,Technique Leader
436739,Basil,Fiebach,12/13/63,6/13/89,1/1/99,Senior Staff
436740,Manu,Condotta,8/16/63,1/23/94,1/1/99,Senior Engineer
436745,Bernd,Fioravanti,10/18/64,6/17/00,1/1/99,Senior Staff
436747,Marke,Denos,2/21/64,3/2/92,1/1/99,Senior Engineer
436748,Garnet,Barriga,9/11/63,2/28/92,1/1/99,Senior Engineer
436751,Yaghout,Snyers,3/3/62,12/12/88,1/1/99,Senior Engineer
436755,Zhongwei,Chinin,1/15/62,5/15/96,1/1/99,Staff
436765,Xiaobin,Petereit,10/27/64,2/19/90,1/1/99,Senior Engineer
436767,Yuriy,Lueh,4/5/63,2/24/98,1/1/99,Staff
436779,Mikhail,Suppi,9/29/64,2/15/89,1/1/99,Senior Engineer
436784,Uinam,Peres,8/26/64,4/14/96,1/1/99,Staff
436785,Genki,Jakobus,11/21/62,4/21/94,1/1/99,Staff
436786,Sibyl,Zultner,6/14/64,10/10/99,1/1/99,Engineer
436791,Masato,Stellhorn,3/29/64,6/24/87,1/1/99,Senior Staff
436793,Ramalingam,Juneja,1/5/64,1/22/92,1/1/99,Senior Staff
436797,Ohad,Henders,1/24/65,11/3/90,1/1/99,Staff
436800,Arup,Legleitner,10/11/62,9/1/88,1/1/99,Senior Engineer
436801,Arumugam,Daescu,12/6/64,3/28/85,1/1/99,Engineer
436804,Qiwen,Siksek,5/3/63,2/5/98,1/1/99,Staff
436806,Gaetan,Broomell,8/7/62,7/4/91,1/1/99,Senior Engineer
436807,Juyoung,Katiyar,4/2/63,8/16/86,1/1/99,Senior Engineer
436827,Wojceich,Limongiello,1/30/65,3/10/88,1/1/99,Senior Staff
436828,Yonghoan,Tramer,12/5/64,2/19/90,1/1/99,Senior Staff
436829,Avishai,Denna,2/2/64,9/8/85,1/1/99,Technique Leader
436840,Jianhao,Straney,7/17/62,12/4/87,1/1/99,Senior Staff
436849,Maya,Hutton,8/5/62,2/28/86,1/1/99,Technique Leader
436850,Reinhold,Zwicker,3/5/62,3/18/90,1/1/99,Engineer
436851,Khoa,Etalle,4/2/62,7/19/89,1/1/99,Senior Engineer
436852,Baocai,Masaki,3/5/62,3/8/89,1/1/99,Senior Engineer
436865,Xiong,Gischer,7/23/64,1/1/89,1/1/99,Senior Staff
436871,Kersti,McDermid,7/18/64,3/2/88,1/1/99,Senior Engineer
436872,Eben,Babu,7/28/63,1/6/87,1/1/99,Staff
436873,Dinkar,Hofmeyr,8/30/62,1/27/91,1/1/99,Engineer
436878,Piyawadee,Reistad,1/29/64,9/8/96,1/1/99,Assistant Engineer
436879,Utpal,Bach,12/22/63,5/5/90,1/1/99,Senior Engineer
436891,Gaetan,Holburn,4/3/64,3/6/95,1/1/99,Staff
436895,Bluma,Wursthorn,7/22/64,8/1/86,1/1/99,Staff
436898,Chaitali,Marwedel,12/1/63,6/11/95,1/1/99,Technique Leader
436899,Bojan,Atchley,5/10/64,6/7/88,1/1/99,Staff
436903,Przemyslawa,Ponthieu,3/4/64,4/21/96,1/1/99,Engineer
436912,Gor,Ermel,10/11/62,12/9/95,1/1/99,Staff
436915,Feixiong,Haraldson,1/13/65,10/11/98,1/1/99,Staff
436917,Idoia,Maksimenko,11/10/62,3/12/99,1/1/99,Engineer
436918,Sadun,Domenig,4/23/64,4/15/85,1/1/99,Technique Leader
436923,Idoia,Lodder,9/16/64,6/11/98,1/1/99,Staff
436924,Ishfaq,Nyanchama,11/23/63,3/22/96,1/1/99,Engineer
436928,Boaz,Cappelli,12/13/62,10/15/91,1/1/99,Engineer
436932,Holgard,Vendrig,11/26/64,8/13/99,1/1/99,Senior Staff
436941,Leaf,Hoppenstand,4/1/62,7/30/95,1/1/99,Engineer
436959,Alain,Merkl,8/1/63,9/5/97,1/1/99,Engineer
436960,Pintsang,Bednarek,10/30/63,10/10/91,1/1/99,Staff
436968,Shaowen,Spinelli,6/17/64,6/13/90,1/1/99,Engineer
436973,Muzhong,Dulin,3/21/62,11/21/99,1/1/99,Staff
436976,Weiye,Milicia,4/27/62,5/27/99,1/1/99,Staff
436978,Serge,Zaumen,12/10/63,5/2/88,1/1/99,Senior Engineer
436980,Sudharsan,Schnabel,10/10/64,3/31/86,1/1/99,Senior Staff
436985,Conal,Pero,10/28/63,5/2/92,1/1/99,Senior Staff
436986,Ulf,Syrzycki,6/18/62,4/6/94,1/1/99,Senior Staff
436987,Hairong,Stavenow,3/16/62,8/1/90,1/1/99,Engineer
436995,Mart,Ghemri,3/22/62,4/4/92,1/1/99,Senior Staff
436996,Weiru,Zumaque,2/2/63,10/9/87,1/1/99,Senior Engineer
437002,Zsolt,Dichev,11/4/63,2/13/00,1/1/99,Staff
437009,Fuqing,Seghrouchni,2/25/63,10/20/96,1/1/99,Technique Leader
437013,Munir,Aseltine,8/25/63,5/29/98,1/1/99,Assistant Engineer
437018,Shigeaki,Schieder,2/25/63,11/21/85,1/1/99,Senior Engineer
437020,Christophe,Picht,1/14/62,5/20/00,1/1/99,Staff
437021,Gita,Stassinopoulos,10/3/62,4/5/96,1/1/99,Engineer
437029,Moon,Cronan,8/9/64,12/27/99,1/1/99,Staff
437044,Maria,Cooman,12/15/64,2/16/85,1/1/99,Senior Engineer
437048,Conal,Liedekerke,10/28/62,6/19/91,1/1/99,Senior Engineer
437049,Yakkov,Casperson,7/24/63,10/25/95,1/1/99,Technique Leader
437056,Venkatesan,Peot,2/5/62,5/26/01,1/1/99,Senior Engineer
437058,Greger,Denna,3/26/62,7/10/91,1/1/99,Technique Leader
437069,Junsik,Jarecki,9/23/64,3/1/90,1/1/99,Senior Engineer
437078,Sugwoo,Shihab,6/10/64,12/19/96,1/1/99,Engineer
437079,Syozo,Siepmann,1/14/62,4/9/92,1/1/99,Senior Staff
437080,Foong,Munke,3/2/62,5/1/90,1/1/99,Senior Staff
437083,Mara,Lukaszewicz,9/23/63,1/15/01,1/1/99,Senior Staff
437084,Mariangiola,Khalil,10/24/62,4/29/88,1/1/99,Staff
437091,Chaoyi,Maquelin,6/24/62,7/14/89,1/1/99,Senior Engineer
437102,Ranga,Demke,6/28/64,8/14/95,1/1/99,Senior Engineer
437113,Tadahiko,Talmor,3/23/63,3/3/94,1/1/99,Engineer
437117,Guiseppe,Schrift,4/2/63,3/23/96,1/1/99,Engineer
437124,Divine,Schlumberger,7/21/62,5/15/99,1/1/99,Engineer
437128,Gad,Baak,4/18/62,11/30/91,1/1/99,Senior Staff
437132,Sanjit,Mitzlaff,10/23/64,11/25/96,1/1/99,Engineer
437133,Ranga,Rosca,5/15/64,7/29/98,1/1/99,Engineer
437141,Makato,Gruenwald,7/4/63,6/18/85,1/1/99,Engineer
437143,Masoud,Lorcy,11/9/63,2/8/91,1/1/99,Technique Leader
437149,Jovan,Blokdijk,10/25/62,10/4/97,1/1/99,Staff
437160,Vitali,Greibach,3/12/63,12/17/94,1/1/99,Technique Leader
437162,Zhiwei,Kenevan,12/6/63,10/26/95,1/1/99,Staff
437165,Zine,Gniady,11/15/64,3/10/94,1/1/99,Senior Staff
437174,Phillip,Brodie,9/24/62,8/31/96,1/1/99,Staff
437176,Gad,Malinowski,3/1/63,4/11/96,1/1/99,Senior Engineer
437180,Taiji,Collavizza,4/23/62,12/6/96,1/1/99,Assistant Engineer
437183,Florian,Baba,8/19/63,10/18/85,1/1/99,Senior Staff
437188,Muneo,Szmurlo,4/16/64,9/19/88,1/1/99,Senior Engineer
437196,Anyuan,Pehl,1/20/63,7/29/98,1/1/99,Staff
437197,Supot,Stanger,7/9/62,12/17/92,1/1/99,Senior Staff
437198,Boguslaw,Denna,8/26/62,4/3/87,1/1/99,Senior Staff
437203,Abdelaziz,Lundstrom,10/5/62,3/30/87,1/1/99,Senior Staff
437207,Sumali,Nanard,4/21/63,12/9/90,1/1/99,Senior Engineer
437213,Chinho,Munch,7/26/63,10/23/95,1/1/99,Engineer
437227,Jiakeng,Clemencon,3/31/63,10/29/92,1/1/99,Staff
437239,Hilary,Tagansky,6/22/64,11/26/99,1/1/99,Staff
437245,Gro,Baezner,12/2/62,12/17/89,1/1/99,Staff
437246,Chaosheng,Ozeki,5/25/64,3/2/85,1/1/99,Senior Engineer
437251,Karlis,Pleszkun,12/30/64,9/26/91,1/1/99,Engineer
437254,Jacopo,Farrar,6/26/62,4/22/91,1/1/99,Senior Staff
437268,Divier,Deville,8/27/63,5/7/93,1/1/99,Staff
437269,Kerryn,Heinisuo,11/9/62,12/15/96,1/1/99,Engineer
437270,Abdulah,Murillo,10/3/63,7/19/88,1/1/99,Senior Staff
437276,Dines,DeMori,1/17/65,12/7/87,1/1/99,Staff
437277,Jiong,Colorni,5/8/63,2/17/88,1/1/99,Senior Engineer
437281,Tuval,Parhami,8/12/64,11/27/95,1/1/99,Staff
437288,Mitchel,Gist,4/1/64,11/14/98,1/1/99,Senior Engineer
437291,Arco,Cromarty,3/14/62,5/25/90,1/1/99,Engineer
437300,Khun,Luef,11/3/64,1/2/00,1/1/99,Staff
437305,Tadahiro,Rando,12/31/62,2/1/91,1/1/99,Senior Staff
437319,Bodo,Cochrane,7/11/63,7/17/99,1/1/99,Staff
437320,Tetsurou,Puppe,11/21/63,5/26/96,1/1/99,Senior Engineer
437334,Shahar,Kakkad,10/6/64,1/8/93,1/1/99,Staff
437339,Palash,Yoshizawa,10/15/62,10/10/99,1/1/99,Senior Staff
437340,Oscal,Jording,5/15/62,11/30/86,1/1/99,Engineer
437343,Adamantios,Malabarba,4/2/62,7/28/92,1/1/99,Senior Staff
437350,Avishai,Wrigley,1/17/64,12/13/90,1/1/99,Staff
437353,Kiyotoshi,Lieberherr,11/15/62,10/22/92,1/1/99,Senior Engineer
437355,Lijia,Hebden,7/16/62,8/10/91,1/1/99,Senior Staff
437356,Marsja,Kakkad,8/7/64,10/21/92,1/1/99,Engineer
437359,Masanao,Erman,4/27/62,11/12/98,1/1/99,Engineer
437367,Bangqing,Babb,3/21/63,1/5/96,1/1/99,Senior Engineer
437368,Stevo,Wegerle,6/22/62,9/12/94,1/1/99,Staff
437369,Kazuhide,Biran,2/1/65,1/25/95,1/1/99,Senior Staff
437374,Chinya,Meriste,10/24/62,8/4/92,1/1/99,Senior Engineer
437386,Jinxi,Aloisi,1/20/62,4/12/00,1/1/99,Engineer
437391,Vasilis,Rissanen,10/14/63,11/13/87,1/1/99,Senior Staff
437393,Shalesh,Stentiford,1/7/62,9/21/97,1/1/99,Senior Engineer
437395,Sumant,Thambidurai,1/21/65,8/24/96,1/1/99,Senior Staff
437399,Make,Birnbaum,7/24/63,1/30/86,1/1/99,Senior Engineer
437400,Yakichi,Yeung,7/5/62,6/2/89,1/1/99,Staff
437404,Sarita,Schrooten,5/14/62,1/9/90,1/1/99,Engineer
437407,Sahrah,Luef,10/18/62,10/7/98,1/1/99,Staff
437433,Mart,Denos,6/20/64,12/8/97,1/1/99,Assistant Engineer
437435,Barton,Ballarin,5/27/64,6/4/89,1/1/99,Senior Engineer
437437,Heekeun,Hofmeyr,11/8/64,7/14/90,1/1/99,Senior Engineer
437438,Premal,Ellozy,10/18/64,11/30/91,1/1/99,Senior Engineer
437449,Youpyo,Rissanen,5/16/64,3/6/92,1/1/99,Senior Engineer
437451,Filipe,Siegrist,8/27/62,9/3/93,1/1/99,Senior Staff
437458,Hirochika,Einsfeld,10/7/62,9/19/87,1/1/99,Senior Engineer
437459,Bernt,Cummings,9/20/63,7/20/85,1/1/99,Senior Staff
437461,Uma,Piancastelli,12/14/63,1/9/95,1/1/99,Senior Engineer
437463,Bangqing,Merro,2/15/62,4/10/97,1/1/99,Senior Engineer
437465,Prasadram,Morris,1/13/63,7/24/91,1/1/99,Senior Staff
437466,Geoff,Flasterstein,9/18/64,5/22/90,1/1/99,Assistant Engineer
437474,Kerryn,Selenyi,10/7/62,1/21/89,1/1/99,Senior Staff
437475,Hidekazu,Cairo,2/6/63,9/22/86,1/1/99,Staff
437476,Gregory,Klerer,7/26/64,1/21/91,1/1/99,Senior Engineer
437478,Masoud,Stavenow,6/5/63,1/5/88,1/1/99,Technique Leader
437482,Jordanka,Cronin,4/28/64,3/6/95,1/1/99,Engineer
437487,Dipankar,Kaminger,2/13/63,6/26/91,1/1/99,Senior Engineer
437489,Jaewon,Demri,2/3/64,3/10/95,1/1/99,Senior Staff
437493,Idoia,Piancastelli,4/16/62,5/15/90,1/1/99,Senior Staff
437495,Itzchak,Baar,2/1/63,5/3/93,1/1/99,Engineer
437496,Kiyomitsu,Zwicker,4/26/62,7/10/99,1/1/99,Engineer
437499,Mamdouh,Lipner,3/4/62,11/25/98,1/1/99,Staff
437506,Jeane,Kropp,1/21/63,10/4/88,1/1/99,Engineer
437512,Sailaja,Tiemann,11/22/64,4/24/87,1/1/99,Engineer
437513,Gully,Nittel,4/23/62,8/2/99,1/1/99,Staff
437515,Parto,Naudin,2/26/62,11/26/92,1/1/99,Staff
437525,Mario,Falck,10/5/63,7/19/98,1/1/99,Engineer
437526,Takahiro,Talmon,10/19/63,12/22/93,1/1/99,Staff
437536,Woody,Velardi,6/22/64,5/27/99,1/1/99,Engineer
437537,Shooichi,Bazelow,9/20/63,1/24/87,1/1/99,Engineer
437548,Suebskul,Luby,11/24/64,5/31/85,1/1/99,Staff
437550,Alejandro,Gonthier,2/25/63,9/16/01,1/1/99,Engineer
437552,Nitsan,Xiaoshan,3/20/64,4/20/99,1/1/99,Staff
437554,Kaijung,Jahnichen,8/11/63,12/6/89,1/1/99,Senior Engineer
437564,Jaber,Ranze,1/6/62,12/8/96,1/1/99,Engineer
437573,Rajmohan,Varley,11/6/63,9/14/88,1/1/99,Senior Engineer
437577,Mayumi,Lichtman,7/30/62,4/10/99,1/1/99,Technique Leader
437578,Demin,Magalhaes,9/15/63,10/12/00,1/1/99,Engineer
437595,Fen,Butner,10/11/64,5/31/99,1/1/99,Senior Staff
437612,Heping,Lanzelotte,1/18/62,11/23/90,1/1/99,Engineer
437613,Greger,Nyrup,8/3/63,8/2/87,1/1/99,Staff
437616,Yinghua,Hambrick,3/10/64,6/4/87,1/1/99,Senior Engineer
437624,Xudong,Alpin,2/4/64,5/7/99,1/1/99,Engineer
437626,Chikako,Erez,4/15/64,6/7/89,1/1/99,Senior Staff
437630,Fay,Suermann,6/16/63,6/15/91,1/1/99,Senior Engineer
437640,Shaw,Trystram,7/27/64,9/14/93,1/1/99,Engineer
437643,Chanjung,Dayang,1/23/62,5/10/91,1/1/99,Senior Staff
437646,Przemyslawa,Maksimenko,10/28/63,10/23/88,1/1/99,Engineer
437650,Ramalingam,Fasbender,12/8/62,10/14/95,1/1/99,Staff
437657,Boalin,Kampfer,1/2/64,6/25/98,1/1/99,Engineer
437665,Heon,Gyimothy,11/13/62,1/17/93,1/1/99,Senior Staff
437666,Xiaoqiu,Keohane,3/5/62,7/10/93,1/1/99,Engineer
437674,DAIDA,Dusink,10/4/63,6/3/99,1/1/99,Senior Staff
437684,Michaela,Ventosa,5/24/62,7/11/94,1/1/99,Senior Staff
437695,Lijia,Lukaszewicz,5/28/62,12/11/97,1/1/99,Assistant Engineer
437699,Nathalie,Antonakopoulos,3/27/64,7/28/87,1/1/99,Technique Leader
437703,Evgueni,Douceur,5/23/64,9/29/89,1/1/99,Engineer
437707,Uri,Passino,11/18/63,12/26/89,1/1/99,Senior Engineer
437709,Mototsugu,Baaz,2/26/63,2/5/85,1/1/99,Staff
437711,Yuuichi,Boreale,7/6/62,5/4/90,1/1/99,Senior Engineer
437713,Munenori,Shackel,12/10/64,12/1/85,1/1/99,Senior Staff
437722,Shao,Tiemann,9/29/64,7/21/99,1/1/99,Engineer
437724,Erez,Luft,1/17/65,12/14/94,1/1/99,Staff
437726,Mitsuyuki,Merlo,12/22/62,1/16/86,1/1/99,Senior Engineer
437727,Pranay,Sidou,4/6/63,12/14/86,1/1/99,Staff
437728,Kiyomitsu,Sevcikova,8/26/64,12/19/97,1/1/99,Engineer
437734,Sergi,Staudhammer,11/17/62,2/15/93,1/1/99,Senior Staff
437739,Van,Garnick,7/30/62,7/12/87,1/1/99,Senior Engineer
437740,Christoper,Baaleh,5/4/64,10/7/93,1/1/99,Engineer
437747,Munehiko,Chachaty,9/2/63,5/26/99,1/1/99,Senior Staff
437749,Shmuel,Masada,7/10/63,6/15/90,1/1/99,Senior Staff
437766,Vojin,Pezzoli,1/19/64,3/2/89,1/1/99,Engineer
437769,Florina,Landherr,6/2/63,3/26/02,1/1/99,Technique Leader
437771,Aksel,Stemann,9/17/64,12/8/87,1/1/99,Staff
437773,Lobel,Scallan,7/4/62,10/9/90,1/1/99,Senior Engineer
437777,Pramod,Pokrovskii,3/11/62,2/24/97,1/1/99,Engineer
437780,Stella,Sethi,12/26/64,3/30/85,1/1/99,Engineer
437781,Aloys,Serra,10/9/63,2/15/90,1/1/99,Engineer
437783,Keiichiro,Kroft,1/4/62,8/7/91,1/1/99,Senior Staff
437791,Sadok,Pehl,12/1/64,10/29/97,1/1/99,Senior Staff
437793,Chikako,Cherinka,9/23/62,9/21/95,1/1/99,Technique Leader
437798,Yahiko,Cronin,10/7/62,5/19/97,1/1/99,Engineer
437805,Lijia,Chimia,10/1/62,8/19/90,1/1/99,Engineer
437809,Shin,Jansen,11/19/64,12/5/91,1/1/99,Staff
437821,Toshimi,Waschkowski,4/14/62,5/18/97,1/1/99,Engineer
437826,Emdad,Giarratana,10/29/64,3/13/87,1/1/99,Senior Staff
437833,Yoshimitsu,Haddadi,2/6/64,7/20/89,1/1/99,Staff
437835,Yuqun,Setiz,5/7/62,6/2/98,1/1/99,Technique Leader
437846,Yaghout,Ramsay,6/26/63,8/5/86,1/1/99,Senior Engineer
437848,Aemilian,Litzler,5/14/62,4/21/92,1/1/99,Staff
437849,Elrique,Erbe,12/14/64,1/28/89,1/1/99,Senior Staff
437856,Rosine,Bierman,4/27/64,2/28/95,1/1/99,Staff
437857,Christoper,Ventosa,6/24/63,2/23/95,1/1/99,Senior Staff
437859,Arie,Lieberherr,4/28/62,8/1/95,1/1/99,Senior Staff
437862,Kwan,McAffer,8/14/63,11/24/86,1/1/99,Staff
437863,Sanjai,Neiman,8/22/63,9/20/96,1/1/99,Senior Staff
437864,Jinxi,Olano,1/11/62,10/18/95,1/1/99,Senior Engineer
437870,Kerhong,Lorho,1/7/65,3/17/01,1/1/99,Staff
437876,Huiqun,Randi,8/15/64,10/14/93,1/1/99,Engineer
437877,Toshimo,Stifter,4/17/63,3/16/90,1/1/99,Engineer
437885,Roded,Wielonsky,3/20/62,4/12/87,1/1/99,Staff
437896,Gro,Fujisawa,5/14/62,7/6/99,1/1/99,Staff
437897,Holgard,Nannarelli,3/19/62,10/1/96,1/1/99,Engineer
437898,Huei,Esteva,8/9/64,4/18/94,1/1/99,Senior Staff
437906,Stein,Neiman,5/26/64,10/15/92,1/1/99,Senior Staff
437909,Waiman,Kampfer,2/14/63,4/2/95,1/1/99,Staff
437913,Zhaofang,Radivojevic,3/2/63,10/13/97,1/1/99,Staff
437914,Venkatesan,Kaelbling,3/2/64,2/25/93,1/1/99,Engineer
437916,Chenxi,Parascandalo,7/30/62,5/22/92,1/1/99,Senior Engineer
437919,Arvin,Taubenfeld,7/31/62,10/10/97,1/1/99,Technique Leader
437920,Pranay,Tchuente,2/21/64,12/9/94,1/1/99,Engineer
437929,Zhongwei,Egerstedt,5/4/63,5/22/93,1/1/99,Staff
437946,Mingzeng,Gecseg,11/10/63,8/18/99,1/1/99,Engineer
437947,Arumugam,Muhlberg,12/17/64,2/8/86,1/1/99,Engineer
437959,Yannik,Kalafatis,3/20/64,11/19/95,1/1/99,Senior Engineer
437960,DeForest,Remmele,1/14/63,7/20/85,1/1/99,Senior Staff
437967,Moti,Marquardt,4/30/62,1/31/90,1/1/99,Engineer
437968,Moriyoshi,Sooriamurthi,8/25/62,9/7/95,1/1/99,Engineer
437969,Kristian,Werthner,3/10/63,2/10/90,1/1/99,Senior Staff
437970,Izaskun,Bala,4/12/63,2/13/93,1/1/99,Senior Engineer
437971,Adil,Litecky,6/21/63,5/10/85,1/1/99,Senior Engineer
437975,Jaewon,Pluym,7/10/62,4/30/96,1/1/99,Assistant Engineer
437979,Sivanarayana,Luft,9/11/62,6/2/92,1/1/99,Engineer
437987,Basil,Ranst,4/3/62,6/2/89,1/1/99,Staff
437989,Mikhail,Gini,3/11/62,8/26/89,1/1/99,Senior Staff
437995,Uli,Hatcliff,8/24/64,3/30/86,1/1/99,Senior Staff
437996,Pranas,Michaeli,10/18/62,8/28/99,1/1/99,Senior Engineer
438000,Chenyi,Pillow,11/14/63,6/24/89,1/1/99,Senior Staff
438002,Gio,Haumacher,9/16/64,11/20/98,1/1/99,Staff
438006,Billie,Feinberg,4/20/64,11/4/85,1/1/99,Engineer
438017,Tze,Swift,6/15/64,1/8/00,1/1/99,Staff
438025,Masoud,Wiegley,6/16/62,12/20/93,1/1/99,Senior Staff
438026,Utpal,Rahier,2/8/64,9/10/92,1/1/99,Senior Staff
438027,Fumiya,Kropp,8/19/62,4/26/97,1/1/99,Staff
438034,Claude,Scharstein,11/23/63,4/17/97,1/1/99,Engineer
438038,Lena,Giaccio,1/1/65,10/3/01,1/1/99,Senior Staff
438057,Anneke,Imataki,12/26/63,7/24/99,1/1/99,Senior Engineer
438069,Jiafu,Naudin,1/30/63,5/8/98,1/1/99,Staff
438078,Mototsugu,Tibblin,12/25/64,12/11/95,1/1/99,Staff
438080,Gretta,Deverell,9/29/62,7/21/87,1/1/99,Engineer
438083,Boguslaw,Rajala,2/18/62,7/20/87,1/1/99,Engineer
438087,Mantis,Roccetti,8/5/62,12/24/94,1/1/99,Senior Engineer
438091,Jaques,Taneja,2/24/64,7/6/87,1/1/99,Senior Engineer
438092,Toney,Ghalwash,12/28/62,3/29/94,1/1/99,Senior Engineer
438107,Stepehn,Gimbel,8/10/62,8/21/95,1/1/99,Senior Engineer
438119,Yoshimitsu,Kuzuoka,10/29/62,4/2/87,1/1/99,Staff
438129,Raimond,Tiemann,9/11/62,5/7/94,1/1/99,Senior Engineer
438136,Sanjay,Takkinen,11/24/63,9/13/94,1/1/99,Staff
438139,Mostafa,Bashian,8/23/62,8/11/95,1/1/99,Senior Staff
438148,Yurii,Schrooten,7/4/62,2/24/86,1/1/99,Staff
438149,Xiaobin,Nastansky,6/12/64,9/1/95,1/1/99,Senior Staff
438152,Frazer,Mahnke,7/25/62,7/20/85,1/1/99,Engineer
438159,Xiaoheng,Minakawa,5/2/62,5/28/89,1/1/99,Senior Engineer
438165,Stevo,Schlumberger,6/23/62,9/14/94,1/1/99,Senior Engineer
438166,Chuanti,Mullainathan,5/12/63,7/29/99,1/1/99,Engineer
438173,Suvo,Ecklund,2/2/64,7/17/96,1/1/99,Technique Leader
438184,Teiji,Lorcy,11/25/63,2/9/90,1/1/99,Engineer
438185,Bluma,Schach,11/11/62,4/19/89,1/1/99,Engineer
438186,Constantino,Reistad,1/25/64,3/31/99,1/1/99,Staff
438189,Shem,Chepyzhov,7/14/64,3/13/90,1/1/99,Senior Engineer
438199,Mizuhito,Guting,4/27/62,7/26/90,1/1/99,Engineer
438202,Gererd,Swan,9/18/62,12/22/93,1/1/99,Engineer
438206,Martina,Feinberg,7/29/63,7/9/95,1/1/99,Staff
438210,Emdad,Katzenelson,4/8/64,8/9/95,1/1/99,Senior Engineer
438213,Lorien,Zultner,10/1/64,1/3/90,1/1/99,Staff
438222,Herbert,Daescu,5/13/62,7/24/88,1/1/99,Senior Engineer
438230,Gladys,Chenoweth,12/23/62,1/17/93,1/1/99,Senior Staff
438234,Barun,Ratnaker,5/18/63,3/17/91,1/1/99,Senior Staff
438237,Hailing,Malabarba,2/26/63,7/15/89,1/1/99,Senior Engineer
438239,Gaurav,Dahlbom,10/18/64,10/3/96,1/1/99,Technique Leader
438242,Yongmao,Lichtman,9/7/62,8/9/87,1/1/99,Senior Staff
438248,Yinghua,Bernick,11/30/62,10/9/95,1/1/99,Engineer
438252,Jingling,Tsukuda,1/24/63,10/31/93,1/1/99,Technique Leader
438256,Moto,Grospietsch,10/6/63,4/29/88,1/1/99,Engineer
438261,Christophe,Schurmann,8/3/63,3/13/86,1/1/99,Engineer
438264,Rasikan,Barreiro,1/19/65,9/27/91,1/1/99,Senior Staff
438274,Torsten,Solares,8/26/64,2/20/91,1/1/99,Senior Engineer
438279,Paddy,Quittner,3/21/63,10/8/91,1/1/99,Senior Staff
438280,Yuping,Stavenow,12/30/63,9/7/97,1/1/99,Senior Engineer
438282,Charmane,Henseler,11/1/62,8/25/89,1/1/99,Staff
438300,Adas,Morton,8/14/62,7/30/95,1/1/99,Senior Engineer
438311,Berto,Hitomi,5/11/64,3/24/92,1/1/99,Staff
438313,Sugwoo,Birke,11/18/62,3/9/85,1/1/99,Senior Staff
438314,Sreekrishna,Barriga,11/13/63,11/7/97,1/1/99,Assistant Engineer
438315,Christfried,Couchot,6/7/62,12/14/97,1/1/99,Senior Staff
438321,Basim,Skrikant,9/23/62,7/19/96,1/1/99,Staff
438323,Mang,Hoppenstand,11/15/64,11/15/96,1/1/99,Staff
438326,Dannz,Perna,8/3/64,6/2/92,1/1/99,Senior Staff
438336,Hausi,Przulj,2/29/64,1/7/00,1/1/99,Engineer
438345,Taegyun,Coorg,8/4/64,12/20/90,1/1/99,Senior Engineer
438353,Frazer,Pearson,5/24/64,3/11/85,1/1/99,Staff
438359,Mingdong,Sommen,2/18/64,12/13/92,1/1/99,Senior Engineer
438363,Kiyomitsu,Parfitt,6/26/64,4/19/90,1/1/99,Assistant Engineer
438364,Jaewon,Himler,4/11/63,2/15/85,1/1/99,Technique Leader
438381,Khun,Rotem,5/9/62,2/13/94,1/1/99,Senior Staff
438399,Satoru,Kavvadias,7/27/62,12/1/97,1/1/99,Senior Staff
438407,Duri,Dusink,9/13/63,4/2/99,1/1/99,Engineer
438410,Marl,Hellwagner,1/1/62,4/9/94,1/1/99,Engineer
438423,Raimond,Munoz,10/3/63,9/15/93,1/1/99,Senior Engineer
438432,Kagan,Dymetman,9/10/64,4/17/93,1/1/99,Senior Engineer
438434,Kasturi,Baumann,3/9/62,3/18/97,1/1/99,Engineer
438436,Lobel,Simkin,12/25/63,2/6/93,1/1/99,Senior Engineer
438448,Vishwani,Debuse,11/5/64,8/14/86,1/1/99,Engineer
438459,Heejo,Ruther,7/10/63,4/25/94,1/1/99,Engineer
438464,Jaideep,Serov,7/25/62,12/2/99,1/1/99,Engineer
438466,Guiseppe,Ravishankar,5/14/64,1/3/90,1/1/99,Staff
438469,Christoper,Jakobus,10/13/64,10/21/85,1/1/99,Engineer
438470,Huican,Ramsak,8/16/62,7/2/87,1/1/99,Staff
438479,Jenwei,Weiland,8/19/64,1/10/95,1/1/99,Staff
438481,Billur,Lanzelotte,9/26/64,3/20/92,1/1/99,Staff
438482,Changho,Markovitch,7/15/63,6/26/86,1/1/99,Senior Staff
438485,Kwok,Desikan,3/10/64,4/2/97,1/1/99,Staff
438491,Kamran,Bultermann,1/12/64,12/24/99,1/1/99,Engineer
438493,Domenick,Schiper,6/10/62,11/14/89,1/1/99,Staff
438502,Lorien,Jervis,7/28/64,5/31/90,1/1/99,Staff
438507,Val,Terwilliger,5/18/64,12/8/85,1/1/99,Staff
438510,Sajjad,Moffat,2/13/64,1/5/91,1/1/99,Senior Staff
438516,Shir,Kranzdorf,8/12/63,12/23/99,1/1/99,Staff
438530,Xinan,Schwaller,11/21/63,8/1/89,1/1/99,Senior Staff
438533,Bokyung,Lamba,3/24/64,9/27/96,1/1/99,Senior Engineer
438540,Hairong,Furudate,6/29/62,10/27/96,1/1/99,Staff
438543,Kolar,Constantine,3/21/64,6/20/88,1/1/99,Senior Engineer
438549,Margo,Riexinger,12/1/64,9/1/87,1/1/99,Senior Staff
438550,Djelloul,Speckmann,12/21/63,1/4/96,1/1/99,Assistant Engineer
438555,Wonhee,Bisiani,9/19/64,12/23/91,1/1/99,Staff
438557,Lidong,Swist,1/30/65,9/16/99,1/1/99,Engineer
438566,Sanjay,Vidal,8/23/62,11/29/87,1/1/99,Senior Engineer
438567,Maren,Kilgore,2/9/63,12/4/94,1/1/99,Senior Engineer
438576,Tuval,Samarati,7/8/62,1/26/96,1/1/99,Senior Staff
438585,Lansing,Crelier,6/28/63,10/17/01,1/1/99,Senior Engineer
438588,Serge,Shumilov,5/25/62,1/16/92,1/1/99,Senior Staff
438589,Weiyi,Braunschweig,8/14/63,2/2/92,1/1/99,Staff
438595,Golgen,Peltason,5/12/63,7/19/98,1/1/99,Engineer
438598,Dante,Fandrianto,7/3/64,11/23/93,1/1/99,Senior Staff
438607,Holgard,Heering,11/21/62,11/29/92,1/1/99,Engineer
438625,Subhash,Christianini,9/20/63,10/16/95,1/1/99,Engineer
438629,Sushant,Siksek,3/4/62,4/21/98,1/1/99,Engineer
438630,Youpyo,Khasidashvili,11/12/63,1/14/87,1/1/99,Staff
438633,Chinhyun,Merks,6/19/62,5/7/85,1/1/99,Staff
438635,Jaewoo,Farrag,11/10/64,12/3/87,1/1/99,Staff
438638,Sanjit,Limongiello,11/19/62,3/8/97,1/1/99,Engineer
438656,Toshiko,Iacovou,5/1/62,12/24/91,1/1/99,Staff
438667,Marsha,Waleschkowski,1/31/62,1/2/95,1/1/99,Staff
438677,Yuriy,Picaronny,4/7/62,9/8/87,1/1/99,Senior Engineer
438684,Limsoon,Menyhert,3/21/63,4/25/99,1/1/99,Staff
438686,Keung,Picco,9/1/63,2/11/94,1/1/99,Staff
438694,Amalendu,Leaver,3/18/62,11/18/93,1/1/99,Staff
438697,Aiichiro,Perng,9/27/64,12/11/91,1/1/99,Staff
438698,Lakshmi,Kuhnemann,12/27/62,5/22/98,1/1/99,Staff
438700,Chuanti,Baek,3/30/62,6/6/90,1/1/99,Senior Staff
438702,Gretta,Munoz,5/13/64,5/5/98,1/1/99,Senior Staff
438708,Hilari,Terkki,7/2/62,9/13/96,1/1/99,Senior Staff
438711,Martine,Winter,3/1/63,11/5/87,1/1/99,Senior Engineer
438717,Stepehn,Denti,10/28/63,4/9/99,1/1/99,Engineer
438725,Shan,Motley,9/21/62,2/9/96,1/1/99,Engineer
438734,Diederik,Nanard,8/18/64,1/17/94,1/1/99,Senior Staff
438741,Irena,Leijenhorst,9/20/62,7/28/94,1/1/99,Senior Engineer
438742,Christoph,Escriba,8/5/63,1/27/88,1/1/99,Senior Engineer
438743,Ronnie,Hockney,9/7/63,12/7/91,1/1/99,Senior Engineer
438745,Shietung,Shokrollahi,1/4/63,8/29/87,1/1/99,Technique Leader
438750,Yurij,Yurov,12/5/63,6/10/85,1/1/99,Senior Staff
438751,Juichirou,Levasseur,9/27/64,4/24/87,1/1/99,Senior Engineer
438753,Basim,Litvinov,4/19/62,3/7/96,1/1/99,Engineer
438754,Jinxi,Nittel,11/12/64,5/10/99,1/1/99,Staff
438762,Gurbir,Zedlitz,5/17/64,5/16/94,1/1/99,Staff
438767,Sreenivas,Naudin,10/9/62,9/17/85,1/1/99,Engineer
438775,Ayakannu,Zambonelli,8/20/64,8/19/87,1/1/99,Senior Staff
438778,Kristina,Andreotta,10/19/62,10/10/98,1/1/99,Senior Engineer
438786,Bernardo,Kaiserswerth,4/7/63,3/24/85,1/1/99,Staff
438788,Phillip,Shokrollahi,5/4/64,7/30/85,1/1/99,Senior Staff
438791,Wonhee,Bellone,10/21/64,11/24/93,1/1/99,Technique Leader
438796,Uzi,Sevcikova,7/30/63,1/30/88,1/1/99,Senior Staff
438802,Nirmal,McAlpine,9/25/62,8/14/89,1/1/99,Engineer
438803,Bokyung,Takkinen,12/8/62,4/7/92,1/1/99,Assistant Engineer
438810,Luigi,Falco,3/3/64,6/25/90,1/1/99,Senior Staff
438815,Jaideep,Giaccio,6/12/64,8/13/99,1/1/99,Senior Engineer
438817,Shem,Munck,8/12/64,8/3/93,1/1/99,Senior Staff
438818,Serap,Rusmann,6/8/64,11/11/87,1/1/99,Assistant Engineer
438836,Bowen,Nishimukai,7/9/64,5/19/88,1/1/99,Senior Engineer
438839,Debatosh,Camarinopoulos,1/23/64,2/18/98,1/1/99,Senior Engineer
438841,Edwin,Griswold,3/2/64,5/3/94,1/1/99,Senior Staff
438844,Kasturi,Chvatal,5/19/63,6/10/91,1/1/99,Staff
438849,Mayuko,Chepyzhov,11/22/62,11/3/90,1/1/99,Senior Staff
438855,Xiaoheng,Hiyoshi,2/9/62,4/12/98,1/1/99,Engineer
438857,Kankanahalli,Baak,10/7/63,9/1/87,1/1/99,Technique Leader
438867,Mandell,Mandell,9/13/63,7/29/87,1/1/99,Engineer
438877,Sudhanshu,Iisaka,10/13/64,10/7/91,1/1/99,Senior Engineer
438887,Georgi,Hitomi,6/9/64,5/3/90,1/1/99,Engineer
438890,Parke,Pagter,3/29/63,7/4/98,1/1/99,Staff
438898,Naftaly,Broomell,4/8/63,4/23/93,1/1/99,Staff
438901,Lubomir,Iwayama,7/10/63,6/2/92,1/1/99,Senior Engineer
438906,Nirmal,Shobatake,2/2/63,3/11/99,1/1/99,Senior Staff
438910,Chiranjit,Skrikant,1/6/62,10/23/94,1/1/99,Engineer
438912,Takahiro,Chinin,9/3/62,5/25/96,1/1/99,Staff
438916,Yefim,Doering,12/15/62,3/13/86,1/1/99,Senior Staff
438918,Xiaoheng,Antonisse,1/10/63,7/13/86,1/1/99,Senior Engineer
438925,Yagil,Ohori,5/13/62,7/16/85,1/1/99,Senior Engineer
438927,Rayond,Litzler,11/3/64,9/19/88,1/1/99,Engineer
438928,Xuejun,Luby,2/3/63,4/14/85,1/1/99,Engineer
438939,Marla,Peres,3/15/64,1/19/94,1/1/99,Engineer
438959,Jaewoo,Suwa,12/29/63,11/9/98,1/1/99,Engineer
438961,Marsha,Albarhamtoshy,6/6/64,2/4/87,1/1/99,Senior Staff
438965,Anyuan,Lores,10/4/63,9/10/85,1/1/99,Staff
438970,Maren,Rosay,7/27/63,8/5/97,1/1/99,Senior Staff
438972,Jaroslava,Schmittgen,7/14/62,6/26/94,1/1/99,Senior Engineer
438974,Shunichi,Shimshoni,10/11/64,10/4/86,1/1/99,Engineer
438975,Jahangir,Masand,1/20/64,7/29/87,1/1/99,Senior Engineer
438977,Jaques,Coullard,9/9/62,4/24/94,1/1/99,Senior Engineer
438980,Mohd,Salinas,1/28/64,5/31/94,1/1/99,Engineer
438983,Waiman,McClurg,4/10/63,7/12/92,1/1/99,Senior Staff
438991,Alexius,Tramer,10/22/62,11/9/93,1/1/99,Senior Engineer
438993,Alassane,Conte,2/23/62,8/9/98,1/1/99,Engineer
438995,Taiji,Rabejac,7/7/64,9/6/85,1/1/99,Senior Staff
438996,Doowon,Hartvigsen,10/29/63,11/20/90,1/1/99,Engineer
439005,Palash,Gecsei,8/20/64,2/18/86,1/1/99,Senior Engineer
439016,Jungsoon,Zschoche,10/27/63,6/5/85,1/1/99,Senior Engineer
439020,Salvador,Jervis,6/24/64,11/9/90,1/1/99,Senior Engineer
439021,Freyja,Salvesen,10/31/62,11/19/89,1/1/99,Staff
439026,Xiaoqiu,Lambe,7/24/63,5/30/97,1/1/99,Assistant Engineer
439028,Elvia,Spinelli,8/8/63,1/11/91,1/1/99,Engineer
439032,Jahangir,Siepmann,1/16/62,1/5/96,1/1/99,Senior Staff
439038,JoAnne,Takanami,7/23/62,1/9/00,1/1/99,Staff
439042,Heather,Ghelli,9/14/64,5/21/87,1/1/99,Senior Engineer
439044,Goa,Sigstam,2/26/63,5/26/92,1/1/99,Senior Staff
439047,Huican,Wielonsky,8/30/64,7/6/87,1/1/99,Staff
439053,Tomokazu,VanScheik,12/21/64,6/23/91,1/1/99,Senior Engineer
439057,Dietrich,Cooley,2/21/62,3/23/89,1/1/99,Senior Staff
439082,Arvin,Beidas,2/8/62,9/29/88,1/1/99,Engineer
439083,Subhankar,Tischendorf,6/18/64,11/20/94,1/1/99,Engineer
439084,Janche,Hebert,6/24/64,5/28/99,1/1/99,Senior Engineer
439093,Sushant,Qiwen,5/10/64,5/24/01,1/1/99,Staff
439099,Khoa,Garnick,4/4/62,5/31/89,1/1/99,Senior Engineer
439112,Mitchel,Solares,12/29/63,9/1/99,1/1/99,Senior Staff
439113,Malu,Butner,8/2/63,4/19/97,1/1/99,Senior Engineer
439127,Carrsten,Muntz,11/16/63,4/25/86,1/1/99,Senior Staff
439138,Geoffry,Stranks,10/14/62,5/24/87,1/1/99,Staff
439139,Xuejia,Brookner,4/8/64,6/26/91,1/1/99,Senior Staff
439146,Ronghao,Lunt,4/1/64,2/5/95,1/1/99,Senior Staff
439149,Branimir,Pocchiola,8/17/63,12/27/88,1/1/99,Senior Staff
439155,Basil,Merlo,12/12/62,4/30/85,1/1/99,Engineer
439163,Tua,Vadhan,12/25/62,6/26/98,1/1/99,Staff
439166,Conor,Seuren,8/30/64,5/24/98,1/1/99,Senior Engineer
439181,Rildo,Sinicrope,8/21/63,5/25/94,1/1/99,Senior Engineer
439186,Shahaf,Magliocco,3/22/64,12/24/94,1/1/99,Senior Staff
439199,Gregory,Dulin,9/29/64,3/3/94,1/1/99,Senior Engineer
439206,Ipke,Ozeri,10/21/64,4/15/95,1/1/99,Assistant Engineer
439208,Duri,Panwar,1/8/62,6/29/96,1/1/99,Senior Staff
439215,LiMin,Mattern,4/10/64,6/6/96,1/1/99,Staff
439217,Deborah,Glinert,11/5/63,12/9/87,1/1/99,Staff
439221,Yucel,Miculan,3/3/63,6/19/90,1/1/99,Senior Engineer
439263,Perry,Gluchowski,12/5/64,4/11/97,1/1/99,Senior Staff
439268,Bangqing,Siepmann,9/4/63,5/26/88,1/1/99,Engineer
439270,Niteen,Danley,4/28/64,2/28/94,1/1/99,Senior Engineer
439271,Georg,Toyoshima,7/23/63,6/27/86,1/1/99,Senior Staff
439280,Rimli,Coors,5/3/62,9/20/90,1/1/99,Engineer
439294,Sreekrishna,Sommer,9/15/63,10/18/95,1/1/99,Staff
439299,Arup,Geffroy,4/9/63,10/19/87,1/1/99,Engineer
439302,Aemilian,Stafford,8/20/64,9/20/89,1/1/99,Engineer
439312,Neelam,Teitelbaum,12/6/62,5/5/99,1/1/99,Senior Staff
439317,Kendra,Litzkow,7/11/62,5/11/87,1/1/99,Senior Staff
439330,Chuanyi,Knightly,8/8/64,11/27/96,1/1/99,Engineer
439331,Feiyu,Ramsey,12/16/63,6/6/86,1/1/99,Engineer
439340,Shawna,Schach,10/27/63,5/24/92,1/1/99,Staff
439353,Jacqueline,Munch,10/25/62,11/9/97,1/1/99,Senior Staff
439355,Odinaldo,Nicolson,9/9/64,4/29/97,1/1/99,Senior Staff
439356,Florina,Luke,7/24/63,2/5/89,1/1/99,Senior Engineer
439370,Gio,Clouatre,1/26/64,7/4/89,1/1/99,Engineer
439373,Zsolt,Binkley,9/22/63,2/17/96,1/1/99,Senior Staff
439374,Khosrow,Zaccaria,7/27/64,1/30/88,1/1/99,Staff
439377,Mari,Plessier,1/28/65,7/4/97,1/1/99,Senior Engineer
439381,Ramachenga,Ferretti,10/18/63,4/25/85,1/1/99,Senior Engineer
439383,Steve,Koyama,1/25/64,7/1/99,1/1/99,Senior Engineer
439386,Nidapan,Kroft,5/12/63,4/11/89,1/1/99,Engineer
439391,Greger,Soicher,5/15/64,2/28/86,1/1/99,Engineer
439393,Mabry,Attimonelli,8/30/62,8/20/92,1/1/99,Senior Staff
439397,Serif,Bennet,5/13/63,5/25/87,1/1/99,Staff
439401,Gadiel,Rehfuss,2/11/64,10/24/98,1/1/99,Staff
439403,Katsuo,Armand,5/21/64,2/7/88,1/1/99,Senior Engineer
439406,Phillip,Aloisi,4/16/63,11/19/95,1/1/99,Senior Engineer
439410,Chikako,McFarlan,9/28/63,12/13/90,1/1/99,Staff
439421,Hairong,Szemeredi,9/30/63,8/23/93,1/1/99,Assistant Engineer
439431,Danil,Hashii,9/26/63,1/30/96,1/1/99,Engineer
439434,Gill,Brobst,4/5/62,8/2/96,1/1/99,Engineer
439438,Nadjib,Iisaku,10/27/62,12/4/95,1/1/99,Engineer
439439,Lorien,Desikan,7/30/62,2/8/90,1/1/99,Senior Staff
439446,Richara,Mayerwieser,10/18/63,12/6/91,1/1/99,Senior Engineer
439447,Toshiki,Schonegge,7/20/63,5/10/96,1/1/99,Senior Engineer
439459,Kazunori,Birke,7/4/64,2/25/86,1/1/99,Senior Engineer
439464,Serap,Chaudhury,1/4/64,2/12/88,1/1/99,Senior Engineer
439470,Subhada,Steenbeek,8/28/63,7/15/01,1/1/99,Staff
439474,Chiranjit,Pargaonkar,12/1/63,10/18/89,1/1/99,Staff
439476,Phuoc,Denos,2/21/62,7/20/88,1/1/99,Engineer
439477,Basil,Stemann,8/9/64,10/12/95,1/1/99,Engineer
439482,Fen,Masaki,10/15/64,1/9/90,1/1/99,Senior Staff
439487,Oscar,Riexinger,6/1/62,1/24/90,1/1/99,Assistant Engineer
439491,Amstein,Escriba,6/14/62,7/5/01,1/1/99,Staff
439494,Goa,Swick,9/7/64,2/5/85,1/1/99,Senior Staff
439502,Junichi,Servieres,7/31/63,7/12/95,1/1/99,Senior Engineer
439503,Baocai,Sridhar,6/17/63,4/18/96,1/1/99,Staff
439508,Arnd,Ramaiah,8/27/62,12/23/88,1/1/99,Senior Engineer
439528,Pasqua,Gimbel,1/11/63,1/25/99,1/1/99,Engineer
439535,Florina,Krohm,1/1/62,2/20/96,1/1/99,Senior Engineer
439540,King,Thiran,7/8/62,5/9/98,1/1/99,Senior Engineer
439542,Roselyn,Albarhamtoshy,8/30/62,12/12/96,1/1/99,Staff
439548,Nathan,Stasinski,12/25/64,1/18/99,1/1/99,Senior Engineer
439550,Nathalie,Felcyn,9/10/62,10/26/85,1/1/99,Senior Staff
439553,Chikako,Homond,9/18/62,7/24/96,1/1/99,Engineer
439554,Valeska,Leonhardt,7/27/64,10/23/87,1/1/99,Staff
439556,Sukumar,Kragelund,9/1/63,7/23/98,1/1/99,Senior Engineer
439557,Sajjan,Carrere,7/27/63,1/14/91,1/1/99,Engineer
439559,Sadun,Iisaka,9/18/63,8/4/89,1/1/99,Engineer
439561,Ult,Rahimi,6/11/63,4/14/87,1/1/99,Senior Staff
439562,Goncalo,Cherinka,10/30/64,7/1/88,1/1/99,Staff
439564,Khalil,Ariola,7/29/63,10/31/95,1/1/99,Staff
439565,Kyoichi,Ashish,9/19/62,2/22/98,1/1/99,Senior Staff
439566,Sigeru,Detkin,10/22/63,6/1/85,1/1/99,Senior Engineer
439571,Munir,Bazelow,8/17/64,4/14/94,1/1/99,Staff
439578,Tsuneo,Quaggetto,1/29/64,6/7/97,1/1/99,Senior Engineer
439581,Kristin,Falster,9/9/63,1/12/88,1/1/99,Technique Leader
439582,Berto,Cappelli,12/31/62,6/6/86,1/1/99,Technique Leader
439583,Feixiong,Gecsel,4/22/63,12/18/94,1/1/99,Senior Engineer
439588,Fabrizio,Pepe,8/23/64,6/11/90,1/1/99,Engineer
439590,Gianluca,Baezner,4/1/62,9/2/87,1/1/99,Senior Engineer
439607,Moheb,Skrikant,5/16/64,2/19/86,1/1/99,Staff
439619,Jaihie,Passafiume,9/3/62,8/8/91,1/1/99,Engineer
439621,Lijie,Mundy,9/1/63,11/13/85,1/1/99,Senior Engineer
439623,Parto,Stellhorn,7/2/64,1/22/95,1/1/99,Staff
439629,Fai,Hennings,4/22/62,12/3/99,1/1/99,Staff
439633,Lokesh,Merey,11/3/62,3/19/88,1/1/99,Senior Staff
439635,Doohun,Ghandeharizadeh,10/19/64,11/26/90,1/1/99,Senior Staff
439641,Florian,Antonisse,7/23/64,1/9/92,1/1/99,Senior Staff
439646,Yannis,Norsworthy,8/22/63,11/22/96,1/1/99,Senior Engineer
439647,Woody,Backhouse,5/11/64,7/3/89,1/1/99,Senior Staff
439654,Josyula,Byoun,1/15/63,7/7/95,1/1/99,Engineer
439658,Gou,Ritcey,6/28/63,10/2/92,1/1/99,Senior Engineer
439666,Lihong,Jumpertz,1/12/63,7/6/93,1/1/99,Senior Staff
439667,Eirik,Dahlbom,6/4/63,6/24/94,1/1/99,Engineer
439672,Kazuhiro,Kilgour,8/11/64,6/9/95,1/1/99,Senior Engineer
439674,Turgut,Keohane,12/9/62,10/18/94,1/1/99,Senior Engineer
439676,Lena,Karnin,6/9/62,1/1/96,1/1/99,Senior Staff
439679,Eran,Sudbeck,5/20/63,5/17/90,1/1/99,Senior Engineer
439684,Vidya,Vilarrasa,10/18/64,12/28/99,1/1/99,Staff
439690,Pranay,Mitina,1/9/62,7/26/97,1/1/99,Senior Engineer
439696,Sadun,Syrotiuk,5/25/62,6/26/92,1/1/99,Senior Staff
439697,Froduald,Suomi,1/22/64,7/17/88,1/1/99,Senior Staff
439698,Lijia,Feinberg,9/27/62,8/13/98,1/1/99,Senior Engineer
439700,Arup,Ciolek,9/7/64,7/25/86,1/1/99,Engineer
439713,Yuuichi,Boudaillier,1/16/64,1/30/88,1/1/99,Senior Staff
439714,Fay,Alameldin,9/2/63,10/2/85,1/1/99,Senior Staff
439725,Kristen,Begiun,9/28/63,12/13/99,1/1/99,Staff
439727,Maik,Pettis,3/27/64,10/21/96,1/1/99,Senior Engineer
439728,Charmane,Tomescu,2/4/63,2/17/91,1/1/99,Staff
439734,Danny,Spataro,11/4/62,2/21/98,1/1/99,Staff
439737,Sanjeeva,Benveniste,5/21/62,6/4/96,1/1/99,Senior Staff
439745,Ramachenga,Hedayat,5/5/62,11/14/95,1/1/99,Engineer
439751,Kwee,Schrift,4/1/63,6/23/95,1/1/99,Senior Engineer
439755,Bernt,Showalter,9/8/62,6/8/99,1/1/99,Staff
439758,Zhongwei,Rodham,2/9/63,6/8/99,1/1/99,Engineer
439761,Gil,Dengi,10/14/64,3/3/90,1/1/99,Senior Engineer
439768,Tze,Pero,10/11/64,10/11/87,1/1/99,Senior Staff
439770,Yishai,Beznosov,2/25/64,7/17/89,1/1/99,Engineer
439773,Licheng,Stamatiou,1/14/63,5/28/85,1/1/99,Senior Staff
439779,Teunis,Rodite,2/18/63,11/16/88,1/1/99,Engineer
439783,Gay,Kadhim,12/1/63,11/21/89,1/1/99,Engineer
439786,Michaela,Auyong,10/18/64,12/1/89,1/1/99,Staff
439802,Ewing,Mamelak,12/26/64,1/9/89,1/1/99,Engineer
439805,Rayond,Porenta,6/18/62,8/15/96,1/1/99,Assistant Engineer
439810,Suzette,Atchley,12/21/62,12/30/88,1/1/99,Senior Engineer
439818,Hugh,Roisin,6/20/64,12/23/86,1/1/99,Senior Engineer
439822,Doowon,Swick,11/25/63,1/16/87,1/1/99,Engineer
439828,Mikhail,Domenig,2/17/64,2/20/97,1/1/99,Staff
439831,Piyush,Stasinski,7/28/64,5/5/90,1/1/99,Senior Staff
439833,Sariel,Trystram,12/9/63,9/23/93,1/1/99,Staff
439838,Xuedong,Gruenwald,8/22/63,8/19/92,1/1/99,Engineer
439841,Vincent,Levergood,7/28/64,6/14/92,1/1/99,Senior Staff
439847,Ulf,Bugrara,5/25/64,4/14/95,1/1/99,Engineer
439848,Shaw,Baca,11/9/64,1/6/92,1/1/99,Senior Staff
439850,Masato,Terlouw,4/16/62,12/10/92,1/1/99,Senior Engineer
439856,Evgueni,Henders,6/5/63,10/4/00,1/1/99,Senior Engineer
439857,Otilia,Halevi,3/11/64,8/6/91,1/1/99,Senior Staff
439861,Zhenbing,Peac,5/29/62,7/13/93,1/1/99,Senior Staff
439862,Lucien,Ruemmler,6/27/64,10/5/97,1/1/99,Engineer
439863,Girolamo,Georgakopoulos,9/15/63,8/17/89,1/1/99,Engineer
439881,Leon,Tyugu,7/12/64,8/2/98,1/1/99,Staff
439883,Shahaf,Ginesta,5/21/64,3/11/88,1/1/99,Senior Engineer
439890,Geoffry,Kaiser,2/26/64,2/25/92,1/1/99,Staff
439901,Hyuckchul,Sigstam,7/20/62,5/30/87,1/1/99,Senior Staff
439905,Kousuke,Levasseur,1/3/65,3/16/90,1/1/99,Senior Staff
439907,Moti,Weisert,3/6/62,1/26/87,1/1/99,Senior Engineer
439917,Baziley,Beidas,3/18/63,10/6/95,1/1/99,Staff
439918,Kristina,Dusink,6/9/64,9/22/98,1/1/99,Engineer
439920,Ute,Stiles,11/28/64,5/18/85,1/1/99,Senior Staff
439924,Gunilla,Kisuki,1/30/65,8/14/94,1/1/99,Staff
439931,Brigham,Benzaken,10/10/63,7/9/95,1/1/99,Senior Staff
439933,Uriel,Schaft,8/31/64,4/15/93,1/1/99,Senior Engineer
439935,Leaf,Menhardt,5/26/62,9/10/97,1/1/99,Assistant Engineer
439936,Ishfaq,Flowers,5/21/62,11/11/95,1/1/99,Engineer
439940,Nathalie,Vendrig,12/17/64,3/17/85,1/1/99,Staff
439943,Jaewon,Bael,3/30/62,8/6/99,1/1/99,Staff
439952,Heather,Murillo,12/26/62,9/20/86,1/1/99,Senior Engineer
439955,Zhiguo,Kumaresan,8/15/63,7/21/87,1/1/99,Staff
439957,Arno,Velasco,3/17/64,9/30/85,1/1/99,Senior Staff
439963,Reinhard,Kawashima,10/2/64,12/28/88,1/1/99,Staff
439971,Hideyuki,Bage,7/5/64,3/8/95,1/1/99,Engineer
439975,Harngdar,Emiris,1/2/62,1/29/02,1/1/99,Staff
439980,Basim,Merro,4/17/62,8/3/97,1/1/99,Senior Engineer
439989,Wayne,Ciolek,9/28/64,3/6/93,1/1/99,Senior Staff
439990,Yinlin,Dahlbom,10/25/62,12/21/88,1/1/99,Staff
439996,Sanjiv,Speel,9/14/64,5/31/87,1/1/99,Senior Engineer
440007,Aruna,Fargier,10/5/63,1/27/94,1/1/99,Technique Leader
440009,Billur,Heemskerk,12/27/62,9/25/87,1/1/99,Senior Staff
440011,Gretta,Schaad,12/5/64,4/8/88,1/1/99,Staff
440015,Shahab,Anily,6/14/63,10/26/85,1/1/99,Engineer
440017,Nakhoon,Siksek,2/16/64,11/25/99,1/1/99,Engineer
440018,Gian,Gunderson,8/4/63,3/21/87,1/1/99,Senior Engineer
440031,Sverrir,Geffroy,1/22/63,2/27/96,1/1/99,Engineer
440038,Lein,Gulak,11/7/62,4/19/89,1/1/99,Engineer
440040,Gita,Matzat,4/20/64,4/6/97,1/1/99,Staff
440041,Wonhee,Ducloy,9/2/62,9/12/86,1/1/99,Senior Engineer
440063,Yolla,Michaeli,9/14/64,6/2/90,1/1/99,Senior Engineer
440065,Phule,Furudate,10/11/62,4/19/90,1/1/99,Staff
440080,Moto,Jonsson,9/25/63,10/1/97,1/1/99,Engineer
440093,Ohad,Roccetti,4/18/63,1/5/90,1/1/99,Engineer
440098,Rajmohan,Aingworth,5/2/63,3/4/92,1/1/99,Senior Staff
440114,Syozo,Peek,12/9/64,1/12/91,1/1/99,Senior Staff
440118,Moss,Trumbly,9/26/63,1/19/92,1/1/99,Engineer
440127,Sven,Bottner,10/1/62,2/23/91,1/1/99,Engineer
440131,Roded,Rathonyi,4/7/63,2/2/93,1/1/99,Senior Staff
440139,Vasiliy,Henseler,4/10/63,6/24/93,1/1/99,Senior Engineer
440146,Patricia,Suermann,3/10/64,3/22/94,1/1/99,Staff
440161,Luerbio,Anido,8/27/62,1/15/93,1/1/99,Engineer
440162,Vatsa,Baik,4/23/62,8/3/96,1/1/99,Staff
440165,Navid,Danecki,1/7/63,4/4/92,1/1/99,Staff
440181,Rafael,Ghemri,7/3/64,12/31/91,1/1/99,Senior Staff
440195,Pranay,Ciolek,8/17/63,12/13/94,1/1/99,Staff
440196,Utz,Schmiedel,3/21/64,8/13/90,1/1/99,Technique Leader
440199,Sastry,Benner,1/28/63,7/14/99,1/1/99,Senior Engineer
440203,Ranga,Bach,1/11/62,2/26/86,1/1/99,Senior Staff
440206,Saniya,Bellmore,10/17/63,9/5/96,1/1/99,Staff
440208,Piyawadee,Katiyar,12/23/62,8/23/94,1/1/99,Staff
440214,Weiye,Larfeldt,5/10/63,4/13/92,1/1/99,Senior Engineer
440223,Shuzo,Przulj,2/25/62,5/26/95,1/1/99,Senior Engineer
440225,Yongqiao,Rusterholz,11/8/62,6/5/86,1/1/99,Engineer
440226,Thodoros,Albarhamtoshy,1/30/63,5/6/85,1/1/99,Senior Engineer
440227,Udi,Marsiglia,3/13/62,10/8/97,1/1/99,Engineer
440228,Goncalo,Sigstam,8/23/63,10/16/98,1/1/99,Engineer
440233,Yonghoan,Serov,8/30/63,12/19/00,1/1/99,Engineer
440237,Chaoyi,Luit,3/21/63,11/20/98,1/1/99,Engineer
440241,Taisook,Schaaf,1/9/63,5/22/02,1/1/99,Engineer
440253,Jeanne,Peir,10/21/64,1/31/92,1/1/99,Senior Staff
440270,Pradeep,Karner,2/11/62,2/28/94,1/1/99,Engineer
440276,Godehard,Iivonen,10/31/62,9/18/91,1/1/99,Senior Engineer
440287,Ewing,Halevi,8/21/63,2/6/98,1/1/99,Staff
440289,Gina,Birke,5/6/64,12/5/86,1/1/99,Assistant Engineer
440296,Jaewoo,Schaar,3/28/62,5/13/89,1/1/99,Engineer
440312,Gaetan,Vanwelkenhuysen,5/26/62,9/12/97,1/1/99,Engineer
440320,Maya,Kossowski,10/4/64,7/11/87,1/1/99,Technique Leader
440322,Mingsen,Wuwongse,11/14/63,2/5/92,1/1/99,Engineer
440325,Douadi,Sullins,1/10/65,9/25/99,1/1/99,Senior Staff
440328,Kristen,Reistad,3/15/64,4/11/86,1/1/99,Senior Engineer
440341,Mitchel,Straney,11/24/62,2/10/94,1/1/99,Staff
440345,Aloys,Gopalakrishnan,12/28/64,7/31/97,1/1/99,Senior Engineer
440350,Subhash,Unni,10/20/63,2/3/89,1/1/99,Senior Engineer
440351,Odysseas,Bruckman,8/26/63,11/11/96,1/1/99,Senior Staff
440356,Kiyotoshi,Zeidenstein,2/22/64,3/18/95,1/1/99,Senior Staff
440359,Remko,Himler,2/10/62,9/13/96,1/1/99,Engineer
440362,Bader,Harllee,4/20/63,11/3/95,1/1/99,Senior Engineer
440379,Tran,Brendel,3/9/62,11/17/96,1/1/99,Staff
440386,Douadi,Ruther,6/1/64,1/17/93,1/1/99,Senior Staff
440399,Franziska,Backhouse,8/14/63,11/8/92,1/1/99,Senior Staff
440408,Martins,Feinberg,5/29/62,1/9/99,1/1/99,Engineer
440410,Jeong,Frijda,9/6/64,3/17/89,1/1/99,Senior Staff
440415,Chrisa,Pettis,5/17/63,4/20/96,1/1/99,Staff
440416,Sahrah,Steinauer,4/22/63,9/27/93,1/1/99,Senior Engineer
440417,Utpal,Norsworthy,6/15/63,7/15/94,1/1/99,Staff
440420,Kotesh,Mukaidono,3/14/64,1/27/91,1/1/99,Staff
440427,Kasidit,Swen,8/14/62,8/19/86,1/1/99,Staff
440428,Mayumi,Eugenio,9/18/63,11/14/93,1/1/99,Engineer
440435,Sandeepan,Rosti,1/3/65,11/26/91,1/1/99,Senior Engineer
440439,Heping,Serot,5/18/63,6/3/89,1/1/99,Staff
440440,Petter,Pulkowski,11/8/62,8/11/91,1/1/99,Technique Leader
440442,Maik,Dengi,12/31/64,4/24/99,1/1/99,Engineer
440443,Branimir,Emmart,10/24/62,6/18/92,1/1/99,Senior Staff
440448,Bader,Luck,8/9/62,7/9/99,1/1/99,Senior Staff
440449,Arto,Brattka,12/19/62,6/25/88,1/1/99,Senior Engineer
440450,Tzvetan,Scharstein,1/16/65,6/16/94,1/1/99,Staff
440466,Gurbir,Terkki,5/12/62,4/2/97,1/1/99,Engineer
440469,Jianhao,VanScheik,7/11/63,11/1/99,1/1/99,Staff
440473,Pranas,Luck,6/11/62,9/13/86,1/1/99,Staff
440476,Greger,Demri,4/11/62,4/18/96,1/1/99,Assistant Engineer
440479,Masato,Jenevein,10/31/64,3/13/86,1/1/99,Staff
440483,Amalendu,Luks,12/12/64,11/15/85,1/1/99,Senior Staff
440489,Niranjan,Cannata,11/30/64,11/10/99,1/1/99,Staff
440490,Isamu,Beausoleil,4/2/62,9/26/89,1/1/99,Engineer
440493,Sreekrishna,Parfitt,2/28/62,11/8/94,1/1/99,Engineer
440500,Zine,Merkl,7/8/62,7/18/91,1/1/99,Senior Engineer
440505,Christoph,Spell,11/2/64,2/19/98,1/1/99,Senior Staff
440514,Josyula,Serov,1/25/62,12/15/94,1/1/99,Senior Engineer
440519,Mart,Katiyar,6/20/63,8/4/94,1/1/99,Staff
440521,Shichao,Haumacher,12/17/63,8/26/98,1/1/99,Senior Staff
440526,Mircea,Sessa,10/14/64,2/11/85,1/1/99,Senior Engineer
440527,Weiye,Engelmann,11/22/62,8/23/94,1/1/99,Senior Staff
440557,Dharmaraja,Stifter,10/15/64,8/21/90,1/1/99,Senior Staff
440558,Yuriy,Bala,2/15/62,10/30/90,1/1/99,Senior Engineer
440561,Zeljko,Chinin,8/24/64,11/24/98,1/1/99,Staff
440571,Houman,Prenel,3/27/64,7/10/99,1/1/99,Engineer
440576,Udo,Ratnakar,8/26/62,6/19/93,1/1/99,Senior Staff
440577,Marsal,Akaboshi,11/23/62,6/27/98,1/1/99,Engineer
440578,Vishv,Bahr,4/21/64,2/2/87,1/1/99,Senior Engineer
440595,Debatosh,Ranst,1/6/63,6/20/88,1/1/99,Staff
440596,Dipayan,Leonhardt,11/17/63,11/2/98,1/1/99,Assistant Engineer
440597,Tiina,Thimonier,2/28/64,6/30/95,1/1/99,Staff
440615,Aron,Pews,7/6/62,3/10/86,1/1/99,Senior Engineer
440622,Kristina,Perl,1/25/64,5/9/86,1/1/99,Engineer
440625,Chinhyun,Majewski,6/26/64,3/11/95,1/1/99,Senior Staff
440629,Boguslaw,Mayerwieser,4/21/64,10/21/85,1/1/99,Senior Staff
440632,Terresa,Schreiter,10/19/64,7/6/92,1/1/99,Staff
440634,Carrsten,Hofman,12/31/63,1/27/88,1/1/99,Senior Engineer
440638,Randy,Jenevein,9/27/62,11/8/90,1/1/99,Engineer
440642,Snehasis,Kalsbeek,1/14/65,1/6/88,1/1/99,Senior Staff
440643,Laurentiu,Vilarrasa,11/25/62,10/30/93,1/1/99,Senior Staff
440655,Shahar,Wilfing,11/8/63,1/2/95,1/1/99,Engineer
440661,Sibyl,Krychniak,8/29/64,4/30/92,1/1/99,Staff
440663,Pasqua,Ellozy,1/10/64,12/9/98,1/1/99,Senior Staff
440676,Hironobu,Danlos,4/13/62,6/1/00,1/1/99,Senior Engineer
440677,Masami,Antonakopoulos,4/26/62,12/5/85,1/1/99,Senior Engineer
440679,Emran,Picco,5/22/62,8/17/88,1/1/99,Senior Staff
440682,Masasuke,Deville,12/27/64,3/22/88,1/1/99,Senior Staff
440705,Mitsuyuki,DiGiano,10/4/64,6/8/92,1/1/99,Engineer
440708,Adib,Ecklund,1/17/64,1/9/95,1/1/99,Staff
440720,Leszek,Strehl,2/3/63,7/19/96,1/1/99,Senior Engineer
440724,Hilari,Chleq,8/26/63,4/9/88,1/1/99,Staff
440729,Mabo,Lieblein,5/18/62,7/23/88,1/1/99,Senior Engineer
440733,Marlo,Kuszyk,12/21/64,11/12/92,1/1/99,Senior Staff
440737,Xiaoqiang,Parascandalo,10/3/63,8/18/94,1/1/99,Technique Leader
440739,Berry,Boyle,12/21/64,1/26/92,1/1/99,Senior Staff
440741,Rosli,Mapelli,4/16/64,5/26/92,1/1/99,Engineer
440742,Margo,Demeyer,11/8/63,2/21/88,1/1/99,Senior Engineer
440752,Lucian,Yemenis,12/5/63,3/21/97,1/1/99,Assistant Engineer
440756,Shin,Parhami,1/21/64,11/3/95,1/1/99,Technique Leader
440758,Pintsang,Nishimukai,11/20/62,3/15/94,1/1/99,Senior Engineer
440770,Tsvetan,Pagter,4/12/62,12/19/88,1/1/99,Senior Engineer
440772,Zijian,Claffy,10/2/62,2/18/97,1/1/99,Engineer
440780,Bernt,Schusler,9/26/64,5/3/87,1/1/99,Engineer
440782,Munehiko,Ponthieu,12/1/63,3/23/88,1/1/99,Senior Staff
440791,Mohammad,Wossner,1/9/62,5/22/92,1/1/99,Staff
440805,Uri,Ritcey,1/22/63,4/6/87,1/1/99,Senior Staff
440809,Sariel,Liesche,2/18/62,1/25/86,1/1/99,Engineer
440818,Ramalingam,Zykh,10/22/63,2/25/99,1/1/99,Engineer
440819,Sahrah,Irland,9/17/63,1/28/94,1/1/99,Senior Engineer
440823,Kauko,Kusakari,7/18/64,2/17/87,1/1/99,Senior Staff
440825,Snehasis,Sifakis,8/2/62,9/18/89,1/1/99,Engineer
440826,Oscal,Wielonsky,12/2/63,2/13/87,1/1/99,Senior Staff
440837,Mostafa,Garnier,7/13/62,5/8/95,1/1/99,Senior Staff
440843,Sergi,Weedon,6/17/64,6/2/96,1/1/99,Senior Staff
440845,Xuedong,Bondorf,4/1/62,5/10/91,1/1/99,Senior Engineer
440846,Boutros,Ghalwash,3/14/62,10/2/97,1/1/99,Staff
440847,Danel,Thiran,10/9/64,3/29/91,1/1/99,Engineer
440856,Masako,Servi,9/8/63,6/7/88,1/1/99,Senior Staff
440857,Saeko,Serre,3/9/62,1/2/94,1/1/99,Senior Engineer
440858,Chriss,Schicker,6/29/64,5/24/99,1/1/99,Senior Engineer
440862,Valdiodio,Pellegrinelli,2/7/62,5/14/96,1/1/99,Senior Staff
440863,Aram,Suri,11/19/63,5/16/94,1/1/99,Engineer
440870,Filipp,Hasham,1/1/65,10/14/96,1/1/99,Staff
440875,Toshiko,Ghemri,2/2/63,9/22/98,1/1/99,Engineer
440884,Renee,Sigstam,8/4/64,10/3/90,1/1/99,Staff
440892,Beshir,Peres,1/5/64,6/30/98,1/1/99,Senior Engineer
440899,Dharmaraja,Cappello,12/11/63,6/9/94,1/1/99,Senior Staff
440912,Kazuyasu,Mandelberg,6/11/64,9/18/97,1/1/99,Engineer
440913,Kellie,Gilg,11/16/64,8/1/98,1/1/99,Engineer
440920,Atilio,Gomatam,6/16/64,6/3/93,1/1/99,Engineer
440923,Mitsuyuki,Erdi,8/19/62,11/21/94,1/1/99,Senior Engineer
440925,Vishwani,Colorni,12/21/63,3/1/94,1/1/99,Engineer
440934,Shaibal,Broomell,7/5/64,7/25/90,1/1/99,Engineer
440937,Fabrizio,Usery,1/18/65,10/13/92,1/1/99,Senior Staff
440940,Zhanqiu,Verspoor,8/16/64,6/3/94,1/1/99,Engineer
440946,Yinghua,Narahari,6/8/62,10/14/87,1/1/99,Engineer
440949,Tetsurou,Budinsky,9/8/62,6/30/96,1/1/99,Staff
440950,Xiadong,Pouyioutas,8/7/64,11/12/89,1/1/99,Senior Engineer
440953,Lech,Lung,6/20/63,10/20/01,1/1/99,Senior Staff
440957,Junsik,Byoun,6/3/62,3/25/85,1/1/99,Staff
440964,Bikash,Cooke,1/24/63,10/31/97,1/1/99,Senior Engineer
440967,Akeno,Akaboshi,4/2/64,2/14/98,1/1/99,Staff
440970,Eric,Pelz,8/15/64,2/12/85,1/1/99,Staff
440971,Moheb,Delgrande,10/21/62,8/8/87,1/1/99,Engineer
440976,Tianruo,Cardazo,11/15/63,5/16/94,1/1/99,Engineer
440977,Ibibia,Fontet,8/4/64,3/6/88,1/1/99,Senior Staff
440985,Falguni,Stasinski,8/19/62,11/5/86,1/1/99,Engineer
440990,Vincent,Nishimukai,12/17/64,8/13/94,1/1/99,Staff
440991,Hailing,Fontan,4/16/63,4/10/92,1/1/99,Technique Leader
440999,Baruch,Pepe,9/1/63,5/16/89,1/1/99,Senior Staff
441004,Cathie,Masamoto,2/28/62,9/8/94,1/1/99,Engineer
441009,Hyuckchul,Zucker,3/18/63,5/24/89,1/1/99,Staff
441019,Brewster,Millington,10/8/62,8/30/99,1/1/99,Senior Staff
441032,Shay,Vanwelkenhuysen,3/11/62,12/19/99,1/1/99,Senior Staff
441035,Subhrajyoti,Bernardinello,2/11/63,1/21/99,1/1/99,Staff
441038,Leen,Versino,6/2/62,5/27/91,1/1/99,Staff
441041,Basant,Jullig,10/19/62,10/28/97,1/1/99,Engineer
441042,Chinho,Binding,4/1/62,6/20/98,1/1/99,Senior Engineer
441048,Evgueni,Puoti,1/27/62,2/24/88,1/1/99,Senior Staff
441049,Tse,Ritzmann,7/13/62,9/20/88,1/1/99,Engineer
441056,Naftali,Conde,4/5/64,12/18/91,1/1/99,Engineer
441060,Jacopo,Szmurlo,5/28/62,2/3/88,1/1/99,Senior Engineer
441062,Avishai,Gire,6/24/62,6/16/95,1/1/99,Engineer
441064,Neelam,Ushiama,8/30/64,7/4/91,1/1/99,Senior Staff
441065,Herbert,Zobel,1/4/63,9/17/90,1/1/99,Staff
441073,Conor,Butterworth,5/29/62,11/29/95,1/1/99,Assistant Engineer
441074,Florina,Landherr,1/30/62,10/10/90,1/1/99,Senior Engineer
441080,Constantijn,DuBourdieux,4/13/62,12/12/98,1/1/99,Staff
441085,Lucian,Vadhan,7/20/63,12/17/98,1/1/99,Staff
441087,Yuuichi,Pluym,9/12/63,11/2/98,1/1/99,Engineer
441098,Godehard,Ramras,11/2/62,12/30/85,1/1/99,Senior Engineer
441101,Remco,Yeung,10/28/64,12/28/87,1/1/99,Senior Engineer
441116,Candida,Ranum,11/20/62,12/9/89,1/1/99,Senior Staff
441126,Shaowen,Detkin,12/24/64,4/22/98,1/1/99,Staff
441128,Yahiko,Hellwagner,8/3/64,10/24/98,1/1/99,Senior Engineer
441129,Piyawadee,Heuter,5/18/63,3/16/92,1/1/99,Senior Staff
441141,Tadanori,Tsunoo,10/16/63,4/3/95,1/1/99,Senior Staff
441153,Sadun,Streit,12/17/64,1/22/90,1/1/99,Staff
441155,Weijing,Baumann,6/15/64,12/1/96,1/1/99,Staff
441160,Shaz,Muntz,8/25/64,8/16/88,1/1/99,Senior Staff
441165,Richara,Suppi,6/26/63,2/19/91,1/1/99,Assistant Engineer
441176,Remco,Burnard,10/20/62,3/9/86,1/1/99,Engineer
441189,Frazer,Nations,1/30/64,5/13/99,1/1/99,Staff
441196,Bogdan,Azuma,2/16/62,4/8/87,1/1/99,Senior Engineer
441197,Miquel,Legleitner,1/18/65,6/28/85,1/1/99,Senior Staff
441202,Wilmer,Roohalamini,5/5/62,3/4/91,1/1/99,Senior Staff
441204,Valter,Lunt,5/29/62,5/30/89,1/1/99,Senior Engineer
441209,Kien,Litvinov,4/30/63,1/3/98,1/1/99,Senior Engineer
441215,Masaru,Thibadeau,12/16/63,4/7/85,1/1/99,Senior Engineer
441217,Katsuyuki,Choobineh,10/23/62,3/28/91,1/1/99,Senior Engineer
441219,Shaunak,Goodrum,10/18/62,10/31/99,1/1/99,Senior Engineer
441221,Elzbieta,Pell,10/14/62,10/6/89,1/1/99,Senior Engineer
441223,Randi,Merro,11/29/62,12/1/85,1/1/99,Engineer
441225,Bouchung,Morrow,8/23/64,11/30/93,1/1/99,Senior Staff
441227,Haldon,Stemann,5/21/62,2/13/01,1/1/99,Staff
441234,Aleksandar,Vendrig,5/3/62,2/13/94,1/1/99,Senior Staff
441237,Chenxi,Mapelli,11/21/62,1/10/99,1/1/99,Staff
441239,Kwangyoen,Plesums,1/3/63,9/23/86,1/1/99,Senior Engineer
441245,Arfst,Denna,2/5/62,5/31/97,1/1/99,Senior Engineer
441246,Sachio,Fairtlough,10/25/63,2/2/93,1/1/99,Senior Staff
441247,Kellyn,Munoz,1/29/63,3/8/98,1/1/99,Engineer
441262,Zhonghua,Gire,12/25/64,8/3/89,1/1/99,Staff
441272,Kolar,Khalil,11/18/63,2/21/98,1/1/99,Engineer
441273,Yunming,Bottner,7/29/62,8/27/98,1/1/99,Staff
441275,Richara,Zeilberger,5/30/63,5/9/93,1/1/99,Engineer
441279,Weiru,Taubman,9/24/63,1/20/88,1/1/99,Senior Staff
441285,Shem,Wossner,3/2/64,8/30/97,1/1/99,Staff
441290,Chiradeep,Kragelund,6/4/64,12/6/86,1/1/99,Staff
441291,Nectarios,Guenter,11/30/62,1/30/93,1/1/99,Senior Engineer
441292,Heping,Merks,9/21/62,9/13/01,1/1/99,Senior Engineer
441302,Sajjan,Homond,3/8/62,2/12/00,1/1/99,Senior Engineer
441307,Tooru,Pettis,8/4/64,8/15/90,1/1/99,Senior Staff
441311,Jongsuk,Angiulli,8/13/62,3/4/88,1/1/99,Senior Engineer
441316,Zita,Cannata,5/11/62,11/8/98,1/1/99,Staff
441319,Shin,Shrader,11/27/63,12/31/95,1/1/99,Staff
441328,Morris,Vural,1/21/62,7/5/93,1/1/99,Senior Staff
441329,Chrisa,Schahn,12/21/63,10/22/96,1/1/99,Engineer
441334,Freyja,Gils,8/25/63,4/15/97,1/1/99,Engineer
441341,Constantino,Peron,7/22/62,2/16/95,1/1/99,Staff
441350,Cristinel,Fairtlough,11/3/62,2/13/86,1/1/99,Staff
441360,Jovan,Chleq,11/10/63,7/8/91,1/1/99,Senior Staff
441368,Pranav,Pezzoli,10/8/63,2/14/93,1/1/99,Senior Engineer
441370,Pranjal,Murtagh,10/18/63,8/11/87,1/1/99,Senior Engineer
441372,Nobuyoshi,Portugali,8/5/63,2/20/92,1/1/99,Senior Staff
441374,Mariangiola,Kriebel,11/21/62,6/12/94,1/1/99,Senior Staff
441385,Sachin,Delgrande,2/24/62,8/31/95,1/1/99,Engineer
441406,Valdiodio,Oaver,5/25/62,12/25/94,1/1/99,Senior Engineer
441414,Vatsa,Morrow,1/22/64,6/1/97,1/1/99,Technique Leader
441422,George,Laurillard,4/28/63,4/10/96,1/1/99,Senior Staff
441428,Sajjan,Ranka,11/11/64,9/2/86,1/1/99,Senior Staff
441430,Thanasis,Knightly,9/21/63,9/12/87,1/1/99,Engineer
441431,Mizuhito,Percebois,7/2/64,3/12/87,1/1/99,Senior Staff
441436,Jaber,Puppo,9/8/63,9/24/86,1/1/99,Senior Engineer
441438,Sreekrishna,Miara,11/8/63,4/17/86,1/1/99,Engineer
441445,Anestis,Morris,7/22/62,12/18/99,1/1/99,Staff
441457,Atreye,Conia,3/8/64,9/23/98,1/1/99,Engineer
441458,Satyanarayana,Krychniak,9/2/63,3/1/94,1/1/99,Senior Engineer
441462,Martijn,Auria,5/6/62,3/26/89,1/1/99,Senior Engineer
441463,Rutger,Horswill,5/6/64,5/26/97,1/1/99,Senior Engineer
441466,Greger,Mamelak,9/27/62,1/4/91,1/1/99,Senior Engineer
441469,Nakhoon,Pauthner,9/25/64,5/15/94,1/1/99,Senior Engineer
441474,Shooichi,Ozery,3/28/62,7/28/90,1/1/99,Engineer
441476,Arunachalam,Birdsall,4/19/64,7/2/92,1/1/99,Senior Engineer
441481,Moty,Kalloufi,10/25/63,9/11/93,1/1/99,Senior Engineer
441482,Candida,Lukaszewicz,3/1/62,12/29/96,1/1/99,Staff
441485,Satosi,Famili,4/13/63,3/16/98,1/1/99,Engineer
441490,Sachio,Sadowsky,1/15/63,3/12/86,1/1/99,Senior Engineer
441492,Dipayan,Kuhnemann,3/11/62,9/1/96,1/1/99,Engineer
441494,Menkae,Miara,4/18/64,11/23/96,1/1/99,Assistant Engineer
441497,Parto,Reutenauer,7/14/64,9/9/99,1/1/99,Staff
441500,Bokyung,Schaar,6/24/64,9/22/86,1/1/99,Senior Staff
441501,Irena,Himler,9/6/63,12/25/99,1/1/99,Engineer
441507,Arunas,Copas,10/29/64,5/11/00,1/1/99,Engineer
441508,Jordanka,Brlek,3/20/62,3/9/85,1/1/99,Engineer
441511,Candida,Lamba,4/8/62,1/31/00,1/1/99,Assistant Engineer
441512,Aloys,Suomi,3/4/64,8/21/96,1/1/99,Staff
441521,Deniz,Kavvadias,8/20/64,5/9/90,1/1/99,Senior Staff
441524,Kasidit,Garigliano,10/31/62,6/21/99,1/1/99,Engineer
441525,Elvis,Sichman,3/9/64,3/6/99,1/1/99,Staff
441528,Chenxi,Middleton,9/6/62,5/5/95,1/1/99,Staff
441532,Piyush,Montemayor,10/4/63,2/28/94,1/1/99,Staff
441533,Aran,DasSarma,6/16/64,9/4/96,1/1/99,Engineer
441535,Barun,Greibach,2/28/64,6/12/97,1/1/99,Staff
441536,Chinho,Collette,1/10/65,10/9/95,1/1/99,Senior Engineer
441539,Maja,Fiutem,6/5/62,2/7/91,1/1/99,Senior Staff
441541,Vidar,Kobuchi,8/4/62,12/20/93,1/1/99,Senior Engineer
441546,Cordelia,Erni,11/13/64,2/17/96,1/1/99,Engineer
441548,Shahab,Harnett,2/23/63,6/4/89,1/1/99,Engineer
441551,Berni,Zaccaria,10/25/63,11/2/92,1/1/99,Senior Engineer
441554,Arno,Ghelli,1/15/63,5/2/00,1/1/99,Technique Leader
441555,Waiman,Papastamatiou,6/18/62,12/21/91,1/1/99,Staff
441558,Seongbin,Engelmann,4/16/63,1/6/90,1/1/99,Technique Leader
441565,Chandrasekaran,Lunt,10/16/62,5/14/86,1/1/99,Senior Engineer
441569,Satyanarayana,Munos,8/25/64,1/12/96,1/1/99,Engineer
441574,Sasan,Schapiro,12/25/64,10/24/97,1/1/99,Engineer
441580,Chenye,Gihr,12/30/64,10/20/94,1/1/99,Engineer
441581,Zvonko,Bashian,2/19/62,7/9/88,1/1/99,Senior Engineer
441586,Yuriy,Iivonen,7/2/64,8/16/95,1/1/99,Senior Engineer
441590,Remko,Pettit,11/17/62,3/5/88,1/1/99,Technique Leader
441601,Arne,Paludetto,8/3/64,4/19/90,1/1/99,Senior Engineer
441602,Chiradeep,Falby,4/22/62,1/31/91,1/1/99,Senior Engineer
441603,Taiji,Randi,7/14/62,12/9/88,1/1/99,Engineer
441605,Shay,Liedekerke,12/25/62,12/13/99,1/1/99,Engineer
441617,Aleksander,Nastansky,10/16/63,5/23/87,1/1/99,Senior Engineer
441619,Bangqing,Fontet,7/31/62,2/24/90,1/1/99,Senior Staff
441631,Gennadi,Servieres,5/8/63,5/31/90,1/1/99,Staff
441637,Fayez,Spataro,10/3/64,9/10/92,1/1/99,Engineer
441638,Youjian,Champarnaud,3/26/63,3/14/91,1/1/99,Senior Staff
441639,Yinlin,Sudkamp,2/23/62,5/8/89,1/1/99,Staff
441647,Murthy,Setia,7/7/62,11/12/93,1/1/99,Assistant Engineer
441652,Mabhin,Kieras,3/11/63,8/10/99,1/1/99,Senior Engineer
441659,Marjo,Gulak,4/23/63,3/11/94,1/1/99,Senior Staff
441662,Hongzhu,Chenney,2/8/64,9/20/00,1/1/99,Staff
441664,Weidon,Encarnacion,12/1/63,11/16/97,1/1/99,Senior Engineer
441681,Sreenivas,Weedman,4/14/63,10/10/85,1/1/99,Senior Engineer
441685,Leon,Quittner,4/4/63,1/30/96,1/1/99,Engineer
441711,Mostafa,Emden,8/3/63,2/6/85,1/1/99,Senior Engineer
441716,Stamatina,Baezner,7/15/63,5/7/85,1/1/99,Staff
441733,Sedat,Erie,5/7/62,9/24/93,1/1/99,Engineer
441742,Josyula,Reghbati,1/23/62,5/27/95,1/1/99,Senior Engineer
441744,Brigham,Steinauer,9/8/62,9/1/94,1/1/99,Engineer
441746,Sham,Gecsei,8/22/64,8/8/98,1/1/99,Senior Engineer
441753,Zvonko,Michaels,1/15/62,7/29/94,1/1/99,Senior Engineer
441754,Panayotis,Pollacia,3/24/63,2/25/91,1/1/99,Senior Engineer
441760,Chikara,Showalter,3/22/63,7/14/96,1/1/99,Assistant Engineer
441761,Leszek,Conia,3/14/64,5/13/92,1/1/99,Assistant Engineer
441780,Marsja,Simmen,7/1/62,3/22/87,1/1/99,Senior Engineer
441788,Rosita,Chorvat,1/23/62,11/27/86,1/1/99,Staff
441789,Haldun,Bojadziev,5/19/62,11/12/95,1/1/99,Staff
441791,Satyanarayana,Lorin,7/5/64,1/17/94,1/1/99,Staff
441794,Yolla,Zhiwei,10/22/63,6/9/86,1/1/99,Engineer
441798,Takahito,Yamaashi,5/8/63,1/31/00,1/1/99,Staff
441799,Heng,Lieberherr,10/2/62,9/18/97,1/1/99,Staff
441801,Emdad,Billingsley,6/28/63,12/18/99,1/1/99,Senior Staff
441807,Seshu,Gruenwald,10/5/64,12/23/01,1/1/99,Senior Staff
441809,Hironobu,Gajiwala,3/25/64,8/13/99,1/1/99,Assistant Engineer
441810,Ebbe,Stavenow,1/15/63,10/10/86,1/1/99,Staff
441813,Nectarios,Basagni,2/26/62,5/10/98,1/1/99,Senior Staff
441823,Niranjan,Varker,5/2/62,11/2/94,1/1/99,Senior Staff
441824,Juyoung,Thisen,1/3/63,7/1/92,1/1/99,Staff
441827,Sanjiv,Zizka,2/28/62,6/17/89,1/1/99,Senior Engineer
441830,Monique,Erez,5/3/64,3/20/96,1/1/99,Engineer
441847,Uwe,Gronowski,10/18/62,7/26/99,1/1/99,Engineer
441851,Richara,Pargas,2/25/63,11/16/98,1/1/99,Senior Engineer
441852,Saddek,Rullman,2/25/62,5/8/92,1/1/99,Staff
441863,Arfst,Legleitner,1/25/64,9/23/91,1/1/99,Staff
441871,Uzi,Murillo,3/13/62,4/23/89,1/1/99,Engineer
441877,Jaihie,Maquelin,7/29/64,7/21/93,1/1/99,Senior Staff
441879,Kotesh,Setia,11/16/62,7/18/94,1/1/99,Senior Staff
441889,Zongyan,Yoshimura,8/23/62,3/31/97,1/1/99,Engineer
441893,Ziyad,Edelhoff,4/4/63,12/10/91,1/1/99,Senior Staff
441905,Diederik,Peternell,11/21/64,3/13/95,1/1/99,Senior Engineer
441908,Chaosheng,Ranft,3/31/64,7/1/90,1/1/99,Staff
441914,Xiaoheng,Jiang,2/3/63,11/29/00,1/1/99,Senior Staff
441916,Peer,Nishimukai,1/22/62,9/23/97,1/1/99,Engineer
441947,Piyawadee,Shigei,8/3/64,7/2/98,1/1/99,Senior Staff
441954,Leszek,Marchegay,1/3/65,6/13/99,1/1/99,Engineer
441961,Remmert,Snedden,1/21/63,9/1/85,1/1/99,Staff
441964,Neven,Saoudi,3/9/62,8/17/89,1/1/99,Senior Staff
441965,Claudi,Heijenga,1/12/65,8/30/88,1/1/99,Senior Staff
441966,Arne,Bednarek,1/11/64,8/17/95,1/1/99,Senior Engineer
441974,Roselyn,Vigier,2/24/64,10/25/89,1/1/99,Senior Engineer
441976,Guoxiang,Thiria,12/18/62,5/15/89,1/1/99,Senior Staff
441980,Srinidhi,Schlumberger,8/16/64,4/27/99,1/1/99,Senior Engineer
441990,Yuriy,Servi,2/11/62,2/2/93,1/1/99,Senior Staff
441993,Kwok,Reeken,12/6/64,7/21/97,1/1/99,Engineer
441997,Leaf,Magliocco,8/6/62,9/17/98,1/1/99,Senior Engineer
441999,Marie,Merkl,3/20/62,11/1/99,1/1/99,Senior Engineer
442001,Abdelkader,Straney,2/18/63,4/10/96,1/1/99,Technique Leader
442002,Ravishankar,Baig,1/3/65,3/17/92,1/1/99,Staff
442005,Tse,Cmelik,11/1/63,10/3/90,1/1/99,Senior Engineer
442013,Vishu,Bolotov,11/14/64,5/7/93,1/1/99,Staff
442017,Kazuhiko,Bellmore,1/31/64,10/14/95,1/1/99,Engineer
442019,Phule,Birsak,9/30/64,10/2/88,1/1/99,Staff
442022,Hugh,Koprowski,11/9/63,2/24/86,1/1/99,Senior Staff
442023,Gina,Baik,6/9/62,10/19/99,1/1/99,Staff
442031,Lein,Rijsenbrij,6/17/64,5/28/96,1/1/99,Senior Engineer
442033,Nahum,Lubachevsky,6/10/64,4/29/98,1/1/99,Engineer
442034,Ewing,Chinal,9/7/62,6/11/91,1/1/99,Senior Staff
442038,Tristan,Biran,7/6/62,7/20/85,1/1/99,Senior Engineer
442058,Noritoshi,Journel,6/7/63,3/17/99,1/1/99,Engineer
442065,Khedija,Werthner,11/1/64,3/18/96,1/1/99,Engineer
442072,Kazuhiro,Streng,12/1/64,1/19/90,1/1/99,Assistant Engineer
442076,Sreekrishna,Varley,8/19/63,1/25/93,1/1/99,Engineer
442082,Sachar,Heinisuo,7/24/64,8/30/95,1/1/99,Staff
442086,Valdiodio,Klerer,3/24/63,12/4/85,1/1/99,Staff
442090,Aluzio,Smeets,8/7/62,12/24/97,1/1/99,Staff
442096,Martijn,DiGiano,1/15/65,6/15/90,1/1/99,Senior Engineer
442100,Oksana,Noriega,11/16/64,11/8/96,1/1/99,Senior Staff
442106,Masaru,Bonifati,8/11/64,6/17/98,1/1/99,Engineer
442109,Uta,Erez,1/3/64,2/14/90,1/1/99,Senior Staff
442110,Shigeichiro,Herath,6/4/63,7/21/98,1/1/99,Staff
442115,Serenella,Haumacher,4/26/64,8/13/89,1/1/99,Senior Engineer
442120,Gita,Lampe,1/30/64,4/29/91,1/1/99,Engineer
442122,Junsik,Cools,8/10/62,9/22/86,1/1/99,Staff
442130,Subir,Pettis,7/14/62,1/28/97,1/1/99,Staff
442135,Shai,Asser,12/11/63,8/12/85,1/1/99,Senior Staff
442143,JoAnne,Ranum,7/22/64,11/23/99,1/1/99,Technique Leader
442148,Huiqun,Naudin,12/23/64,1/20/92,1/1/99,Technique Leader
442150,Adit,Fujisaki,11/26/64,9/18/99,1/1/99,Senior Engineer
442152,Jiafu,Perri,10/7/62,9/13/87,1/1/99,Senior Staff
442155,Luisa,Gubsky,10/27/62,2/14/91,1/1/99,Staff
442156,Zhanqiu,Sommer,5/6/63,2/11/89,1/1/99,Staff
442163,Vasilii,Hiltgen,9/16/62,1/31/93,1/1/99,Staff
442175,Jinpo,Bazzichi,4/23/62,2/28/85,1/1/99,Senior Engineer
442176,Lucian,Staelin,10/8/63,7/5/91,1/1/99,Engineer
442177,Shaleah,Haldar,5/11/63,6/2/85,1/1/99,Senior Engineer
442179,Pranav,Varker,2/4/62,10/17/99,1/1/99,Staff
442186,Gay,Harnett,7/16/64,3/21/90,1/1/99,Engineer
442194,Arne,Fioravanti,2/5/64,12/13/92,1/1/99,Staff
442198,Fabrizio,Litvinov,2/28/63,4/22/89,1/1/99,Staff
442212,Siamak,Stamatiou,10/15/62,9/25/97,1/1/99,Staff
442214,Anestis,Rajcani,9/11/64,11/30/99,1/1/99,Engineer
442216,Gurbir,Solares,9/30/62,2/23/87,1/1/99,Assistant Engineer
442221,Tsvetan,Conde,10/29/64,1/29/93,1/1/99,Engineer
442228,Teiji,Kuszyk,10/22/62,2/25/90,1/1/99,Senior Engineer
442234,Jianhui,Yurek,11/20/63,5/16/90,1/1/99,Senior Staff
442240,Rildo,Chachaty,7/22/62,12/10/88,1/1/99,Engineer
442247,Achilleas,Papastamatiou,9/11/63,2/6/00,1/1/99,Staff
442248,Bojan,Buescher,2/28/62,7/27/93,1/1/99,Engineer
442250,Kristinn,Sinicrope,3/7/62,6/19/90,1/1/99,Senior Engineer
442253,Moty,Gischer,4/30/64,8/1/90,1/1/99,Staff
442258,Seshu,Manders,11/3/63,2/11/02,1/1/99,Staff
442261,Younwoo,Merey,4/11/63,3/21/96,1/1/99,Engineer
442279,Chikako,Remmele,10/8/64,4/10/98,1/1/99,Staff
442283,Geraldo,Larfeldt,1/29/63,8/6/86,1/1/99,Senior Staff
442292,JiYoung,Magliocco,12/11/64,12/26/96,1/1/99,Assistant Engineer
442300,Genki,Liedekerke,10/18/62,4/3/95,1/1/99,Technique Leader
442301,Tse,Bondorf,11/6/62,12/20/99,1/1/99,Senior Staff
442305,Maren,Steenbeek,12/16/63,8/3/85,1/1/99,Senior Engineer
442306,Lihong,Brizzi,2/28/64,10/27/90,1/1/99,Senior Engineer
442312,Zengping,Cusworth,1/5/65,6/7/91,1/1/99,Engineer
442320,Taisook,Francisci,5/13/62,7/22/85,1/1/99,Senior Engineer
442335,Tiina,Melichar,7/26/63,2/15/91,1/1/99,Engineer
442337,Nahum,Gimarc,5/27/63,9/30/89,1/1/99,Engineer
442338,Sreenivas,Begiun,5/14/63,12/28/90,1/1/99,Technique Leader
442342,Denis,Condotta,11/28/62,3/13/88,1/1/99,Engineer
442343,Shem,Azadmanesh,12/30/63,4/27/97,1/1/99,Engineer
442349,Abdulah,Broomell,7/7/64,7/25/99,1/1/99,Staff
442352,Horward,Bellone,1/15/63,12/5/99,1/1/99,Staff
442358,Ghassan,Bolsens,7/21/64,5/13/95,1/1/99,Engineer
442359,Shuji,Bellmore,12/29/63,12/27/91,1/1/99,Senior Staff
442366,Hongzhu,Clouatre,4/18/63,8/29/90,1/1/99,Technique Leader
442370,Youjian,Servi,6/5/63,9/29/85,1/1/99,Staff
442374,Rimli,Bennis,1/19/63,2/15/87,1/1/99,Engineer
442379,Zeljko,Stiles,12/30/64,1/16/91,1/1/99,Staff
442380,Odoardo,Munck,7/24/63,6/4/86,1/1/99,Engineer
442383,Koichi,Thimonier,7/5/63,6/8/92,1/1/99,Senior Engineer
442387,Arco,Kavraki,3/15/63,1/11/97,1/1/99,Engineer
442389,Yakkov,Isaac,5/7/63,7/19/98,1/1/99,Engineer
442395,Makato,Bardell,3/18/63,5/7/94,1/1/99,Assistant Engineer
442397,Ghassan,Garnick,5/8/64,1/1/95,1/1/99,Staff
442401,Hein,Pouyioutas,7/5/63,7/14/87,1/1/99,Senior Staff
442403,Shigeo,Huttel,7/2/62,1/27/86,1/1/99,Technique Leader
442404,Erzsebet,Yamaashi,9/15/62,4/10/01,1/1/99,Senior Engineer
442409,Shugo,Crelier,12/25/63,11/4/95,1/1/99,Staff
442410,Poorav,Gopalakrishnan,12/21/63,8/8/92,1/1/99,Senior Staff
442412,Breannda,Orlowski,12/26/63,4/18/96,1/1/99,Senior Staff
442415,Kristin,Suwa,9/24/62,10/27/97,1/1/99,Staff
442422,Harjit,Luca,12/7/64,6/25/94,1/1/99,Senior Staff
442425,Mohamadou,Schauser,12/20/62,1/22/87,1/1/99,Staff
442431,Jaroslava,Reghbati,3/28/64,4/6/92,1/1/99,Technique Leader
442434,Jaideep,Ranft,4/18/62,5/7/98,1/1/99,Technique Leader
442442,Hitofumi,Braunmuhl,12/20/64,1/2/96,1/1/99,Engineer
442444,Chiradeep,Stavenow,11/20/63,7/13/92,1/1/99,Staff
442446,Chinho,Vidya,2/11/64,12/15/96,1/1/99,Engineer
442452,Basil,Auyong,3/18/62,10/12/89,1/1/99,Engineer
442459,Naftali,Karcich,5/2/64,9/4/98,1/1/99,Staff
442466,Subir,Jiafu,12/8/62,5/31/95,1/1/99,Senior Staff
442468,Zorica,Wixon,9/27/64,10/20/98,1/1/99,Staff
442472,Susanna,Munck,11/6/62,4/8/86,1/1/99,Staff
442476,Stevo,Berendt,11/9/64,11/5/92,1/1/99,Senior Staff
442480,Branimir,Denny,1/29/64,8/8/96,1/1/99,Staff
442485,Chiradeep,Schreiter,5/1/64,10/12/86,1/1/99,Senior Engineer
442488,Jouni,Clemencon,9/19/62,5/4/94,1/1/99,Senior Staff
442490,Navid,Luke,1/8/65,10/17/94,1/1/99,Engineer
442493,Lansing,Chleq,4/19/62,4/5/97,1/1/99,Technique Leader
442496,Mayumi,Pardalos,9/17/63,1/6/90,1/1/99,Engineer
442500,Irene,Dechter,8/6/64,11/10/87,1/1/99,Technique Leader
442510,Rosita,Adachi,1/10/64,10/4/94,1/1/99,Staff
442514,Feixiong,Bale,8/26/62,12/6/97,1/1/99,Staff
442516,Pasqua,Brobst,5/25/63,12/23/91,1/1/99,Engineer
442520,Arnd,Rattan,2/24/62,8/7/88,1/1/99,Senior Staff
442525,Alenka,Fraisse,11/11/64,3/21/89,1/1/99,Senior Staff
442526,Shmuel,Schneeberger,8/1/63,8/30/87,1/1/99,Engineer
442527,Heeju,Lanteri,3/21/62,6/24/87,1/1/99,Senior Staff
442537,Tran,Fargier,1/10/64,7/8/96,1/1/99,Engineer
442543,Hatem,Back,4/17/63,6/25/86,1/1/99,Senior Engineer
442556,Anneli,Niizuma,4/10/64,7/25/93,1/1/99,Senior Staff
442558,Bedrich,Swiss,1/21/63,9/12/95,1/1/99,Engineer
442567,Danae,Jervis,5/20/63,10/23/99,1/1/99,Engineer
442589,Phule,Constantine,5/26/64,2/11/91,1/1/99,Engineer
442594,Evgueni,Radhakrishnan,7/25/63,6/7/94,1/1/99,Staff
442596,Atilio,Perin,6/12/62,12/5/91,1/1/99,Senior Engineer
442600,Sachar,Sambasivam,12/6/64,5/27/90,1/1/99,Staff
442605,Kensyu,Pluym,4/16/62,3/29/02,1/1/99,Engineer
442606,Atreye,Penz,9/19/64,6/4/91,1/1/99,Staff
442620,Demos,Peng,5/8/63,10/22/87,1/1/99,Senior Engineer
442624,Kshitij,Maliniak,7/15/63,11/8/96,1/1/99,Engineer
442625,Nevio,Ranft,11/29/63,8/20/93,1/1/99,Engineer
442635,Mitchel,Zeleznik,2/16/62,4/20/89,1/1/99,Senior Engineer
442642,Subhada,Birta,3/31/64,6/28/89,1/1/99,Engineer
442647,Joydip,Krybus,3/25/62,5/6/90,1/1/99,Staff
442653,Mona,Hebden,1/4/65,10/20/95,1/1/99,Engineer
442658,Rutger,Taneja,9/8/63,4/18/98,1/1/99,Engineer
442662,Sadegh,Raney,6/4/63,11/4/94,1/1/99,Engineer
442666,Dmitry,Benantar,8/28/62,6/10/97,1/1/99,Engineer
442667,Godehard,Conte,7/4/62,2/3/85,1/1/99,Senior Staff
442670,Qingxiang,Staylopatis,7/2/62,4/14/98,1/1/99,Engineer
442680,Valeri,Rassart,12/21/64,8/16/91,1/1/99,Engineer
442684,Alair,Reinhard,10/16/64,9/25/90,1/1/99,Senior Engineer
442688,Adhemar,Rodiger,10/30/62,4/2/87,1/1/99,Staff
442696,Mohamadou,Schmiedel,11/11/64,1/5/95,1/1/99,Engineer
442697,Morris,Budinsky,9/14/64,1/16/86,1/1/99,Senior Engineer
442700,Siddarth,Masada,1/6/65,8/11/97,1/1/99,Staff
442705,Masaki,Schnabel,10/7/64,4/24/92,1/1/99,Senior Staff
442708,Berna,Stanfel,11/17/62,4/27/92,1/1/99,Senior Engineer
442726,Urs,Baaleh,4/24/63,2/3/88,1/1/99,Engineer
442741,Ung,Emmerich,8/9/64,9/6/95,1/1/99,Staff
442745,Gunilla,Maraist,11/12/63,3/4/96,1/1/99,Staff
442747,Teruyuki,Khalil,4/8/64,11/2/87,1/1/99,Senior Engineer
442753,Shim,Brizzi,3/11/63,7/14/85,1/1/99,Staff
442755,Nahum,Kuszyk,8/27/63,5/7/89,1/1/99,Senior Engineer
442759,Adin,Marrakchi,10/17/64,8/29/95,1/1/99,Senior Staff
442764,Yonghoan,Comyn,9/9/62,8/15/85,1/1/99,Engineer
442766,KayLiang,Lienhardt,4/12/64,9/21/99,1/1/99,Staff
442770,Kolar,Teitelbaum,10/20/64,2/12/89,1/1/99,Staff
442771,Mahmut,Reghbati,5/24/63,12/23/98,1/1/99,Engineer
442772,Saniya,Ohori,11/17/64,1/24/89,1/1/99,Senior Engineer
442776,Saniya,Ramsay,9/25/63,1/18/91,1/1/99,Engineer
442781,Fumiyo,Stasinski,4/10/63,3/28/90,1/1/99,Senior Engineer
442782,Shahaf,Danlos,3/13/63,9/4/87,1/1/99,Senior Staff
442788,Jixiang,Breugel,11/3/63,11/11/99,1/1/99,Senior Staff
442789,Werner,Prenel,12/2/64,3/30/88,1/1/99,Engineer
442791,Poornachandra,Rindone,5/22/64,3/7/97,1/1/99,Staff
442805,Sachem,Provine,6/24/64,12/17/91,1/1/99,Senior Staff
442807,Arno,Huxford,9/26/63,2/4/95,1/1/99,Senior Staff
442810,Yuriy,Walstra,8/28/63,9/12/94,1/1/99,Staff
442811,Subhrajyoti,Detkin,3/4/62,2/26/90,1/1/99,Senior Staff
442831,Vasilii,Kitsuregawa,4/14/62,12/5/94,1/1/99,Technique Leader
442835,Masoud,Murillo,12/31/63,2/24/98,1/1/99,Engineer
442853,Chenye,Lalonde,4/8/63,2/11/90,1/1/99,Senior Staff
442855,Baoqiu,Maccarone,7/13/64,11/12/92,1/1/99,Senior Engineer
442861,Taisook,Rosch,12/16/64,7/6/87,1/1/99,Senior Staff
442887,Kasturi,Biran,8/5/64,8/15/90,1/1/99,Senior Staff
442890,Ult,Pleszkun,4/19/62,6/12/98,1/1/99,Staff
442892,Jouni,Bellmore,7/11/64,1/5/98,1/1/99,Assistant Engineer
442895,Remzi,Worfolk,12/29/63,6/26/99,1/1/99,Staff
442898,Aksel,Gire,1/7/65,6/27/99,1/1/99,Engineer
442899,Remco,Hiraishi,10/7/64,3/5/86,1/1/99,Staff
442905,Kiam,Kumaresan,3/9/64,4/23/89,1/1/99,Senior Staff
442914,Filipe,Radivojevic,11/26/62,1/22/98,1/1/99,Engineer
442923,Kokou,Zschoche,9/18/63,4/18/94,1/1/99,Senior Staff
442937,Tomoyuki,Varker,1/25/62,7/7/96,1/1/99,Staff
442950,Karlis,Binding,3/30/63,10/25/97,1/1/99,Senior Engineer
442954,Shawna,Pietrzykowski,8/12/62,10/5/00,1/1/99,Staff
442961,Stevo,Hofting,11/20/63,7/8/98,1/1/99,Senior Staff
442968,Renee,Lueh,10/26/64,8/19/90,1/1/99,Senior Engineer
442980,Licheng,Tsukuda,9/24/62,6/28/87,1/1/99,Engineer
442992,Martine,Kroft,8/4/63,4/7/97,1/1/99,Staff
442997,Mingsen,Angelov,10/15/64,9/17/89,1/1/99,Senior Staff
443001,Saniya,Glowinski,10/29/63,7/10/92,1/1/99,Senior Engineer
443004,Mariangiola,Gill,5/7/62,5/19/88,1/1/99,Senior Staff
443007,Lech,Molenaar,11/21/64,12/3/94,1/1/99,Staff
443008,Divier,Backhouse,7/1/64,10/2/99,1/1/99,Senior Staff
443013,Guozhong,Butterworth,12/21/64,7/4/96,1/1/99,Assistant Engineer
443017,Houman,Farrag,4/26/62,1/28/99,1/1/99,Engineer
443019,Shuichi,Stiles,10/7/64,10/12/94,1/1/99,Staff
443021,Cathie,Kowalchuk,8/2/63,3/30/94,1/1/99,Staff
443032,Zhiguo,Pagter,4/5/62,11/6/89,1/1/99,Senior Engineer
443034,Koldo,Oxenboll,7/6/62,10/8/98,1/1/99,Technique Leader
443057,Dietrich,Figueira,12/17/64,1/20/95,1/1/99,Engineer
443059,Premal,Kitsuregawa,8/10/64,12/23/97,1/1/99,Senior Engineer
443063,Mayumi,Rettelbach,5/12/64,8/12/97,1/1/99,Staff
443066,Val,Lovengreen,2/26/63,10/6/86,1/1/99,Senior Staff
443070,Kokou,Birjandi,8/7/63,3/22/90,1/1/99,Senior Staff
443080,Neelam,Camarinopoulos,11/29/63,10/14/98,1/1/99,Senior Staff
443087,Saeed,Sankaranarayanan,3/14/62,8/2/93,1/1/99,Senior Staff
443099,Chinhyun,Dahlbom,5/8/63,10/31/94,1/1/99,Senior Staff
443103,Sudhanshu,Miara,10/20/62,3/6/88,1/1/99,Staff
443108,Christfried,Atrawala,1/14/65,11/29/98,1/1/99,Senior Staff
443111,Faiza,Demke,3/9/63,11/14/98,1/1/99,Staff
443112,Shih,Thibadeau,1/29/63,9/25/95,1/1/99,Technique Leader
443116,Jaideep,Weisert,5/15/64,8/6/97,1/1/99,Senior Staff
443117,Mariangiola,McDermid,9/12/62,7/11/98,1/1/99,Senior Engineer
443119,Kiyomitsu,Thisen,2/2/64,12/8/97,1/1/99,Engineer
443124,Honglan,Pokrovskii,9/11/62,4/11/93,1/1/99,Senior Engineer
443132,Maya,Barreiro,7/3/63,9/4/99,1/1/99,Staff
443133,Seongbin,Takkinen,4/29/63,10/15/87,1/1/99,Senior Staff
443136,Mohammad,Paciorek,10/8/63,11/18/89,1/1/99,Technique Leader
443137,Zhiguo,Perez,6/30/63,5/14/01,1/1/99,Staff
443145,Weiwu,Ambroszkiewicz,1/11/62,3/9/88,1/1/99,Senior Staff
443154,Kish,Herath,8/1/64,2/19/87,1/1/99,Senior Engineer
443158,Jessie,Koprowski,11/11/63,10/12/98,1/1/99,Staff
443177,Akeel,Slaats,2/17/64,12/20/86,1/1/99,Senior Staff
443181,Rafols,Cairo,10/13/63,11/7/99,1/1/99,Senior Engineer
443199,Alain,Pellegrinelli,6/11/64,4/27/88,1/1/99,Staff
443202,Marsha,Legleitner,4/21/62,12/25/88,1/1/99,Senior Engineer
443217,Mayuko,Strooper,3/30/62,10/27/89,1/1/99,Senior Staff
443221,Tadahiko,Codenie,1/30/62,3/26/89,1/1/99,Senior Engineer
443230,Mayuko,Hmelo,6/7/64,1/22/89,1/1/99,Staff
443234,Theirry,Luff,12/30/63,2/17/95,1/1/99,Senior Staff
443241,Jinya,Murrill,8/25/63,4/30/85,1/1/99,Senior Engineer
443242,Stabislas,Boreale,5/10/64,10/7/97,1/1/99,Staff
443243,Chaoyi,Jervis,7/3/63,3/14/88,1/1/99,Engineer
443252,Sumant,Kohling,2/24/63,11/11/96,1/1/99,Senior Engineer
443257,Lokesh,Leivant,12/10/63,9/7/90,1/1/99,Engineer
443260,Khue,Peroz,1/9/62,12/18/94,1/1/99,Senior Staff
443265,Tommaso,Melichar,4/24/64,4/28/91,1/1/99,Senior Engineer
443271,Kwok,Norsworthy,8/27/62,7/7/93,1/1/99,Staff
443274,Kenton,Birrer,4/23/63,10/15/87,1/1/99,Staff
443277,Remmert,Rande,11/28/64,9/1/00,1/1/99,Senior Engineer
443282,Adam,Mungall,8/30/62,10/7/98,1/1/99,Engineer
443285,Tuval,Hmelo,4/30/63,1/22/93,1/1/99,Engineer
443287,Nectarios,Doering,12/2/64,6/21/96,1/1/99,Senior Engineer
443293,Caolyn,Boyle,9/25/63,4/6/97,1/1/99,Engineer
443294,Domenick,Menhoudj,4/6/63,11/20/95,1/1/99,Engineer
443296,Panayotis,Speek,3/9/64,12/7/91,1/1/99,Staff
443299,Hitomi,Randi,7/25/62,1/16/96,1/1/99,Engineer
443302,Patricio,Hofting,6/17/64,5/22/99,1/1/99,Staff
443308,Chenxi,Wegerle,10/11/62,4/6/95,1/1/99,Engineer
443310,Toong,Reistad,10/13/62,2/17/88,1/1/99,Engineer
443314,Masaki,Karnin,11/16/62,11/19/99,1/1/99,Staff
443319,Jeanne,Fargier,5/28/62,11/20/99,1/1/99,Staff
443324,Yuguang,Vendrig,8/13/63,7/13/95,1/1/99,Senior Engineer
443328,Boriana,Manderick,12/4/64,9/14/97,1/1/99,Engineer
443333,Yifei,Luef,12/11/62,6/30/89,1/1/99,Senior Staff
443354,Zhenhua,Hertweck,2/15/64,4/28/91,1/1/99,Senior Engineer
443355,Yakkov,Famili,8/10/64,8/23/95,1/1/99,Staff
443357,Demin,Menyhert,7/6/62,2/5/99,1/1/99,Engineer
443368,Erzsebet,Bernick,6/25/63,2/1/00,1/1/99,Staff
443371,Subir,Valiente,8/27/64,1/2/95,1/1/99,Engineer
443374,Bernd,Poupard,7/3/63,10/31/86,1/1/99,Senior Engineer
443378,Manibrata,Eterovic,12/14/63,6/7/89,1/1/99,Engineer
443385,Douadi,Kaiserswerth,2/14/64,5/12/90,1/1/99,Engineer
443396,Kitty,Pietracaprina,6/7/62,2/18/88,1/1/99,Assistant Engineer
443403,Willard,Birjandi,7/15/64,1/7/96,1/1/99,Senior Staff
443414,Heejo,Junot,5/25/63,4/21/01,1/1/99,Technique Leader
443418,Anoosh,Albarhamtoshy,7/17/63,6/12/92,1/1/99,Engineer
443420,Masato,Sewelson,5/26/63,5/25/93,1/1/99,Senior Engineer
443429,Mohit,Eiron,11/7/64,3/6/98,1/1/99,Technique Leader
443432,Sangeeta,Hebert,9/2/63,11/9/85,1/1/99,Senior Staff
443438,Gregory,Zirintsis,3/18/64,11/15/89,1/1/99,Engineer
443441,Jungsoon,Hooghiemstra,12/27/62,12/4/86,1/1/99,Senior Staff
443451,Goa,Perfilyeva,10/27/62,10/10/00,1/1/99,Staff
443453,Randi,Zyda,4/17/62,2/8/91,1/1/99,Senior Staff
443460,Poornachandra,Schwaller,4/26/64,12/18/90,1/1/99,Senior Engineer
443468,Raimond,Perelgut,9/8/62,10/16/99,1/1/99,Staff
443472,Arnould,Sury,6/15/63,11/16/88,1/1/99,Engineer
443475,Arif,Serna,2/11/62,8/8/97,1/1/99,Staff
443480,Elliott,Kalefeld,7/18/62,11/6/99,1/1/99,Technique Leader
443485,Marke,Klerer,1/23/65,4/14/90,1/1/99,Senior Staff
443488,Moriyoshi,Iivonen,9/27/62,10/31/92,1/1/99,Senior Engineer
443492,Tua,Choobineh,1/9/63,4/2/89,1/1/99,Senior Engineer
443495,Holgard,Gulla,1/12/63,4/3/91,1/1/99,Staff
443501,Cathie,Pocchiola,4/27/63,7/11/89,1/1/99,Engineer
443504,Rildo,Pauthner,11/22/63,10/14/94,1/1/99,Senior Staff
443512,Eben,Heydon,11/7/62,8/6/93,1/1/99,Staff
443528,Maik,Terkki,2/15/63,2/3/91,1/1/99,Senior Staff
443529,Jongsuk,Suomi,3/19/64,5/24/85,1/1/99,Engineer
443544,KayLiang,Conia,6/15/62,10/3/92,1/1/99,Senior Staff
443546,Mana,Georg,6/6/62,2/23/88,1/1/99,Engineer
443565,Nalini,Borstler,5/26/62,4/21/92,1/1/99,Engineer
443566,Chikara,dAstous,5/26/64,3/23/94,1/1/99,Staff
443568,Vishwani,Schauser,8/28/62,12/31/97,1/1/99,Engineer
443569,Haldun,Hiyoshi,9/10/63,7/18/95,1/1/99,Staff
443570,Zhiguo,Demizu,6/3/63,3/9/93,1/1/99,Staff
443575,Jagoda,Peek,8/30/64,11/6/96,1/1/99,Staff
443583,Adly,Gelosh,12/25/63,9/22/99,1/1/99,Technique Leader
443584,Tooru,Kobuchi,3/26/62,8/31/89,1/1/99,Staff
443587,Abdelkader,Bahr,11/6/64,4/24/01,1/1/99,Technique Leader
443588,Christ,Chimia,3/7/63,9/25/88,1/1/99,Engineer
443589,Udi,Sevcikova,1/29/64,5/13/85,1/1/99,Senior Engineer
443601,Prasadram,Liesche,10/28/64,5/20/90,1/1/99,Senior Staff
443604,Flemming,Besancenot,7/7/63,2/17/91,1/1/99,Senior Engineer
443606,Naftali,Rousseau,12/24/63,10/8/90,1/1/99,Senior Staff
443610,Kristin,Daescu,2/4/64,7/27/98,1/1/99,Senior Engineer
443622,Elvis,Bage,5/2/63,7/1/91,1/1/99,Staff
443623,Taizo,Vieri,5/27/62,10/1/90,1/1/99,Senior Engineer
443624,Tadahiro,Cooman,6/15/62,11/21/88,1/1/99,Senior Engineer
443627,Fan,Siepmann,10/16/62,2/18/95,1/1/99,Senior Engineer
443635,Krisda,Osgood,2/9/64,11/17/93,1/1/99,Senior Staff
443639,Tomokazu,Flanders,5/19/63,12/12/88,1/1/99,Senior Engineer
443650,Mara,Leuchs,12/1/62,10/27/97,1/1/99,Staff
443653,Gregory,Asser,10/18/64,9/26/89,1/1/99,Staff
443669,Fumitaka,Kolvik,3/13/64,9/6/99,1/1/99,Engineer
443672,Etsuo,Perl,9/4/63,5/25/85,1/1/99,Senior Engineer
443673,Subhankar,Tomescu,4/17/62,11/17/89,1/1/99,Engineer
443680,Yakkov,Kakkar,12/24/62,1/17/91,1/1/99,Senior Engineer
443682,Rance,Fraisse,6/10/64,3/25/99,1/1/99,Staff
443684,Pranas,Hebert,1/27/63,12/1/96,1/1/99,Staff
443685,Janalee,Levergood,7/9/62,10/31/92,1/1/99,Staff
443687,Candido,Hammerschmidt,1/15/62,11/26/97,1/1/99,Engineer
443689,Miomir,Panwar,11/15/62,11/3/94,1/1/99,Staff
443690,Cristinel,Kieras,9/1/62,3/4/94,1/1/99,Staff
443693,Douadi,Schade,6/4/62,1/4/98,1/1/99,Technique Leader
443695,Sven,Genin,2/13/63,10/18/01,1/1/99,Technique Leader
443698,Vesna,Schmiedel,3/15/62,8/26/87,1/1/99,Technique Leader
443705,Subhada,Gelosh,8/29/64,7/9/99,1/1/99,Staff
443708,Bernardo,Kabayashi,5/16/63,2/12/87,1/1/99,Senior Staff
443722,Marc,Nittel,4/25/63,12/7/86,1/1/99,Staff
443726,Kokou,Andreotta,5/4/62,10/4/91,1/1/99,Engineer
443727,Jaewon,Mitina,11/9/63,11/1/98,1/1/99,Staff
443729,Constantine,Kroft,12/27/62,2/17/89,1/1/99,Senior Staff
443731,Prasadram,Kulisch,7/26/63,8/5/88,1/1/99,Staff
443739,Yuguang,Esposito,2/26/62,3/15/99,1/1/99,Staff
443742,Mona,Leonhardt,6/10/63,5/14/93,1/1/99,Senior Staff
443748,Premsyl,Atrawala,7/9/62,5/1/88,1/1/99,Senior Engineer
443768,Martien,Baba,9/21/63,1/22/00,1/1/99,Senior Engineer
443771,Itzchak,Pocchiola,6/2/63,10/22/96,1/1/99,Staff
443785,Chuanti,Birsak,2/8/63,11/1/88,1/1/99,Senior Engineer
443788,Koldo,Sidje,7/24/63,2/28/96,1/1/99,Engineer
443789,Kazuhisa,Sadowsky,10/30/63,8/10/91,1/1/99,Assistant Engineer
443791,Kristen,Kitai,4/16/64,4/23/91,1/1/99,Senior Staff
443792,Yechezkel,Bernardeschi,9/28/64,7/22/85,1/1/99,Staff
443803,Abdelghani,Lienhardt,2/13/62,3/20/94,1/1/99,Staff
443805,Sivanarayana,Verhaegen,4/3/64,2/13/87,1/1/99,Engineer
443810,Teruyuki,Parveen,6/4/62,2/1/93,1/1/99,Technique Leader
443814,Ziyad,Hainaut,9/25/64,2/22/86,1/1/99,Senior Staff
443827,Hongzhu,Gist,9/5/62,7/31/93,1/1/99,Senior Engineer
443833,Yonghong,Nivat,3/31/63,2/4/93,1/1/99,Senior Engineer
443841,Shaw,Kading,1/8/65,7/16/92,1/1/99,Staff
443843,Vidar,Pagter,6/15/63,2/28/91,1/1/99,Engineer
443849,Yolla,Irland,8/11/63,3/28/89,1/1/99,Senior Engineer
443850,Dhritiman,Cullers,9/30/62,4/2/89,1/1/99,Staff
443851,Tadanori,Berztiss,1/3/62,11/20/90,1/1/99,Staff
443854,Hilari,Lung,3/30/62,5/29/89,1/1/99,Engineer
443857,Gen,Biran,8/24/64,11/24/99,1/1/99,Senior Engineer
443858,Karoline,Poehlman,5/11/64,3/8/97,1/1/99,Technique Leader
443863,Frazer,Thambidurai,1/27/63,2/21/90,1/1/99,Senior Staff
443864,Akeno,Erez,9/5/63,11/6/98,1/1/99,Engineer
443867,Fumitake,Perelgut,10/10/63,12/13/97,1/1/99,Staff
443868,Maria,Ligten,1/26/64,6/10/98,1/1/99,Staff
443873,Vatsa,Ramsay,1/20/65,6/16/00,1/1/99,Staff
443874,Roddy,Bratsberg,5/2/63,11/21/96,1/1/99,Senior Staff
443883,Mitchel,Kermarrec,3/8/62,9/5/85,1/1/99,Engineer
443885,Barna,Kossowski,5/12/64,12/1/89,1/1/99,Senior Engineer
443893,Richard,Strehl,1/24/62,8/27/95,1/1/99,Senior Staff
443900,Pranav,Kalorkoti,11/9/64,12/12/88,1/1/99,Senior Staff
443901,Hidekazu,Murillo,5/21/63,8/9/85,1/1/99,Senior Engineer
443914,Uli,Jahnichen,1/12/62,3/12/01,1/1/99,Staff
443933,Heejo,Brookman,4/5/64,2/15/99,1/1/99,Staff
443937,Jiann,Ossenbruggen,10/23/64,3/30/88,1/1/99,Senior Engineer
443943,Oscar,Pollacia,1/30/63,1/10/90,1/1/99,Staff
443944,Hongzhu,Skogmar,1/8/63,9/29/90,1/1/99,Engineer
443948,Maha,Smeets,12/6/63,11/1/87,1/1/99,Senior Engineer
443951,Heejo,Sluis,5/13/63,5/4/89,1/1/99,Senior Engineer
443955,Bodo,Litzler,11/20/64,12/20/87,1/1/99,Staff
443961,Subhash,Papadias,1/21/63,5/1/96,1/1/99,Engineer
443964,Stepehn,Cairo,5/13/64,9/6/88,1/1/99,Senior Engineer
443975,Randy,Fabrizio,2/7/62,12/3/94,1/1/99,Assistant Engineer
443981,Samphel,Rusmann,12/19/64,10/26/93,1/1/99,Senior Engineer
443984,Shigehiro,Whitcomb,2/27/63,10/13/88,1/1/99,Senior Engineer
443985,Munehiko,Lund,2/29/64,9/5/94,1/1/99,Senior Staff
443989,Kiyokazu,Peng,8/28/63,8/1/88,1/1/99,Senior Engineer
443991,Sivanarayana,Foote,10/10/64,3/10/87,1/1/99,Senior Staff
444000,Cullen,Perri,2/4/63,6/21/00,1/1/99,Senior Engineer
444005,Carrsten,Karner,6/1/64,6/19/90,1/1/99,Senior Engineer
444006,Mabo,Cochrane,5/7/62,8/9/91,1/1/99,Senior Engineer
444012,Danae,Rathonyi,10/30/62,1/24/90,1/1/99,Staff
444013,Arnd,Siochi,8/8/62,6/5/86,1/1/99,Senior Staff
444021,Barry,Levasseur,3/10/62,3/25/91,1/1/99,Senior Staff
444022,Alain,Miculan,2/17/62,9/2/97,1/1/99,Engineer
444025,Fun,Wixon,11/26/62,12/27/92,1/1/99,Senior Engineer
444031,Lokesh,Merlo,5/13/62,6/1/97,1/1/99,Technique Leader
444037,Uwe,Klyachko,8/12/64,4/4/98,1/1/99,Staff
444041,Marl,Sigstam,5/31/64,12/10/97,1/1/99,Staff
444057,Amalendu,Kragelund,2/2/62,10/11/86,1/1/99,Senior Engineer
444058,Xudong,Stemann,8/31/63,9/20/93,1/1/99,Staff
444064,Shichao,Garrabrants,4/15/64,9/23/92,1/1/99,Staff
444065,Tzvetan,Yoshizawa,8/2/64,7/2/96,1/1/99,Staff
444068,Sachar,Munro,7/31/63,5/21/94,1/1/99,Senior Engineer
444069,Gritta,Ratnaker,10/15/63,3/15/87,1/1/99,Senior Engineer
444070,Heping,Skrikant,1/15/65,11/27/90,1/1/99,Staff
444072,Naftaly,Peral,8/15/64,1/30/86,1/1/99,Staff
444076,Baoqiu,Sinicrope,6/23/62,6/26/89,1/1/99,Assistant Engineer
444082,Matt,Weisert,3/13/63,9/29/89,1/1/99,Senior Engineer
444086,Giri,Malabarba,3/26/62,6/21/90,1/1/99,Engineer
444087,Alejandro,Carrera,7/14/64,6/4/86,1/1/99,Senior Staff
444088,Fay,Usdin,8/11/62,6/10/86,1/1/99,Senior Staff
444089,Ramalingam,Levasseur,1/12/63,3/4/97,1/1/99,Staff
444090,Unal,Luan,9/28/63,8/8/91,1/1/99,Engineer
444099,Kousuke,Worfolk,1/28/65,3/22/88,1/1/99,Senior Staff
444104,Bernardo,Weiland,8/31/63,3/27/94,1/1/99,Senior Engineer
444112,Tonny,Poehlman,11/29/62,11/19/87,1/1/99,Engineer
444119,Chrisa,Coullard,2/10/62,5/4/97,1/1/99,Technique Leader
444123,Weiyi,Schonegge,11/8/63,9/5/97,1/1/99,Senior Staff
444137,Van,Makinen,7/11/63,12/7/97,1/1/99,Staff
444149,Vitaly,Minakawa,12/10/64,3/31/87,1/1/99,Staff
444156,Masaru,Szmurlo,8/19/63,7/27/98,1/1/99,Engineer
444157,Gro,Quittner,11/29/63,9/26/93,1/1/99,Assistant Engineer
444162,Leah,Solovay,10/10/62,8/19/93,1/1/99,Assistant Engineer
444172,Premsyl,Alencar,11/1/64,4/14/97,1/1/99,Engineer
444174,Hirochika,Pluym,12/19/62,4/24/92,1/1/99,Senior Staff
444180,Katsuyuki,Picht,8/12/64,6/16/99,1/1/99,Engineer
444185,Amstein,Tzvieli,10/1/64,9/27/89,1/1/99,Staff
444198,Ulises,Schwartzbauer,2/1/62,3/9/86,1/1/99,Engineer
444199,Lokesh,Schauser,10/28/64,12/23/90,1/1/99,Senior Staff
444202,Zito,Bael,7/11/64,9/16/86,1/1/99,Staff
444206,Holgard,Weedman,9/15/64,1/5/97,1/1/99,Technique Leader
444208,Irena,Cesareni,1/27/65,10/30/85,1/1/99,Senior Staff
444213,Billur,Zeleznik,5/24/62,1/7/94,1/1/99,Senior Staff
444214,Holgard,Pulkowski,5/14/63,10/22/87,1/1/99,Engineer
444216,Shuichi,Akaboshi,5/6/62,7/5/92,1/1/99,Senior Staff
444226,Geoffry,Doering,3/23/62,10/18/88,1/1/99,Senior Engineer
444229,Lech,Talmon,6/27/62,5/16/85,1/1/99,Engineer
444233,Aris,Waleschkowski,9/20/64,12/10/88,1/1/99,Senior Engineer
444240,Masadi,Koyama,4/17/64,3/27/93,1/1/99,Senior Staff
444244,Nalini,Jarecki,11/2/64,5/9/96,1/1/99,Engineer
444245,Garnik,Bernatsky,1/4/63,9/17/99,1/1/99,Staff
444249,Kauko,Sadowsky,5/26/62,9/15/96,1/1/99,Staff
444257,Kasturi,Luce,11/23/62,1/6/92,1/1/99,Senior Staff
444259,Navid,Eastman,8/6/64,12/31/94,1/1/99,Senior Engineer
444261,Shir,Narlikar,3/24/63,4/5/92,1/1/99,Senior Staff
444264,Gro,Takanami,9/13/62,7/20/93,1/1/99,Senior Staff
444269,Marjo,Farrow,12/25/63,7/18/90,1/1/99,Senior Staff
444270,Magy,Leonhardt,6/30/63,10/30/94,1/1/99,Senior Engineer
444273,Chirstian,Birrer,10/16/64,2/29/00,1/1/99,Engineer
444291,Jaihie,Perng,12/14/63,12/16/91,1/1/99,Senior Engineer
444298,Kaijung,Debuse,2/5/62,6/23/87,1/1/99,Engineer
444315,Limsoon,Mondadori,3/24/63,5/6/86,1/1/99,Staff
444325,Shalesh,Vernadat,5/27/62,1/26/95,1/1/99,Senior Staff
444326,Hausi,Ranta,10/2/63,1/10/88,1/1/99,Senior Staff
444330,Howell,Besselaar,10/1/62,3/24/92,1/1/99,Senior Engineer
444331,Chrisa,Niizuma,12/30/64,4/7/93,1/1/99,Senior Staff
444332,Huan,Sankaranarayanan,6/13/62,11/14/00,1/1/99,Staff
444333,Marke,Swan,8/26/63,3/7/96,1/1/99,Engineer
444337,Faiza,Schrift,7/19/63,4/7/95,1/1/99,Engineer
444340,Mahendra,Tsukune,9/10/63,7/3/90,1/1/99,Senior Staff
444341,Rayond,Noriega,7/9/64,3/14/89,1/1/99,Senior Engineer
444345,Miquel,Rosen,7/22/63,5/30/97,1/1/99,Staff
444355,Chikako,Muntz,10/20/64,4/5/90,1/1/99,Engineer
444356,Aloke,Boudaillier,4/18/63,4/13/88,1/1/99,Senior Engineer
444361,Vesna,Juneja,11/6/64,1/7/95,1/1/99,Engineer
444363,Eckart,Falby,10/3/64,7/26/91,1/1/99,Senior Engineer
444364,Feipei,Ohori,9/19/63,6/16/89,1/1/99,Engineer
444366,Adam,Farrow,4/10/64,10/16/96,1/1/99,Staff
444369,Niclas,Antonisse,4/1/64,7/3/96,1/1/99,Senior Engineer
444381,Chuanyi,Akaboshi,12/7/62,3/8/95,1/1/99,Senior Engineer
444384,Yongmao,Figueira,1/21/62,5/6/90,1/1/99,Senior Engineer
444386,Shushma,Ohori,8/23/62,4/16/90,1/1/99,Engineer
444393,Jahangir,Brobst,8/1/62,8/25/90,1/1/99,Engineer
444395,Shao,Dulay,4/7/63,3/1/96,1/1/99,Assistant Engineer
444406,Jasminko,Lyonns,9/6/64,6/7/89,1/1/99,Senior Staff
444407,Feipei,Merli,11/20/62,6/2/91,1/1/99,Senior Engineer
444417,Gopalakrishnan,Armand,5/15/64,7/30/88,1/1/99,Engineer
444419,Gennadi,Cronin,1/5/62,6/8/97,1/1/99,Staff
444429,Fusako,Benantar,7/20/64,12/28/94,1/1/99,Technique Leader
444438,Chaoyi,Weedman,3/19/64,11/19/01,1/1/99,Engineer
444444,Mechthild,Katiyar,1/11/62,4/2/92,1/1/99,Staff
444448,Alain,Chandrasekhar,8/2/63,7/27/97,1/1/99,Senior Staff
444452,Percy,Ozeri,11/22/63,12/14/91,1/1/99,Senior Engineer
444458,Debatosh,Matzke,10/15/62,2/17/91,1/1/99,Senior Engineer
444463,Duangkaew,Ciolek,12/31/63,11/2/96,1/1/99,Staff
444465,Prasadram,Bultermann,1/13/65,10/25/98,1/1/99,Senior Engineer
444466,Dung,Deverell,4/5/64,1/9/88,1/1/99,Staff
444468,Jayesh,Cyre,7/18/64,5/18/86,1/1/99,Engineer
444470,Along,Schapire,12/12/63,7/31/99,1/1/99,Engineer
444472,Masali,Suermann,6/14/62,7/29/99,1/1/99,Senior Staff
444476,Isamu,Farrag,12/17/64,3/5/88,1/1/99,Senior Staff
444487,Udi,Rullman,1/3/65,4/9/94,1/1/99,Senior Engineer
444489,Kristin,Journel,9/3/64,8/27/90,1/1/99,Senior Engineer
444492,KayLiang,Babb,6/3/63,4/13/88,1/1/99,Senior Engineer
444499,Jiang,Erman,1/15/62,7/23/85,1/1/99,Senior Engineer
444500,Remzi,Fendler,5/9/63,9/30/91,1/1/99,Senior Engineer
444510,Aloke,Chorvat,2/26/62,9/3/91,1/1/99,Senior Engineer
444523,Chirstian,Collette,3/13/63,8/30/90,1/1/99,Senior Staff
444525,Mohua,Szemeredi,6/2/62,11/12/93,1/1/99,Engineer
444533,Nitsan,Godskesen,11/19/62,2/3/87,1/1/99,Senior Staff
444536,Mihalis,Diderrich,7/21/63,7/17/85,1/1/99,Engineer
444540,Yolla,Schlumberger,10/5/62,11/12/94,1/1/99,Senior Staff
444545,Xiaobin,Bratsberg,3/30/62,9/24/91,1/1/99,Senior Engineer
444555,Yannis,Georgatos,11/9/64,3/24/96,1/1/99,Senior Staff
444573,Feiyu,Frijda,12/6/62,5/19/90,1/1/99,Assistant Engineer
444584,Marie,Delgrande,8/5/63,12/6/86,1/1/99,Senior Staff
444586,Maik,Straney,11/19/63,9/4/98,1/1/99,Engineer
444593,Susuma,Jullig,6/26/64,4/4/98,1/1/99,Engineer
444602,Dulce,Engelmann,12/17/63,5/21/88,1/1/99,Engineer
444604,Vesna,Thorensen,2/27/62,10/26/97,1/1/99,Engineer
444613,Adas,Heuser,2/4/63,6/24/94,1/1/99,Technique Leader
444614,Tsz,Fortenbacher,5/13/62,1/16/94,1/1/99,Assistant Engineer
444615,Jackson,Raney,9/4/62,11/29/96,1/1/99,Assistant Engineer
444617,Jaewoo,Couchot,4/18/62,11/10/90,1/1/99,Staff
444624,Byong,Schlenzig,7/24/62,11/6/95,1/1/99,Engineer
444629,Radoslaw,Rossi,1/31/62,8/7/97,1/1/99,Engineer
444640,Nigel,Socorro,4/25/63,1/13/98,1/1/99,Engineer
444643,Berna,Schonegge,1/18/65,6/28/98,1/1/99,Staff
444653,KayLiang,Hasham,5/24/64,7/18/91,1/1/99,Senior Engineer
444658,Valery,Munawer,6/25/62,9/5/90,1/1/99,Senior Staff
444674,Janche,Barreiro,12/10/63,11/17/92,1/1/99,Senior Engineer
444678,Ashish,Buescher,5/24/63,8/17/96,1/1/99,Engineer
444679,Parto,Kilgore,10/19/63,2/1/92,1/1/99,Engineer
444680,Arnould,Koshino,8/26/62,10/21/87,1/1/99,Senior Staff
444682,Gaetan,Cangellaris,7/12/64,5/31/98,1/1/99,Senior Staff
444688,Kensei,Zirintsis,3/5/62,12/13/89,1/1/99,Senior Staff
444690,Kazuhiko,Validov,3/23/62,1/31/89,1/1/99,Staff
444700,Owen,Gopalakrishnan,9/12/64,7/11/95,1/1/99,Engineer
444703,Freyja,Berztiss,10/17/64,1/3/97,1/1/99,Senior Engineer
444712,Perla,Smeets,2/11/64,3/1/97,1/1/99,Engineer
444714,Odoardo,Kadhim,12/14/62,11/13/94,1/1/99,Engineer
444716,Karsten,Heemskerk,9/22/62,10/1/96,1/1/99,Senior Engineer
444718,Charmane,Jayawardene,5/31/64,12/24/93,1/1/99,Senior Staff
444729,Menkae,VanScheik,10/19/62,2/8/99,1/1/99,Staff
444730,Alper,Lipner,7/13/62,9/25/94,1/1/99,Senior Staff
444737,Tsutomu,Hardjono,2/5/63,4/26/91,1/1/99,Senior Engineer
444740,Kristen,Siochi,2/5/64,10/4/99,1/1/99,Engineer
444743,Rimon,Maliniak,6/29/63,6/25/02,1/1/99,Engineer
444745,Zejun,Dolinsky,2/27/64,1/27/97,1/1/99,Staff
444746,Gully,Ladret,7/24/64,2/19/91,1/1/99,Staff
444750,Nakhoon,Kilgour,12/26/63,1/9/96,1/1/99,Senior Engineer
444751,Georg,Delgrange,5/26/64,5/27/99,1/1/99,Staff
444754,Patricia,Birjandi,1/9/64,2/9/88,1/1/99,Engineer
444764,Odinaldo,Esteva,9/8/62,12/5/89,1/1/99,Senior Staff
444784,Mamdouh,Nitto,3/3/62,2/14/89,1/1/99,Engineer
444785,Adil,Hegner,2/2/63,9/22/92,1/1/99,Engineer
444795,Haldun,Rodham,8/29/62,4/26/98,1/1/99,Engineer
444797,Lenore,Terekhov,12/28/64,10/28/98,1/1/99,Senior Engineer
444798,Udaiprakash,Alameldin,3/6/63,4/20/95,1/1/99,Senior Engineer
444803,Lene,Eldridge,1/2/63,12/9/89,1/1/99,Engineer
444811,Urs,Gaughan,10/19/63,8/20/88,1/1/99,Engineer
444813,Chirstian,Bugrara,12/27/64,9/27/94,1/1/99,Senior Engineer
444818,Shrikanth,Rosch,8/22/63,3/14/87,1/1/99,Engineer
444822,Niteen,Dolinsky,4/20/63,7/29/95,1/1/99,Senior Engineer
444825,Kristinn,Thisen,3/23/63,4/16/88,1/1/99,Senior Staff
444838,Saeko,Luft,3/31/62,10/19/93,1/1/99,Senior Engineer
444841,Percy,Bazzichi,8/25/62,2/25/98,1/1/99,Engineer
444845,Przemyslawa,Gire,6/3/64,7/30/95,1/1/99,Staff
444851,Shirish,Denos,2/13/62,11/27/96,1/1/99,Staff
444870,Xiaoqiang,Makrucki,6/15/64,4/9/92,1/1/99,Senior Engineer
444874,Duke,Rusmann,4/15/63,1/17/87,1/1/99,Engineer
444879,Adil,Rathonyi,10/5/63,2/20/85,1/1/99,Staff
444880,Nahla,Bail,9/12/64,6/9/98,1/1/99,Engineer
444881,Jayson,Hanratty,5/25/62,10/21/96,1/1/99,Staff
444886,Danny,Rothe,4/19/64,2/28/98,1/1/99,Engineer
444905,Shushma,Ranst,1/26/64,1/8/91,1/1/99,Senior Engineer
444913,Hongzhu,Theuretzbacher,8/12/63,12/10/93,1/1/99,Senior Staff
444920,Heeju,Bain,8/12/62,11/17/98,1/1/99,Senior Staff
444924,Suzette,Beznosov,1/3/63,4/24/87,1/1/99,Engineer
444928,Srinidhi,Peyn,4/26/64,6/19/85,1/1/99,Senior Staff
444929,Taiji,Pluym,10/13/63,8/31/91,1/1/99,Assistant Engineer
444930,Pramod,Capobianchi,8/16/62,5/19/92,1/1/99,Technique Leader
444936,Kauko,Ramalingam,6/6/64,9/13/88,1/1/99,Senior Staff
444950,Angus,Billingsley,12/9/62,6/18/90,1/1/99,Senior Engineer
444956,Xiaoshan,Gadepally,6/23/62,8/30/96,1/1/99,Senior Engineer
444972,Samphel,Qiwen,7/21/62,11/8/88,1/1/99,Senior Engineer
444989,Rosalie,Staylopatis,9/12/64,12/18/87,1/1/99,Senior Engineer
444993,Kellie,Brodal,8/29/63,10/10/91,1/1/99,Senior Staff
444996,Tse,Mullainathan,1/21/64,9/15/88,1/1/99,Senior Engineer
444998,Paddy,Fontan,7/14/64,4/4/89,1/1/99,Senior Staff
444999,Arvin,Rosca,7/17/64,5/1/98,1/1/99,Staff
445000,Gor,Pews,4/21/64,7/25/98,1/1/99,Engineer
445003,Huan,Provine,6/24/63,4/24/99,1/1/99,Engineer
445004,Odinaldo,Emiris,3/9/62,6/13/95,1/1/99,Senior Engineer
445006,Alois,Borstler,4/16/63,4/11/92,1/1/99,Technique Leader
445008,Dinah,Sridhar,5/12/63,7/3/86,1/1/99,Senior Engineer
445012,Ferdinand,Khamsi,2/2/62,8/6/98,1/1/99,Senior Staff
445015,Tetsushi,Seghrouchni,6/8/64,2/16/85,1/1/99,Senior Engineer
445018,Parke,Sethi,11/27/62,3/29/95,1/1/99,Senior Engineer
445022,Arnould,Stiles,3/15/64,7/8/88,1/1/99,Staff
445025,Constantino,Kandlur,10/12/64,5/12/96,1/1/99,Engineer
445029,Limsoon,Kroft,11/8/62,1/2/95,1/1/99,Senior Engineer
445034,Boguslaw,Wrigley,9/20/62,3/22/94,1/1/99,Engineer
445036,Heon,Haddadi,2/3/62,10/11/88,1/1/99,Assistant Engineer
445049,Elgin,Honiden,3/7/64,10/1/95,1/1/99,Staff
445058,Taegyun,Gladwell,7/21/63,10/17/97,1/1/99,Staff
445067,Eldridge,Kawashima,1/28/65,2/27/90,1/1/99,Engineer
445075,Ranan,Trystram,3/27/63,8/20/86,1/1/99,Senior Engineer
445078,Avishai,Barriga,11/20/64,6/4/85,1/1/99,Staff
445079,Zhiguo,Kropf,12/2/63,9/10/86,1/1/99,Staff
445096,Maha,Heuter,12/31/63,10/6/88,1/1/99,Senior Engineer
445103,Yifei,Merro,8/16/64,12/2/86,1/1/99,Engineer
445109,Girolamo,Impagliazzo,1/6/64,6/26/91,1/1/99,Assistant Engineer
445120,Shigeo,Picht,2/28/62,8/14/99,1/1/99,Technique Leader
445125,Lubomir,Montresor,10/16/62,9/8/90,1/1/99,Senior Staff
445129,Taisook,Conia,9/19/63,6/2/97,1/1/99,Engineer
445130,Rosalyn,Navazio,6/11/63,5/23/85,1/1/99,Senior Staff
445140,Nahum,Poupard,2/8/64,5/17/87,1/1/99,Staff
445142,Mingdong,Chenney,12/1/62,6/28/90,1/1/99,Senior Staff
445146,Sumant,Thibadeau,3/9/63,10/19/97,1/1/99,Engineer
445147,Subhash,Mikschl,6/1/63,6/8/87,1/1/99,Senior Engineer
445150,Shaibal,Dehkordi,9/23/64,1/15/97,1/1/99,Staff
445152,Heping,Peac,1/9/65,3/20/85,1/1/99,Senior Staff
445169,Shih,Serna,3/27/63,3/22/85,1/1/99,Engineer
445172,Shigehito,Munck,11/21/64,10/15/97,1/1/99,Engineer
445173,Fei,Hofting,8/5/62,2/18/94,1/1/99,Senior Staff
445184,Susanne,Thebaut,8/8/62,12/13/88,1/1/99,Engineer
445185,Odysseas,Crabtree,1/24/64,2/8/97,1/1/99,Staff
445194,Zsolt,Daescu,7/25/63,1/12/88,1/1/99,Engineer
445213,Heeju,Crelier,3/4/62,8/5/92,1/1/99,Senior Staff
445214,Nalini,Bresenham,9/5/63,12/15/86,1/1/99,Assistant Engineer
445216,Kwangsub,Hitomi,5/19/63,11/18/98,1/1/99,Engineer
445219,Chinho,Falster,8/15/63,7/10/87,1/1/99,Senior Staff
445226,Oscar,Baumann,1/1/65,1/22/87,1/1/99,Senior Engineer
445231,Mary,Litecky,12/11/63,6/5/88,1/1/99,Senior Engineer
445232,Irena,Picci,6/26/64,9/28/94,1/1/99,Engineer
445241,Feipei,Iisaku,7/9/63,4/6/96,1/1/99,Engineer
445243,Lech,Gerlach,3/28/62,6/28/88,1/1/99,Technique Leader
445256,Xiping,Collette,1/21/63,4/4/91,1/1/99,Engineer
445269,Idoia,Frolund,3/24/64,4/20/96,1/1/99,Senior Engineer
445272,Laurentiu,Aseltine,9/22/62,11/10/87,1/1/99,Senior Staff
445275,Ferdinand,Egerstedt,9/22/64,11/17/89,1/1/99,Senior Staff
445278,Khue,Joslin,5/29/64,4/19/96,1/1/99,Senior Staff
445280,Harjit,Emiris,2/25/63,2/11/98,1/1/99,Engineer
445281,Larisa,Shrader,8/13/63,8/6/85,1/1/99,Engineer
445288,Shugo,Liesche,5/18/63,8/27/89,1/1/99,Senior Staff
445289,Nectarios,Hitomi,5/8/62,3/24/87,1/1/99,Staff
445290,Gladys,Esteva,11/28/62,10/18/98,1/1/99,Engineer
445292,Guangming,Glowinski,10/19/64,6/14/86,1/1/99,Senior Engineer
445301,Nahid,Weedon,12/12/63,7/23/95,1/1/99,Senior Staff
445311,Magdalena,Heping,10/21/62,7/23/87,1/1/99,Senior Engineer
445337,Hailing,Fandrianto,1/29/63,5/20/92,1/1/99,Engineer
445342,Amstein,Madeira,9/24/63,3/16/95,1/1/99,Engineer
445344,Krister,Isard,5/4/63,7/3/02,1/1/99,Engineer
445348,Percy,Butner,10/31/64,11/13/87,1/1/99,Technique Leader
445350,Avishai,Theuretzbacher,3/18/64,12/26/95,1/1/99,Senior Staff
445360,Kellie,Panangaden,12/1/62,7/21/99,1/1/99,Engineer
445361,Utpal,Falby,11/10/63,4/7/92,1/1/99,Staff
445374,Chikara,Kruskal,9/8/64,12/16/99,1/1/99,Staff
445378,Munir,Kermarrec,10/31/62,1/2/97,1/1/99,Staff
445382,Bodh,Angel,5/3/63,5/11/85,1/1/99,Engineer
445385,Padma,Kranzdorf,5/27/62,12/5/97,1/1/99,Engineer
445388,Domenick,Nivat,12/31/63,12/15/88,1/1/99,Senior Engineer
445398,Chirstian,Flanders,9/6/62,7/30/87,1/1/99,Senior Engineer
445413,Ute,Melichar,6/14/64,3/28/89,1/1/99,Staff
445415,Berni,Krichel,2/23/63,3/11/99,1/1/99,Staff
445419,Zhenhua,Baba,8/7/62,1/19/00,1/1/99,Engineer
445423,Xianlong,Werthner,3/7/64,5/21/85,1/1/99,Senior Engineer
445426,Pintsang,Flexer,7/27/62,7/31/97,1/1/99,Senior Staff
445428,Subhrajyoti,Selenyi,6/16/64,11/24/89,1/1/99,Senior Engineer
445442,Yoshinari,England,2/23/64,11/5/90,1/1/99,Senior Engineer
445448,Soenke,Munch,12/18/62,9/13/99,1/1/99,Staff
445451,Shir,Bednarek,6/1/63,8/1/86,1/1/99,Senior Staff
445464,Mohua,Condotta,4/22/64,1/13/89,1/1/99,Senior Staff
445465,Sajjan,Ritcey,1/29/64,3/8/95,1/1/99,Senior Engineer
445469,Weiru,Brender,7/30/62,10/16/96,1/1/99,Technique Leader
445470,Gererd,Blokdijk,5/24/62,6/8/89,1/1/99,Engineer
445474,Sadok,Orlowska,10/17/63,8/12/00,1/1/99,Engineer
445475,Terresa,Koshino,6/16/62,10/7/94,1/1/99,Staff
445478,Fayez,Cairo,5/9/62,7/10/95,1/1/99,Staff
445481,Palash,Olivero,8/28/62,3/28/92,1/1/99,Staff
445486,Shunichi,Hemaspaandra,1/1/64,11/4/97,1/1/99,Senior Engineer
445492,Heather,Auria,12/21/62,1/15/00,1/1/99,Engineer
445511,Xinglin,Angelopoulos,3/16/63,2/28/94,1/1/99,Senior Staff
445512,Kinh,Jeong,9/8/64,1/31/97,1/1/99,Engineer
445515,Ger,Hebert,4/22/63,11/8/99,1/1/99,Staff
445516,Aron,Hiraishi,7/19/62,5/16/90,1/1/99,Senior Engineer
445517,Francesca,Hanabata,10/30/63,2/24/87,1/1/99,Engineer
445518,Gadiel,Conde,6/8/63,2/14/85,1/1/99,Engineer
445527,Baruch,Terlouw,9/21/64,11/6/96,1/1/99,Senior Engineer
445541,Jaideep,Suri,12/1/62,10/31/92,1/1/99,Staff
445559,Gonzalo,Bahr,10/29/63,12/8/95,1/1/99,Senior Engineer
445561,Doohun,Hammerschmidt,2/1/63,6/2/92,1/1/99,Senior Staff
445563,Rildo,Erni,12/17/62,10/6/01,1/1/99,Engineer
445567,Odysseas,Nyrup,10/10/62,8/29/99,1/1/99,Senior Engineer
445570,Van,Nations,1/25/65,8/11/86,1/1/99,Technique Leader
445577,Dmitry,Speckmann,6/29/63,12/29/86,1/1/99,Senior Engineer
445584,Paddy,Pokrovskii,3/6/62,12/24/89,1/1/99,Senior Engineer
445601,Dines,Bresenham,12/22/63,8/8/86,1/1/99,Engineer
445607,Zdislav,Morrey,1/30/63,9/5/90,1/1/99,Engineer
445612,Temple,Chartres,8/7/63,7/6/97,1/1/99,Staff
445616,Zhongwei,Garnick,10/15/64,5/26/94,1/1/99,Senior Engineer
445617,Hyuckchul,Kisuki,3/8/64,8/27/93,1/1/99,Senior Staff
445619,Georgi,Eterovic,11/13/62,5/17/94,1/1/99,Staff
445623,Izaskun,Kadhim,5/30/64,9/28/90,1/1/99,Senior Engineer
445627,Peer,Melichar,11/29/64,11/21/91,1/1/99,Staff
445629,Khoa,Olano,10/30/64,5/3/87,1/1/99,Senior Engineer
445631,Shaibal,Eterovic,6/10/62,12/17/98,1/1/99,Staff
445642,Kayoko,Simmen,6/6/64,4/8/91,1/1/99,Senior Staff
445660,Youssef,Koprowski,10/25/64,7/18/88,1/1/99,Senior Engineer
445674,Ioana,Gecsei,9/17/64,9/5/92,1/1/99,Senior Engineer
445680,Aria,Kalloufi,4/24/63,4/29/92,1/1/99,Senior Staff
445691,Radhia,Baumann,7/8/62,6/5/97,1/1/99,Staff
445696,Odysseas,Piancastelli,1/20/63,1/18/92,1/1/99,Senior Staff
445704,Mingsen,Provine,9/23/64,11/20/89,1/1/99,Senior Staff
445709,Ziyad,Rothe,2/20/63,2/29/88,1/1/99,Senior Engineer
445711,Collette,Wilharm,12/7/62,4/15/90,1/1/99,Staff
445723,Gaurav,Roison,1/31/65,7/12/91,1/1/99,Senior Staff
445736,DAIDA,Streng,8/3/64,10/3/93,1/1/99,Engineer
445745,Jinya,Mattern,2/28/63,1/8/00,1/1/99,Senior Staff
445751,Marjo,Gecseg,11/4/62,8/13/90,1/1/99,Technique Leader
445752,Mokhtar,Coombs,11/27/63,10/4/87,1/1/99,Senior Staff
445763,Gio,Gulla,7/11/64,10/4/90,1/1/99,Senior Staff
445776,Palash,Impagliazzo,10/25/64,1/28/92,1/1/99,Senior Staff
445777,Claudi,Angot,4/30/63,12/6/98,1/1/99,Engineer
445782,Kersti,Delaune,5/27/64,5/16/01,1/1/99,Senior Staff
445783,Demos,Businaro,9/28/62,12/21/95,1/1/99,Senior Engineer
445791,Sumali,Koblitz,5/31/62,10/5/86,1/1/99,Engineer
445795,Munehiko,Krupka,10/8/64,3/8/91,1/1/99,Senior Staff
445804,Percy,Mondadori,1/20/64,1/12/86,1/1/99,Assistant Engineer
445805,Shuho,Kermarrec,10/7/62,6/13/94,1/1/99,Engineer
445809,Amstein,Azadmanesh,12/10/63,1/31/93,1/1/99,Senior Engineer
445823,Rafael,Castellani,1/10/62,3/28/88,1/1/99,Engineer
445825,Radhika,Cherinka,6/12/64,8/17/90,1/1/99,Senior Staff
445836,Maren,Roccetti,9/25/63,9/5/98,1/1/99,Engineer
445842,Iara,Raczkowsky,5/9/62,5/4/98,1/1/99,Technique Leader
445845,Kazuhisa,Kaiserswerth,8/16/62,4/11/88,1/1/99,Senior Engineer
445847,Gad,Narwekar,3/19/62,11/30/87,1/1/99,Engineer
445855,Pranas,Reeken,10/21/63,4/2/87,1/1/99,Engineer
445860,Cordelia,Peck,11/19/62,8/2/87,1/1/99,Senior Engineer
445864,Gaurav,Sigstam,3/4/63,1/11/98,1/1/99,Engineer
445881,Irene,Gien,10/10/63,12/11/93,1/1/99,Staff
445882,Vesna,Yurek,4/11/64,10/9/86,1/1/99,Senior Engineer
445912,Yurii,Vecchi,3/12/62,2/5/91,1/1/99,Senior Staff
445920,Nikolaus,Bennet,12/16/63,1/18/00,1/1/99,Staff
445921,Mihalis,Peek,2/3/62,8/18/92,1/1/99,Senior Staff
445941,Masako,Dechter,1/11/65,9/25/85,1/1/99,Technique Leader
445943,Dietrich,Doering,10/11/64,10/16/97,1/1/99,Engineer
445944,Shir,Reeken,11/14/62,11/7/89,1/1/99,Senior Staff
445946,Eben,Capobianchi,1/9/62,1/22/93,1/1/99,Senior Staff
445949,Sudharsan,Perng,11/28/62,11/24/98,1/1/99,Assistant Engineer
445950,Ebru,Valtorta,1/23/65,12/9/92,1/1/99,Senior Engineer
445951,Herbert,Makinen,7/16/63,9/1/98,1/1/99,Engineer
445960,Rosalyn,Schach,8/19/62,2/22/99,1/1/99,Staff
445972,Shuky,Chaudhuri,5/3/62,2/10/94,1/1/99,Senior Engineer
445979,Bernice,Rosiles,2/25/62,2/13/00,1/1/99,Assistant Engineer
445981,Elvia,Escriba,8/26/63,2/5/94,1/1/99,Senior Staff
445982,Mahendra,Driscoll,4/9/63,7/31/91,1/1/99,Senior Staff
445984,Harngdar,Kropp,7/17/62,4/10/87,1/1/99,Senior Engineer
445993,Vatsa,Strooper,9/8/64,7/20/99,1/1/99,Staff
446000,Renee,Ranze,3/14/62,10/30/99,1/1/99,Staff
446012,Zissis,Crooks,4/22/63,5/8/99,1/1/99,Engineer
446014,Vishv,Duclos,2/1/62,4/29/86,1/1/99,Senior Staff
446019,Richara,Zykh,8/6/64,1/21/98,1/1/99,Engineer
446020,Tesuya,Karcich,6/8/64,8/9/85,1/1/99,Senior Engineer
446022,Neven,Takkinen,9/23/62,7/17/99,1/1/99,Staff
446031,Steen,McAlpine,11/26/63,8/29/88,1/1/99,Senior Staff
446039,Nidapan,Samarati,5/13/63,11/13/98,1/1/99,Staff
446041,Vidya,Rodham,3/22/63,6/24/99,1/1/99,Engineer
446049,Bezalel,Beetstra,6/26/64,11/28/96,1/1/99,Technique Leader
446050,Magdalena,Conta,6/30/62,2/3/98,1/1/99,Engineer
446053,Tse,Ramsak,10/27/64,8/22/90,1/1/99,Senior Engineer
446065,Chenyi,Feldmann,11/2/64,3/28/88,1/1/99,Engineer
446074,Sumant,Sudkamp,6/9/62,7/19/90,1/1/99,Staff
446093,Shigeichiro,Angelopoulos,5/1/62,10/26/94,1/1/99,Engineer
446113,Gay,Liedekerke,7/19/64,9/14/97,1/1/99,Engineer
446117,Tiina,Douceur,5/15/64,1/25/97,1/1/99,Engineer
446121,Fay,Cochrane,1/11/65,12/13/99,1/1/99,Staff
446140,Sukumar,Schaar,8/27/64,2/12/93,1/1/99,Engineer
446157,DAIDA,Rusterholz,6/22/63,4/1/89,1/1/99,Assistant Engineer
446164,Mana,Walstra,12/8/62,7/25/88,1/1/99,Engineer
446166,Bedrich,Pero,1/22/63,12/31/86,1/1/99,Staff
446168,Ziva,Tzvieli,6/14/64,1/26/88,1/1/99,Senior Engineer
446176,Aleksander,Lindenbaum,3/18/62,11/23/91,1/1/99,Senior Engineer
446177,Tamiya,Sooriamurthi,8/5/62,3/3/91,1/1/99,Engineer
446180,Gaetan,Ramsak,11/1/63,4/8/99,1/1/99,Senior Engineer
446187,Shooichi,Zeilberger,2/19/62,12/23/88,1/1/99,Technique Leader
446201,Paddy,Zhiwei,11/28/62,5/3/92,1/1/99,Staff
446204,Ennio,Tetzlaff,8/5/62,5/9/86,1/1/99,Senior Engineer
446210,Masoud,Siprelle,7/21/64,1/25/97,1/1/99,Engineer
446214,Aloke,Kirkerud,5/17/64,2/22/88,1/1/99,Senior Staff
446226,Ipke,Whittlesey,10/16/63,1/19/95,1/1/99,Senior Engineer
446232,Mart,Chelton,3/26/62,10/3/89,1/1/99,Staff
446238,Supot,Ponthieu,11/22/64,3/5/90,1/1/99,Staff
446251,Jinya,Felcyn,12/8/62,7/22/85,1/1/99,Engineer
446260,Naftaly,Blokdijk,9/5/64,6/14/91,1/1/99,Engineer
446266,Subhrajyoti,Covnot,2/28/62,7/17/88,1/1/99,Senior Engineer
446267,Xiong,Plavsic,2/6/64,2/16/85,1/1/99,Senior Engineer
446269,Moon,Chaudhuri,11/15/64,8/3/85,1/1/99,Technique Leader
446277,Aloke,Carrera,12/9/62,10/21/88,1/1/99,Senior Staff
446292,Keung,Mandelberg,2/7/62,1/8/88,1/1/99,Staff
446296,Arnd,Berstel,8/2/62,2/10/91,1/1/99,Senior Staff
446300,Guozhong,Lung,10/3/63,10/19/93,1/1/99,Staff
446303,Odoardo,Fiutem,12/14/62,8/16/92,1/1/99,Technique Leader
446306,Hercules,Kabayashi,1/22/65,6/10/91,1/1/99,Senior Engineer
446309,Kellyn,Thambidurai,8/28/64,7/11/90,1/1/99,Senior Staff
446310,Navid,Marrakchi,8/10/63,6/23/86,1/1/99,Senior Engineer
446312,Aram,Kenevan,11/14/63,6/30/98,1/1/99,Assistant Engineer
446329,Surveyors,Stroustrup,2/13/63,3/5/92,1/1/99,Engineer
446330,Christfried,Peek,7/15/64,8/18/99,1/1/99,Engineer
446331,Leaf,Bernatsky,3/30/64,11/14/92,1/1/99,Senior Staff
446332,Guoxiang,Bresenham,5/1/62,10/5/99,1/1/99,Senior Staff
446339,Nevin,Vidal,12/28/63,8/29/96,1/1/99,Staff
446346,Zhenbing,Khasidashvili,2/8/64,6/14/95,1/1/99,Senior Staff
446351,Manibrata,Pileggi,6/14/63,5/24/91,1/1/99,Senior Engineer
446361,Fen,Hofmeyr,5/12/64,1/28/94,1/1/99,Senior Engineer
446363,Shakhar,Ghalwash,12/9/63,7/20/93,1/1/99,Senior Staff
446375,Arunachalam,Kragelund,4/4/63,6/3/88,1/1/99,Staff
446381,Demin,Passafiume,11/21/64,4/28/97,1/1/99,Technique Leader
446383,Zongyan,Mondadori,7/14/63,3/1/91,1/1/99,Staff
446384,Manton,Karunanithi,12/26/63,3/3/88,1/1/99,Staff
446386,JoAnna,Bisiani,8/16/64,4/22/96,1/1/99,Engineer
446390,Teruyuki,Brickell,10/27/62,3/8/91,1/1/99,Staff
446405,Aloke,Strehl,2/5/64,11/19/89,1/1/99,Senior Engineer
446407,Lubomir,Koyama,8/16/64,6/5/90,1/1/99,Engineer
446412,Neelam,Koyama,11/12/64,12/19/98,1/1/99,Engineer
446415,Arnd,Dolinsky,10/22/63,4/22/86,1/1/99,Staff
446422,Krassimir,Kruskal,4/2/64,7/10/89,1/1/99,Technique Leader
446424,DAIDA,Nooteboom,1/16/65,11/24/85,1/1/99,Engineer
446425,Randy,Penttonen,10/23/64,5/10/91,1/1/99,Senior Engineer
446426,Girolamo,Vidal,3/17/64,4/26/95,1/1/99,Engineer
446438,Diederik,Sidje,3/7/64,1/12/93,1/1/99,Senior Staff
446441,Karoline,Pauthner,5/4/63,1/7/99,1/1/99,Engineer
446449,Brigham,Ellozy,2/18/63,8/2/91,1/1/99,Staff
446450,Guadalupe,Calkin,6/19/63,3/10/87,1/1/99,Staff
446457,Abdelghani,Heiserman,9/6/63,1/15/86,1/1/99,Staff
446458,Ebbe,Yoshizawa,9/6/64,11/21/98,1/1/99,Engineer
446462,Billie,Kohling,4/24/64,5/15/88,1/1/99,Staff
446466,Menkae,Norsworthy,3/6/64,1/24/93,1/1/99,Senior Engineer
446467,Jongsuk,Thorensen,7/26/64,2/23/90,1/1/99,Engineer
446470,Xiong,Pardalos,11/27/62,5/5/89,1/1/99,Senior Engineer
446473,Tesuro,Perri,10/27/63,10/15/95,1/1/99,Staff
446475,Lunjin,Alameldin,2/10/64,10/2/99,1/1/99,Staff
446477,Sastry,Kaminger,11/6/64,5/12/97,1/1/99,Senior Staff
446478,Vidya,Awdeh,11/1/62,10/3/92,1/1/99,Engineer
446483,Billur,Geffroy,3/10/63,12/22/88,1/1/99,Senior Engineer
446487,Uriel,Anandan,5/14/63,11/30/88,1/1/99,Senior Staff
446490,Jaewon,Lueh,10/26/62,3/7/86,1/1/99,Senior Staff
446500,Berthier,Nitta,2/28/62,4/27/86,1/1/99,Senior Staff
446507,Lenore,Farrow,6/24/62,2/26/00,1/1/99,Engineer
446513,Leaf,Menhoudj,2/5/62,6/10/90,1/1/99,Senior Staff
446515,Goetz,Baba,8/18/63,12/31/85,1/1/99,Staff
446523,Waiman,Vendrig,2/16/63,8/27/86,1/1/99,Senior Engineer
446541,Djelloul,Brandsma,4/22/62,12/8/95,1/1/99,Staff
446542,Changho,Melichar,10/29/64,5/1/87,1/1/99,Senior Staff
446546,Basem,Akiyama,2/3/63,8/22/87,1/1/99,Senior Staff
446555,Hatim,Erde,4/15/62,8/7/99,1/1/99,Staff
446568,Sanjai,Adachi,3/6/62,4/19/93,1/1/99,Senior Engineer
446573,Fai,Pollacia,6/20/64,7/27/94,1/1/99,Senior Engineer
446580,Arnd,Cairo,3/4/64,2/6/95,1/1/99,Senior Staff
446582,Diederik,Kalsbeek,1/24/64,10/8/95,1/1/99,Staff
446587,Goncalo,Coney,1/27/64,10/11/98,1/1/99,Staff
446590,Djelloul,Hegner,10/10/62,4/26/01,1/1/99,Staff
446591,Shao,Copas,4/17/62,9/13/89,1/1/99,Senior Staff
446596,Shir,Raoux,4/29/64,11/1/91,1/1/99,Staff
446597,Chinho,Back,10/11/63,4/19/91,1/1/99,Engineer
446606,Odysseas,Merey,9/26/62,8/2/92,1/1/99,Senior Staff
446608,Xiaopeng,Birjandi,5/27/64,9/15/93,1/1/99,Engineer
446610,Idoia,Kumaresan,10/24/63,12/19/91,1/1/99,Staff
446614,Ferdinand,Shumilov,5/10/62,10/12/85,1/1/99,Technique Leader
446617,Mads,Papastamatiou,3/3/62,11/8/97,1/1/99,Engineer
446622,Gilbert,Serov,1/24/62,9/29/86,1/1/99,Senior Engineer
446623,Beshir,Angelopoulos,4/12/64,11/29/99,1/1/99,Staff
446643,Yonghong,Chimia,2/21/64,9/4/85,1/1/99,Staff
446644,Toong,Feinberg,11/22/62,6/13/85,1/1/99,Engineer
446653,Jasminko,Brodie,5/14/62,9/4/92,1/1/99,Senior Engineer
446654,Emdad,Radwan,10/20/62,10/20/89,1/1/99,Staff
446666,Macha,Barriga,4/4/64,12/11/86,1/1/99,Engineer
446686,Fumino,Koblitz,11/6/62,5/22/97,1/1/99,Staff
446688,Yuriy,Falby,5/4/62,12/22/85,1/1/99,Senior Staff
446703,Masaru,Benveniste,1/15/64,4/2/90,1/1/99,Staff
446704,Rafael,Ellozy,3/28/62,10/26/86,1/1/99,Senior Engineer
446707,Kensyu,Klassen,4/13/63,10/10/95,1/1/99,Senior Staff
446713,Guiseppe,Breugel,5/27/62,6/24/95,1/1/99,Senior Staff
446714,IEEE,Vigier,3/11/62,1/2/00,1/1/99,Staff
446719,Duro,Collette,10/22/64,7/12/98,1/1/99,Engineer
446721,Petter,Erez,8/13/63,2/19/85,1/1/99,Engineer
446722,Kwok,Siprelle,6/19/63,8/21/99,1/1/99,Staff
446725,Jiakeng,Asmuth,9/23/62,12/4/90,1/1/99,Engineer
446726,Sham,Varley,10/16/62,7/21/92,1/1/99,Senior Staff
446730,Randy,Cappelletti,5/26/64,1/11/90,1/1/99,Senior Staff
446731,Nobuyoshi,Yetto,1/24/63,5/28/98,1/1/99,Senior Engineer
446734,Jayson,Pokrovskii,4/22/62,3/3/96,1/1/99,Staff
446738,Sverrir,Ferriere,4/17/64,2/25/89,1/1/99,Senior Staff
446740,Fayez,Bahr,2/19/63,2/2/92,1/1/99,Senior Staff
446741,Adil,Apsitis,3/25/64,5/13/93,1/1/99,Senior Engineer
446757,Atilio,Siegrist,8/21/62,7/31/92,1/1/99,Staff
446767,Baoqiu,Uludag,3/24/63,10/29/97,1/1/99,Senior Staff
446773,Fusako,Papadias,10/31/64,7/30/91,1/1/99,Engineer
446777,Younwoo,Rabehasaina,3/15/64,4/30/88,1/1/99,Senior Staff
446780,Urs,Luga,9/8/62,3/20/91,1/1/99,Engineer
446786,Pramod,Vanwelkenhuysen,4/26/63,12/4/87,1/1/99,Senior Staff
446793,Ortrud,Cromarty,8/4/62,8/20/86,1/1/99,Senior Engineer
446794,Goo,Duclos,10/10/63,9/14/90,1/1/99,Senior Engineer
446797,Subhash,Kilgore,2/26/64,8/8/93,1/1/99,Assistant Engineer
446810,Aiichiro,Erez,2/7/63,2/20/86,1/1/99,Engineer
446813,Masali,Simkin,12/24/63,2/25/92,1/1/99,Senior Staff
446814,Hironoby,Krohm,10/25/63,2/10/89,1/1/99,Senior Engineer
446818,Jolita,Swen,1/9/64,12/4/93,1/1/99,Staff
446821,Edwin,Neimat,4/28/64,10/6/86,1/1/99,Engineer
446823,Aimee,Litvinov,7/17/63,9/29/90,1/1/99,Senior Engineer
446828,Adib,Streit,1/31/64,3/13/90,1/1/99,Senior Staff
446830,Constantine,Kropp,9/21/64,3/27/96,1/1/99,Senior Engineer
446831,Kwangyoen,Eastman,6/9/63,10/28/98,1/1/99,Senior Staff
446835,Stein,Aloia,11/26/63,4/9/89,1/1/99,Senior Engineer
446840,Premal,Gadepally,6/12/63,6/18/85,1/1/99,Technique Leader
446849,Jenwei,Linnainmaa,4/7/63,8/14/00,1/1/99,Senior Staff
446854,DAIDA,Wiegley,7/23/63,6/23/95,1/1/99,Engineer
446858,Magy,Nivat,5/14/64,1/27/91,1/1/99,Senior Staff
446860,Heping,Kroll,6/20/62,11/22/87,1/1/99,Engineer
446865,Matk,Marchegay,6/14/62,9/10/90,1/1/99,Senior Engineer
446866,Uli,Whitcomb,12/14/64,9/2/93,1/1/99,Engineer
446870,Byong,Sullins,11/11/64,3/20/94,1/1/99,Engineer
446886,Koichi,Muniz,7/21/62,6/5/92,1/1/99,Senior Engineer
446893,Mooi,Koblick,8/28/62,2/14/90,1/1/99,Staff
446897,Takahiro,Dalton,1/22/65,9/30/92,1/1/99,Technique Leader
446900,Monique,Mayerwieser,3/3/62,8/17/90,1/1/99,Senior Staff
446909,Francesca,Krone,11/16/63,1/28/87,1/1/99,Technique Leader
446913,Demin,Cummings,6/20/62,8/28/86,1/1/99,Engineer
446918,Niteen,Unni,3/9/62,8/15/96,1/1/99,Senior Staff
446930,Yinlin,Heuter,12/11/63,9/25/91,1/1/99,Senior Staff
446934,Naraig,Sullins,8/28/64,10/14/88,1/1/99,Senior Staff
446938,Shigehiro,Angot,9/15/62,12/9/98,1/1/99,Engineer
446940,Boutros,Rindone,11/1/62,9/20/97,1/1/99,Staff
446941,Kerryn,Lodder,12/13/62,8/9/91,1/1/99,Senior Staff
446944,Stamatina,Herber,5/21/64,12/30/01,1/1/99,Staff
446949,Marsja,Siegrist,2/12/64,11/7/89,1/1/99,Senior Staff
446951,Udaiprakash,Hofman,4/24/63,8/31/91,1/1/99,Senior Staff
446952,Bernardo,Mundy,7/13/64,8/5/91,1/1/99,Staff
446958,Vidya,Rosaz,11/16/62,7/7/99,1/1/99,Staff
446959,Aram,Passino,1/29/65,1/28/95,1/1/99,Senior Engineer
446963,Bezalel,Aingworth,5/27/64,1/12/95,1/1/99,Senior Staff
446967,Odysseas,Oxenboll,8/1/62,12/3/94,1/1/99,Senior Staff
446970,Arfst,Ramras,12/25/64,11/22/88,1/1/99,Staff
446986,Masato,Farrag,9/14/63,8/12/87,1/1/99,Senior Engineer
446988,Thanasis,Middleton,10/26/64,4/1/88,1/1/99,Senior Engineer
446997,Jenwei,Gimarc,10/17/63,8/18/97,1/1/99,Senior Staff
447002,Ishfaq,Callaway,1/20/62,8/29/95,1/1/99,Staff
447004,Divier,Avouris,7/3/62,11/17/86,1/1/99,Engineer
447013,Yinlin,Eppinger,10/3/64,5/28/87,1/1/99,Senior Staff
447014,Dharmaraja,Peltason,12/12/62,8/23/86,1/1/99,Staff
447018,Dannz,Miara,1/17/65,12/4/92,1/1/99,Engineer
447020,Miquel,Capobianchi,8/6/62,6/15/96,1/1/99,Senior Staff
447028,Sudharsan,Ponthieu,7/1/63,2/16/98,1/1/99,Staff
447029,Gay,Asser,12/7/63,6/29/93,1/1/99,Staff
447036,Cordelia,Vasanthakumar,8/24/63,12/31/98,1/1/99,Senior Staff
447037,Haldon,Guting,6/1/62,12/31/85,1/1/99,Senior Engineer
447038,Lucien,Velardi,2/27/64,8/18/99,1/1/99,Engineer
447046,Volkmar,Fasbender,12/29/64,3/24/87,1/1/99,Senior Engineer
447047,Apostol,Trelles,9/1/62,1/19/90,1/1/99,Staff
447048,Divier,Sundgren,1/8/64,12/20/90,1/1/99,Senior Staff
447051,Kiyomitsu,Antonisse,12/4/63,4/22/98,1/1/99,Assistant Engineer
447053,Moty,Karnin,9/19/64,3/29/98,1/1/99,Engineer
447054,Khatoun,Wynblatt,1/1/64,12/31/86,1/1/99,Engineer
447059,Pohua,Rando,3/21/64,2/13/85,1/1/99,Engineer
447064,Ioana,Merlo,1/10/63,7/15/86,1/1/99,Engineer
447078,Bluma,Schueller,12/11/63,7/11/97,1/1/99,Senior Engineer
447082,Jinxi,Braunschweig,8/10/62,5/15/99,1/1/99,Staff
447088,Hironobu,Zeilberger,7/4/64,9/12/91,1/1/99,Staff
447090,Shunichi,Peres,12/7/62,11/1/86,1/1/99,Senior Staff
447094,Reinhard,Tischendorf,11/20/62,9/24/96,1/1/99,Assistant Engineer
447104,Wanqing,Crabtree,7/8/62,11/7/94,1/1/99,Staff
447105,Guangming,Chorvat,4/25/62,8/18/87,1/1/99,Senior Staff
447109,Gao,Vanwelkenhuysen,1/7/64,6/12/93,1/1/99,Staff
447113,Youpyo,Thorensen,2/18/64,12/22/97,1/1/99,Senior Staff
447118,Lena,Docker,7/16/64,11/19/91,1/1/99,Staff
447119,Supot,Stemann,11/9/62,7/24/99,1/1/99,Engineer
447123,Shugo,Piancastelli,8/3/63,12/12/91,1/1/99,Engineer
447126,Dietrich,Jayawardene,1/7/62,3/31/88,1/1/99,Engineer
447128,Francesca,Kalefeld,4/9/62,4/20/93,1/1/99,Engineer
447133,Aamer,Sifakis,5/3/62,9/18/89,1/1/99,Senior Staff
447135,Gennady,Rouquie,1/31/65,8/24/89,1/1/99,Senior Staff
447136,Ghassan,Sinitsyn,9/18/62,4/24/86,1/1/99,Senior Staff
447139,Froduald,Peres,11/10/63,12/7/98,1/1/99,Engineer
447143,Mooi,Simkin,9/30/63,7/2/96,1/1/99,Senior Engineer
447144,Olivera,Katalagarianos,6/26/62,1/3/00,1/1/99,Engineer
447147,Shuji,Sullins,8/28/63,5/1/93,1/1/99,Senior Engineer
447158,Renee,Percebois,2/18/64,9/15/96,1/1/99,Assistant Engineer
447165,Hatsukazu,Bashian,5/14/62,3/9/92,1/1/99,Senior Engineer
447166,Charlene,Salvesen,4/11/62,1/11/87,1/1/99,Senior Engineer
447167,Tomoyuki,Ranta,3/2/63,7/18/92,1/1/99,Engineer
447178,Val,Sifakis,1/2/63,8/25/94,1/1/99,Senior Staff
447182,Collette,Eugenio,2/11/64,4/8/95,1/1/99,Senior Engineer
447196,Suzette,Antonakopoulos,5/10/62,2/12/94,1/1/99,Engineer
447198,Pramod,Antonakopoulos,6/15/63,7/15/87,1/1/99,Senior Staff
447205,Shao,Pleszkun,12/8/63,11/14/90,1/1/99,Engineer
447208,Rayond,Brizzi,12/27/62,11/5/91,1/1/99,Engineer
447216,Greger,Qiwen,1/6/62,9/15/85,1/1/99,Assistant Engineer
447217,Aloke,Schwabacher,8/31/62,2/2/86,1/1/99,Senior Staff
447225,Arif,Krogh,3/13/64,4/15/93,1/1/99,Senior Staff
447226,Shakhar,Gustavson,12/18/64,11/9/90,1/1/99,Senior Engineer
447231,Hyuckchul,Gihr,9/13/63,3/2/87,1/1/99,Senior Engineer
447232,Aleksander,Schaaf,1/22/65,1/10/00,1/1/99,Senior Staff
447234,Shushma,Setia,3/9/63,3/7/89,1/1/99,Senior Staff
447236,Adhemar,Attimonelli,10/5/64,8/29/99,1/1/99,Staff
447237,Stein,Swiss,3/21/64,7/9/92,1/1/99,Senior Engineer
447243,Xuejun,Dusink,11/6/64,4/24/90,1/1/99,Technique Leader
447247,Huiqun,Bruckman,7/31/63,8/13/85,1/1/99,Senior Staff
447249,Genevieve,Kamber,12/2/63,2/19/99,1/1/99,Engineer
447256,Manohar,Schaap,8/29/64,4/30/93,1/1/99,Senior Staff
447266,Roded,Merks,1/7/64,11/29/85,1/1/99,Senior Engineer
447272,Maris,Albarhamtoshy,1/23/64,8/16/93,1/1/99,Engineer
447285,Malu,Eiter,2/18/64,7/11/97,1/1/99,Engineer
447287,Maris,Borstler,1/30/63,3/7/97,1/1/99,Engineer
447288,Xiaopeng,Litecky,3/30/64,3/20/95,1/1/99,Staff
447295,Waiman,Shihab,5/2/64,11/28/99,1/1/99,Senior Staff
447297,Karlis,Kusakabe,7/4/62,7/5/85,1/1/99,Senior Engineer
447298,Miquel,Kaiserswerth,7/16/64,6/10/97,1/1/99,Engineer
447305,Selwyn,Jeansoulin,1/15/63,6/11/89,1/1/99,Senior Staff
447315,Navin,Krychniak,2/6/62,4/25/98,1/1/99,Staff
447329,Gay,Lung,5/3/62,9/29/98,1/1/99,Assistant Engineer
447334,Kendra,Lamparter,2/12/64,7/18/94,1/1/99,Senior Staff
447338,Dietrich,Famili,12/31/64,8/9/93,1/1/99,Senior Staff
447353,Krisda,Yavatkar,5/24/63,4/25/94,1/1/99,Senior Staff
447356,Vivian,Maraist,1/29/62,5/22/97,1/1/99,Senior Staff
447358,Pranjal,Szemeredi,12/23/64,8/26/97,1/1/99,Senior Engineer
447366,Mamdouh,Majewski,8/26/64,9/27/98,1/1/99,Staff
447368,Ferdinand,Zeilberger,4/24/62,8/28/85,1/1/99,Senior Staff
447374,Uinam,Chaudhury,11/23/64,7/7/02,1/1/99,Engineer
447376,Kirk,Zongker,1/7/65,12/10/99,1/1/99,Staff
447380,Paloma,Lipner,5/11/62,11/20/88,1/1/99,Senior Engineer
447389,Jixiang,Rohrbach,3/20/63,1/4/93,1/1/99,Senior Staff
447394,Shigeichiro,Masada,11/8/64,3/1/87,1/1/99,Engineer
447406,Yunming,Puppo,9/18/62,12/26/88,1/1/99,Senior Engineer
447414,Abdelkader,Rissland,8/21/62,2/9/99,1/1/99,Staff
447421,Yoshinari,Levasseur,3/23/64,12/1/97,1/1/99,Engineer
447427,Jeane,Chepyzhov,3/7/63,12/22/88,1/1/99,Senior Engineer
447441,Sariel,Mahnke,2/1/62,2/23/86,1/1/99,Senior Staff
447457,Hailing,Harllee,5/14/64,2/26/97,1/1/99,Senior Engineer
447461,Venkatesan,Ozery,2/4/63,10/24/99,1/1/99,Senior Staff
447469,Xiaobin,Cappelli,9/30/62,8/26/94,1/1/99,Staff
447472,Abdelghani,Ghazalie,11/13/62,2/11/93,1/1/99,Staff
447479,Venkatesan,Lupu,7/8/62,11/1/93,1/1/99,Staff
447486,Udaiprakash,Ferretti,11/6/62,11/29/98,1/1/99,Engineer
447488,Arnd,Borovoy,3/8/62,9/30/99,1/1/99,Senior Engineer
447494,Mingsen,Gluchowski,7/18/64,10/7/95,1/1/99,Engineer
447499,Hisao,Viele,3/19/62,3/28/93,1/1/99,Staff
447501,Brendon,Dalton,6/4/63,4/28/88,1/1/99,Assistant Engineer
447504,Mandell,Lieblein,12/17/63,7/16/86,1/1/99,Senior Staff
447514,Toney,Mundy,3/9/64,3/11/95,1/1/99,Technique Leader
447522,Youssef,Claffy,3/25/64,12/17/90,1/1/99,Senior Engineer
447523,Taegyun,Schnelling,7/9/62,4/30/98,1/1/99,Engineer
447527,Fumitaka,Waleschkowski,8/21/62,12/22/87,1/1/99,Senior Engineer
447528,Chiranjit,Ratzlaff,10/27/62,11/13/93,1/1/99,Senior Engineer
447531,Anestis,Ferriere,4/27/64,3/23/99,1/1/99,Engineer
447532,Dinkar,Legleitner,11/24/63,4/11/96,1/1/99,Engineer
447535,Arumugam,Furedi,7/19/62,3/13/93,1/1/99,Staff
447538,Lihong,Pero,12/8/64,2/6/94,1/1/99,Engineer
447539,Munir,Plessier,6/23/62,10/22/91,1/1/99,Assistant Engineer
447540,Panayotis,Androutsos,12/27/64,12/16/98,1/1/99,Engineer
447543,Collette,Georgatos,4/27/63,3/19/99,1/1/99,Engineer
447544,Stabislas,Kakkad,1/22/65,2/19/89,1/1/99,Senior Staff
447546,Guenter,Vidal,2/19/62,1/30/00,1/1/99,Senior Engineer
447549,Xumin,Mikschl,9/21/63,12/29/94,1/1/99,Engineer
447555,Gritta,Msuda,6/28/64,9/26/89,1/1/99,Engineer
447561,Constantine,Hedayat,8/15/63,12/2/86,1/1/99,Senior Staff
447572,Berna,Pfau,7/3/63,8/10/95,1/1/99,Senior Engineer
447574,Tayeb,Iisaka,8/11/63,8/12/91,1/1/99,Senior Staff
447577,Yongdong,Schonegge,7/7/64,6/27/94,1/1/99,Engineer
447580,Candida,Litzler,7/24/62,8/7/88,1/1/99,Senior Engineer
447582,Luise,Nyanchama,7/27/62,7/2/98,1/1/99,Senior Engineer
447585,Nathan,Ananiadou,11/1/64,9/20/88,1/1/99,Engineer
447587,Gift,Comellas,11/17/64,12/24/98,1/1/99,Staff
447588,Horward,Ibel,9/8/64,2/10/87,1/1/99,Senior Engineer
447590,JoAnne,Benner,5/8/62,1/3/00,1/1/99,Staff
447595,Izaskun,Camarinopoulos,5/21/63,10/5/98,1/1/99,Technique Leader
447601,Radoslaw,Jahnichen,11/22/63,5/29/00,1/1/99,Engineer
447607,Radhia,Szilard,9/20/62,11/5/92,1/1/99,Senior Engineer
447609,Hugo,Geffroy,11/6/63,1/31/95,1/1/99,Staff
447613,Paris,Restivo,1/15/65,11/21/86,1/1/99,Senior Engineer
447617,Hirochika,Parveen,2/12/63,6/25/96,1/1/99,Engineer
447621,Jaber,Picci,1/8/64,4/26/87,1/1/99,Senior Staff
447627,Percy,Hainaut,4/15/63,12/20/92,1/1/99,Senior Engineer
447636,Apostol,Schnelling,6/17/62,7/27/93,1/1/99,Staff
447641,Fay,Lamma,10/28/63,12/24/87,1/1/99,Staff
447645,Bingning,Millington,4/1/64,11/2/96,1/1/99,Senior Staff
447647,Xiahua,Orlowska,9/28/63,5/12/92,1/1/99,Senior Staff
447653,Mitchel,Lubachevsky,9/21/63,7/17/86,1/1/99,Engineer
447662,Leen,Kornyak,6/23/63,3/24/93,1/1/99,Senior Staff
447673,Roddy,Luef,10/19/62,3/30/99,1/1/99,Staff
447676,Jinya,Hutter,11/14/63,3/29/94,1/1/99,Assistant Engineer
447682,Filipe,Loncour,2/21/63,12/12/95,1/1/99,Engineer
447710,Jolita,Naudin,8/28/63,7/26/98,1/1/99,Engineer
447711,Kristina,Mitina,9/1/62,11/24/88,1/1/99,Senior Staff
447717,Olivera,Porenta,8/16/62,2/25/91,1/1/99,Senior Engineer
447723,Masoud,Sudbeck,2/27/63,2/3/87,1/1/99,Senior Engineer
447730,Barna,Antonakopoulos,12/29/62,6/25/97,1/1/99,Engineer
447732,Kagan,Brookner,3/22/64,9/23/97,1/1/99,Engineer
447733,Jungsoon,Brandsma,5/17/63,12/17/98,1/1/99,Engineer
447736,Subhankar,Peres,1/21/62,12/12/92,1/1/99,Senior Staff
447752,Ramachenga,Chiodo,7/20/62,11/30/94,1/1/99,Staff
447754,Lorien,Krone,7/13/63,10/30/98,1/1/99,Senior Staff
447758,JoAnna,Panwar,5/24/64,4/23/86,1/1/99,Engineer
447761,Mayumi,Swen,6/26/62,12/14/97,1/1/99,Senior Staff
447776,Toney,Maliniak,7/16/63,12/10/85,1/1/99,Senior Staff
447779,Guadalupe,Makrucki,3/19/62,8/18/97,1/1/99,Staff
447781,Arup,Falby,2/24/63,5/21/91,1/1/99,Engineer
447804,Gritta,Lammel,2/27/62,5/1/87,1/1/99,Senior Staff
447813,Fuqing,Rothenberg,4/10/62,12/16/91,1/1/99,Staff
447817,Giap,Pashtan,6/19/62,7/7/85,1/1/99,Staff
447821,Arne,Monkewich,10/12/63,3/8/98,1/1/99,Staff
447827,Danae,Mahmud,7/5/64,11/28/96,1/1/99,Staff
447832,Toney,Gluchowski,4/18/63,2/29/96,1/1/99,Senior Staff
447833,Valter,Zallocco,1/17/64,7/8/87,1/1/99,Senior Engineer
447837,Mechthild,Birge,9/29/62,12/1/96,1/1/99,Senior Staff
447845,Gritta,Kavvadias,7/17/63,9/18/88,1/1/99,Staff
447846,Hitofumi,Ishibashi,6/21/63,7/12/94,1/1/99,Staff
447855,Kazuhito,Kinley,8/12/63,6/15/91,1/1/99,Senior Staff
447863,Falguni,Lichtman,9/1/63,6/27/94,1/1/99,Staff
447866,Khalid,Luby,11/10/64,1/30/99,1/1/99,Senior Engineer
447871,Tesuro,Itzigehl,6/21/64,3/27/85,1/1/99,Senior Staff
447875,Turgut,Plumb,4/26/63,8/1/96,1/1/99,Senior Engineer
447876,Eldridge,Heinisuo,1/9/62,7/19/94,1/1/99,Staff
447877,Make,Heuser,1/13/65,7/2/88,1/1/99,Engineer
447887,Fumiyo,Anily,5/23/62,1/1/87,1/1/99,Senior Engineer
447891,Debatosh,Angelopoulos,6/4/62,1/22/96,1/1/99,Engineer
447894,Ung,Ranze,3/17/64,4/11/85,1/1/99,Engineer
447895,Yechezkel,Farrow,6/30/63,9/3/95,1/1/99,Technique Leader
447896,Yechiam,Kaiserswerth,7/17/62,1/16/98,1/1/99,Staff
447910,Uma,Murtha,3/2/64,9/5/98,1/1/99,Staff
447911,Jayson,Siprelle,12/24/64,10/7/00,1/1/99,Engineer
447915,Shaowei,Hebden,12/28/64,5/29/97,1/1/99,Staff
447917,Mizuhito,Berstel,9/27/64,10/8/88,1/1/99,Staff
447918,Surveyors,Collavizza,11/12/62,4/8/99,1/1/99,Senior Engineer
447920,Elzbieta,Staylopatis,5/17/62,12/18/95,1/1/99,Senior Staff
447923,Kannan,Penz,12/17/64,8/15/93,1/1/99,Assistant Engineer
447931,Martijn,Jeong,1/11/65,12/14/90,1/1/99,Senior Staff
447932,Chinya,Rijckaert,9/22/62,7/19/93,1/1/99,Senior Engineer
447933,Piyush,Giarratana,5/12/62,1/11/87,1/1/99,Assistant Engineer
447934,Junsik,Benner,9/24/63,10/26/97,1/1/99,Staff
447936,Djenana,Shrader,5/12/64,9/18/96,1/1/99,Staff
447937,Jouni,Perry,2/19/64,1/20/88,1/1/99,Technique Leader
447940,Hitomi,Shiratori,9/8/64,7/13/90,1/1/99,Engineer
447942,Rosli,Murtafg,7/21/64,6/14/86,1/1/99,Senior Staff
447945,Marsha,Merel,1/3/63,5/3/94,1/1/99,Technique Leader
447946,Arco,Ligten,7/30/64,2/28/00,1/1/99,Senior Engineer
447961,Taisook,Kornyak,1/22/63,10/25/96,1/1/99,Engineer
447966,Kamakshi,Hebert,1/5/65,1/17/97,1/1/99,Engineer
447970,Beshir,Herath,11/26/64,12/23/96,1/1/99,Staff
447974,Kersti,Woycyznski,9/17/63,1/21/96,1/1/99,Engineer
447982,Shiv,Baezner,1/25/65,12/17/90,1/1/99,Engineer
447983,Shigeo,Kushner,9/12/64,6/19/93,1/1/99,Senior Engineer
447990,Tzu,Lammel,9/21/62,3/14/90,1/1/99,Senior Engineer
447993,Hugh,Coombs,10/9/64,1/7/93,1/1/99,Staff
447999,Shiv,Vilarrasa,1/5/65,8/1/90,1/1/99,Engineer
448002,Munir,Mapelli,5/5/63,8/9/99,1/1/99,Senior Staff
448011,Niteen,Serov,10/4/63,3/21/97,1/1/99,Senior Staff
448013,Navin,Perly,4/27/63,12/17/90,1/1/99,Senior Staff
448015,Dietrich,Jonsson,3/13/62,8/31/95,1/1/99,Technique Leader
448018,Chanjung,Georgatos,9/6/62,11/3/91,1/1/99,Senior Staff
448022,Rildo,Lodder,1/26/62,12/2/86,1/1/99,Senior Staff
448024,Jacopo,Butner,3/2/63,12/17/85,1/1/99,Senior Staff
448032,Masoud,Merey,7/28/62,12/19/97,1/1/99,Staff
448035,Hitofumi,Deyuan,4/14/62,4/30/95,1/1/99,Senior Staff
448041,Fusako,Pettis,8/7/62,8/4/87,1/1/99,Senior Engineer
448042,Shigenori,Lores,11/21/63,1/12/00,1/1/99,Engineer
448048,Roded,Lamba,1/25/64,1/15/93,1/1/99,Staff
448049,Kazuyasu,Backhouse,1/18/63,1/21/91,1/1/99,Senior Staff
448051,Franziska,Rothenberg,12/15/63,5/29/95,1/1/99,Assistant Engineer
448055,Thanasis,Flowers,1/11/62,11/2/90,1/1/99,Engineer
448060,Hilary,Boissier,2/4/63,6/21/85,1/1/99,Technique Leader
448067,Chenxi,Hiltgen,4/7/62,10/26/99,1/1/99,Staff
448075,Koldo,Vigier,9/12/63,10/20/97,1/1/99,Senior Staff
448077,Suvo,Kaelbling,1/18/62,1/29/91,1/1/99,Senior Staff
448084,Nirmal,Chiodo,1/8/62,1/5/87,1/1/99,Senior Staff
448087,Aimee,Claffy,2/27/64,9/21/96,1/1/99,Engineer
448094,Yongmao,Swick,7/8/64,7/15/86,1/1/99,Senior Engineer
448100,Baziley,Foote,12/8/64,3/20/01,1/1/99,Senior Engineer
448111,Stepehn,Pillow,10/24/64,4/25/85,1/1/99,Staff
448113,Rasikan,Bratsberg,11/29/64,6/7/92,1/1/99,Senior Engineer
448120,Rildo,Jervis,10/13/64,3/28/90,1/1/99,Senior Staff
448121,Arco,Vendrig,4/6/64,7/18/89,1/1/99,Staff
448132,Herbert,Chiola,6/18/64,10/19/96,1/1/99,Staff
448134,Barry,Erdmenger,6/1/63,8/24/91,1/1/99,Engineer
448137,Aloys,Vigier,3/26/63,1/19/93,1/1/99,Senior Staff
448139,Lillian,Bain,12/12/62,3/11/96,1/1/99,Senior Staff
448147,Changho,Fargier,5/20/63,10/8/01,1/1/99,Engineer
448151,Guttorm,Narlikar,9/4/64,5/27/92,1/1/99,Senior Engineer
448158,Alassane,Erdi,7/1/64,12/4/98,1/1/99,Staff
448163,Satosi,Bale,2/16/64,5/27/94,1/1/99,Engineer
448164,Mikhail,Reghbati,4/30/63,4/14/98,1/1/99,Staff
448170,JoAnne,Kisuki,12/5/64,10/2/89,1/1/99,Senior Staff
448171,Pranay,Backhouse,12/27/63,8/4/96,1/1/99,Engineer
448177,Adib,Wuwongse,7/20/64,11/8/00,1/1/99,Staff
448181,Aleksandar,Strandh,6/10/63,1/5/87,1/1/99,Senior Engineer
448183,Khue,Middleton,7/25/62,8/20/95,1/1/99,Senior Staff
448185,Uli,Neiman,7/13/62,6/22/95,1/1/99,Engineer
448192,Edwin,Jiang,10/4/62,8/17/99,1/1/99,Engineer
448196,Moie,Rabehasaina,4/4/63,10/16/96,1/1/99,Engineer
448201,Sachar,Pauthner,11/6/64,12/2/97,1/1/99,Engineer
448207,Zhenhua,Hoogerwoord,6/6/63,8/1/01,1/1/99,Staff
448219,Zhilian,Segond,11/4/64,12/4/87,1/1/99,Senior Staff
448221,Juichirou,Theuretzbacher,7/15/64,10/9/89,1/1/99,Senior Engineer
448223,Franziska,Nyrup,6/20/64,7/8/99,1/1/99,Engineer
448228,Ayakannu,Swick,12/24/63,3/28/86,1/1/99,Senior Staff
448229,Parto,Petereit,9/11/64,2/2/85,1/1/99,Engineer
448264,Takanari,Bugrara,12/8/62,2/7/88,1/1/99,Senior Engineer
448266,Bogdan,Bach,2/11/62,5/11/88,1/1/99,Staff
448267,Vasiliy,Swen,9/10/63,7/2/97,1/1/99,Senior Staff
448271,Ranga,Pocchiola,4/14/62,9/30/90,1/1/99,Senior Engineer
448273,Kirk,Mungall,2/5/62,3/25/85,1/1/99,Staff
448274,Dietrich,Lamparter,2/27/64,9/15/87,1/1/99,Senior Engineer
448281,Radhakrishnan,Schieder,6/19/64,4/24/89,1/1/99,Senior Engineer
448284,Zissis,Gente,11/4/64,1/4/87,1/1/99,Technique Leader
448285,Boriana,Laventhal,6/10/63,6/5/91,1/1/99,Senior Engineer
448293,Hongzhu,Stellhorn,7/21/63,3/15/96,1/1/99,Assistant Engineer
448300,Tse,Menhardt,12/13/62,12/4/90,1/1/99,Staff
448304,Otilia,Velardi,3/8/62,4/28/96,1/1/99,Senior Staff
448310,Gadiel,Klerer,2/28/64,5/22/92,1/1/99,Senior Engineer
448316,Wayne,Kitsuregawa,8/22/62,10/30/90,1/1/99,Senior Engineer
448318,Macha,Norsworthy,5/7/63,5/25/94,1/1/99,Senior Engineer
448319,Teiji,Lienhardt,6/28/62,3/26/89,1/1/99,Staff
448332,Abdelkader,Michaels,10/18/62,4/25/02,1/1/99,Senior Staff
448333,Charlene,Sluis,9/19/64,4/20/87,1/1/99,Senior Staff
448335,Jaideep,Brodie,11/19/63,3/5/94,1/1/99,Senior Staff
448336,Remzi,Glowinski,4/16/63,3/25/86,1/1/99,Technique Leader
448346,Martial,Morris,12/20/63,11/9/97,1/1/99,Assistant Engineer
448355,Constantino,Alblas,5/10/62,7/17/86,1/1/99,Senior Engineer
448360,Rosita,Merel,5/4/62,1/13/89,1/1/99,Technique Leader
448370,Boaz,Matheson,5/18/64,1/15/96,1/1/99,Senior Staff
448377,Rosita,Ertl,4/11/63,1/24/00,1/1/99,Technique Leader
448380,Xuejun,Karnin,2/25/64,7/4/99,1/1/99,Staff
448381,Mechthild,Ibel,4/21/64,12/14/87,1/1/99,Senior Staff
448391,Berthier,Kusalik,12/13/62,5/14/88,1/1/99,Senior Staff
448393,Lena,Borovoy,1/22/63,3/26/94,1/1/99,Engineer
448395,IEEE,Berstel,7/19/64,11/14/94,1/1/99,Staff
448415,Lakshmi,Adachi,6/8/63,2/14/98,1/1/99,Senior Engineer
448417,Jaihie,Lodder,1/25/64,1/19/92,1/1/99,Staff
448423,Yonghong,Azumi,4/27/62,8/27/92,1/1/99,Senior Staff
448425,Rosli,Boudaillier,1/19/64,11/24/97,1/1/99,Senior Staff
448447,Anestis,Heuter,6/24/64,5/29/89,1/1/99,Senior Staff
448448,Radhakrishnan,Luan,7/17/62,8/16/97,1/1/99,Senior Engineer
448449,Bojan,Georgatos,8/23/62,5/7/93,1/1/99,Senior Engineer
448461,Gianluca,Babu,6/23/62,2/25/96,1/1/99,Staff
448462,Uno,Gecsei,6/29/64,6/7/90,1/1/99,Senior Engineer
448469,Rosella,McClure,3/18/62,2/6/02,1/1/99,Senior Engineer
448470,Rafols,Kumaresan,11/14/63,9/23/98,1/1/99,Senior Engineer
448473,Hidefumi,Baer,5/3/64,3/9/86,1/1/99,Senior Engineer
448480,Piyawadee,Ruther,10/15/64,2/4/99,1/1/99,Engineer
448494,Jacqueline,Restivo,8/26/62,3/26/94,1/1/99,Senior Engineer
448501,Adib,Munos,10/24/63,3/7/97,1/1/99,Engineer
448502,Duangkaew,Rando,6/7/64,5/14/99,1/1/99,Staff
448513,Shin,Terekhov,2/25/62,3/21/97,1/1/99,Senior Engineer
448523,Ingmar,Lunt,11/27/64,9/4/92,1/1/99,Senior Staff
448531,Raimond,Geffroy,5/12/64,2/19/96,1/1/99,Staff
448537,Nirmal,Marsiglia,4/23/64,4/27/88,1/1/99,Senior Staff
448548,Krisda,Rosay,12/25/64,4/1/88,1/1/99,Senior Staff
448550,Houman,Kalloufi,3/17/64,6/1/91,1/1/99,Senior Staff
448559,Gor,Khalid,5/25/63,1/2/89,1/1/99,Senior Staff
448576,Matk,Bellmore,12/4/63,11/21/96,1/1/99,Senior Staff
448582,Kellie,Dahlbom,6/18/62,9/15/91,1/1/99,Senior Staff
448597,Reuven,Gill,3/12/62,7/28/89,1/1/99,Senior Engineer
448603,Dhritiman,Rissland,5/21/64,12/20/89,1/1/99,Senior Engineer
448609,Ramachenga,Milicic,3/31/63,7/8/99,1/1/99,Staff
448614,Adhemar,Chleq,3/9/62,11/19/93,1/1/99,Senior Engineer
448617,Shigeaki,Pardalos,7/27/62,5/5/99,1/1/99,Staff
448621,Danai,Karunanithi,12/11/64,2/14/86,1/1/99,Senior Staff
448622,Michaela,Hammerschmidt,7/30/63,5/10/85,1/1/99,Engineer
448629,Jaewon,Rosin,10/10/64,8/10/89,1/1/99,Senior Engineer
448631,Arnd,Demke,5/28/62,2/19/86,1/1/99,Senior Engineer
448635,Masoud,Feldmann,9/17/63,11/9/86,1/1/99,Engineer
448642,Manohar,Hanabata,12/7/64,2/17/90,1/1/99,Engineer
448650,Debatosh,Makinen,6/27/63,10/11/85,1/1/99,Staff
448651,Olivera,Pleszkun,12/23/64,5/15/95,1/1/99,Senior Engineer
448653,Renny,Fargier,12/15/62,5/14/86,1/1/99,Staff
448658,Gal,Baba,12/25/64,6/30/01,1/1/99,Senior Engineer
448660,Phillip,Schrift,12/23/64,3/29/90,1/1/99,Senior Engineer
448666,Freyja,Stanfel,2/22/62,12/26/86,1/1/99,Engineer
448669,Janche,Kushner,9/28/63,5/22/85,1/1/99,Staff
448670,Munehiko,Etalle,1/7/62,5/3/85,1/1/99,Senior Staff
448675,Pohua,Zeilberger,10/19/64,6/22/87,1/1/99,Senior Engineer
448679,Goncalo,Landherr,5/4/64,7/7/86,1/1/99,Senior Staff
448683,Stein,Herber,5/19/64,6/4/87,1/1/99,Senior Staff
448685,JiYoung,Feinberg,1/19/62,4/26/93,1/1/99,Senior Staff
448688,Matk,Angot,1/17/64,4/2/91,1/1/99,Senior Staff
448691,Zita,Peng,8/1/62,3/21/85,1/1/99,Senior Engineer
448693,Uriel,Heinisuo,2/8/64,3/18/89,1/1/99,Senior Staff
448695,Deniz,Cunliffe,3/12/63,6/30/87,1/1/99,Engineer
448704,Huican,Navazio,11/18/63,4/27/98,1/1/99,Senior Staff
448715,Jinpo,Luit,2/11/63,10/3/00,1/1/99,Engineer
448716,Lobel,Przulj,11/10/63,12/26/92,1/1/99,Senior Staff
448720,George,Janetzko,6/5/63,11/6/94,1/1/99,Engineer
448724,Siddarth,Ramamoorthy,8/20/64,4/19/85,1/1/99,Senior Staff
448725,Kwok,Beidas,9/29/63,5/29/97,1/1/99,Senior Staff
448728,Gritta,Stanger,11/15/64,12/12/96,1/1/99,Staff
448734,Younwoo,Gronowski,5/8/62,8/14/85,1/1/99,Senior Staff
448740,Lech,Nitsch,10/7/62,3/19/87,1/1/99,Senior Staff
448754,Itzchak,Laventhal,6/15/63,5/17/88,1/1/99,Senior Engineer
448760,Duangkaew,Emmart,10/28/63,3/19/97,1/1/99,Engineer
448769,Mong,Dichev,1/18/65,10/11/97,1/1/99,Technique Leader
448770,Xudong,Zumaque,12/28/62,12/15/92,1/1/99,Senior Staff
448790,Tsz,Glowinski,4/25/63,9/19/98,1/1/99,Assistant Engineer
448806,Francesca,Casley,3/22/62,5/8/99,1/1/99,Engineer
448811,Tokuyasu,Servieres,4/11/64,2/5/96,1/1/99,Assistant Engineer
448812,Zhiwei,Esteva,7/17/63,2/26/88,1/1/99,Senior Staff
448816,Serap,Trelles,3/23/62,3/25/85,1/1/99,Senior Engineer
448819,Pascal,Dengi,7/13/64,9/20/95,1/1/99,Technique Leader
448821,Vitali,Bauknecht,5/6/63,6/28/86,1/1/99,Senior Staff
448840,Gretta,Hinsberger,9/5/64,4/17/95,1/1/99,Senior Engineer
448847,Tadahiro,Rettelbach,7/1/62,2/19/97,1/1/99,Engineer
448849,Tadahiro,Ozery,2/22/63,6/1/02,1/1/99,Senior Staff
448852,Manu,Lagarias,9/7/64,4/9/94,1/1/99,Staff
448854,Ishfaq,Itschner,8/19/63,8/23/85,1/1/99,Senior Engineer
448855,Geraldo,Llado,10/26/64,7/10/93,1/1/99,Senior Staff
448862,Maria,Lupu,5/15/62,7/15/96,1/1/99,Senior Staff
448866,Pranay,Ebeling,6/3/62,10/8/92,1/1/99,Senior Staff
448871,Yuping,Hennings,4/8/62,1/30/96,1/1/99,Assistant Engineer
448880,Khoa,Cullers,3/26/63,3/23/87,1/1/99,Staff
448887,Gad,Merel,1/27/63,1/17/86,1/1/99,Assistant Engineer
448889,Xiaoheng,Murillo,12/12/62,10/14/97,1/1/99,Staff
448900,Mart,Talmor,1/16/65,5/11/99,1/1/99,Staff
448901,Nadjib,Driscoll,8/23/62,3/15/97,1/1/99,Assistant Engineer
448909,Shaw,Roisin,8/28/64,4/25/87,1/1/99,Senior Engineer
448910,Demin,Barvinok,8/24/62,10/10/94,1/1/99,Engineer
448916,Bojan,Swen,9/1/64,7/18/94,1/1/99,Engineer
448917,Phuoc,Ventosa,3/13/63,9/3/99,1/1/99,Engineer
448918,Chiradeep,Arlazarov,1/23/65,10/6/89,1/1/99,Engineer
448924,Khalid,Siochi,2/8/63,2/2/85,1/1/99,Senior Engineer
448945,Giri,Landherr,8/15/64,11/2/95,1/1/99,Engineer
448946,Sedat,Perng,9/30/64,9/24/85,1/1/99,Senior Staff
448948,Basant,Rosar,7/28/62,8/6/98,1/1/99,Senior Staff
448951,Bogdan,Raczkowsky,11/11/62,11/10/98,1/1/99,Engineer
448961,Anwar,Vural,10/30/63,6/12/93,1/1/99,Engineer
448968,Peternela,Swiler,11/21/64,11/21/91,1/1/99,Senior Staff
448970,Rildo,Ghemri,8/10/63,10/31/94,1/1/99,Assistant Engineer
448971,Arve,Bolsens,7/11/63,7/19/86,1/1/99,Senior Staff
448972,Nathalie,Wynblatt,4/2/64,7/4/95,1/1/99,Senior Staff
448976,Aloke,Kobuchi,5/7/62,10/18/94,1/1/99,Assistant Engineer
448977,Taiji,Papastamatiou,9/8/62,7/24/97,1/1/99,Engineer
448980,Surveyors,Jansch,4/13/63,8/22/91,1/1/99,Senior Engineer
448985,Danae,Schiper,7/4/64,9/20/97,1/1/99,Engineer
448988,Arto,Homond,10/24/63,7/5/97,1/1/99,Senior Engineer
448989,Foong,dAstous,11/27/64,5/1/95,1/1/99,Staff
448994,Haldun,Syang,1/12/65,2/11/97,1/1/99,Staff
448995,Danae,Birrer,6/16/64,8/27/97,1/1/99,Senior Engineer
448996,Tooru,Olivero,10/22/62,3/15/96,1/1/99,Engineer
448999,Adil,Giveon,7/2/62,3/14/90,1/1/99,Senior Staff
449000,Aram,Murrill,1/7/62,2/25/89,1/1/99,Senior Engineer
449007,Arunachalam,Simkin,12/10/64,7/28/87,1/1/99,Senior Engineer
449008,Muzhong,Budinsky,8/17/64,2/2/95,1/1/99,Engineer
449017,Roselyn,Kamber,10/16/62,5/23/91,1/1/99,Senior Staff
449030,Adel,Luef,12/4/62,3/11/96,1/1/99,Engineer
449031,Masato,Fasbender,9/4/63,6/14/91,1/1/99,Senior Engineer
449046,Jordanka,Hofmeyr,11/17/63,7/10/87,1/1/99,Engineer
449049,Elvia,Salinas,10/27/64,10/1/87,1/1/99,Technique Leader
449052,Ortrun,Negoita,11/19/62,7/5/90,1/1/99,Engineer
449054,Heeju,Veldwijk,10/8/63,12/6/96,1/1/99,Senior Engineer
449061,Heejo,Speel,6/22/62,1/8/89,1/1/99,Senior Engineer
449072,Berna,Garnham,3/30/64,4/5/91,1/1/99,Assistant Engineer
449074,Mechthild,Trelles,2/21/64,5/25/90,1/1/99,Staff
449084,Kolar,Kandlur,10/25/63,6/25/85,1/1/99,Senior Engineer
449090,Hilari,Picco,8/21/63,4/11/92,1/1/99,Senior Engineer
449092,Henk,Farrow,7/7/64,9/24/85,1/1/99,Technique Leader
449095,Katsuo,Benzmuller,8/19/63,7/26/91,1/1/99,Senior Engineer
449096,Shridhar,Morrow,3/14/64,8/14/91,1/1/99,Staff
449097,King,Ranft,6/25/62,2/12/90,1/1/99,Senior Engineer
449099,Mariusz,Unni,1/26/64,9/8/85,1/1/99,Engineer
449106,Gadiel,Hebert,6/21/62,4/19/93,1/1/99,Engineer
449110,Troy,Shackell,1/22/63,8/16/88,1/1/99,Engineer
449120,Valeri,Deverell,8/12/64,8/23/00,1/1/99,Engineer
449125,Elrique,Buescher,10/4/64,10/18/96,1/1/99,Staff
449128,Trygve,Roohalamini,11/22/64,9/2/98,1/1/99,Engineer
449133,Junsik,Esteva,9/8/64,11/5/96,1/1/99,Staff
449134,Gro,Versino,11/2/63,5/8/97,1/1/99,Senior Engineer
449143,Feipei,Lemarechal,10/7/62,7/4/94,1/1/99,Senior Staff
449147,Zorica,Avouris,12/8/63,3/7/97,1/1/99,Technique Leader
449151,Vincent,Perelgut,6/7/63,4/10/93,1/1/99,Staff
449152,Uriel,Hegner,4/29/63,9/6/90,1/1/99,Senior Staff
449161,Lobel,Grandbois,8/14/62,3/7/98,1/1/99,Engineer
449164,Malu,Onuegbe,6/27/62,8/9/86,1/1/99,Senior Staff
449169,Frederique,Ramsak,12/6/64,12/20/97,1/1/99,Engineer
449174,Yuichiro,Setia,11/19/62,3/6/87,1/1/99,Staff
449189,Jahangir,Bernatsky,1/30/65,9/30/95,1/1/99,Senior Staff
449199,Marlo,Perna,5/16/64,1/15/92,1/1/99,Senior Staff
449200,Toong,Mullainathan,7/3/63,7/30/87,1/1/99,Staff
449201,Kristin,Merks,10/15/62,8/19/93,1/1/99,Senior Engineer
449210,Vidar,Ramras,10/22/62,7/7/85,1/1/99,Technique Leader
449212,Ulises,Eiter,12/31/62,10/5/94,1/1/99,Staff
449214,Gretta,Bade,10/3/62,11/4/98,1/1/99,Senior Staff
449218,Gift,Willoner,8/11/62,6/13/87,1/1/99,Engineer
449225,Percy,Sullins,8/19/62,7/15/98,1/1/99,Engineer
449245,Feixiong,Birjandi,2/26/64,3/7/92,1/1/99,Staff
449247,Tremaine,Renear,2/13/64,11/25/93,1/1/99,Senior Staff
449252,Florina,Speek,3/28/63,8/19/90,1/1/99,Senior Engineer
449254,Luisa,Baig,4/13/63,7/21/86,1/1/99,Senior Engineer
449278,Manibrata,Dalphin,3/8/64,5/3/93,1/1/99,Senior Staff
449280,Denis,Zirintsis,12/28/63,7/13/92,1/1/99,Senior Engineer
449282,Dulce,Bennet,12/21/64,6/17/87,1/1/99,Senior Staff
449286,Randy,Detkin,10/20/63,1/4/91,1/1/99,Senior Engineer
449287,Jianhui,Pena,1/24/62,4/6/93,1/1/99,Senior Engineer
449288,Fabrizio,Gopalakrishnan,2/10/64,6/13/85,1/1/99,Senior Staff
449313,Martina,Riesenhuber,4/1/64,5/27/86,1/1/99,Engineer
449315,Rosli,Roccetti,6/25/64,12/8/93,1/1/99,Senior Staff
449320,Lijia,Baca,8/23/64,4/24/90,1/1/99,Senior Staff
449322,Subbu,Schueller,10/21/64,12/13/90,1/1/99,Senior Staff
449327,Sven,Lindenbaum,6/8/64,6/6/88,1/1/99,Engineer
449337,Tianruo,Broomell,5/2/62,7/8/91,1/1/99,Engineer
449348,Sibyl,Carrera,1/23/64,9/6/98,1/1/99,Technique Leader
449366,Xiaocheng,Haldar,2/2/63,12/23/86,1/1/99,Engineer
449370,Fayez,Botman,4/14/64,10/6/86,1/1/99,Staff
449372,Akeno,Skogmar,8/28/63,4/14/86,1/1/99,Technique Leader
449380,Naftaly,Deville,5/22/63,2/12/92,1/1/99,Senior Staff
449391,Guadalupe,Maierhofer,5/19/64,10/23/96,1/1/99,Engineer
449402,Radhia,Vidal,1/9/64,11/22/93,1/1/99,Senior Staff
449403,Shaowen,Schurmann,11/24/62,10/18/88,1/1/99,Senior Engineer
449406,Theron,Aseltine,1/28/63,7/26/01,1/1/99,Engineer
449408,Atreyi,Atchley,10/17/62,8/29/90,1/1/99,Staff
449412,Moie,Zielinski,2/24/62,5/2/96,1/1/99,Technique Leader
449413,Tsutomu,Androutsos,3/9/64,12/10/96,1/1/99,Engineer
449429,Marc,Makrucki,8/1/64,5/22/99,1/1/99,Staff
449432,Kerryn,Ranon,1/25/62,12/10/89,1/1/99,Senior Staff
449433,Lansing,Bakhtari,4/4/63,8/27/89,1/1/99,Staff
449439,Alejandro,Marchegay,7/8/62,1/9/97,1/1/99,Engineer
449441,Basant,Alpin,7/26/63,11/21/89,1/1/99,Senior Staff
449466,Luisa,Emmerich,4/30/64,9/21/97,1/1/99,Technique Leader
449472,Eran,Erdmenger,1/12/64,6/27/88,1/1/99,Senior Engineer
449482,Jahangir,Suomi,3/27/62,9/6/86,1/1/99,Staff
449483,Chiradeep,Kawashima,8/19/64,1/12/97,1/1/99,Engineer
449488,Apostol,Copas,9/20/64,1/23/99,1/1/99,Engineer
449492,Marlo,Callaway,2/6/62,4/26/91,1/1/99,Assistant Engineer
449497,Vesna,Bruckman,1/3/62,8/3/92,1/1/99,Senior Engineer
449500,Janche,Auria,12/3/62,11/21/95,1/1/99,Engineer
449510,Lucian,Thiran,2/4/63,5/16/92,1/1/99,Senior Engineer
449513,Gro,Lemarechal,4/18/62,6/26/02,1/1/99,Senior Engineer
449523,Navid,Stanger,9/22/62,8/12/92,1/1/99,Engineer
449524,Nikolaus,Demizu,11/13/62,4/5/89,1/1/99,Senior Staff
449529,Uinam,Maraist,9/26/64,10/17/99,1/1/99,Engineer
449535,Duangkaew,Spieker,8/13/63,12/1/91,1/1/99,Technique Leader
449542,Cordelia,Foote,9/26/64,7/6/94,1/1/99,Engineer
449543,Abdelkader,Holburn,5/22/63,7/25/99,1/1/99,Staff
449548,Uli,Suwa,2/29/64,12/1/86,1/1/99,Engineer
449553,Pohua,Msuda,12/14/62,5/14/90,1/1/99,Engineer
449556,Mansur,Terkki,4/14/63,1/6/87,1/1/99,Engineer
449563,Dulce,Siprelle,6/5/63,1/25/91,1/1/99,Senior Staff
449564,Sham,Farris,7/12/63,11/27/95,1/1/99,Senior Staff
449565,Akhilish,Madeira,6/18/63,5/8/95,1/1/99,Senior Staff
449571,Frazer,Berstel,3/2/62,9/1/89,1/1/99,Staff
449573,Dmitri,Vingron,8/29/62,3/2/86,1/1/99,Staff
449575,Mitchel,Biron,6/27/63,12/19/87,1/1/99,Senior Staff
449576,Aleksandar,Coombs,7/13/63,1/12/00,1/1/99,Engineer
449582,Kinh,Lueh,3/19/63,3/30/86,1/1/99,Staff
449594,Guoxiang,Katiyar,12/21/64,6/16/94,1/1/99,Senior Engineer
449595,Kerhong,Griswold,10/6/62,7/15/97,1/1/99,Engineer
449601,Mariangiola,Baezner,5/7/62,3/26/95,1/1/99,Staff
449602,Yuichiro,Kugler,1/12/63,7/7/92,1/1/99,Senior Staff
449608,Jenwei,DuCasse,2/18/62,8/21/99,1/1/99,Senior Staff
449610,Guangming,Zhiwei,12/30/62,6/25/89,1/1/99,Engineer
449612,Basil,Lammel,4/19/63,1/10/87,1/1/99,Senior Engineer
449619,Kaijung,Herbst,9/9/62,8/9/95,1/1/99,Engineer
449623,Aral,Rindone,6/20/63,4/2/85,1/1/99,Senior Engineer
449628,Minghong,Petereit,8/14/62,7/1/93,1/1/99,Senior Engineer
449630,Aamod,Roccetti,4/14/62,6/9/92,1/1/99,Technique Leader
449637,Candida,Isard,3/20/64,6/25/94,1/1/99,Senior Staff
449665,Chenye,Boudaillier,7/31/63,5/2/94,1/1/99,Technique Leader
449666,Stafford,Rajcani,9/15/62,8/9/90,1/1/99,Senior Staff
449673,Persi,Itzigehl,3/4/64,6/22/92,1/1/99,Senior Staff
449677,Caolyn,Ratzlaff,2/21/63,2/13/91,1/1/99,Senior Engineer
449679,Kiyokazu,Falco,8/14/64,2/11/89,1/1/99,Engineer
449687,Alejandra,Restivo,1/14/63,4/15/98,1/1/99,Staff
449688,Krisda,Peres,3/9/64,3/30/86,1/1/99,Senior Engineer
449697,Lansing,Swift,4/14/62,2/25/85,1/1/99,Staff
449698,Mountaz,Conia,11/2/62,10/18/85,1/1/99,Senior Staff
449700,Sanjit,Luca,9/4/64,1/14/95,1/1/99,Senior Engineer
449702,Masamitsu,Randi,8/9/64,7/29/97,1/1/99,Staff
449709,Janche,Gyimothy,11/10/63,9/28/99,1/1/99,Senior Staff
449716,Atreye,Luga,10/3/64,8/25/95,1/1/99,Engineer
449722,Shimshon,Kaltofen,4/14/63,10/16/91,1/1/99,Engineer
449725,Mokhtar,Merks,12/9/63,8/30/97,1/1/99,Staff
449729,Morrie,Aloia,12/16/62,8/19/91,1/1/99,Engineer
449732,Emdad,Ramaiah,12/23/63,8/5/88,1/1/99,Senior Staff
449733,Ulf,Schmiedel,5/13/62,4/28/99,1/1/99,Staff
449738,Genevieve,Cusworth,8/8/62,6/27/87,1/1/99,Engineer
449747,Anyuan,Ramsay,3/31/64,10/21/89,1/1/99,Senior Staff
449748,Ebbe,Schicker,11/28/63,11/2/88,1/1/99,Assistant Engineer
449751,Ravishankar,Gluchowski,5/18/63,12/25/85,1/1/99,Senior Engineer
449752,Srinidhi,Strandh,4/14/63,1/7/86,1/1/99,Senior Staff
449758,Kannan,Nivat,6/8/64,9/18/95,1/1/99,Senior Engineer
449772,Halsur,Mandell,12/13/62,10/27/89,1/1/99,Senior Engineer
449779,Jaques,Berstel,5/4/62,1/25/95,1/1/99,Staff
449806,Shiv,Denny,5/9/63,7/29/93,1/1/99,Senior Engineer
449808,Ult,Rissanen,10/29/64,7/11/00,1/1/99,Assistant Engineer
449811,Ranan,Anger,10/29/62,11/2/89,1/1/99,Senior Engineer
449813,Bodh,Langford,8/15/64,10/17/88,1/1/99,Assistant Engineer
449815,Fumitaka,Quittner,1/27/65,4/20/88,1/1/99,Staff
449823,Naftali,Przulj,7/18/62,3/11/88,1/1/99,Senior Engineer
449825,Pranjal,Schiettecatte,5/28/63,1/24/00,1/1/99,Staff
449826,Chrisa,Pettis,6/2/63,8/16/93,1/1/99,Senior Engineer
449827,Uma,Munoz,11/27/64,2/10/98,1/1/99,Engineer
449844,Mariusz,Chimia,5/6/64,4/17/98,1/1/99,Engineer
449856,Kensei,Ballarin,2/16/63,6/27/99,1/1/99,Engineer
449860,Arun,Scallan,6/8/63,11/15/99,1/1/99,Engineer
449861,Jayson,Cooley,9/27/63,6/9/95,1/1/99,Senior Engineer
449868,Rimli,Luga,12/9/62,10/26/89,1/1/99,Engineer
449870,Kirk,Joslin,6/10/63,9/28/94,1/1/99,Engineer
449878,Lihong,Bernini,8/31/63,7/18/87,1/1/99,Staff
449884,Fan,Mondadori,3/14/63,10/8/01,1/1/99,Senior Engineer
449889,Hinrich,Camurati,7/25/64,10/4/97,1/1/99,Staff
449891,Sven,Kroll,11/5/64,12/31/92,1/1/99,Engineer
449893,Tse,Huhdanpaa,5/29/62,9/30/87,1/1/99,Staff
449896,Lansing,Kenevan,12/28/64,11/18/91,1/1/99,Senior Engineer
449898,Ugo,Nilsson,12/3/64,7/27/97,1/1/99,Staff
449901,Rayond,Pezzoli,3/29/64,11/21/91,1/1/99,Staff
449905,Moni,Basawa,10/24/63,8/16/94,1/1/99,Senior Staff
449911,Howell,Usery,12/31/63,9/13/86,1/1/99,Senior Engineer
449918,Vishu,Marshall,6/5/62,11/29/96,1/1/99,Senior Engineer
449922,Arun,Chandrasekhar,7/28/62,4/15/87,1/1/99,Senior Staff
449925,Shuji,Demke,8/9/62,2/17/92,1/1/99,Engineer
449926,Sushant,Landherr,10/27/64,3/9/96,1/1/99,Assistant Engineer
449930,Taegyun,Hooghiemstra,5/8/64,5/30/90,1/1/99,Senior Staff
449931,Byong,Buescher,3/2/62,10/16/99,1/1/99,Staff
449932,Breannda,Stille,10/28/62,8/12/99,1/1/99,Staff
449943,Shigehiro,Griswold,2/8/62,11/7/94,1/1/99,Technique Leader
449946,Pohua,Braccini,5/19/62,2/2/94,1/1/99,Senior Engineer
449952,Yongdong,Chinal,6/24/64,11/17/92,1/1/99,Senior Engineer
449963,Danny,Ulupinar,7/26/64,4/18/99,1/1/99,Staff
449964,Uno,Masaki,4/19/64,11/1/98,1/1/99,Staff
449967,Reinhard,Pena,7/4/62,2/10/96,1/1/99,Senior Engineer
449975,Susumu,Cesareni,9/12/64,1/19/94,1/1/99,Staff
449977,Remco,Schonegge,2/16/62,8/26/92,1/1/99,Senior Engineer
449980,Karsten,Knightly,3/20/64,3/25/91,1/1/99,Senior Engineer
449983,Arnould,Rouquie,12/21/63,9/25/89,1/1/99,Staff
449984,Hinrich,Perin,2/1/65,11/20/85,1/1/99,Engineer
449986,Nobuyoshi,Cappelli,10/18/62,1/4/92,1/1/99,Senior Engineer
449987,Seongbin,Ariola,7/24/64,3/18/94,1/1/99,Staff
450011,Paloma,Dulli,11/23/63,8/29/98,1/1/99,Staff
450013,Jaber,Tibblin,1/27/62,10/18/91,1/1/99,Staff
450014,Aris,Iivonen,10/9/63,4/16/89,1/1/99,Engineer
450016,Xuejia,Gihr,3/21/62,1/9/92,1/1/99,Senior Engineer
450019,Georg,Rosar,12/28/63,7/31/90,1/1/99,Engineer
450022,Hinrich,Ranka,1/23/62,1/3/99,1/1/99,Engineer
450026,Honglan,Docker,8/12/63,7/19/94,1/1/99,Assistant Engineer
450040,Iara,Falby,3/31/64,6/8/95,1/1/99,Staff
450043,Paddy,Kavvadias,7/18/62,12/14/93,1/1/99,Senior Engineer
450053,Ipke,Bridgland,9/13/63,10/6/90,1/1/99,Staff
450057,Charlene,Setiz,7/7/62,6/20/86,1/1/99,Senior Engineer
450058,Claude,Griswold,3/7/64,12/18/87,1/1/99,Engineer
450068,Danco,Aamodt,12/7/64,1/27/99,1/1/99,Staff
450071,Hitomi,Melter,9/3/63,2/8/85,1/1/99,Engineer
450072,Chinho,Zizka,2/21/63,5/2/91,1/1/99,Senior Staff
450073,Bernardo,Codenie,11/24/62,11/23/97,1/1/99,Engineer
450082,Barton,Kruskal,12/21/63,3/12/97,1/1/99,Senior Staff
450084,Deniz,Segond,10/23/63,9/21/91,1/1/99,Staff
450087,Yahiko,England,10/15/62,2/14/89,1/1/99,Senior Engineer
450091,Kauko,Selvestrel,9/1/64,9/5/85,1/1/99,Staff
450093,Zhonghua,Scharstein,11/14/62,12/11/92,1/1/99,Engineer
450099,Elrique,Kaiserswerth,10/28/63,4/4/95,1/1/99,Senior Staff
450103,Spyrose,Pettit,4/29/63,6/1/92,1/1/99,Senior Staff
450104,Marit,Waleschkowski,7/17/62,12/26/95,1/1/99,Staff
450115,Chinhyun,Hebden,11/4/62,5/7/86,1/1/99,Engineer
450123,Maik,Radhakrishnan,6/24/62,12/31/86,1/1/99,Assistant Engineer
450128,Junsik,Uludag,10/11/63,1/31/02,1/1/99,Assistant Engineer
450134,Zito,Schapiro,11/15/64,7/16/94,1/1/99,Senior Staff
450135,Toong,Harllee,6/21/64,9/17/91,1/1/99,Senior Engineer
450139,Shaunak,Gustavson,11/30/63,1/31/93,1/1/99,Senior Engineer
450140,Hatem,Awdeh,5/5/64,3/9/99,1/1/99,Engineer
450141,Zsolt,Botman,6/21/64,5/14/94,1/1/99,Staff
450142,Jaana,Reutenauer,11/5/63,10/18/87,1/1/99,Staff
450146,Gill,Ducloy,3/31/62,1/27/95,1/1/99,Engineer
450150,Garnik,Spataro,2/10/63,11/3/85,1/1/99,Engineer
450156,Krassimir,Chenney,5/16/62,11/26/86,1/1/99,Technique Leader
450166,Leucio,Luks,2/11/63,5/16/97,1/1/99,Engineer
450167,Boalin,Ranst,4/18/62,4/14/87,1/1/99,Senior Engineer
450171,Mari,Kaiserswerth,4/24/64,9/3/93,1/1/99,Senior Engineer
450172,Munir,Peral,9/13/63,2/9/89,1/1/99,Senior Staff
450175,Anoosh,Babu,4/29/62,10/27/92,1/1/99,Senior Staff
450177,Franziska,Gluchowski,8/21/64,9/29/85,1/1/99,Engineer
450184,Selwyn,Henseler,1/11/65,3/9/93,1/1/99,Senior Engineer
450187,Fai,Brodie,5/23/63,10/7/94,1/1/99,Staff
450200,Vishwani,Mungall,11/13/62,1/31/97,1/1/99,Senior Engineer
450205,Hugo,Serdy,2/15/62,9/11/98,1/1/99,Senior Staff
450211,Tianruo,Brendel,1/31/62,11/14/99,1/1/99,Senior Staff
450212,Fay,Camurati,5/24/62,3/17/89,1/1/99,Engineer
450213,Qiwen,Dolinsky,3/23/62,1/6/87,1/1/99,Staff
450220,Kolar,Poehlman,4/27/63,7/3/86,1/1/99,Staff
450224,Jianhao,Luck,12/16/62,7/19/86,1/1/99,Staff
450226,Moss,Ballarin,8/18/62,1/1/01,1/1/99,Senior Engineer
450233,Chuanyi,Manders,12/2/64,9/17/87,1/1/99,Senior Staff
450234,Xianlong,Alencar,7/21/62,7/5/99,1/1/99,Senior Staff
450236,Bilhanan,Pezzoli,7/7/64,8/20/01,1/1/99,Staff
450245,Genta,Maraist,7/24/62,11/4/94,1/1/99,Staff
450255,Udo,Waymire,1/31/65,6/14/86,1/1/99,Technique Leader
450256,Zeljko,Luga,4/4/63,8/31/92,1/1/99,Staff
450262,Yagil,Lorie,12/22/64,7/16/85,1/1/99,Staff
450263,Manibrata,Pepe,6/19/64,4/18/85,1/1/99,Senior Staff
450266,Freyja,Bugaenko,6/28/62,7/16/98,1/1/99,Engineer
450272,Eldridge,Ruemmler,2/2/64,12/11/96,1/1/99,Staff
450274,Zhiguo,Pews,3/24/64,9/6/01,1/1/99,Staff
450277,Berni,Vesna,5/1/64,1/4/98,1/1/99,Staff
450278,Nevio,Joslin,10/1/64,7/3/91,1/1/99,Senior Staff
450280,Manu,Gente,3/22/63,5/21/98,1/1/99,Staff
450281,Bartek,Chartres,12/5/63,6/23/89,1/1/99,Engineer
450282,Weijing,Buchter,6/3/64,6/18/90,1/1/99,Technique Leader
450286,Vesna,Bratten,10/10/63,4/16/98,1/1/99,Engineer
450290,Arnould,Schwabacher,12/16/62,4/30/89,1/1/99,Engineer
450294,Sanjay,Cairo,4/3/64,7/17/90,1/1/99,Senior Engineer
450300,Arch,Simmen,8/3/63,11/19/91,1/1/99,Engineer
450309,Gill,Orlowska,1/8/65,12/25/86,1/1/99,Technique Leader
450315,Fei,Kinley,5/7/64,2/23/87,1/1/99,Senior Engineer
450317,Miomir,Gecsei,8/26/64,11/9/93,1/1/99,Senior Staff
450331,Peternela,Mondadori,4/30/62,12/20/92,1/1/99,Assistant Engineer
450335,Wayne,Chenoweth,12/16/63,6/11/97,1/1/99,Senior Engineer
450345,Magdalena,Schaft,4/30/63,2/26/95,1/1/99,Staff
450349,Cathie,Schnabel,1/14/63,7/11/95,1/1/99,Senior Engineer
450350,Sachio,Lemarechal,10/12/62,2/19/94,1/1/99,Senior Engineer
450351,Candido,Bernini,9/5/64,1/11/91,1/1/99,Senior Staff
450358,Fabrizio,Picco,7/24/64,2/23/87,1/1/99,Staff
450363,Zita,Gluchowski,5/26/62,4/26/91,1/1/99,Senior Staff
450368,Nitsan,Angot,7/6/64,3/21/86,1/1/99,Senior Staff
450370,Elrique,Usery,10/7/63,11/27/87,1/1/99,Staff
450375,Ulf,Mullainathan,5/1/63,6/13/91,1/1/99,Senior Engineer
450385,Jahangir,Syrzycki,12/9/62,4/5/93,1/1/99,Senior Staff
450388,Serenella,Ramsak,5/10/62,6/3/95,1/1/99,Senior Engineer
450395,Ravishankar,Camarinopoulos,9/5/64,8/20/96,1/1/99,Senior Staff
450396,Subhrajyoti,Hagimont,7/27/63,10/24/85,1/1/99,Engineer
450415,Sarita,Lanphier,2/11/62,12/4/90,1/1/99,Senior Engineer
450434,Kyoichi,Benveniste,11/24/64,5/29/87,1/1/99,Senior Staff
450437,Ewing,Journel,10/2/64,7/11/98,1/1/99,Technique Leader
450440,Peternela,Swift,6/2/64,8/23/86,1/1/99,Staff
450461,Aral,Malinowski,12/25/62,6/2/96,1/1/99,Senior Staff
450462,Rimli,Mattern,7/21/62,5/5/01,1/1/99,Engineer
450471,Jahangir,Pocchiola,1/2/62,8/9/97,1/1/99,Staff
450474,Roddy,Cummings,4/8/63,3/30/97,1/1/99,Engineer
450475,Saeed,Bahl,1/21/65,1/29/91,1/1/99,Senior Staff
450489,Bluma,Codenie,3/7/63,6/18/85,1/1/99,Senior Engineer
450506,Mansur,Oehlmann,12/24/63,8/24/99,1/1/99,Senior Staff
450511,Lokesh,Doering,5/31/62,2/1/91,1/1/99,Senior Engineer
450517,Mayuko,Matzat,11/13/64,12/31/86,1/1/99,Senior Staff
450522,Youpyo,Glinert,4/24/64,2/20/93,1/1/99,Engineer
450540,Hercules,Luby,11/7/62,5/26/86,1/1/99,Engineer
450541,Janalee,Anick,11/14/63,8/31/96,1/1/99,Engineer
450547,Marsal,Heemskerk,7/22/63,12/21/96,1/1/99,Engineer
450554,Tonny,Kalafatis,11/15/64,7/2/98,1/1/99,Senior Staff
450565,Seongbae,Rajala,7/29/64,5/9/98,1/1/99,Engineer
450575,Hiroyasu,Morrey,3/6/63,12/13/87,1/1/99,Engineer
450590,Halsur,Hashii,5/15/62,3/26/85,1/1/99,Staff
450592,Miquel,Brizzi,10/3/63,7/25/92,1/1/99,Senior Staff
450593,Bilhanan,Conde,1/21/63,3/17/91,1/1/99,Staff
450597,Chanjung,Begiun,2/17/62,8/9/91,1/1/99,Senior Engineer
450603,Elrique,Facello,8/6/62,12/9/88,1/1/99,Staff
450604,Shichao,Renear,10/5/62,12/25/92,1/1/99,Senior Engineer
450605,Mikhail,Sommer,2/20/64,8/26/85,1/1/99,Engineer
450607,Fusako,Auyong,8/23/62,7/26/96,1/1/99,Staff
450612,Mats,Ashish,11/9/64,7/2/92,1/1/99,Staff
450616,Kiyotoshi,Pocchiola,1/7/63,4/8/95,1/1/99,Staff
450640,Yonghong,Orlowska,4/22/62,3/15/94,1/1/99,Engineer
450643,Magy,Garnier,6/22/63,9/28/93,1/1/99,Senior Engineer
450648,Shigeichiro,Takanami,7/4/62,8/26/93,1/1/99,Engineer
450654,Kazuhito,Orlowski,3/8/64,8/24/96,1/1/99,Staff
450655,Ipke,Grabner,7/20/63,11/2/94,1/1/99,Senior Engineer
450656,Heping,Androutsos,9/26/64,12/12/87,1/1/99,Senior Staff
450658,Dines,Kakkad,10/27/64,8/25/88,1/1/99,Senior Staff
450659,Goh,Haldar,11/6/63,11/20/97,1/1/99,Engineer
450669,Holgard,Dulin,8/5/63,9/4/98,1/1/99,Staff
450678,Lidong,Pell,1/2/63,12/3/99,1/1/99,Senior Engineer
450686,Shuho,Lorin,8/21/62,12/25/89,1/1/99,Engineer
450694,Dietrich,Raczkowsky,2/20/62,5/31/93,1/1/99,Senior Engineer
450697,Nalini,Hempstead,12/17/63,3/7/95,1/1/99,Staff
450702,Giap,Schneeberger,10/25/62,12/12/98,1/1/99,Staff
450703,Alois,Bahl,12/14/63,4/22/86,1/1/99,Staff
450706,Armond,Heemskerk,6/3/62,4/16/00,1/1/99,Senior Engineer
450718,Stevo,Janocha,10/25/64,10/13/99,1/1/99,Staff
450720,Mihalis,Gadepally,10/19/64,3/17/88,1/1/99,Senior Engineer
450721,Mechthild,Lindqvist,8/28/63,9/2/94,1/1/99,Staff
450730,Volkmar,Bennet,6/10/63,12/14/98,1/1/99,Staff
450731,Ghassan,Rosaz,6/20/64,6/10/89,1/1/99,Senior Engineer
450754,Shan,Spell,6/6/62,2/28/92,1/1/99,Senior Staff
450757,Stafford,Shobatake,11/22/63,4/16/95,1/1/99,Staff
450761,Alagu,Kinley,3/1/62,6/9/97,1/1/99,Assistant Engineer
450762,Zhonghui,Fraisse,9/17/64,12/1/90,1/1/99,Staff
450767,Munehiro,Uchoa,9/3/63,12/17/92,1/1/99,Senior Engineer
450773,Constantine,Syrotiuk,1/29/64,4/23/95,1/1/99,Senior Engineer
450775,Marke,Nooteboom,11/21/64,1/7/90,1/1/99,Technique Leader
450790,Arvin,Pettey,5/5/63,4/5/89,1/1/99,Senior Staff
450792,Satyanarayana,Leuchs,1/16/64,5/31/86,1/1/99,Senior Engineer
450796,Genta,Iisaka,9/3/62,8/3/86,1/1/99,Senior Engineer
450816,Gal,Matzen,10/3/62,6/23/98,1/1/99,Staff
450817,DAIDA,Frolund,1/10/65,7/17/87,1/1/99,Engineer
450819,Ingemar,Sadowsky,2/8/63,1/1/93,1/1/99,Technique Leader
450827,Marl,Lampe,4/10/64,9/16/87,1/1/99,Senior Staff
450830,Yannik,Dahlbom,2/7/63,9/2/85,1/1/99,Senior Staff
450835,Keung,Schurmann,5/9/63,9/24/95,1/1/99,Senior Engineer
450840,Jamaludin,Felder,6/12/62,5/14/97,1/1/99,Engineer
450843,Khalid,Schiper,10/18/62,1/8/86,1/1/99,Senior Staff
450845,Florina,Kavvadias,4/14/64,4/18/88,1/1/99,Engineer
450852,Xiaopeng,Sidou,10/13/62,10/23/97,1/1/99,Senior Engineer
450857,Sanjoy,Crelier,10/29/64,8/17/94,1/1/99,Staff
450862,Ramzi,Bael,4/14/63,12/2/98,1/1/99,Senior Engineer
450871,Sverrir,Winter,8/21/64,11/26/01,1/1/99,Engineer
450875,Shooichi,Falck,1/13/63,12/3/86,1/1/99,Senior Engineer
450876,Yuriy,Hebert,10/18/63,11/24/94,1/1/99,Senior Engineer
450881,Irena,Lieberherr,7/4/63,2/3/92,1/1/99,Engineer
450888,Sedat,Rande,1/3/65,3/25/95,1/1/99,Senior Staff
450890,Uri,Murtha,3/13/64,12/6/94,1/1/99,Staff
450894,Venkatesan,Trystram,3/19/63,8/4/91,1/1/99,Senior Staff
450895,Idoia,Chinin,8/25/63,8/25/94,1/1/99,Senior Engineer
450897,Kwee,Snedden,7/24/64,12/22/93,1/1/99,Senior Engineer
450921,Zhanqiu,Baezner,10/11/62,11/22/88,1/1/99,Senior Staff
450925,Yoshinari,Lung,6/18/64,9/15/00,1/1/99,Engineer
450930,Basem,Werthner,3/6/62,1/9/00,1/1/99,Engineer
450934,Chanjung,Raoux,1/23/65,5/25/92,1/1/99,Engineer
450935,Bodh,Velasco,11/9/62,11/21/01,1/1/99,Senior Engineer
450936,Yuriy,Ponthieu,1/18/65,12/11/91,1/1/99,Staff
450938,Eberhardt,Olivero,1/27/64,1/12/99,1/1/99,Engineer
450941,Munehiro,Baek,10/10/62,11/25/97,1/1/99,Engineer
450942,Mariangiola,Muntz,1/29/64,7/12/87,1/1/99,Engineer
450945,Garnet,Jakobus,10/7/63,3/10/93,1/1/99,Senior Engineer
450947,Sven,Wolniewicz,12/3/63,11/19/90,1/1/99,Engineer
450948,Valeska,Baez,6/17/62,8/24/94,1/1/99,Engineer
450954,Tadanori,Crabtree,11/24/64,10/13/96,1/1/99,Engineer
450956,Kwangyoen,Scallan,5/18/63,7/23/00,1/1/99,Assistant Engineer
450960,Nechama,Zizka,7/2/62,10/21/87,1/1/99,Engineer
450961,Moni,Morrow,10/22/64,7/28/85,1/1/99,Senior Staff
450962,Rimon,Skrikant,8/20/62,9/28/98,1/1/99,Senior Staff
450970,Adamantios,Rouquie,4/5/62,1/12/94,1/1/99,Engineer
450971,Frederique,Stenning,11/8/64,1/1/97,1/1/99,Senior Engineer
450986,Flemming,Kilgour,10/22/63,1/5/93,1/1/99,Technique Leader
450994,Thanasis,Luga,6/11/64,1/3/98,1/1/99,Staff
450999,Supot,Benantar,5/6/64,8/24/96,1/1/99,Engineer
451015,Shaz,Suessmith,5/13/63,7/28/92,1/1/99,Senior Staff
451018,Yakichi,Valette,9/30/63,12/3/89,1/1/99,Senior Engineer
451022,Arlette,Ciolek,4/9/62,3/29/96,1/1/99,Senior Engineer
451034,Duangkaew,Jansch,8/31/63,4/22/93,1/1/99,Staff
451037,Shigeu,Taneja,1/26/62,9/16/90,1/1/99,Senior Staff
451043,Petter,Acton,1/19/62,7/14/89,1/1/99,Senior Engineer
451055,Cristinel,Danlos,5/4/64,7/16/96,1/1/99,Engineer
451061,Sumant,Plessier,3/2/63,5/25/92,1/1/99,Senior Staff
451064,Yannis,Ginneken,1/17/63,11/5/88,1/1/99,Senior Staff
451069,Florina,Desikan,3/21/62,8/5/97,1/1/99,Engineer
451070,Nikolaus,Olano,4/2/62,7/3/97,1/1/99,Engineer
451081,Guoxiang,Heusch,1/14/62,11/29/98,1/1/99,Senior Engineer
451083,Sampalli,Frolund,1/19/62,8/26/97,1/1/99,Engineer
451091,Soenke,Arlazarov,9/26/64,9/30/96,1/1/99,Senior Engineer
451094,Kwee,Fontan,3/18/62,4/22/95,1/1/99,Engineer
451096,LiMin,Portugali,1/28/64,4/15/95,1/1/99,Senior Engineer
451099,Tadahiko,Bouloucos,10/22/62,3/7/91,1/1/99,Senior Engineer
451101,Aksel,Bardell,12/25/63,3/4/96,1/1/99,Senior Engineer
451104,Xuejia,Gecsel,12/3/64,4/24/00,1/1/99,Staff
451108,Mara,Iwayama,12/3/62,3/30/95,1/1/99,Engineer
451112,Aiman,Wendorf,7/26/62,6/7/99,1/1/99,Engineer
451122,Shen,Fortenbacher,8/4/63,8/8/96,1/1/99,Engineer
451123,Mihalis,Lores,8/1/63,7/4/01,1/1/99,Senior Engineer
451124,Lihong,Cairo,10/25/64,7/6/97,1/1/99,Engineer
451132,Kerhong,Knightly,8/27/64,1/18/99,1/1/99,Staff
451133,Moon,Fadgyas,11/6/63,12/30/96,1/1/99,Engineer
451136,Yurii,Mellouli,10/8/64,8/29/87,1/1/99,Senior Engineer
451138,Heejo,Rosar,11/30/62,9/14/96,1/1/99,Engineer
451140,Hongzue,Marzano,4/10/63,2/25/90,1/1/99,Senior Engineer
451141,Malu,Gelosh,6/3/62,6/16/96,1/1/99,Senior Engineer
451156,Mohd,Wissmann,3/1/64,4/22/88,1/1/99,Senior Engineer
451163,Wojceich,Chvatal,8/30/64,12/1/93,1/1/99,Engineer
451167,Mooi,Adachi,8/29/62,4/18/96,1/1/99,Senior Staff
451169,Suvo,Straney,11/6/63,5/13/96,1/1/99,Staff
451170,Udaiprakash,Azadmanesh,4/10/62,11/15/92,1/1/99,Engineer
451175,IEEE,Ratnaker,3/14/62,10/27/96,1/1/99,Senior Staff
451185,Shaw,Akaboshi,5/23/63,1/5/93,1/1/99,Senior Staff
451190,Moon,Miara,5/22/63,6/18/85,1/1/99,Staff
451192,Chikara,Azumi,6/17/63,11/19/92,1/1/99,Senior Engineer
451200,Anwar,Cools,6/12/64,2/5/98,1/1/99,Engineer
451202,Serap,Janocha,5/2/64,9/20/95,1/1/99,Senior Engineer
451206,Mana,Klassen,1/1/63,11/26/94,1/1/99,Senior Staff
451212,Masako,Jeansoulin,5/16/64,11/12/95,1/1/99,Staff
451214,Yechiam,Luders,2/23/63,5/10/97,1/1/99,Engineer
451216,Lihong,Conta,8/20/63,6/22/87,1/1/99,Staff
451223,Parviz,Perko,2/22/63,12/1/88,1/1/99,Engineer
451224,Sadun,Chvatal,6/6/62,3/25/99,1/1/99,Engineer
451231,Armond,Comte,4/6/62,1/10/92,1/1/99,Staff
451249,Djelloul,Makrucki,2/26/64,3/5/89,1/1/99,Senior Staff
451253,Jaihie,Ozeri,1/15/65,6/21/91,1/1/99,Senior Staff
451258,Adamantios,Khamsi,5/18/63,8/17/94,1/1/99,Engineer
451261,Aimee,Iwayama,12/11/64,8/20/95,1/1/99,Staff
451262,Jaideep,Marakhovsky,1/11/62,1/31/86,1/1/99,Senior Engineer
451266,Aluzio,Sadowski,8/13/62,9/12/88,1/1/99,Senior Staff
451268,Fei,Poulakidas,1/17/63,6/7/92,1/1/99,Staff
451272,Jacopo,Krohm,1/2/65,4/24/91,1/1/99,Engineer
451275,Bedrich,Isard,1/25/65,6/7/86,1/1/99,Senior Staff
451276,Yuuichi,Ashish,1/31/63,10/29/97,1/1/99,Staff
451283,Alper,Marwedel,6/17/63,6/12/95,1/1/99,Engineer
451295,Danae,Lorys,4/19/63,6/29/89,1/1/99,Engineer
451296,Shigeu,Beidas,5/14/63,2/22/02,1/1/99,Staff
451303,Constantino,Terekhov,2/17/63,3/24/98,1/1/99,Assistant Engineer
451305,Tooru,Shrader,9/21/64,3/12/91,1/1/99,Senior Engineer
451306,Valter,Rodham,4/9/62,1/12/98,1/1/99,Senior Engineer
451309,Hitofumi,Denti,11/21/62,2/11/95,1/1/99,Staff
451315,Saeko,Shanbhogue,8/2/64,3/3/96,1/1/99,Technique Leader
451326,Pantung,Coorg,6/1/64,6/14/87,1/1/99,Senior Engineer
451329,Seongbae,Broomell,5/25/64,1/26/96,1/1/99,Staff
451332,Hugo,Schwartzburd,4/12/64,12/30/89,1/1/99,Engineer
451333,Radhika,Bonifati,1/15/65,3/11/95,1/1/99,Senior Staff
451335,Mrinalini,Xiaoshan,1/6/63,4/29/99,1/1/99,Staff
451347,Magdalena,Guting,12/31/63,9/24/91,1/1/99,Senior Engineer
451354,Ingemar,Bouloucos,12/19/62,5/8/90,1/1/99,Staff
451359,Kayoko,Nyanchama,11/20/62,11/16/91,1/1/99,Senior Engineer
451363,Serif,Lamma,8/19/63,9/2/97,1/1/99,Staff
451373,Shuichi,Verspoor,11/9/64,11/18/91,1/1/99,Senior Staff
451380,Remzi,Nyanchama,7/16/62,2/22/86,1/1/99,Staff
451382,Bernd,Domenig,4/17/62,10/8/01,1/1/99,Engineer
451384,Mizuhito,Gluchowski,11/24/63,6/3/94,1/1/99,Senior Engineer
451388,Sasan,Muchinsky,1/30/62,5/3/93,1/1/99,Technique Leader
451397,Akhilish,Atchley,1/21/63,11/26/92,1/1/99,Staff
451409,Venkatesan,Kavanagh,11/24/64,9/19/87,1/1/99,Technique Leader
451410,Eirik,Casley,1/6/63,4/14/92,1/1/99,Senior Engineer
451412,Jiong,Litecky,9/8/62,4/18/02,1/1/99,Staff
451414,Anneke,Miake,1/7/63,7/30/99,1/1/99,Senior Engineer
451415,Shigeo,Aingworth,6/10/63,7/8/96,1/1/99,Assistant Engineer
451418,Saddek,Thambidurai,12/15/62,6/21/88,1/1/99,Senior Staff
451427,Turgut,Lorie,2/4/63,6/6/87,1/1/99,Senior Staff
451429,Adel,Bharadwaj,2/23/62,9/28/87,1/1/99,Engineer
451431,Fei,Rebaine,9/9/62,12/7/89,1/1/99,Engineer
451432,Yannis,Fraisse,9/8/62,8/17/92,1/1/99,Senior Engineer
451436,Mingdong,Isaac,11/18/64,8/1/97,1/1/99,Staff
451439,Elvis,Naumovich,8/3/63,11/23/97,1/1/99,Senior Engineer
451440,Yucai,Gulak,1/27/62,2/16/93,1/1/99,Senior Staff
451447,Navin,Oppitz,11/10/64,6/23/98,1/1/99,Assistant Engineer
451453,Gudjon,Tischendorf,8/18/62,11/29/92,1/1/99,Senior Engineer
451457,Sanjay,Fritzsche,5/9/64,10/17/94,1/1/99,Senior Staff
451470,Lubomir,Hertweck,6/30/62,10/11/92,1/1/99,Staff
451472,Hauke,Chenney,5/21/62,11/8/94,1/1/99,Senior Engineer
451474,Sanjiv,Bernardeschi,2/22/63,2/10/98,1/1/99,Engineer
451475,Herb,Constantine,2/24/64,7/5/94,1/1/99,Engineer
451478,Lech,Luca,5/11/63,1/21/86,1/1/99,Engineer
451485,Lunjin,Schaar,8/15/64,2/19/90,1/1/99,Senior Engineer
451491,Tiina,Swick,4/28/63,12/8/85,1/1/99,Senior Staff
451496,DeForest,Kaiser,1/17/63,7/19/85,1/1/99,Senior Engineer
451500,Eldridge,Bardell,3/3/64,1/7/88,1/1/99,Senior Engineer
451502,Toshimitsu,Negoita,12/5/62,3/7/98,1/1/99,Senior Engineer
451505,Kerryn,Levergood,4/1/63,9/27/86,1/1/99,Senior Staff
451513,Tuval,Chenney,8/6/63,12/25/95,1/1/99,Staff
451517,Raimond,Masand,11/8/62,7/30/99,1/1/99,Staff
451522,Constantino,Barbanera,12/20/63,6/12/88,1/1/99,Senior Staff
451525,Satyanarayana,Wilharm,2/13/62,9/26/92,1/1/99,Senior Staff
451532,Yuguang,Rodite,9/9/64,12/29/96,1/1/99,Engineer
451541,Patricia,Tsukune,5/16/62,12/19/98,1/1/99,Staff
451551,Van,Pramanik,4/8/63,2/19/95,1/1/99,Senior Engineer
451552,Slavian,Oaver,3/18/64,3/5/94,1/1/99,Senior Staff
451554,Irene,Srimani,5/28/62,8/10/87,1/1/99,Senior Engineer
451559,Doohun,Cannane,7/3/63,3/29/86,1/1/99,Engineer
451562,Jaques,Underwood,7/13/63,10/27/87,1/1/99,Senior Engineer
451564,Arunas,Pluym,2/7/62,2/20/91,1/1/99,Senior Staff
451566,Khun,Bruckman,2/28/64,3/7/91,1/1/99,Staff
451568,Elvia,Segond,9/6/64,5/23/02,1/1/99,Engineer
451569,Matt,Choobineh,1/10/63,4/4/96,1/1/99,Engineer
451576,Martina,Gente,5/6/64,10/17/95,1/1/99,Senior Engineer
451577,Khue,Sabnani,11/11/63,5/25/94,1/1/99,Engineer
451590,Rasikan,Ghandeharizadeh,5/15/63,11/15/92,1/1/99,Senior Staff
451593,Rosella,Carrera,8/1/62,10/31/91,1/1/99,Senior Staff
451605,Gianluca,Kabayashi,1/31/63,6/20/00,1/1/99,Senior Staff
451608,Ebru,Rikino,8/11/64,9/11/96,1/1/99,Technique Leader
451616,Xiaocheng,Itzigehl,10/22/62,7/21/93,1/1/99,Senior Engineer
451646,Chiradeep,Sullins,9/12/62,10/13/92,1/1/99,Senior Engineer
451648,Katsuyuki,Walstra,12/19/62,4/18/99,1/1/99,Engineer
451649,Danai,Azadmanesh,2/15/62,5/14/97,1/1/99,Senior Staff
451653,Tianruo,Diderrich,10/8/63,2/21/93,1/1/99,Senior Staff
451663,Mingzeng,Butterworth,3/31/62,2/15/86,1/1/99,Senior Engineer
451668,Collette,Osgood,4/2/63,9/15/89,1/1/99,Staff
451669,Rimon,Knightly,8/15/63,11/25/88,1/1/99,Senior Engineer
451671,Ebru,Kulisch,1/21/62,5/17/91,1/1/99,Senior Staff
451677,Teruyuki,Lichtner,10/16/62,9/2/88,1/1/99,Engineer
451681,Mokhtar,Casley,6/8/64,5/22/91,1/1/99,Technique Leader
451686,Hauke,Swick,4/25/64,10/31/96,1/1/99,Senior Staff
451689,Zorica,Sadowski,5/8/64,5/20/92,1/1/99,Engineer
451691,Xiaoqiang,Katzenelson,6/5/62,1/14/93,1/1/99,Senior Staff
451692,Jiang,Montemayor,6/6/64,4/7/00,1/1/99,Staff
451696,Bader,Sinicrope,9/24/63,9/27/87,1/1/99,Senior Staff
451716,Tonia,Cesareni,1/13/64,4/28/87,1/1/99,Engineer
451718,Sorina,Schaaf,3/10/64,10/7/99,1/1/99,Engineer
451724,Lucian,Anandan,11/25/62,2/9/91,1/1/99,Engineer
451731,Alair,Standera,3/4/64,5/7/95,1/1/99,Senior Engineer
451733,Remmert,Brender,2/10/64,3/14/86,1/1/99,Senior Staff
451737,Spyrose,Lieberherr,2/12/62,1/29/95,1/1/99,Senior Engineer
451741,Alair,Aloia,10/14/63,9/8/88,1/1/99,Senior Staff
451742,Shirish,Aingworth,3/2/63,4/2/95,1/1/99,Engineer
451743,Jamaludin,Terkki,9/17/62,6/10/93,1/1/99,Staff
451749,Uinam,Plessier,5/18/63,2/15/94,1/1/99,Senior Engineer
451758,Adhemar,Straney,2/5/62,9/11/89,1/1/99,Staff
451761,Yonghoan,Rajcani,1/6/62,11/30/96,1/1/99,Engineer
451763,Kannan,Kriebel,8/28/64,6/3/91,1/1/99,Assistant Engineer
451779,Leon,Zaccaria,9/12/64,1/2/93,1/1/99,Engineer
451783,Hairong,Zhiwei,3/17/63,12/24/99,1/1/99,Assistant Engineer
451786,Morris,Chorvat,3/5/63,5/6/95,1/1/99,Staff
451787,Phuoc,Gruenwald,5/6/63,1/5/86,1/1/99,Senior Staff
451788,Navin,Pelc,9/22/62,5/21/90,1/1/99,Senior Engineer
451791,Phule,Riesenhuber,1/3/63,5/7/92,1/1/99,Senior Staff
451802,Shih,Furedi,1/4/62,7/18/99,1/1/99,Senior Staff
451805,Xiahua,Bahi,2/25/63,10/8/89,1/1/99,Senior Staff
451812,Bedrich,Paciorek,11/9/64,2/9/91,1/1/99,Senior Staff
451819,Gudjon,Vakili,12/25/64,3/25/97,1/1/99,Senior Engineer
451821,Miquel,Lamba,11/29/62,8/21/91,1/1/99,Senior Staff
451824,Tru,Gulik,5/25/64,1/17/86,1/1/99,Engineer
451832,Leah,Majewski,8/24/62,5/27/88,1/1/99,Senior Engineer
451834,Fox,Pietrzykowski,5/31/64,9/10/96,1/1/99,Engineer
451836,Sudhanshu,Comte,4/2/64,4/13/88,1/1/99,Staff
451837,Shim,Gide,7/10/63,10/21/97,1/1/99,Engineer
451838,Kristof,Gischer,9/2/63,9/2/88,1/1/99,Staff
451840,Marsja,Zallocco,2/21/64,1/8/88,1/1/99,Senior Staff
451841,Yuping,Bisiani,11/14/62,10/9/94,1/1/99,Senior Staff
451845,Kamakshi,Flasterstein,12/18/64,12/11/87,1/1/99,Engineer
451846,Constantijn,Swab,8/13/64,3/9/85,1/1/99,Senior Engineer
451848,Goetz,Thorensen,8/27/64,8/2/85,1/1/99,Engineer
451853,Miyeon,Kuhnemann,1/10/62,12/30/87,1/1/99,Senior Engineer
451864,Toshimori,Lorho,4/18/64,9/22/92,1/1/99,Staff
451871,Behnaam,Grabner,11/22/64,3/3/90,1/1/99,Staff
451873,Sreenivas,Maginnis,2/26/62,7/22/89,1/1/99,Senior Staff
451876,George,Lanteri,1/30/64,5/23/92,1/1/99,Engineer
451883,Shooichi,Rosti,7/8/63,9/9/85,1/1/99,Staff
451887,Miyeon,Vecchio,9/30/63,9/19/97,1/1/99,Staff
451888,Subhada,Simkin,1/10/62,1/13/97,1/1/99,Engineer
451891,Xiaoshan,Danecki,7/10/62,6/1/90,1/1/99,Senior Staff
451899,Mary,Kaiser,7/21/64,3/15/87,1/1/99,Senior Engineer
451903,Kiam,Perelgut,8/9/62,6/11/90,1/1/99,Senior Staff
451909,Boaz,Famili,10/26/62,3/28/94,1/1/99,Engineer
451914,Aloys,Riexinger,7/20/63,6/24/85,1/1/99,Engineer
451916,Arunachalam,Provine,4/3/62,1/13/99,1/1/99,Assistant Engineer
451926,Lokesh,Hofman,3/30/62,10/6/85,1/1/99,Engineer
451927,Youngkon,Peha,10/4/64,8/24/89,1/1/99,Senior Staff
451931,Saddek,Nishimukai,8/16/62,8/3/98,1/1/99,Senior Engineer
451932,Jiafu,Petereit,8/3/64,12/5/89,1/1/99,Engineer
451934,Shaowen,Kusalik,9/20/63,6/27/86,1/1/99,Senior Staff
451936,Hugo,Krohm,4/8/64,5/27/95,1/1/99,Senior Staff
451938,Khedija,Samarati,8/25/63,12/11/85,1/1/99,Senior Staff
451946,Adly,Jervis,1/19/64,11/3/88,1/1/99,Engineer
451950,Takahiro,Kobuchi,10/6/63,10/10/93,1/1/99,Engineer
451956,Toshimori,Furudate,8/12/62,1/12/86,1/1/99,Engineer
451965,Tsz,Ranai,9/23/63,7/1/95,1/1/99,Staff
451968,Chinho,Conia,12/25/63,12/24/94,1/1/99,Senior Engineer
451982,Younwoo,Monarch,2/21/64,2/12/93,1/1/99,Senior Engineer
451984,Xianlong,Bamford,6/3/64,2/15/97,1/1/99,Staff
451988,Amabile,Apsitis,4/11/64,8/2/85,1/1/99,Senior Staff
451990,Rosli,Radhakrishnan,8/17/62,10/25/85,1/1/99,Senior Engineer
451997,Anwar,Halevi,2/27/63,5/16/92,1/1/99,Senior Staff
451998,Parviz,Matzen,7/3/63,4/14/98,1/1/99,Staff
451999,Tadahiko,Worfolk,3/14/64,5/5/95,1/1/99,Engineer
452000,Fuqing,McDermid,11/7/63,6/29/87,1/1/99,Technique Leader
452006,Heng,Bruckman,4/3/62,3/5/98,1/1/99,Engineer
452010,Padma,Nyanchama,5/5/64,5/11/96,1/1/99,Staff
452011,Sukumar,Aloisi,10/7/64,12/2/93,1/1/99,Engineer
452018,Uri,Masada,1/27/62,6/21/86,1/1/99,Senior Engineer
452032,Satoru,Holburn,5/29/62,6/27/85,1/1/99,Technique Leader
452042,Palash,Rosin,1/29/64,7/29/86,1/1/99,Staff
452043,Somnath,Chelton,8/18/63,4/25/98,1/1/99,Engineer
452049,Kersti,DuBourdieux,6/14/64,4/20/97,1/1/99,Staff
452052,Mack,Schapire,10/14/64,3/2/93,1/1/99,Senior Staff
452067,Collette,Jervis,10/17/63,12/19/90,1/1/99,Technique Leader
452072,Marla,Itzfeldt,4/14/64,4/8/98,1/1/99,Engineer
452073,Gino,Kemmerer,8/10/62,7/22/88,1/1/99,Senior Staff
452101,Martina,Casperson,7/17/62,10/12/85,1/1/99,Senior Engineer
452106,Jolita,Undy,6/14/64,9/10/95,1/1/99,Assistant Engineer
452108,Shunichi,Lampe,1/1/62,1/22/98,1/1/99,Engineer
452112,Zito,Rousseau,12/4/62,12/6/90,1/1/99,Technique Leader
452114,Chenyi,Hoppenstand,5/4/63,12/8/94,1/1/99,Staff
452116,Tadanori,Kaelbling,6/20/62,5/31/98,1/1/99,Assistant Engineer
452121,Gina,Montemayor,11/26/63,4/10/90,1/1/99,Assistant Engineer
452122,Henk,Veldwijk,12/4/62,6/26/99,1/1/99,Senior Staff
452123,Georgi,Noriega,12/14/62,1/27/98,1/1/99,Engineer
452129,Fen,Ponthieu,11/20/63,3/2/92,1/1/99,Senior Engineer
452130,Berni,Leuchs,2/16/62,9/4/96,1/1/99,Staff
452132,Sibyl,Falco,6/30/62,2/16/95,1/1/99,Engineer
452136,Khaled,Rabejac,8/3/64,1/5/87,1/1/99,Senior Staff
452137,Subir,Miake,1/15/65,1/9/99,1/1/99,Senior Engineer
452147,Hilari,Talmon,7/1/62,8/20/99,1/1/99,Staff
452150,Sandeepan,Ferretti,12/30/64,4/10/93,1/1/99,Senior Engineer
452167,Aloys,Huxford,6/25/62,2/15/87,1/1/99,Senior Staff
452170,Lalit,Lunt,6/12/62,8/3/90,1/1/99,Engineer
452172,Zorica,Kamber,3/28/63,2/10/99,1/1/99,Staff
452179,Mariusz,Syrotiuk,4/3/64,12/2/90,1/1/99,Senior Engineer
452189,Qiwen,Jansen,1/1/63,1/30/91,1/1/99,Engineer
452198,Niteen,Berendt,11/20/64,10/16/86,1/1/99,Senior Staff
452202,Shuji,Dahlbom,3/30/64,2/18/97,1/1/99,Engineer
452206,Arra,Esposito,1/22/65,11/3/94,1/1/99,Staff
452209,Ekawit,Vandervoorde,6/7/64,7/3/99,1/1/99,Engineer
452226,Kazuhira,Pintelas,6/7/62,9/17/97,1/1/99,Staff
452229,Subhash,Gajiwala,5/4/64,11/21/89,1/1/99,Senior Staff
452237,Shir,Streit,12/29/63,9/9/96,1/1/99,Engineer
452238,Remko,Falby,8/26/64,12/9/96,1/1/99,Senior Engineer
452243,Christ,Rotem,9/16/63,8/23/97,1/1/99,Staff
452247,Takushi,Fordan,1/30/63,5/8/98,1/1/99,Assistant Engineer
452258,Hirochika,Menyhert,5/26/64,12/21/85,1/1/99,Staff
452259,Rafael,Vecchio,12/8/64,10/8/89,1/1/99,Engineer
452262,Sreenivas,Lamba,3/30/62,8/5/97,1/1/99,Engineer
452266,Xiong,Rotem,4/10/63,11/6/89,1/1/99,Staff
452271,Tua,Lakshmanan,11/4/63,9/25/95,1/1/99,Staff
452272,Freyja,Kroon,2/6/62,9/28/90,1/1/99,Senior Engineer
452273,Mohit,Snyers,5/17/64,1/23/94,1/1/99,Senior Engineer
452284,Anneli,Barreiro,1/21/64,1/4/87,1/1/99,Senior Staff
452291,Mohan,Matzov,6/13/64,4/2/87,1/1/99,Engineer
452298,Nahum,Marchegay,10/5/63,6/21/95,1/1/99,Staff
452313,Chriss,Ballarin,9/26/64,7/7/88,1/1/99,Engineer
452320,Jaewon,Matzen,4/11/64,2/1/87,1/1/99,Staff
452322,Rosella,Ouhyoung,2/7/62,9/1/86,1/1/99,Staff
452325,Taiji,Berstel,1/14/65,12/2/96,1/1/99,Senior Engineer
452331,Halsur,Ghelli,1/11/64,6/28/87,1/1/99,Senior Engineer
452334,Doowon,Soicher,10/21/64,5/28/02,1/1/99,Senior Staff
452339,Shimshon,Ouhyoung,3/28/63,5/15/94,1/1/99,Staff
452340,Odinaldo,Erev,10/7/64,5/24/86,1/1/99,Senior Staff
452341,Mack,Radivojevic,7/3/63,12/29/94,1/1/99,Assistant Engineer
452347,Shigeichiro,Brattka,1/7/65,7/13/96,1/1/99,Staff
452349,Foong,Schmittgen,12/8/64,8/20/85,1/1/99,Engineer
452358,Changho,Mapelli,1/28/63,8/31/86,1/1/99,Senior Engineer
452360,Adil,Luck,11/3/64,8/8/92,1/1/99,Engineer
452361,Bikash,Liesche,4/7/62,9/15/94,1/1/99,Senior Staff
452363,Shahid,Yamaashi,11/1/64,4/13/94,1/1/99,Engineer
452365,Fei,Gadepally,1/5/65,11/13/88,1/1/99,Engineer
452371,Xiaoqiu,Rissland,9/1/62,11/16/91,1/1/99,Technique Leader
452376,Tamiya,Stemann,7/4/63,5/7/91,1/1/99,Staff
452380,Masasuke,Plumb,11/24/62,12/15/85,1/1/99,Engineer
452387,Menkae,Karcich,1/10/63,6/21/97,1/1/99,Engineer
452390,Unal,Masada,1/31/63,3/2/00,1/1/99,Senior Engineer
452395,Shridhar,Lenart,12/13/63,9/8/87,1/1/99,Senior Engineer
452397,Shugo,Gruenwald,7/4/64,5/28/96,1/1/99,Senior Engineer
452404,Jingling,Sabnani,6/12/64,4/3/99,1/1/99,Senior Engineer
452415,Rasikan,Standera,12/13/62,5/21/92,1/1/99,Senior Engineer
452420,Mrinalini,Ossenbruggen,12/9/64,4/27/01,1/1/99,Senior Engineer
452428,Paddy,Chenoweth,3/29/64,11/9/98,1/1/99,Engineer
452434,Sanjiv,Deverell,10/13/64,3/15/98,1/1/99,Engineer
452439,Moni,Fiebach,5/18/62,9/25/91,1/1/99,Senior Engineer
452442,Siddarth,Bahl,2/27/62,5/23/96,1/1/99,Staff
452463,Emran,Langford,10/20/64,11/16/99,1/1/99,Senior Staff
452465,Christoper,Menhoudj,6/11/64,4/26/94,1/1/99,Staff
452466,Gianluca,Chinen,11/20/63,5/22/99,1/1/99,Staff
452473,Masanao,Journel,12/22/63,9/1/87,1/1/99,Staff
452475,Margareta,Pepe,4/10/62,5/3/94,1/1/99,Engineer
452477,Zhonghua,Nergos,4/22/62,10/29/00,1/1/99,Engineer
452483,Yongdong,Daescu,10/17/63,7/25/94,1/1/99,Senior Engineer
452485,Gita,Shrader,6/2/62,4/18/90,1/1/99,Senior Engineer
452490,Chikara,Highland,9/14/64,1/22/95,1/1/99,Engineer
452494,Fumiko,Rodier,8/25/64,9/27/94,1/1/99,Senior Staff
452497,Rasikan,Backhouse,6/18/64,8/31/87,1/1/99,Engineer
452500,Rosine,Erez,8/27/64,11/3/85,1/1/99,Staff
452509,Subhada,Miake,1/3/63,3/14/85,1/1/99,Engineer
452515,Luisa,Rissanen,2/6/62,4/10/93,1/1/99,Senior Engineer
452516,Arif,Figueira,10/16/64,9/14/92,1/1/99,Engineer
452518,Danny,Tagansky,8/5/63,6/9/89,1/1/99,Engineer
452522,Fumiyo,Ertl,11/1/63,11/14/98,1/1/99,Senior Engineer
452528,Christophe,Brobst,1/8/64,9/30/95,1/1/99,Technique Leader
452542,Garnet,Ginesta,10/10/64,2/24/94,1/1/99,Senior Staff
452546,Toshimi,Naumovich,8/29/64,4/12/97,1/1/99,Staff
452547,Gift,Rathonyi,4/30/63,4/8/89,1/1/99,Staff
452558,Becky,Nitsch,12/29/63,12/23/98,1/1/99,Engineer
452561,Baoqiu,Kroll,10/24/62,7/6/90,1/1/99,Staff
452567,Shirish,Quittner,12/15/64,12/31/93,1/1/99,Senior Engineer
452571,Yonghoan,Standera,2/15/62,10/31/86,1/1/99,Senior Engineer
452578,Hercules,Gini,11/15/64,10/12/98,1/1/99,Engineer
452580,Bernd,Paciorek,7/9/64,6/27/88,1/1/99,Senior Staff
452581,Rafael,Suermann,10/9/63,5/9/90,1/1/99,Senior Staff
452592,Oscar,Renear,12/31/63,5/4/91,1/1/99,Engineer
452596,Poornachandra,Frezza,8/30/62,11/22/97,1/1/99,Senior Staff
452598,Sumant,Lampe,5/10/62,10/17/95,1/1/99,Staff
452602,Kamakshi,Kohling,5/29/62,2/10/97,1/1/99,Senior Engineer
452603,Renee,Speek,5/29/63,1/22/96,1/1/99,Engineer
452614,Shaibal,Mondadori,1/22/63,10/28/98,1/1/99,Engineer
452625,Jaroslava,Tetzlaff,9/19/64,8/12/92,1/1/99,Engineer
452637,Ewing,Vesel,8/22/64,7/27/92,1/1/99,Senior Engineer
452640,Chrisa,Kornyak,11/28/62,7/1/94,1/1/99,Engineer
452643,Adit,Kemmerer,3/15/63,3/31/95,1/1/99,Senior Staff
452644,Moie,Budinsky,2/19/62,7/6/85,1/1/99,Senior Staff
452662,Hein,Neimat,5/24/63,1/29/88,1/1/99,Senior Staff
452668,Lech,Pappas,11/22/63,10/5/95,1/1/99,Staff
452672,Vishv,Kawashima,12/20/63,11/3/90,1/1/99,Engineer
452673,Garnik,Brookman,5/27/63,3/4/93,1/1/99,Senior Staff
452676,Gino,Sherertz,6/19/64,11/11/91,1/1/99,Staff
452683,Maia,Hutter,9/5/62,10/30/88,1/1/99,Senior Staff
452701,Lubomir,Varker,5/28/62,9/6/97,1/1/99,Engineer
452704,Erez,Gluchowski,5/25/64,1/19/91,1/1/99,Engineer
452708,Zhigen,Azulay,12/12/64,9/23/99,1/1/99,Engineer
452716,Serif,Zeidenstein,3/19/64,2/11/94,1/1/99,Senior Staff
452722,Ger,Streit,1/7/62,11/11/86,1/1/99,Staff
452728,Fumitaka,Murtha,6/4/63,2/3/96,1/1/99,Engineer
452732,Randi,Koprowski,11/4/62,10/19/93,1/1/99,Senior Engineer
452733,Sadegh,Babb,1/8/64,10/16/87,1/1/99,Senior Staff
452735,Sanjoy,Felder,7/30/63,8/8/99,1/1/99,Staff
452737,Elliott,Comellas,4/9/64,12/28/95,1/1/99,Staff
452738,Nidapan,Zykh,5/8/64,2/3/96,1/1/99,Staff
452746,Akhilish,Hardjono,1/29/64,9/1/95,1/1/99,Assistant Engineer
452755,Hauke,Sevcikova,11/23/64,1/18/89,1/1/99,Senior Staff
452756,Oksana,Marletta,1/28/62,4/2/94,1/1/99,Senior Staff
452757,Gaetan,Aamodt,6/26/63,1/1/00,1/1/99,Staff
452762,Marco,Picco,1/11/64,5/15/93,1/1/99,Senior Staff
452766,Guadalupe,Hanratty,6/26/62,6/10/97,1/1/99,Staff
452772,Roddy,Cannane,2/19/62,10/7/95,1/1/99,Staff
452775,Sastry,Ossenbruggen,3/26/64,4/18/99,1/1/99,Senior Engineer
452782,Shigeu,Baaz,9/27/62,7/28/91,1/1/99,Senior Engineer
452794,Xumin,Orlowska,1/3/64,9/22/98,1/1/99,Engineer
452803,Ramalingam,Highland,11/7/63,3/29/96,1/1/99,Senior Engineer
452819,Kazuhide,Glowinski,2/17/64,8/1/93,1/1/99,Senior Engineer
452820,Rance,Nishimukai,7/31/64,5/26/86,1/1/99,Technique Leader
452822,Gilbert,Hempstead,7/26/64,10/4/94,1/1/99,Staff
452825,Guozhong,Morrow,2/19/64,5/9/97,1/1/99,Staff
452827,Kwan,Itzigehl,2/25/62,9/1/97,1/1/99,Engineer
452831,Vivian,Cooman,2/25/63,9/29/99,1/1/99,Engineer
452832,Valter,Koprowski,8/17/62,1/22/87,1/1/99,Engineer
452843,Owen,Kalsbeek,11/9/63,7/7/86,1/1/99,Senior Engineer
452844,Sungwon,Nitta,12/3/64,7/21/01,1/1/99,Staff
452847,Jenwei,Basart,9/26/63,12/16/98,1/1/99,Staff
452853,Arve,Suomi,11/27/64,10/18/94,1/1/99,Senior Engineer
452854,Ortrun,Swick,8/6/64,1/12/86,1/1/99,Senior Staff
452864,Gianluca,Salvesen,9/4/64,11/25/94,1/1/99,Assistant Engineer
452866,Martien,Chinen,9/3/62,3/25/96,1/1/99,Senior Engineer
452867,Bouchung,Kushnir,1/3/63,10/2/90,1/1/99,Senior Staff
452871,Muneo,Itzigehl,11/3/64,3/24/86,1/1/99,Senior Engineer
452893,Duro,Casperson,9/1/64,1/21/98,1/1/99,Senior Staff
452894,Baocai,Schach,12/30/64,8/10/85,1/1/99,Staff
452897,Yishai,Byoun,5/16/64,1/5/87,1/1/99,Engineer
452899,Chenxi,Zastre,4/27/64,11/7/88,1/1/99,Engineer
452900,Sajjan,Edelhoff,6/25/62,5/15/95,1/1/99,Senior Engineer
452905,Debaprosad,Wursthorn,11/28/62,9/20/87,1/1/99,Engineer
452907,Taegyun,Viele,6/15/63,12/21/95,1/1/99,Senior Engineer
452910,Lena,Rouquie,5/17/64,8/26/86,1/1/99,Senior Staff
452915,Goa,Kowalchuk,10/17/62,4/12/87,1/1/99,Engineer
452916,Rosalyn,Shinomoto,12/16/64,1/24/00,1/1/99,Senior Staff
452922,Chanjung,Kusakari,7/25/64,6/19/91,1/1/99,Senior Staff
452924,Genta,Matzen,2/4/63,10/1/92,1/1/99,Engineer
452929,Yinlin,Ebeling,9/7/62,5/29/97,1/1/99,Engineer
452942,Radoslaw,Trogemann,10/8/63,4/5/93,1/1/99,Senior Engineer
452943,Fuqing,Vickson,8/11/62,11/12/85,1/1/99,Staff
452946,Takahira,Tsukuda,1/11/62,9/8/85,1/1/99,Senior Engineer
452950,Deniz,Peot,6/25/64,12/27/87,1/1/99,Senior Staff
452956,Gou,Thombley,1/17/65,11/7/90,1/1/99,Senior Engineer
452957,Alair,Nanard,1/3/65,2/10/96,1/1/99,Staff
452963,Cathie,Broder,4/13/62,7/9/92,1/1/99,Senior Engineer
452969,Owen,Bail,2/28/64,12/8/85,1/1/99,Senior Engineer
452979,Vincent,Talmon,7/4/64,11/21/91,1/1/99,Senior Engineer
452982,Lobel,Aloia,1/29/65,12/29/94,1/1/99,Senior Staff
452984,Arup,Brendel,3/1/64,11/26/91,1/1/99,Senior Staff
452999,Youssef,Versino,1/7/63,7/6/94,1/1/99,Senior Engineer
453002,Chirstian,Sooriamurthi,7/1/64,8/30/91,1/1/99,Technique Leader
453008,Shem,Lowrie,9/16/62,11/17/95,1/1/99,Staff
453012,Yuichiro,Angelopoulos,6/4/64,7/17/87,1/1/99,Engineer
453015,Cordelia,Pesch,12/12/62,10/22/96,1/1/99,Senior Staff
453016,Marjo,Schach,10/21/64,7/11/01,1/1/99,Assistant Engineer
453020,Marsja,Androutsos,8/24/64,4/3/91,1/1/99,Senior Staff
453022,Geoff,Brlek,1/4/63,11/18/99,1/1/99,Staff
453029,Salvador,Teitelbaum,3/13/63,11/8/90,1/1/99,Senior Staff
453030,Shahaf,Peris,3/27/63,11/14/99,1/1/99,Engineer
453031,Sandeepan,Ritcey,5/1/64,7/15/95,1/1/99,Senior Staff
453036,Geoffrey,Murthy,7/13/63,5/6/85,1/1/99,Senior Staff
453037,Jinxi,Bashian,7/14/64,8/15/89,1/1/99,Engineer
453038,Boutros,Schwartzbauer,6/2/63,2/25/90,1/1/99,Senior Staff
453044,Xiaopeng,Tsunoo,3/19/64,8/30/92,1/1/99,Senior Engineer
453045,Christophe,Karcich,10/7/62,1/20/02,1/1/99,Engineer
453048,Shakhar,Murrill,10/23/64,2/12/94,1/1/99,Engineer
453051,Oddvar,Lorin,1/18/64,1/29/96,1/1/99,Staff
453053,Janche,Morrey,4/16/64,10/29/87,1/1/99,Senior Engineer
453061,Jackson,Bael,7/16/64,6/17/91,1/1/99,Senior Staff
453065,Bingning,Peck,6/8/62,11/4/97,1/1/99,Engineer
453070,Aran,Rosenbaum,1/6/65,4/25/91,1/1/99,Staff
453078,Jiafu,Alameldin,12/26/64,12/14/92,1/1/99,Senior Staff
453083,Aamer,Linares,7/29/63,11/25/91,1/1/99,Engineer
453089,Manohar,Ressouche,12/21/64,10/29/97,1/1/99,Staff
453094,Anneli,DasSarma,12/10/63,4/6/92,1/1/99,Staff
453096,Cullen,Tramer,2/4/62,5/22/01,1/1/99,Senior Staff
453098,Tommaso,Ranze,11/22/62,7/25/97,1/1/99,Senior Engineer
453123,Theirry,Pelc,2/12/63,6/29/86,1/1/99,Technique Leader
453125,Anoosh,Bhattacharjee,1/25/64,7/1/97,1/1/99,Senior Engineer
453130,Mori,Bakhtari,10/6/62,12/4/93,1/1/99,Engineer
453134,Kendra,Wynblatt,10/11/64,9/10/97,1/1/99,Engineer
453136,Emran,Schahn,2/6/63,1/3/94,1/1/99,Senior Staff
453154,Gao,Lally,1/3/65,3/1/96,1/1/99,Staff
453163,Lorien,Rosti,9/12/64,2/12/88,1/1/99,Senior Staff
453164,Oscar,Perin,7/29/64,1/23/94,1/1/99,Staff
453187,Tetsushi,Staylopatis,7/26/62,2/3/85,1/1/99,Senior Staff
453192,Mayumi,Peres,5/1/63,11/7/95,1/1/99,Engineer
453194,Martien,Ozery,3/31/64,12/16/99,1/1/99,Staff
453196,Yoshinari,Gelosh,10/4/62,3/29/96,1/1/99,Senior Staff
453198,Uta,Siksek,8/11/63,7/18/98,1/1/99,Staff
453200,Khun,Yurov,6/23/64,10/3/00,1/1/99,Assistant Engineer
453209,Gonzalo,Orsini,10/14/62,2/13/99,1/1/99,Senior Engineer
453227,Frazer,Gilg,3/16/62,12/15/98,1/1/99,Senior Engineer
453229,Guadalupe,Fioravanti,11/26/62,2/11/95,1/1/99,Senior Staff
453234,Dannz,Georgatos,8/14/64,11/2/85,1/1/99,Staff
453236,Jeane,Sudbeck,9/20/64,11/7/86,1/1/99,Senior Staff
453239,Ugo,Cromarty,7/3/64,6/11/92,1/1/99,Senior Staff
453264,Shigeichiro,Cappelli,5/5/63,10/27/98,1/1/99,Staff
453267,Pragnesh,Wilharm,1/1/63,4/13/87,1/1/99,Engineer
453269,Laurentiu,Krupka,12/14/63,3/23/87,1/1/99,Senior Engineer
453271,Mayuri,Haldar,2/20/62,9/29/99,1/1/99,Senior Staff
453280,Snehasis,Emmart,3/10/62,1/20/96,1/1/99,Senior Engineer
453287,Leen,Ouhyoung,8/23/62,8/19/90,1/1/99,Senior Engineer
453293,Mohan,Akiyama,6/24/62,5/12/89,1/1/99,Engineer
453297,Piyush,Domenig,5/8/62,4/20/91,1/1/99,Senior Staff
453306,Etsuo,Vecchio,6/15/63,12/25/85,1/1/99,Senior Staff
453307,Faiza,Edelhoff,9/27/62,5/13/92,1/1/99,Senior Staff
453311,Jianhua,Shrader,12/31/62,8/22/89,1/1/99,Engineer
453313,Navin,Dulay,11/27/63,12/12/98,1/1/99,Senior Engineer
453315,Conor,Nyanchama,12/19/64,6/30/93,1/1/99,Senior Staff
453320,Torsten,Spieker,10/14/63,9/29/96,1/1/99,Senior Engineer
453323,Limsoon,Farrar,9/27/64,5/29/86,1/1/99,Senior Engineer
453324,Mayuko,Morrow,5/10/63,9/9/99,1/1/99,Staff
453336,Lubomir,Rissland,5/7/63,12/26/85,1/1/99,Senior Engineer
453340,Marin,Talmor,2/24/62,2/3/98,1/1/99,Engineer
453341,Hugo,Griswold,8/23/63,9/28/90,1/1/99,Staff
453348,Feiyu,Schaap,8/5/63,6/11/86,1/1/99,Senior Staff
453351,Ulf,Stanger,6/24/64,11/8/99,1/1/99,Engineer
453356,Martina,Schmittgen,7/5/62,5/8/92,1/1/99,Engineer
453357,Nobuyoshi,Ruemmler,4/5/64,5/19/95,1/1/99,Staff
453362,Yucel,Parascandalo,8/21/64,3/6/93,1/1/99,Senior Staff
453365,Takushi,Casley,4/1/62,6/27/97,1/1/99,Staff
453371,Hideyuki,Hellwagner,7/2/63,4/21/96,1/1/99,Staff
453374,Mang,Iwayama,5/8/63,11/22/89,1/1/99,Senior Staff
453377,Kaijung,Yetim,4/15/64,12/19/86,1/1/99,Engineer
453382,Yinlin,Sundgren,7/29/62,7/3/89,1/1/99,Engineer
453383,Dines,McAlpine,10/24/63,8/28/98,1/1/99,Senior Engineer
453386,Roded,Nollmann,1/25/62,10/13/90,1/1/99,Senior Engineer
453387,Ioana,Hiltgen,6/18/63,4/15/86,1/1/99,Senior Engineer
453397,Randy,Passino,8/29/62,1/28/89,1/1/99,Staff
453399,Lillian,Tsunoo,3/4/62,6/4/92,1/1/99,Engineer
453402,Fumiyo,Karner,7/21/62,8/29/96,1/1/99,Staff
453411,Xiadong,Massonet,10/31/64,11/1/85,1/1/99,Staff
453419,Leni,Garnham,2/16/63,7/26/96,1/1/99,Engineer
453423,Mori,Rajcani,3/22/64,10/7/99,1/1/99,Engineer
453424,Lenore,Papadias,8/10/64,9/16/95,1/1/99,Staff
453427,Hercules,Zedlitz,8/18/64,1/11/94,1/1/99,Engineer
453434,Sashi,Delaune,12/26/64,3/13/91,1/1/99,Senior Staff
453436,Arie,Denna,2/17/63,2/20/95,1/1/99,Technique Leader
453440,Mrinalini,Nyanchama,10/25/62,12/27/97,1/1/99,Senior Staff
453446,Gurbir,Flasterstein,4/29/63,8/24/95,1/1/99,Senior Engineer
453447,Shaowei,Munawer,4/13/64,11/1/88,1/1/99,Senior Staff
453449,Eric,Fioravanti,2/13/63,12/8/95,1/1/99,Senior Staff
453461,Guangming,Aloia,4/30/64,2/20/95,1/1/99,Engineer
453468,Emdad,Norsworthy,1/9/64,12/11/97,1/1/99,Senior Staff
453475,Aamod,Gladwell,12/17/63,11/22/93,1/1/99,Senior Staff
453490,Sibyl,Erez,7/25/64,6/28/96,1/1/99,Engineer
453494,Gian,Yemenis,8/15/63,1/4/99,1/1/99,Engineer
453495,Toshiki,Luca,5/27/64,12/16/92,1/1/99,Staff
453497,Manibrata,Lipner,6/14/62,8/4/91,1/1/99,Senior Staff
453498,Wilmer,Janetzko,4/2/63,5/21/95,1/1/99,Engineer
453500,Arfst,Demos,6/18/64,5/13/91,1/1/99,Senior Staff
453505,Ramalingam,Schwabacher,3/24/63,9/1/99,1/1/99,Staff
453521,Pradeep,Ritzmann,4/17/62,7/31/94,1/1/99,Senior Staff
453522,Edwin,Cairo,10/28/63,5/1/89,1/1/99,Senior Staff
453525,Along,Genin,10/30/62,6/29/96,1/1/99,Senior Staff
453528,Mabry,Peris,11/25/63,1/9/98,1/1/99,Staff
453530,Hatim,Baar,6/2/62,10/24/86,1/1/99,Senior Engineer
453532,Billie,Speer,9/20/63,3/3/85,1/1/99,Senior Staff
453539,Val,Kroon,10/1/64,4/1/99,1/1/99,Engineer
453544,Berhard,Zirintsis,9/25/62,7/3/99,1/1/99,Staff
453546,Adas,Erdi,11/20/64,1/17/91,1/1/99,Technique Leader
453548,Herbert,Yavatkar,5/6/64,1/2/98,1/1/99,Staff
453550,Jordanka,Riexinger,5/2/64,9/6/97,1/1/99,Senior Staff
453570,Pragnesh,Schapire,5/19/63,4/11/86,1/1/99,Senior Engineer
453576,Khosrow,Schnabel,10/14/64,7/28/86,1/1/99,Engineer
453580,Greger,Levergood,4/4/63,1/24/02,1/1/99,Engineer
453588,Muzhong,Atchley,2/8/62,12/9/98,1/1/99,Engineer
453599,Visit,Badache,7/19/64,11/24/85,1/1/99,Engineer
453605,Val,Constantine,1/28/64,11/23/94,1/1/99,Senior Staff
453610,Pascal,Kossowski,9/20/64,8/23/91,1/1/99,Engineer
453613,Yagil,Luit,8/8/64,3/15/99,1/1/99,Staff
453618,Saddek,Adachi,1/29/62,1/2/97,1/1/99,Technique Leader
453627,Rimli,Simmel,5/9/64,6/5/90,1/1/99,Senior Engineer
453632,Mohit,Ushiama,6/24/64,5/9/86,1/1/99,Senior Staff
453642,Divier,Cooman,2/14/63,3/15/93,1/1/99,Senior Staff
453644,Berni,Takkinen,1/7/65,6/8/92,1/1/99,Senior Staff
453646,Sedat,Denny,3/23/62,2/8/87,1/1/99,Engineer
453657,Kayoko,Lukaszewicz,1/24/64,9/2/01,1/1/99,Senior Engineer
453663,Atreyi,Georgakopoulos,7/20/62,10/9/88,1/1/99,Staff
453679,Hilari,Matzen,9/26/63,10/11/93,1/1/99,Senior Engineer
453688,Chinya,Leslie,1/24/65,10/28/95,1/1/99,Engineer
453694,Houman,Lagarias,2/23/62,11/23/88,1/1/99,Senior Staff
453702,Anestis,DeMori,2/7/64,10/6/97,1/1/99,Senior Engineer
453703,Youngkon,Staylopatis,8/4/62,6/21/98,1/1/99,Senior Engineer
453720,Barun,Krogh,9/19/62,7/14/97,1/1/99,Technique Leader
453723,Arne,Kohling,1/15/65,12/13/85,1/1/99,Engineer
453733,Marko,Avouris,6/4/64,1/25/95,1/1/99,Engineer
453737,Ronghao,Pintelas,12/26/62,4/1/85,1/1/99,Senior Engineer
453739,Yucai,Pouyioutas,12/22/62,4/1/96,1/1/99,Staff
453743,Abdulla,Marrevee,1/8/64,6/12/87,1/1/99,Staff
453745,Adil,Beerel,4/14/64,11/20/87,1/1/99,Senior Engineer
453750,Mircea,Bellmore,10/2/62,1/25/95,1/1/99,Senior Staff
453751,Ekawit,Pearson,9/23/62,8/28/85,1/1/99,Senior Staff
453753,Masako,Cherinka,6/29/62,5/17/94,1/1/99,Staff
453755,Ingemar,Emmart,3/10/63,6/6/86,1/1/99,Staff
453757,Surveyors,Seiwald,7/12/62,6/26/92,1/1/99,Senior Staff
453758,Tayeb,Skrikant,5/6/62,9/9/96,1/1/99,Senior Staff
453760,Ewing,Rajala,1/13/65,6/21/96,1/1/99,Senior Staff
453761,Paddy,Yoshizawa,7/15/64,5/31/97,1/1/99,Engineer
453769,Stella,Besselaar,10/30/63,4/19/85,1/1/99,Staff
453770,Chaitali,Anandan,10/18/63,1/5/93,1/1/99,Engineer
453771,Aimee,Belinskaya,2/2/62,7/16/90,1/1/99,Staff
453773,Huiqun,Schauser,4/13/62,9/25/99,1/1/99,Engineer
453782,Arunas,Seghrouchni,12/31/62,4/12/85,1/1/99,Senior Staff
453783,Aleksander,Karcich,5/20/64,7/7/93,1/1/99,Senior Engineer
453790,Fai,Keirsey,1/11/65,10/12/94,1/1/99,Engineer
453819,Gay,Demos,4/24/62,4/1/95,1/1/99,Senior Engineer
453820,Masami,Merkl,8/18/62,8/19/99,1/1/99,Engineer
453826,Shaunak,Bail,10/11/63,9/15/98,1/1/99,Staff
453830,Geoff,DasSarma,7/27/64,8/8/97,1/1/99,Staff
453836,Jayesh,Bresenham,3/15/63,6/12/87,1/1/99,Assistant Engineer
453841,Mani,Ellozy,2/19/62,5/18/88,1/1/99,Senior Staff
453843,Gina,Gerteisen,3/23/63,7/12/91,1/1/99,Senior Staff
453850,Anestis,Stille,7/9/63,5/13/99,1/1/99,Technique Leader
453853,Danel,Schauser,12/3/63,2/15/02,1/1/99,Engineer
453855,Yuichiro,Stentiford,1/17/62,2/28/96,1/1/99,Senior Staff
453858,Tzu,Vernadat,3/28/64,12/28/96,1/1/99,Senior Engineer
453859,Cedric,Gips,7/6/62,7/16/91,1/1/99,Engineer
453862,Ayonca,Katiyar,11/16/62,2/6/96,1/1/99,Engineer
453865,Aria,Aloisi,3/9/63,4/17/99,1/1/99,Engineer
453868,Thodoros,Marshall,8/18/63,9/10/87,1/1/99,Senior Staff
453885,Tran,Gammage,2/20/64,6/19/94,1/1/99,Staff
453907,Doohun,Peac,6/23/63,1/24/96,1/1/99,Assistant Engineer
453909,Takanari,Swist,12/15/62,10/15/86,1/1/99,Engineer
453913,Stein,Perng,1/23/65,4/29/93,1/1/99,Senior Staff
453919,Shaw,Fendler,3/5/64,7/28/98,1/1/99,Staff
453925,Kauko,Schapire,4/15/63,3/5/85,1/1/99,Senior Staff
453930,Sachem,Ramsey,2/25/64,5/6/95,1/1/99,Staff
453933,Perry,Encarnacion,10/18/62,12/14/87,1/1/99,Technique Leader
453934,Steve,Janocha,7/23/63,6/10/88,1/1/99,Senior Engineer
453936,Aiichiro,Ashish,1/20/64,2/6/88,1/1/99,Senior Engineer
453940,Georgy,Gulak,12/19/64,7/6/87,1/1/99,Senior Engineer
453942,Yonghong,Fadgyas,2/8/63,7/14/98,1/1/99,Senior Staff
453948,Mechthild,Vieth,6/18/63,4/22/86,1/1/99,Senior Engineer
453958,Shridhar,Veevers,7/11/62,1/28/96,1/1/99,Technique Leader
453961,Yahiko,Dusink,8/9/62,7/12/85,1/1/99,Senior Engineer
453964,Poornachandra,Molberg,2/12/63,10/2/88,1/1/99,Technique Leader
453965,Naftali,Kalsbeek,10/27/64,2/20/98,1/1/99,Engineer
453973,Mohamadou,Couchot,1/12/64,7/12/96,1/1/99,Senior Engineer
453977,Feipei,Kossowski,10/18/63,10/9/00,1/1/99,Staff
453984,Roselyn,Fasbender,12/13/63,2/4/95,1/1/99,Technique Leader
453988,Achilleas,Akaboshi,9/4/63,12/16/95,1/1/99,Senior Engineer
453991,Hongzhu,Kropf,2/15/63,1/26/93,1/1/99,Staff
453992,Barna,Fioravanti,2/7/64,3/13/90,1/1/99,Engineer
453995,Giordano,Cappelli,7/12/63,1/18/00,1/1/99,Staff
453997,Mana,Neimat,4/6/64,3/17/97,1/1/99,Senior Engineer
453999,Yinlin,Bernini,7/5/63,2/3/97,1/1/99,Senior Staff
454001,Danny,Kieras,8/28/63,9/7/85,1/1/99,Staff
454007,Jiakeng,Marrevee,3/7/63,1/22/92,1/1/99,Senior Staff
454008,Uzi,Ranta,10/23/62,12/4/99,1/1/99,Staff
454011,Krassimir,Rikino,12/15/63,12/10/96,1/1/99,Technique Leader
454015,Leon,Luft,4/26/62,4/2/95,1/1/99,Staff
454017,Premsyl,Kranzdorf,1/29/62,6/19/92,1/1/99,Senior Staff
454021,Ymte,Baja,3/26/64,7/23/92,1/1/99,Senior Engineer
454024,Shen,Cromarty,1/18/62,1/12/99,1/1/99,Technique Leader
454030,Gift,Servieres,10/19/62,10/11/89,1/1/99,Senior Staff
454036,Leif,Leijenhorst,10/31/63,3/10/89,1/1/99,Senior Staff
454040,Sangeeta,Redmiles,8/13/64,12/22/91,1/1/99,Senior Engineer
454043,Kitty,Gronowski,2/29/64,4/14/92,1/1/99,Engineer
454045,Inderjeet,Foote,2/9/64,5/23/95,1/1/99,Staff
454050,Zito,Taubman,5/15/63,4/17/99,1/1/99,Engineer
454052,Ulises,Terlouw,3/30/63,5/24/94,1/1/99,Senior Engineer
454063,Jinpo,Dalphin,10/17/64,10/28/97,1/1/99,Engineer
454064,Gita,Dichev,12/25/64,2/1/00,1/1/99,Senior Staff
454075,Achilleas,Erie,11/30/64,11/12/94,1/1/99,Engineer
454078,Duro,Demos,11/7/64,6/17/85,1/1/99,Senior Engineer
454083,Katsuo,Kawashima,9/10/63,1/15/92,1/1/99,Senior Staff
454090,Arne,Schaad,5/3/63,3/16/91,1/1/99,Senior Staff
454097,Arnd,Beetstra,4/17/64,6/11/91,1/1/99,Engineer
454102,Wojceich,Boissier,1/5/64,3/20/88,1/1/99,Senior Staff
454105,Shimshon,Katalagarianos,1/23/63,5/6/99,1/1/99,Staff
454106,Oldrich,Garnick,8/15/63,5/31/88,1/1/99,Engineer
454113,Zsolt,Bonifati,2/2/64,6/20/89,1/1/99,Senior Staff
454122,Jongsuk,Thiria,7/2/63,11/16/89,1/1/99,Senior Staff
454125,Arunachalam,Klyachko,7/6/63,4/9/96,1/1/99,Technique Leader
454128,Lenore,Brookman,3/9/62,2/21/92,1/1/99,Engineer
454130,Foong,Terwilliger,8/14/63,9/5/98,1/1/99,Engineer
454135,Aruna,Leonhardt,8/15/62,5/11/86,1/1/99,Senior Staff
454140,Geoffrey,Rettelbach,9/11/64,9/19/01,1/1/99,Senior Staff
454142,Valeri,Terwilliger,10/2/62,3/28/90,1/1/99,Senior Staff
454144,Zhongwei,Scallan,4/11/64,5/10/90,1/1/99,Senior Staff
454146,Jiang,Szilard,9/28/63,9/27/89,1/1/99,Senior Staff
454148,Keiichiro,Reghbati,11/7/62,12/11/99,1/1/99,Senior Staff
454149,Ferdinand,Ramaiah,1/28/62,8/2/86,1/1/99,Senior Engineer
454157,Kazunori,Suri,2/6/62,5/23/97,1/1/99,Senior Engineer
454161,Sanjoy,Gischer,8/11/64,3/31/85,1/1/99,Senior Staff
454163,Shawna,Castellani,5/31/62,7/5/92,1/1/99,Engineer
454164,Guadalupe,Verhoeff,2/9/63,4/6/96,1/1/99,Senior Engineer
454169,Lucian,Clouatre,3/23/62,8/30/99,1/1/99,Senior Engineer
454196,Ingemar,Mansanne,5/29/64,12/5/93,1/1/99,Senior Staff
454203,Kiyokazu,Honiden,8/27/64,4/16/96,1/1/99,Staff
454210,Uli,Rosis,10/19/63,2/25/97,1/1/99,Staff
454216,Shridhar,Uhrig,8/10/64,5/23/88,1/1/99,Technique Leader
454225,Makato,Baak,5/18/62,1/22/87,1/1/99,Assistant Engineer
454230,Chuanyi,Zongker,8/13/64,1/15/01,1/1/99,Engineer
454236,Marsal,Thorelli,5/6/63,8/28/95,1/1/99,Engineer
454243,Michaela,Uehara,10/1/64,11/9/92,1/1/99,Senior Staff
454244,Ulises,Foote,12/23/62,5/11/85,1/1/99,Senior Engineer
454245,Jagoda,Cincotta,12/30/63,8/17/88,1/1/99,Senior Staff
454249,Heng,Veccia,1/8/62,2/21/98,1/1/99,Staff
454255,Mokhtar,Greibach,2/18/64,12/12/86,1/1/99,Senior Staff
454256,Haldun,Zyda,12/26/62,3/6/85,1/1/99,Senior Engineer
454263,Kellyn,Mitina,3/1/63,3/5/85,1/1/99,Staff
454265,Kwangho,Decaestecker,9/29/63,2/14/95,1/1/99,Technique Leader
454268,Paris,Sifakis,3/18/62,5/21/99,1/1/99,Staff
454278,Hyuckchul,Syrotiuk,6/17/64,4/29/88,1/1/99,Senior Engineer
454298,Kazunori,Basawa,6/17/62,5/2/93,1/1/99,Senior Staff
454299,Roselyn,Terkki,5/4/64,1/13/97,1/1/99,Senior Staff
454301,Halsur,Merey,3/9/64,8/1/92,1/1/99,Technique Leader
454321,Marin,Ranai,2/16/63,11/4/97,1/1/99,Senior Staff
454324,Ennio,Sooriamurthi,1/21/63,4/3/93,1/1/99,Senior Engineer
454331,Sibyl,Griswold,3/20/62,4/2/95,1/1/99,Engineer
454335,Toshimo,Pargas,3/26/64,11/2/89,1/1/99,Engineer
454338,Mohammed,Georg,1/24/65,8/3/98,1/1/99,Engineer
454341,Jeong,Baezner,6/28/64,6/11/98,1/1/99,Staff
454347,Mohd,Besancenot,9/4/64,2/6/93,1/1/99,Senior Engineer
454356,Aleksandar,Mikschl,10/21/62,2/18/95,1/1/99,Senior Staff
454360,Nagui,Kriebel,8/12/63,5/2/97,1/1/99,Staff
454362,Chinya,Vitiello,4/24/62,1/19/00,1/1/99,Senior Engineer
454372,Tianruo,Rijckaert,9/6/62,7/26/87,1/1/99,Engineer
454373,Aimee,Kamber,4/24/63,11/4/91,1/1/99,Staff
454378,Gina,Ossenbruggen,1/6/65,1/3/98,1/1/99,Technique Leader
454380,Jeane,Siegrist,12/24/63,2/20/93,1/1/99,Senior Engineer
454381,Serenella,Oxenboll,5/6/63,8/3/85,1/1/99,Senior Staff
454386,Cordelia,Schaft,12/27/62,7/1/01,1/1/99,Senior Engineer
454387,Hairong,Eickenmeyer,12/21/62,2/28/87,1/1/99,Senior Staff
454391,Djelloul,Shanbhogue,4/22/64,10/19/88,1/1/99,Senior Engineer
454399,Yonghong,Furedi,5/9/62,5/29/90,1/1/99,Senior Engineer
454402,Martine,Capobianchi,2/13/63,9/16/90,1/1/99,Senior Staff
454405,Woody,Luan,9/25/64,10/9/88,1/1/99,Staff
454409,Yechezkel,Talmor,8/30/62,1/19/96,1/1/99,Engineer
454410,Diederik,Dahlbom,3/7/62,5/30/96,1/1/99,Assistant Engineer
454412,Nadjib,Servieres,9/7/64,8/9/86,1/1/99,Senior Engineer
454414,Hidde,Radivojevic,6/15/63,5/1/99,1/1/99,Senior Engineer
454424,Marke,Babu,8/12/64,7/30/90,1/1/99,Engineer
454435,Pasqua,Simmel,6/13/64,12/13/92,1/1/99,Staff
454437,Mantis,Perfilyeva,3/23/63,9/25/92,1/1/99,Senior Staff
454439,Mingdong,Kruskal,11/11/64,3/26/99,1/1/99,Technique Leader
454441,Monique,Niizuma,11/21/62,12/13/87,1/1/99,Senior Staff
454442,Sajjad,Sidje,12/1/64,7/16/97,1/1/99,Staff
454445,Bojan,Griswold,9/6/63,10/3/97,1/1/99,Engineer
454453,Kayoko,Menyhert,8/9/62,11/14/85,1/1/99,Senior Staff
454457,Ronghao,Kambil,2/17/63,7/20/89,1/1/99,Engineer
454459,Goetz,Vadhan,1/20/63,12/4/88,1/1/99,Engineer
454460,Along,Pell,9/25/62,11/12/89,1/1/99,Senior Staff
454465,Mototsugu,Pollock,7/14/63,5/30/93,1/1/99,Engineer
454467,Dayanand,Puppo,12/30/63,10/4/94,1/1/99,Senior Engineer
454472,Alejandro,Imataki,1/14/64,5/4/91,1/1/99,Staff
454477,Berni,Gecsel,1/23/63,7/8/96,1/1/99,Senior Engineer
454478,Boaz,Kuszyk,1/3/62,4/22/99,1/1/99,Senior Engineer
454480,Weiwu,Ertl,10/2/64,5/17/91,1/1/99,Senior Engineer
454482,Fuqing,Toyoshima,8/15/63,9/28/88,1/1/99,Staff
454493,Zengping,Suri,2/17/64,1/7/95,1/1/99,Senior Staff
454494,Magdalena,Alblas,9/22/62,9/3/95,1/1/99,Engineer
454502,Otilia,Ramsak,4/9/62,7/31/99,1/1/99,Senior Engineer
454506,Erzsebet,Soicher,5/19/64,1/12/93,1/1/99,Senior Engineer
454509,Arfst,Usdin,12/12/62,1/24/96,1/1/99,Assistant Engineer
454522,Alair,Merlo,9/16/63,8/18/98,1/1/99,Engineer
454524,Shaowei,Ranai,12/5/63,11/13/96,1/1/99,Engineer
454532,Kamran,Marletta,12/31/63,10/23/89,1/1/99,Senior Staff
454539,Jeane,Senzako,10/23/62,10/20/00,1/1/99,Engineer
454545,Mohan,Kopetz,8/25/63,4/6/96,1/1/99,Senior Staff
454549,Michaela,Pardalos,6/1/64,10/9/87,1/1/99,Engineer
454559,Toong,Hitomi,8/28/64,3/6/94,1/1/99,Engineer
454565,Utpal,Maquelin,3/4/63,11/21/94,1/1/99,Senior Staff
454572,Brigham,Pagter,8/25/63,1/12/99,1/1/99,Staff
454577,Aris,Fargier,9/19/63,11/25/85,1/1/99,Senior Engineer
454584,Chinya,Gilg,11/1/62,12/13/90,1/1/99,Senior Engineer
454587,Phillip,Ossenbruggen,1/30/62,5/18/95,1/1/99,Engineer
454591,Yinlin,Kornatzky,3/29/62,7/1/86,1/1/99,Senior Staff
454601,Samphel,Schrift,1/1/62,9/1/85,1/1/99,Staff
454610,Ranga,Stavenow,1/3/63,6/24/93,1/1/99,Senior Staff
454614,Conrado,Showalter,6/20/63,5/16/96,1/1/99,Senior Staff
454622,Salvador,Oppitz,7/19/63,1/23/95,1/1/99,Engineer
454630,Owen,Mandell,1/10/64,7/10/98,1/1/99,Staff
454637,Wilmer,Steenbeek,7/14/63,7/12/96,1/1/99,Senior Staff
454646,Honglan,Ruther,6/14/63,7/25/94,1/1/99,Senior Staff
454651,Feixiong,Birsak,7/7/64,1/7/89,1/1/99,Senior Staff
454658,Maris,Eickenmeyer,7/1/63,6/26/91,1/1/99,Senior Staff
454666,Aiichiro,Gajiwala,10/12/64,12/10/97,1/1/99,Senior Staff
454673,Tooru,Marwedel,9/15/62,7/17/88,1/1/99,Senior Engineer
454683,Krister,Sommen,6/26/64,11/25/91,1/1/99,Senior Staff
454686,Falguni,Godskesen,5/22/64,4/22/95,1/1/99,Senior Engineer
454691,Ayonca,Wroclawski,3/31/63,7/21/93,1/1/99,Senior Engineer
454698,Jayson,Itschner,8/3/63,11/2/94,1/1/99,Staff
454705,Edwin,McDermid,1/13/64,10/19/90,1/1/99,Senior Staff
454706,Dannz,Rijckaert,3/29/62,7/20/95,1/1/99,Staff
454714,Satoru,Birch,9/30/63,10/4/85,1/1/99,Engineer
454719,Serge,Soloway,5/5/64,8/1/89,1/1/99,Staff
454725,Yolla,Gide,3/10/63,8/18/96,1/1/99,Engineer
454736,Nechama,Ermel,1/24/65,6/5/95,1/1/99,Engineer
454738,Masaru,Coorg,7/19/63,12/12/90,1/1/99,Senior Staff
454751,Ulf,Kamber,8/6/62,11/29/89,1/1/99,Staff
454753,Kristian,Onuegbe,9/26/62,8/11/92,1/1/99,Engineer
454762,Mantis,Birta,10/16/62,2/10/89,1/1/99,Senior Engineer
454784,Abdulah,Pettis,10/31/64,5/5/85,1/1/99,Senior Staff
454786,Lokesh,Marchegay,6/17/64,3/10/87,1/1/99,Senior Staff
454790,Chanjung,Beausoleil,8/1/62,2/12/90,1/1/99,Engineer
454791,Xiaoqiu,Pietracaprina,1/22/65,7/9/94,1/1/99,Senior Engineer
454792,Arco,Binding,1/2/64,6/15/91,1/1/99,Senior Staff
454800,Shugo,Perko,6/8/62,6/22/90,1/1/99,Senior Engineer
454811,Badri,Kulisch,12/18/64,4/9/99,1/1/99,Engineer
454823,Shan,Ligten,3/1/63,2/7/90,1/1/99,Senior Engineer
454824,Zito,Mattern,8/28/64,4/22/87,1/1/99,Senior Staff
454825,Kamakshi,Schusler,1/2/65,5/25/95,1/1/99,Engineer
454833,Fay,Poujol,12/3/64,9/8/90,1/1/99,Senior Engineer
454842,Nirmal,Undy,4/18/62,6/28/93,1/1/99,Senior Staff
454846,Billur,Setlzner,8/29/64,7/29/86,1/1/99,Staff
454849,Joydip,Mayerwieser,5/4/64,2/11/86,1/1/99,Senior Staff
454868,Oguz,Bergere,2/13/62,9/24/94,1/1/99,Technique Leader
454877,Akhilish,Kuhnemann,8/14/63,10/28/89,1/1/99,Technique Leader
454888,Manu,Pearson,9/27/63,7/24/93,1/1/99,Staff
454890,Xiaopeng,Tanemo,5/6/62,10/12/88,1/1/99,Senior Staff
454892,Adam,Kisuki,7/4/62,10/17/85,1/1/99,Senior Staff
454895,Kazuhide,Rahier,7/5/63,9/23/94,1/1/99,Senior Staff
454896,Boaz,Picel,7/20/63,8/11/89,1/1/99,Staff
454901,Uriel,Bruckman,4/17/63,7/18/86,1/1/99,Senior Staff
454914,Ipke,Hitomi,2/18/63,8/29/89,1/1/99,Engineer
454922,Harjit,Farrag,7/19/62,10/6/92,1/1/99,Senior Staff
454930,Chanjung,Sigstam,7/28/64,11/20/93,1/1/99,Senior Staff
454937,Bader,Trogemann,10/11/63,1/31/99,1/1/99,Senior Staff
454939,Elrique,Spinelli,12/22/62,2/24/88,1/1/99,Staff
454945,Ute,Decaestecker,2/26/63,12/5/97,1/1/99,Staff
454946,Kankanahalli,Lubachevsky,3/3/63,11/3/86,1/1/99,Engineer
454953,Akeel,Jansen,2/25/63,1/18/00,1/1/99,Assistant Engineer
454959,Marsal,Bhattacharjee,10/15/62,9/15/99,1/1/99,Engineer
454960,Susumu,Halevi,10/25/64,2/19/93,1/1/99,Senior Staff
454961,Gian,Camarinopoulos,11/4/64,2/7/90,1/1/99,Technique Leader
454962,Miquel,Gimarc,11/5/64,1/11/87,1/1/99,Senior Engineer
454970,Vasilis,Menhardt,4/15/64,7/1/91,1/1/99,Senior Staff
454972,Gio,Aseltine,11/4/62,3/7/88,1/1/99,Technique Leader
454975,Suebskul,Heuser,11/23/62,2/22/91,1/1/99,Technique Leader
454984,Szabolcs,Savasere,4/18/62,3/2/92,1/1/99,Staff
454986,Danil,Antonisse,12/26/63,11/14/85,1/1/99,Staff
454988,Aram,Portugali,6/1/63,2/1/99,1/1/99,Engineer
454994,Mohan,Picht,1/1/65,2/24/91,1/1/99,Engineer
454998,Mandell,Rousseau,8/9/64,5/31/98,1/1/99,Engineer
454999,Jouko,Denny,11/5/64,12/12/96,1/1/99,Engineer
455017,Sedat,Montresor,10/9/62,9/7/93,1/1/99,Senior Engineer
455020,Fai,McConalogue,10/25/62,10/13/96,1/1/99,Senior Staff
455039,Sukumar,Gecsel,2/14/62,12/30/88,1/1/99,Senior Staff
455040,Jeanna,Swift,1/18/64,3/20/91,1/1/99,Engineer
455041,Goetz,Ballarin,8/28/62,7/11/00,1/1/99,Staff
455047,Subhankar,Luders,5/24/63,2/2/93,1/1/99,Senior Staff
455049,Lenore,Restivo,12/10/64,5/23/97,1/1/99,Engineer
455051,Evgueni,Naumovich,6/7/62,11/16/93,1/1/99,Engineer
455055,Val,Malabarba,11/4/62,7/22/86,1/1/99,Staff
455057,Kokou,Matzat,9/7/64,6/12/98,1/1/99,Staff
455062,Barry,Giarratana,3/29/62,12/26/98,1/1/99,Staff
455063,Ravishankar,Ravishankar,3/27/64,11/4/86,1/1/99,Senior Staff
455065,Fumino,Conta,9/14/64,11/2/87,1/1/99,Senior Engineer
455066,Tru,Comte,7/25/63,4/3/85,1/1/99,Senior Staff
455071,Chaoyi,Ishibashi,9/12/63,6/6/96,1/1/99,Staff
455079,Urs,Borovoy,4/24/64,11/10/97,1/1/99,Engineer
455081,Cathie,Ladret,11/16/63,7/26/90,1/1/99,Senior Engineer
455087,Arif,Gewali,1/4/64,10/13/99,1/1/99,Engineer
455089,Fen,Lovengreen,4/12/63,7/28/86,1/1/99,Staff
455093,Mountaz,Rodiger,5/26/64,7/17/98,1/1/99,Staff
455099,Geoff,Kalafatis,1/3/63,8/26/95,1/1/99,Engineer
455102,Geraldo,Ranka,3/27/62,11/8/96,1/1/99,Senior Engineer
455105,Perry,Matzov,8/11/62,10/25/86,1/1/99,Senior Staff
455109,TRUE,Dengi,4/30/62,6/10/90,1/1/99,Senior Engineer
455117,Domenico,Sommen,2/9/63,3/19/88,1/1/99,Senior Staff
455139,Vidar,Brizzi,7/27/64,8/14/89,1/1/99,Technique Leader
455146,Ewing,Marciano,4/5/62,11/4/87,1/1/99,Senior Engineer
455151,Mark,Narahara,12/20/63,9/25/87,1/1/99,Senior Staff
455153,Mountaz,Neiman,11/5/64,2/8/98,1/1/99,Senior Engineer
455162,Heeju,Ramamoorthy,5/18/62,7/21/88,1/1/99,Senior Engineer
455175,Soenke,Zaumen,1/14/65,2/22/92,1/1/99,Senior Staff
455177,Somnath,Sambasivam,1/11/62,5/20/89,1/1/99,Engineer
455190,Willard,Mahmud,7/1/63,6/29/91,1/1/99,Staff
455197,Berna,Lung,4/11/63,9/10/93,1/1/99,Senior Staff
455198,Taisook,Velasco,11/1/64,8/27/93,1/1/99,Senior Engineer
455210,Cathie,Koyama,3/24/62,4/27/94,1/1/99,Engineer
455226,Wonhee,Barinka,8/31/63,2/24/00,1/1/99,Senior Engineer
455227,Niranjan,Tsukuda,5/14/62,6/3/87,1/1/99,Staff
455229,Bernt,Tsukuda,11/28/62,3/27/96,1/1/99,Staff
455234,Akeno,Melski,1/17/64,2/7/00,1/1/99,Technique Leader
455246,Guttorm,Pavlopoulou,1/23/62,9/25/97,1/1/99,Staff
455248,Junichi,Ozeki,11/2/64,12/21/98,1/1/99,Assistant Engineer
455249,Shir,Setia,11/30/62,8/25/89,1/1/99,Senior Engineer
455257,Gen,Salinas,5/10/64,4/21/92,1/1/99,Engineer
455264,Arnould,Marrevee,4/26/63,1/15/92,1/1/99,Senior Engineer
455267,Martina,Montresor,4/7/62,9/2/94,1/1/99,Senior Engineer
455271,Gopalakrishnan,Orsini,8/5/64,10/3/93,1/1/99,Engineer
455272,Chaoyi,Schusler,7/1/63,9/28/87,1/1/99,Senior Engineer
455274,Gita,Ariola,3/12/62,10/29/92,1/1/99,Senior Staff
455278,Zejun,Heemskerk,1/17/63,2/28/91,1/1/99,Senior Staff
455284,Luisa,Baig,1/9/65,7/12/96,1/1/99,Engineer
455288,DAIDA,Winter,11/20/62,10/31/96,1/1/99,Staff
455304,Katsuyuki,Peot,6/15/63,9/19/91,1/1/99,Engineer
455305,Claude,Gihr,11/1/64,7/18/94,1/1/99,Assistant Engineer
455307,Matt,Cappelletti,12/21/62,8/17/91,1/1/99,Senior Engineer
455313,Heon,Emden,5/29/62,11/25/01,1/1/99,Senior Engineer
455316,Aleksander,Kavraki,7/25/64,8/6/90,1/1/99,Senior Staff
455319,Sandeepan,Pargas,10/11/62,5/17/91,1/1/99,Senior Staff
455323,Lobel,Cheshire,2/10/62,2/13/88,1/1/99,Senior Engineer
455329,Radhia,Kornatzky,5/19/62,8/3/85,1/1/99,Staff
455330,Tommaso,Monarch,9/21/62,1/5/91,1/1/99,Senior Engineer
455338,Etsuo,Morrow,10/6/63,3/25/94,1/1/99,Technique Leader
455352,Theirry,Thimonier,12/29/63,10/12/87,1/1/99,Senior Engineer
455358,Yahiko,Sury,1/30/64,4/17/96,1/1/99,Engineer
455368,Elgin,Vieri,3/30/63,3/17/94,1/1/99,Senior Engineer
455378,Gonzalo,Shihab,8/15/63,1/24/94,1/1/99,Staff
455383,Behnaam,Foong,1/25/62,5/10/97,1/1/99,Staff
455384,Sahrah,Lieberherr,4/30/63,2/8/99,1/1/99,Senior Engineer
455387,Taiji,Orsini,3/27/62,3/14/90,1/1/99,Senior Staff
455388,Aloys,Schmezko,5/22/62,8/3/88,1/1/99,Engineer
455393,Luise,Siegrist,10/9/62,7/1/98,1/1/99,Staff
455412,Licheng,Tokunaga,12/20/62,1/27/99,1/1/99,Staff
455421,Gianluca,Kavraki,2/2/62,5/31/00,1/1/99,Technique Leader
455426,Abdulla,Improta,5/17/62,11/22/97,1/1/99,Staff
455432,Jaana,Matheson,6/30/62,3/17/99,1/1/99,Engineer
455433,Premal,Ellozy,11/17/62,11/1/99,1/1/99,Staff
455434,Bingning,Syrotiuk,9/5/64,8/17/98,1/1/99,Staff
455437,Zvonko,Valiente,4/3/62,9/26/87,1/1/99,Staff
455449,Maris,Muhlberg,9/24/62,6/17/95,1/1/99,Senior Engineer
455452,Yishai,Brodie,9/30/62,7/26/93,1/1/99,Senior Engineer
455458,Jaber,Karner,4/11/62,8/11/90,1/1/99,Engineer
455462,Gaetan,Otillio,7/10/63,1/22/96,1/1/99,Senior Staff
455465,Rimon,Schusler,6/7/63,5/29/94,1/1/99,Assistant Engineer
455466,Jianhua,Alvarado,5/13/64,1/27/89,1/1/99,Senior Staff
455468,Giao,Skrikant,9/14/64,6/22/86,1/1/99,Senior Staff
455472,Toney,Delgrange,9/5/63,12/22/01,1/1/99,Staff
455475,Mads,Ferriere,7/6/62,1/28/96,1/1/99,Senior Staff
455477,Shichao,Schwartzburd,3/17/64,1/21/93,1/1/99,Senior Engineer
455478,Fumiko,Redmiles,8/2/63,5/21/92,1/1/99,Engineer
455485,Theron,Ananiadou,8/6/63,5/11/93,1/1/99,Staff
455492,Gift,Quadeer,8/5/63,1/8/94,1/1/99,Senior Engineer
455493,Shrikanth,Lorch,1/12/64,1/22/86,1/1/99,Senior Staff
455495,Jasminko,Pelz,2/18/64,1/29/97,1/1/99,Engineer
455498,Martial,Waeselynck,4/10/62,10/27/98,1/1/99,Staff
455503,Mitchel,Erdi,7/11/64,10/20/85,1/1/99,Engineer
455504,DAIDA,Lemarechal,10/28/62,2/11/89,1/1/99,Technique Leader
455507,Jenwei,Gulla,12/19/63,12/23/93,1/1/99,Senior Engineer
455542,Alagu,Pashtan,4/30/63,5/30/90,1/1/99,Senior Engineer
455548,Yahiko,Andreotta,7/12/64,5/4/93,1/1/99,Senior Staff
455562,Theron,Nourani,2/5/63,3/2/92,1/1/99,Senior Engineer
455564,Rance,Pleszkun,10/24/63,10/11/86,1/1/99,Senior Staff
455567,Froduald,Esteva,12/29/62,2/23/97,1/1/99,Engineer
455571,Monique,Pileggi,5/14/62,5/11/86,1/1/99,Staff
455584,Randi,Litzler,12/27/63,4/28/92,1/1/99,Engineer
455587,Izaskun,Rosca,3/30/63,7/25/99,1/1/99,Senior Staff
455593,Fumiko,Zedlitz,5/7/62,5/3/96,1/1/99,Engineer
455606,Jacopo,Decleir,7/28/63,7/17/96,1/1/99,Staff
455608,Kiyokazu,Zumaque,2/8/62,9/16/88,1/1/99,Senior Engineer
455614,Yinlin,Delgrande,11/9/63,12/12/90,1/1/99,Senior Engineer
455616,Cordelia,Mandelberg,11/10/64,12/17/86,1/1/99,Senior Engineer
455618,Baoqiu,Syrzycki,9/23/64,1/16/88,1/1/99,Technique Leader
455620,Barry,Hegner,10/8/64,12/31/96,1/1/99,Staff
455623,Nahid,Katiyar,12/23/64,9/16/91,1/1/99,Senior Engineer
455634,Kwangho,Sooriamurthi,2/3/63,12/21/94,1/1/99,Staff
455636,Kotesh,Heuter,6/22/63,3/1/95,1/1/99,Senior Staff
455645,Aran,Pettit,10/27/64,12/18/93,1/1/99,Technique Leader
455647,Idoia,Benner,1/19/64,6/7/96,1/1/99,Assistant Engineer
455650,TRUE,Hellwagner,10/8/62,6/8/93,1/1/99,Engineer
455654,Shugo,Matzke,3/18/63,5/5/89,1/1/99,Engineer
455667,Avishai,Perna,3/15/63,1/14/87,1/1/99,Engineer
455668,Temple,Sudbeck,8/8/64,3/1/93,1/1/99,Senior Engineer
455673,Marco,Beerel,3/22/62,5/15/85,1/1/99,Senior Staff
455681,Ferdinand,Vecchio,10/1/62,11/19/99,1/1/99,Staff
455685,Gudjon,Kroft,7/11/63,5/17/91,1/1/99,Senior Engineer
455689,Tsutomu,Decaestecker,12/30/63,3/20/88,1/1/99,Senior Engineer
455693,Tran,Kampfer,1/28/62,3/3/93,1/1/99,Senior Staff
455696,Mabry,Kleiser,7/14/63,12/29/93,1/1/99,Senior Staff
455708,Uriel,Ramsey,3/26/62,12/13/88,1/1/99,Senior Staff
455714,Fusako,Georgatos,11/26/64,8/5/99,1/1/99,Senior Engineer
455719,Shuzo,Leslie,9/26/63,6/27/91,1/1/99,Engineer
455720,Dayanand,Bratten,4/2/62,10/10/91,1/1/99,Staff
455725,Youjian,Zallocco,6/6/62,4/26/88,1/1/99,Engineer
455726,Qiwen,Kriebel,1/8/65,12/13/87,1/1/99,Staff
455750,Masali,Birta,5/17/62,5/8/91,1/1/99,Senior Staff
455761,Volkmar,Zirintsis,12/9/62,5/5/94,1/1/99,Senior Staff
455762,Felicidad,Basagni,6/2/63,8/25/90,1/1/99,Staff
455775,Gadiel,Renear,5/31/64,3/31/90,1/1/99,Senior Engineer
455782,Otilia,Angiulli,3/27/64,9/16/90,1/1/99,Engineer
455785,Boalin,Polajnar,1/7/63,4/10/01,1/1/99,Staff
455787,Yishai,Stafford,10/14/62,10/29/86,1/1/99,Senior Engineer
455789,Bojan,Vendrig,9/23/62,12/29/96,1/1/99,Staff
455791,Tremaine,Ulupinar,9/8/62,2/7/90,1/1/99,Senior Engineer
455799,Jagoda,Usdin,7/13/63,6/21/90,1/1/99,Technique Leader
455800,Breannda,Codenie,10/11/64,6/18/99,1/1/99,Engineer
455802,Vishu,Szilard,3/21/63,4/9/87,1/1/99,Senior Engineer
455808,Gilbert,Hainaut,3/23/62,4/25/85,1/1/99,Engineer
455811,Owen,Delaune,6/7/64,9/24/86,1/1/99,Senior Staff
455812,Otmar,Sidhu,3/2/63,1/31/86,1/1/99,Senior Staff
455814,Giao,DuCasse,1/28/65,7/19/91,1/1/99,Engineer
455816,Alejandra,Capobianchi,2/5/62,11/18/89,1/1/99,Staff
455819,Ayonca,Compeau,11/8/64,2/2/94,1/1/99,Senior Engineer
455822,Kellyn,Bierman,9/24/62,7/5/90,1/1/99,Senior Engineer
455823,Arno,Schaad,10/25/63,7/13/93,1/1/99,Engineer
455836,Leszek,Jervis,8/6/63,1/4/87,1/1/99,Senior Engineer
455838,Taiji,Gniady,10/21/62,7/27/88,1/1/99,Staff
455845,Abdulla,Kobuchi,9/26/63,11/6/98,1/1/99,Engineer
455853,Premsyl,Cannane,1/29/63,4/9/93,1/1/99,Staff
455859,Baocai,Zaumen,9/10/64,3/25/88,1/1/99,Senior Engineer
455860,Hatsukazu,Kisuki,9/25/63,10/26/95,1/1/99,Technique Leader
455862,Jinya,Waterhouse,12/16/64,11/19/98,1/1/99,Technique Leader
455867,Emdad,Gladwell,7/21/64,12/20/94,1/1/99,Engineer
455868,Bingning,Sadowski,10/22/62,8/5/97,1/1/99,Staff
455869,Dipayan,Angel,11/30/63,4/5/87,1/1/99,Staff
455870,Rafael,Zaiane,7/22/63,3/27/85,1/1/99,Senior Staff
455876,Geoff,Lally,5/21/64,8/16/99,1/1/99,Engineer
455882,Sudhanshu,Makinen,10/18/64,9/30/86,1/1/99,Senior Staff
455887,Yurii,Kusalik,2/9/64,7/11/91,1/1/99,Staff
455888,Navin,Baaleh,12/7/64,5/23/97,1/1/99,Senior Engineer
455895,Toshimitsu,Perez,9/9/64,2/14/89,1/1/99,Staff
455904,Zorica,Yeung,2/25/64,8/11/89,1/1/99,Senior Engineer
455909,Kellie,Underwood,9/11/63,8/5/96,1/1/99,Technique Leader
455911,Clyde,Boyle,3/7/64,10/31/85,1/1/99,Senior Engineer
455914,Peer,Angelopoulos,1/1/65,7/23/89,1/1/99,Engineer
455924,Mircea,Mitzlaff,9/29/64,11/21/86,1/1/99,Engineer
455931,Kitty,Ranka,3/31/64,11/28/88,1/1/99,Senior Staff
455939,Barna,Magalhaes,12/31/62,6/5/97,1/1/99,Senior Engineer
455952,Gill,Sinicrope,6/28/64,1/26/99,1/1/99,Senior Engineer
455953,Valeska,Stiles,2/22/63,9/16/93,1/1/99,Assistant Engineer
455962,Gunilla,Rijckaert,9/7/63,5/11/93,1/1/99,Senior Engineer
455968,Udaiprakash,Schueller,10/23/62,9/6/90,1/1/99,Staff
455970,Amstein,Lorcy,9/17/63,11/18/97,1/1/99,Assistant Engineer
455971,Fumino,Willoner,9/25/64,1/4/90,1/1/99,Senior Staff
455974,Sasan,Leonhardt,9/11/64,1/3/89,1/1/99,Senior Staff
455988,Herb,Lyonns,3/1/62,12/10/85,1/1/99,Senior Engineer
455992,Jamaludin,Schrooten,1/16/63,4/2/90,1/1/99,Senior Staff
455996,Sumali,Angiulli,5/22/63,2/29/96,1/1/99,Engineer
456000,Adhemar,Coombs,4/9/64,3/16/98,1/1/99,Senior Engineer
456001,DAIDA,Dechter,11/10/64,7/29/86,1/1/99,Senior Engineer
456003,Manohar,Zykh,6/9/62,8/28/92,1/1/99,Senior Staff
456004,Gregory,Menyhert,12/14/64,3/26/97,1/1/99,Senior Staff
456012,Mang,Undy,3/31/63,11/21/92,1/1/99,Senior Engineer
456016,Florina,Vendrig,5/23/63,4/30/87,1/1/99,Engineer
456018,Sushant,Panwar,12/31/64,1/18/93,1/1/99,Senior Staff
456029,Breannda,Haldar,10/25/64,2/13/92,1/1/99,Staff
456039,Rosine,Hopewell,9/16/63,12/29/93,1/1/99,Senior Engineer
456040,Keiichiro,Ashish,4/29/62,11/17/98,1/1/99,Staff
456042,Lijia,Bauknecht,5/14/62,8/6/88,1/1/99,Staff
456048,Sajjan,Randi,11/23/62,1/1/87,1/1/99,Senior Engineer
456050,Pohua,Birnbaum,9/13/62,1/7/96,1/1/99,Staff
456051,Yannis,Takanami,11/20/64,2/14/96,1/1/99,Engineer
456056,Kazuhisa,Cairo,2/22/63,2/27/91,1/1/99,Senior Staff
456062,Zorica,Codenie,11/22/63,11/25/88,1/1/99,Technique Leader
456065,Atreyi,Kobuchi,10/27/63,6/26/98,1/1/99,Engineer
456067,Pradeep,Conia,12/8/63,4/14/89,1/1/99,Senior Staff
456068,Taegyun,Pews,6/8/64,10/7/87,1/1/99,Staff
456076,Woody,Litzler,1/14/63,4/3/85,1/1/99,Technique Leader
456090,Kerhong,Jumpertz,3/19/63,12/24/94,1/1/99,Senior Engineer
456092,Nadjib,Denos,4/10/64,2/12/94,1/1/99,Senior Engineer
456099,Shietung,Pargas,2/26/62,7/7/94,1/1/99,Senior Staff
456107,Padma,Ouhyoung,10/3/62,5/27/91,1/1/99,Senior Staff
456109,Randy,Ramsey,11/15/63,3/8/98,1/1/99,Technique Leader
456112,Maja,Peris,12/6/62,1/26/97,1/1/99,Engineer
456115,Zeydy,Jonsson,9/3/62,5/29/97,1/1/99,Staff
456118,Aimee,VanScheik,6/14/64,10/25/96,1/1/99,Engineer
456136,Matk,Crabtree,4/21/62,10/22/88,1/1/99,Engineer
456138,Goo,Pelc,6/20/62,6/7/93,1/1/99,Engineer
456141,Zejun,Setia,11/29/63,4/17/90,1/1/99,Senior Engineer
456143,Prodip,Schrift,6/25/64,9/16/93,1/1/99,Senior Staff
456151,Shounak,Ramamoorthy,11/10/64,10/11/97,1/1/99,Engineer
456166,Fox,Schwabacher,9/4/64,6/15/87,1/1/99,Engineer
456171,Xuejun,Papsdorf,10/1/64,4/5/86,1/1/99,Engineer
456172,Makato,Constantine,7/22/64,11/4/87,1/1/99,Engineer
456178,Shunichi,Garnick,9/21/64,1/20/94,1/1/99,Senior Staff
456179,Mizuhito,Glinert,12/7/62,7/2/86,1/1/99,Senior Staff
456186,Eran,Rodier,7/10/63,9/4/91,1/1/99,Staff
456195,Hilary,Anick,12/10/62,10/7/93,1/1/99,Staff
456196,Mori,Jording,9/24/63,9/3/91,1/1/99,Senior Engineer
456199,Masali,Chorvat,12/10/64,3/29/87,1/1/99,Technique Leader
456213,Nathan,Cyne,6/9/62,12/8/86,1/1/99,Staff
456217,Demos,Eastman,6/27/62,9/19/98,1/1/99,Senior Staff
456221,Dhritiman,Feldhoffer,5/2/63,2/11/86,1/1/99,Staff
456222,Shigeo,Yamaashi,3/8/62,12/3/95,1/1/99,Senior Engineer
456230,Koldo,Cheshire,6/13/64,4/3/94,1/1/99,Engineer
456236,Fumiko,Azuma,3/19/62,7/19/94,1/1/99,Engineer
456243,Aamer,Sadowsky,12/28/64,4/22/98,1/1/99,Staff
456246,Adin,Kolvik,8/18/64,11/16/86,1/1/99,Assistant Engineer
456247,Shim,Grabner,8/31/64,7/16/86,1/1/99,Engineer
456249,Leucio,Chaudhuri,2/19/62,12/17/98,1/1/99,Engineer
456251,Reinhold,Ranai,6/20/64,6/11/88,1/1/99,Senior Engineer
456255,Visit,Duclos,2/15/63,6/21/85,1/1/99,Staff
456259,Ekawit,Krybus,11/12/64,5/3/90,1/1/99,Engineer
456260,Lucian,Cesareni,12/5/62,4/16/93,1/1/99,Senior Staff
456262,Elvia,Bail,8/4/62,2/25/99,1/1/99,Engineer
456263,Jingling,Larfeldt,2/3/63,7/26/93,1/1/99,Engineer
456266,Gully,Bael,8/21/62,6/30/86,1/1/99,Engineer
456267,Hisao,Polupanov,8/28/62,3/12/99,1/1/99,Staff
456275,Danco,Cappello,6/9/64,12/22/93,1/1/99,Senior Engineer
456276,Zorica,Krohn,9/20/62,8/13/98,1/1/99,Staff
456277,Cheong,Smeets,2/18/62,4/12/86,1/1/99,Senior Engineer
456283,Rance,Asser,1/16/64,11/10/98,1/1/99,Senior Staff
456284,Hironobu,Bauknecht,1/27/63,2/19/89,1/1/99,Senior Staff
456289,Vishv,Tasistro,10/27/63,7/9/98,1/1/99,Staff
456295,Matk,Delgrange,2/4/62,2/9/85,1/1/99,Technique Leader
456299,Herb,Kalorkoti,12/15/62,5/14/90,1/1/99,Senior Staff
456304,Jiann,Farris,2/27/63,4/17/87,1/1/99,Senior Staff
456305,Xiahua,Keustermans,8/8/63,3/3/02,1/1/99,Senior Staff
456307,Reinhold,Shumilov,7/9/64,1/29/98,1/1/99,Technique Leader
456309,Siamak,Walstra,1/8/62,7/14/92,1/1/99,Engineer
456347,Alejandro,Hertweck,12/19/62,10/11/96,1/1/99,Senior Engineer
456348,Yuping,Vickson,10/15/62,8/29/89,1/1/99,Senior Staff
456351,Minghong,Schaar,11/19/62,1/18/01,1/1/99,Senior Staff
456357,Hausi,Baca,2/23/63,10/7/87,1/1/99,Engineer
456362,Piyush,Beilner,10/23/62,11/10/85,1/1/99,Engineer
456375,Gererd,Orlowski,4/22/64,1/17/97,1/1/99,Engineer
456383,Shushma,Hofmeyr,9/13/64,12/7/85,1/1/99,Assistant Engineer
456385,Visit,Saoudi,8/6/63,11/15/93,1/1/99,Technique Leader
456386,Pasqua,Famili,6/28/64,6/1/89,1/1/99,Engineer
456390,Satyanarayana,Huhdanpaa,4/13/62,1/27/91,1/1/99,Senior Engineer
456393,Kshitij,Lipner,9/15/64,9/10/85,1/1/99,Staff
456398,Gianluca,Murthy,6/16/62,5/20/87,1/1/99,Engineer
456399,Adit,Schahn,3/8/62,11/10/90,1/1/99,Technique Leader
456420,Naftaly,Speek,11/20/64,1/24/97,1/1/99,Staff
456438,Masoud,Hambrick,10/26/64,2/20/87,1/1/99,Engineer
456442,Youpyo,Denna,6/24/62,4/22/96,1/1/99,Engineer
456446,Xiaoshan,Keirsey,3/8/62,3/24/91,1/1/99,Senior Engineer
456463,Moti,Kemmerer,10/4/62,8/3/99,1/1/99,Staff
456471,Angus,Bael,11/26/64,7/13/88,1/1/99,Staff
456474,Radoslaw,Orlowski,3/22/62,11/5/92,1/1/99,Senior Staff
456477,Uta,Babb,1/6/63,3/28/97,1/1/99,Senior Staff
456483,Ebru,Ligten,9/15/64,4/1/89,1/1/99,Senior Staff
456489,Karoline,Christianini,2/11/63,2/20/98,1/1/99,Senior Staff
456490,Tadanori,Kornyak,9/10/63,8/4/96,1/1/99,Staff
456496,Alper,Trelles,8/4/63,12/9/92,1/1/99,Senior Staff
456500,Yaghout,Stille,5/19/64,12/2/85,1/1/99,Senior Staff
456501,Ashish,Bierman,7/7/62,7/19/90,1/1/99,Engineer
456510,Takahira,Keustermans,12/2/62,10/10/98,1/1/99,Senior Staff
456517,Bingning,Heinisuo,5/11/64,12/1/96,1/1/99,Technique Leader
456534,Chikako,Serna,2/4/64,12/8/87,1/1/99,Engineer
456545,Youssef,Lemarechal,7/5/63,9/23/90,1/1/99,Staff
456566,Susuma,Bierbaum,10/14/64,12/3/97,1/1/99,Staff
456582,Martins,Schwabacher,1/9/63,9/12/97,1/1/99,Staff
456583,Larisa,Naumovich,9/24/63,9/3/89,1/1/99,Senior Staff
456586,Larisa,Vendrig,2/8/62,5/29/89,1/1/99,Assistant Engineer
456590,Nigel,Bodoff,7/4/62,2/18/86,1/1/99,Engineer
456593,Jaroslava,Suppi,8/12/64,3/3/00,1/1/99,Senior Staff
456608,Shridhar,Glowinski,9/2/62,7/2/86,1/1/99,Engineer
456609,Munehiko,Ferriere,4/8/64,4/26/97,1/1/99,Senior Engineer
456611,Alassane,Sewelson,11/19/62,6/19/93,1/1/99,Senior Engineer
456613,Wuxu,Veeraraghavan,2/3/63,9/17/85,1/1/99,Technique Leader
456615,Fumino,Zallocco,11/22/63,4/28/91,1/1/99,Staff
456624,Gen,Decleir,6/14/62,9/23/88,1/1/99,Senior Engineer
456629,Aral,Bamford,4/14/64,1/4/89,1/1/99,Technique Leader
456638,Stein,Ozery,1/4/64,6/22/85,1/1/99,Senior Staff
456644,Sadegh,Atrawala,11/18/62,8/24/96,1/1/99,Staff
456649,Dmitry,Peck,10/18/63,6/18/90,1/1/99,Senior Engineer
456653,Sorina,Krohm,10/1/62,10/3/89,1/1/99,Senior Staff
456654,Adhemar,Erez,12/27/63,5/5/86,1/1/99,Senior Staff
456656,Cheong,Shiratori,8/11/63,11/25/97,1/1/99,Engineer
456670,Shuzo,Conti,9/1/62,4/3/96,1/1/99,Staff
456671,Mohan,Zeidenstein,7/1/62,8/26/99,1/1/99,Engineer
456676,Jianhao,Turnbull,7/8/63,3/13/86,1/1/99,Technique Leader
456681,Shalesh,Beerel,5/3/62,7/16/92,1/1/99,Senior Staff
456696,Susumu,Petersohn,9/19/64,8/2/88,1/1/99,Senior Staff
456697,Spyrose,Luff,4/23/63,12/6/94,1/1/99,Staff
456700,Sanjai,Barvinok,9/10/64,6/28/87,1/1/99,Engineer
456708,Gita,Schaaf,10/13/62,5/10/97,1/1/99,Staff
456717,Jiafu,Maraist,9/9/62,4/11/91,1/1/99,Senior Staff
456727,Ung,Passafiume,4/27/64,1/21/00,1/1/99,Staff
456731,Mara,Roisin,4/14/62,8/15/86,1/1/99,Senior Engineer
456734,Kristina,Stamatiou,7/10/64,7/29/87,1/1/99,Senior Staff
456739,Yoshimitsu,Lindqvist,1/6/64,5/18/85,1/1/99,Senior Staff
456740,Hilary,Serra,1/26/63,2/22/85,1/1/99,Staff
456742,Munir,Bennet,12/27/64,9/20/89,1/1/99,Senior Engineer
456748,Gor,Picci,12/14/64,8/17/90,1/1/99,Senior Engineer
456758,Somnath,Orlowski,9/28/62,10/8/99,1/1/99,Staff
456763,Toong,Denna,4/7/63,8/9/86,1/1/99,Senior Engineer
456767,Tetsurou,Schreiter,1/24/65,7/17/87,1/1/99,Staff
456775,Shigenori,Pehl,4/16/63,9/25/89,1/1/99,Senior Staff
456790,LiMin,Chenney,5/16/63,2/7/96,1/1/99,Senior Staff
456794,Lansing,Wrigley,12/18/63,11/8/90,1/1/99,Senior Engineer
456795,Angel,Serre,5/18/64,8/5/88,1/1/99,Senior Engineer
456796,Stein,Cyne,8/15/64,6/1/01,1/1/99,Engineer
456800,Tianruo,Peng,1/6/63,6/6/90,1/1/99,Technique Leader
456803,Nechama,Deverell,4/29/62,9/20/94,1/1/99,Engineer
456808,Xinan,Atchley,9/17/64,7/26/87,1/1/99,Senior Engineer
456811,Masaru,Tsunoo,4/20/63,7/15/92,1/1/99,Senior Staff
456812,Subhash,Belinskaya,5/24/63,11/19/98,1/1/99,Senior Staff
456815,Xiaocheng,Moehrke,5/14/63,2/21/98,1/1/99,Staff
456817,Kristian,Barreiro,6/30/62,3/4/00,1/1/99,Senior Engineer
456829,Subhankar,Ferretti,12/23/64,12/16/97,1/1/99,Staff
456833,Ennio,Denos,12/19/62,4/25/92,1/1/99,Engineer
456844,Leucio,Hebert,3/1/62,4/10/01,1/1/99,Senior Engineer
456846,Zhongwei,Murtha,2/6/64,12/18/98,1/1/99,Engineer
456856,Chikako,Crelier,11/21/64,6/18/91,1/1/99,Senior Staff
456861,Bedrich,McClurg,12/16/63,4/30/91,1/1/99,Staff
456862,Maia,Pollacia,7/18/62,11/12/91,1/1/99,Senior Engineer
456866,Boalin,Salinas,1/10/62,9/16/86,1/1/99,Engineer
456867,Leaf,Hofstetter,9/8/64,12/17/90,1/1/99,Senior Staff
456872,Naraig,Schueller,2/5/62,2/24/85,1/1/99,Senior Engineer
456884,Gladys,Pews,8/27/64,11/21/97,1/1/99,Staff
456896,Jianhui,Imataki,10/28/62,3/26/92,1/1/99,Senior Engineer
456898,Navid,Dayana,1/4/62,1/4/98,1/1/99,Staff
456901,Josyula,Grabner,7/28/63,10/4/88,1/1/99,Senior Staff
456902,Phule,Jeong,5/6/63,8/27/98,1/1/99,Engineer
456903,Luigi,Tyugu,10/3/63,9/28/87,1/1/99,Engineer
456911,Alois,Angelov,3/28/63,8/8/90,1/1/99,Senior Engineer
456916,Dinah,Brender,8/29/63,6/26/98,1/1/99,Senior Staff
456921,Bernardo,Frezza,1/4/62,8/7/97,1/1/99,Engineer
456924,Elrique,Falster,8/6/63,6/28/88,1/1/99,Senior Engineer
456931,Chaoyi,Gomatam,2/16/64,2/20/87,1/1/99,Staff
456939,Kazuhira,Poupard,8/20/63,2/13/93,1/1/99,Staff
456946,Gila,Baer,2/7/62,1/19/97,1/1/99,Senior Staff
456949,Bangqing,Aloisi,9/17/64,12/4/87,1/1/99,Staff
456962,Shimshon,Simkin,3/17/64,8/30/97,1/1/99,Senior Engineer
456968,Aria,Hatcliff,8/23/62,6/23/92,1/1/99,Senior Staff
456971,Jeanne,Baig,7/26/62,9/3/99,1/1/99,Senior Staff
456975,Chinhyun,Heydon,9/29/63,9/26/96,1/1/99,Engineer
456976,Basant,Serdy,5/19/64,9/22/94,1/1/99,Senior Staff
456978,Youngkon,Andreotta,5/28/63,5/19/92,1/1/99,Engineer
456979,Apostol,Ozeri,9/16/64,5/7/92,1/1/99,Senior Engineer
456982,Shounak,Dratva,1/7/65,1/5/89,1/1/99,Engineer
456987,Percy,Crabtree,12/2/64,9/2/86,1/1/99,Senior Engineer
457001,Danae,Calkin,9/5/63,7/6/98,1/1/99,Assistant Engineer
457004,Minghong,Peir,5/16/64,10/13/91,1/1/99,Senior Engineer
457016,Amabile,Ciolek,11/23/64,10/20/93,1/1/99,Senior Staff
457024,Faiza,Swift,5/19/64,7/4/87,1/1/99,Staff
457026,Fay,Narahari,6/2/62,6/23/86,1/1/99,Senior Staff
457027,Salvador,Kornyak,5/22/62,8/12/91,1/1/99,Assistant Engineer
457029,Lunjin,Masada,11/7/62,5/4/94,1/1/99,Senior Staff
457033,Zito,Waeselynck,10/2/64,8/21/98,1/1/99,Staff
457034,Nakhoon,DeMori,5/24/62,10/28/98,1/1/99,Staff
457043,Mari,Thummel,4/24/62,8/2/01,1/1/99,Staff
457052,Poornachandra,Dolinsky,5/28/62,12/22/94,1/1/99,Engineer
457060,Radhika,Krychniak,12/22/64,3/22/89,1/1/99,Senior Staff
457067,Shao,Lovengreen,5/17/63,10/13/93,1/1/99,Senior Engineer
457070,Gay,Plavsic,1/25/65,8/6/87,1/1/99,Senior Staff
457073,JiYoung,Kalsbeek,1/11/64,7/8/90,1/1/99,Senior Staff
457081,Shigenori,Skafidas,7/12/64,5/11/86,1/1/99,Assistant Engineer
457083,Chinya,Ozeki,3/2/64,2/13/88,1/1/99,Engineer
457104,Subhankar,Uchoa,5/15/63,8/26/89,1/1/99,Senior Engineer
457106,Krister,Navazio,1/22/62,9/29/97,1/1/99,Staff
457122,Erzsebet,Kuzuoka,7/4/64,12/16/89,1/1/99,Staff
457129,Abdulah,Stanfel,7/9/63,4/21/01,1/1/99,Technique Leader
457136,Junsik,Impagliazzo,6/4/63,10/31/94,1/1/99,Senior Engineer
457143,Rimon,Morrin,6/5/62,5/24/89,1/1/99,Engineer
457146,Jinpo,Heyers,1/20/65,1/7/99,1/1/99,Staff
457147,Hongzhu,Varker,5/5/63,3/8/95,1/1/99,Senior Staff
457148,Shigeu,Erde,5/15/62,2/28/96,1/1/99,Senior Staff
457156,Shaleah,Koblick,10/19/62,6/25/92,1/1/99,Senior Staff
457160,Aral,Perry,3/28/63,5/24/91,1/1/99,Engineer
457164,Flemming,Itzigehl,2/4/63,3/25/94,1/1/99,Senior Engineer
457167,Tamiya,Radivojevic,3/6/64,9/9/94,1/1/99,Staff
457170,Bingning,Morrow,3/31/64,3/9/97,1/1/99,Senior Engineer
457175,Nadjib,Brattka,9/15/62,6/6/87,1/1/99,Senior Engineer
457179,Jianwen,Baar,6/30/62,3/28/98,1/1/99,Staff
457183,Stamatina,Sooriamurthi,12/23/64,1/10/00,1/1/99,Engineer
457186,Eckart,Auria,7/21/64,7/27/92,1/1/99,Senior Staff
457188,Hironoby,Serna,6/9/62,12/18/98,1/1/99,Staff
457190,Ortrud,Genin,1/29/64,10/7/87,1/1/99,Senior Engineer
457192,Qingxiang,Demeyer,7/29/64,8/15/89,1/1/99,Senior Engineer
457195,Changho,Tchuente,2/28/62,11/12/93,1/1/99,Staff
457216,Nahum,Delaune,2/11/63,4/6/96,1/1/99,Staff
457221,Murthy,Tomescu,2/18/63,4/20/93,1/1/99,Staff
457226,Navin,Lindqvist,12/19/62,1/14/93,1/1/99,Senior Engineer
457233,Ung,Syrotiuk,6/19/62,12/30/98,1/1/99,Technique Leader
457239,Chuanyi,Bouloucos,6/4/64,12/3/88,1/1/99,Senior Staff
457245,Naftaly,Cannata,9/29/63,10/24/93,1/1/99,Senior Staff
457250,Denis,Malabarba,12/3/64,6/17/86,1/1/99,Senior Engineer
457252,Lijie,Prenel,3/11/64,7/21/89,1/1/99,Senior Engineer
457253,Shietung,Lanphier,6/7/64,3/21/00,1/1/99,Engineer
457257,Dipayan,Deyuan,7/22/63,3/27/90,1/1/99,Senior Staff
457260,Hatem,Kleiser,1/30/64,3/24/88,1/1/99,Engineer
457261,Nitsan,Oxenboll,1/4/63,8/8/99,1/1/99,Technique Leader
457264,Vugranam,Rikino,8/10/62,12/7/98,1/1/99,Engineer
457268,Satyanarayana,Bouloucos,3/3/63,10/22/91,1/1/99,Engineer
457271,Hitofumi,Khalid,3/27/64,7/31/95,1/1/99,Technique Leader
457283,Reinhold,Mansanne,6/3/62,11/13/94,1/1/99,Staff
457305,Sorina,Lakshmanan,1/15/65,9/3/94,1/1/99,Staff
457308,Seongbin,Begiun,11/2/64,12/31/99,1/1/99,Engineer
457309,Hidde,Cromarty,8/20/63,2/21/88,1/1/99,Senior Engineer
457316,Oguz,Ramaiah,8/4/63,4/4/85,1/1/99,Staff
457323,Amstein,Felcyn,9/14/63,6/17/85,1/1/99,Engineer
457325,Arvind,Kruskal,7/7/64,10/5/85,1/1/99,Senior Staff
457332,Vugranam,Kobuchi,2/15/63,1/3/89,1/1/99,Senior Engineer
457333,Saeed,Chenney,5/30/62,7/29/99,1/1/99,Staff
457334,Fuqing,Weiland,2/26/63,1/16/97,1/1/99,Staff
457337,Xumin,Beidas,1/31/65,4/27/95,1/1/99,Technique Leader
457338,Henk,Unni,1/12/63,6/7/85,1/1/99,Assistant Engineer
457340,Eben,Bednarek,7/11/63,11/6/94,1/1/99,Staff
457341,Xudong,Zeilberger,11/13/63,4/5/93,1/1/99,Engineer
457342,Shaowen,Auria,1/13/62,2/12/89,1/1/99,Engineer
457344,Gina,Usery,2/12/63,11/22/97,1/1/99,Senior Engineer
457355,Jiong,Ratzlaff,6/17/63,6/5/98,1/1/99,Engineer
457361,Iara,Kaiser,2/28/62,9/24/95,1/1/99,Senior Staff
457363,Rimli,Bennis,8/1/63,10/25/97,1/1/99,Senior Staff
457367,Mori,Baaz,5/13/62,10/7/89,1/1/99,Staff
457375,Tadahiro,Reeker,3/6/63,12/8/95,1/1/99,Technique Leader
457385,Sachio,Ghandeharizadeh,9/24/64,9/16/92,1/1/99,Staff
457386,Gilbert,Jarecki,6/11/64,8/10/98,1/1/99,Staff
457388,Berthier,Eastman,9/17/63,11/3/96,1/1/99,Engineer
457396,Babette,Xiaoshan,9/10/64,11/11/96,1/1/99,Engineer
457402,Bouchung,Przulj,10/4/62,5/18/87,1/1/99,Senior Staff
457404,Yechezkel,Gerteisen,12/22/64,3/7/02,1/1/99,Senior Staff
457406,Jahangir,Brookman,11/28/63,12/28/98,1/1/99,Staff
457411,Xudong,Peck,1/13/65,4/18/88,1/1/99,Senior Engineer
457415,Gaurav,Mateescu,1/1/63,8/7/97,1/1/99,Engineer
457420,Kish,Demos,10/15/64,6/30/93,1/1/99,Senior Engineer
457424,Xiaoheng,Muhling,12/29/64,9/7/97,1/1/99,Staff
457434,Huican,Gluchowski,12/5/62,4/14/92,1/1/99,Engineer
457439,Kaijung,Berendt,11/13/64,2/14/00,1/1/99,Engineer
457452,Sakthirel,Harnett,7/18/62,11/9/97,1/1/99,Assistant Engineer
457454,Leon,Brizzi,6/12/63,4/10/90,1/1/99,Senior Engineer
457455,Reinhold,Menhardt,5/5/63,11/6/91,1/1/99,Senior Engineer
457456,Muneo,Radwan,6/21/62,11/9/98,1/1/99,Staff
457470,Paris,Isaak,6/3/64,3/25/94,1/1/99,Senior Engineer
457477,Gunilla,Rattan,6/4/64,12/15/93,1/1/99,Senior Staff
457482,Nakhoon,Backhouse,4/15/62,4/23/94,1/1/99,Engineer
457484,Sushant,Kaminger,4/30/63,3/14/99,1/1/99,Engineer
457489,Berna,Ranst,1/24/65,5/14/85,1/1/99,Senior Engineer
457493,Ottavia,Coorg,4/6/64,5/5/99,1/1/99,Engineer
457495,Tonia,Denti,3/22/63,2/17/99,1/1/99,Assistant Engineer
457498,Pranjal,Magalhaes,11/22/63,4/11/96,1/1/99,Engineer
457500,Limsoon,Levasseur,10/24/62,3/24/85,1/1/99,Senior Engineer
457504,Mandell,Fioravanti,6/12/62,7/28/85,1/1/99,Engineer
457506,Trygve,Foong,7/5/63,2/24/95,1/1/99,Senior Engineer
457515,Selwyn,Moffat,4/7/62,6/19/89,1/1/99,Staff
457518,JoAnna,Duclos,5/14/62,4/23/94,1/1/99,Senior Staff
457520,Randy,Guenter,8/24/63,9/17/94,1/1/99,Senior Engineer
457523,Khosrow,Denna,2/13/64,12/27/88,1/1/99,Senior Engineer
457534,Olivera,Harbusch,11/27/64,12/20/97,1/1/99,Staff
457553,Aemilian,Marsiglia,3/21/64,3/31/97,1/1/99,Senior Staff
457565,Jinxi,McAlpine,1/6/64,9/1/93,1/1/99,Engineer
457566,Tuval,Salverda,12/10/64,9/11/98,1/1/99,Engineer
457567,Sashi,Jansen,10/29/64,6/1/90,1/1/99,Senior Staff
457568,Parviz,Basawa,1/31/62,7/29/96,1/1/99,Senior Staff
457569,Hein,Picht,5/8/62,11/12/93,1/1/99,Engineer
457588,Perla,Hellwagner,6/20/64,8/26/94,1/1/99,Senior Staff
457593,Marjo,Facello,8/29/63,8/5/95,1/1/99,Engineer
457595,Moheb,Sundgren,8/16/64,11/12/95,1/1/99,Senior Engineer
457596,Danco,Chleq,10/4/64,11/17/94,1/1/99,Senior Engineer
457610,Duri,Dayana,6/28/63,5/16/86,1/1/99,Senior Staff
457611,Indrajit,Krogh,1/9/65,9/18/98,1/1/99,Engineer
457619,Gretta,Litzler,10/9/62,5/23/94,1/1/99,Senior Staff
457626,Kristen,Roison,9/14/63,6/28/91,1/1/99,Senior Engineer
457638,Gonzalo,Brandsma,2/1/63,5/10/99,1/1/99,Staff
457645,Mark,Stassinopoulos,8/30/62,4/30/86,1/1/99,Senior Staff
457646,Jianhua,Uchoa,5/21/62,3/6/88,1/1/99,Senior Engineer
457657,Teiji,Brizzi,8/27/64,10/9/94,1/1/99,Engineer
457668,Wilmer,Waschkowski,3/5/63,5/8/90,1/1/99,Senior Engineer
457670,Gen,Journel,4/14/64,1/26/91,1/1/99,Senior Staff
457671,Yannik,Nyanchama,2/11/62,1/21/95,1/1/99,Engineer
457676,Nalini,Hasenauer,9/3/63,6/16/94,1/1/99,Senior Staff
457677,Anneke,Liesche,2/27/62,1/15/87,1/1/99,Senior Engineer
457684,Divine,Birch,9/12/62,7/25/91,1/1/99,Senior Engineer
457685,Karsten,Danley,11/19/62,4/30/98,1/1/99,Engineer
457693,Xiahua,Ballarin,7/16/63,8/15/88,1/1/99,Staff
457695,Gao,Pocchiola,5/2/62,6/13/96,1/1/99,Engineer
457703,Perla,Krichel,6/18/63,12/20/95,1/1/99,Staff
457714,Tomofumi,Pfau,5/22/64,3/4/98,1/1/99,Staff
457720,Masali,Asser,2/7/62,6/19/93,1/1/99,Engineer
457725,Nikolaus,Schieder,1/21/64,7/1/93,1/1/99,Staff
457735,Ung,Junet,10/1/64,2/26/00,1/1/99,Staff
457736,Cathie,Ghemri,8/5/62,5/25/91,1/1/99,Senior Engineer
457739,Mohammad,Perry,3/24/63,7/8/89,1/1/99,Senior Engineer
457743,Turgut,Zaiane,3/18/62,8/3/96,1/1/99,Senior Engineer
457748,Youngkon,Braunschweig,3/23/62,3/15/98,1/1/99,Senior Staff
457751,Rosli,Knightly,6/4/62,9/12/92,1/1/99,Senior Engineer
457756,Shridhar,Speckmann,5/17/62,11/6/92,1/1/99,Senior Engineer
457760,Tse,Rijsenbrij,1/26/64,12/19/92,1/1/99,Senior Staff
457767,Sumant,Vural,10/1/62,5/13/85,1/1/99,Senior Staff
457769,Serge,Chaudhury,5/17/63,7/7/99,1/1/99,Engineer
457776,Florian,Siepmann,1/15/65,12/21/87,1/1/99,Senior Engineer
457777,Xinan,Angelopoulos,12/12/64,11/17/91,1/1/99,Senior Engineer
457778,Genki,Chepyzhov,1/16/63,7/31/98,1/1/99,Engineer
457779,Moie,Chandrasekhar,7/22/63,5/23/93,1/1/99,Assistant Engineer
457783,Masali,Babu,4/15/63,2/21/94,1/1/99,Technique Leader
457785,Florian,Kobara,11/9/64,10/5/97,1/1/99,Engineer
457786,Turgut,Codenie,3/7/63,12/10/95,1/1/99,Engineer
457800,Stabislas,Domenig,9/20/63,9/8/92,1/1/99,Staff
457805,Mariangiola,Boudaillier,5/20/63,1/1/97,1/1/99,Staff
457810,Berna,Morrin,4/30/64,11/3/93,1/1/99,Staff
457813,Foong,Gargeya,1/28/65,1/24/92,1/1/99,Engineer
457819,Joydip,Zaumen,7/14/62,2/3/90,1/1/99,Senior Staff
457832,Jackson,Zielinski,2/1/65,9/12/97,1/1/99,Senior Engineer
457837,Morrie,Ranft,5/7/64,6/19/98,1/1/99,Engineer
457839,Arto,Penz,12/15/63,11/11/91,1/1/99,Staff
457845,Doowon,Poupard,12/21/62,7/29/92,1/1/99,Technique Leader
457868,Adin,Egerstedt,5/1/62,9/18/98,1/1/99,Senior Engineer
457869,Larisa,Tempesti,7/8/62,5/1/93,1/1/99,Senior Engineer
457884,Padma,Chaudhury,1/28/62,9/22/93,1/1/99,Senior Engineer
457887,Bernt,Percebois,6/26/62,5/10/87,1/1/99,Senior Staff
457889,Gino,Wendorf,2/23/63,12/26/91,1/1/99,Senior Engineer
457895,Divine,Gerteisen,9/8/63,3/12/91,1/1/99,Senior Staff
457898,Stepehn,Cappelletti,5/20/64,9/24/90,1/1/99,Engineer
457902,Miomir,Chinen,8/30/62,11/19/87,1/1/99,Senior Staff
457904,Martine,Herber,1/1/62,6/29/86,1/1/99,Staff
457912,Wojceich,DiGiano,2/6/63,6/19/96,1/1/99,Staff
457916,Kitty,Zeilberger,10/21/63,3/9/85,1/1/99,Senior Staff
457917,Kristinn,Linnainmaa,3/30/63,12/16/92,1/1/99,Senior Engineer
457920,Remzi,Shiratori,5/27/62,8/30/98,1/1/99,Staff
457922,Maha,Lindenbaum,1/30/62,1/23/94,1/1/99,Engineer
457929,Deniz,Masamoto,1/12/62,11/10/93,1/1/99,Assistant Engineer
457934,Kerryn,Beeson,3/15/63,8/14/92,1/1/99,Technique Leader
457935,Sandeepan,Waymire,12/20/64,12/11/88,1/1/99,Senior Engineer
457938,Arch,Picco,1/14/65,10/22/97,1/1/99,Senior Staff
457947,Shahar,Vickson,2/4/63,5/21/85,1/1/99,Senior Engineer
457953,Naftaly,Ramsay,4/5/64,2/10/96,1/1/99,Engineer
457956,Mara,Ozeri,5/14/62,11/18/91,1/1/99,Senior Staff
457957,Bader,Cardazo,9/5/62,10/8/91,1/1/99,Senior Staff
457959,Gen,Parascandalo,1/13/62,11/8/98,1/1/99,Senior Engineer
457962,Kazuhito,Basart,5/23/64,1/23/92,1/1/99,Senior Staff
457975,Chuanyi,Ghelli,6/23/64,8/30/94,1/1/99,Senior Staff
457981,Aamod,Matzat,12/15/64,12/31/88,1/1/99,Senior Staff
457987,Huan,Thebaut,2/9/64,6/8/95,1/1/99,Senior Staff
457992,Minghong,Himler,4/26/64,11/22/98,1/1/99,Staff
457998,Christophe,Showalter,3/26/62,9/19/86,1/1/99,Senior Engineer
458004,Chaoyi,Caine,5/15/64,4/29/92,1/1/99,Staff
458006,Alexius,Varley,3/24/64,4/22/97,1/1/99,Senior Staff
458016,Kotesh,Smeets,5/9/64,9/10/85,1/1/99,Staff
458024,Tomokazu,Baaz,7/14/64,11/23/97,1/1/99,Engineer
458027,Rimli,Lamparter,4/3/64,7/13/85,1/1/99,Senior Staff
458028,Divier,Rabejac,12/4/64,10/27/87,1/1/99,Senior Staff
458038,Radhia,Azumi,7/11/63,3/4/85,1/1/99,Senior Staff
458044,Godehard,Setiz,8/3/63,2/21/98,1/1/99,Engineer
458051,Sukumar,Seuren,8/23/64,4/10/94,1/1/99,Senior Staff
458053,Gopalakrishnan,Zuberek,9/22/62,10/8/87,1/1/99,Staff
458062,Marco,Rajcani,8/16/64,10/15/99,1/1/99,Staff
458065,Yakkov,Heystek,6/1/64,2/6/89,1/1/99,Engineer
458067,Spyrose,Kroha,4/20/64,3/31/97,1/1/99,Senior Engineer
458069,Valeri,Zallocco,6/9/64,2/11/95,1/1/99,Engineer
458070,Inderjeet,Edelhoff,2/5/62,4/14/98,1/1/99,Senior Staff
458078,Abdelwaheb,Farrag,8/21/63,6/16/95,1/1/99,Senior Engineer
458081,Ramalingam,Frezza,6/15/64,6/8/86,1/1/99,Engineer
458082,Marla,Busillo,8/27/64,8/27/96,1/1/99,Senior Staff
458085,Gay,Schaar,6/25/64,6/29/88,1/1/99,Senior Engineer
458087,Horward,Furudate,8/22/63,1/30/92,1/1/99,Engineer
458095,Jaana,Ventosa,8/5/63,7/22/91,1/1/99,Senior Staff
458099,Subbu,Baalen,12/24/62,6/25/93,1/1/99,Engineer
458100,Baziley,Herber,5/20/62,12/22/88,1/1/99,Senior Staff
458101,Jaroslava,Raney,2/8/62,12/12/87,1/1/99,Senior Staff
458111,Florian,Tramer,1/23/65,11/7/99,1/1/99,Engineer
458114,Chuanyi,Butner,6/21/64,1/8/97,1/1/99,Engineer
458116,Shigeu,Lung,7/10/62,10/23/96,1/1/99,Assistant Engineer
458123,Youpyo,Couchot,6/18/63,9/10/90,1/1/99,Staff
458126,Adit,Anick,10/11/64,2/15/89,1/1/99,Senior Staff
458127,Arunachalam,Fairtlough,8/21/63,3/1/91,1/1/99,Senior Engineer
458131,Kensyu,Xiaoshan,4/24/62,6/21/89,1/1/99,Staff
458134,Thanasis,Standera,1/11/65,3/20/85,1/1/99,Senior Staff
458138,Kiyomitsu,Akazan,9/22/62,10/15/00,1/1/99,Senior Engineer
458141,Tesuya,Stavenow,2/5/63,11/9/94,1/1/99,Senior Staff
458142,Toshimo,Chenney,4/26/63,8/22/95,1/1/99,Senior Engineer
458146,Shaleah,Seiwald,1/25/62,12/4/98,1/1/99,Engineer
458148,Munehiko,Merel,7/12/63,11/16/93,1/1/99,Engineer
458160,Dhritiman,Kusakabe,10/26/64,4/20/97,1/1/99,Senior Engineer
458164,Jixiang,Legleitner,12/22/63,2/5/00,1/1/99,Senior Engineer
458165,Shir,Hagimont,6/11/63,8/17/99,1/1/99,Engineer
458167,Claudi,Schwabacher,5/3/63,3/1/92,1/1/99,Engineer
458178,Foong,Compeau,7/8/62,8/16/95,1/1/99,Engineer
458181,Insup,Servieres,11/5/64,9/25/94,1/1/99,Senior Engineer
458185,Eric,Baalen,4/7/64,1/16/87,1/1/99,Senior Engineer
458191,George,Atchley,1/28/65,7/2/97,1/1/99,Staff
458197,Conal,Perin,1/9/64,9/28/92,1/1/99,Senior Staff
458198,Shaleah,Perin,11/15/64,8/20/96,1/1/99,Engineer
458202,Nakhoon,Noriega,9/15/62,10/18/85,1/1/99,Senior Staff
458205,Radhia,Anick,12/8/63,5/26/97,1/1/99,Engineer
458206,Becky,Lalonde,11/18/64,3/5/97,1/1/99,Senior Engineer
458216,Holgard,Kopetz,4/24/62,9/29/96,1/1/99,Engineer
458224,Lucian,Lowrie,12/4/62,9/22/99,1/1/99,Engineer
458233,Chaitali,Rosenbaum,1/15/64,10/18/86,1/1/99,Staff
458237,Lein,Gronowski,5/25/63,12/16/86,1/1/99,Engineer
458245,Alagu,Siepmann,3/15/62,12/19/97,1/1/99,Staff
458247,Jacqueline,DeMori,8/1/64,6/3/94,1/1/99,Staff
458260,Paraskevi,Lyonns,7/30/64,3/23/97,1/1/99,Senior Staff
458261,Danco,Georgakopoulos,6/14/62,11/20/98,1/1/99,Staff
458271,Boalin,Baalen,12/22/64,10/18/95,1/1/99,Engineer
458278,Toong,Lichtman,11/4/64,8/27/01,1/1/99,Staff
458280,Bikash,Shackel,7/22/62,5/27/93,1/1/99,Senior Engineer
458283,Visit,Taubman,5/16/64,2/21/94,1/1/99,Staff
458285,Adas,Gide,12/8/62,6/29/90,1/1/99,Staff
458287,Adly,Hertweck,1/1/64,6/9/98,1/1/99,Staff
458292,Guiseppe,Landherr,10/10/62,9/25/96,1/1/99,Senior Engineer
458304,Shuzo,Kirkerud,12/1/63,6/26/86,1/1/99,Senior Engineer
458308,Iara,Jahnichen,5/14/62,1/13/99,1/1/99,Senior Staff
458313,Kellie,Domenig,12/27/62,8/16/91,1/1/99,Engineer
458314,Yannis,Swab,11/4/64,8/11/91,1/1/99,Staff
458317,Martijn,Orlowski,6/1/64,9/14/94,1/1/99,Technique Leader
458325,Erez,Brendel,6/23/63,11/17/91,1/1/99,Senior Engineer
458336,Chikako,Gopalakrishnan,10/21/64,2/1/96,1/1/99,Engineer
458351,Shigeichiro,Farrow,5/16/63,12/26/96,1/1/99,Staff
458357,Van,Begiun,1/10/63,3/8/90,1/1/99,Senior Staff
458358,Eckart,Detkin,11/16/64,11/13/87,1/1/99,Engineer
458360,Lubomir,Bael,12/6/64,10/7/98,1/1/99,Staff
458370,Ugo,Bernick,2/18/64,10/10/88,1/1/99,Engineer
458375,Dung,Sundgren,7/22/63,11/27/95,1/1/99,Senior Engineer
458380,Premal,Murtha,4/2/64,7/21/93,1/1/99,Engineer
458382,Nimmagadda,Krider,5/25/62,7/15/02,1/1/99,Staff
458383,Mabhin,Foote,1/6/65,4/23/99,1/1/99,Engineer
458387,George,Gajiwala,7/4/63,10/1/94,1/1/99,Senior Staff
458401,Uzi,Zeidenstein,10/14/64,2/25/91,1/1/99,Senior Engineer
458402,Moss,Itzfeldt,1/2/63,3/29/85,1/1/99,Senior Engineer
458405,Qiwen,Sundgren,7/18/63,4/24/93,1/1/99,Senior Staff
458407,Moheb,Monarch,4/26/64,7/11/97,1/1/99,Technique Leader
458409,Beshir,Papsdorf,2/26/62,8/6/91,1/1/99,Staff
458435,Kwok,Sanella,8/30/62,4/24/97,1/1/99,Engineer
458445,Syozo,Ramsay,5/25/63,8/9/88,1/1/99,Engineer
458467,Arvind,Christianini,5/13/64,1/25/91,1/1/99,Senior Staff
458469,Bluma,Kalorkoti,7/15/64,10/15/94,1/1/99,Engineer
458472,Cordelia,Lyonns,5/31/63,10/18/90,1/1/99,Staff
458475,Rance,Iacovou,3/25/62,8/21/88,1/1/99,Senior Engineer
458478,Guadalupe,Zongker,9/26/64,1/8/93,1/1/99,Staff
458482,Kwee,Zyda,3/11/63,6/26/96,1/1/99,Engineer
458486,Roselyn,Zockler,7/1/62,1/7/87,1/1/99,Senior Staff
458487,Duke,Lunt,9/21/63,6/25/96,1/1/99,Engineer
458496,Eishiro,Heping,10/11/64,3/31/91,1/1/99,Senior Staff
458501,Kensei,Slaats,6/12/64,7/10/89,1/1/99,Assistant Engineer
458503,Arfst,Lueh,6/26/62,9/20/92,1/1/99,Senior Staff
458506,Caolyn,Jullig,2/14/63,7/10/88,1/1/99,Senior Engineer
458511,Zdislav,Kalorkoti,7/27/63,3/21/99,1/1/99,Senior Engineer
458516,Halsur,Redmiles,12/31/62,5/21/90,1/1/99,Engineer
458518,Shim,Ibel,4/21/63,5/22/92,1/1/99,Engineer
458520,Kazuhisa,Kroll,11/24/63,11/22/91,1/1/99,Technique Leader
458545,Lein,Biros,6/24/62,3/29/87,1/1/99,Senior Engineer
458547,Keiichiro,Berendt,12/20/64,3/27/94,1/1/99,Technique Leader
458548,Khaled,Zhang,9/2/64,9/19/93,1/1/99,Engineer
458557,Turgut,Ramsak,2/23/63,5/11/92,1/1/99,Senior Staff
458559,Faiza,Improta,4/27/62,11/28/91,1/1/99,Technique Leader
458563,Margareta,Tokunaga,11/11/62,4/6/93,1/1/99,Engineer
458568,Monique,Flanders,1/6/62,1/17/99,1/1/99,Assistant Engineer
458574,Nikolaus,Muniz,10/31/64,2/25/85,1/1/99,Senior Engineer
458577,Horward,Lieberherr,8/19/63,12/3/92,1/1/99,Senior Engineer
458583,Licheng,Karner,1/27/64,9/22/96,1/1/99,Senior Staff
458592,Sadun,Borovoy,9/17/62,7/2/98,1/1/99,Staff
458595,Marjo,Kroon,3/21/62,11/25/85,1/1/99,Senior Staff
458604,Halsur,Servi,1/9/62,3/23/95,1/1/99,Senior Engineer
458607,Jianwen,Varley,2/21/64,1/31/02,1/1/99,Senior Engineer
458610,Hideo,Ibel,12/29/63,12/10/97,1/1/99,Senior Engineer
458620,Domenick,Pews,3/10/62,4/21/95,1/1/99,Engineer
458630,Toney,Kamber,3/17/63,10/18/90,1/1/99,Staff
458640,Pramod,Ramamoorthy,12/13/62,11/24/93,1/1/99,Senior Staff
458643,Jaques,Pokrovskii,3/22/62,5/7/91,1/1/99,Staff
458644,Dines,Sinitsyn,9/22/62,4/7/87,1/1/99,Senior Engineer
458646,Takushi,Kisuki,6/20/62,2/21/85,1/1/99,Senior Engineer
458658,Alejandra,Rodier,5/31/62,9/21/94,1/1/99,Senior Staff
458666,Kshitij,Otillio,5/13/62,6/13/85,1/1/99,Senior Staff
458672,Lunjin,Chvatal,5/28/64,1/1/99,1/1/99,Engineer
458674,Toshimo,Azevdeo,9/29/64,4/29/97,1/1/99,Senior Staff
458679,Xuejun,Douceur,3/14/63,6/4/96,1/1/99,Senior Staff
458681,Kensyu,Gips,6/26/63,6/24/86,1/1/99,Senior Staff
458683,Martina,Lores,6/17/64,4/2/85,1/1/99,Senior Engineer
458689,Surveyors,Teitelbaum,2/2/64,7/29/90,1/1/99,Technique Leader
458693,Limsoon,Emiris,3/10/63,8/19/90,1/1/99,Assistant Engineer
458702,Zissis,Kamble,2/10/62,9/27/91,1/1/99,Senior Engineer
458716,Franziska,Lally,10/24/63,7/17/91,1/1/99,Senior Engineer
458717,Subir,Ossenbruggen,7/16/62,2/12/00,1/1/99,Engineer
458726,Shahaf,Kitai,1/13/65,12/26/86,1/1/99,Senior Staff
458727,Arto,Ghelli,12/12/64,9/9/98,1/1/99,Technique Leader
458732,Aral,Vasanthakumar,1/30/62,2/3/87,1/1/99,Engineer
458734,Boriana,Gajiwala,2/10/64,2/3/86,1/1/99,Staff
458738,Supot,Halevi,4/10/63,11/6/89,1/1/99,Senior Engineer
458740,Harngdar,Brender,10/28/63,12/8/99,1/1/99,Staff
458755,Goh,Eldridge,2/28/64,3/13/98,1/1/99,Engineer
458759,Hailing,Schaad,12/24/62,12/3/97,1/1/99,Staff
458763,Feixiong,Mitsuhashi,8/31/64,9/14/86,1/1/99,Technique Leader
458775,Doowon,Lipner,2/21/64,5/26/89,1/1/99,Senior Engineer
458779,Maik,Krohm,9/26/62,1/10/92,1/1/99,Senior Engineer
458781,Krisda,Orsini,6/30/64,11/17/99,1/1/99,Staff
458783,Jiong,Vuskovic,4/25/62,5/4/90,1/1/99,Technique Leader
458786,Jaber,Whitcomb,7/24/63,8/11/89,1/1/99,Technique Leader
458790,Ramya,Azadmanesh,1/17/65,11/19/88,1/1/99,Senior Engineer
458793,Aloys,Millington,9/5/64,4/16/96,1/1/99,Staff
458800,Ulf,Baak,11/6/64,5/31/85,1/1/99,Staff
458803,Kirk,Brookman,2/24/62,12/2/99,1/1/99,Engineer
458804,Chinhyun,Nitsche,5/11/63,11/16/95,1/1/99,Staff
458810,Carrsten,Rousseau,4/28/62,1/7/94,1/1/99,Staff
458812,Ottavia,Penz,12/14/62,1/3/95,1/1/99,Senior Engineer
458814,Munehiro,Falck,3/29/64,1/15/99,1/1/99,Staff
458815,Moty,Bael,2/23/63,2/24/94,1/1/99,Engineer
458816,Yongdong,Nicolson,6/19/63,7/29/85,1/1/99,Assistant Engineer
458817,Torsten,Trystram,2/6/63,2/1/94,1/1/99,Senior Staff
458825,Parto,Kavraki,6/21/62,10/10/85,1/1/99,Senior Engineer
458826,Ranga,Douceur,7/20/64,7/14/94,1/1/99,Senior Staff
458835,Gennadi,Cappello,5/5/62,2/6/97,1/1/99,Senior Engineer
458839,Lakshmi,Steinauer,10/11/64,8/25/00,1/1/99,Engineer
458843,Saeko,Underwood,6/12/63,3/13/94,1/1/99,Engineer
458844,Zine,Lunn,3/16/62,3/4/99,1/1/99,Staff
458853,Adam,Ladret,9/23/64,12/11/95,1/1/99,Staff
458860,Taizo,Toyoshima,4/7/62,4/25/97,1/1/99,Engineer
458864,Tsz,Birjandi,1/24/64,7/8/95,1/1/99,Senior Engineer
458866,Gal,Rehfuss,5/26/63,4/16/96,1/1/99,Engineer
458879,Gift,Huttel,6/19/62,3/30/99,1/1/99,Engineer
458889,Reinhold,Dahlbom,3/28/64,7/10/90,1/1/99,Senior Engineer
458901,Ingmar,Tischendorf,5/9/64,5/9/88,1/1/99,Technique Leader
458911,Takanari,Bodoff,12/16/64,2/4/90,1/1/99,Senior Staff
458912,Willard,Basawa,3/22/64,6/11/92,1/1/99,Senior Engineer
458913,Tuval,Narahari,2/25/64,11/30/93,1/1/99,Technique Leader
458918,Mahendra,Jansch,7/1/62,2/26/90,1/1/99,Senior Staff
458923,Takanari,Demeyer,6/24/64,12/3/89,1/1/99,Technique Leader
458927,Marl,Maliniak,10/30/63,7/13/89,1/1/99,Staff
458928,Bedrich,Hashii,4/17/62,2/3/90,1/1/99,Senior Engineer
458938,Remco,Llado,6/4/62,1/20/99,1/1/99,Staff
458943,Adil,Aseltine,8/29/62,1/15/98,1/1/99,Staff
458949,Rutger,Oppitz,3/13/64,5/17/93,1/1/99,Technique Leader
458960,Ishfaq,Speer,1/19/63,11/28/90,1/1/99,Senior Engineer
458965,Roddy,Tsunoo,9/13/62,9/30/97,1/1/99,Technique Leader
458974,Jordanka,Kavvadias,11/11/64,4/16/99,1/1/99,Staff
458977,LiMin,Atrawala,7/17/62,5/24/87,1/1/99,Staff
458980,Bezalel,Riefers,7/6/64,12/18/89,1/1/99,Senior Engineer
458981,Tsvetan,Baby,5/2/62,10/24/93,1/1/99,Senior Staff
458986,Boguslaw,Delaune,8/7/63,7/14/87,1/1/99,Senior Staff
458996,Aluzio,Strandh,3/17/62,10/12/90,1/1/99,Staff
459000,Kristen,Azulay,10/8/64,11/11/91,1/1/99,Assistant Engineer
459002,Shietung,Glowinski,1/17/64,7/5/00,1/1/99,Engineer
459009,Kazuhide,Mansanne,11/5/64,9/4/85,1/1/99,Engineer
459022,Mikhail,Kohling,10/24/62,4/14/88,1/1/99,Senior Staff
459024,Hilary,Lorho,2/23/63,8/22/95,1/1/99,Engineer
459036,Marla,Zhang,6/7/63,6/14/98,1/1/99,Engineer
459039,Khaled,Thummel,3/20/63,7/11/89,1/1/99,Senior Staff
459051,Trygve,Pell,11/15/63,3/28/86,1/1/99,Senior Staff
459054,Mabry,Perko,6/11/64,9/17/92,1/1/99,Staff
459057,Val,Curless,4/2/62,8/27/85,1/1/99,Staff
459065,Kristine,Stasinski,4/11/62,4/21/88,1/1/99,Senior Engineer
459067,Zejun,Strandh,12/30/62,2/3/85,1/1/99,Senior Staff
459073,Vishwani,Zastre,7/18/63,10/1/99,1/1/99,Engineer
459077,Alejandra,Lowrie,12/31/64,7/18/97,1/1/99,Technique Leader
459084,Arunas,Maksimenko,7/21/63,10/18/88,1/1/99,Engineer
459087,Mabo,Adachi,12/19/64,10/24/93,1/1/99,Senior Engineer
459092,Berry,Emiris,9/8/62,2/6/91,1/1/99,Staff
459107,Izaskun,McClurg,12/4/64,10/14/99,1/1/99,Staff
459115,Katsuo,Saoudi,2/6/62,3/24/85,1/1/99,Senior Staff
459118,Hugo,Peha,2/25/63,7/4/88,1/1/99,Senior Staff
459121,Make,Honglei,9/1/62,1/10/98,1/1/99,Engineer
459122,Duangkaew,Weedman,3/15/63,9/4/95,1/1/99,Assistant Engineer
459124,Karsten,Sullins,11/13/64,9/5/88,1/1/99,Senior Engineer
459131,Dinah,Bennis,12/29/64,1/2/99,1/1/99,Staff
459139,Tesuro,Rindone,5/10/62,4/7/94,1/1/99,Staff
459146,Kellie,Moffat,6/22/62,3/28/95,1/1/99,Staff
459149,Remzi,Isaac,5/12/63,8/23/92,1/1/99,Senior Engineer
459150,Taisook,Oehlmann,10/26/63,12/13/85,1/1/99,Staff
459151,Howell,Luke,10/25/64,6/25/92,1/1/99,Senior Engineer
459161,Prodip,Provine,4/15/63,9/11/97,1/1/99,Staff
459172,Val,Rissanen,1/19/65,11/20/93,1/1/99,Assistant Engineer
459176,Jeong,Ghandeharizadeh,12/15/62,6/9/96,1/1/99,Technique Leader
459180,Augustine,Stille,12/31/64,9/20/91,1/1/99,Engineer
459190,Dayanand,Rijckaert,1/4/62,2/1/98,1/1/99,Staff
459195,Djenana,Haddadi,12/25/63,11/4/90,1/1/99,Staff
459203,Gennadi,Pileggi,3/31/62,2/26/87,1/1/99,Senior Staff
459204,Marl,Serre,7/25/64,12/12/91,1/1/99,Senior Engineer
459209,Kiyomitsu,Engberts,6/1/64,7/18/92,1/1/99,Senior Engineer
459229,Khue,Kuzuoka,9/11/62,2/3/99,1/1/99,Staff
459231,Neelam,Tyugu,9/28/64,2/24/89,1/1/99,Senior Engineer
459237,Shuzo,Giarratana,11/10/64,9/8/87,1/1/99,Senior Staff
459238,Gully,Chappelet,7/30/64,8/3/99,1/1/99,Senior Staff
459242,Georgy,Mitchem,8/8/63,3/6/91,1/1/99,Staff
459245,Herb,Luke,10/7/63,4/29/89,1/1/99,Senior Staff
459254,Syozo,Godskesen,3/11/63,3/18/93,1/1/99,Senior Engineer
459255,Arnd,Aloisi,5/5/62,6/25/88,1/1/99,Senior Engineer
459256,Zissis,Speckmann,7/3/63,12/12/87,1/1/99,Senior Staff
459263,Aamod,Deville,12/2/64,11/28/98,1/1/99,Staff
459265,Oscar,Plessier,10/24/62,2/17/89,1/1/99,Staff
459270,Greger,Rajaraman,5/4/62,7/21/97,1/1/99,Staff
459274,Mariangiola,Dalphin,6/3/64,1/13/88,1/1/99,Staff
459282,Kousuke,Suwa,10/29/62,1/2/86,1/1/99,Senior Staff
459297,Tomofumi,Anido,9/7/63,5/2/99,1/1/99,Engineer
459303,Kensei,Tchuente,2/4/64,9/20/85,1/1/99,Senior Staff
459304,Temple,Cronin,12/16/63,10/28/00,1/1/99,Engineer
459306,Murthy,Couchot,11/25/62,9/18/85,1/1/99,Technique Leader
459313,Rimon,Crooks,3/18/63,3/7/89,1/1/99,Senior Staff
459315,Emdad,Birnbaum,2/14/64,6/30/90,1/1/99,Senior Staff
459317,Shawna,Bazelow,3/30/64,12/16/89,1/1/99,Senior Engineer
459323,Perla,Bierbaum,4/10/63,12/4/91,1/1/99,Assistant Engineer
459327,Anneli,Valtorta,5/8/64,9/21/93,1/1/99,Staff
459335,Dante,Jakobus,4/29/62,6/3/98,1/1/99,Engineer
459340,Taiji,Kawashimo,4/25/64,7/11/92,1/1/99,Senior Engineer
459344,Ferdinand,Impagliazzo,8/22/63,12/22/97,1/1/99,Staff
459349,Vasilii,Gurbaxani,10/21/64,3/14/94,1/1/99,Engineer
459354,Shaowei,Vasanthakumar,10/20/62,10/22/95,1/1/99,Staff
459356,Pramod,Wendorf,1/21/65,12/25/98,1/1/99,Engineer
459368,Feixiong,Anido,2/23/62,3/27/94,1/1/99,Senior Staff
459372,Make,Nannarelli,9/15/62,7/3/88,1/1/99,Senior Staff
459374,Sahrah,Cherinka,8/14/62,6/21/94,1/1/99,Senior Staff
459375,Ranan,Rindone,6/17/64,8/16/97,1/1/99,Engineer
459382,Sungwon,Bednarek,2/15/62,12/16/91,1/1/99,Senior Engineer
459385,Gritta,Rando,10/29/64,10/18/99,1/1/99,Staff
459406,Mong,Melski,12/2/64,2/11/94,1/1/99,Staff
459410,Jenwei,Schicker,7/25/62,12/3/99,1/1/99,Engineer
459413,Bojan,Vasanthakumar,9/27/62,1/11/91,1/1/99,Senior Staff
459429,Mohit,Verhaegen,1/14/65,5/27/92,1/1/99,Senior Staff
459430,Radoslaw,Quaggetto,8/7/63,5/28/87,1/1/99,Engineer
459440,Luisa,Skrikant,8/17/62,10/27/87,1/1/99,Senior Engineer
459441,Dipayan,Schwaller,8/22/64,8/11/98,1/1/99,Engineer
459445,Gaurav,Baig,6/2/64,9/2/96,1/1/99,Engineer
459449,Hidde,Gihr,2/8/64,7/2/89,1/1/99,Staff
459453,Patricia,Eppinger,5/29/62,2/25/01,1/1/99,Senior Engineer
459460,Mostafa,Sambasivam,10/31/63,5/1/95,1/1/99,Staff
459461,Moheb,Chiodo,7/21/62,2/28/97,1/1/99,Staff
459465,Domenico,Kuszyk,11/18/64,11/17/94,1/1/99,Staff
459474,Mizuhito,Setia,4/8/62,3/9/86,1/1/99,Engineer
459476,Leucio,Demri,5/2/63,10/19/89,1/1/99,Senior Engineer
459487,Tsuneo,Kirkerud,4/7/64,6/13/97,1/1/99,Engineer
459490,Oguz,Merks,2/12/62,2/24/99,1/1/99,Engineer
459494,Arco,Lally,4/13/62,10/16/91,1/1/99,Engineer
459499,Augustine,Larfeldt,5/23/62,3/13/99,1/1/99,Assistant Engineer
459500,Serenella,Engberts,8/13/63,5/15/85,1/1/99,Senior Staff
459506,Tesuya,Bennet,5/30/63,6/5/95,1/1/99,Engineer
459512,Mamdouh,Wiegley,8/20/62,5/24/89,1/1/99,Senior Staff
459518,Mircea,Deyuan,8/14/63,5/16/97,1/1/99,Senior Engineer
459522,Remko,Heyers,1/11/62,3/27/95,1/1/99,Assistant Engineer
459525,Udaiprakash,Coullard,9/18/62,3/23/87,1/1/99,Senior Engineer
459526,Peer,Valette,4/1/64,8/3/94,1/1/99,Staff
459527,Chrisa,Stifter,5/6/64,1/24/00,1/1/99,Engineer
459530,Ramya,Delaune,10/18/64,10/27/95,1/1/99,Senior Engineer
459534,Masato,Peng,11/3/62,12/31/97,1/1/99,Senior Engineer
459538,Sedat,Kinley,9/21/63,12/22/89,1/1/99,Engineer
459545,Rimli,Gammage,5/11/62,10/7/94,1/1/99,Senior Staff
459549,Izaskun,Himler,1/18/63,2/11/88,1/1/99,Staff
459550,Kwangsub,Ramsak,11/5/63,3/29/94,1/1/99,Technique Leader
459555,JoAnna,Sudkamp,8/12/63,10/24/86,1/1/99,Staff
459561,Hitomi,Khalid,5/28/64,11/14/92,1/1/99,Engineer
459567,Zeljko,Navazio,8/6/62,3/9/92,1/1/99,Senior Staff
459568,Yongqiao,Harbusch,11/5/63,11/23/87,1/1/99,Staff
459573,Hyuckchul,Lunn,2/26/64,7/13/96,1/1/99,Senior Engineer
459584,Shiv,Conti,3/5/64,12/13/95,1/1/99,Staff
459585,JoAnne,Heusch,9/19/62,8/14/88,1/1/99,Staff
459597,Mohan,McDermid,6/17/64,4/18/89,1/1/99,Senior Staff
459599,Byong,Beilner,3/26/63,12/3/91,1/1/99,Senior Engineer
459600,Dulce,Nittel,1/14/63,6/20/93,1/1/99,Staff
459612,Basant,Zongker,7/26/63,12/21/88,1/1/99,Technique Leader
459613,Hein,Miculan,9/30/63,12/19/98,1/1/99,Engineer
459618,Bernt,Kakkad,10/6/62,5/22/90,1/1/99,Senior Staff
459627,Leif,Kuzuoka,12/9/63,7/29/00,1/1/99,Senior Staff
459645,Jongsuk,Kruskal,4/25/63,2/21/99,1/1/99,Staff
459649,Janche,Jenevein,6/13/63,3/21/98,1/1/99,Engineer
459674,Yagil,Bade,10/19/62,3/23/95,1/1/99,Engineer
459678,Florina,Lunn,12/4/62,8/13/86,1/1/99,Engineer
459680,Maia,Percebois,11/15/62,4/13/90,1/1/99,Senior Staff
459682,Arvind,Cesareni,9/9/62,6/8/01,1/1/99,Engineer
459685,Hirochika,Goldhammer,2/1/65,3/12/98,1/1/99,Engineer
459687,Kristinn,Reinhart,5/14/62,7/24/99,1/1/99,Engineer
459697,Yagil,Weedman,10/13/64,2/5/93,1/1/99,Engineer
459703,Sreenivas,Zeleznik,2/28/63,8/13/94,1/1/99,Staff
459704,Udo,McConalogue,4/8/62,3/16/90,1/1/99,Engineer
459713,Nagui,Ranai,8/26/63,10/1/94,1/1/99,Engineer
459733,Takushi,Nannarelli,12/12/64,7/16/96,1/1/99,Engineer
459742,Bezalel,Jumpertz,2/10/62,5/24/95,1/1/99,Technique Leader
459745,Atreye,Chinin,5/10/62,9/28/97,1/1/99,Staff
459753,Vivian,Keirsey,10/10/62,10/28/88,1/1/99,Staff
459758,Thodoros,Rothe,8/5/63,6/24/99,1/1/99,Senior Engineer
459762,Lech,Heuser,6/20/63,2/9/93,1/1/99,Engineer
459763,Dipayan,Rothenberg,2/24/64,2/15/94,1/1/99,Senior Staff
459765,Goo,Sadowsky,7/15/62,12/29/91,1/1/99,Technique Leader
459766,Stafford,Slobodova,5/17/63,3/3/86,1/1/99,Engineer
459780,Vitali,Menyhert,9/8/62,4/8/86,1/1/99,Senior Staff
459781,Kyoichi,Schonegge,7/31/63,2/4/99,1/1/99,Technique Leader
459782,Elvis,Merlo,11/2/64,10/18/89,1/1/99,Senior Engineer
459786,Marek,Mungall,9/28/64,3/8/96,1/1/99,Engineer
459788,Larisa,Rodham,1/4/62,10/18/98,1/1/99,Engineer
459789,Paddy,Candan,8/20/62,7/26/93,1/1/99,Senior Staff
459790,Nalini,Setlzner,6/9/62,6/18/97,1/1/99,Technique Leader
459791,Kwok,Asmuth,4/8/63,8/7/91,1/1/99,Senior Staff
459794,Szabolcs,Preusig,11/7/64,2/7/86,1/1/99,Senior Engineer
459798,Stamatina,Chaudhury,6/29/62,5/7/93,1/1/99,Staff
459803,Mizuhito,Krider,10/24/62,7/23/90,1/1/99,Senior Staff
459812,Chenyi,Erde,3/6/63,9/15/95,1/1/99,Engineer
459817,Yuichiro,Pettey,5/2/62,7/22/87,1/1/99,Senior Staff
459819,Zvonko,Erde,5/11/63,11/26/97,1/1/99,Engineer
459827,Suzette,Msuda,12/27/63,2/20/98,1/1/99,Senior Staff
459830,Dekang,Luke,10/14/62,10/28/95,1/1/99,Technique Leader
459832,Sumali,Holburn,5/26/64,8/26/96,1/1/99,Staff
459833,Fumino,Rabehasaina,7/21/63,9/1/99,1/1/99,Engineer
459836,Yuichiro,Polupanov,4/4/62,9/22/88,1/1/99,Engineer
459847,Leaf,Chiodo,4/29/62,10/1/89,1/1/99,Staff
459849,Dzung,Ramsak,6/24/64,1/27/91,1/1/99,Senior Engineer
459861,Uma,Melski,7/31/64,10/13/96,1/1/99,Engineer
459862,Urs,Masand,7/27/62,1/4/95,1/1/99,Engineer
459863,Aksel,Perng,1/25/62,12/28/95,1/1/99,Engineer
459869,Ramya,Magalhaes,12/22/62,3/27/94,1/1/99,Staff
459873,Danai,Syrotiuk,7/6/63,10/3/86,1/1/99,Senior Engineer
459878,Abdulla,Middleton,4/29/63,7/15/90,1/1/99,Engineer
459888,Shaunak,Jansen,11/11/64,4/20/90,1/1/99,Senior Engineer
459889,Uma,Perfilyeva,5/20/63,12/22/86,1/1/99,Assistant Engineer
459892,Shigenori,Fioravanti,4/19/64,1/19/98,1/1/99,Staff
459896,Arvin,Hebert,4/4/63,2/9/99,1/1/99,Engineer
459906,Lokesh,Undy,10/27/64,8/26/91,1/1/99,Senior Engineer
459908,Atreyi,Stavenow,4/20/62,2/22/98,1/1/99,Senior Staff
459912,Bodo,Fandrianto,2/14/62,1/16/90,1/1/99,Senior Engineer
459913,Yishai,Gomatam,4/2/64,7/31/99,1/1/99,Engineer
459927,Kwan,Roison,1/23/62,3/13/97,1/1/99,Engineer
459928,Ugo,Garnick,1/31/63,11/14/93,1/1/99,Technique Leader
459931,Miyeon,Luon,6/3/63,3/25/94,1/1/99,Senior Engineer
459936,Tooru,Gihr,5/20/63,10/10/88,1/1/99,Senior Engineer
459939,Nevio,Kroft,12/5/63,6/9/94,1/1/99,Staff
459941,Genevieve,Markovitch,10/8/62,11/15/90,1/1/99,Senior Staff
459945,Naraig,Leuchs,1/1/64,5/26/98,1/1/99,Engineer
459950,Flemming,Rabehasaina,11/11/62,8/30/95,1/1/99,Engineer
459954,Arnd,Bondorf,9/1/62,5/11/00,1/1/99,Engineer
459955,Shahar,Herath,5/21/63,10/28/92,1/1/99,Technique Leader
459965,Sudhanshu,Lanphier,12/24/63,3/13/96,1/1/99,Technique Leader
459968,Rajmohan,Rajala,11/23/62,1/23/86,1/1/99,Staff
459972,Rosella,Valette,11/12/62,7/11/85,1/1/99,Senior Engineer
459975,Guiseppe,Cappelletti,12/31/62,3/13/95,1/1/99,Senior Staff
459986,Bouchung,Rosis,3/12/63,8/18/89,1/1/99,Assistant Engineer
459994,Cathie,Magliocco,12/13/64,8/15/91,1/1/99,Engineer
460011,Bouchung,Basart,11/20/64,9/11/87,1/1/99,Senior Staff
460013,Ronnie,Babu,5/14/62,8/18/89,1/1/99,Engineer
460016,Khalil,Iwayama,5/28/64,8/9/87,1/1/99,Staff
460020,Xuedong,Ginneken,5/11/64,3/20/93,1/1/99,Senior Staff
460021,Mara,Sidhu,8/26/63,5/13/93,1/1/99,Senior Staff
460026,Zongyan,Kornatzky,1/21/62,7/11/98,1/1/99,Engineer
460029,Werner,Gien,8/26/64,6/2/99,1/1/99,Engineer
460038,Hatsukazu,Nooteboom,3/2/64,10/10/88,1/1/99,Engineer
460040,Syozo,Levergood,3/27/63,10/24/91,1/1/99,Staff
460045,Rance,Sherertz,3/13/62,8/13/95,1/1/99,Senior Staff
460050,Mechthild,Panangaden,12/18/62,4/14/98,1/1/99,Assistant Engineer
460051,Gill,Bugrara,11/11/63,8/10/94,1/1/99,Engineer
460063,Charmane,Junot,3/28/62,5/31/99,1/1/99,Assistant Engineer
460064,Aamod,Parfitt,12/19/63,5/3/88,1/1/99,Senior Staff
460076,Chinhyun,Swift,10/24/64,5/8/87,1/1/99,Staff
460078,Shakhar,Ebeling,9/5/63,2/18/93,1/1/99,Senior Engineer
460080,Ekawit,Prenel,11/2/62,5/30/92,1/1/99,Senior Engineer
460081,Kristof,Desikan,2/27/62,11/26/96,1/1/99,Staff
460086,Christoper,Zolotykh,5/27/63,10/28/94,1/1/99,Staff
460087,Moon,Waschkowski,10/15/64,5/22/86,1/1/99,Senior Staff
460090,Hironoby,Makinen,11/17/62,1/10/99,1/1/99,Engineer
460093,Gay,Suwa,11/29/63,10/8/94,1/1/99,Senior Engineer
460099,Marsha,Ecklund,2/27/64,12/28/93,1/1/99,Senior Staff
460103,Weijing,Sidou,4/5/62,6/19/94,1/1/99,Senior Engineer
460106,Vidya,Whittlesey,6/10/62,10/9/99,1/1/99,Staff
460109,Vincent,Kaiserswerth,11/2/62,1/18/89,1/1/99,Senior Engineer
460116,Abdulah,Demri,3/1/63,12/18/93,1/1/99,Senior Engineer
460119,Vugranam,Vieth,1/19/63,7/24/93,1/1/99,Assistant Engineer
460122,Xiping,Lores,4/5/62,9/9/90,1/1/99,Technique Leader
460130,Gregory,Pena,12/2/63,3/18/90,1/1/99,Senior Engineer
460131,Adly,Hambrick,1/16/65,7/25/97,1/1/99,Staff
460132,Mandell,Varker,9/13/64,10/25/98,1/1/99,Engineer
460136,Chriss,DeMori,7/19/62,7/19/85,1/1/99,Staff
460142,Behnaam,Dulin,1/17/62,2/12/92,1/1/99,Staff
460146,Jouni,Fasbender,11/11/62,9/15/98,1/1/99,Senior Engineer
460147,Insup,Koprowski,2/9/62,1/24/90,1/1/99,Technique Leader
460155,Doohun,Gargeya,8/11/62,1/15/91,1/1/99,Senior Staff
460159,Vidya,Hockney,3/1/64,8/25/97,1/1/99,Assistant Engineer
460163,Goetz,Aloisi,3/15/63,11/8/86,1/1/99,Engineer
460166,Genta,Blokdijk,2/20/64,8/2/87,1/1/99,Senior Engineer
460180,Felicidad,Curless,6/8/64,5/25/86,1/1/99,Senior Engineer
460190,Shigeichiro,Panienski,4/28/64,2/1/93,1/1/99,Senior Engineer
460192,Leen,Birta,10/5/63,1/20/87,1/1/99,Senior Staff
460199,Kyoichi,Luce,6/15/62,1/11/96,1/1/99,Engineer
460200,Yurij,Schaft,11/25/62,10/13/99,1/1/99,Staff
460206,Taisook,Trachtenberg,6/10/62,2/7/97,1/1/99,Senior Engineer
460210,Debatosh,Grospietsch,10/22/63,8/10/93,1/1/99,Staff
460217,Tzu,Quaggetto,12/4/62,1/8/92,1/1/99,Senior Engineer
460220,Marjo,Waschkowski,11/21/62,4/27/87,1/1/99,Senior Engineer
460223,Constantino,Preusig,2/5/63,4/21/96,1/1/99,Staff
460233,Xudong,Hebert,3/20/62,2/17/00,1/1/99,Staff
460236,Paloma,Delaune,2/13/64,3/16/90,1/1/99,Senior Engineer
460246,Mara,Makinen,2/11/64,4/26/95,1/1/99,Engineer
460248,Kien,Peternell,10/25/63,7/6/93,1/1/99,Senior Staff
460257,Mayumi,Wynblatt,11/27/63,6/20/98,1/1/99,Engineer
460260,Lillian,Zweizig,7/6/63,3/13/90,1/1/99,Senior Staff
460283,Dipayan,Kushner,2/4/64,10/12/92,1/1/99,Assistant Engineer
460314,Leif,Baumann,1/12/64,10/4/94,1/1/99,Engineer
460315,Rasikan,Nivat,8/27/62,7/16/90,1/1/99,Senior Engineer
460316,Francoise,Vakili,12/21/62,1/23/93,1/1/99,Senior Engineer
460318,Bedir,Simmel,12/20/62,1/9/87,1/1/99,Engineer
460319,Arvind,Falck,4/12/64,4/7/01,1/1/99,Senior Engineer
460330,Vasiliy,Glinert,7/24/63,12/3/94,1/1/99,Staff
460333,Shugo,Macedo,5/2/63,6/22/97,1/1/99,Staff
460339,Otilia,Vieri,11/27/62,1/28/89,1/1/99,Engineer
460343,Atreyi,Reeken,7/10/62,11/3/85,1/1/99,Senior Engineer
460344,Vishwani,Wielonsky,10/2/63,10/26/96,1/1/99,Senior Staff
460347,Demin,Heinisuo,2/5/62,6/22/96,1/1/99,Senior Engineer
460356,Uma,Larfeldt,5/27/64,9/17/99,1/1/99,Senior Staff
460382,Tzvetan,Gniady,11/15/62,3/8/86,1/1/99,Senior Staff
460385,Kasidit,Liesche,3/15/64,5/10/88,1/1/99,Staff
460386,Mitsuyuki,Pillow,4/7/63,11/14/90,1/1/99,Senior Staff
460391,Hongzue,Wynblatt,9/25/63,6/16/99,1/1/99,Senior Staff
460406,Udi,Schwartzbauer,11/13/64,2/21/99,1/1/99,Staff
460408,Theirry,Merli,6/8/64,12/29/98,1/1/99,Senior Engineer
460409,Srinidhi,Chepyzhov,6/16/64,1/25/96,1/1/99,Senior Engineer
460411,Alagu,Randi,3/8/62,3/13/88,1/1/99,Engineer
460420,Genki,Danecki,3/22/62,9/9/92,1/1/99,Technique Leader
460424,Shaowei,Jakobus,10/9/62,10/15/91,1/1/99,Engineer
460440,Shen,Emden,5/22/63,8/17/93,1/1/99,Senior Staff
460443,Hitofumi,Badr,1/13/62,9/29/91,1/1/99,Senior Engineer
460447,Amalendu,Verhoeff,5/24/62,2/26/95,1/1/99,Engineer
460451,Tianruo,Trelles,11/28/64,4/19/90,1/1/99,Senior Engineer
460452,Shaleah,Swist,3/25/62,8/4/90,1/1/99,Senior Engineer
460454,Mabo,Heinisuo,7/4/62,12/24/89,1/1/99,Senior Staff
460456,Taisook,Lally,12/19/62,7/19/92,1/1/99,Engineer
460466,Faiza,Luit,10/20/63,7/7/98,1/1/99,Technique Leader
460468,Xiaocheng,Giveon,5/29/63,12/25/97,1/1/99,Staff
460471,Gunilla,Stentiford,12/16/63,7/25/99,1/1/99,Engineer
460475,Duke,Fortenbacher,11/24/62,9/12/89,1/1/99,Senior Staff
460480,Remzi,Peck,7/17/62,9/3/96,1/1/99,Engineer
460485,Lillian,Ashish,9/15/63,5/29/97,1/1/99,Assistant Engineer
460486,Duro,Gire,6/26/64,9/29/99,1/1/99,Engineer
460488,Kaijung,Munch,10/10/62,10/20/90,1/1/99,Senior Staff
460496,Licheng,Blokdijk,9/20/64,4/29/97,1/1/99,Engineer
460504,Ravishankar,Dusink,5/22/63,11/2/99,1/1/99,Senior Staff
460514,Koldo,Quittner,1/4/63,3/8/91,1/1/99,Staff
460515,Mizuhito,Peng,2/14/64,5/2/89,1/1/99,Staff
460518,Otmar,Dichev,7/11/63,11/13/89,1/1/99,Senior Engineer
460533,Ger,Emden,9/16/63,2/11/93,1/1/99,Senior Staff
460539,Ger,Ressouche,5/7/63,11/12/92,1/1/99,Senior Engineer
460541,Bernt,Haldar,11/1/63,12/29/86,1/1/99,Staff
460547,Tetsushi,Dratva,1/31/64,11/4/86,1/1/99,Senior Staff
460548,Hideyuki,Shackel,7/14/63,6/23/95,1/1/99,Engineer
460551,Willard,Heuter,6/23/63,7/2/98,1/1/99,Staff
460552,Haldon,Gischer,4/15/64,8/24/87,1/1/99,Senior Engineer
460558,Shaleah,Herbst,11/26/64,6/22/97,1/1/99,Senior Staff
460560,Hsiangchu,Ossenbruggen,10/1/63,3/25/94,1/1/99,Engineer
460563,Zhongwei,Birjandi,1/18/63,8/18/99,1/1/99,Staff
460566,Shaleah,Fraisse,6/4/64,3/27/86,1/1/99,Senior Staff
460571,Macha,Eastman,9/26/62,11/23/91,1/1/99,Senior Engineer
460582,Eric,Egerstedt,6/2/62,11/22/98,1/1/99,Senior Staff
460594,Saeed,Munoz,10/17/64,10/23/01,1/1/99,Engineer
460597,Nechama,Siochi,10/9/62,4/14/98,1/1/99,Senior Engineer
460599,Oldrich,Biros,5/2/63,12/10/87,1/1/99,Senior Engineer
460600,Arra,Matzke,10/12/64,6/15/97,1/1/99,Engineer
460602,Monique,Schaar,4/5/63,9/4/86,1/1/99,Engineer
460603,Josyula,Scallan,6/3/64,3/28/95,1/1/99,Staff
460616,Almudena,Vidal,5/12/62,3/2/92,1/1/99,Senior Staff
460617,Bernt,Ghalwash,7/1/64,10/26/87,1/1/99,Senior Staff
460618,Lucian,Riexinger,8/27/64,9/24/97,1/1/99,Engineer
460626,Guther,Vural,11/11/62,8/18/85,1/1/99,Senior Staff
460628,Nalini,Kaiserswerth,5/6/63,8/1/87,1/1/99,Senior Staff
460630,Lenore,Alblas,2/6/64,1/18/88,1/1/99,Engineer
460632,Gen,Gimarc,6/21/64,9/17/97,1/1/99,Senior Engineer
460633,Heping,Anger,4/15/62,4/17/92,1/1/99,Senior Staff
460645,Yakichi,Iisaka,9/29/62,2/18/86,1/1/99,Staff
460648,Nitsan,Kading,7/26/63,7/22/99,1/1/99,Staff
460656,Chikako,Serdy,7/5/62,2/13/91,1/1/99,Engineer
460670,Dietrich,Vecchi,11/10/63,3/9/93,1/1/99,Senior Staff
460675,Xianlong,Openshaw,1/2/62,1/1/88,1/1/99,Senior Staff
460677,Udi,Ananiadou,11/19/63,2/27/89,1/1/99,Assistant Engineer
460681,Gregory,Bernatsky,12/30/62,10/2/97,1/1/99,Senior Staff
460685,Noritoshi,Gischer,6/30/64,5/5/96,1/1/99,Engineer
460689,Khalid,Dalphin,5/14/64,6/9/92,1/1/99,Senior Staff
460691,Munehiko,Gihr,1/16/65,12/6/89,1/1/99,Senior Staff
460694,Conrado,Melichar,7/11/64,2/3/87,1/1/99,Staff
460699,Thodoros,Homond,7/2/62,7/24/96,1/1/99,Senior Engineer
460707,Yoshinari,Lanteri,1/7/65,12/25/96,1/1/99,Senior Engineer
460708,Huican,Stafford,4/7/62,12/6/92,1/1/99,Staff
460713,Jinpo,Flasterstein,1/22/64,6/13/97,1/1/99,Senior Engineer
460714,Chuanti,Schaap,6/28/63,10/31/99,1/1/99,Staff
460717,Golgen,Marquardt,8/29/64,1/16/87,1/1/99,Staff
460720,Sushant,Pramanik,12/23/62,3/13/91,1/1/99,Technique Leader
460730,Anestis,Luiz,9/19/64,11/9/01,1/1/99,Assistant Engineer
460731,Sigeru,Perez,3/12/62,1/23/99,1/1/99,Technique Leader
460737,Paraskevi,Underwood,8/12/63,12/18/91,1/1/99,Engineer
460738,Pranjal,Harllee,7/19/62,10/14/97,1/1/99,Engineer
460743,Chrisa,Kowalchuk,3/16/64,9/30/95,1/1/99,Senior Staff
460744,Tonia,Siochi,7/26/63,4/21/91,1/1/99,Engineer
460752,Shawna,Roisin,11/12/62,10/9/91,1/1/99,Staff
460760,Werner,Cheshire,10/23/63,7/14/93,1/1/99,Senior Staff
460764,Roselyn,Bruckman,1/21/64,12/26/86,1/1/99,Senior Staff
460765,Sanjay,Velasco,9/22/63,11/15/86,1/1/99,Senior Engineer
460770,Fai,Bednarek,6/3/64,10/5/91,1/1/99,Staff
460774,Dietrich,Benveniste,11/27/63,4/18/85,1/1/99,Senior Staff
460775,Sanjai,Vidya,2/10/62,2/18/99,1/1/99,Engineer
460776,Leaf,Toyoshima,9/18/62,11/25/00,1/1/99,Senior Staff
460785,Khoa,Bodoff,7/18/62,9/27/93,1/1/99,Staff
460800,Matk,Nilsson,3/6/64,12/11/90,1/1/99,Assistant Engineer
460803,Zita,Linares,7/8/64,11/23/89,1/1/99,Staff
460805,Dzung,Angel,8/6/62,6/9/91,1/1/99,Staff
460819,Goetz,Pintelas,1/10/63,11/17/87,1/1/99,Senior Staff
460828,Mabry,Fabrizio,3/7/62,3/6/93,1/1/99,Senior Staff
460835,Taiji,Grospietsch,6/24/63,11/23/85,1/1/99,Senior Staff
460840,Oscar,Birke,3/28/63,5/4/96,1/1/99,Staff
460843,Venkatesan,Trumbly,1/30/64,3/13/86,1/1/99,Engineer
460847,Woody,Naudin,9/8/63,6/12/87,1/1/99,Senior Engineer
460855,Zhensheng,Coombs,12/25/64,4/28/96,1/1/99,Senior Engineer
460866,Hideyuki,Tsunoo,11/11/63,6/6/87,1/1/99,Senior Engineer
460867,Ulises,Bridgland,8/28/62,10/11/90,1/1/99,Engineer
460875,Tommaso,Birke,12/13/63,7/1/86,1/1/99,Senior Staff
460879,Katsuo,Landherr,8/18/64,6/8/93,1/1/99,Engineer
460880,Lorien,Denna,1/6/64,8/18/87,1/1/99,Senior Staff
460881,Xiaocheng,Akazan,9/6/63,11/17/87,1/1/99,Engineer
460883,Sampalli,Whitcomb,9/10/63,3/1/96,1/1/99,Staff
460889,Youpyo,Cappelletti,10/16/63,8/24/93,1/1/99,Senior Engineer
460907,Leni,Giveon,9/7/64,12/11/96,1/1/99,Engineer
460911,Masato,Falby,3/27/64,7/28/93,1/1/99,Senior Engineer
460919,Abdelghani,Riexinger,3/7/63,5/27/98,1/1/99,Engineer
460920,Remzi,Mitzlaff,1/22/65,4/6/86,1/1/99,Senior Staff
460923,Iara,Bernardeschi,3/23/63,9/27/98,1/1/99,Senior Engineer
460928,Bernice,Bouloucos,8/23/64,1/19/98,1/1/99,Staff
460939,Sailaja,Szmurlo,2/12/64,1/26/92,1/1/99,Staff
460946,Poornachandra,Bellone,12/3/63,5/12/99,1/1/99,Staff
460953,Jordanka,Spataro,12/11/63,9/2/92,1/1/99,Senior Staff
460954,Seshu,Streit,4/16/64,3/29/94,1/1/99,Senior Engineer
460958,Tonia,Lorys,6/2/63,7/4/92,1/1/99,Senior Engineer
460959,Shrikanth,Belinskaya,8/21/63,4/28/96,1/1/99,Senior Engineer
460963,Bodo,Lung,10/25/62,4/22/91,1/1/99,Engineer
460964,Juichirou,Benveniste,6/26/63,7/11/95,1/1/99,Senior Engineer
460965,Sajjad,Rosti,2/5/63,11/29/86,1/1/99,Senior Staff
460967,Moty,Baalen,8/4/62,5/14/92,1/1/99,Senior Staff
460974,Kasturi,Demizu,10/5/63,2/9/85,1/1/99,Senior Engineer
460979,Premsyl,Strooper,11/11/62,9/15/88,1/1/99,Staff
460981,Ferdinand,Perfilyeva,6/6/63,2/3/88,1/1/99,Assistant Engineer
460988,Ibibia,Monkewich,3/31/62,11/12/90,1/1/99,Senior Engineer
460991,Ebbe,Douceur,3/15/62,3/30/88,1/1/99,Senior Staff
460993,Utpal,Valtorta,7/8/63,2/9/87,1/1/99,Senior Staff
460999,Etsuo,Viele,10/28/62,6/28/91,1/1/99,Senior Staff
461003,KayLiang,Cusworth,6/17/62,5/16/95,1/1/99,Senior Engineer
461014,Shan,Riefers,7/14/64,5/9/94,1/1/99,Senior Engineer
461017,Aksel,Delgrossi,11/11/64,2/27/89,1/1/99,Engineer
461018,Chiranjit,Liesche,7/8/63,3/4/86,1/1/99,Senior Engineer
461023,Foong,Anguita,2/16/64,12/4/90,1/1/99,Staff
461026,Mingzeng,Crouzet,11/19/62,1/30/93,1/1/99,Senior Staff
461038,Vesna,Bakhtari,8/3/64,3/31/94,1/1/99,Staff
461041,Kwangho,Swiler,7/5/64,8/13/94,1/1/99,Staff
461042,Sajjad,Pollacia,3/21/62,8/13/97,1/1/99,Technique Leader
461043,Sangeeta,Decleir,6/8/64,7/13/88,1/1/99,Engineer
461044,Mahendra,Standera,4/2/62,4/28/95,1/1/99,Senior Engineer
461045,Zhigen,Hettesheimer,8/23/62,11/3/86,1/1/99,Assistant Engineer
461053,Achilleas,Homond,12/28/62,6/20/98,1/1/99,Staff
461060,Aiichiro,Nourani,4/13/64,12/12/94,1/1/99,Engineer
461065,Zorica,Granlund,11/23/64,10/1/92,1/1/99,Engineer
461068,Heekeun,Kranzdorf,6/3/63,7/16/85,1/1/99,Engineer
461073,Baocai,Kleiser,9/1/64,1/4/98,1/1/99,Technique Leader
461074,Jixiang,Pargaonkar,3/31/63,10/21/98,1/1/99,Staff
461077,Shridhar,DuBourdieux,11/24/63,11/2/99,1/1/99,Engineer
461090,Chaitali,Baba,2/6/63,3/26/99,1/1/99,Staff
461113,Sudhanshu,Conti,5/11/64,2/2/85,1/1/99,Staff
461114,Randi,Vadhan,1/7/64,6/11/90,1/1/99,Senior Staff
461115,Badri,Guenter,12/3/63,2/27/99,1/1/99,Engineer
461120,Shietung,Gelosh,1/18/65,4/1/01,1/1/99,Engineer
461127,Herb,Poupard,12/22/63,1/7/87,1/1/99,Senior Staff
461137,Nevin,Noriega,7/17/63,3/12/92,1/1/99,Senior Engineer
461138,Fumiyo,Milicic,11/20/63,11/29/97,1/1/99,Technique Leader
461139,Kellyn,DasSarma,8/12/62,1/26/91,1/1/99,Senior Engineer
461146,Minghong,Goodrum,4/22/62,9/1/97,1/1/99,Engineer
461147,Chanjung,Hellwagner,3/16/64,3/22/94,1/1/99,Staff
461154,Avishai,Makinen,11/3/63,4/22/90,1/1/99,Senior Engineer
461155,Sibyl,Gide,7/24/64,11/21/94,1/1/99,Engineer
461161,Gen,Lorch,3/5/62,2/6/90,1/1/99,Staff
461164,Alois,Wossner,1/8/64,5/7/92,1/1/99,Senior Staff
461173,Arno,Stiles,11/20/62,10/23/99,1/1/99,Assistant Engineer
461187,Haldun,Knightly,1/9/63,8/10/94,1/1/99,Staff
461194,Xiaobin,Slutz,3/11/64,9/15/97,1/1/99,Senior Engineer
461197,Herbert,Binkley,8/3/63,9/5/95,1/1/99,Staff
461198,Debatosh,Akaboshi,9/25/63,11/13/85,1/1/99,Senior Staff
461200,Taizo,Hanratty,4/14/64,4/3/92,1/1/99,Staff
461204,Susumu,Ariola,1/8/62,4/10/90,1/1/99,Engineer
461207,Tsz,Erva,10/23/62,5/14/99,1/1/99,Staff
461208,Saeed,Heuter,4/3/63,10/28/94,1/1/99,Senior Staff
461211,Pohua,Pelc,9/20/63,9/27/98,1/1/99,Staff
461216,Luisa,Morrow,1/15/64,8/14/92,1/1/99,Engineer
461234,Faiza,Babu,1/9/62,6/10/91,1/1/99,Technique Leader
461237,Subhada,Stifter,3/8/62,3/31/85,1/1/99,Senior Staff
461241,Itzchak,Shumilov,7/14/64,2/13/88,1/1/99,Assistant Engineer
461243,Martins,Vuskovic,11/12/63,2/14/97,1/1/99,Staff
461265,Anwar,Figueira,12/6/63,6/19/93,1/1/99,Senior Staff
461268,Hisao,Anily,2/27/63,10/12/91,1/1/99,Senior Staff
461270,Mrinalini,Mawatari,1/10/65,1/3/96,1/1/99,Staff
461274,Ronnie,Lubachevsky,4/9/63,11/24/98,1/1/99,Engineer
461275,Ziyad,Hegner,8/10/64,10/17/94,1/1/99,Senior Engineer
461276,Lucian,Birrer,2/5/62,4/17/96,1/1/99,Senior Staff
461282,Demos,Iisaku,2/18/63,2/12/94,1/1/99,Assistant Engineer
461286,Toshimori,Lorho,5/26/63,4/12/92,1/1/99,Engineer
461288,Mircea,Birjandi,3/6/64,4/18/95,1/1/99,Staff
461292,Szabolcs,Acton,11/26/64,1/6/90,1/1/99,Engineer
461294,Pranav,Linnainmaa,2/11/63,6/20/85,1/1/99,Senior Staff
461297,Guadalupe,Skogmar,7/23/63,12/17/98,1/1/99,Technique Leader
461299,Yonghoan,Leslie,1/12/62,4/6/89,1/1/99,Senior Staff
461320,Shiv,Flowers,7/27/62,8/2/91,1/1/99,Senior Engineer
461324,Chaitali,Birdsall,11/8/64,8/13/93,1/1/99,Senior Engineer
461326,Valery,Peris,12/31/62,3/31/89,1/1/99,Senior Staff
461334,Randi,Melton,8/16/64,3/29/87,1/1/99,Senior Engineer
461335,Arif,Furudate,3/23/63,10/1/85,1/1/99,Senior Staff
461342,Annemarie,Penn,4/13/64,5/28/97,1/1/99,Senior Engineer
461345,Hilari,Polajnar,3/24/64,10/14/00,1/1/99,Senior Staff
461354,Mohammed,Cooke,4/17/64,3/9/00,1/1/99,Engineer
461355,Ger,Mahmud,12/10/63,4/6/92,1/1/99,Engineer
461362,Alain,Beetstra,2/23/64,4/23/91,1/1/99,Senior Engineer
461365,Yuqun,Khasidashvili,12/10/63,8/2/01,1/1/99,Staff
461370,Remko,Sherertz,4/7/64,8/6/95,1/1/99,Engineer
461374,Shigeo,Gerteisen,8/14/62,6/4/85,1/1/99,Senior Staff
461382,Arif,Hardjono,3/27/64,3/13/94,1/1/99,Senior Engineer
461384,Francesca,Yetim,3/1/64,6/23/98,1/1/99,Staff
461387,Bilhanan,Steenbeek,11/25/63,10/22/94,1/1/99,Senior Staff
461393,Baruch,Stroustrup,4/29/62,1/17/98,1/1/99,Engineer
461398,Duangkaew,Kushner,11/24/64,7/14/99,1/1/99,Senior Staff
461407,Bokyung,Makinen,7/9/64,7/30/00,1/1/99,Senior Engineer
461411,Atreye,Backhouse,2/17/62,10/12/89,1/1/99,Technique Leader
461414,Mayumi,Czap,12/24/62,6/21/93,1/1/99,Engineer
461415,Mark,Welham,7/22/64,9/9/98,1/1/99,Staff
461416,Siamak,Rathonyi,8/14/62,10/8/89,1/1/99,Engineer
461420,Soenke,Lukaszewicz,6/14/63,3/27/99,1/1/99,Staff
461431,Zhenbing,Potthoff,10/22/63,1/14/94,1/1/99,Senior Staff
461432,Danae,Brender,12/14/63,3/30/92,1/1/99,Senior Engineer
461433,Adly,Birdsall,7/14/62,3/15/97,1/1/99,Engineer
461437,Shaibal,Seiwald,3/22/64,9/20/90,1/1/99,Senior Staff
461441,Arunas,Junet,1/30/62,6/10/02,1/1/99,Engineer
461445,Aimee,Angiulli,7/7/63,6/23/94,1/1/99,Staff
461447,Mayumi,Mawatari,12/7/64,8/23/89,1/1/99,Engineer
461451,Owen,Pavlopoulou,1/1/62,3/26/02,1/1/99,Engineer
461455,Mark,McConalogue,8/6/64,2/25/98,1/1/99,Assistant Engineer
461460,Stella,Chinen,10/19/64,9/28/87,1/1/99,Senior Staff
461461,Arvind,Perz,9/4/64,2/5/88,1/1/99,Senior Staff
461462,Leon,Krybus,12/21/63,5/27/91,1/1/99,Staff
461478,Gad,Sudbeck,1/13/63,9/12/89,1/1/99,Senior Engineer
461486,Vishu,Shanbhogue,4/24/63,1/24/94,1/1/99,Senior Engineer
461489,Moss,Maginnis,11/15/63,7/5/88,1/1/99,Staff
461492,Ger,Krohn,7/13/62,2/11/98,1/1/99,Engineer
461507,Willard,Luff,8/2/64,4/13/92,1/1/99,Senior Engineer
461517,Hercules,Benantar,7/20/63,6/8/89,1/1/99,Senior Staff
461526,Hauke,Ranst,2/1/62,6/14/88,1/1/99,Senior Engineer
461534,Maya,Marrevee,4/1/64,8/18/94,1/1/99,Staff
461539,Conor,Peir,6/8/64,8/12/90,1/1/99,Engineer
461541,Shiv,Bultermann,9/10/64,5/17/92,1/1/99,Engineer
461555,Jordanka,Caine,6/24/63,7/17/94,1/1/99,Senior Staff
461558,Maria,Zhang,5/25/64,2/10/93,1/1/99,Staff
461565,Rafols,Krychniak,1/21/64,11/13/93,1/1/99,Senior Engineer
461568,Chikako,Lally,5/27/63,6/22/99,1/1/99,Senior Staff
461572,Goo,Broomell,9/21/62,2/5/87,1/1/99,Senior Engineer
461575,Sadegh,Lalonde,8/9/63,7/30/97,1/1/99,Staff
461579,Zito,Thiran,4/28/64,4/14/85,1/1/99,Senior Engineer
461581,Janche,Lupu,6/18/64,11/5/99,1/1/99,Engineer
461583,Ashish,Jonsson,9/21/64,11/16/97,1/1/99,Engineer
461586,Ipke,Grandbois,8/30/62,10/13/87,1/1/99,Engineer
461592,Aemilian,Valette,9/5/63,6/27/95,1/1/99,Engineer
461621,Jordanka,Passino,11/2/64,4/7/97,1/1/99,Staff
461623,Valdiodio,Gewali,2/11/62,9/24/89,1/1/99,Senior Staff
461635,Randi,Kowalchuk,9/22/62,10/17/90,1/1/99,Senior Engineer
461642,Divier,Billawala,8/16/64,10/19/94,1/1/99,Senior Engineer
461643,Qingxiang,Reistad,1/11/63,7/6/91,1/1/99,Senior Staff
461653,Rayond,Pepe,8/31/64,8/9/96,1/1/99,Senior Staff
461658,Takahira,Heuter,8/14/62,10/21/90,1/1/99,Senior Staff
461676,Jixiang,Vadhan,7/18/62,10/30/90,1/1/99,Engineer
461678,Shimshon,Emiris,10/3/63,4/2/87,1/1/99,Engineer
461681,Kamakshi,Schonegge,7/7/64,7/17/86,1/1/99,Senior Engineer
461682,Shirish,Iivonen,6/16/62,3/26/99,1/1/99,Engineer
461683,Mari,Begiun,8/8/63,10/13/98,1/1/99,Engineer
461702,Elvis,Nannarelli,7/19/62,1/23/00,1/1/99,Senior Engineer
461716,Sakthirel,Birrer,2/16/63,9/2/96,1/1/99,Engineer
461720,LiMin,Angot,5/2/62,3/7/91,1/1/99,Senior Engineer
461727,Tommaso,Kaltofen,6/4/63,12/1/93,1/1/99,Engineer
461730,Evgueni,Jeansoulin,6/30/64,8/12/93,1/1/99,Engineer
461731,KayLiang,Luon,12/8/62,4/30/98,1/1/99,Senior Staff
461733,Adit,Encarnacion,4/5/63,9/2/97,1/1/99,Senior Staff
461744,Freyja,Chepyzhov,1/13/64,1/6/87,1/1/99,Senior Engineer
461748,Shim,Wallrath,8/12/63,11/29/97,1/1/99,Staff
461750,Yonghoan,Brookman,12/21/64,9/27/98,1/1/99,Engineer
461753,Hidde,Mawatari,7/25/64,12/2/91,1/1/99,Senior Staff
461755,Alselm,Facello,12/24/62,4/21/86,1/1/99,Assistant Engineer
461773,Domenico,Jording,10/27/62,7/19/00,1/1/99,Senior Engineer
461782,Marie,Coombs,2/22/62,2/8/96,1/1/99,Engineer
461792,Shay,Molberg,8/25/63,5/23/99,1/1/99,Senior Staff
461798,Gou,Fandrianto,2/13/64,1/29/99,1/1/99,Staff
461800,Nadjib,Ratnakar,6/21/62,1/25/94,1/1/99,Senior Staff
461801,Sumali,Cooman,1/3/65,4/18/93,1/1/99,Senior Staff
461806,Abdelghani,Conia,8/5/63,1/5/90,1/1/99,Staff
461814,Udaiprakash,Giveon,12/7/64,5/26/93,1/1/99,Staff
461817,Wilmer,Muntz,5/7/64,9/22/89,1/1/99,Senior Staff
461822,Yinlin,Sichman,12/4/62,8/19/98,1/1/99,Engineer
461828,Tesuro,Sichman,6/15/64,2/25/86,1/1/99,Senior Staff
461829,Prodip,Bhattacharjee,12/8/62,12/23/95,1/1/99,Technique Leader
461830,Gilbert,Journel,10/30/62,12/17/87,1/1/99,Senior Staff
461842,Huan,Itzigehl,3/27/63,4/3/91,1/1/99,Senior Staff
461849,Stein,Krychniak,8/13/63,5/15/95,1/1/99,Senior Staff
461851,Lobel,Stavenow,8/18/63,6/5/85,1/1/99,Senior Engineer
461856,IEEE,Kleiser,1/30/64,1/3/94,1/1/99,Senior Engineer
461857,Oscar,Ouhyoung,10/20/64,2/10/01,1/1/99,Senior Engineer
461862,Fan,Miake,2/4/62,6/22/96,1/1/99,Engineer
461869,Nakhoon,Falby,4/8/63,2/13/89,1/1/99,Staff
461871,Anestis,Rabejac,1/9/62,3/15/91,1/1/99,Assistant Engineer
461875,Dante,Serna,3/22/62,7/22/90,1/1/99,Senior Staff
461880,Aksel,Bage,7/22/64,7/13/93,1/1/99,Staff
461884,Qiwen,Teitelbaum,1/18/63,6/5/91,1/1/99,Senior Staff
461899,Marin,Kusakari,8/2/64,12/21/93,1/1/99,Senior Staff
461904,Mitsuyuki,Iacovou,12/8/64,5/20/89,1/1/99,Senior Staff
461916,Florina,Zwicker,7/16/63,8/1/97,1/1/99,Staff
461918,Oscar,Silva,12/27/62,11/8/90,1/1/99,Staff
461919,Shuky,Gluchowski,3/22/63,5/8/93,1/1/99,Senior Staff
461923,Hein,Schnelling,10/17/64,2/26/97,1/1/99,Staff
461924,Girolamo,Smailagic,8/21/64,1/25/94,1/1/99,Engineer
461932,Ronnie,Chartres,3/9/62,1/23/86,1/1/99,Engineer
461933,Yolla,Stifter,12/1/64,9/30/87,1/1/99,Senior Engineer
461935,Taegyun,Gils,7/12/63,7/2/91,1/1/99,Engineer
461937,Woody,Constantine,11/9/64,5/31/89,1/1/99,Staff
461939,Toshimo,Alpay,7/21/63,4/2/00,1/1/99,Assistant Engineer
461941,Fusako,Schoegge,9/27/63,5/8/90,1/1/99,Senior Engineer
461942,Jiakeng,Monarch,12/11/64,12/31/92,1/1/99,Senior Staff
461944,Satyanarayana,Hennebert,3/8/63,3/3/97,1/1/99,Engineer
461947,Alejandra,Bardell,2/1/64,7/14/86,1/1/99,Senior Engineer
461952,Chuanyi,Rehfuss,12/6/62,6/9/96,1/1/99,Staff
461955,Emdad,Delgrossi,8/3/64,7/24/97,1/1/99,Engineer
461961,Steve,Dusink,12/5/64,8/6/98,1/1/99,Staff
461967,Udo,Androutsos,12/21/64,6/9/88,1/1/99,Staff
461984,Zorica,Menhoudj,4/7/63,9/3/90,1/1/99,Senior Engineer
461986,Xianlong,Hagimont,2/2/63,10/12/87,1/1/99,Senior Engineer
461999,Sachar,Erie,1/1/63,2/23/86,1/1/99,Senior Staff
462001,Kauko,Nitsche,6/29/63,10/23/95,1/1/99,Engineer
462008,Spyrose,Bodoff,8/18/62,7/2/93,1/1/99,Senior Engineer
462019,Jolita,Brodie,2/17/63,10/19/99,1/1/99,Engineer
462027,Moheb,Heemskerk,2/1/63,2/3/86,1/1/99,Engineer
462031,Limsoon,Brobst,8/10/63,7/1/85,1/1/99,Senior Engineer
462040,Yongmin,Zhiwei,4/6/63,12/1/93,1/1/99,Senior Engineer
462041,Kotesh,Marshall,5/17/63,12/19/94,1/1/99,Engineer
462043,Kwangho,Stenning,1/11/63,5/23/97,1/1/99,Senior Staff
462053,Hongzue,Cronan,3/10/63,4/5/00,1/1/99,Engineer
462063,Lech,Pelc,11/13/63,6/7/91,1/1/99,Senior Staff
462071,Ioana,Murtafg,12/13/64,6/4/89,1/1/99,Senior Staff
462088,Horward,Rande,10/24/63,11/21/99,1/1/99,Engineer
462089,Prodip,Waymire,11/16/62,2/24/98,1/1/99,Senior Staff
462099,Jeong,Ravishankar,3/3/62,7/27/94,1/1/99,Engineer
462101,Richard,Belinskaya,1/4/64,1/26/93,1/1/99,Engineer
462104,Elgin,Swab,11/7/62,12/11/90,1/1/99,Senior Staff
462114,Clyde,Hooghiemstra,12/8/62,6/10/91,1/1/99,Technique Leader
462117,Constantino,Hooghiemstra,1/3/63,3/10/85,1/1/99,Engineer
462122,Ramzi,Gien,10/22/63,6/10/92,1/1/99,Engineer
462124,Siddarth,Zuberek,5/5/63,2/2/95,1/1/99,Staff
462126,Tsuneo,Wynblatt,12/7/64,6/1/98,1/1/99,Senior Staff
462138,Subhankar,Pollock,10/31/62,6/6/95,1/1/99,Senior Engineer
462147,IEEE,Frolund,2/26/63,5/24/93,1/1/99,Senior Staff
462153,Martijn,Crouzet,6/1/64,10/13/99,1/1/99,Senior Staff
462156,Elvia,Suermann,5/8/62,2/11/96,1/1/99,Senior Staff
462158,Ortrun,Riexinger,9/24/62,5/18/86,1/1/99,Technique Leader
462164,Anyuan,Erol,10/25/63,4/19/88,1/1/99,Senior Staff
462166,Nahla,Tchuente,9/16/63,8/24/87,1/1/99,Engineer
462169,Gregory,Wallrath,7/12/62,2/24/93,1/1/99,Staff
462171,Ronnie,Benner,9/30/62,8/15/95,1/1/99,Engineer
462176,Siamak,Birrer,2/27/63,11/29/92,1/1/99,Senior Engineer
462177,Mohammad,Lagarias,6/13/64,11/3/95,1/1/99,Staff
462179,Ipke,Erdi,2/14/62,8/24/97,1/1/99,Senior Engineer
462180,Badri,Potthoff,2/2/63,4/21/93,1/1/99,Staff
462192,Lubomir,Conte,8/9/64,6/22/94,1/1/99,Senior Staff
462196,Kwangyoen,Weiland,4/12/63,12/3/94,1/1/99,Senior Staff
462198,Minghong,Armand,10/22/63,1/22/90,1/1/99,Staff
462203,Remmert,Nittel,8/2/64,7/26/97,1/1/99,Senior Staff
462205,Huei,Laurillard,4/8/62,4/15/93,1/1/99,Staff
462210,Dhritiman,Gini,3/30/64,5/18/96,1/1/99,Senior Engineer
462211,Hugh,Ranft,2/3/62,5/9/93,1/1/99,Senior Engineer
462212,Chiradeep,Hatcliff,9/23/63,1/8/90,1/1/99,Senior Staff
462219,Zejun,Ossenbruggen,11/17/64,9/9/98,1/1/99,Technique Leader
462223,Gina,Delgrossi,12/18/63,2/24/99,1/1/99,Engineer
462226,Ennio,Solovay,8/12/63,3/19/94,1/1/99,Staff
462227,Shaowen,Holburn,11/25/63,3/5/88,1/1/99,Staff
462239,Tuval,Melter,8/30/62,1/16/00,1/1/99,Staff
462241,Syozo,Eterovic,8/1/64,3/11/94,1/1/99,Staff
462247,Pranay,Aumann,11/9/62,10/23/87,1/1/99,Senior Staff
462249,Chikara,Jeansoulin,2/5/63,2/16/01,1/1/99,Engineer
462256,Irena,Lubachevsky,10/7/64,3/24/86,1/1/99,Senior Engineer
462260,Goncalo,Demeyer,3/14/64,10/17/95,1/1/99,Engineer
462261,Kenton,Budinsky,1/30/63,9/25/89,1/1/99,Senior Engineer
462267,Hyuckchul,Setlzner,10/23/64,10/19/96,1/1/99,Technique Leader
462269,Pantung,Stassinopoulos,9/25/62,5/5/87,1/1/99,Engineer
462270,Hironobu,Olano,8/13/64,3/18/96,1/1/99,Engineer
462273,Rosalie,Thibadeau,11/28/62,11/19/88,1/1/99,Senior Staff
462276,Moto,Siegrist,12/25/63,1/10/99,1/1/99,Staff
462280,Pranav,Gecsel,6/23/64,4/11/89,1/1/99,Engineer
462281,Nahla,Luan,10/25/62,11/23/94,1/1/99,Senior Staff
462292,Christfried,Kobuchi,10/25/63,10/15/96,1/1/99,Staff
462293,Ziya,Genin,3/31/64,1/20/87,1/1/99,Senior Staff
462299,Huei,Picht,6/2/63,5/16/90,1/1/99,Senior Staff
462307,Magy,Woycyznski,1/31/64,2/24/90,1/1/99,Staff
462310,Sangeeta,Guting,12/16/63,9/3/98,1/1/99,Staff
462311,Noritoshi,Perfilyeva,5/23/64,6/11/93,1/1/99,Staff
462315,Utz,Nitsche,2/14/62,8/15/91,1/1/99,Engineer
462316,Nikolaos,Jumpertz,2/15/62,7/22/93,1/1/99,Senior Engineer
462318,Babette,Garnier,3/7/62,11/30/87,1/1/99,Staff
462320,Masanao,Sinitsyn,1/27/62,6/3/97,1/1/99,Engineer
462325,Urs,Velasco,4/25/62,9/25/85,1/1/99,Senior Staff
462338,Raimond,Pusterhofer,8/5/63,9/17/98,1/1/99,Staff
462340,Nikolaos,Suermann,12/29/63,8/24/97,1/1/99,Senior Engineer
462341,Barna,Kamber,1/16/62,5/27/86,1/1/99,Engineer
462343,Shahid,Erni,7/9/63,5/15/91,1/1/99,Senior Staff
462356,Rosella,Fabrizio,1/22/64,12/14/87,1/1/99,Technique Leader
462358,Dipayan,Marchesini,9/23/63,5/16/92,1/1/99,Senior Engineer
462375,Dulce,Bellone,2/10/63,9/16/97,1/1/99,Staff
462381,Chrisa,Thorensen,1/26/62,7/15/94,1/1/99,Senior Engineer
462388,Genevieve,Hettesheimer,6/29/64,3/21/85,1/1/99,Assistant Engineer
462396,Dietrich,Hedayat,6/6/62,6/30/85,1/1/99,Senior Staff
462404,Shai,Haldar,7/3/63,11/9/97,1/1/99,Senior Staff
462414,Alejandra,Klyachko,9/14/62,11/4/88,1/1/99,Senior Staff
462421,Teruyuki,Vesna,12/4/62,1/10/88,1/1/99,Senior Engineer
462427,Sailaja,Akaboshi,5/14/63,7/9/91,1/1/99,Staff
462429,Bingning,Schahn,12/3/64,2/6/96,1/1/99,Staff
462436,Sachio,Improta,1/22/63,1/2/98,1/1/99,Engineer
462437,Zissis,Alpin,8/29/62,7/16/99,1/1/99,Assistant Engineer
462439,Danel,Oaver,4/1/63,1/18/91,1/1/99,Staff
462449,Doohun,Khamsi,12/5/62,7/23/89,1/1/99,Staff
462452,Renee,Comyn,5/18/62,10/31/97,1/1/99,Senior Staff
462462,Sibyl,Ponthieu,9/9/63,11/18/95,1/1/99,Engineer
462465,Mona,Marchegay,6/13/63,7/18/87,1/1/99,Senior Staff
462467,Shahaf,Reinhard,12/31/64,4/12/94,1/1/99,Senior Staff
462477,Tsvetan,Munawer,1/2/64,9/29/86,1/1/99,Senior Staff
462488,Qiwen,Kalafatis,2/21/62,8/8/99,1/1/99,Staff
462492,Luerbio,Cappelli,3/3/63,8/20/91,1/1/99,Senior Staff
462493,Paloma,Gerlach,1/12/65,7/26/88,1/1/99,Engineer
462501,Neelam,Vesel,12/13/62,12/22/89,1/1/99,Staff
462505,Somnath,Hopewell,8/18/64,8/1/86,1/1/99,Engineer
462509,Kayoko,Isard,2/19/64,6/19/97,1/1/99,Senior Engineer
462528,Ung,Tsukune,5/27/64,11/13/95,1/1/99,Senior Engineer
462532,Danny,Mikschl,5/10/63,3/4/89,1/1/99,Technique Leader
462534,Billie,Ashish,4/15/62,3/22/00,1/1/99,Senior Engineer
462540,Bartek,Roisin,3/13/64,6/14/95,1/1/99,Engineer
462578,Jackson,Chinin,10/12/64,11/5/94,1/1/99,Staff
462582,Lubomir,Ernst,10/2/64,12/14/95,1/1/99,Senior Staff
462583,Dinkar,Ananiadou,1/1/63,2/28/99,1/1/99,Staff
462587,JoAnne,Randi,12/29/64,4/7/92,1/1/99,Engineer
462593,Prodip,Siksek,10/10/63,12/31/87,1/1/99,Technique Leader
462597,Nathan,Rajaraman,2/13/62,5/23/94,1/1/99,Assistant Engineer
462608,Shigeichiro,Krybus,7/25/64,5/23/96,1/1/99,Staff
462612,Jaber,Valtorta,8/22/64,11/24/97,1/1/99,Engineer
462614,Ymte,Chandrasekhar,4/4/62,11/24/99,1/1/99,Engineer
462619,Gor,Callaway,3/6/64,11/10/01,1/1/99,Senior Engineer
462625,Vasilis,Fargier,8/7/63,2/9/92,1/1/99,Senior Engineer
462646,Denis,Colorni,1/2/62,10/19/87,1/1/99,Engineer
462653,Heejo,Zaiane,1/6/64,3/12/96,1/1/99,Engineer
462654,Larisa,Lupu,10/18/62,8/5/92,1/1/99,Engineer
462661,Shem,Ghandeharizadeh,3/13/63,4/3/98,1/1/99,Staff
462663,Mong,Schaar,1/18/64,7/16/86,1/1/99,Senior Staff
462674,Amalendu,Zhang,1/12/64,6/23/95,1/1/99,Engineer
462678,Nathalie,Hartvigsen,6/4/62,9/6/87,1/1/99,Engineer
462682,Giordano,Cardazo,2/3/64,8/4/88,1/1/99,Staff
462683,Giordano,Ladret,5/29/63,2/11/88,1/1/99,Engineer
462688,Sergi,Garnham,4/6/63,8/26/96,1/1/99,Staff
462691,Marsja,Merel,5/29/63,1/25/00,1/1/99,Engineer
462696,Peer,Mateescu,9/5/63,8/31/91,1/1/99,Senior Staff
462697,Feipei,Moehrke,11/11/63,12/12/89,1/1/99,Senior Engineer
462700,Conor,Ratzlaff,11/28/64,7/31/89,1/1/99,Senior Engineer
462701,Percy,Heijenga,9/23/63,6/29/93,1/1/99,Staff
462702,Harjit,Tyugu,4/6/62,9/22/92,1/1/99,Senior Staff
462714,Udaiprakash,Bakhtari,10/30/63,12/26/95,1/1/99,Assistant Engineer
462718,Masadi,Frezza,3/3/63,9/2/94,1/1/99,Engineer
462721,Leif,Taubenfeld,9/23/64,2/5/90,1/1/99,Senior Staff
462723,Mohit,Mitina,6/18/63,12/13/86,1/1/99,Technique Leader
462726,Shugo,Budinsky,8/13/63,6/20/96,1/1/99,Senior Staff
462727,Fumino,Akazan,6/11/62,8/26/93,1/1/99,Engineer
462738,Rafail,Luga,11/20/63,1/9/00,1/1/99,Senior Engineer
462740,Goo,Barinka,9/30/64,2/7/91,1/1/99,Senior Engineer
462751,Xiadong,Manderick,12/25/64,11/21/90,1/1/99,Senior Staff
462753,Billur,Ananiadou,7/18/64,5/20/95,1/1/99,Senior Engineer
462758,Zito,Schwartzburd,6/19/62,7/28/97,1/1/99,Engineer
462761,Visit,Fargier,8/10/63,6/25/97,1/1/99,Staff
462778,Perry,Perin,3/24/63,5/12/92,1/1/99,Technique Leader
462779,JoAnna,Junot,11/13/64,7/27/87,1/1/99,Staff
462781,Kwun,Bale,5/31/64,1/20/89,1/1/99,Senior Staff
462785,Bowen,Marakhovsky,3/7/62,1/2/89,1/1/99,Senior Staff
462786,Erzsebet,Katalagarianos,12/9/62,10/6/85,1/1/99,Senior Engineer
462787,Ymte,Ramsey,11/26/63,12/14/97,1/1/99,Engineer
462791,Saeed,Ponthieu,5/30/62,6/23/89,1/1/99,Senior Engineer
462795,Somnath,Cummings,1/5/65,7/10/94,1/1/99,Senior Staff
462804,Mario,Pearson,8/9/62,11/20/85,1/1/99,Engineer
462807,Hauke,Ratnaker,8/26/62,6/15/85,1/1/99,Senior Staff
462810,Naftaly,Ressouche,12/31/64,7/27/86,1/1/99,Engineer
462812,Snehasis,Schahn,2/16/64,12/3/92,1/1/99,Technique Leader
462815,Ung,Chiodo,9/3/63,3/4/99,1/1/99,Engineer
462818,Angus,Valette,8/17/64,1/30/93,1/1/99,Senior Engineer
462820,Insup,Fritzsche,2/14/64,7/14/89,1/1/99,Senior Engineer
462825,Jeong,Litzkow,1/29/63,3/23/87,1/1/99,Staff
462835,Flemming,Vilarrasa,9/19/63,5/25/96,1/1/99,Staff
462838,Sreekrishna,Beausoleil,11/9/62,6/16/97,1/1/99,Senior Staff
462845,Shahaf,Dehkordi,12/25/62,11/14/92,1/1/99,Engineer
462852,Zita,Openshaw,6/17/64,6/22/86,1/1/99,Senior Staff
462861,Kamran,Isaak,5/2/62,11/3/85,1/1/99,Senior Staff
462862,Kellie,Demizu,2/11/62,5/3/92,1/1/99,Engineer
462870,Shahar,Streng,7/17/62,4/11/93,1/1/99,Senior Engineer
462873,Marit,Bamford,9/26/63,9/7/96,1/1/99,Engineer
462874,Pranay,Mandell,7/14/62,7/1/02,1/1/99,Staff
462882,Temple,Kaiser,8/30/63,10/2/88,1/1/99,Senior Engineer
462885,Danae,Redmiles,10/27/63,3/5/98,1/1/99,Senior Engineer
462891,Jouni,Ghazalie,12/18/64,2/24/99,1/1/99,Assistant Engineer
462894,Mari,Kambil,5/25/64,8/26/86,1/1/99,Senior Staff
462899,Khosrow,Pauthner,1/15/64,12/23/99,1/1/99,Engineer
462903,Jaihie,Muntz,8/23/62,9/3/86,1/1/99,Staff
462914,Seongbae,Marshall,8/15/62,1/24/89,1/1/99,Senior Staff
462928,Mansur,Bondorf,3/28/62,8/29/99,1/1/99,Senior Staff
462940,Pintsang,Chvatal,3/18/62,7/8/97,1/1/99,Engineer
462942,Radhakrishnan,Schneeberger,7/3/64,7/15/95,1/1/99,Engineer
462943,Phuoc,Marchegay,10/28/63,1/7/88,1/1/99,Senior Staff
462945,Anoosh,Karnin,8/19/62,4/19/87,1/1/99,Staff
462949,Garnet,Luon,12/28/63,6/14/98,1/1/99,Engineer
462950,Jouni,Luca,9/30/63,7/30/93,1/1/99,Staff
462951,Kazuhisa,Peres,1/28/64,7/19/99,1/1/99,Staff
462960,Morris,Rissland,9/20/64,7/7/94,1/1/99,Senior Staff
462961,Gladys,Kobuchi,6/14/63,6/12/92,1/1/99,Engineer
462970,Barton,Rikino,9/4/62,9/30/94,1/1/99,Engineer
462974,Stepehn,Rosti,3/11/63,7/28/96,1/1/99,Staff
462975,Barun,Bierbaum,12/14/64,11/18/89,1/1/99,Senior Engineer
462976,Stamatina,Besselaar,12/2/63,3/11/93,1/1/99,Engineer
462988,Valeska,Zaccaria,1/4/62,5/16/90,1/1/99,Senior Engineer
462995,Kenroku,Lamba,6/2/63,10/2/89,1/1/99,Engineer
462998,Chinhyun,Erdi,7/27/64,1/30/89,1/1/99,Senior Engineer
463013,Masasuke,Chartres,12/30/62,8/24/96,1/1/99,Staff
463015,Tetsushi,Fujisawa,12/23/62,4/18/92,1/1/99,Senior Staff
463018,Yuuichi,Fontet,9/7/62,1/25/99,1/1/99,Staff
463021,Sandeepan,Nyanchama,3/14/62,3/11/98,1/1/99,Assistant Engineer
463022,Kannan,Lemarechal,12/25/62,5/28/94,1/1/99,Staff
463023,Itzchak,Penn,1/6/65,1/21/99,1/1/99,Staff
463024,Parviz,Przulj,1/30/62,6/5/97,1/1/99,Engineer
463025,Insup,Casley,9/11/62,1/16/86,1/1/99,Senior Engineer
463026,Lidong,Zaumen,4/30/63,11/19/96,1/1/99,Assistant Engineer
463032,Mountaz,Bennet,6/21/63,9/24/86,1/1/99,Engineer
463049,Amalendu,Benzaken,10/27/63,12/3/96,1/1/99,Engineer
463051,Hsiangchu,Kawashima,10/28/63,9/25/93,1/1/99,Senior Staff
463057,Kwangyoen,Swan,6/28/64,10/12/87,1/1/99,Senior Staff
463065,Remko,Halloran,6/17/63,7/17/94,1/1/99,Engineer
463071,Karlis,Oberman,5/26/64,2/7/93,1/1/99,Engineer
463080,Nahum,Covnot,1/2/63,3/7/88,1/1/99,Staff
463082,Kagan,Bottner,5/21/64,11/3/95,1/1/99,Senior Engineer
463084,Barun,Cunliffe,6/19/64,7/6/85,1/1/99,Senior Engineer
463088,Demin,Aingworth,8/27/62,1/12/97,1/1/99,Technique Leader
463096,Gift,Anick,2/24/64,1/2/94,1/1/99,Staff
463099,Jinxi,Schmiedel,1/15/65,9/21/90,1/1/99,Senior Staff
463107,Gad,Gluchowski,11/11/62,2/9/90,1/1/99,Senior Staff
463108,Sanjeeva,Weisert,1/7/62,11/8/98,1/1/99,Engineer
463109,Sadegh,Keirsey,2/19/63,7/22/89,1/1/99,Senior Staff
463112,Yifei,Vitiello,4/25/64,10/4/87,1/1/99,Senior Engineer
463115,Marke,Baez,3/28/62,5/13/93,1/1/99,Senior Staff
463116,Tru,Gerteisen,12/12/63,2/9/93,1/1/99,Senior Staff
463122,Kasturi,Adachi,7/23/64,3/19/90,1/1/99,Senior Engineer
463125,Dinah,Pero,12/1/62,4/23/88,1/1/99,Engineer
463148,Abdulah,Kitsuregawa,3/11/62,8/21/97,1/1/99,Engineer
463159,Augustine,Berendt,1/26/63,6/14/95,1/1/99,Staff
463163,Conrado,Potthoff,2/1/63,9/11/99,1/1/99,Technique Leader
463173,Matt,Uludag,5/5/63,9/15/92,1/1/99,Senior Staff
463175,Zsolt,Schwartzburd,8/23/63,4/30/96,1/1/99,Senior Staff
463179,Shaowen,Pargas,8/13/63,9/5/90,1/1/99,Engineer
463180,Stepehn,Gewali,11/21/63,6/18/85,1/1/99,Senior Engineer
463183,Hongzue,Vandervoorde,9/5/63,7/3/00,1/1/99,Senior Staff
463188,Maja,Ossenbruggen,3/24/64,12/8/92,1/1/99,Engineer
463189,Shaleah,Lorie,7/11/64,10/20/93,1/1/99,Senior Engineer
463196,Zhongwei,Validov,1/3/64,5/25/97,1/1/99,Engineer
463204,Yishay,Giveon,1/20/62,11/11/92,1/1/99,Engineer
463205,Rayond,Angel,7/14/62,11/12/90,1/1/99,Assistant Engineer
463208,Lena,Alvarado,8/17/63,7/28/89,1/1/99,Senior Staff
463212,Ramya,Rossi,1/9/65,9/2/01,1/1/99,Senior Engineer
463213,Conrado,Driscoll,9/26/64,8/31/99,1/1/99,Engineer
463217,Dzung,Coorg,7/25/63,9/30/97,1/1/99,Staff
463218,Oddvar,Krohm,11/7/63,4/15/95,1/1/99,Senior Engineer
463221,Kristin,Condotta,5/29/62,11/14/94,1/1/99,Technique Leader
463222,Phule,Flowers,6/5/64,6/15/88,1/1/99,Senior Engineer
463223,Shuzo,Gniady,8/1/64,10/21/95,1/1/99,Senior Engineer
463228,Duro,Wissmann,7/25/63,9/14/87,1/1/99,Senior Staff
463234,Janche,Loncour,5/17/62,3/27/95,1/1/99,Engineer
463247,Reuven,Rassart,12/27/62,9/12/95,1/1/99,Senior Staff
463255,Menkae,Azuma,8/6/64,3/16/94,1/1/99,Engineer
463257,Tomoyuki,Wossner,9/8/62,11/16/97,1/1/99,Staff
463261,Seongbin,Soicher,12/1/63,7/12/86,1/1/99,Staff
463277,Susanta,Nooteboom,4/29/63,11/7/97,1/1/99,Senior Staff
463279,Hugo,Klyachko,9/25/62,12/24/88,1/1/99,Senior Staff
463289,Sachio,Wolniewicz,3/31/63,9/24/88,1/1/99,Staff
463293,Mohit,Warwick,12/17/63,1/24/93,1/1/99,Staff
463299,Vugranam,Eickenmeyer,8/6/62,3/9/87,1/1/99,Senior Engineer
463301,Amstein,Schaap,1/29/64,11/28/90,1/1/99,Senior Staff
463303,Prasadram,Spieker,4/29/63,8/2/96,1/1/99,Assistant Engineer
463306,Sadun,Vieri,2/7/64,6/13/95,1/1/99,Engineer
463314,Udi,Giveon,1/25/62,10/22/93,1/1/99,Senior Engineer
463320,Parke,Varker,5/1/64,4/11/91,1/1/99,Engineer
463321,Yishai,Millington,12/15/62,5/27/94,1/1/99,Staff
463326,Duro,Dredge,12/12/62,3/1/95,1/1/99,Technique Leader
463329,Leon,Anandan,3/2/62,6/24/99,1/1/99,Senior Staff
463342,Kwok,Kitsuregawa,5/11/63,5/7/90,1/1/99,Senior Staff
463347,Falguni,Gimarc,3/7/63,8/2/86,1/1/99,Engineer
463350,Stabislas,Birjandi,3/21/62,8/24/87,1/1/99,Engineer
463353,Muneo,Ramsay,1/17/62,8/4/87,1/1/99,Staff
463354,Munehiro,Birge,9/25/64,1/3/94,1/1/99,Senior Engineer
463355,Sadegh,Chvatal,2/2/64,4/30/95,1/1/99,Engineer
463358,Koldo,Litzkow,11/19/64,4/21/97,1/1/99,Engineer
463359,Valdiodio,Eiter,6/12/62,11/5/98,1/1/99,Engineer
463364,Tetsushi,Hennebert,9/28/63,7/22/87,1/1/99,Staff
463375,Toshimo,Asrin,1/14/63,2/2/87,1/1/99,Staff
463385,Haldon,Sevcikova,7/14/62,9/1/98,1/1/99,Staff
463391,Maia,Rullman,1/2/63,5/6/95,1/1/99,Engineer
463394,Valdiodio,Lorch,12/22/62,9/8/94,1/1/99,Senior Engineer
463406,Ramzi,Hashii,1/29/64,7/7/85,1/1/99,Assistant Engineer
463412,Reuven,Meriste,9/22/64,7/31/90,1/1/99,Engineer
463414,Constantino,Gubsky,12/9/64,8/2/93,1/1/99,Senior Staff
463423,Byong,Gimarc,11/6/63,12/12/87,1/1/99,Senior Staff
463428,Mariangiola,Luan,6/21/63,6/28/90,1/1/99,Senior Engineer
463432,Sanjit,Angot,2/21/62,4/8/99,1/1/99,Engineer
463437,Adhemar,Beausoleil,9/16/63,6/17/98,1/1/99,Engineer
463453,Byong,Zizka,10/1/64,8/14/95,1/1/99,Engineer
463472,Jaber,Sethi,1/11/65,6/11/00,1/1/99,Technique Leader
463478,Mantis,Silva,10/18/62,7/14/97,1/1/99,Engineer
463481,Odinaldo,Kolinko,10/31/62,7/28/00,1/1/99,Senior Staff
463484,Ziva,Conia,9/15/63,10/14/99,1/1/99,Senior Engineer
463486,Fai,Bazelow,11/21/63,1/24/87,1/1/99,Engineer
463489,Filipe,Lyonns,3/10/63,10/30/99,1/1/99,Staff
463495,Alenka,Barriga,1/28/65,5/6/88,1/1/99,Senior Staff
463512,Tadanori,Menhardt,12/20/62,12/4/85,1/1/99,Engineer
463521,Leszek,Hagimont,5/18/64,6/22/91,1/1/99,Senior Engineer
463527,Danny,Hambrick,6/20/64,6/24/90,1/1/99,Engineer
463531,Slavian,Anick,1/8/62,2/1/91,1/1/99,Staff
463533,Flemming,Ossenbruggen,6/10/63,8/16/96,1/1/99,Staff
463534,Masali,Ladret,12/12/63,11/11/96,1/1/99,Engineer
463555,Demos,Uehara,2/16/63,12/3/97,1/1/99,Engineer
463565,Gianluca,Thisen,1/26/62,6/29/86,1/1/99,Senior Staff
463570,Domenick,Peres,10/27/63,5/18/85,1/1/99,Senior Staff
463571,Tzvetan,Soicher,10/10/64,3/25/90,1/1/99,Engineer
463580,Bedir,Muhling,8/11/64,2/10/86,1/1/99,Engineer
463583,Vesna,Savasere,9/21/64,9/8/88,1/1/99,Staff
463586,Xiaopeng,Piazza,12/17/63,8/17/91,1/1/99,Staff
463588,Zhaofang,Constantine,5/26/63,4/30/96,1/1/99,Engineer
463590,Mahendra,Brobst,10/28/62,11/19/88,1/1/99,Senior Engineer
463595,Huiqun,Czaja,5/10/64,12/24/87,1/1/99,Senior Staff
463627,Miomir,Bruckman,6/27/63,11/5/97,1/1/99,Staff
463629,Hilari,Simmel,2/25/64,8/19/93,1/1/99,Staff
463635,Renee,Kavvadias,1/16/64,3/29/89,1/1/99,Senior Staff
463637,Valdiodio,Kropf,3/29/62,10/28/89,1/1/99,Senior Engineer
463646,Marie,Nooteboom,3/16/64,1/11/92,1/1/99,Senior Staff
463656,Felicidad,Fandrianto,7/30/63,9/14/00,1/1/99,Staff
463664,Basant,Perelgut,4/23/62,8/17/90,1/1/99,Assistant Engineer
463668,Kwangjo,Rosca,12/19/62,8/7/87,1/1/99,Senior Engineer
463673,Feiyu,Mahnke,9/24/63,1/8/88,1/1/99,Technique Leader
463678,Raimond,Nourani,5/31/62,10/27/87,1/1/99,Assistant Engineer
463685,Gay,Tischendorf,9/22/62,1/11/97,1/1/99,Senior Staff
463694,Kankanahalli,Karner,10/11/64,10/14/87,1/1/99,Technique Leader
463703,Yunming,Cherinka,8/26/63,10/7/97,1/1/99,Senior Staff
463704,Izaskun,Billingsley,2/9/63,3/19/99,1/1/99,Staff
463713,Manibrata,Passafiume,11/4/64,8/23/99,1/1/99,Engineer
463716,Yolla,Yurov,9/23/64,4/15/88,1/1/99,Engineer
463727,Kiyokazu,Veeraraghavan,5/26/63,5/6/87,1/1/99,Senior Engineer
463728,Pranav,Gips,3/15/62,1/24/99,1/1/99,Engineer
463729,Denis,Cyne,4/18/62,5/28/99,1/1/99,Staff
463734,Naftaly,Barbanera,12/18/64,12/9/96,1/1/99,Engineer
463744,Eberhardt,Chappelet,7/7/64,2/11/97,1/1/99,Staff
463750,Elliott,Olano,10/21/63,10/28/91,1/1/99,Staff
463753,Shuji,Heystek,3/28/63,12/15/90,1/1/99,Senior Engineer
463755,Sarita,Baezner,4/29/63,7/25/88,1/1/99,Senior Engineer
463758,Kotesh,Bach,6/7/62,2/13/93,1/1/99,Senior Engineer
463765,Ronghao,Horswill,10/26/63,5/4/96,1/1/99,Senior Engineer
463794,Billur,Tetzlaff,4/1/62,5/22/92,1/1/99,Engineer
463795,Girolamo,Krogh,4/20/64,5/28/87,1/1/99,Senior Staff
463813,Brewster,Kranzdorf,8/29/64,7/2/92,1/1/99,Senior Staff
463815,Fumiko,Impagliazzo,8/1/64,9/29/86,1/1/99,Staff
463818,Pramod,Lyonns,11/29/62,8/29/93,1/1/99,Senior Staff
463820,Gudjon,Bale,3/29/64,5/3/97,1/1/99,Engineer
463821,Takushi,Biran,3/21/63,3/20/93,1/1/99,Senior Staff
463826,Chanjung,Ponthieu,11/6/62,2/16/91,1/1/99,Engineer
463830,Tamiya,Wursthorn,1/4/63,2/5/94,1/1/99,Staff
463835,Kasidit,Baezner,2/18/62,12/25/90,1/1/99,Senior Staff
463838,Danco,Nourani,7/16/62,6/7/85,1/1/99,Senior Staff
463840,Christophe,Iivonen,2/1/64,4/6/94,1/1/99,Engineer
463852,Mang,Thambidurai,6/23/63,10/24/88,1/1/99,Senior Staff
463856,Sanjay,Zolotykh,12/8/64,9/18/88,1/1/99,Senior Staff
463860,JoAnne,Muhling,2/22/63,10/30/99,1/1/99,Staff
463861,Tru,Nilsson,5/7/64,6/10/95,1/1/99,Engineer
463870,Sadok,Ressouche,1/2/63,8/7/93,1/1/99,Senior Staff
463871,Kshitij,Billingsley,4/11/62,11/23/95,1/1/99,Staff
463876,Syozo,Baek,12/17/62,7/27/94,1/1/99,Senior Engineer
463883,Sangeeta,Buchter,11/8/64,8/22/90,1/1/99,Senior Staff
463896,Masanao,Thummel,5/31/62,7/26/97,1/1/99,Senior Staff
463901,JoAnna,Lamparter,12/16/62,7/5/94,1/1/99,Senior Staff
463906,Huan,Luga,5/19/63,1/21/89,1/1/99,Senior Engineer
463907,Deniz,Swiler,7/17/62,1/11/96,1/1/99,Staff
463908,Eben,Lindqvist,12/4/64,11/13/87,1/1/99,Senior Staff
463912,Christfried,Rullman,8/22/62,11/22/99,1/1/99,Staff
463944,Sven,Fontet,8/4/64,9/25/96,1/1/99,Senior Staff
463947,Guoxiang,Vieth,12/25/64,4/21/93,1/1/99,Senior Engineer
463949,Laurentiu,Grospietsch,2/12/62,7/28/92,1/1/99,Senior Staff
463953,Wilmer,Juneja,12/31/63,8/15/92,1/1/99,Senior Engineer
463954,Sajjad,Berendt,10/13/64,5/21/89,1/1/99,Senior Staff
463956,Conal,Ulupinar,2/28/62,5/4/93,1/1/99,Technique Leader
463967,Shooichi,Stroustrup,8/7/63,10/1/88,1/1/99,Senior Engineer
463968,Eberhardt,Vitiello,11/5/62,6/6/95,1/1/99,Staff
463974,Guenter,Kinley,10/21/62,3/23/90,1/1/99,Staff
463981,Shigehito,Kalsbeek,5/13/63,7/14/89,1/1/99,Senior Engineer
463983,Shounak,Pettey,12/14/62,10/17/88,1/1/99,Senior Engineer
463985,Theron,Validov,1/4/63,4/19/94,1/1/99,Engineer
463990,Gianluca,Clouatre,1/25/63,10/26/98,1/1/99,Engineer
463992,Toshimitsu,Sinitsyn,9/7/62,1/29/97,1/1/99,Staff
463994,Jouni,Borstler,1/11/62,7/2/92,1/1/99,Engineer
463996,Przemyslawa,Ballarin,11/15/64,7/12/02,1/1/99,Senior Staff
463999,Bernardo,Radivojevic,10/29/62,12/29/97,1/1/99,Technique Leader
464011,Kellyn,Alpay,4/23/63,5/3/99,1/1/99,Senior Engineer
464014,Bingning,Lunt,12/19/62,2/4/96,1/1/99,Senior Engineer
464018,Gila,Toyoshima,10/3/62,9/14/93,1/1/99,Senior Engineer
464019,Tzvetan,Antonisse,11/18/62,12/2/91,1/1/99,Senior Staff
464028,Jamaludin,Panienski,7/30/64,11/24/99,1/1/99,Staff
464032,Rosella,Ramamoorthy,8/5/63,12/22/95,1/1/99,Senior Engineer
464034,Magdalena,Cappelli,4/29/63,6/12/86,1/1/99,Engineer
464038,Hailing,Domenig,5/2/64,4/18/86,1/1/99,Senior Engineer
464043,Bowen,Waleschkowski,1/31/64,3/29/89,1/1/99,Senior Engineer
464047,Nimmagadda,Merey,10/9/64,6/26/95,1/1/99,Engineer
464055,Marl,Picel,2/21/64,7/7/90,1/1/99,Senior Staff
464064,Gao,Schaaf,8/31/63,5/4/94,1/1/99,Technique Leader
464081,Bojan,Chenoweth,2/18/64,9/24/90,1/1/99,Staff
464083,Weiru,Koshiba,2/11/64,5/29/97,1/1/99,Staff
464086,Duangkaew,Litecky,5/26/63,11/28/91,1/1/99,Technique Leader
464090,Padma,Hasham,11/7/64,5/4/95,1/1/99,Assistant Engineer
464093,Diederik,VanScheik,10/13/63,9/20/87,1/1/99,Staff
464108,Moriyoshi,Trumbly,6/2/63,9/13/94,1/1/99,Staff
464109,Arch,Monarch,10/13/64,6/23/92,1/1/99,Senior Engineer
464114,Arne,Haddadi,3/30/63,6/6/89,1/1/99,Senior Engineer
464115,Heeju,Fioravanti,3/5/63,7/7/89,1/1/99,Senior Staff
464124,Uinam,Sidhu,1/25/64,1/16/97,1/1/99,Staff
464126,Zengping,Steenbeek,1/30/63,9/20/97,1/1/99,Staff
464127,Gadiel,Hardjono,6/2/63,7/28/88,1/1/99,Engineer
464136,Lokesh,Burnard,2/22/62,3/7/95,1/1/99,Staff
464138,Hiroyasu,Flowers,3/5/63,2/16/89,1/1/99,Senior Staff
464142,IEEE,Quaggetto,12/19/64,1/7/93,1/1/99,Staff
464148,Hauke,Siepmann,2/4/63,2/28/92,1/1/99,Senior Staff
464152,Youpyo,Dahlbom,3/1/62,2/20/87,1/1/99,Senior Engineer
464169,Irena,Nitto,7/18/62,10/18/93,1/1/99,Engineer
464171,Ravishankar,Kossowski,6/11/62,11/21/87,1/1/99,Engineer
464176,Hongzue,Zuberek,5/6/62,9/24/96,1/1/99,Senior Staff
464195,Kauko,Qiwen,10/29/63,1/24/94,1/1/99,Senior Staff
464199,Billur,Sudbeck,7/21/62,4/25/92,1/1/99,Senior Engineer
464204,Manu,Bruckman,9/4/62,3/16/92,1/1/99,Staff
464211,Mayuko,Renear,6/22/62,7/24/99,1/1/99,Senior Staff
464215,Kazuhira,Setia,12/10/62,12/19/86,1/1/99,Senior Staff
464218,Remco,Pappas,9/18/62,3/27/98,1/1/99,Engineer
464232,Gift,Leaver,5/30/63,12/15/99,1/1/99,Staff
464234,Yechezkel,Dulli,7/4/63,8/21/90,1/1/99,Engineer
464239,Renee,Marwedel,2/14/62,10/15/97,1/1/99,Senior Engineer
464254,Hideo,Lampe,10/11/63,7/25/91,1/1/99,Senior Engineer
464261,Tremaine,Keirsey,12/21/63,5/27/91,1/1/99,Senior Staff
464265,Giri,Tetzlaff,1/8/62,4/16/01,1/1/99,Senior Engineer
464272,Ute,Guardalben,3/8/63,3/2/94,1/1/99,Senior Staff
464279,Hilary,Einsfeld,8/4/63,3/1/94,1/1/99,Engineer
464284,Huiqun,Henders,1/20/65,5/19/93,1/1/99,Senior Staff
464287,Martins,Picaronny,7/2/62,1/6/91,1/1/99,Engineer
464290,Kshitij,Janetzko,1/22/63,2/20/89,1/1/99,Assistant Engineer
464303,Abdelghani,Nyrup,1/22/65,8/2/86,1/1/99,Senior Staff
464318,Maya,Bahk,6/24/62,6/20/85,1/1/99,Engineer
464321,Charmane,Melton,4/9/62,8/9/86,1/1/99,Staff
464329,Jackson,Weedman,3/8/64,4/11/88,1/1/99,Engineer
464331,Armond,Kriebel,7/12/62,8/11/90,1/1/99,Staff
464334,Tadanori,Walstra,4/14/62,12/11/94,1/1/99,Senior Staff
464340,Gil,Peek,10/1/62,12/5/91,1/1/99,Senior Staff
464348,Zengping,Ebeling,5/13/64,5/19/94,1/1/99,Assistant Engineer
464349,Fan,Neiman,1/1/64,3/18/93,1/1/99,Senior Staff
464370,Pranas,Yetim,9/7/62,4/3/95,1/1/99,Senior Staff
464373,Saeed,Deyuan,8/11/64,3/9/99,1/1/99,Staff
464379,Houman,Breugel,4/30/62,3/20/99,1/1/99,Senior Staff
464381,Stamatina,Kobara,9/22/62,9/6/99,1/1/99,Staff
464382,Mohamadou,Brender,8/4/64,7/11/89,1/1/99,Staff
464389,Khaled,Wilfing,6/22/64,10/8/98,1/1/99,Staff
464393,Nigel,Jumpertz,4/16/64,6/16/87,1/1/99,Senior Engineer
464402,Aral,Skogmar,9/20/64,5/13/92,1/1/99,Engineer
464413,Mart,Lorho,2/16/64,6/26/86,1/1/99,Senior Staff
464414,Ulf,Neiman,10/2/62,7/18/96,1/1/99,Senior Engineer
464416,Ohad,Domenig,6/13/63,4/16/96,1/1/99,Senior Staff
464418,Charmane,Pelz,12/24/64,7/24/87,1/1/99,Engineer
464421,Vasiliy,Ibel,2/23/64,12/6/99,1/1/99,Engineer
464430,Satosi,Luck,4/26/64,3/15/90,1/1/99,Senior Engineer
464432,Sajjan,Morris,12/11/63,8/26/85,1/1/99,Senior Staff
464433,Erzsebet,Borstler,7/24/62,10/30/98,1/1/99,Engineer
464434,Maia,Conde,3/6/63,8/7/91,1/1/99,Senior Staff
464438,Masako,Bolsens,11/29/63,8/28/97,1/1/99,Staff
464445,Angel,Mandell,2/26/63,7/4/89,1/1/99,Senior Staff
464450,Moti,Honglei,3/13/63,7/14/96,1/1/99,Engineer
464453,Heng,Schiettecatte,3/12/64,12/16/87,1/1/99,Engineer
464464,Filipp,Ramsay,4/17/62,8/10/95,1/1/99,Assistant Engineer
464466,Tomokazu,Stellhorn,5/27/63,10/31/94,1/1/99,Engineer
464467,Masato,Luck,1/23/64,8/25/99,1/1/99,Staff
464473,Marla,Sommen,10/22/63,8/26/91,1/1/99,Senior Staff
464476,Gina,Chenoweth,3/14/62,12/15/97,1/1/99,Staff
464479,Alassane,Collavizza,9/17/63,11/9/99,1/1/99,Staff
464481,Wilmer,Haumacher,9/10/64,8/10/86,1/1/99,Senior Staff
464487,Toshimi,Azumi,8/22/62,11/9/86,1/1/99,Senior Engineer
464490,Parke,Swift,9/3/63,9/21/92,1/1/99,Engineer
464496,Mandell,Sooriamurthi,9/15/62,1/4/91,1/1/99,Senior Staff
464503,Arvind,Slobodova,5/31/64,4/13/94,1/1/99,Senior Staff
464511,Lenore,Georg,7/1/62,8/1/96,1/1/99,Engineer
464513,Chenye,Coombs,11/29/63,6/25/94,1/1/99,Senior Staff
464519,Takahira,Azumi,5/24/64,9/25/85,1/1/99,Senior Staff
464520,Chinya,Velardi,9/18/64,1/21/96,1/1/99,Staff
464523,Berry,Koshiba,12/8/63,10/14/99,1/1/99,Senior Staff
464537,Marke,Kawashima,5/6/64,9/14/90,1/1/99,Senior Staff
464541,Deniz,Osgood,8/15/63,3/22/85,1/1/99,Engineer
464545,Siamak,Onuegbe,9/8/64,2/8/94,1/1/99,Engineer
464552,Dannz,Syang,12/8/63,12/17/91,1/1/99,Staff
464557,Moie,Demizu,11/15/64,5/31/87,1/1/99,Senior Staff
464564,Odoardo,Foong,7/1/63,9/19/88,1/1/99,Engineer
464567,Shan,Linares,6/2/64,2/27/85,1/1/99,Engineer
464568,Leucio,Perry,7/7/63,7/31/98,1/1/99,Engineer
464571,Larisa,Beausoleil,6/1/63,7/20/87,1/1/99,Staff
464586,Lijia,Range,2/3/62,1/5/94,1/1/99,Senior Engineer
464595,Armond,Usdin,3/5/62,8/22/92,1/1/99,Senior Engineer
464596,Mario,Templeman,6/3/63,11/9/87,1/1/99,Senior Staff
464607,Sajjad,Boguraev,3/28/64,7/10/98,1/1/99,Staff
464611,Ebbe,Narwekar,11/21/63,5/25/90,1/1/99,Senior Staff
464613,Sailaja,Gini,7/8/64,4/8/87,1/1/99,Senior Engineer
464618,Fumino,Sherertz,12/22/63,3/21/92,1/1/99,Staff
464625,Temple,Ranta,6/29/63,8/6/92,1/1/99,Senior Staff
464626,Jiong,Baik,3/25/63,4/21/86,1/1/99,Senior Engineer
464643,Goa,Zedlitz,12/24/63,5/18/96,1/1/99,Senior Staff
464648,Sahrah,Bresenham,4/8/64,12/29/95,1/1/99,Engineer
464649,Sanjeeva,Yamaashi,1/17/62,5/9/97,1/1/99,Staff
464668,Hidde,Paciorek,11/23/62,3/26/95,1/1/99,Engineer
464671,Aimee,Angel,6/23/62,9/21/00,1/1/99,Staff
464686,Conrado,Bage,2/15/63,11/12/96,1/1/99,Staff
464689,Juichirou,Gist,2/20/64,6/7/97,1/1/99,Staff
464690,Licheng,Rusmann,8/24/64,5/5/99,1/1/99,Engineer
464694,Piyawadee,Lichtman,5/4/64,8/25/88,1/1/99,Senior Staff
464696,Adil,Zaiane,1/21/63,6/4/91,1/1/99,Senior Engineer
464709,Tamiya,Quaggetto,4/1/62,9/24/93,1/1/99,Senior Staff
464717,Eishiro,Lundstrom,5/14/63,7/22/97,1/1/99,Staff
464718,Valeska,Templeman,7/14/63,5/7/93,1/1/99,Senior Staff
464729,Divier,Luca,10/13/62,6/24/87,1/1/99,Senior Engineer
464733,Hein,Ciolek,6/9/62,5/10/90,1/1/99,Senior Staff
464737,Masaru,Tsukune,1/7/63,12/17/97,1/1/99,Assistant Engineer
464742,Nikolaus,Thambidurai,7/21/62,8/22/89,1/1/99,Staff
464751,Moty,Chorvat,2/12/62,3/10/92,1/1/99,Engineer
464753,Dietrich,Sinicrope,7/27/64,12/14/91,1/1/99,Staff
464759,Hilary,Manderick,2/18/64,9/26/87,1/1/99,Senior Engineer
464761,Juyoung,Luga,11/10/63,6/15/96,1/1/99,Senior Staff
464767,Jacopo,Sommer,6/1/62,3/21/91,1/1/99,Assistant Engineer
464768,JiYoung,Dengi,6/18/63,4/16/99,1/1/99,Engineer
464770,Marit,Melski,4/20/62,10/27/89,1/1/99,Staff
464771,Gaurav,DuBourdieux,7/20/63,10/18/99,1/1/99,Senior Engineer
464775,Shichao,Bierbaum,2/28/62,9/13/99,1/1/99,Engineer
464786,Reuven,Ranai,2/23/64,10/16/85,1/1/99,Staff
464787,Tsuneo,Brendel,10/9/64,2/6/85,1/1/99,Staff
464789,Mabo,Gist,2/6/62,10/30/94,1/1/99,Staff
464792,Mingzeng,Weedman,11/29/63,8/30/89,1/1/99,Senior Engineer
464802,Ekawit,Conry,4/26/63,9/28/92,1/1/99,Senior Engineer
464809,Luise,Ramaiah,8/2/63,2/14/97,1/1/99,Engineer
464810,Arfst,Knightly,7/30/62,4/28/92,1/1/99,Engineer
464819,Uinam,Reistad,6/14/62,10/29/99,1/1/99,Staff
464831,Kwee,Talmor,1/29/64,11/2/95,1/1/99,Staff
464835,Elgin,Schusler,5/5/62,5/2/94,1/1/99,Engineer
464850,Brendon,Oppitz,12/27/62,1/21/90,1/1/99,Senior Engineer
464868,Babette,Czaja,7/19/63,2/27/96,1/1/99,Senior Engineer
464872,Aria,Neiman,5/23/63,6/9/98,1/1/99,Engineer
464878,Mandell,Schaaf,5/25/63,8/2/98,1/1/99,Engineer
464881,Berhard,Coorg,3/31/64,1/13/88,1/1/99,Senior Staff
464883,Steve,Przulj,3/21/62,3/30/87,1/1/99,Staff
464887,Niteen,Wegerle,8/1/64,3/20/89,1/1/99,Staff
464905,Tommaso,Sridhar,5/23/63,3/6/98,1/1/99,Engineer
464912,Fabrizio,Heemskerk,4/5/64,12/22/91,1/1/99,Staff
464921,Valeska,Validov,11/11/62,9/30/95,1/1/99,Senior Engineer
464925,Sajjad,Gammage,11/18/62,5/29/90,1/1/99,Senior Engineer
464926,Doohun,Heering,11/5/63,12/22/99,1/1/99,Senior Staff
464929,Jaques,Cannane,6/22/62,9/24/87,1/1/99,Senior Staff
464948,Mingsen,Vesel,1/25/62,6/18/93,1/1/99,Staff
464951,Parviz,Yurek,3/8/62,10/30/88,1/1/99,Technique Leader
464954,Mana,Katalagarianos,8/29/63,3/7/92,1/1/99,Staff
464956,Neelam,Macedo,12/27/62,2/8/85,1/1/99,Engineer
464965,Niclas,Ernst,1/31/64,3/24/96,1/1/99,Engineer
464969,Candido,Braunmuhl,10/20/62,5/2/94,1/1/99,Staff
464979,Amabile,Decaestecker,2/19/64,5/1/89,1/1/99,Senior Engineer
464986,Honesty,Ghandeharizadeh,10/20/63,4/9/86,1/1/99,Senior Staff
464992,Vasilii,Monarch,12/10/64,4/15/89,1/1/99,Senior Staff
465010,Ziyad,Emmerich,2/6/64,8/6/01,1/1/99,Engineer
465019,Nidapan,Yurov,3/31/62,9/28/86,1/1/99,Staff
465021,Chikara,Restivo,9/20/64,8/28/87,1/1/99,Staff
465024,Idoia,Wendorf,12/7/63,12/13/95,1/1/99,Senior Engineer
465026,Nagui,Spell,2/9/62,1/16/02,1/1/99,Senior Staff
465031,Fun,Tanemo,1/22/63,7/22/94,1/1/99,Staff
465032,Vasilis,Engelmann,11/3/63,12/26/93,1/1/99,Staff
465044,Valeska,Peral,1/31/62,9/16/92,1/1/99,Engineer
465049,Ugo,Homond,7/18/63,5/15/94,1/1/99,Senior Staff
465056,Tadanori,Peyn,4/24/63,4/23/85,1/1/99,Senior Staff
465062,Stafford,Gist,1/29/65,5/7/88,1/1/99,Engineer
465075,Dante,Radhakrishnan,4/25/63,3/18/85,1/1/99,Senior Engineer
465076,Tokuyasu,Ghelli,1/19/65,5/5/85,1/1/99,Senior Engineer
465080,Yuchang,Garrabrants,8/30/64,6/9/87,1/1/99,Technique Leader
465081,Guozhong,Beilner,10/15/62,3/17/99,1/1/99,Engineer
465085,Vidar,Gunderson,1/18/65,3/18/96,1/1/99,Senior Staff
465088,Eric,Cichocki,8/27/62,3/5/91,1/1/99,Engineer
465089,Kerhong,Cronin,7/13/63,6/3/99,1/1/99,Technique Leader
465107,Godehard,Mullainathan,5/17/64,11/12/97,1/1/99,Staff
465108,Karlis,Rikino,2/6/64,3/28/86,1/1/99,Senior Staff
465116,Kagan,Weisert,2/18/62,3/7/90,1/1/99,Senior Staff
465130,Susanne,Siprelle,12/26/64,10/31/94,1/1/99,Engineer
465136,Odinaldo,Edelhoff,6/1/62,2/2/91,1/1/99,Staff
465138,Shahid,Maraist,6/26/64,10/28/92,1/1/99,Senior Engineer
465144,Bedir,Erman,6/21/62,3/14/89,1/1/99,Staff
465151,Ramzi,Nastansky,10/1/64,6/13/98,1/1/99,Senior Engineer
465152,Brewster,Pellegrinelli,9/3/62,8/24/87,1/1/99,Engineer
465157,Felicidad,Greenaway,11/2/63,10/4/97,1/1/99,Senior Staff
465164,Martina,Schmiedel,6/29/64,5/26/91,1/1/99,Senior Staff
465179,Mabry,Nyanchama,7/8/64,3/15/88,1/1/99,Senior Staff
465184,Pranjal,Crabtree,6/8/64,12/31/89,1/1/99,Staff
465187,Fai,Lorie,5/27/64,5/26/89,1/1/99,Senior Staff
465189,Rafols,Narahari,2/18/63,6/11/93,1/1/99,Senior Engineer
465190,Juichirou,Binding,3/3/64,7/8/93,1/1/99,Senior Engineer
465191,Janche,Heuter,4/19/62,8/26/91,1/1/99,Technique Leader
465201,Amabile,Nitsche,10/28/63,2/8/85,1/1/99,Senior Engineer
465205,Michaela,Barinka,12/4/62,5/12/87,1/1/99,Senior Engineer
465216,Kellyn,Shackell,2/11/62,7/10/92,1/1/99,Senior Staff
465219,Brigham,Speer,11/4/63,4/22/96,1/1/99,Senior Staff
465222,Ziya,Stamatiou,10/20/62,5/13/88,1/1/99,Senior Engineer
465230,Ingemar,Spell,7/24/63,3/26/94,1/1/99,Engineer
465234,Rosella,Spell,10/20/62,10/14/86,1/1/99,Senior Engineer
465237,Uri,Jayawardene,5/13/64,9/2/90,1/1/99,Senior Staff
465240,Fen,Luit,12/7/63,6/4/96,1/1/99,Engineer
465244,Kristin,Leslie,1/30/62,6/23/90,1/1/99,Engineer
465248,Dannz,McConalogue,7/23/64,10/27/86,1/1/99,Senior Staff
465249,Theirry,Cannard,7/1/62,5/27/88,1/1/99,Senior Staff
465255,Constantino,Dengi,9/14/63,7/30/01,1/1/99,Engineer
465269,Shai,Beznosov,4/28/63,1/31/97,1/1/99,Assistant Engineer
465274,Kaijung,Dusink,5/27/62,8/11/97,1/1/99,Staff
465284,Hatsukazu,Hasham,6/29/63,5/31/85,1/1/99,Senior Engineer
465297,Maria,Bade,10/8/63,5/3/91,1/1/99,Senior Staff
465299,Oldrich,Vakili,5/12/62,3/12/87,1/1/99,Senior Engineer
465300,Apostol,Bail,4/21/62,10/28/87,1/1/99,Staff
465303,Masadi,Kohling,1/12/63,2/21/95,1/1/99,Senior Engineer
465315,Pranjal,Fujisawa,11/11/62,9/3/91,1/1/99,Senior Staff
465325,Heping,Kawashimo,9/12/64,10/14/86,1/1/99,Assistant Engineer
465338,Erzsebet,Vidal,1/25/64,9/3/93,1/1/99,Senior Staff
465349,Neven,Schaaf,8/23/62,10/4/89,1/1/99,Engineer
465359,Denny,Sudbeck,2/9/62,9/28/86,1/1/99,Staff
465360,Rimon,Rebaine,1/4/62,12/18/97,1/1/99,Engineer
465362,Paddy,Kolinko,2/28/63,1/2/90,1/1/99,Staff
465380,Raimond,Undy,9/10/62,8/22/96,1/1/99,Staff
465382,Conrado,Heijenga,2/14/63,9/20/99,1/1/99,Staff
465386,Hauke,Heyers,8/27/64,12/19/92,1/1/99,Engineer
465395,Gaetan,Crouzet,6/5/62,10/10/87,1/1/99,Senior Engineer
465400,Xuejun,Schlenzig,5/27/63,5/27/93,1/1/99,Staff
465402,Jeong,Jenevein,8/2/63,2/27/89,1/1/99,Senior Engineer
465408,Kenroku,Itzigehl,11/5/62,1/28/89,1/1/99,Senior Staff
465409,Shahid,Varman,1/30/65,8/27/85,1/1/99,Staff
465410,Genta,Foong,8/31/63,9/16/86,1/1/99,Engineer
465414,Reuven,Azuma,1/22/64,5/11/94,1/1/99,Engineer
465415,Manu,Reeker,10/15/62,12/12/98,1/1/99,Engineer
465417,Kenton,Baaleh,8/24/64,6/20/99,1/1/99,Staff
465418,Etsuo,Rosenbaum,1/16/63,8/14/90,1/1/99,Senior Staff
465420,Mokhtar,Landherr,6/17/63,11/8/98,1/1/99,Engineer
465424,Mohammad,Erie,5/3/63,4/26/85,1/1/99,Senior Staff
465426,Paloma,Gammage,1/16/62,10/29/91,1/1/99,Senior Engineer
465435,Rosita,Greibach,11/17/63,5/16/94,1/1/99,Staff
465436,Basem,Copas,5/3/64,8/16/98,1/1/99,Staff
465438,Deborah,Rahimi,8/7/63,12/27/96,1/1/99,Engineer
465442,Kannan,Thummel,6/12/62,6/18/88,1/1/99,Senior Engineer
465453,Kristen,Angiulli,11/1/63,4/7/92,1/1/99,Engineer
465458,Indrajit,Qiwen,9/6/62,1/6/97,1/1/99,Staff
465461,Zijian,Uhrik,12/28/63,10/14/88,1/1/99,Senior Engineer
465473,Adin,Jording,10/10/62,2/1/88,1/1/99,Engineer
465475,Adam,Maquelin,6/3/63,9/10/89,1/1/99,Staff
465485,Kazuhide,Casley,4/29/64,4/9/96,1/1/99,Staff
465489,Neelam,Hempstead,6/9/63,4/30/86,1/1/99,Senior Staff
465491,Dmitri,Sridhar,10/18/64,10/18/94,1/1/99,Senior Engineer
465492,Masaru,Szemeredi,4/29/63,1/7/95,1/1/99,Senior Engineer
465499,Volkmar,McClure,8/31/62,2/4/93,1/1/99,Senior Staff
465500,Shirish,Walston,2/22/64,11/12/91,1/1/99,Staff
465501,Mrinalini,Gire,1/5/65,11/9/92,1/1/99,Staff
465506,Nikolaos,Raoux,8/30/63,7/18/97,1/1/99,Engineer
465532,Billie,Waleschkowski,1/19/64,5/15/86,1/1/99,Engineer
465533,Vitaly,Muhling,5/31/64,8/20/88,1/1/99,Engineer
465534,Charlene,Albarhamtoshy,12/26/63,8/14/89,1/1/99,Engineer
465535,Arnd,Rosay,7/25/64,5/25/85,1/1/99,Engineer
465536,Petter,Dratva,9/25/64,10/9/91,1/1/99,Staff
465538,Marl,Gladwell,7/13/62,8/16/96,1/1/99,Technique Leader
465540,Subhada,Silva,6/22/64,9/16/87,1/1/99,Senior Engineer
465554,Kwangjo,Lupu,8/11/63,1/26/00,1/1/99,Engineer
465555,Raimond,Hiroyama,6/25/62,8/7/97,1/1/99,Senior Engineer
465562,Elvia,Chvatal,10/14/63,8/16/94,1/1/99,Senior Engineer
465571,Youngkon,Christianini,5/25/63,12/17/96,1/1/99,Engineer
465579,Cordelia,Koyama,9/24/64,4/1/90,1/1/99,Engineer
465608,Kasturi,Barriga,11/26/63,7/23/96,1/1/99,Technique Leader
465613,Willard,Vecchio,6/30/62,4/26/90,1/1/99,Senior Engineer
465629,Ranan,Akaboshi,6/15/62,5/16/91,1/1/99,Engineer
465633,Uta,Schusler,7/24/62,12/9/91,1/1/99,Senior Staff
465637,Hironobu,Moffat,2/24/64,12/10/85,1/1/99,Engineer
465643,Lalit,Ghelli,8/2/64,8/20/86,1/1/99,Engineer
465647,Ugo,Benantar,10/20/64,7/8/94,1/1/99,Staff
465660,Yagil,Lanteri,1/4/63,8/10/85,1/1/99,Senior Engineer
465667,Kiyomitsu,Schade,11/23/63,6/26/89,1/1/99,Staff
465676,Tadanori,Fontet,10/9/64,2/27/89,1/1/99,Senior Engineer
465682,Peer,Kuzuoka,10/2/63,10/25/85,1/1/99,Technique Leader
465686,Boutros,Henders,5/29/62,5/5/87,1/1/99,Staff
465692,Hidekazu,Zeleznik,10/2/64,1/10/94,1/1/99,Engineer
465706,Serif,Cochrane,9/24/64,8/7/99,1/1/99,Staff
465707,Brendon,Salvesen,8/20/62,4/9/90,1/1/99,Senior Engineer
465708,Zeydy,Schaaf,9/17/63,9/13/87,1/1/99,Staff
465709,Aloke,Heystek,5/28/64,3/5/95,1/1/99,Engineer
465711,Lakshmi,Frijda,1/6/65,4/21/90,1/1/99,Senior Engineer
465720,Greger,Oskamp,4/3/62,4/16/96,1/1/99,Engineer
465727,Youpyo,Plesums,9/10/64,9/13/89,1/1/99,Technique Leader
465749,Kolar,Braunschweig,2/3/63,5/20/95,1/1/99,Technique Leader
465764,Moriyoshi,Asser,10/14/64,6/26/88,1/1/99,Senior Staff
465769,Alassane,DuBourdieux,2/19/62,5/27/92,1/1/99,Senior Engineer
465772,Zvonko,Miara,11/2/64,11/13/85,1/1/99,Technique Leader
465777,Turgut,Vernadat,10/29/62,8/27/94,1/1/99,Assistant Engineer
465784,Georgy,Wolniewicz,12/3/62,8/15/92,1/1/99,Senior Staff
465785,Annemarie,Naudin,8/20/62,10/8/95,1/1/99,Senior Staff
465825,Heng,Gips,4/9/63,12/10/95,1/1/99,Assistant Engineer
465827,Uri,Bresenham,1/29/62,7/6/96,1/1/99,Technique Leader
465835,Christophe,Limongiello,1/25/63,7/9/88,1/1/99,Engineer
465838,Dung,Katzenelson,3/15/63,2/27/88,1/1/99,Senior Staff
465841,Duri,Deville,9/7/63,4/29/92,1/1/99,Senior Staff
465846,Zita,Stafford,2/12/64,1/29/92,1/1/99,Senior Staff
465850,Roselyn,Tyugu,2/5/63,2/2/96,1/1/99,Engineer
465853,Kwan,Kampfer,1/1/65,10/16/98,1/1/99,Staff
465863,Douadi,Pramanik,6/14/64,2/13/86,1/1/99,Technique Leader
465871,Mori,Erde,11/17/63,9/28/97,1/1/99,Staff
465874,Herb,Picht,1/12/65,5/31/85,1/1/99,Engineer
465894,Naftaly,Hitomi,11/10/62,7/4/92,1/1/99,Staff
465902,Sandeepan,Parfitt,7/18/62,8/24/88,1/1/99,Senior Engineer
465909,Rafail,Kropatsch,10/13/62,12/1/98,1/1/99,Staff
465911,Barna,Brickell,7/30/63,9/7/92,1/1/99,Senior Engineer
465916,Emdad,Goldhammer,8/27/64,3/29/94,1/1/99,Staff
465928,Ayakannu,Nourani,7/26/64,3/14/99,1/1/99,Engineer
465935,Jessie,Milicic,3/14/63,9/26/86,1/1/99,Senior Engineer
465938,Ziyad,Genin,4/7/63,7/8/98,1/1/99,Engineer
465940,Atreyi,Pepe,5/9/62,11/6/88,1/1/99,Senior Staff
465943,Parto,Pintelas,6/20/64,11/24/95,1/1/99,Staff
465961,Subhash,Haddadi,5/15/62,7/20/95,1/1/99,Senior Staff
465970,Arvind,Reeker,4/30/63,2/10/93,1/1/99,Engineer
465982,Hatem,Weedon,6/22/63,9/24/96,1/1/99,Engineer
465993,Jeane,Glowinski,12/22/64,5/17/85,1/1/99,Staff
465995,Rafael,Rohrbach,5/29/64,10/5/98,1/1/99,Staff
466003,Jamaludin,Ratnaker,2/25/64,7/19/99,1/1/99,Staff
466005,Sanjiv,Budinsky,2/3/63,3/21/97,1/1/99,Senior Staff
466009,Aria,Pelc,9/11/62,4/7/85,1/1/99,Senior Staff
466010,Vitali,Huhdanpaa,12/25/62,8/15/85,1/1/99,Engineer
466011,Kauko,Lalonde,4/26/64,5/9/90,1/1/99,Assistant Engineer
466013,Giap,Senzako,11/18/63,10/31/92,1/1/99,Technique Leader
466021,Mandell,Danecki,3/9/64,12/28/96,1/1/99,Staff
466026,Satoru,Genther,7/31/62,10/20/01,1/1/99,Senior Staff
466029,Marin,Snedden,7/28/64,3/18/94,1/1/99,Staff
466030,Susanna,Koblick,5/8/64,1/16/96,1/1/99,Staff
466040,Randi,Lagarias,5/9/64,3/31/88,1/1/99,Engineer
466048,Kazuhito,Cooke,5/31/64,1/11/94,1/1/99,Engineer
466050,Halsur,Salvesen,9/8/64,4/3/94,1/1/99,Senior Engineer
466057,Huiqun,Bahr,4/25/62,5/21/99,1/1/99,Senior Engineer
466064,Temple,Danlos,1/31/65,6/13/94,1/1/99,Senior Staff
466066,Prodip,Veccia,1/14/63,5/29/92,1/1/99,Senior Engineer
466078,Yishay,Diderrich,4/30/62,2/22/89,1/1/99,Senior Staff
466084,Fayez,Nivat,8/22/64,11/25/95,1/1/99,Technique Leader
466085,Nadjib,Yemenis,7/6/62,6/6/95,1/1/99,Senior Engineer
466088,Rance,Randi,2/20/64,1/7/93,1/1/99,Senior Engineer
466099,Valery,Baranowski,8/12/64,10/4/85,1/1/99,Engineer
466102,Filipe,Gerlach,9/22/62,6/28/02,1/1/99,Staff
466105,Juichirou,Mateescu,6/14/62,3/4/87,1/1/99,Senior Staff
466112,Xiaobin,Shackell,8/16/62,5/6/99,1/1/99,Staff
466114,Zvonko,Roison,4/16/64,10/16/86,1/1/99,Engineer
466116,Rutger,Conia,3/8/64,9/18/95,1/1/99,Engineer
466120,Tomoyuki,Michaels,7/5/63,4/6/96,1/1/99,Senior Engineer
466129,Bilhanan,Shumilov,6/30/62,6/1/90,1/1/99,Senior Engineer
466133,Wojceich,Roison,2/4/62,11/7/88,1/1/99,Senior Staff
466139,Sajjad,Coors,7/11/62,1/8/94,1/1/99,Assistant Engineer
466141,Qingxiang,Azulay,6/25/62,5/29/98,1/1/99,Staff
466144,Hironoby,Delgrange,12/6/64,12/13/97,1/1/99,Technique Leader
466145,Gladys,Kieras,1/9/63,5/24/96,1/1/99,Engineer
466154,Shawna,Kakkad,10/17/64,12/17/96,1/1/99,Staff
466161,Sachem,Katiyar,3/22/63,12/6/95,1/1/99,Staff
466187,Ebru,Koyama,7/24/64,12/12/95,1/1/99,Engineer
466194,Deniz,Pouyioutas,3/15/62,7/9/96,1/1/99,Engineer
466197,Tayeb,Backhouse,8/31/62,9/4/96,1/1/99,Engineer
466198,Franziska,Werthner,9/10/62,10/30/91,1/1/99,Senior Staff
466201,Khalil,Swick,6/13/63,1/8/98,1/1/99,Engineer
466211,Alois,Polupanov,12/8/63,9/6/97,1/1/99,Engineer
466217,Oddvar,Chvatal,3/18/62,2/21/98,1/1/99,Engineer
466219,Elrique,Merkl,7/9/63,2/11/99,1/1/99,Staff
466223,Izaskun,Ritzmann,5/8/63,2/1/94,1/1/99,Senior Staff
466232,Frazer,Cappelletti,7/15/64,2/18/86,1/1/99,Engineer
466233,Jacopo,Velardi,8/27/62,8/10/88,1/1/99,Senior Staff
466234,Kazuyasu,Yemenis,11/3/62,10/17/89,1/1/99,Senior Staff
466235,Barry,Petersohn,9/14/62,5/4/86,1/1/99,Senior Staff
466241,Mani,Candan,4/22/62,10/29/86,1/1/99,Senior Engineer
466246,Constantijn,Mellouli,5/3/63,5/6/93,1/1/99,Senior Staff
466262,Vitali,Khasidashvili,3/16/64,3/16/93,1/1/99,Senior Staff
466295,Subhada,Schaap,2/1/63,6/30/93,1/1/99,Senior Staff
466302,Weiru,Maraist,9/13/64,4/26/96,1/1/99,Engineer
466309,Paris,Sanella,9/29/63,8/27/85,1/1/99,Staff
466312,Sverrir,Butterworth,10/20/63,10/19/91,1/1/99,Technique Leader
466316,Kristof,Melichar,8/4/62,11/14/92,1/1/99,Staff
466319,Lucien,Anguita,11/3/63,8/31/98,1/1/99,Staff
466331,Maris,Khasidashvili,6/12/63,3/28/86,1/1/99,Staff
466334,Shugo,Imataki,12/12/62,7/6/88,1/1/99,Engineer
466336,Ingemar,Cummings,5/8/63,4/29/94,1/1/99,Staff
466339,Aran,Ciolek,5/16/64,7/5/95,1/1/99,Senior Staff
466341,Guenter,Mellouli,1/22/64,8/7/91,1/1/99,Staff
466344,Ewing,Pellegrinelli,1/12/63,10/7/87,1/1/99,Senior Engineer
466350,Gurbir,Hooghiemstra,6/8/64,8/18/94,1/1/99,Senior Staff
466367,Hiroyasu,Strandh,1/5/65,6/5/89,1/1/99,Senior Staff
466375,Cristinel,Bondorf,6/6/63,7/12/90,1/1/99,Senior Staff
466377,Aiman,Mawatari,6/11/64,6/29/90,1/1/99,Senior Staff
466378,Khue,Dratva,11/2/64,12/24/98,1/1/99,Engineer
466388,Kwee,Krichel,8/25/63,2/4/01,1/1/99,Engineer
466389,Adas,Terlouw,3/19/64,12/16/89,1/1/99,Senior Engineer
466393,Tayeb,Klassen,11/15/62,10/2/98,1/1/99,Senior Staff
466394,Hideyuki,Roohalamini,6/17/63,8/7/93,1/1/99,Engineer
466395,Alain,Gist,1/10/64,10/22/87,1/1/99,Staff
466405,Jayson,Herber,1/31/62,7/31/96,1/1/99,Senior Engineer
466412,Mayuri,Birdsall,7/5/64,6/9/94,1/1/99,Staff
466413,Shigeo,Cronau,2/16/62,3/11/93,1/1/99,Staff
466414,Jordanka,Wroclawski,9/17/64,8/26/88,1/1/99,Senior Engineer
466419,Shigenori,Ellozy,3/29/63,6/6/92,1/1/99,Technique Leader
466422,Suzette,Emden,9/6/63,6/12/89,1/1/99,Senior Staff
466428,Uno,Shackell,12/24/62,3/8/92,1/1/99,Engineer
466435,Geraldo,Anily,8/26/64,3/3/87,1/1/99,Senior Staff
466442,Rutger,Fabrizio,10/13/62,8/31/95,1/1/99,Senior Engineer
466445,Marek,Haraldson,3/5/62,9/5/85,1/1/99,Senior Engineer
466446,Hidekazu,Caine,10/11/64,6/11/91,1/1/99,Engineer
466448,Arie,Goodrum,6/27/64,7/15/86,1/1/99,Assistant Engineer
466451,Apostol,Gips,3/20/63,11/29/99,1/1/99,Engineer
466458,Eben,Liesche,7/23/63,3/17/85,1/1/99,Senior Engineer
466465,Boaz,Heping,4/3/62,1/21/88,1/1/99,Senior Engineer
466473,Jovan,Pews,10/4/62,10/25/86,1/1/99,Senior Staff
466475,Zijian,Piveteau,3/8/63,9/26/97,1/1/99,Staff
466482,Berry,Levasseur,11/3/64,5/18/88,1/1/99,Senior Staff
466484,Zhonghui,Foong,4/14/64,10/14/90,1/1/99,Engineer
466486,Larisa,Cronan,4/8/63,7/23/89,1/1/99,Engineer
466489,Leszek,Panienski,12/5/62,10/9/99,1/1/99,Staff
466491,Zhaofang,Ambroszkiewicz,7/24/63,10/19/95,1/1/99,Staff
466494,Hidekazu,Rotem,9/21/63,12/16/97,1/1/99,Assistant Engineer
466503,Rimli,Zockler,11/14/64,8/31/96,1/1/99,Engineer
466507,Gilbert,Speek,9/25/63,7/1/01,1/1/99,Senior Staff
466509,Bezalel,Verhoeff,1/26/65,3/22/88,1/1/99,Engineer
466515,Shigehiro,Bondorf,7/20/63,10/30/90,1/1/99,Senior Staff
466519,Berry,Braunmuhl,8/4/64,3/12/93,1/1/99,Senior Staff
466520,Genevieve,Collette,10/23/64,2/8/96,1/1/99,Engineer
466526,Chenye,Petereit,3/15/63,12/19/91,1/1/99,Senior Staff
466532,Yuqun,Pleszkun,2/13/62,11/29/86,1/1/99,Engineer
466534,Palash,Alvarado,6/22/64,11/23/97,1/1/99,Engineer
466548,Arunas,Kuzuoka,9/27/63,8/21/85,1/1/99,Senior Staff
466559,Taiji,Schade,3/15/62,3/13/85,1/1/99,Senior Staff
466563,Fay,Bernini,7/25/62,9/8/96,1/1/99,Staff
466566,Junichi,Uhrig,9/26/62,4/21/91,1/1/99,Senior Staff
466570,Yefim,Toyoshima,3/8/62,6/7/89,1/1/99,Staff
466576,Kayoko,Aingworth,9/7/64,7/16/96,1/1/99,Staff
466586,Premal,Hartvigsen,1/26/63,5/17/87,1/1/99,Engineer
466587,Horward,Danner,3/8/62,3/6/99,1/1/99,Senior Engineer
466593,Nectarios,Range,3/3/63,2/2/98,1/1/99,Staff
466594,Qingxiang,Kieras,7/17/63,6/10/87,1/1/99,Senior Staff
466598,Amabile,Schlenzig,11/8/62,2/20/96,1/1/99,Senior Engineer
466601,Limsoon,Cincotta,4/8/63,1/18/89,1/1/99,Senior Engineer
466603,Yechezkel,Nourani,1/23/65,8/1/91,1/1/99,Staff
466607,Nigel,Giarratana,10/25/62,10/10/96,1/1/99,Staff
466614,Valdiodio,Kavvadias,4/21/62,8/24/98,1/1/99,Staff
466627,Xuejun,Molenaar,4/16/62,5/3/86,1/1/99,Senior Engineer
466639,Harngdar,Hooghiemstra,8/15/64,7/11/99,1/1/99,Staff
466664,Henk,Khalil,12/29/64,7/6/92,1/1/99,Staff
466665,Yishay,Barbanera,2/16/62,4/16/88,1/1/99,Engineer
466670,Sreenivas,Luders,12/15/62,1/28/91,1/1/99,Senior Staff
466671,Yucai,Besselaar,1/16/63,12/17/99,1/1/99,Staff
466678,Rimli,Mahnke,1/23/62,4/17/86,1/1/99,Senior Staff
466684,Khue,Ibel,9/9/63,4/26/94,1/1/99,Staff
466687,Sachio,Hofstetter,7/1/63,8/23/94,1/1/99,Staff
466696,Aksel,Azadmanesh,8/22/63,4/22/91,1/1/99,Engineer
466699,Theirry,Cochrane,10/29/64,12/17/87,1/1/99,Senior Staff
466702,Sanjoy,Yetto,10/28/62,1/19/97,1/1/99,Engineer
466722,Toshiki,Bolsens,11/10/62,5/22/96,1/1/99,Staff
466730,Yolla,Kusakari,9/8/62,8/22/90,1/1/99,Senior Engineer
466731,Christfried,Kenevan,12/8/63,1/21/93,1/1/99,Senior Staff
466744,Girolamo,Perfilyeva,4/2/63,12/21/94,1/1/99,Senior Staff
466745,Boalin,Birsak,1/26/65,10/16/95,1/1/99,Senior Staff
466751,Sverrir,Kobuchi,4/10/64,3/31/96,1/1/99,Engineer
466766,Sahrah,Kobuchi,7/13/63,5/20/87,1/1/99,Technique Leader
466769,Dannz,Hooghiemstra,6/28/64,6/4/90,1/1/99,Senior Engineer
466770,Nectarios,Skafidas,11/29/62,6/3/89,1/1/99,Senior Engineer
466774,Perry,Legleitner,8/5/64,3/5/99,1/1/99,Staff
466789,Subhrajyoti,Zambonelli,11/7/63,7/6/92,1/1/99,Senior Engineer
466792,Girolamo,Schreiter,1/20/62,12/6/98,1/1/99,Engineer
466794,Martial,Pusterhofer,9/13/64,7/29/92,1/1/99,Senior Staff
466795,Kristine,Peir,7/20/62,11/8/85,1/1/99,Senior Engineer
466806,Lunjin,Duclos,2/22/62,1/4/89,1/1/99,Engineer
466810,Georgy,Prenel,6/1/62,12/7/91,1/1/99,Senior Staff
466814,Nathalie,Garnick,12/6/63,12/15/88,1/1/99,Senior Staff
466819,Yurii,Nations,6/12/64,2/15/98,1/1/99,Engineer
466822,Arve,Olano,12/4/62,7/17/95,1/1/99,Senior Engineer
466824,Bedrich,Lambe,4/29/63,4/10/95,1/1/99,Senior Engineer
466826,Emdad,Pellegrinelli,10/2/63,9/27/85,1/1/99,Senior Staff
466828,Candido,Lundstrom,7/10/62,1/8/86,1/1/99,Senior Engineer
466831,Hatsukazu,Stranks,4/8/64,3/26/87,1/1/99,Senior Staff
466841,Tze,Quadeer,6/21/64,1/2/89,1/1/99,Staff
466844,Ebbe,Herber,4/6/63,9/22/91,1/1/99,Engineer
466850,Genki,Vadhan,2/19/63,9/10/92,1/1/99,Senior Staff
466853,Younwoo,Henseler,10/19/63,9/14/01,1/1/99,Engineer
466857,Gudjon,Pollock,2/11/62,4/7/93,1/1/99,Senior Staff
466861,Claudi,Rousseau,1/2/63,12/16/91,1/1/99,Senior Staff
466866,Karoline,Kieras,8/12/64,3/27/88,1/1/99,Technique Leader
466870,Jianhua,Rettelbach,2/2/64,11/22/89,1/1/99,Engineer
466877,Chenyi,Stenning,9/11/63,11/6/87,1/1/99,Senior Staff
466886,Filipp,Makinen,7/5/62,4/20/90,1/1/99,Engineer
466887,Barry,Langford,2/7/63,11/3/92,1/1/99,Senior Staff
466888,Zhilian,Trogemann,11/21/63,3/7/95,1/1/99,Senior Staff
466892,Chandrasekaran,Penz,9/19/63,11/14/89,1/1/99,Senior Engineer
466899,Zhilian,Motley,5/4/63,12/7/96,1/1/99,Engineer
466900,Rosita,Munoz,6/24/63,10/9/96,1/1/99,Senior Staff
466918,Surveyors,Hiroyama,4/26/62,11/19/94,1/1/99,Staff
466922,Uwe,Luca,5/25/63,12/8/97,1/1/99,Engineer
466924,Francesca,Litzler,7/10/63,6/5/95,1/1/99,Senior Staff
466925,Berni,Matzke,2/5/64,11/16/96,1/1/99,Staff
466927,Raimond,Schnabel,1/22/62,4/28/90,1/1/99,Senior Staff
466928,Eishiro,Heystek,3/8/62,1/28/99,1/1/99,Senior Staff
466932,Neven,Jansch,7/9/64,10/17/87,1/1/99,Staff
466938,Christoph,Remmele,7/9/63,1/16/89,1/1/99,Senior Staff
466941,Dines,Benner,12/15/64,8/3/85,1/1/99,Engineer
466943,Mayuri,Angelov,4/30/64,3/7/02,1/1/99,Staff
466947,Otmar,Fairtlough,7/27/63,2/18/96,1/1/99,Senior Staff
466948,Temple,Mayerwieser,1/1/62,7/4/94,1/1/99,Engineer
466961,Gil,Sury,1/15/63,10/18/98,1/1/99,Staff
466968,Lene,Kitai,4/29/64,4/22/85,1/1/99,Staff
466974,Mokhtar,Valiente,7/6/62,9/22/85,1/1/99,Engineer
466975,Guttorm,Montresor,8/1/63,8/19/98,1/1/99,Senior Staff
466976,Idoia,Syang,3/24/63,12/17/88,1/1/99,Senior Engineer
466978,Nahid,Leuchs,2/4/62,9/10/98,1/1/99,Engineer
466987,Gopalakrishnan,Mungall,12/26/63,3/23/94,1/1/99,Staff
466992,Leen,Zielinski,7/17/64,8/8/98,1/1/99,Engineer
466993,Fen,Chappelet,10/28/63,6/9/92,1/1/99,Senior Engineer
466994,Chikara,Oxman,12/29/64,3/7/90,1/1/99,Senior Engineer
467012,Shaw,Soloway,9/20/64,11/13/99,1/1/99,Staff
467013,Ramya,Besselaar,7/3/62,5/5/92,1/1/99,Senior Engineer
467023,Shen,Crouzet,1/13/64,12/28/97,1/1/99,Technique Leader
467025,Premal,Nyanchama,1/29/62,12/24/92,1/1/99,Staff
467028,Randy,Rousseau,12/19/63,11/1/95,1/1/99,Senior Engineer
467030,Pohua,Ouhyoung,5/16/62,10/7/89,1/1/99,Senior Staff
467034,Weiyi,Schrift,6/26/64,3/30/92,1/1/99,Engineer
467035,Mihalis,Claffy,12/26/62,5/9/90,1/1/99,Senior Engineer
467037,Georgy,Neiman,4/28/62,11/21/90,1/1/99,Senior Staff
467038,Anoosh,Benzmuller,9/5/62,1/16/91,1/1/99,Senior Engineer
467041,Aimee,Rosay,4/18/64,10/8/95,1/1/99,Senior Engineer
467043,Seshu,Denos,12/7/62,11/6/97,1/1/99,Engineer
467045,Kazuyasu,Roison,1/22/62,5/28/90,1/1/99,Staff
467056,Sachio,Legleitner,3/6/64,7/13/88,1/1/99,Senior Engineer
467059,Heng,Gaughan,3/24/63,2/26/92,1/1/99,Senior Staff
467062,Khalid,Vesna,3/20/63,9/23/95,1/1/99,Staff
467067,Niranjan,Masand,6/29/62,8/13/88,1/1/99,Engineer
467069,Gregory,Rajaraman,4/8/63,2/21/87,1/1/99,Senior Staff
467079,Chirstian,Hellwagner,7/26/63,1/28/02,1/1/99,Engineer
467083,Muzhong,Riefers,11/2/63,7/31/89,1/1/99,Senior Engineer
467086,Tse,Serna,3/4/62,10/27/87,1/1/99,Staff
467097,Jouko,Luke,5/24/63,9/19/92,1/1/99,Senior Engineer
467098,Tsutomu,Schauser,8/6/64,11/13/99,1/1/99,Engineer
467102,Bartek,Underwood,11/8/64,8/14/94,1/1/99,Senior Staff
467107,DAIDA,Kitsuregawa,12/30/62,10/16/93,1/1/99,Engineer
467113,Kien,Baezner,2/9/64,11/1/85,1/1/99,Engineer
467125,Xinglin,Cappello,8/21/62,7/18/96,1/1/99,Senior Staff
467132,Sanjay,Millington,4/6/62,1/27/91,1/1/99,Senior Engineer
467133,Fabrizio,Luders,1/14/63,2/3/97,1/1/99,Engineer
467139,Persi,Katalagarianos,12/13/64,7/6/96,1/1/99,Staff
467141,Jaana,Guardalben,8/8/63,11/17/98,1/1/99,Engineer
467142,Nikolaus,Schapiro,6/8/62,7/7/89,1/1/99,Engineer
467143,Premsyl,Erde,5/25/63,4/2/98,1/1/99,Assistant Engineer
467149,Froduald,Rosch,9/9/62,3/13/94,1/1/99,Senior Engineer
467152,Zhanqiu,Improta,8/18/62,2/15/88,1/1/99,Senior Engineer
467155,Susanna,Zallocco,9/8/63,9/16/98,1/1/99,Engineer
467158,Duro,Iacovou,10/10/64,4/16/97,1/1/99,Engineer
467162,Wanqing,Rettelbach,1/28/64,1/23/99,1/1/99,Staff
467166,Elvia,Swiler,7/7/62,5/24/94,1/1/99,Senior Engineer
467168,Shrikanth,Shiratori,7/4/64,11/26/93,1/1/99,Senior Staff
467172,Naftaly,Vecchi,5/15/62,11/17/91,1/1/99,Engineer
467173,Makato,Hebden,2/18/64,7/15/97,1/1/99,Engineer
467174,Kristine,Guardalben,6/6/63,9/2/90,1/1/99,Senior Staff
467176,Przemyslawa,Borovoy,1/5/65,6/18/93,1/1/99,Staff
467191,Shushma,Molenkamp,7/23/63,7/2/88,1/1/99,Engineer
467195,Conal,Muhling,2/4/62,9/6/97,1/1/99,Staff
467202,Girolamo,Uehara,8/24/64,5/12/97,1/1/99,Staff
467212,Laurentiu,Leonhardt,10/10/62,4/30/99,1/1/99,Staff
467224,Yagil,Moehrke,6/19/62,7/16/86,1/1/99,Senior Staff
467225,Bartek,Dehkordi,7/22/62,8/15/93,1/1/99,Senior Staff
467227,Kokou,Ariola,7/17/63,2/10/87,1/1/99,Engineer
467228,Gererd,Ballarin,10/4/63,8/30/97,1/1/99,Engineer
467233,Arno,Crelier,11/21/63,2/20/94,1/1/99,Senior Staff
467236,Harngdar,Tischendorf,12/29/62,9/17/91,1/1/99,Technique Leader
467246,Mack,Portugali,9/23/62,11/8/95,1/1/99,Senior Staff
467249,Manton,Jumpertz,6/27/63,2/18/89,1/1/99,Staff
467252,Anneke,Rusmann,9/30/64,10/4/94,1/1/99,Engineer
467259,Panayotis,Pellegrinelli,11/15/64,7/9/96,1/1/99,Engineer
467262,Toney,Greibach,12/22/63,4/7/94,1/1/99,Senior Staff
467264,Margareta,Bennis,7/10/62,7/27/90,1/1/99,Senior Engineer
467265,Heeju,Chartres,12/19/62,12/28/97,1/1/99,Staff
467269,Nahum,Lambe,1/18/65,8/31/89,1/1/99,Technique Leader
467278,Srinidhi,Laventhal,3/10/62,4/12/93,1/1/99,Senior Engineer
467284,Srinidhi,Moffat,12/11/64,12/11/99,1/1/99,Senior Staff
467295,Jolita,Ramaiah,11/20/63,4/9/89,1/1/99,Senior Staff
467298,Khue,Beilner,7/28/64,12/18/91,1/1/99,Senior Engineer
467299,Rasikan,Veevers,4/21/64,5/23/95,1/1/99,Engineer
467328,Xinyu,Rebaine,7/22/64,4/2/97,1/1/99,Senior Staff
467330,Feiyu,Zweizig,11/6/62,5/22/91,1/1/99,Staff
467332,Shigeu,Brlek,2/3/63,11/18/93,1/1/99,Senior Staff
467334,Randy,Murtafg,2/5/62,2/11/94,1/1/99,Senior Staff
467336,Huiqun,Moffat,1/2/63,1/2/00,1/1/99,Engineer
467342,JiYoung,Eugenio,12/6/64,7/11/89,1/1/99,Senior Staff
467350,Hongzue,Awdeh,9/5/64,9/22/86,1/1/99,Senior Staff
467354,Mariusz,Luiz,10/11/63,2/15/96,1/1/99,Senior Staff
467365,Van,Ulupinar,1/14/62,7/17/96,1/1/99,Technique Leader
467366,Wilmer,Minakawa,1/12/64,1/6/90,1/1/99,Engineer
467367,Toshiko,Karner,4/19/64,10/19/93,1/1/99,Senior Engineer
467376,Gino,Madeira,2/7/62,1/6/89,1/1/99,Engineer
467380,Sushant,McAffer,1/20/63,2/10/93,1/1/99,Staff
467390,Jouko,Baba,4/28/64,2/18/85,1/1/99,Engineer
467392,Mariusz,Rikino,1/7/65,4/13/95,1/1/99,Engineer
467398,Arno,Jansen,3/14/62,5/31/90,1/1/99,Senior Engineer
467408,Elvis,Besancenot,4/23/63,7/2/99,1/1/99,Staff
467413,Mani,Pettis,7/4/62,5/12/87,1/1/99,Senior Engineer
467415,Apostol,Axelband,1/6/64,9/5/90,1/1/99,Assistant Engineer
467425,Gita,Uchoa,11/12/64,7/31/89,1/1/99,Technique Leader
467429,Moss,Shimshoni,1/16/63,2/25/99,1/1/99,Engineer
467433,Golgen,Jahnichen,7/17/64,11/9/93,1/1/99,Staff
467441,Margareta,Bondorf,1/13/65,11/7/88,1/1/99,Senior Engineer
467445,Shrikanth,Danley,2/1/63,3/12/86,1/1/99,Senior Engineer
467455,Basil,Skogmar,9/20/64,8/25/87,1/1/99,Technique Leader
467464,Sachem,Eastman,2/2/63,3/6/88,1/1/99,Senior Staff
467470,Rafail,Bresenham,9/4/63,7/11/99,1/1/99,Technique Leader
467474,Vasiliy,Demian,3/9/64,9/3/89,1/1/99,Senior Staff
467477,Tremaine,Auyong,1/6/64,7/29/88,1/1/99,Senior Engineer
467478,Zijian,Lenart,4/3/63,4/28/97,1/1/99,Staff
467484,Faiza,Hanabata,7/18/62,2/29/92,1/1/99,Engineer
467485,Munenori,Pettis,2/11/64,10/24/88,1/1/99,Staff
467489,Huan,Cincotta,8/3/63,9/1/93,1/1/99,Engineer
467506,Tzvetan,Belinskaya,10/19/64,8/24/94,1/1/99,Engineer
467510,Shay,Peres,2/5/64,12/11/88,1/1/99,Senior Engineer
467513,Maja,Hainaut,8/31/63,10/4/88,1/1/99,Staff
467523,Tadanori,Welham,2/18/63,3/24/91,1/1/99,Senior Staff
467531,Matk,Zongker,5/15/64,8/20/01,1/1/99,Technique Leader
467532,Shai,Georg,4/7/63,5/8/88,1/1/99,Staff
467537,Pranav,Krzyzanowski,5/11/63,3/16/98,1/1/99,Engineer
467542,Koichi,Demir,1/3/64,5/26/89,1/1/99,Senior Staff
467546,Gad,Baba,3/17/64,7/21/89,1/1/99,Assistant Engineer
467548,Barry,Parascandalo,5/12/64,3/21/91,1/1/99,Engineer
467555,Kankanahalli,Vickson,12/25/63,9/18/88,1/1/99,Senior Staff
467556,Sachin,Brizzi,2/3/63,1/11/98,1/1/99,Assistant Engineer
467564,Aemilian,Usery,9/30/63,2/28/87,1/1/99,Senior Staff
467565,Seongbae,Beilner,8/3/63,9/15/95,1/1/99,Engineer
467570,Fay,Krychniak,1/22/63,12/15/91,1/1/99,Staff
467577,Shigeichiro,Miyakawa,9/5/63,11/17/93,1/1/99,Senior Staff
467582,Maya,Picco,7/15/63,5/27/94,1/1/99,Senior Staff
467586,Suebskul,Zaccaria,9/23/62,9/1/89,1/1/99,Senior Engineer
467590,Tommaso,Pouyioutas,4/1/63,6/28/94,1/1/99,Staff
467591,Kiyotoshi,Hennebert,1/17/65,3/6/01,1/1/99,Staff
467594,Reinhard,Akiyama,9/8/62,4/6/92,1/1/99,Senior Staff
467601,Gennadi,Rosenbaum,1/25/62,3/6/94,1/1/99,Senior Engineer
467604,Anneli,Kusakabe,5/20/64,9/23/90,1/1/99,Engineer
467606,Gunilla,Bernick,11/10/63,8/29/93,1/1/99,Senior Staff
467608,Arumugam,Rabejac,11/25/62,10/25/85,1/1/99,Staff
467614,Kiam,Warwick,5/12/62,2/14/93,1/1/99,Senior Staff
467615,Baocai,Pietrzykowski,8/27/63,11/2/98,1/1/99,Technique Leader
467632,Olivera,Heuser,3/6/64,9/17/85,1/1/99,Senior Engineer
467637,Anneli,Morton,9/22/62,2/20/97,1/1/99,Staff
467638,Ziya,Scharstein,3/28/62,12/17/91,1/1/99,Staff
467639,Tiina,Rullman,12/9/64,12/26/85,1/1/99,Senior Staff
467640,Shahar,Woycyznski,2/1/62,3/6/94,1/1/99,Senior Staff
467648,Yahiko,Zobel,12/17/62,3/2/91,1/1/99,Engineer
467653,Zhongwei,Angiulli,3/16/64,4/18/96,1/1/99,Staff
467656,Shahaf,Speer,5/3/63,4/8/97,1/1/99,Senior Staff
467661,Eric,Piancastelli,7/26/64,9/6/99,1/1/99,Senior Staff
467668,Yagil,Itzigehl,4/3/62,11/29/86,1/1/99,Engineer
467670,Ewing,Makinen,7/21/64,11/1/96,1/1/99,Engineer
467672,Reuven,Slutz,6/29/63,11/14/92,1/1/99,Engineer
467673,Teiji,Masand,6/18/63,11/5/91,1/1/99,Senior Staff
467676,Susanta,Pillow,2/3/63,8/28/87,1/1/99,Senior Staff
467679,Shigehito,Lamba,6/16/62,4/21/93,1/1/99,Staff
467681,Kersti,Hempstead,1/18/62,12/20/99,1/1/99,Senior Engineer
467685,Francesca,Gilg,7/26/63,2/23/89,1/1/99,Senior Staff
467690,Vasiliy,Krychniak,7/13/64,4/30/94,1/1/99,Senior Staff
467698,Chaitali,Matzat,1/31/64,8/9/85,1/1/99,Staff
467702,Zhenbing,Rusterholz,9/20/64,11/16/92,1/1/99,Engineer
467710,Kenroku,Oskamp,10/5/64,10/17/88,1/1/99,Senior Staff
467713,Tetsurou,Vanwelkenhuysen,7/4/62,10/16/96,1/1/99,Senior Engineer
467720,Xiaocheng,Munoz,11/23/63,8/23/87,1/1/99,Engineer
467732,Goo,Azadmanesh,9/30/63,3/20/91,1/1/99,Assistant Engineer
467741,Aluzio,Hegner,7/23/64,1/7/97,1/1/99,Staff
467742,Haldon,Pena,9/28/63,1/24/93,1/1/99,Senior Engineer
467750,Yongmao,Besancenot,1/21/63,1/18/00,1/1/99,Engineer
467751,Gift,Garigliano,12/24/63,3/8/88,1/1/99,Technique Leader
467756,Arco,Portugali,5/14/63,2/22/00,1/1/99,Senior Staff
467757,Marin,Zirintsis,8/1/63,6/20/86,1/1/99,Engineer
467761,Shay,Shihab,9/22/62,10/22/85,1/1/99,Staff
467762,Jungsoon,Vesel,12/14/63,3/4/94,1/1/99,Senior Engineer
467767,Ulf,Perri,12/27/64,5/6/94,1/1/99,Senior Staff
467772,Ravishankar,Falby,7/22/62,9/24/99,1/1/99,Staff
467786,Huiqun,Cappelletti,3/4/62,7/29/89,1/1/99,Technique Leader
467795,Xudong,Conte,9/16/64,12/14/92,1/1/99,Staff
467797,Giri,Melichar,3/26/64,8/18/96,1/1/99,Senior Staff
467806,Marit,Akaboshi,1/9/64,8/27/87,1/1/99,Staff
467809,Elvia,Perfilyeva,3/25/62,11/11/97,1/1/99,Engineer
467814,Maren,dAstous,2/7/62,10/7/86,1/1/99,Engineer
467824,Hugh,Gimbel,11/28/64,8/11/96,1/1/99,Engineer
467827,Oldrich,Wilfing,6/16/63,1/5/92,1/1/99,Senior Engineer
467830,Berni,Tramer,9/30/63,5/11/92,1/1/99,Engineer
467832,Nagui,Erva,10/2/64,3/14/86,1/1/99,Senior Engineer
467840,Denny,Buescher,3/30/62,7/13/93,1/1/99,Senior Staff
467846,Takushi,Benveniste,6/8/63,11/19/86,1/1/99,Senior Staff
467847,Xinan,Chaudhury,5/28/64,9/17/85,1/1/99,Senior Staff
467871,Fumitake,Lund,3/29/62,3/27/86,1/1/99,Engineer
467875,Shmuel,Parhami,10/22/62,1/19/97,1/1/99,Engineer
467886,Sivanarayana,Chandrasekhar,1/2/65,1/24/96,1/1/99,Senior Staff
467897,Khalid,Hanabata,8/29/64,6/16/97,1/1/99,Staff
467918,Tsuneo,Skrikant,1/3/65,10/21/97,1/1/99,Staff
467920,Candido,Kilgore,6/6/63,12/21/88,1/1/99,Staff
467927,Zhongwei,Selvestrel,9/10/62,8/20/95,1/1/99,Engineer
467934,Armond,Coney,1/10/64,1/6/89,1/1/99,Senior Engineer
467936,Billie,Manders,10/31/62,4/26/97,1/1/99,Senior Engineer
467939,Edwin,Roohalamini,11/23/62,4/14/01,1/1/99,Engineer
467952,Khaled,Malinowski,1/8/63,5/28/91,1/1/99,Senior Staff
467959,Chinya,Peak,8/18/63,12/21/97,1/1/99,Engineer
467967,Hidefumi,Cesareni,3/17/62,11/18/86,1/1/99,Senior Engineer
467969,Tzu,Murillo,2/8/62,7/26/91,1/1/99,Senior Staff
467977,Nectarios,Ashish,6/24/64,2/13/88,1/1/99,Senior Staff
467987,Tadahiro,Waschkowski,8/21/63,3/24/01,1/1/99,Staff
467993,Ramya,Facello,3/10/64,2/23/86,1/1/99,Senior Staff
468001,Munehiko,Chandrasekhar,3/23/62,2/27/97,1/1/99,Engineer
468003,Waiman,Rosch,9/5/62,9/6/92,1/1/99,Senior Engineer
468008,Mario,Bain,12/28/62,6/4/94,1/1/99,Senior Engineer
468013,Lorien,Feinberg,9/26/63,1/23/86,1/1/99,Staff
468015,Tadanori,Lorie,10/26/64,12/31/98,1/1/99,Staff
468017,Gritta,Siprelle,8/29/62,12/17/87,1/1/99,Engineer
468024,Chrisa,Zaumen,6/7/63,9/8/87,1/1/99,Staff
468032,Hongzhu,Tasistro,2/12/63,4/27/87,1/1/99,Senior Engineer
468037,Udaiprakash,Haldar,11/7/63,10/1/96,1/1/99,Senior Engineer
468042,Radoslaw,Ramsey,7/18/63,9/24/87,1/1/99,Senior Engineer
468060,Mihalis,Reinhart,10/2/62,8/16/00,1/1/99,Senior Staff
468061,Garnet,Shokrollahi,5/10/62,10/30/90,1/1/99,Assistant Engineer
468068,Berna,Cromarty,12/29/63,11/27/85,1/1/99,Engineer
468070,Troy,Rajcani,11/22/63,4/4/99,1/1/99,Engineer
468075,Weiye,Hofman,6/18/64,10/20/86,1/1/99,Senior Engineer
468080,Kitty,Setlzner,1/19/64,3/28/02,1/1/99,Senior Staff
468083,Aluzio,Kakkad,4/23/63,1/15/96,1/1/99,Senior Engineer
468085,Bogdan,Munawer,2/7/63,2/15/91,1/1/99,Staff
468087,Luigi,Berztiss,11/19/63,2/3/92,1/1/99,Senior Staff
468089,Mariusz,Narwekar,6/28/63,11/27/90,1/1/99,Senior Staff
468092,Chaitali,Brender,10/7/62,4/5/96,1/1/99,Staff
468095,Larisa,Ramaiah,12/4/64,12/1/99,1/1/99,Staff
468099,Tuval,Cannane,7/15/64,10/11/98,1/1/99,Technique Leader
468101,Sachin,Nilsson,10/30/64,11/21/95,1/1/99,Engineer
468108,Stabislas,Pargaonkar,12/4/63,2/18/93,1/1/99,Senior Engineer
468109,Masami,Debuse,4/30/64,8/25/87,1/1/99,Senior Engineer
468112,Arnd,Bellone,7/12/62,7/13/99,1/1/99,Engineer
468113,Anneli,Boissier,2/27/62,7/13/89,1/1/99,Staff
468120,Rosita,Dusink,5/18/64,4/8/96,1/1/99,Senior Staff
468121,Harngdar,Comellas,2/7/62,6/10/89,1/1/99,Senior Engineer
468124,Geraldo,Thummel,4/13/62,2/14/94,1/1/99,Staff
468126,Mohan,Toyoshima,2/25/63,2/15/98,1/1/99,Engineer
468128,Mototsugu,Nyrup,12/12/62,12/27/94,1/1/99,Engineer
468130,Marit,Siksek,7/20/62,6/8/00,1/1/99,Staff
468131,George,Denti,7/19/64,8/7/89,1/1/99,Staff
468132,Sanjay,Luca,1/30/63,3/15/95,1/1/99,Engineer
468139,Hisao,Solovay,9/1/64,9/29/88,1/1/99,Senior Staff
468142,Arun,Cappelli,6/11/63,5/16/93,1/1/99,Senior Staff
468145,Prasadram,Molenkamp,10/5/62,7/31/89,1/1/99,Engineer
468148,Fumiyo,Kuszyk,5/18/62,8/11/95,1/1/99,Senior Staff
468152,Rance,Ranum,8/8/63,8/23/87,1/1/99,Engineer
468159,Perry,Marakhovsky,4/20/63,6/9/87,1/1/99,Senior Staff
468167,Gianluca,Baezner,11/15/63,9/29/85,1/1/99,Engineer
468171,Arve,Clemencon,8/25/63,9/17/99,1/1/99,Senior Engineer
468172,Kinh,Zolotykh,12/10/64,12/17/94,1/1/99,Senior Staff
468196,Mayumi,Rusterholz,12/8/63,8/7/94,1/1/99,Senior Staff
468198,Samphel,Salverda,5/9/64,7/28/87,1/1/99,Senior Staff
468199,Chriss,Vural,3/22/63,2/8/91,1/1/99,Senior Engineer
468209,Bikash,Morton,4/1/64,2/20/98,1/1/99,Staff
468220,Zvonko,Cannata,1/14/64,5/1/92,1/1/99,Staff
468222,Chanjung,Stranks,11/21/63,6/7/95,1/1/99,Senior Staff
468224,Giri,Luce,5/1/64,6/6/94,1/1/99,Senior Staff
468228,Moriyoshi,Rosis,3/16/63,7/4/87,1/1/99,Senior Engineer
468229,Heekeun,Coorg,3/27/64,12/17/96,1/1/99,Engineer
468232,Sushant,Awdeh,6/6/62,7/30/93,1/1/99,Technique Leader
468241,Kazunori,Azadmanesh,9/23/62,1/2/99,1/1/99,Staff
468242,Arvind,Gilg,6/20/64,8/8/99,1/1/99,Senior Engineer
468246,Youngkon,Middleton,6/25/63,4/27/93,1/1/99,Technique Leader
468260,Gou,Landherr,11/6/64,1/13/91,1/1/99,Technique Leader
468261,Lalit,Hoogerwoord,4/24/63,8/7/89,1/1/99,Engineer
468262,Irena,Taneja,5/28/63,1/19/91,1/1/99,Senior Engineer
468269,Guoxiang,Berstel,3/22/62,11/30/96,1/1/99,Engineer
468270,Shaunak,Atchley,9/23/64,7/1/88,1/1/99,Senior Staff
468275,Jianwen,Ushiama,4/6/64,6/13/91,1/1/99,Senior Staff
468276,Tetsurou,Tibblin,7/21/62,9/19/88,1/1/99,Senior Engineer
468283,Monique,Kilgore,7/22/62,3/14/94,1/1/99,Senior Staff
468287,Kankanahalli,Ghemri,4/20/63,12/19/96,1/1/99,Engineer
468299,Duro,Narahari,7/29/63,9/1/94,1/1/99,Staff
468300,Ewing,Rothe,7/22/63,6/24/85,1/1/99,Engineer
468304,Marl,Sherertz,11/23/63,5/14/97,1/1/99,Senior Staff
468307,Wonhee,Parascandalo,5/10/63,11/7/95,1/1/99,Technique Leader
468314,Subhrajyoti,Reeker,6/7/62,5/27/95,1/1/99,Staff
468318,Izaskun,Fasbender,2/15/62,9/3/95,1/1/99,Engineer
468322,Xiaopeng,Denny,12/29/63,1/11/94,1/1/99,Senior Staff
468334,Shunichi,Dymetman,6/9/64,12/31/96,1/1/99,Staff
468342,Golgen,Birge,9/24/63,4/12/99,1/1/99,Staff
468345,Shir,Pietrzykowski,4/7/62,3/18/90,1/1/99,Staff
468346,Kwun,Pepe,9/27/63,6/29/90,1/1/99,Technique Leader
468347,Douadi,Rathonyi,11/10/62,4/13/97,1/1/99,Staff
468352,Gilbert,Reistad,7/1/64,3/5/99,1/1/99,Engineer
468360,Huei,Saoudi,1/12/65,8/10/94,1/1/99,Technique Leader
468361,Sergi,Iisaku,3/15/62,1/1/00,1/1/99,Engineer
468362,Sampalli,Ananiadou,7/20/62,1/30/97,1/1/99,Engineer
468363,Shigehiro,Ramsak,6/26/63,12/22/86,1/1/99,Senior Staff
468368,Mack,Rahier,11/4/64,5/21/96,1/1/99,Engineer
468376,Maren,Rusmann,9/25/64,5/11/88,1/1/99,Staff
468377,Piyawadee,Nooteboom,7/13/62,2/28/90,1/1/99,Technique Leader
468394,Yechiam,Couchot,8/28/63,7/11/94,1/1/99,Staff
468395,Wayne,Sanella,9/12/64,3/12/96,1/1/99,Engineer
468397,Zijian,Buescher,2/20/64,1/11/93,1/1/99,Senior Staff
468404,Leaf,Fetvedt,12/2/64,11/29/88,1/1/99,Senior Staff
468414,Nikolaos,Deyuan,8/8/63,5/30/92,1/1/99,Staff
468417,Kamakshi,Huhdanpaa,1/25/65,8/26/93,1/1/99,Senior Engineer
468420,Junichi,Shackell,1/1/62,8/25/88,1/1/99,Technique Leader
468426,Ghassan,Kumaresan,3/3/63,9/4/88,1/1/99,Staff
468430,Tzvetan,Benantar,11/24/63,12/18/94,1/1/99,Engineer
468434,Maya,Karunanithi,10/13/63,2/20/87,1/1/99,Engineer
468435,Hiroyasu,Dulay,11/17/63,11/22/93,1/1/99,Senior Staff
468437,Paddy,Veldwijk,6/20/63,7/24/91,1/1/99,Senior Staff
468438,Patricia,Ramsey,4/12/64,11/3/96,1/1/99,Staff
468448,Demos,Poupard,10/5/64,4/15/89,1/1/99,Staff
468450,Sailaja,Bakhtari,4/1/63,12/18/98,1/1/99,Engineer
468454,Sanjay,Kawashima,5/23/62,9/24/87,1/1/99,Senior Engineer
468458,Marek,Matzel,5/11/64,6/16/87,1/1/99,Staff
468505,Padma,Escriba,8/7/64,1/13/90,1/1/99,Staff
468507,Kwun,Khalid,1/1/62,4/2/88,1/1/99,Senior Engineer
468513,Berry,Khasidashvili,7/17/64,10/13/98,1/1/99,Staff
468515,Taisook,Selvestrel,3/13/64,7/17/93,1/1/99,Senior Engineer
468517,Mohamadou,Narahara,12/31/62,1/1/90,1/1/99,Engineer
468531,Dinkar,Hooghiemstra,11/9/62,7/15/97,1/1/99,Staff
468533,Toshimi,Iisaka,8/2/62,4/20/85,1/1/99,Senior Engineer
468537,Vivian,Mikschl,10/26/64,1/24/90,1/1/99,Staff
468543,Jiann,Ramsak,5/4/62,1/23/97,1/1/99,Engineer
468545,Shichao,Herber,10/9/62,3/27/85,1/1/99,Senior Engineer
468554,Phule,Pollacia,2/3/64,5/12/98,1/1/99,Engineer
468559,Douadi,Honglei,6/20/62,9/21/88,1/1/99,Staff
468561,Basil,Pfau,10/5/63,3/27/88,1/1/99,Senior Staff
468568,Hinrich,Ozeri,9/27/63,6/6/92,1/1/99,Senior Staff
468575,Kendra,Vanwelkenhuysen,2/7/62,11/18/93,1/1/99,Engineer
468579,Christophe,Frijda,7/28/62,2/27/98,1/1/99,Staff
468581,Gad,Hiltgen,2/9/62,10/8/91,1/1/99,Engineer
468582,Vidya,Heemskerk,6/24/63,5/3/96,1/1/99,Engineer
468583,Beshir,Demke,4/15/63,11/16/94,1/1/99,Staff
468585,Flemming,Frezza,3/29/64,1/18/99,1/1/99,Engineer
468587,Cheong,Steenbeek,3/18/62,2/23/86,1/1/99,Engineer
468588,Kristian,Rousseau,10/7/63,9/20/85,1/1/99,Senior Staff
468589,Shih,Kusalik,3/15/64,1/10/96,1/1/99,Engineer
468591,Ger,Rubsam,10/20/64,1/27/94,1/1/99,Staff
468593,Muneo,Delgrange,8/27/64,9/19/94,1/1/99,Senior Staff
468598,Phuoc,Acton,5/3/64,4/2/97,1/1/99,Engineer
468602,Rajmohan,dAstous,12/14/64,2/2/95,1/1/99,Senior Staff
468609,Chinya,Chleq,10/25/63,8/18/86,1/1/99,Senior Engineer
468623,Chikara,Azadmanesh,4/25/63,7/12/89,1/1/99,Senior Engineer
468626,Berthier,Puppo,1/4/62,1/27/89,1/1/99,Senior Engineer
468631,Tesuro,Yamaashi,11/12/64,9/25/86,1/1/99,Engineer
468635,Fumino,Akazan,7/31/63,11/21/92,1/1/99,Senior Engineer
468646,Jinxi,Underwood,7/29/62,6/21/00,1/1/99,Senior Engineer
468647,Seongbae,Szmurlo,6/22/62,1/2/86,1/1/99,Senior Staff
468651,Kenton,Onuegbe,3/14/62,2/4/86,1/1/99,Senior Staff
468659,Ranga,Lemarechal,1/18/65,11/5/89,1/1/99,Engineer
468667,Shem,Cappelli,9/13/62,5/30/95,1/1/99,Staff
468675,Kish,Chinen,9/23/64,12/4/91,1/1/99,Engineer
468678,Odinaldo,Negoita,10/21/63,1/27/99,1/1/99,Senior Engineer
468687,Xiong,Kalorkoti,9/23/64,1/26/95,1/1/99,Engineer
468692,Jeong,Spinelli,5/21/62,8/20/97,1/1/99,Senior Engineer
468695,Radoslaw,Sury,6/16/63,11/21/97,1/1/99,Staff
468699,Claude,Parfitt,6/29/64,8/8/99,1/1/99,Assistant Engineer
468701,Tayeb,Vickson,1/6/64,12/11/86,1/1/99,Staff
468704,Ronnie,Schwartzbauer,8/10/64,8/15/96,1/1/99,Assistant Engineer
468708,Pragnesh,Szilard,11/12/62,7/3/96,1/1/99,Engineer
468710,Shuky,Smeets,6/21/63,7/6/96,1/1/99,Engineer
468719,Shakhar,Heystek,1/22/63,8/28/96,1/1/99,Senior Engineer
468725,Eirik,Shanbhogue,4/21/62,11/9/92,1/1/99,Senior Staff
468749,Deniz,Buchter,9/24/62,11/20/95,1/1/99,Staff
468755,JiYoung,Lindqvist,7/18/63,3/6/99,1/1/99,Technique Leader
468757,Naraig,Pehl,2/13/64,3/25/89,1/1/99,Senior Engineer
468766,Steve,Leonhardt,5/3/63,12/7/88,1/1/99,Senior Engineer
468769,Ortrud,Zielinski,4/19/62,3/24/91,1/1/99,Staff
468773,Baziley,Brookner,1/27/65,9/22/93,1/1/99,Engineer
468781,Rimli,Journel,3/27/63,1/12/92,1/1/99,Engineer
468783,Shigeo,Hooghiemstra,2/10/63,5/28/86,1/1/99,Engineer
468796,Manu,Nilsson,3/28/64,12/7/95,1/1/99,Engineer
468797,Rildo,Keustermans,7/25/64,8/26/98,1/1/99,Senior Engineer
468803,Radoslaw,Munch,11/10/63,7/25/96,1/1/99,Staff
468805,Froduald,Rusterholz,6/29/64,5/3/92,1/1/99,Engineer
468811,Ortrud,Fadgyas,5/30/62,2/16/88,1/1/99,Senior Engineer
468815,Charlene,Gewali,5/8/62,3/17/95,1/1/99,Assistant Engineer
468820,Danil,Ballarin,10/26/62,3/19/02,1/1/99,Engineer
468823,Owen,McFarlan,12/22/63,5/17/99,1/1/99,Staff
468830,Lijia,Huhdanpaa,2/12/63,10/5/92,1/1/99,Senior Engineer
468832,Amstein,Guenter,10/13/63,8/12/90,1/1/99,Senior Staff
468836,Rosli,Morrin,8/18/63,9/29/97,1/1/99,Staff
468838,Steen,Flanders,5/24/63,11/19/90,1/1/99,Senior Engineer
468850,Jouko,Rande,8/6/63,6/26/97,1/1/99,Engineer
468854,Hironobu,Toyoshima,9/28/63,10/1/91,1/1/99,Senior Engineer
468856,Xiahua,Servi,6/26/64,11/3/96,1/1/99,Senior Staff
468862,Fabrizio,Peak,6/10/62,2/5/91,1/1/99,Senior Engineer
468864,Fumiyo,Barreiro,12/1/64,4/24/89,1/1/99,Senior Engineer
468869,Mani,Barreiro,8/22/62,10/28/94,1/1/99,Senior Engineer
468882,Serge,Bade,9/19/63,10/29/98,1/1/99,Staff
468891,Szabolcs,Chandrasekhar,12/5/64,8/31/86,1/1/99,Senior Engineer
468893,Gila,Saoudi,5/15/62,9/25/93,1/1/99,Staff
468895,Christophe,Plessier,4/19/64,2/23/87,1/1/99,Senior Engineer
468900,Jingling,Mungall,2/23/64,9/16/98,1/1/99,Staff
468901,Atilio,Stavenow,1/13/63,4/14/97,1/1/99,Engineer
468907,Hatem,Motley,5/29/63,6/21/97,1/1/99,Staff
468913,Uno,Munoz,3/4/62,1/8/88,1/1/99,Staff
468927,Youngkon,Baby,8/18/64,1/24/94,1/1/99,Senior Staff
468931,Masali,Kisuki,1/6/62,5/25/88,1/1/99,Engineer
468934,Arno,Kowalchuk,9/21/62,6/19/86,1/1/99,Senior Engineer
468941,Basem,Penttonen,11/28/62,11/16/95,1/1/99,Senior Engineer
468943,Zhongwei,Ventosa,9/15/64,12/19/90,1/1/99,Engineer
468949,Jordanka,Brickell,6/10/63,8/15/91,1/1/99,Staff
468959,Rance,Karunanithi,12/15/64,10/14/99,1/1/99,Engineer
468966,Sanjiv,Bugrara,12/24/63,9/6/86,1/1/99,Staff
468967,Shan,Stamatiou,10/19/64,10/11/89,1/1/99,Staff
468970,LiMin,Orsini,1/3/63,11/25/90,1/1/99,Engineer
468972,Nectarios,Stiles,12/18/64,8/2/91,1/1/99,Senior Engineer
468977,Moto,Albarhamtoshy,10/12/63,1/25/92,1/1/99,Engineer
468981,DeForest,Ozeri,5/3/63,12/21/89,1/1/99,Senior Engineer
468992,Arun,Ranta,6/29/63,5/6/91,1/1/99,Senior Engineer
468996,Chenye,Stafford,11/24/63,8/21/85,1/1/99,Staff
468998,Fuqing,Steenbeek,10/23/64,7/3/92,1/1/99,Engineer
469013,Takahira,Morton,9/8/63,12/7/93,1/1/99,Senior Staff
469025,Achilleas,Zockler,2/20/62,6/22/86,1/1/99,Staff
469027,Chriss,McClure,3/26/63,9/22/93,1/1/99,Senior Engineer
469030,Pramod,Cherinka,5/22/62,12/5/99,1/1/99,Engineer
469034,Ebru,Beerel,2/28/63,11/20/98,1/1/99,Staff
469038,Mohan,Narwekar,10/20/64,2/16/94,1/1/99,Staff
469039,Uta,Swan,10/25/64,12/18/96,1/1/99,Engineer
469040,Fun,Lores,12/12/63,8/3/86,1/1/99,Senior Engineer
469050,Youpyo,Badr,3/23/63,11/1/93,1/1/99,Senior Staff
469056,Djelloul,Maksimenko,10/4/64,9/2/93,1/1/99,Senior Staff
469057,Mabhin,Snyers,10/5/64,10/14/85,1/1/99,Senior Engineer
469059,Margo,Hofstetter,6/30/63,4/2/02,1/1/99,Staff
469064,Huai,Linares,12/25/63,8/24/88,1/1/99,Senior Staff
469066,Lidong,Biron,10/9/63,3/24/94,1/1/99,Engineer
469067,Sudharsan,Boudaillier,3/25/62,7/8/02,1/1/99,Engineer
469074,Tse,Doering,6/20/63,10/11/87,1/1/99,Senior Engineer
469075,Spyrose,Feinberg,2/17/63,7/20/96,1/1/99,Senior Staff
469077,Richara,Sidhu,10/27/63,11/7/98,1/1/99,Senior Engineer
469082,Kiyomitsu,Einsfeld,2/28/63,7/19/87,1/1/99,Technique Leader
469087,Kiam,Tagansky,12/16/63,1/31/88,1/1/99,Senior Engineer
469090,Jamaludin,Setlzner,2/8/63,10/19/95,1/1/99,Senior Staff
469095,Khosrow,Paciorek,5/20/63,5/26/97,1/1/99,Staff
469096,Debatosh,Masada,11/25/62,4/7/97,1/1/99,Staff
469097,Hideyuki,Rijckaert,3/18/64,10/28/95,1/1/99,Senior Engineer
469100,Guther,Duclos,1/14/62,12/17/86,1/1/99,Staff
469104,Nadjib,Comellas,1/21/65,1/22/99,1/1/99,Engineer
469109,Erzsebet,Haumacher,12/10/64,3/19/90,1/1/99,Senior Engineer
469113,Seongbae,Matteis,1/18/64,10/6/00,1/1/99,Staff
469114,Parto,Turnbull,8/4/64,1/21/98,1/1/99,Staff
469116,Aiman,Rando,4/30/62,9/9/92,1/1/99,Engineer
469120,Jaques,Suri,7/11/63,7/11/87,1/1/99,Engineer
469124,Kwangyoen,Perelgut,12/28/64,8/30/97,1/1/99,Technique Leader
469125,Tristan,Barreiro,2/3/64,1/16/97,1/1/99,Senior Staff
469133,Hercules,Weiland,6/6/64,4/8/85,1/1/99,Senior Staff
469141,Jaroslava,Serra,3/5/63,12/8/93,1/1/99,Engineer
469142,Bernice,Litzler,4/3/63,3/6/88,1/1/99,Senior Staff
469144,Roddy,Bala,1/6/63,7/25/97,1/1/99,Staff
469151,Theirry,Miara,12/17/62,10/30/90,1/1/99,Senior Staff
469155,Vishv,Rodiger,10/14/64,6/22/92,1/1/99,Staff
469162,Genevieve,Zeidenstein,2/5/64,4/10/95,1/1/99,Senior Engineer
469171,Junsik,McFarlan,9/22/62,12/24/87,1/1/99,Engineer
469172,Marsal,Farrel,6/22/64,12/7/96,1/1/99,Assistant Engineer
469179,Yannik,Talmor,11/29/62,12/3/85,1/1/99,Senior Staff
469186,Aral,Pavlopoulou,5/3/63,6/8/91,1/1/99,Senior Staff
469187,Bogdan,Borovoy,6/21/64,9/2/97,1/1/99,Engineer
469198,Xiping,Sewelson,6/7/62,6/24/89,1/1/99,Engineer
469202,Shakhar,Plotkin,11/18/62,2/24/00,1/1/99,Technique Leader
469209,Neven,Goodrum,5/15/64,10/30/96,1/1/99,Engineer
469212,Saeed,Stasinski,9/27/64,3/24/85,1/1/99,Senior Staff
469221,Arvind,Hashii,11/15/63,10/18/98,1/1/99,Engineer
469224,Basant,Fioravanti,4/20/64,2/25/92,1/1/99,Senior Engineer
469225,Jessie,Michaeli,2/29/64,10/26/86,1/1/99,Engineer
469236,Pragnesh,Krohm,7/20/62,5/25/95,1/1/99,Senior Engineer
469246,Arie,Nittel,11/17/64,2/17/97,1/1/99,Senior Engineer
469249,Saniya,Rodiger,3/22/63,2/26/01,1/1/99,Engineer
469252,Slavian,Picel,4/12/64,5/12/99,1/1/99,Senior Staff
469253,Baruch,Basawa,1/17/65,9/17/93,1/1/99,Senior Engineer
469255,Serenella,DiGiano,4/16/63,2/27/96,1/1/99,Senior Staff
469257,Gino,Gomatam,7/24/64,11/5/98,1/1/99,Staff
469258,Dmitri,Lambe,4/15/63,5/24/94,1/1/99,Assistant Engineer
469265,Chuanti,Seuren,9/2/63,1/24/99,1/1/99,Staff
469266,Alper,Mondadori,11/29/62,1/30/98,1/1/99,Engineer
469269,Weiyi,Codenie,1/23/65,5/27/89,1/1/99,Engineer
469278,Ottavia,Showalter,12/17/64,11/17/88,1/1/99,Senior Staff
469279,Hilari,Lemarechal,3/29/62,2/15/93,1/1/99,Engineer
469285,Nahid,Llado,11/12/63,4/23/87,1/1/99,Senior Engineer
469286,Zhensheng,Spataro,10/12/62,11/18/89,1/1/99,Senior Engineer
469288,Yakkov,Auyong,6/20/64,4/9/91,1/1/99,Senior Engineer
469292,Huican,Belinskaya,5/27/62,5/22/95,1/1/99,Senior Engineer
469299,Zhiguo,Schaap,4/6/62,8/9/97,1/1/99,Engineer
469302,Tran,Ghalwash,9/19/64,5/8/91,1/1/99,Senior Engineer
469308,Subhash,Berztiss,9/7/63,2/11/93,1/1/99,Senior Engineer
469309,Janalee,Ponthieu,6/24/64,1/23/01,1/1/99,Senior Staff
469312,Alagu,Onuegbe,4/20/63,11/18/91,1/1/99,Senior Engineer
469321,Nahla,Hertweck,11/23/64,5/20/96,1/1/99,Engineer
469331,Clyde,Spell,12/15/62,11/23/01,1/1/99,Senior Engineer
469337,Wonhee,Esteva,5/21/62,4/29/85,1/1/99,Staff
469338,Tesuya,Aseltine,10/24/63,12/7/94,1/1/99,Senior Engineer
469339,Manu,Streng,7/9/62,2/28/93,1/1/99,Engineer
469344,Adib,Schmittgen,7/15/62,8/10/85,1/1/99,Assistant Engineer
469345,Randi,Skafidas,6/19/64,12/5/88,1/1/99,Senior Engineer
469346,Malu,Akazan,12/13/62,8/23/90,1/1/99,Senior Staff
469349,Teunis,Smailagic,5/19/62,8/10/99,1/1/99,Engineer
469353,Valdiodio,Trelles,7/29/64,10/16/96,1/1/99,Engineer
469366,Aiman,Wilfing,1/12/65,12/30/90,1/1/99,Engineer
469369,Gianluca,Nitsch,8/23/62,8/6/91,1/1/99,Senior Engineer
469370,Khedija,Berstel,4/7/62,3/13/01,1/1/99,Technique Leader
469371,Uwe,Ohori,4/22/63,11/13/85,1/1/99,Senior Engineer
469373,Ger,Bhattacharjee,8/18/62,1/21/99,1/1/99,Staff
469374,Gift,Vesna,11/10/62,5/16/87,1/1/99,Engineer
469393,Anestis,Schaaf,5/8/63,4/22/95,1/1/99,Technique Leader
469395,Tianruo,Kornyak,9/22/64,11/21/87,1/1/99,Senior Staff
469399,Hongzhu,Ruemmler,1/25/65,6/6/00,1/1/99,Engineer
469403,Makato,Gire,8/29/63,5/5/96,1/1/99,Assistant Engineer
469414,Stein,Kambil,2/14/64,5/26/85,1/1/99,Staff
469418,Chriss,Kandlur,10/14/62,8/17/85,1/1/99,Engineer
469421,Shigehiro,Barinka,6/4/64,2/2/93,1/1/99,Staff
469425,Teunis,Kampfer,9/21/64,4/18/01,1/1/99,Staff
469427,Przemyslawa,Werthner,5/9/64,8/19/97,1/1/99,Senior Staff
469432,Arlette,Reeker,9/15/64,4/7/93,1/1/99,Senior Staff
469433,Kaijung,Fadgyas,11/22/64,6/28/92,1/1/99,Senior Staff
469437,Van,Werthner,12/22/64,6/18/98,1/1/99,Staff
469440,Claude,Benzmuller,6/10/64,6/4/92,1/1/99,Senior Engineer
469453,Yifei,Erni,8/27/63,2/22/92,1/1/99,Engineer
469473,Chuanyi,Alameldin,9/20/64,10/17/01,1/1/99,Engineer
469474,Mrinalini,Heuser,1/4/64,5/24/89,1/1/99,Senior Engineer
469476,Ibibia,Lally,6/22/64,10/29/90,1/1/99,Senior Staff
469478,Tze,Katzenelson,6/20/64,12/25/88,1/1/99,Engineer
469481,Tru,Gammage,11/7/64,4/21/86,1/1/99,Engineer
469482,Takahira,Serov,3/30/63,5/28/02,1/1/99,Engineer
469491,Tsvetan,Stranks,12/17/63,12/23/98,1/1/99,Senior Staff
469492,Ishfaq,Zallocco,3/12/63,11/25/87,1/1/99,Technique Leader
469494,Olivera,Cools,7/19/62,8/6/97,1/1/99,Senior Engineer
469504,Noritoshi,Schauser,8/17/62,5/21/88,1/1/99,Technique Leader
469510,Arunas,Ventosa,3/10/63,5/13/90,1/1/99,Senior Engineer
469519,Weidon,Bonifati,2/18/64,9/27/95,1/1/99,Staff
469527,Halsur,Ibel,1/24/65,3/5/98,1/1/99,Staff
469529,Neven,Rikino,1/7/65,10/21/88,1/1/99,Engineer
469531,Leni,Leaver,9/10/64,3/7/98,1/1/99,Staff
469537,Yahiko,Vidya,11/8/62,12/1/96,1/1/99,Staff
469538,Gonzalo,Sudbeck,6/27/62,12/28/87,1/1/99,Engineer
469540,Shigeo,Tsukuda,10/18/64,8/4/94,1/1/99,Senior Engineer
469544,Pranay,Kusakabe,2/18/64,12/12/99,1/1/99,Senior Engineer
469547,Kshitij,Andreotta,9/10/62,7/7/99,1/1/99,Assistant Engineer
469551,Jasminko,Lodder,4/29/62,5/24/89,1/1/99,Technique Leader
469554,Khun,Ferriere,9/7/64,10/10/87,1/1/99,Engineer
469557,Gonzalo,Kampfer,3/23/63,10/2/87,1/1/99,Senior Engineer
469558,Hausi,Shiratori,9/3/62,12/17/98,1/1/99,Engineer
469560,Divier,Leppanen,4/10/64,2/1/91,1/1/99,Senior Staff
469567,Mitsuyuki,Hempstead,10/14/64,6/13/89,1/1/99,Engineer
469573,Moriyoshi,Fairtlough,8/24/63,9/18/99,1/1/99,Engineer
469576,Armond,Ullian,7/23/63,9/10/87,1/1/99,Engineer
469593,Theron,Harbusch,5/3/62,8/15/95,1/1/99,Senior Staff
469597,Arra,Kornatzky,11/8/63,1/27/87,1/1/99,Senior Staff
469611,Supot,Nooteboom,8/8/62,2/6/90,1/1/99,Engineer
469632,Minghong,Ritcey,5/26/64,12/22/90,1/1/99,Senior Engineer
469636,Denny,Benzaken,4/6/63,1/21/91,1/1/99,Engineer
469640,Fumitake,Comyn,10/22/62,2/1/86,1/1/99,Senior Engineer
469647,Xiaoqiang,Kampfer,2/28/63,2/20/00,1/1/99,Senior Engineer
469650,Mototsugu,Cesareni,8/29/64,4/9/98,1/1/99,Senior Staff
469653,Remmert,Suomi,5/23/64,12/19/94,1/1/99,Engineer
469656,Bilhanan,Aumann,9/21/64,3/5/90,1/1/99,Engineer
469657,Sudhanshu,Cesareni,11/29/62,11/3/95,1/1/99,Senior Engineer
469658,Jungsoon,Benveniste,12/27/63,8/1/97,1/1/99,Technique Leader
469669,Susanne,Delgrossi,8/27/62,7/9/95,1/1/99,Staff
469675,Feipei,Yetim,8/13/63,8/8/95,1/1/99,Technique Leader
469683,Francesca,Kruskal,2/3/63,2/9/87,1/1/99,Engineer
469684,Arie,Olano,10/29/64,12/22/97,1/1/99,Staff
469686,Zdislav,Lanteri,10/7/62,12/2/87,1/1/99,Engineer
469690,Adin,Thibadeau,10/16/64,3/12/96,1/1/99,Senior Engineer
469695,Unal,Muntz,12/18/64,10/9/96,1/1/99,Engineer
469704,Jamaludin,Suri,1/29/62,5/21/85,1/1/99,Assistant Engineer
469719,Claudi,Berendt,12/12/63,6/9/85,1/1/99,Engineer
469724,Jeanna,Maginnis,6/5/63,6/28/93,1/1/99,Engineer
469727,Mohit,Zedlitz,12/12/64,1/8/98,1/1/99,Engineer
469735,Arif,Stranks,1/30/65,11/16/92,1/1/99,Senior Engineer
469737,Arno,Speek,1/19/62,7/4/89,1/1/99,Staff
469739,Kirk,Koblick,9/13/64,2/16/89,1/1/99,Engineer
469746,Rosella,Schach,3/15/63,5/30/97,1/1/99,Engineer
469751,Mokhtar,Valette,9/8/63,6/4/98,1/1/99,Senior Engineer
469752,Satyanarayana,Pollock,1/2/64,3/11/89,1/1/99,Senior Staff
469753,Zhensheng,Kinley,9/6/64,5/2/89,1/1/99,Engineer
469760,Yannik,Templeman,9/26/64,11/16/98,1/1/99,Engineer
469764,Kendra,Berztiss,10/10/62,2/5/89,1/1/99,Technique Leader
469784,Adit,Rusmann,4/14/62,10/10/95,1/1/99,Senior Engineer
469793,Koichi,DiGiano,4/2/63,3/24/92,1/1/99,Staff
469798,Sariel,Ulupinar,11/29/64,2/14/92,1/1/99,Senior Staff
469801,Sanjai,Vasanthakumar,1/14/64,11/18/87,1/1/99,Senior Staff
469804,Weijing,Etalle,11/3/62,10/2/91,1/1/99,Senior Engineer
469814,Hilary,Georgakopoulos,2/17/64,12/2/87,1/1/99,Senior Engineer
469818,Fumitake,Alpin,1/23/63,8/2/97,1/1/99,Engineer
469820,Bowen,Basart,8/21/63,12/2/94,1/1/99,Technique Leader
469821,Aluzio,Andreotta,1/19/63,7/19/98,1/1/99,Staff
469827,Hein,Schlegelmilch,4/1/62,7/16/99,1/1/99,Staff
469837,Mingdong,Ebeling,4/23/62,1/28/87,1/1/99,Staff
469838,Hongzue,Choobineh,2/14/62,3/6/99,1/1/99,Staff
469851,Lokesh,Michaeli,5/29/63,11/24/91,1/1/99,Technique Leader
469854,Richard,Pena,7/6/63,3/25/95,1/1/99,Staff
469867,Hein,Jonsson,1/23/65,2/12/85,1/1/99,Senior Staff
469871,Caolyn,Hinsberger,6/14/64,12/28/88,1/1/99,Senior Staff
469873,Yongmin,Cmelik,8/12/64,11/19/94,1/1/99,Senior Engineer
469876,Zine,Pepe,7/14/63,12/31/93,1/1/99,Engineer
469880,Filipp,Ananiadou,11/10/63,1/6/00,1/1/99,Staff
469885,Insup,Suomi,4/21/64,11/8/99,1/1/99,Staff
469888,Susanne,Yeung,11/6/63,5/4/92,1/1/99,Senior Staff
469904,Adit,Picht,2/8/64,8/11/85,1/1/99,Staff
469906,Gudjon,Uchoa,8/8/64,2/24/88,1/1/99,Senior Staff
469920,Hitofumi,Pietracaprina,6/9/62,7/2/87,1/1/99,Technique Leader
469923,Zvonko,Sabnani,11/19/62,12/9/96,1/1/99,Senior Staff
469937,Remmert,Speek,11/16/63,6/26/93,1/1/99,Staff
469941,Wilmer,Koyama,1/1/64,10/12/94,1/1/99,Engineer
469954,Kwan,Taubman,3/19/63,1/15/93,1/1/99,Senior Engineer
469956,Shiv,Etalle,11/19/62,5/3/91,1/1/99,Senior Staff
469957,Junichi,Munro,7/4/63,1/9/88,1/1/99,Staff
469967,Gift,Bodoff,11/1/64,7/9/87,1/1/99,Senior Staff
469968,Sachin,Kaminger,3/12/63,9/1/89,1/1/99,Engineer
469980,Shiv,Kropp,9/22/63,5/21/90,1/1/99,Staff
469999,Mihalis,Setlzner,11/12/64,3/13/86,1/1/99,Engineer
470003,Sachar,Mandell,12/7/63,6/21/99,1/1/99,Technique Leader
470006,Sanjit,Bardell,5/29/63,7/23/89,1/1/99,Engineer
470008,Domenico,Peyn,11/28/62,7/16/90,1/1/99,Senior Engineer
470011,Tzu,Decleir,1/17/64,8/23/90,1/1/99,Senior Staff
470026,Rance,Ladret,2/14/63,10/14/99,1/1/99,Engineer
470027,Bartek,Puppe,11/28/63,6/27/98,1/1/99,Senior Staff
470028,Nitsan,Hainaut,3/10/62,12/31/95,1/1/99,Staff
470035,Lucien,Koyama,4/2/62,12/30/89,1/1/99,Engineer
470045,Ulises,Bresenham,5/11/64,8/13/86,1/1/99,Senior Engineer
470049,Giordano,Berendt,10/11/64,7/25/95,1/1/99,Technique Leader
470054,Gianluca,Bellmore,5/20/63,2/13/90,1/1/99,Senior Staff
470056,Yakichi,Hennebert,2/23/64,8/11/94,1/1/99,Engineer
470059,Youpyo,Peac,7/22/63,11/30/93,1/1/99,Staff
470072,Koichi,Heiserman,6/27/62,7/10/02,1/1/99,Engineer
470074,Chiranjit,Veevers,11/14/63,10/24/93,1/1/99,Staff
470075,Angel,Ramsey,10/24/64,1/4/95,1/1/99,Senior Staff
470077,Kristinn,Ossenbruggen,8/20/62,10/13/99,1/1/99,Senior Staff
470094,Khatoun,Badache,9/9/64,7/16/89,1/1/99,Engineer
470095,Anyuan,Servi,1/17/63,7/10/95,1/1/99,Assistant Engineer
470099,Xiping,Lueh,11/21/63,5/18/89,1/1/99,Staff
470105,Shuichi,Sichman,2/21/62,8/14/90,1/1/99,Senior Staff
470107,Katsuo,Rijsenbrij,7/19/64,7/31/90,1/1/99,Senior Staff
470114,Alexius,Murrill,12/28/63,1/30/02,1/1/99,Engineer
470115,Dinkar,Raney,10/17/63,7/5/91,1/1/99,Senior Staff
470129,Katsuo,Stille,3/19/64,1/27/00,1/1/99,Staff
470130,Otmar,England,12/22/63,7/25/97,1/1/99,Engineer
470133,Yongmin,Maccarone,1/1/64,7/23/90,1/1/99,Senior Staff
470134,Heping,Lammel,6/14/64,7/24/00,1/1/99,Engineer
470139,Neelam,Hofman,5/29/62,2/12/96,1/1/99,Staff
470140,Eldridge,Diderrich,8/19/63,5/16/86,1/1/99,Technique Leader
470143,Yakichi,Thombley,11/30/62,6/5/98,1/1/99,Senior Engineer
470152,Houman,Ritzmann,12/5/64,4/28/90,1/1/99,Staff
470153,Jingling,Furedi,7/19/63,6/17/97,1/1/99,Staff
470160,Faiza,Bouloucos,8/10/64,9/30/96,1/1/99,Engineer
470172,Hugo,Tibblin,3/9/62,7/18/92,1/1/99,Senior Engineer
470175,Jacqueline,Ishibashi,4/10/62,10/31/01,1/1/99,Staff
470183,Sumali,Sankaranarayanan,5/18/64,2/2/93,1/1/99,Engineer
470185,Breannda,Angelopoulos,7/25/63,9/26/97,1/1/99,Senior Staff
470188,Parto,Callaway,11/12/62,12/9/88,1/1/99,Senior Staff
470189,Kokou,Stassinopoulos,2/25/63,7/5/90,1/1/99,Senior Engineer
470190,Gritta,Rossi,9/2/62,4/7/86,1/1/99,Senior Engineer
470192,Nalini,Syrotiuk,3/23/63,12/21/91,1/1/99,Senior Staff
470195,Amabile,Barvinok,11/13/64,9/10/97,1/1/99,Senior Staff
470196,Abdelaziz,McAffer,5/22/63,1/21/00,1/1/99,Staff
470204,Kyoichi,Anguita,1/14/63,9/22/87,1/1/99,Engineer
470207,Remko,Ranka,12/23/62,9/21/86,1/1/99,Senior Staff
470211,Remco,Schiper,9/9/64,8/24/91,1/1/99,Engineer
470218,Dmitri,Makrucki,4/13/62,7/1/96,1/1/99,Senior Engineer
470219,Chikako,Schlumberger,1/21/64,7/4/99,1/1/99,Staff
470223,Zhiguo,Furedi,3/7/64,3/24/92,1/1/99,Senior Staff
470236,Rasiah,Iisaka,3/28/62,3/25/93,1/1/99,Staff
470238,Tristan,Dichev,7/3/63,4/23/99,1/1/99,Engineer
470239,Vivian,Itzigehl,12/18/62,6/13/92,1/1/99,Senior Engineer
470243,Vidya,Rattan,10/20/64,3/15/90,1/1/99,Senior Staff
470250,Alexius,Pauthner,8/22/63,11/25/85,1/1/99,Technique Leader
470255,Mitsuyuki,Pashtan,6/12/63,3/6/02,1/1/99,Engineer
470257,Richara,Bala,2/2/62,3/16/98,1/1/99,Senior Staff
470258,Shem,Halevi,9/2/63,1/28/94,1/1/99,Senior Staff
470261,Kien,Beeson,10/13/64,12/23/94,1/1/99,Senior Engineer
470268,Zissis,Gide,9/6/62,7/11/86,1/1/99,Engineer
470286,Hyuckchul,Reutenauer,9/23/63,8/10/98,1/1/99,Technique Leader
470306,Diederik,Rullman,1/7/63,4/27/87,1/1/99,Engineer
470308,Gaurav,Parveen,5/2/63,8/4/99,1/1/99,Engineer
470310,Akeel,Undy,2/26/63,10/5/99,1/1/99,Assistant Engineer
470311,Shaleah,Oxman,10/27/62,7/6/94,1/1/99,Senior Staff
470312,Alejandra,Flexer,4/11/64,4/30/99,1/1/99,Engineer
470316,Francesca,Ranum,2/15/63,9/1/91,1/1/99,Staff
470317,Angus,Bain,10/29/63,5/8/95,1/1/99,Senior Staff
470338,Mahendra,Oskamp,11/21/64,9/6/92,1/1/99,Engineer
470352,Aruna,DiGiano,11/24/64,3/12/89,1/1/99,Senior Staff
470356,Dekang,Rajcani,9/4/62,6/8/94,1/1/99,Engineer
470357,Toshimi,Sichman,9/7/63,11/30/01,1/1/99,Staff
470358,Shaowei,Petersohn,10/23/64,11/16/93,1/1/99,Staff
470361,Jessie,Wixon,8/18/62,10/12/96,1/1/99,Senior Staff
470367,Jiakeng,Brookman,4/4/63,10/17/91,1/1/99,Senior Engineer
470379,Pintsang,Conti,5/3/63,10/2/99,1/1/99,Staff
470389,Cathie,Spell,7/22/64,7/18/89,1/1/99,Engineer
470405,Suvo,Junet,9/6/63,6/16/02,1/1/99,Senior Engineer
470409,Achilleas,Birta,10/2/64,7/23/94,1/1/99,Senior Engineer
470420,Arco,Schicker,10/16/64,12/16/91,1/1/99,Senior Staff
470423,Akeel,Hegner,5/4/63,4/15/00,1/1/99,Engineer
470424,Zhenbing,Krone,6/11/63,9/12/86,1/1/99,Senior Staff
470426,Takahiro,Denny,6/5/62,2/7/96,1/1/99,Senior Engineer
470427,Marlo,Esposito,5/6/62,7/9/96,1/1/99,Staff
470431,Mantis,Kleiser,7/26/64,10/11/92,1/1/99,Engineer
470433,Abdelghani,Ecklund,8/17/64,4/11/89,1/1/99,Engineer
470456,Reuven,Oehlmann,1/13/65,3/29/86,1/1/99,Staff
470458,Tremaine,Erez,6/24/64,2/2/99,1/1/99,Staff
470462,Candida,Copas,11/30/63,10/27/89,1/1/99,Senior Engineer
470469,Cullen,Flowers,8/3/64,4/2/89,1/1/99,Senior Staff
470472,Zhiguo,Staudhammer,2/1/65,12/3/85,1/1/99,Engineer
470476,Guiseppe,Choobineh,2/6/62,11/21/91,1/1/99,Senior Engineer
470483,Samphel,Schwaller,2/10/63,1/26/87,1/1/99,Engineer
470484,Gopalakrishnan,Koblick,3/8/62,4/28/87,1/1/99,Senior Engineer
470503,Hairong,Demir,8/16/62,3/13/94,1/1/99,Engineer
470509,Odysseas,Birch,8/5/64,3/9/99,1/1/99,Engineer
470517,Xianlong,Kemmerer,8/3/64,12/13/97,1/1/99,Engineer
470520,Sham,McFarlan,12/4/63,9/6/91,1/1/99,Senior Staff
470526,Anyuan,Paciorek,4/6/64,12/15/96,1/1/99,Engineer
470527,Gadiel,Gruenwald,7/6/64,1/1/00,1/1/99,Staff
470528,Sanjiv,Plump,6/25/62,2/1/98,1/1/99,Staff
470535,Sachem,Motley,8/21/62,3/23/02,1/1/99,Engineer
470538,Baziley,Cyre,11/14/63,8/2/95,1/1/99,Staff
470541,Jackson,Solares,3/14/63,12/15/88,1/1/99,Senior Staff
470547,Danel,Eldridge,4/22/62,10/13/97,1/1/99,Staff
470553,Lillian,Servieres,11/2/64,7/9/88,1/1/99,Engineer
470557,Rafael,Miculan,5/3/63,1/9/00,1/1/99,Staff
470559,Mart,Anger,3/19/62,11/11/86,1/1/99,Senior Engineer
470562,Arvind,Minakawa,9/13/62,12/31/91,1/1/99,Senior Staff
470583,Berhard,Brookner,11/14/62,7/9/89,1/1/99,Senior Staff
470585,Marlo,Dratva,3/15/64,1/27/00,1/1/99,Technique Leader
470586,Mostafa,Keohane,11/29/62,8/13/94,1/1/99,Engineer
470587,Jinya,Lambe,2/7/64,1/7/90,1/1/99,Engineer
470596,JiYoung,Rahier,10/28/62,8/3/96,1/1/99,Staff
470599,Shaleah,Perelgut,6/18/62,4/20/87,1/1/99,Staff
470606,Vivian,Perin,1/26/64,8/22/85,1/1/99,Technique Leader
470607,Susumu,Henders,12/18/62,12/10/91,1/1/99,Senior Staff
470614,Tru,Boyle,3/2/62,2/22/98,1/1/99,Senior Staff
470618,Pantung,Demos,11/25/62,7/1/99,1/1/99,Staff
470621,Giri,Cyre,5/8/62,1/6/97,1/1/99,Senior Engineer
470632,Kwun,Tchuente,1/30/62,2/19/91,1/1/99,Senior Staff
470633,Sadok,Stanfel,2/14/64,8/17/94,1/1/99,Staff
470641,Tsz,Broomell,7/1/63,2/28/87,1/1/99,Staff
470644,Susuma,Godskesen,7/5/64,7/7/98,1/1/99,Staff
470658,Zorica,Comellas,12/1/63,6/30/95,1/1/99,Senior Staff
470668,Tooru,Burnard,2/3/63,3/30/89,1/1/99,Senior Staff
470675,Lalit,Harnett,11/23/64,2/27/99,1/1/99,Staff
470683,Mingsen,Zlotek,11/14/63,8/13/96,1/1/99,Senior Engineer
470684,Ingemar,Binding,4/5/63,9/30/95,1/1/99,Senior Staff
470686,Huei,Vieth,11/28/62,10/24/96,1/1/99,Engineer
470690,Byong,Gide,10/16/64,2/12/90,1/1/99,Engineer
470693,Yoshimitsu,Masamoto,2/4/62,2/8/96,1/1/99,Senior Engineer
470694,Yongmin,Zizka,11/22/62,5/26/86,1/1/99,Staff
470705,Ottavia,Lunn,4/9/63,12/31/93,1/1/99,Senior Engineer
470710,Houman,Szilard,10/20/63,10/7/99,1/1/99,Senior Staff
470724,Martial,Fiutem,3/19/62,5/6/96,1/1/99,Engineer
470727,Shahid,Nitsche,4/1/62,8/25/90,1/1/99,Staff
470733,Satyanarayana,Randt,9/19/63,10/17/85,1/1/99,Staff
470735,Kwok,Kragelund,11/6/63,5/15/95,1/1/99,Engineer
470743,Tesuro,Cairo,7/4/63,7/11/92,1/1/99,Senior Staff
470748,Tesuya,Alameldin,1/31/64,9/26/86,1/1/99,Senior Engineer
470754,Supot,Lyonns,3/25/64,6/28/91,1/1/99,Staff
470765,Bartek,Terkki,7/5/62,9/8/86,1/1/99,Senior Staff
470770,Susanna,Baez,1/4/64,8/26/95,1/1/99,Engineer
470772,Wilmer,Gecsei,3/22/63,7/19/90,1/1/99,Engineer
470776,Lucian,Smailagic,2/6/63,1/18/90,1/1/99,Senior Engineer
470778,Demos,Flexer,7/20/63,12/2/90,1/1/99,Senior Engineer
470787,Dines,Dahlbom,10/14/63,12/24/87,1/1/99,Senior Engineer
470797,Ronghao,Miara,6/28/64,12/4/87,1/1/99,Senior Staff
470799,Harngdar,Bauknecht,12/8/63,9/27/91,1/1/99,Senior Staff
470803,Herbert,Neiman,1/1/63,6/5/90,1/1/99,Technique Leader
470811,Fusako,Bage,12/9/64,4/22/91,1/1/99,Senior Staff
470812,Honglan,Sommen,9/30/62,11/23/89,1/1/99,Senior Staff
470818,Yinghua,Michaeli,12/31/64,7/21/97,1/1/99,Engineer
470820,Rimon,Heinisuo,1/6/63,2/9/88,1/1/99,Assistant Engineer
470823,Ashish,Ghalwash,9/19/62,1/8/91,1/1/99,Senior Engineer
470824,Kensyu,Reutenauer,5/2/63,6/17/97,1/1/99,Assistant Engineer
470832,Hidekazu,Gruenwald,5/25/62,11/1/99,1/1/99,Assistant Engineer
470833,Khedija,Kuzuoka,10/27/63,11/2/96,1/1/99,Senior Engineer
470838,Siamak,Pews,5/5/63,10/21/97,1/1/99,Staff
470844,Hyuckchul,Iisaka,11/26/62,8/13/90,1/1/99,Engineer
470851,Luigi,Erni,9/22/64,5/17/88,1/1/99,Technique Leader
470856,Menkae,Argence,3/16/64,7/2/92,1/1/99,Engineer
470857,Genevieve,Fontan,9/30/62,11/15/00,1/1/99,Staff
470859,Serif,Adachi,3/22/63,5/22/95,1/1/99,Staff
470868,Gererd,Bratten,10/7/64,9/6/89,1/1/99,Technique Leader
470869,Miyeon,Vandervoorde,2/24/62,11/20/97,1/1/99,Engineer
470875,Yucai,Shumilov,7/3/62,11/20/95,1/1/99,Engineer
470887,Shugo,Lagarias,3/25/62,8/30/94,1/1/99,Engineer
470888,Froduald,Kading,3/29/62,8/7/85,1/1/99,Engineer
470915,Heon,Sudkamp,5/30/64,7/23/87,1/1/99,Senior Staff
470918,Martien,Hainaut,5/9/62,11/30/96,1/1/99,Staff
470919,Gill,Koblick,1/28/63,6/1/90,1/1/99,Staff
470920,Vitaly,Collette,6/28/62,12/11/95,1/1/99,Technique Leader
470923,Moie,Tzvieli,8/20/64,11/7/87,1/1/99,Engineer
470930,Mabhin,Molberg,4/30/63,7/30/94,1/1/99,Senior Staff
470931,Christ,Vuskovic,10/30/62,2/27/98,1/1/99,Senior Staff
470936,Guiseppe,Munro,9/24/64,1/27/94,1/1/99,Senior Staff
470939,Jixiang,Bolotov,9/2/62,3/15/98,1/1/99,Engineer
470942,Masoud,Borovoy,6/23/63,3/18/96,1/1/99,Technique Leader
470943,Odoardo,Jeansoulin,10/12/63,7/10/90,1/1/99,Senior Staff
470946,Mats,Zaumen,12/21/62,12/8/88,1/1/99,Engineer
470956,Eckart,Gilg,8/18/64,4/28/88,1/1/99,Staff
470961,Piyawadee,Rosin,4/2/64,8/30/85,1/1/99,Engineer
470967,Hirochika,Schwartzbauer,5/8/62,9/29/97,1/1/99,Engineer
470972,Richard,Pfau,1/6/63,5/10/94,1/1/99,Senior Staff
470981,Mona,Crouzet,1/6/63,4/1/87,1/1/99,Staff
470982,Phule,Weiland,12/22/62,8/8/95,1/1/99,Senior Staff
470986,Nidapan,Cochrane,5/14/63,4/25/91,1/1/99,Engineer
470988,Freyja,Zeidenstein,11/12/63,8/22/88,1/1/99,Staff
470994,Chrisa,Irland,4/8/62,9/23/90,1/1/99,Senior Staff
470996,Wilmer,Marsiglia,1/8/64,3/23/97,1/1/99,Staff
471000,Ayonca,Stavenow,4/26/62,7/9/96,1/1/99,Senior Staff
471005,Limsoon,Hinsberger,5/19/63,7/4/97,1/1/99,Technique Leader
471015,Rafail,Kolinko,1/8/62,8/22/90,1/1/99,Engineer
471018,Raimond,Rotem,1/10/62,5/21/94,1/1/99,Assistant Engineer
471021,Bilhanan,Lemarechal,5/16/62,4/9/93,1/1/99,Senior Staff
471032,Sreenivas,Nivat,7/24/63,1/4/92,1/1/99,Engineer
471056,Parto,Poupard,2/23/63,5/18/99,1/1/99,Senior Staff
471058,Shooichi,Herbst,11/13/62,5/10/91,1/1/99,Senior Staff
471062,Odoardo,Haldar,1/16/62,1/17/91,1/1/99,Staff
471089,Hein,Ruemmler,8/7/62,11/27/95,1/1/99,Engineer
471104,Kolar,DuBourdieux,12/12/63,7/12/88,1/1/99,Engineer
471105,Elrique,Alencar,2/28/62,3/15/98,1/1/99,Senior Engineer
471112,Hisao,Byoun,2/26/63,6/30/96,1/1/99,Engineer
471126,Xinyu,Trystram,2/26/63,2/11/87,1/1/99,Engineer
471127,Sanjit,Ashish,10/10/63,9/12/95,1/1/99,Engineer
471130,Masato,Skrikant,3/27/63,8/30/97,1/1/99,Technique Leader
471143,Lunjin,Figueira,1/30/63,12/25/97,1/1/99,Senior Staff
471146,Georg,Cardazo,4/4/64,1/22/00,1/1/99,Staff
471149,Youssef,Chleq,8/6/62,1/4/87,1/1/99,Senior Staff
471157,Janche,Milicic,4/13/62,1/12/95,1/1/99,Technique Leader
471158,Wayne,Choobineh,12/23/63,4/6/89,1/1/99,Senior Engineer
471161,Zhilian,Yemenis,8/13/63,7/28/98,1/1/99,Engineer
471166,Ramzi,Kaiserswerth,7/19/63,7/26/96,1/1/99,Engineer
471171,Aiichiro,Guerreiro,5/10/63,4/25/91,1/1/99,Senior Engineer
471175,Jianhua,Clouatre,10/2/64,1/31/96,1/1/99,Engineer
471177,Constantijn,Servi,9/21/64,4/4/92,1/1/99,Engineer
471178,Terresa,Mitchem,5/16/62,10/13/85,1/1/99,Engineer
471191,Zissis,Poulakidas,10/1/64,8/9/85,1/1/99,Senior Staff
471197,Eckart,Farrar,6/5/62,9/11/85,1/1/99,Engineer
471207,Roddy,Kieras,12/12/64,1/19/95,1/1/99,Staff
471213,Kenroku,Zwicker,5/28/62,2/16/89,1/1/99,Senior Engineer
471214,Zijian,Pelz,7/28/63,2/20/96,1/1/99,Staff
471216,Sudhanshu,Godskesen,11/30/63,12/28/96,1/1/99,Senior Engineer
471237,Dmitry,Keustermans,5/22/64,4/12/91,1/1/99,Assistant Engineer
471245,Manibrata,Erev,9/8/63,3/23/95,1/1/99,Senior Staff
471256,Qingxiang,Roisin,10/27/62,2/14/92,1/1/99,Staff
471261,Arif,Kornyak,3/18/62,11/26/93,1/1/99,Senior Engineer
471283,Kamakshi,Erie,11/9/63,10/25/85,1/1/99,Senior Engineer
471286,Radhakrishnan,Fairtlough,12/1/63,8/20/88,1/1/99,Senior Staff
471290,Jahangir,Pramanik,12/20/62,4/14/86,1/1/99,Engineer
471298,Tomofumi,Segond,10/5/62,8/8/99,1/1/99,Staff
471309,Narain,Vigier,11/4/63,9/25/99,1/1/99,Staff
471312,Anestis,Siprelle,1/22/64,9/19/89,1/1/99,Senior Staff
471324,Sorina,Kugler,11/23/64,4/17/85,1/1/99,Staff
471325,Greger,Armand,12/20/63,11/3/98,1/1/99,Senior Engineer
471326,Jovan,Wissmann,9/16/63,8/31/87,1/1/99,Senior Staff
471339,Fusako,Ratzlaff,8/11/62,4/3/95,1/1/99,Engineer
471340,Persi,Pargas,11/24/63,2/26/91,1/1/99,Engineer
471345,Renny,Bonifati,4/2/63,5/17/92,1/1/99,Senior Staff
471347,Zongyan,Ullian,1/14/63,12/8/93,1/1/99,Engineer
471356,Terresa,Cummings,10/2/62,6/28/90,1/1/99,Staff
471362,Urs,Belinskaya,10/19/64,10/2/86,1/1/99,Staff
471367,Chenyi,Peha,9/20/64,7/10/99,1/1/99,Assistant Engineer
471373,Tokuyasu,Crelier,8/13/63,8/1/87,1/1/99,Senior Staff
471378,Sajjad,Oehlmann,9/19/63,5/26/91,1/1/99,Senior Staff
471392,Eric,Rousseau,4/26/62,11/21/87,1/1/99,Senior Staff
471394,Sukumar,Awdeh,10/23/62,8/13/89,1/1/99,Staff
471397,Nigel,Zirintsis,2/1/65,7/23/99,1/1/99,Engineer
471401,Arco,Ligten,5/12/64,5/20/93,1/1/99,Engineer
471406,Quingbo,Luke,10/30/64,12/12/97,1/1/99,Engineer
471407,Marsal,Peroz,10/19/62,1/22/01,1/1/99,Senior Staff
471415,Denny,Majewski,2/19/63,10/19/86,1/1/99,Senior Staff
471423,Aris,Iivonen,3/2/63,8/16/88,1/1/99,Staff
471427,Hailing,DuCasse,11/25/64,5/29/97,1/1/99,Senior Engineer
471435,Remko,Atrawala,11/27/62,3/31/97,1/1/99,Staff
471440,Susanna,Castellani,12/4/63,12/6/96,1/1/99,Assistant Engineer
471441,Mizuhito,Wendorf,10/14/63,1/17/88,1/1/99,Engineer
471448,Nevio,Teitelbaum,9/29/63,5/14/94,1/1/99,Senior Engineer
471460,Yuriy,Passino,12/31/63,9/2/94,1/1/99,Senior Engineer
471462,Manibrata,Kalafatis,1/15/63,7/7/99,1/1/99,Assistant Engineer
471469,Susuma,Gulik,4/10/62,1/1/93,1/1/99,Engineer
471480,Kiyotoshi,Iisaku,3/11/64,6/10/86,1/1/99,Senior Staff
471488,Toshimitsu,Stavenow,12/8/63,11/8/98,1/1/99,Engineer
471491,Shim,Ponthieu,7/23/63,7/14/99,1/1/99,Senior Staff
471492,Xuejia,Deville,3/30/62,2/15/91,1/1/99,Senior Engineer
471493,Wayne,Chandrasekhar,10/16/62,7/29/93,1/1/99,Assistant Engineer
471497,Arvin,Perl,7/15/62,6/25/87,1/1/99,Senior Engineer
471500,Arto,Narlikar,12/28/63,9/28/88,1/1/99,Engineer
471501,Bernardo,Oehlmann,11/19/64,1/16/94,1/1/99,Senior Staff
471502,Mang,Fargier,7/21/64,3/8/98,1/1/99,Staff
471520,Kirk,Panienski,3/27/63,7/8/85,1/1/99,Staff
471523,Luerbio,Lorcy,8/5/63,9/22/94,1/1/99,Engineer
471526,Selwyn,Meriste,1/25/62,9/16/92,1/1/99,Senior Staff
471532,Feiyu,Decleir,1/17/65,9/13/98,1/1/99,Technique Leader
471533,Mohamadou,Cyne,12/17/62,12/22/93,1/1/99,Senior Engineer
471536,Ebru,Serov,7/17/63,5/15/95,1/1/99,Senior Engineer
471538,Boaz,Isaac,7/30/64,4/1/89,1/1/99,Senior Engineer
471543,Ziya,Cmelik,7/22/63,12/8/94,1/1/99,Assistant Engineer
471548,Armond,Sessa,2/2/64,7/1/94,1/1/99,Senior Staff
471551,Uriel,Kamber,3/19/63,9/13/99,1/1/99,Engineer
471552,Basem,Lortz,1/22/65,10/25/97,1/1/99,Staff
471554,Panayotis,Pearson,7/30/62,12/4/95,1/1/99,Engineer
471555,Petter,Angel,9/29/62,8/12/85,1/1/99,Staff
471561,Alper,Rattan,6/9/63,5/29/92,1/1/99,Senior Staff
471565,Zhanqiu,Schmittgen,8/17/63,11/10/98,1/1/99,Engineer
471566,Urs,Shackel,6/3/63,2/5/95,1/1/99,Staff
471567,Marko,Lalonde,12/27/63,7/25/00,1/1/99,Engineer
471581,Zijian,Rohrbach,12/9/62,3/24/85,1/1/99,Senior Staff
471586,Jeanna,Cooman,5/12/63,9/22/98,1/1/99,Senior Staff
471591,Huiqun,Bennet,8/14/63,5/24/96,1/1/99,Engineer
471592,Dipankar,Siegrist,11/9/63,6/2/96,1/1/99,Engineer
471602,Radoslaw,Usery,6/29/62,4/9/02,1/1/99,Engineer
471611,Hugo,Whitcomb,1/17/64,5/4/91,1/1/99,Senior Staff
471612,Bernardo,Fortenbacher,3/20/62,10/27/86,1/1/99,Senior Staff
471623,Duro,Demizu,10/26/63,5/28/87,1/1/99,Senior Engineer
471632,Akhilish,Kriebel,2/19/62,8/12/99,1/1/99,Senior Engineer
471638,Dung,Taubman,7/6/64,6/21/94,1/1/99,Senior Staff
471639,Kwun,Haldar,9/8/62,10/11/97,1/1/99,Engineer
471649,Giap,Ranft,4/1/62,12/16/86,1/1/99,Engineer
471650,Sanjoy,Kriebel,1/28/63,4/26/87,1/1/99,Senior Engineer
471651,Shigehito,Rousseau,8/26/63,3/24/91,1/1/99,Senior Staff
471656,Bernice,Pews,1/4/63,5/4/87,1/1/99,Engineer
471658,Monique,Chaudhuri,1/10/62,11/7/85,1/1/99,Senior Engineer
471659,Subir,Hmelo,5/28/63,7/5/89,1/1/99,Staff
471675,Kristof,Wendorf,7/8/64,9/8/99,1/1/99,Staff
471677,Charmane,Bennet,10/27/64,4/3/00,1/1/99,Senior Staff
471680,Zine,Berstel,11/20/64,10/26/90,1/1/99,Engineer
471684,Bouchung,Decleir,8/19/64,11/30/91,1/1/99,Staff
471688,Douadi,Kitsuregawa,12/10/64,4/1/92,1/1/99,Senior Engineer
471691,Berthier,Reinhart,10/15/63,2/13/92,1/1/99,Senior Staff
471696,Yuqun,Dahlbom,6/14/64,4/15/92,1/1/99,Staff
471699,Alenka,Paludetto,6/18/63,1/7/93,1/1/99,Staff
471701,Genki,Grospietsch,4/16/64,10/26/94,1/1/99,Engineer
471704,Huican,Conia,7/27/62,3/19/95,1/1/99,Senior Staff
471706,Christophe,Merel,11/24/64,2/19/99,1/1/99,Staff
471711,Kwangyoen,Unni,7/7/63,8/24/95,1/1/99,Staff
471722,Urs,Rathonyi,3/31/64,2/4/01,1/1/99,Staff
471729,Ennio,Birta,10/2/64,12/16/92,1/1/99,Engineer
471736,Mostafa,Smeets,2/24/63,8/16/95,1/1/99,Senior Staff
471739,Mahmut,Thorelli,7/14/63,3/22/93,1/1/99,Technique Leader
471743,Hercules,Krupka,7/6/62,4/12/95,1/1/99,Engineer
471746,Shalesh,Serre,11/9/63,8/12/92,1/1/99,Staff
471755,Ayonca,Peak,8/5/64,5/16/93,1/1/99,Staff
471760,Lansing,Denti,9/24/63,6/24/88,1/1/99,Senior Staff
471761,Sedat,Oberman,5/1/63,12/21/99,1/1/99,Staff
471767,Yurii,Babb,6/3/63,11/27/99,1/1/99,Staff
471769,Yifei,Dredge,7/8/63,5/12/85,1/1/99,Technique Leader
471780,Kinh,Riesenhuber,1/11/63,1/25/96,1/1/99,Senior Engineer
471787,Shuji,Schlenzig,6/16/62,8/20/88,1/1/99,Assistant Engineer
471794,Denny,Wegerle,7/5/63,5/27/92,1/1/99,Senior Staff
471798,Armond,Kornatzky,11/1/62,1/14/89,1/1/99,Senior Staff
471801,Garnik,Scallan,7/5/62,10/1/95,1/1/99,Engineer
471810,KayLiang,Erol,11/12/62,5/7/95,1/1/99,Senior Engineer
471819,Basil,Velardi,12/6/62,4/20/89,1/1/99,Staff
471820,Gila,Luft,7/27/63,1/26/95,1/1/99,Engineer
471826,Peternela,Georg,9/9/62,12/30/99,1/1/99,Senior Staff
471832,Kiyotoshi,Schwartzburd,8/2/62,6/20/85,1/1/99,Senior Staff
471844,Erzsebet,Holburn,5/3/64,4/12/88,1/1/99,Senior Staff
471859,Reinhold,Nannarelli,1/14/64,8/4/97,1/1/99,Engineer
471868,Danae,Olano,3/10/64,1/18/99,1/1/99,Senior Staff
471876,Junichi,Jervis,4/13/62,1/30/92,1/1/99,Senior Staff
471878,Nathalie,Baby,12/13/63,12/7/88,1/1/99,Engineer
471879,Neven,Jansch,8/10/62,3/8/88,1/1/99,Assistant Engineer
471881,Ger,Pusterhofer,4/23/63,10/21/91,1/1/99,Senior Engineer
471883,Arunas,Gewali,1/28/62,1/11/92,1/1/99,Senior Engineer
471885,Yoshimitsu,Swift,8/24/64,12/5/85,1/1/99,Senior Staff
471888,Uzi,Akaboshi,10/16/63,7/21/98,1/1/99,Engineer
471902,Demos,Khasidashvili,3/19/64,12/1/90,1/1/99,Senior Staff
471903,Yishay,Auyong,3/28/64,2/15/91,1/1/99,Engineer
471906,Elgin,Beutelspacher,8/2/63,9/23/88,1/1/99,Engineer
471909,Nigel,Decaestecker,10/1/63,5/1/90,1/1/99,Senior Engineer
471911,Arun,Zaccaria,1/14/65,5/31/90,1/1/99,Engineer
471924,Yinghua,Cromarty,8/13/64,11/1/92,1/1/99,Technique Leader
471928,Khaled,Vendrig,10/28/62,1/7/86,1/1/99,Senior Engineer
471931,Barry,Crabtree,7/17/62,10/8/00,1/1/99,Senior Engineer
471939,Kazuhiko,Marshall,1/27/65,6/4/01,1/1/99,Staff
471945,Jayesh,Rijckaert,2/26/63,2/16/93,1/1/99,Engineer
471946,Arto,Gecseg,7/25/63,1/9/89,1/1/99,Engineer
471947,Guiseppe,Smailagic,2/15/62,3/30/94,1/1/99,Senior Staff
471971,Tooru,Daescu,6/28/64,12/8/93,1/1/99,Senior Staff
471978,Margo,Taubenfeld,12/18/63,2/28/89,1/1/99,Senior Staff
471980,Satosi,Ariola,11/19/63,3/27/92,1/1/99,Senior Engineer
471998,Yannik,Murtagh,4/21/64,11/5/96,1/1/99,Engineer
471999,Zeljko,Mattern,12/7/63,11/17/96,1/1/99,Senior Engineer
472001,Leah,Baik,5/24/62,7/28/85,1/1/99,Staff
472006,Gil,Tzvieli,6/13/62,1/27/95,1/1/99,Senior Engineer
472007,Yinlin,Peek,7/12/62,9/10/00,1/1/99,Staff
472017,Koldo,Beilner,8/19/63,9/23/99,1/1/99,Technique Leader
472024,Barry,Yetto,1/6/64,12/4/93,1/1/99,Engineer
472029,Froduald,Azadmanesh,5/15/64,7/30/89,1/1/99,Senior Staff
472032,Woody,Genther,12/31/62,9/25/86,1/1/99,Senior Staff
472043,Tsvetan,Yoshizawa,4/2/62,5/15/99,1/1/99,Engineer
472045,Christ,Serre,12/6/64,10/19/87,1/1/99,Senior Staff
472049,Elgin,Krohn,11/30/62,11/12/92,1/1/99,Senior Engineer
472050,Boutros,Michaels,6/8/64,12/13/89,1/1/99,Senior Engineer
472051,Rimli,Bale,7/27/64,7/2/99,1/1/99,Senior Staff
472052,Godehard,Chinal,1/26/65,12/9/95,1/1/99,Assistant Engineer
472054,Changho,Sommer,6/21/63,12/20/85,1/1/99,Senior Engineer
472061,Mabhin,Schrift,7/30/63,3/1/92,1/1/99,Senior Staff
472065,Constantino,Brookman,8/24/62,9/19/89,1/1/99,Senior Engineer
472072,Gift,Oberman,6/21/64,2/7/95,1/1/99,Senior Engineer
472074,Turgut,Guenter,10/27/64,3/2/97,1/1/99,Assistant Engineer
472079,Lunjin,Perin,7/6/63,7/22/96,1/1/99,Technique Leader
472084,Aiichiro,Panangaden,8/5/62,7/11/00,1/1/99,Senior Engineer
472087,Giap,Gluchowski,1/6/62,7/14/93,1/1/99,Engineer
472101,Arve,Nyrup,8/21/64,3/15/97,1/1/99,Staff
472106,Heeju,Redmiles,2/18/64,5/9/87,1/1/99,Senior Staff
472109,Girolamo,Khasidashvili,5/6/63,2/21/87,1/1/99,Senior Staff
472112,Jiafu,Bennis,11/8/64,5/1/85,1/1/99,Senior Staff
472113,IEEE,Baca,3/17/63,3/16/97,1/1/99,Senior Engineer
472115,Mabhin,Cappelletti,4/28/64,7/14/95,1/1/99,Technique Leader
472117,Petter,Bressoud,6/13/64,4/13/95,1/1/99,Senior Engineer
472118,Khalil,McAffer,4/12/62,2/23/96,1/1/99,Staff
472122,Temple,Barreiro,11/13/62,1/19/90,1/1/99,Technique Leader
472129,Dekang,Jullig,6/23/63,1/6/91,1/1/99,Engineer
472131,Oksana,Dulin,12/9/63,6/27/88,1/1/99,Senior Engineer
472135,Tsuneo,Neimat,12/14/64,3/10/88,1/1/99,Senior Engineer
472137,Urs,Gaughan,11/17/62,6/21/96,1/1/99,Senior Staff
472143,Yahiko,Sommen,1/25/65,8/14/96,1/1/99,Senior Staff
472150,Toshimi,Murthy,1/12/64,11/20/97,1/1/99,Engineer
472151,Xiaopeng,Cmelik,6/24/62,2/3/86,1/1/99,Engineer
472156,Tran,Iwayama,5/29/64,12/22/98,1/1/99,Staff
472164,Shai,Zobel,1/30/64,5/29/97,1/1/99,Staff
472167,Greger,Norsworthy,3/31/64,12/18/92,1/1/99,Engineer
472171,Palash,Zykh,10/13/62,3/9/85,1/1/99,Staff
472175,Arunas,Quadeer,8/5/62,2/17/00,1/1/99,Staff
472177,Kamakshi,Verhaegen,10/9/62,3/9/91,1/1/99,Senior Engineer
472179,Bojan,Kulisch,6/23/63,1/20/91,1/1/99,Senior Staff
472191,Sachio,Brendel,12/10/63,3/25/96,1/1/99,Senior Engineer
472206,Syozo,Decaestecker,5/21/63,3/17/92,1/1/99,Staff
472207,Bedrich,Detkin,2/12/63,5/4/90,1/1/99,Senior Staff
472210,Satosi,Kalafatis,11/9/62,9/28/00,1/1/99,Engineer
472216,Ennio,Denna,8/29/64,5/9/95,1/1/99,Senior Engineer
472225,Zvonko,Koyama,3/10/62,3/2/85,1/1/99,Staff
472228,Shimshon,Breugel,2/13/64,9/30/99,1/1/99,Engineer
472237,Lubomir,Shrader,5/12/64,4/21/92,1/1/99,Engineer
472238,Jungsoon,Gubsky,1/31/65,10/9/90,1/1/99,Senior Engineer
472246,Danco,Gajiwala,2/6/64,2/26/86,1/1/99,Senior Engineer
472254,Mandell,Remmele,10/23/64,4/10/85,1/1/99,Engineer
472261,Aris,Seiwald,4/14/64,6/9/97,1/1/99,Staff
472263,Kaijung,Menhardt,7/6/64,10/13/97,1/1/99,Engineer
472264,Otilia,Petereit,10/28/62,1/12/89,1/1/99,Senior Engineer
472271,Shahaf,Potthoff,12/8/63,1/15/01,1/1/99,Senior Staff
472273,Remko,Hardjono,8/3/62,6/29/90,1/1/99,Staff
472274,Vitaly,Massonet,9/28/63,6/3/86,1/1/99,Senior Staff
472279,Gino,Validov,4/27/64,8/5/91,1/1/99,Senior Engineer
472289,Roddy,Panwar,12/19/64,12/18/86,1/1/99,Engineer
472301,DeForest,Brobst,11/5/64,9/26/00,1/1/99,Senior Engineer
472302,Aleksandar,Krohn,2/2/62,12/19/93,1/1/99,Engineer
472306,Premsyl,Fiebach,11/21/63,11/19/93,1/1/99,Senior Staff
472312,Masami,Cools,5/5/64,11/30/92,1/1/99,Senior Staff
472313,Kristine,Jiang,7/28/62,7/27/87,1/1/99,Staff
472326,Zhonghui,Sankaranarayanan,11/19/63,6/9/92,1/1/99,Senior Staff
472343,Tomokazu,dAstous,9/12/62,2/2/87,1/1/99,Engineer
472344,Jayson,Lamba,2/1/62,10/5/93,1/1/99,Senior Engineer
472351,Weicheng,Kobara,1/22/64,1/23/00,1/1/99,Staff
472355,Aimee,Heystek,1/10/63,8/6/97,1/1/99,Engineer
472357,Bingning,Lupu,2/16/64,6/7/87,1/1/99,Staff
472359,Oddvar,Rodiger,5/8/62,7/5/94,1/1/99,Staff
472365,Demin,Schrift,2/28/64,4/14/95,1/1/99,Staff
472377,Shaunak,Zambonelli,4/10/63,12/11/95,1/1/99,Senior Engineer
472378,Tomofumi,Rusmann,2/19/62,7/30/92,1/1/99,Senior Staff
472380,Sanjoy,Tyugu,8/9/62,11/12/99,1/1/99,Senior Staff
472382,Luise,Middleton,9/13/63,12/12/96,1/1/99,Staff
472384,Jeong,Veeraraghavan,12/6/64,12/11/91,1/1/99,Senior Engineer
472388,Demos,Senzako,5/25/64,12/25/97,1/1/99,Staff
472390,George,Besselaar,5/14/63,11/25/96,1/1/99,Senior Staff
472393,Khue,Angot,8/12/63,12/30/85,1/1/99,Staff
472395,Xiahua,Radivojevic,6/18/64,2/1/99,1/1/99,Assistant Engineer
472396,Fumiyo,Conry,7/2/62,5/13/96,1/1/99,Engineer
472406,Halsur,Baumann,9/20/64,1/13/97,1/1/99,Senior Engineer
472408,Shmuel,Schiettecatte,6/9/63,3/14/87,1/1/99,Senior Staff
472410,Shem,Babu,8/19/62,5/27/00,1/1/99,Senior Engineer
472415,Aamod,Ishibashi,3/31/64,11/18/95,1/1/99,Engineer
472417,Yucel,Bojadziev,10/23/64,7/15/91,1/1/99,Senior Staff
472425,Elgin,Tzvieli,9/5/62,8/4/97,1/1/99,Staff
472447,Nigel,Nourani,3/6/62,12/17/92,1/1/99,Senior Engineer
472454,Nikolaus,Merks,7/7/64,11/6/97,1/1/99,Engineer
472460,Valeska,Gyimothy,9/12/62,3/25/89,1/1/99,Engineer
472463,Sachio,Radivojevic,6/17/64,6/2/87,1/1/99,Senior Engineer
472465,Guttorm,Maccarone,2/20/63,11/19/89,1/1/99,Senior Engineer
472468,Yucai,Maierhofer,9/13/63,12/7/87,1/1/99,Engineer
472469,Tomokazu,Penn,5/31/64,4/25/95,1/1/99,Technique Leader
472471,Gererd,Hoogerwoord,12/18/62,1/15/88,1/1/99,Engineer
472473,Izaskun,Menhardt,6/9/62,7/1/95,1/1/99,Senior Staff
472478,Hisao,Rosenbaum,1/14/63,3/7/93,1/1/99,Technique Leader
472484,Serge,Rassart,7/9/63,3/16/99,1/1/99,Engineer
472486,Macha,Rothenberg,3/17/62,10/24/91,1/1/99,Senior Engineer
472487,Moriyoshi,Vendrig,10/5/64,8/18/86,1/1/99,Senior Staff
472499,Van,Attimonelli,10/22/64,3/4/99,1/1/99,Engineer
472514,Mads,McClure,11/11/63,5/10/89,1/1/99,Senior Staff
472516,Lubomir,Gist,9/16/62,4/15/91,1/1/99,Engineer
472520,Chinhyun,Ruther,4/15/62,5/1/97,1/1/99,Engineer
472523,Collette,Byoun,11/29/63,7/13/97,1/1/99,Senior Engineer
472528,Feixiong,Clouatre,2/24/63,2/10/92,1/1/99,Staff
472533,Tomokazu,Ecklund,6/27/62,7/30/97,1/1/99,Senior Staff
472534,Patricio,Oppitz,11/13/63,2/27/97,1/1/99,Senior Staff
472539,Ymte,Chelton,2/20/63,1/10/92,1/1/99,Senior Engineer
472544,Yonghong,Monarch,5/1/64,2/6/90,1/1/99,Staff
472546,Tokuyasu,Chiodo,5/7/64,1/6/93,1/1/99,Senior Engineer
472547,Takushi,McClure,12/23/62,10/7/89,1/1/99,Technique Leader
472550,Toshimi,Ferretti,11/27/62,12/17/87,1/1/99,Engineer
472552,Noritoshi,Speckmann,3/21/62,5/18/98,1/1/99,Senior Engineer
472553,Fusako,Kenevan,9/23/63,9/11/96,1/1/99,Staff
472568,Kiyotoshi,Simmen,7/14/63,4/13/87,1/1/99,Engineer
472576,Hirochika,Kirkerud,8/5/64,2/10/91,1/1/99,Senior Engineer
472577,Hitomi,Standera,4/22/64,11/13/97,1/1/99,Senior Staff
472579,Gaetan,Vendrig,12/12/64,1/3/00,1/1/99,Technique Leader
472585,Garnet,Taubenfeld,10/26/64,6/3/94,1/1/99,Senior Engineer
472587,Ishfaq,Gils,7/21/63,2/24/91,1/1/99,Senior Engineer
472589,Sudhanshu,Beidas,10/4/62,2/2/91,1/1/99,Senior Engineer
472593,Stafford,Bisiani,5/27/64,12/14/97,1/1/99,Engineer
472599,Fusako,Bale,3/19/62,9/9/88,1/1/99,Senior Engineer
472603,Shigeu,Pettey,8/3/64,2/3/85,1/1/99,Engineer
472604,Zvonko,Fasbender,2/3/63,1/4/98,1/1/99,Staff
472606,Sushant,McFarlin,3/9/64,2/5/91,1/1/99,Senior Staff
472615,Amabile,Schoegge,11/10/64,3/20/85,1/1/99,Senior Staff
472619,Josyula,Alameldin,2/12/64,2/24/98,1/1/99,Engineer
472629,Halsur,Szemeredi,12/9/63,2/9/99,1/1/99,Engineer
472630,Saniya,Chleq,8/30/62,4/5/99,1/1/99,Senior Engineer
472645,Jaroslava,Mungall,10/18/63,5/27/87,1/1/99,Senior Staff
472647,Danny,Lally,4/22/64,8/7/88,1/1/99,Technique Leader
472655,Nahum,Schahn,3/18/64,8/9/92,1/1/99,Senior Staff
472658,Chinhyun,Norsworthy,8/7/63,11/27/97,1/1/99,Engineer
472659,Unal,Sambasivam,2/24/62,2/11/89,1/1/99,Senior Engineer
472660,Ymte,Massonet,8/26/63,8/19/91,1/1/99,Staff
472662,Jianhao,Peak,10/1/62,8/13/99,1/1/99,Staff
472666,Moni,Guardalben,1/1/63,3/3/89,1/1/99,Engineer
472668,Moss,Fordan,10/7/63,1/22/96,1/1/99,Senior Engineer
472676,Satosi,Kandlur,4/30/63,1/28/88,1/1/99,Senior Engineer
472685,Danae,Borovoy,9/21/63,9/9/86,1/1/99,Senior Staff
472698,Steve,Bernardinello,6/24/63,2/23/89,1/1/99,Senior Staff
472704,Xiahua,Parascandalo,12/21/62,10/22/93,1/1/99,Engineer
472707,Cordelia,Miara,1/15/62,10/24/94,1/1/99,Senior Engineer
472710,Magdalena,Valiente,12/10/64,9/19/97,1/1/99,Engineer
472724,Niteen,Rehfuss,5/16/63,8/5/99,1/1/99,Engineer
472727,Janalee,Falster,9/13/63,10/2/85,1/1/99,Senior Engineer
472741,Gully,Bade,3/7/63,1/2/00,1/1/99,Technique Leader
472772,Xiaoqiu,Frijda,3/8/64,3/8/87,1/1/99,Senior Staff
472774,Sariel,Junet,5/10/63,7/17/92,1/1/99,Senior Engineer
472788,Rajmohan,Birrer,5/25/64,5/9/86,1/1/99,Senior Engineer
472789,Marek,Pepe,1/2/64,12/15/91,1/1/99,Senior Engineer
472790,Zhenbing,Ibel,1/23/65,10/29/85,1/1/99,Senior Engineer
472791,Qiwen,Quittner,12/25/64,5/13/00,1/1/99,Senior Engineer
472805,Gio,Itzfeldt,1/25/62,10/7/94,1/1/99,Senior Engineer
472820,Mohit,Couchot,12/2/62,1/5/92,1/1/99,Technique Leader
472825,Marek,Riesenhuber,6/13/62,5/23/86,1/1/99,Engineer
472832,Gill,Jansch,10/28/64,12/5/88,1/1/99,Senior Staff
472838,Zhonghui,Passafiume,4/11/64,9/26/89,1/1/99,Staff
472840,Susumu,Swen,5/4/64,5/22/96,1/1/99,Staff
472841,Weiru,Kalloufi,9/10/62,7/25/85,1/1/99,Engineer
472847,Lucian,Stifter,2/17/64,11/19/91,1/1/99,Senior Staff
472849,Jinya,Peac,2/27/62,6/17/98,1/1/99,Senior Staff
472850,Mona,Pusterhofer,5/2/62,3/2/93,1/1/99,Staff
472854,Stabislas,Famili,3/31/64,1/3/92,1/1/99,Senior Engineer
472862,Sorina,Hebert,2/24/63,12/7/90,1/1/99,Senior Staff
472868,Feiyu,Dulli,1/28/63,6/13/97,1/1/99,Engineer
472870,Gino,Wegerle,12/31/64,9/1/94,1/1/99,Senior Engineer
472889,Sajjan,Tempesti,4/17/62,7/1/96,1/1/99,Engineer
472890,Xiping,Bernini,10/9/62,10/4/85,1/1/99,Senior Engineer
472896,Maya,Hofman,3/22/64,9/6/99,1/1/99,Engineer
472902,Yunming,Conde,9/27/62,12/29/99,1/1/99,Staff
472903,Nishit,Swiss,7/26/63,1/28/89,1/1/99,Senior Staff
472926,Vojin,Schreiter,7/15/62,6/24/98,1/1/99,Assistant Engineer
472927,Ramzi,Rabejac,2/3/63,4/9/89,1/1/99,Senior Engineer
472928,Alenka,Hofman,9/20/62,8/2/89,1/1/99,Engineer
472932,Ingemar,Peral,7/23/62,9/28/91,1/1/99,Engineer
472945,Giap,Ranai,1/20/63,10/19/95,1/1/99,Engineer
472946,Sorina,Akaboshi,7/16/63,9/17/92,1/1/99,Senior Staff
472948,Vitali,Rabejac,2/18/62,6/17/97,1/1/99,Staff
472950,Weidon,Fordan,1/29/65,3/27/86,1/1/99,Senior Engineer
472956,Atilio,McAlpine,5/16/62,9/6/90,1/1/99,Staff
472962,Douadi,Eugenio,5/30/62,7/15/98,1/1/99,Staff
472965,Flemming,Takanami,1/19/64,6/21/92,1/1/99,Senior Engineer
472968,Phuoc,Khasidashvili,8/1/62,1/9/94,1/1/99,Staff
472983,Ung,Vesel,4/20/63,1/14/97,1/1/99,Engineer
472986,Jiang,Speel,1/23/62,5/11/87,1/1/99,Staff
472988,Malu,Nishimukai,6/27/63,12/25/99,1/1/99,Senior Staff
472994,Danco,Champarnaud,4/16/63,9/15/98,1/1/99,Staff
472998,Kensei,Braunmuhl,9/16/64,7/3/98,1/1/99,Staff
473003,Tristan,Mungall,7/28/62,1/28/96,1/1/99,Engineer
473007,Holgard,Rajala,10/18/63,6/25/92,1/1/99,Senior Staff
473008,Gor,Monarch,4/25/63,7/28/94,1/1/99,Assistant Engineer
473013,Sachem,Schwabacher,9/14/62,9/16/98,1/1/99,Senior Staff
473014,Shugo,Schapire,2/10/63,4/19/95,1/1/99,Engineer
473019,Jacopo,Badache,1/11/63,8/5/99,1/1/99,Senior Engineer
473022,Chriss,Moehrke,12/13/64,7/9/94,1/1/99,Staff
473024,Jianhao,Eiter,8/31/63,5/5/92,1/1/99,Senior Staff
473039,Moon,Heyers,2/19/64,6/26/97,1/1/99,Engineer
473054,Claude,Scallan,1/8/62,11/3/89,1/1/99,Engineer
473056,Sugwoo,Ruemmler,1/20/63,7/31/99,1/1/99,Staff
473058,Duke,Murthy,3/1/62,11/21/89,1/1/99,Senior Engineer
473059,Udo,Socorro,1/18/64,12/8/90,1/1/99,Staff
473063,Kshitij,Kulisch,11/18/62,3/15/95,1/1/99,Senior Staff
473087,Dinah,Lenart,12/28/62,7/13/88,1/1/99,Engineer
473096,Yonghoan,Hebert,4/10/62,6/18/95,1/1/99,Staff
473105,Radhika,Olivero,4/26/62,5/18/97,1/1/99,Engineer
473120,Bokyung,Papadias,10/30/63,3/4/99,1/1/99,Engineer
473124,Shawna,Welham,12/28/63,6/28/90,1/1/99,Engineer
473135,Tetsurou,Linares,6/20/63,7/29/99,1/1/99,Engineer
473139,Howell,Champarnaud,6/5/62,2/1/02,1/1/99,Engineer
473142,Van,Emiris,5/26/64,8/30/90,1/1/99,Senior Staff
473144,Moheb,Yurek,10/4/63,3/3/98,1/1/99,Staff
473149,Xuejia,Greenaway,8/23/62,8/28/85,1/1/99,Engineer
473155,Demos,Minakawa,12/3/63,6/11/02,1/1/99,Staff
473162,Moss,Malinowski,3/8/63,10/29/93,1/1/99,Senior Engineer
473163,Zijian,Bakhtari,4/18/63,11/9/95,1/1/99,Senior Staff
473167,Macha,Serot,1/11/63,10/26/89,1/1/99,Senior Engineer
473174,IEEE,Welham,12/20/64,8/23/90,1/1/99,Senior Engineer
473176,Susumu,Wynblatt,7/26/64,3/21/89,1/1/99,Senior Engineer
473183,Marek,Ecklund,9/11/63,2/25/95,1/1/99,Senior Staff
473185,Saddek,Granlund,5/28/62,8/21/95,1/1/99,Senior Staff
473187,Kristinn,Litzkow,6/19/62,5/18/99,1/1/99,Senior Engineer
473192,Chiranjit,Simmel,10/6/63,11/19/85,1/1/99,Senior Staff
473199,Kersti,Rosch,9/4/63,4/7/91,1/1/99,Staff
473205,Stabislas,Siochi,7/1/64,1/12/91,1/1/99,Senior Engineer
473206,Christoph,Merlo,1/10/63,11/1/95,1/1/99,Staff
473207,Kersti,Badache,9/8/64,1/21/99,1/1/99,Staff
473220,Jeanne,England,10/23/63,6/27/99,1/1/99,Staff
473229,Valter,Lundstrom,9/9/63,8/16/88,1/1/99,Staff
473233,Leif,Koblick,2/16/63,7/7/94,1/1/99,Senior Staff
473248,Mara,Braunschweig,3/28/62,10/26/94,1/1/99,Engineer
473251,Volkmar,Karlin,7/25/64,8/11/88,1/1/99,Technique Leader
473262,Serenella,Maraist,10/12/63,1/9/97,1/1/99,Staff
473265,Leif,Merey,2/25/64,9/5/89,1/1/99,Senior Engineer
473268,Hugo,Sgarro,1/1/65,4/24/92,1/1/99,Senior Staff
473270,Marie,Strandh,11/14/64,8/13/97,1/1/99,Engineer
473276,Hyuckchul,Gente,10/17/63,6/29/98,1/1/99,Staff
473277,Vasilii,Guting,2/6/64,3/16/99,1/1/99,Engineer
473281,Arch,Lowrie,4/9/62,3/20/97,1/1/99,Senior Staff
473292,DAIDA,Kuszyk,2/25/64,2/16/94,1/1/99,Staff
473299,Khaled,Penn,1/12/65,5/19/92,1/1/99,Senior Staff
473300,Tooru,Birjandi,9/16/62,10/19/89,1/1/99,Staff
473312,Khalid,Blokdijk,11/5/62,12/14/88,1/1/99,Senior Staff
473331,Kyoichi,Hooghiemstra,2/17/64,7/7/88,1/1/99,Engineer
473333,Christoph,Thombley,11/16/63,4/4/99,1/1/99,Technique Leader
473334,Yechezkel,Xiaoshan,1/21/63,9/22/96,1/1/99,Senior Staff
473338,Shuzo,Dichev,3/11/63,10/19/95,1/1/99,Senior Staff
473342,Abdulla,Denna,11/6/64,3/8/85,1/1/99,Engineer
473343,Sampalli,Morrow,11/16/63,8/21/89,1/1/99,Engineer
473345,Chinhyun,Chimia,1/30/62,4/3/01,1/1/99,Senior Staff
473359,Sreenivas,Slobodova,12/2/63,2/1/00,1/1/99,Staff
473360,Vivian,Kakkar,10/8/63,12/20/85,1/1/99,Staff
473364,Kish,Eterovic,4/11/64,9/23/01,1/1/99,Senior Staff
473367,Sorina,Marsiglia,3/22/64,5/1/87,1/1/99,Staff
473368,Tayeb,Reghbati,10/27/63,12/6/92,1/1/99,Senior Staff
473371,Beshir,Menhardt,3/28/62,8/8/87,1/1/99,Senior Engineer
473372,Munehiro,Bodoff,3/18/64,11/7/89,1/1/99,Senior Staff
473382,Marl,Grospietsch,5/17/64,3/8/97,1/1/99,Senior Staff
473389,Tonny,Akiyama,8/1/64,2/25/98,1/1/99,Staff
473408,Saeed,Basagni,4/28/63,8/9/96,1/1/99,Staff
473413,Selwyn,Alblas,8/9/64,7/23/87,1/1/99,Senior Staff
473419,Uriel,Mellouli,3/3/62,3/16/88,1/1/99,Senior Staff
473426,Franziska,Peroz,9/15/62,12/25/00,1/1/99,Staff
473428,Yoshimitsu,Tiemann,6/25/63,8/6/87,1/1/99,Engineer
473430,Aiman,Rouquie,7/17/64,4/12/85,1/1/99,Technique Leader
473436,Hsiangchu,Backhouse,6/29/63,10/24/98,1/1/99,Staff
473450,Kish,Itzigehl,4/11/63,8/11/92,1/1/99,Senior Staff
473452,Jagoda,Antonisse,9/30/62,8/13/97,1/1/99,Engineer
473461,Fatemeh,Prenel,11/4/62,12/4/92,1/1/99,Senior Staff
473473,Khalil,Parhami,2/17/62,11/6/88,1/1/99,Senior Staff
473478,Siddarth,Cesareni,1/11/62,1/30/87,1/1/99,Senior Engineer
473479,Pohua,Collette,8/29/63,7/6/95,1/1/99,Senior Engineer
473482,Berry,Huhdanpaa,11/11/64,2/7/95,1/1/99,Engineer
473490,Pantung,Reeker,1/6/65,5/11/92,1/1/99,Senior Staff
473499,Marit,Mitina,2/12/62,9/8/98,1/1/99,Engineer
473509,Guozhong,Katzenelson,11/4/63,10/25/95,1/1/99,Staff
473511,Chanjung,Rosenbaum,1/7/63,6/19/96,1/1/99,Senior Engineer
473512,Ayakannu,Schwabacher,5/24/64,12/8/98,1/1/99,Staff
473517,Gurbir,Erez,10/10/62,2/11/94,1/1/99,Senior Engineer
473523,Richara,Engelmann,8/8/62,7/17/98,1/1/99,Technique Leader
473540,Richard,Kaiserswerth,5/18/64,1/10/98,1/1/99,Assistant Engineer
473543,Gudjon,Farrow,4/5/63,9/27/86,1/1/99,Staff
473545,Duangkaew,Cardazo,8/14/63,1/26/91,1/1/99,Engineer
473550,Kiyomitsu,Peres,8/5/63,10/19/98,1/1/99,Engineer
473553,Constantine,Ratzlaff,1/29/62,4/8/95,1/1/99,Senior Staff
473555,Ebru,Waymire,1/23/63,4/22/88,1/1/99,Senior Engineer
473566,Abdelwaheb,Basawa,12/20/62,6/30/98,1/1/99,Technique Leader
473588,Zvonko,Kusakari,6/27/63,7/4/92,1/1/99,Staff
473589,Anwar,Erdmenger,8/8/64,2/2/96,1/1/99,Senior Staff
473590,Jeong,Gelosh,1/9/63,12/3/91,1/1/99,Senior Engineer
473594,Hiroyasu,Braunschweig,2/7/63,9/30/01,1/1/99,Technique Leader
473596,Utz,Braunmuhl,12/21/62,3/29/88,1/1/99,Staff
473602,Irene,Gladwell,2/3/64,8/17/90,1/1/99,Assistant Engineer
473612,Isaac,Feinberg,10/10/63,11/5/89,1/1/99,Senior Engineer
473613,DAIDA,Pezzoli,10/24/63,9/29/91,1/1/99,Senior Engineer
473616,Sreekrishna,Begiun,5/13/64,8/22/92,1/1/99,Staff
473617,Nevin,Aingworth,10/5/63,5/16/90,1/1/99,Senior Engineer
473627,Henk,Fioravanti,6/21/62,7/13/90,1/1/99,Staff
473631,Goa,Akazan,10/18/64,6/18/89,1/1/99,Senior Staff
473633,Bilhanan,Perly,4/30/62,1/12/00,1/1/99,Senior Staff
473637,Dayanand,Wroclawski,7/20/63,1/5/99,1/1/99,Technique Leader
473639,Rasiah,Chiola,4/9/62,1/29/97,1/1/99,Staff
473647,Conor,Erol,9/14/64,1/31/94,1/1/99,Senior Engineer
473651,Snehasis,Birsak,10/3/63,6/23/97,1/1/99,Staff
473658,Berthier,Narlikar,4/16/62,5/2/99,1/1/99,Staff
473660,Tsz,Casperson,8/12/62,3/5/97,1/1/99,Engineer
473661,Aluzio,Rathonyi,9/7/62,9/29/85,1/1/99,Senior Engineer
473663,Licheng,Heydon,5/24/64,10/25/88,1/1/99,Engineer
473665,Marit,Toyoshima,11/18/64,8/16/94,1/1/99,Senior Engineer
473676,Mong,Hooghiemstra,8/24/64,12/18/93,1/1/99,Senior Engineer
473679,Takahito,Ozery,1/27/64,4/18/93,1/1/99,Assistant Engineer
473681,Morris,Ghalwash,1/13/64,7/11/92,1/1/99,Staff
473683,Masaru,Stemann,5/25/64,8/10/85,1/1/99,Engineer
473691,Gennadi,Lally,4/2/62,5/21/97,1/1/99,Engineer
473696,Conal,Skafidas,12/30/62,11/29/91,1/1/99,Senior Staff
473705,Mototsugu,Dusink,4/25/63,3/8/00,1/1/99,Engineer
473707,Siamak,Nannarelli,4/6/62,1/12/92,1/1/99,Engineer
473709,Dipayan,Wiegley,4/29/64,4/22/90,1/1/99,Engineer
473728,Gladys,Cardazo,12/5/64,7/24/98,1/1/99,Staff
473729,Debaprosad,Vigier,2/21/64,1/3/91,1/1/99,Senior Staff
473730,Shaowei,Sudbeck,9/21/62,7/20/88,1/1/99,Staff
473747,Udaiprakash,Antonisse,2/27/62,5/17/98,1/1/99,Senior Engineer
473750,Gao,Slutz,4/19/62,2/6/86,1/1/99,Staff
473751,Kerhong,Picht,4/17/62,10/26/96,1/1/99,Engineer
473753,Domenick,Figueira,2/13/62,9/28/91,1/1/99,Assistant Engineer
473754,Hirochika,Giarratana,3/23/62,9/20/94,1/1/99,Senior Engineer
473758,Uta,Sullins,11/23/63,7/11/85,1/1/99,Senior Engineer
473761,Guozhong,Pezzoli,12/22/63,6/6/85,1/1/99,Staff
473764,Marke,Morton,7/29/63,4/20/91,1/1/99,Senior Engineer
473784,Ortrun,Kambil,4/12/64,6/10/90,1/1/99,Senior Staff
473793,Petter,Serra,8/25/64,7/5/86,1/1/99,Staff
473794,Georgi,Burnard,11/7/64,5/22/90,1/1/99,Senior Staff
473796,Apostol,Stentiford,10/24/63,7/16/93,1/1/99,Senior Engineer
473798,Wuxu,Jakobus,11/17/63,4/21/91,1/1/99,Senior Engineer
473810,Irena,Rossi,1/12/64,6/12/87,1/1/99,Staff
473814,Terresa,Rousseau,10/25/62,6/12/88,1/1/99,Staff
473818,Ramzi,Suppi,10/26/63,10/26/01,1/1/99,Engineer
473826,Matt,Nitta,4/24/62,8/13/86,1/1/99,Engineer
473831,Anneke,Dehkordi,5/20/63,8/3/93,1/1/99,Senior Staff
473843,Aloys,Bauknecht,8/17/63,8/23/93,1/1/99,Engineer
473844,Yannik,Ranai,3/28/62,10/18/90,1/1/99,Staff
473861,Zhiwei,Underwood,3/14/64,4/14/95,1/1/99,Staff
473864,Weiwu,Suppi,10/7/63,11/6/85,1/1/99,Engineer
473865,Mohammed,Hinsberger,10/15/63,6/22/95,1/1/99,Engineer
473866,Jianhao,Eiter,5/17/63,7/29/85,1/1/99,Senior Engineer
473870,Udo,Beeson,1/9/62,9/14/89,1/1/99,Engineer
473875,Herb,Cherinka,1/10/62,1/13/88,1/1/99,Staff
473884,Nidapan,Cichocki,9/4/63,10/26/96,1/1/99,Engineer
473902,Heather,Stille,3/3/63,4/2/90,1/1/99,Senior Staff
473906,Kazuhiko,Jenevein,12/28/63,1/10/98,1/1/99,Staff
473914,Jenwei,Jakobus,5/13/62,6/26/90,1/1/99,Engineer
473930,Zita,Hutton,4/12/62,10/29/88,1/1/99,Engineer
473933,Xiping,Setiz,12/26/62,9/4/99,1/1/99,Engineer
473934,Fumitaka,Meriste,3/28/62,6/4/91,1/1/99,Senior Engineer
473935,Kyoichi,Luks,11/11/63,11/20/93,1/1/99,Senior Staff
473936,Morris,Kobara,7/3/63,3/13/00,1/1/99,Senior Engineer
473940,Avishai,Majewski,1/16/65,1/10/98,1/1/99,Engineer
473943,Ipke,Pesch,8/13/63,8/5/89,1/1/99,Senior Staff
473948,Reinhold,Christ,11/11/62,12/5/85,1/1/99,Senior Engineer
473955,Alejandra,Butner,11/14/62,7/18/89,1/1/99,Senior Staff
473959,Jianhui,Pfau,9/20/62,6/9/98,1/1/99,Senior Engineer
473963,Kristof,Snedden,2/14/64,9/28/97,1/1/99,Senior Engineer
473966,Uwe,Peir,11/27/62,11/14/91,1/1/99,Senior Engineer
473968,Domenick,Baezner,1/24/63,12/26/87,1/1/99,Engineer
473974,Radoslaw,Vitiello,8/14/63,3/23/93,1/1/99,Senior Engineer
473976,Jagoda,Lampe,3/30/64,5/12/96,1/1/99,Senior Engineer
473982,Kerhong,Chinin,3/29/63,1/26/87,1/1/99,Engineer
473992,Shen,Riefers,6/26/63,11/24/85,1/1/99,Engineer
474000,Youpyo,Rosen,6/23/63,4/13/94,1/1/99,Engineer
474005,Tonia,Mersereau,10/21/63,7/15/92,1/1/99,Engineer
474009,Valeska,Ratnaker,8/2/64,8/18/98,1/1/99,Staff
474012,Subhrajyoti,Vendrig,5/21/62,9/12/99,1/1/99,Staff
474013,Ennio,Roccetti,10/18/64,8/2/86,1/1/99,Senior Staff
474038,Hidefumi,Trystram,11/20/64,5/3/99,1/1/99,Engineer
474041,Jouni,Bruckman,2/19/64,3/31/97,1/1/99,Staff
474045,Dannz,Rubsam,10/20/63,6/25/85,1/1/99,Senior Engineer
474046,Atreyi,Zwicker,11/3/62,10/25/91,1/1/99,Senior Engineer
474047,Hitofumi,Matzke,2/15/62,6/27/01,1/1/99,Assistant Engineer
474056,Mohan,Keirsey,11/9/63,7/14/96,1/1/99,Engineer
474058,Lena,Vadhan,10/1/62,10/4/94,1/1/99,Engineer
474059,Gro,Prochazka,4/25/62,6/23/96,1/1/99,Technique Leader
474060,Boguslaw,Oskamp,5/13/64,1/24/87,1/1/99,Senior Staff
474062,Margareta,Babu,3/21/64,1/3/94,1/1/99,Senior Engineer
474065,DAIDA,Braccini,10/9/63,5/20/98,1/1/99,Senior Staff
474071,Mokhtar,Gruenwald,6/15/62,5/20/93,1/1/99,Staff
474072,Kendra,Masaki,7/25/64,4/15/88,1/1/99,Senior Staff
474075,Cedric,Jullig,4/6/63,6/14/89,1/1/99,Senior Staff
474082,Oscal,Falster,4/19/64,5/15/96,1/1/99,Senior Engineer
474087,Fayez,Mamelak,6/5/63,4/28/94,1/1/99,Engineer
474088,Dmitry,Muhlberg,1/27/64,7/15/99,1/1/99,Staff
474089,Tru,Broder,12/11/62,9/29/97,1/1/99,Engineer
474090,Sachem,Morton,3/26/63,12/7/94,1/1/99,Engineer
474095,Gritta,Suri,10/11/63,5/12/97,1/1/99,Engineer
474097,Mihalis,Mapelli,1/14/63,1/24/90,1/1/99,Staff
474108,Aloke,Oxenboll,9/22/64,1/19/92,1/1/99,Technique Leader
474118,Rosli,Albarhamtoshy,8/31/63,3/9/98,1/1/99,Engineer
474121,Narain,Jansch,1/16/63,4/6/92,1/1/99,Senior Engineer
474128,Narain,Sidou,4/2/62,7/22/86,1/1/99,Staff
474139,Rafols,Frolund,6/27/63,4/24/89,1/1/99,Senior Engineer
474141,Harngdar,Marwedel,8/13/62,8/29/90,1/1/99,Senior Engineer
474143,Sanjay,Vingron,7/15/64,2/23/93,1/1/99,Senior Engineer
474144,Yurii,Bondorf,6/14/64,6/19/89,1/1/99,Senior Staff
474150,Heon,Schnelling,10/8/63,11/26/93,1/1/99,Engineer
474151,Leah,Fujisaki,1/20/64,11/19/87,1/1/99,Senior Engineer
474155,Tsuneo,Cusworth,9/2/64,3/24/97,1/1/99,Senior Staff
474163,Jouni,Chorvat,9/19/62,9/6/99,1/1/99,Staff
474175,Kazunori,Picco,10/21/64,1/2/97,1/1/99,Engineer
474178,Gro,Spataro,4/23/62,9/23/87,1/1/99,Senior Staff
474179,Panayotis,Castellani,3/12/63,5/10/99,1/1/99,Engineer
474184,Fumiyo,Nitsche,10/9/62,2/19/01,1/1/99,Senior Staff
474201,Zhiwei,Lambe,1/22/62,6/10/95,1/1/99,Staff
474207,Kankanahalli,Callaway,12/15/63,2/1/93,1/1/99,Senior Staff
474208,Narain,Leijenhorst,4/22/63,1/30/92,1/1/99,Senior Staff
474216,Kristof,Uchoa,9/20/62,10/17/92,1/1/99,Senior Staff
474224,Jianhui,Beznosov,10/9/64,10/25/90,1/1/99,Staff
474225,Lucien,Plotkin,11/9/64,12/20/87,1/1/99,Senior Engineer
474228,Arup,Guardalben,9/3/64,3/17/89,1/1/99,Senior Engineer
474235,Ung,Pesch,8/26/63,9/23/96,1/1/99,Staff
474236,Jiann,Felder,4/13/64,3/4/92,1/1/99,Staff
474241,Bojan,Xiaoshan,6/17/62,1/11/98,1/1/99,Engineer
474244,Przemyslawa,Szmurlo,6/19/63,4/1/01,1/1/99,Senior Engineer
474245,Debaprosad,Gecsei,8/18/63,10/10/95,1/1/99,Senior Engineer
474251,Maik,Brobst,7/7/63,8/30/95,1/1/99,Staff
474263,Mang,Hatcliff,8/5/62,3/19/86,1/1/99,Senior Staff
474265,Shem,Winter,12/24/63,1/23/00,1/1/99,Engineer
474269,Pantung,Bade,5/3/62,1/2/99,1/1/99,Staff
474279,Danel,Bouloucos,5/15/62,6/5/86,1/1/99,Senior Engineer
474282,Zvonko,Krzyzanowski,5/13/63,5/24/90,1/1/99,Staff
474292,Rayond,Godskesen,2/23/62,9/22/89,1/1/99,Senior Staff
474294,Yakkov,Porotnikoff,9/4/62,7/3/91,1/1/99,Staff
474314,Serge,Cooman,9/17/64,3/27/91,1/1/99,Senior Staff
474317,Eldridge,Schlumberger,10/17/63,1/31/92,1/1/99,Senior Engineer
474318,Hyuncheol,Detkin,2/7/62,12/9/96,1/1/99,Staff
474319,Mary,Mitsuhashi,1/20/62,9/19/97,1/1/99,Staff
474325,Valery,Impagliazzo,7/6/63,1/18/90,1/1/99,Engineer
474330,Hitofumi,Schaaf,5/21/64,7/10/92,1/1/99,Senior Engineer
474331,Sugwoo,Eugenio,1/29/65,3/2/94,1/1/99,Senior Staff
474335,Takahira,Baer,5/13/63,1/23/95,1/1/99,Senior Engineer
474340,Arvin,Narahara,12/16/63,11/14/90,1/1/99,Senior Engineer
474350,Hongzue,Terlouw,7/1/64,1/9/91,1/1/99,Senior Staff
474356,Bader,Peyn,7/23/64,2/25/94,1/1/99,Staff
474367,Haldon,Masaki,5/15/63,1/14/94,1/1/99,Senior Engineer
474373,Mantis,Gopalakrishnan,3/9/64,4/27/98,1/1/99,Staff
474374,Shaz,Maccarone,2/5/62,7/6/94,1/1/99,Senior Staff
474378,Rutger,Usery,5/1/62,9/21/89,1/1/99,Senior Engineer
474381,Apostol,Kaiserswerth,8/5/62,6/11/94,1/1/99,Engineer
474383,Sampalli,Kaminger,11/17/63,4/4/98,1/1/99,Staff
474399,Feiyu,Zschoche,6/8/63,8/14/96,1/1/99,Engineer
474413,Rafael,Merkl,12/20/62,10/24/92,1/1/99,Senior Staff
474415,Goncalo,Benner,6/7/62,1/20/90,1/1/99,Senior Staff
474427,Bowen,Schnelling,11/25/63,6/6/87,1/1/99,Staff
474432,Uli,Brickell,12/7/62,11/8/01,1/1/99,Staff
474435,Lakshmi,Esposito,8/29/64,10/17/96,1/1/99,Senior Staff
474437,Kitty,Hutter,4/30/63,11/18/87,1/1/99,Engineer
474440,Vesna,Berendt,7/9/63,6/14/02,1/1/99,Senior Staff
474460,Angus,Nitto,6/30/62,11/16/00,1/1/99,Engineer
474461,Fan,Castellani,5/4/62,8/23/87,1/1/99,Engineer
474462,Jayesh,Koshiba,3/15/63,12/12/99,1/1/99,Engineer
474464,Jianhua,Sinicrope,5/5/62,10/30/94,1/1/99,Staff
474466,Takahira,Gischer,9/9/63,8/25/91,1/1/99,Staff
474467,Cullen,Farrow,4/22/64,1/30/90,1/1/99,Engineer
474476,Nechama,Alblas,11/15/63,10/26/91,1/1/99,Staff
474477,Ebru,Dredge,7/7/62,6/30/92,1/1/99,Senior Engineer
474478,Fayez,Thebaut,6/2/63,10/25/87,1/1/99,Senior Staff
474479,Baoqiu,Porenta,4/27/62,3/18/94,1/1/99,Staff
474485,Francoise,Gente,6/18/63,1/6/86,1/1/99,Engineer
474489,Ziva,Wallrath,5/7/62,2/22/96,1/1/99,Senior Staff
474493,Nitsan,Reeker,10/15/63,8/17/88,1/1/99,Senior Engineer
474497,Seshu,Matheson,12/11/64,3/29/97,1/1/99,Engineer
474506,Willard,Rouquie,12/18/62,2/15/86,1/1/99,Senior Staff
474509,Panayotis,Garnick,10/6/62,6/12/99,1/1/99,Engineer
474513,Ishfaq,Collette,3/23/64,11/27/89,1/1/99,Engineer
474514,Niclas,Dredge,10/26/62,9/16/91,1/1/99,Senior Staff
474517,Lorien,Frolund,2/18/62,2/22/88,1/1/99,Engineer
474531,Mabo,Magliocco,7/15/62,10/19/99,1/1/99,Staff
474534,Rafael,Shimshoni,7/6/63,8/9/91,1/1/99,Senior Engineer
474539,Sajjad,Sethi,11/13/62,6/25/99,1/1/99,Senior Engineer
474540,Mary,Conti,2/27/62,7/24/90,1/1/99,Senior Engineer
474544,Seshu,Miake,6/30/64,5/23/93,1/1/99,Engineer
474546,Khalil,Snyers,10/27/63,5/10/96,1/1/99,Engineer
474562,Chenyi,Morris,2/24/64,12/22/96,1/1/99,Staff
474574,Leah,Piancastelli,6/19/62,4/17/96,1/1/99,Senior Engineer
474585,Khun,Ulupinar,6/18/63,10/23/87,1/1/99,Engineer
474590,JiYoung,Kulisch,12/21/62,4/19/93,1/1/99,Senior Staff
474592,Uma,Merkl,7/26/63,7/5/95,1/1/99,Staff
474595,Pramod,Bodoff,3/31/64,12/11/99,1/1/99,Senior Staff
474596,Bedir,Khalid,9/23/63,8/27/94,1/1/99,Senior Engineer
474597,Jaana,Marzano,6/2/63,10/3/99,1/1/99,Senior Engineer
474598,Marl,Birnbaum,6/19/62,9/3/99,1/1/99,Engineer
474600,Evgueni,Swiss,4/21/64,11/22/99,1/1/99,Engineer
474608,Morris,Moehrke,2/24/62,4/3/90,1/1/99,Senior Staff
474610,Falguni,Munoz,7/7/63,10/25/89,1/1/99,Senior Engineer
474612,Tetsushi,Lambe,4/23/63,2/25/93,1/1/99,Senior Engineer
474614,Edwin,Radivojevic,7/3/62,8/1/92,1/1/99,Staff
474625,Tremaine,Kirkerud,6/14/62,4/29/99,1/1/99,Staff
474630,Minghong,Crooks,6/26/62,9/25/86,1/1/99,Senior Staff
474644,Candida,Dolinsky,10/4/62,11/4/89,1/1/99,Senior Staff
474655,Anwar,Janetzko,12/9/62,1/13/97,1/1/99,Engineer
474656,Koldo,Driscoll,2/16/64,3/30/91,1/1/99,Staff
474658,Sarita,Peot,4/29/63,6/8/95,1/1/99,Engineer
474674,Satyanarayana,Rikino,12/14/62,9/18/97,1/1/99,Senior Staff
474676,Lijia,Gischer,12/18/62,10/14/98,1/1/99,Staff
474682,Gina,Salvesen,3/23/63,11/9/86,1/1/99,Senior Engineer
474683,Sukumar,Kusakari,11/17/63,1/26/94,1/1/99,Engineer
474691,Prodip,Jansch,6/23/64,3/24/99,1/1/99,Engineer
474692,Willard,Benantar,6/13/63,1/18/93,1/1/99,Senior Staff
474698,Josyula,Lortz,4/17/62,12/4/98,1/1/99,Engineer
474701,Olivera,Horswill,5/7/64,7/8/91,1/1/99,Engineer
474704,Percy,Roisin,9/12/63,7/18/86,1/1/99,Senior Engineer
474711,Shigehito,Mitzlaff,10/30/64,3/10/91,1/1/99,Senior Engineer
474719,Sachio,Hertweck,7/14/62,5/6/92,1/1/99,Engineer
474734,Mingzeng,Desikan,7/7/62,8/22/88,1/1/99,Engineer
474736,Aran,Hebden,1/22/62,1/10/93,1/1/99,Senior Staff
474742,Anoosh,Kropp,10/19/63,8/31/92,1/1/99,Technique Leader
474753,Stafford,Luce,3/9/62,9/15/97,1/1/99,Staff
474762,Adamantios,Rajaraman,10/12/62,9/8/87,1/1/99,Senior Staff
474763,Mayuko,Clouatre,1/7/65,9/4/97,1/1/99,Engineer
474771,Richard,Peltason,6/17/64,5/22/93,1/1/99,Senior Staff
474778,Pranay,Melton,3/25/62,10/21/89,1/1/99,Assistant Engineer
474780,Rosalyn,Goodrum,9/14/64,11/20/90,1/1/99,Engineer
474796,Zongyan,Shackel,1/10/65,8/17/87,1/1/99,Technique Leader
474799,Valter,Preusig,6/3/64,1/13/86,1/1/99,Engineer
474802,Manibrata,Gurbaxani,11/16/62,12/4/86,1/1/99,Senior Staff
474805,Toshimori,Pramanik,6/6/63,6/30/92,1/1/99,Senior Engineer
474808,Shaunak,Tempesti,7/3/64,2/9/97,1/1/99,Staff
474810,Ayakannu,Schwaller,5/25/64,9/15/90,1/1/99,Engineer
474815,Jaroslava,Alpin,9/22/62,3/7/99,1/1/99,Senior Staff
474826,Adit,Adachi,12/30/63,8/9/93,1/1/99,Senior Staff
474830,Divine,Berendt,7/12/62,5/30/88,1/1/99,Engineer
474838,Wilmer,Lanzelotte,3/25/63,1/21/97,1/1/99,Staff
474843,Heng,Loncour,9/10/62,2/20/98,1/1/99,Technique Leader
474844,Stella,Willoner,10/19/62,4/17/92,1/1/99,Senior Engineer
474853,Susumu,Kamble,4/12/64,11/9/90,1/1/99,Senior Engineer
474856,Murthy,Glinert,9/20/64,10/14/99,1/1/99,Staff
474863,Magdalena,Chepyzhov,12/3/63,2/20/98,1/1/99,Engineer
474864,Mabhin,Koshino,2/2/62,5/13/92,1/1/99,Senior Staff
474866,Xiaoqiu,Swen,1/31/64,11/29/85,1/1/99,Engineer
474873,Lorien,Ghandeharizadeh,5/23/62,5/27/88,1/1/99,Assistant Engineer
474880,Cedric,DuCasse,10/31/63,12/16/99,1/1/99,Engineer
474884,Krassimir,Czap,7/5/64,7/19/99,1/1/99,Senior Staff
474889,Prasadram,Bennis,7/10/62,12/14/94,1/1/99,Engineer
474896,Tua,Garnick,4/6/63,8/24/93,1/1/99,Staff
474914,Ashish,Neimat,8/2/64,3/15/90,1/1/99,Engineer
474915,Susuma,Pesch,9/12/62,9/28/98,1/1/99,Staff
474919,Sachin,Choobineh,9/8/62,8/8/97,1/1/99,Engineer
474920,Geraldo,Krone,1/30/63,10/24/99,1/1/99,Engineer
474922,Angel,Hoppenstand,3/1/64,9/19/98,1/1/99,Staff
474927,Munenori,Ranst,4/23/63,6/12/92,1/1/99,Senior Engineer
474937,Rimli,Brodie,4/1/62,9/14/01,1/1/99,Engineer
474938,Sham,Sherertz,2/19/64,5/11/92,1/1/99,Technique Leader
474949,Shin,Barvinok,8/23/64,9/10/94,1/1/99,Senior Engineer
474952,Bedrich,Klassen,1/30/63,2/12/95,1/1/99,Senior Engineer
474953,Sastry,Hockney,3/9/64,9/4/99,1/1/99,Senior Engineer
474957,Baruch,Trachtenberg,10/28/63,8/16/98,1/1/99,Staff
474960,Muzhong,Farris,10/23/62,6/27/89,1/1/99,Senior Engineer
474961,Shahaf,Coorg,4/6/62,1/4/97,1/1/99,Engineer
474962,Genevieve,Herber,2/12/64,1/3/88,1/1/99,Senior Engineer
474965,Heekeun,Feinberg,10/30/62,11/25/00,1/1/99,Staff
474974,Berna,Maksimenko,2/14/63,3/10/00,1/1/99,Senior Engineer
474975,Barna,Birch,2/5/64,5/8/89,1/1/99,Senior Engineer
474976,Girolamo,Perl,9/8/63,11/15/96,1/1/99,Senior Engineer
474982,Gil,Vieth,5/13/64,3/5/96,1/1/99,Senior Staff
474999,Leon,Staudhammer,7/29/62,11/7/89,1/1/99,Senior Staff
475000,Chinhyun,Bellmore,6/7/63,4/5/94,1/1/99,Senior Staff
475005,Xuejia,Chinin,5/14/62,5/21/95,1/1/99,Senior Staff
475010,Subbu,Shihab,4/23/64,12/30/98,1/1/99,Assistant Engineer
475014,Eldridge,Cesareni,2/14/63,6/30/94,1/1/99,Senior Engineer
475019,Sachin,Gulla,9/13/62,10/19/99,1/1/99,Engineer
475026,Dipankar,Gulik,12/20/62,3/25/98,1/1/99,Engineer
475028,Shaz,Ginneken,6/5/62,12/18/98,1/1/99,Engineer
475045,Adit,Colorni,6/19/63,5/15/95,1/1/99,Staff
475047,Nahid,Garnier,3/20/63,3/27/91,1/1/99,Staff
475057,Heeju,Gente,6/29/62,7/26/95,1/1/99,Staff
475064,Gritta,Besancenot,3/8/63,3/20/85,1/1/99,Staff
475068,Adas,Kuszyk,3/13/64,10/8/95,1/1/99,Senior Staff
475074,Shigeaki,Perri,12/13/63,12/2/86,1/1/99,Assistant Engineer
475075,Georgy,Kawashima,4/7/62,6/22/91,1/1/99,Engineer
475076,Kristine,Range,10/4/62,3/6/90,1/1/99,Senior Staff
475084,Venkatesan,Peac,1/31/63,11/21/91,1/1/99,Senior Staff
475087,Genevieve,Snedden,1/31/65,10/21/88,1/1/99,Senior Engineer
475106,Augustine,Eterovic,5/5/63,1/23/90,1/1/99,Staff
475112,Krister,Cichocki,11/2/63,10/3/88,1/1/99,Senior Engineer
475116,Rayond,Muchinsky,12/3/63,8/26/92,1/1/99,Senior Staff
475119,Christoper,Vesna,8/23/62,7/26/85,1/1/99,Senior Engineer
475128,Marjo,Fabrizio,7/30/64,12/11/92,1/1/99,Senior Staff
475144,Avishai,Denna,11/27/63,5/12/91,1/1/99,Senior Staff
475146,Masasuke,Pollacia,3/28/62,7/11/93,1/1/99,Staff
475154,Avishai,Kamber,9/10/63,10/29/95,1/1/99,Engineer
475155,Jingling,Spell,10/15/62,9/12/95,1/1/99,Engineer
475172,Percy,Pashtan,4/8/64,10/6/86,1/1/99,Senior Staff
475186,Tesuya,Francisci,9/29/62,1/25/93,1/1/99,Senior Engineer
475194,Rosalie,Guardalben,8/20/63,2/20/91,1/1/99,Senior Engineer
475196,Tetsushi,McAffer,4/16/62,11/1/85,1/1/99,Senior Staff
475197,Odysseas,Siegrist,7/23/63,5/6/93,1/1/99,Senior Staff
475198,Bernice,Collavizza,6/17/63,5/9/88,1/1/99,Senior Staff
475206,Kamakshi,Peral,11/28/63,7/1/94,1/1/99,Staff
475209,Masato,Garnick,11/17/62,5/28/99,1/1/99,Staff
475211,Fen,Teitelbaum,10/30/63,12/20/87,1/1/99,Engineer
475214,Lakshmi,Rattan,7/9/64,7/12/95,1/1/99,Engineer
475215,Dulce,Fordan,10/8/63,11/24/97,1/1/99,Staff
475219,Howell,Koprowski,12/29/62,8/16/97,1/1/99,Staff
475223,Feipei,Isaac,9/19/62,12/11/95,1/1/99,Staff
475224,Gou,Dahlbom,9/17/64,12/1/96,1/1/99,Senior Staff
475230,Shih,Shokrollahi,6/11/63,4/7/94,1/1/99,Engineer
475231,Uri,Thombley,7/14/62,5/5/02,1/1/99,Senior Staff
475238,Pascal,Worfolk,6/19/62,8/7/97,1/1/99,Senior Engineer
475246,Manu,Veevers,1/21/64,5/12/91,1/1/99,Senior Staff
475248,Shuho,Sinicrope,5/16/64,11/17/97,1/1/99,Senior Staff
475249,Leucio,Quittner,8/4/63,5/16/93,1/1/99,Senior Staff
475254,Zhiguo,Kobuchi,7/23/63,6/5/90,1/1/99,Engineer
475258,Fumiyo,Feinberg,1/10/65,2/12/00,1/1/99,Staff
475260,Berni,Morrin,4/24/64,4/14/97,1/1/99,Senior Engineer
475263,Kendra,Zykh,4/10/64,5/6/96,1/1/99,Senior Staff
475267,Zongyan,Angelopoulos,9/10/62,6/17/98,1/1/99,Staff
475277,Aluzio,Chinal,6/28/63,5/18/88,1/1/99,Engineer
475280,Shuho,Anido,11/6/63,9/16/89,1/1/99,Assistant Engineer
475281,Visit,Foote,6/9/63,10/8/93,1/1/99,Senior Engineer
475289,Kensyu,Unno,8/14/62,1/1/97,1/1/99,Staff
475290,Dante,Krupka,2/22/62,5/25/92,1/1/99,Senior Staff
475293,Shem,Stanger,12/14/62,8/4/90,1/1/99,Senior Staff
475296,Dayanand,Vingron,10/14/63,11/1/97,1/1/99,Engineer
475303,Ghassan,Pauthner,12/1/64,2/26/85,1/1/99,Staff
475307,Nahla,Broomell,1/25/62,7/8/92,1/1/99,Engineer
475310,Serenella,Usdin,12/18/64,10/27/86,1/1/99,Senior Staff
475311,Mostafa,Chvatal,8/12/64,3/1/96,1/1/99,Senior Engineer
475321,Hidekazu,Felder,8/2/62,4/15/92,1/1/99,Engineer
475365,Shrikanth,Botman,7/12/62,9/4/89,1/1/99,Senior Staff
475369,Bangqing,Gornas,1/4/64,9/26/89,1/1/99,Assistant Engineer
475370,Chikako,Borovoy,2/22/63,9/1/97,1/1/99,Senior Engineer
475375,Jagoda,Mitina,6/16/62,7/28/88,1/1/99,Senior Staff
475400,Boaz,Remmele,2/21/63,9/28/96,1/1/99,Staff
475402,Guther,Kitsuregawa,10/27/62,11/27/86,1/1/99,Staff
475406,Murthy,Bugrara,11/3/62,5/6/92,1/1/99,Senior Engineer
475410,Debatosh,Scallan,7/28/62,12/1/87,1/1/99,Senior Engineer
475412,Arif,Antonakopoulos,12/6/64,11/12/99,1/1/99,Engineer
475414,KayLiang,Emiris,3/31/64,11/12/87,1/1/99,Staff
475416,Stein,Chenoweth,11/19/63,7/22/89,1/1/99,Senior Staff
475417,Pragnesh,Luon,10/17/64,2/27/94,1/1/99,Staff
475418,Aemilian,Reistad,10/31/62,6/28/00,1/1/99,Senior Engineer
475424,Izaskun,Ullian,11/29/64,8/16/94,1/1/99,Engineer
475428,Karsten,Landherr,11/25/63,10/23/89,1/1/99,Senior Staff
475431,Serap,Gill,9/9/64,10/19/99,1/1/99,Engineer
475435,Giao,Narahara,1/23/62,11/19/90,1/1/99,Senior Staff
475437,Behnaam,Kalorkoti,2/29/64,10/15/94,1/1/99,Engineer
475439,Ishfaq,Parhami,10/14/62,11/22/86,1/1/99,Senior Engineer
475449,Valeri,Penz,12/27/64,2/13/96,1/1/99,Staff
475452,Jaideep,Piazza,4/4/63,11/20/97,1/1/99,Engineer
475455,Bangqing,Pettey,7/1/62,8/17/89,1/1/99,Senior Engineer
475465,Venkatesan,Fadgyas,9/20/64,9/17/86,1/1/99,Technique Leader
475467,Kwangyoen,Linares,7/26/62,11/10/87,1/1/99,Senior Staff
475474,Kazunori,Kuszyk,6/18/63,4/17/92,1/1/99,Senior Engineer
475479,Alper,Janocha,6/6/62,7/22/90,1/1/99,Staff
475482,Kinh,Montresor,5/29/62,5/11/92,1/1/99,Technique Leader
475487,Aleksandar,Milicic,10/1/62,11/19/89,1/1/99,Engineer
475492,Florian,Trelles,7/23/63,3/16/95,1/1/99,Staff
475495,Jovan,Snyers,4/23/62,7/16/95,1/1/99,Staff
475503,Kolar,Muntz,12/20/64,4/8/91,1/1/99,Senior Staff
475505,Shuichi,Dayana,11/8/63,11/26/95,1/1/99,Staff
475509,Collette,Perl,9/3/63,5/1/01,1/1/99,Staff
475511,Rosalie,Gluchowski,1/14/62,9/20/86,1/1/99,Staff
475518,Radoslaw,Nastansky,12/9/62,7/30/89,1/1/99,Technique Leader
475519,Ottavia,Gronowski,5/16/63,8/11/90,1/1/99,Engineer
475529,Rance,Ambroszkiewicz,9/13/62,11/4/93,1/1/99,Staff
475530,Torsten,Lodder,10/14/64,7/26/00,1/1/99,Staff
475531,Horward,Kemmerer,6/19/64,3/31/88,1/1/99,Senior Engineer
475538,Christophe,Leaver,1/15/65,10/31/98,1/1/99,Staff
475542,Anneke,Diderrich,2/7/63,7/7/99,1/1/99,Staff
475550,Luise,Angelov,12/26/62,8/10/93,1/1/99,Engineer
475556,Venkatesan,Doering,8/2/63,9/19/95,1/1/99,Engineer
475558,Jaihie,Pillow,6/18/64,7/28/96,1/1/99,Engineer
475560,Zhiguo,Hennings,4/25/63,1/3/91,1/1/99,Engineer
475567,Jianwen,Smailagic,8/28/64,4/26/93,1/1/99,Staff
475589,Yakkov,Baalen,1/22/64,11/16/89,1/1/99,Technique Leader
475591,Goetz,Zlotek,4/9/64,2/1/86,1/1/99,Senior Staff
475597,Martine,Lienhardt,5/12/63,8/13/87,1/1/99,Staff
475601,Stabislas,Botman,5/22/64,9/14/99,1/1/99,Assistant Engineer
475602,Yunming,Serov,2/19/63,8/14/91,1/1/99,Senior Staff
475615,Prasadram,Hennebert,1/5/62,8/31/91,1/1/99,Senior Staff
475619,Alois,Karlin,6/7/63,12/22/92,1/1/99,Senior Staff
475621,Ayonca,Gimbel,10/24/63,1/28/89,1/1/99,Engineer
475625,Stepehn,Bottner,11/9/62,11/5/90,1/1/99,Senior Staff
475636,Kazuhito,Ramsey,8/15/62,1/6/94,1/1/99,Staff
475638,Maris,Rajcani,6/22/63,3/26/99,1/1/99,Engineer
475658,Rosine,Lanzelotte,9/19/63,11/29/92,1/1/99,Staff
475659,Lijia,Pokrovskii,11/21/62,6/15/97,1/1/99,Staff
475672,Sajjad,Conte,8/29/63,2/27/97,1/1/99,Senior Engineer
475675,Olivera,Burnard,1/21/64,12/27/91,1/1/99,Staff
475684,Persi,Werthner,3/25/64,10/23/99,1/1/99,Engineer
475688,Perry,Baalen,11/30/62,10/29/98,1/1/99,Staff
475693,Shan,Socorro,5/30/63,11/24/88,1/1/99,Staff
475702,Prasadram,Brobst,9/23/62,9/21/86,1/1/99,Staff
475703,Howell,Ginneken,5/5/62,11/3/93,1/1/99,Staff
475713,Fei,Biron,5/4/62,7/15/96,1/1/99,Engineer
475734,Lunjin,Neiman,4/15/64,8/3/87,1/1/99,Staff
475735,Yoshinari,Siegrist,6/5/63,7/7/99,1/1/99,Engineer
475740,Sanjiv,Decleir,4/8/63,12/14/91,1/1/99,Staff
475742,Jeanne,Middleton,3/15/64,5/14/95,1/1/99,Staff
475743,Tonny,Begiun,5/7/63,7/29/96,1/1/99,Senior Staff
475748,Palash,Erie,10/7/64,6/15/96,1/1/99,Senior Engineer
475749,Zvonko,Bahr,1/9/63,8/18/99,1/1/99,Staff
475753,Angel,Erde,5/31/63,7/14/98,1/1/99,Staff
475754,Yuping,Harllee,9/24/62,6/14/89,1/1/99,Assistant Engineer
475755,Radhakrishnan,Coombs,8/12/64,6/28/00,1/1/99,Engineer
475777,Vidar,Cheshire,11/30/63,5/7/93,1/1/99,Engineer
475784,Ayakannu,Emden,11/21/62,10/21/00,1/1/99,Staff
475792,Kwee,Trachtenberg,7/28/62,1/30/97,1/1/99,Staff
475796,Dayanand,Swab,7/1/64,5/3/85,1/1/99,Engineer
475806,Larisa,Quadeer,1/23/63,8/11/88,1/1/99,Senior Engineer
475818,Hatem,Ramsay,7/9/62,3/7/95,1/1/99,Staff
475819,Greger,Luef,2/4/62,3/10/96,1/1/99,Senior Engineer
475832,Katsuo,Skogmar,12/5/64,1/19/94,1/1/99,Engineer
475839,Girolamo,Manderick,2/12/64,6/21/97,1/1/99,Technique Leader
475844,Tonny,Lund,5/27/63,6/7/88,1/1/99,Engineer
475849,Pramod,Kohling,7/22/64,7/13/91,1/1/99,Technique Leader
475850,Berry,Milicic,7/8/63,5/10/96,1/1/99,Engineer
475852,Sachar,Bondorf,7/27/62,3/29/94,1/1/99,Senior Staff
475855,Adhemar,Onuegbe,8/17/64,5/25/86,1/1/99,Senior Staff
475872,Rosine,Heering,5/29/63,3/27/95,1/1/99,Senior Engineer
475874,Gianluca,Validov,12/26/63,5/10/87,1/1/99,Assistant Engineer
475879,Yunming,Gils,12/31/64,10/7/91,1/1/99,Senior Engineer
475881,Tianruo,Mondadori,8/11/63,11/19/93,1/1/99,Senior Staff
475885,Ashish,Moehrke,11/15/63,6/17/92,1/1/99,Staff
475887,Guenter,Demir,7/6/64,7/4/94,1/1/99,Senior Engineer
475898,Baruch,Basart,3/22/63,6/22/91,1/1/99,Senior Engineer
475902,Pranav,Chepyzhov,8/7/64,7/17/92,1/1/99,Engineer
475915,Goetz,Shrader,9/12/63,11/26/95,1/1/99,Engineer
475925,Margareta,Escriba,4/11/63,7/9/98,1/1/99,Engineer
475930,Domenico,Nivat,4/1/64,8/30/96,1/1/99,Senior Staff
475935,Fan,Hegner,11/8/64,6/21/91,1/1/99,Senior Staff
475937,Nadjib,Kalefeld,9/30/64,4/17/85,1/1/99,Staff
475938,Shigeaki,Lanteri,1/14/65,2/17/89,1/1/99,Senior Engineer
475948,Yinlin,Osgood,4/29/63,1/28/99,1/1/99,Staff
475950,Kamran,Perl,3/12/63,5/10/89,1/1/99,Senior Engineer
475953,Heekeun,Esposito,4/13/64,2/2/94,1/1/99,Senior Staff
475960,Indrajit,Meriste,8/4/63,2/28/94,1/1/99,Staff
475965,Rimon,Pietracaprina,1/2/65,7/10/85,1/1/99,Engineer
475968,Marin,Gonthier,5/30/64,2/5/91,1/1/99,Staff
475988,Sanjai,Iwayama,9/15/62,2/7/97,1/1/99,Engineer
475989,Jayson,Muniz,11/15/64,7/22/99,1/1/99,Staff
475992,Amalendu,Guardalben,10/19/63,11/20/98,1/1/99,Engineer
475994,Anneke,Biros,1/19/62,7/31/95,1/1/99,Senior Staff
475996,Joydip,Munro,6/13/64,6/8/93,1/1/99,Senior Staff
475998,Padma,Swift,5/26/63,1/29/96,1/1/99,Senior Staff
476003,Kenton,Comyn,1/10/63,1/5/99,1/1/99,Engineer
476007,Xiping,Ligten,10/29/63,5/17/96,1/1/99,Engineer
476017,Gino,Mateescu,9/8/63,3/24/99,1/1/99,Engineer
476020,Takahira,Yetto,7/15/63,9/7/98,1/1/99,Staff
476022,Danai,Sherertz,5/2/63,1/10/97,1/1/99,Engineer
476037,Gila,Morton,2/5/62,5/19/91,1/1/99,Senior Engineer
476041,Guoxiang,Condotta,6/29/63,2/15/95,1/1/99,Senior Engineer
476049,Amalendu,Erdi,4/24/62,9/11/99,1/1/99,Staff
476050,Peer,Kaelbling,2/29/64,2/1/94,1/1/99,Staff
476055,Girolamo,Schlumberger,1/3/65,3/7/93,1/1/99,Senior Staff
476058,Takahira,Osgood,8/6/64,1/14/88,1/1/99,Staff
476059,Giap,Schueller,9/20/64,8/11/86,1/1/99,Senior Engineer
476061,Wojceich,Pokrovskii,10/18/64,8/7/90,1/1/99,Senior Staff
476062,Renee,Kambil,1/1/63,4/5/99,1/1/99,Senior Staff
476065,Shuho,Botman,9/28/63,2/20/98,1/1/99,Staff
476075,Anwar,McClure,8/17/63,5/10/93,1/1/99,Staff
476076,Genta,Ulupinar,4/10/63,4/20/86,1/1/99,Senior Engineer
476077,DAIDA,Wuwongse,5/26/64,11/14/88,1/1/99,Engineer
476085,Sven,Ozery,8/31/63,5/2/97,1/1/99,Senior Engineer
476087,Jaroslava,Lukaszewicz,6/28/63,8/31/95,1/1/99,Engineer
476098,Mariangiola,Demeyer,4/14/62,2/9/86,1/1/99,Senior Staff
476101,Angel,Waschkowski,8/2/64,11/22/89,1/1/99,Engineer
476102,Aruna,Cardazo,10/27/62,12/14/85,1/1/99,Staff
476109,Gian,Fortenbacher,7/13/63,12/12/85,1/1/99,Senior Engineer
476114,Falguni,Hellwagner,7/10/64,10/2/87,1/1/99,Assistant Engineer
476122,Khun,Spieker,1/4/65,5/7/95,1/1/99,Engineer
476123,Sailaja,Chandrasekhar,4/3/63,4/28/89,1/1/99,Senior Engineer
476126,Wojceich,Bugaenko,1/21/62,7/27/89,1/1/99,Assistant Engineer
476131,Moto,Oaver,1/25/62,1/29/99,1/1/99,Technique Leader
476133,Branimir,Miculan,1/31/64,2/16/89,1/1/99,Staff
476135,Ult,Ramsay,4/4/62,8/28/99,1/1/99,Staff
476137,Oguz,Farrel,2/26/64,5/3/87,1/1/99,Senior Staff
476144,Heping,Uhrik,7/4/63,3/3/99,1/1/99,Staff
476152,Ottavia,Bondorf,10/21/62,9/7/95,1/1/99,Engineer
476156,Eishiro,Fiebach,10/5/62,6/15/99,1/1/99,Senior Staff
476168,Guangming,Senzako,7/5/63,6/1/87,1/1/99,Senior Staff
476172,Arve,Dayang,8/31/63,1/4/97,1/1/99,Staff
476173,Jenwei,Bondorf,9/11/64,12/13/91,1/1/99,Senior Staff
476183,Shridhar,Zyda,7/17/64,8/13/97,1/1/99,Engineer
476191,Zhiguo,Swiss,10/26/62,3/30/89,1/1/99,Engineer
476193,Aksel,Hofting,11/16/62,6/29/97,1/1/99,Engineer
476195,Oscal,Marshall,6/26/64,3/25/99,1/1/99,Senior Engineer
476199,Josyula,Marakhovsky,12/30/63,3/29/90,1/1/99,Staff
476200,Huiqun,Neiman,8/8/63,6/18/86,1/1/99,Engineer
476201,Achilleas,Benaini,3/14/64,10/23/98,1/1/99,Senior Engineer
476202,Kensyu,Thiria,8/1/64,1/17/94,1/1/99,Assistant Engineer
476204,Phuoc,Albarhamtoshy,8/29/62,12/20/85,1/1/99,Senior Staff
476207,Danai,Lund,8/29/63,4/30/97,1/1/99,Engineer
476208,Xuedong,Schaap,8/31/64,8/29/99,1/1/99,Staff
476209,Masanao,Peternell,9/13/64,10/18/87,1/1/99,Staff
476210,Shigehito,Beeson,6/5/62,6/24/92,1/1/99,Engineer
476215,Kiyokazu,Crooks,5/25/62,11/13/00,1/1/99,Assistant Engineer
476223,Golgen,Ibel,12/26/62,9/28/93,1/1/99,Staff
476225,Gonzalo,Nitta,7/19/62,7/17/98,1/1/99,Staff
476228,Shaunak,Weisert,6/24/62,5/18/86,1/1/99,Technique Leader
476230,Adas,Nitta,3/10/63,6/17/92,1/1/99,Senior Staff
476238,Randi,Provine,8/23/62,4/1/91,1/1/99,Senior Staff
476241,Shir,Lamma,3/3/63,2/17/97,1/1/99,Staff
476242,Feixiong,Solares,8/28/62,4/6/91,1/1/99,Senior Engineer
476256,Yoshinari,Speel,10/1/62,1/19/86,1/1/99,Senior Engineer
476260,Heejo,Dredge,12/3/64,2/10/86,1/1/99,Senior Staff
476262,Bangqing,Pietrzykowski,10/8/62,3/23/98,1/1/99,Senior Engineer
476264,Gal,Melter,11/9/62,12/28/94,1/1/99,Senior Engineer
476265,Wanqing,Cherinka,11/1/64,12/26/91,1/1/99,Senior Staff
476266,Gennady,Segond,5/26/63,6/8/91,1/1/99,Senior Staff
476269,Kwok,Rodham,3/25/64,10/21/87,1/1/99,Technique Leader
476270,Lorien,Kuzuoka,5/21/62,9/22/91,1/1/99,Senior Staff
476291,Falguni,Marchegay,1/13/62,12/21/00,1/1/99,Engineer
476293,Sudharsan,Baar,11/4/62,5/12/95,1/1/99,Senior Staff
476316,Nirmal,Francisci,9/14/64,5/29/01,1/1/99,Staff
476318,Franziska,Alblas,10/5/63,9/21/90,1/1/99,Engineer
476326,Shuji,Bhattacharjee,8/20/63,2/2/99,1/1/99,Engineer
476327,Reinhold,Binkley,1/31/65,5/29/95,1/1/99,Senior Engineer
476328,Jaideep,Dayang,6/12/62,8/21/94,1/1/99,Staff
476332,Tristan,Beeson,11/1/62,2/7/91,1/1/99,Senior Staff
476342,Shichao,Hopewell,4/9/63,11/7/90,1/1/99,Engineer
476348,Dung,Pettis,2/16/64,12/9/86,1/1/99,Senior Engineer
476357,Heekeun,Solares,7/17/62,2/4/99,1/1/99,Staff
476359,Aral,Engelmann,7/30/62,11/16/97,1/1/99,Engineer
476361,Doohun,Preusig,1/9/65,4/28/93,1/1/99,Technique Leader
476363,Muzhong,Facello,1/5/64,4/19/99,1/1/99,Staff
476368,Deniz,Swan,3/24/63,1/19/92,1/1/99,Engineer
476370,Zejun,Foote,9/22/62,7/15/89,1/1/99,Senior Staff
476373,Guttorm,Anandan,11/4/62,10/20/90,1/1/99,Senior Staff
476384,Hidekazu,Muchinsky,3/30/62,5/22/87,1/1/99,Senior Staff
476390,Badri,Camarinopoulos,11/13/64,7/3/01,1/1/99,Engineer
476401,Mizuhito,Rosis,3/7/63,12/28/91,1/1/99,Senior Staff
476412,Jacopo,Schlumberger,10/30/64,5/26/87,1/1/99,Senior Engineer
476413,Pascal,Marzano,7/27/63,11/28/95,1/1/99,Senior Staff
476431,Nishit,Ratnakar,7/10/63,3/29/93,1/1/99,Senior Staff
476432,Gro,Meszaros,11/19/63,11/17/93,1/1/99,Staff
476433,Maik,Aumann,10/24/63,3/12/95,1/1/99,Senior Engineer
476435,Uno,Wroclawski,8/29/62,4/4/00,1/1/99,Senior Staff
476444,Jaihie,Baer,9/21/63,10/27/88,1/1/99,Senior Staff
476463,Hatsukazu,Muntz,8/28/63,5/21/97,1/1/99,Staff
476465,Mads,Serov,2/6/64,2/8/93,1/1/99,Senior Engineer
476466,Tristan,Broder,5/17/62,3/21/88,1/1/99,Staff
476473,Hitofumi,Radwan,7/25/64,2/25/90,1/1/99,Staff
476479,Christfried,Reghbati,4/11/64,4/19/90,1/1/99,Engineer
476482,Tristan,Gist,4/5/64,9/15/90,1/1/99,Engineer
476497,Eberhardt,Sigstam,8/19/62,3/27/92,1/1/99,Staff
476498,Hatem,Reistad,12/3/62,8/4/95,1/1/99,Senior Staff
476500,Annemarie,Panangaden,2/10/64,3/15/92,1/1/99,Senior Engineer
476506,Odinaldo,Krybus,7/13/64,3/16/94,1/1/99,Technique Leader
476507,Remzi,Decleir,12/27/64,11/13/90,1/1/99,Senior Staff
476511,Vatsa,Skrikant,1/12/63,5/4/90,1/1/99,Senior Staff
476518,Otmar,Denis,3/8/62,2/15/90,1/1/99,Senior Engineer
476519,Lena,Portugali,3/3/64,9/26/97,1/1/99,Engineer
476524,Zissis,Welham,7/13/63,10/17/94,1/1/99,Senior Engineer
476536,Izaskun,Swab,4/9/64,10/13/99,1/1/99,Engineer
476541,Ibibia,Dahlbom,1/5/62,5/30/85,1/1/99,Senior Engineer
476549,Gal,Motley,1/7/64,6/9/85,1/1/99,Senior Engineer
476551,Magy,Luks,12/3/64,6/30/90,1/1/99,Senior Staff
476556,Martine,Motley,10/2/62,8/14/88,1/1/99,Senior Engineer
476557,Marie,Vecchi,5/2/63,12/23/95,1/1/99,Senior Engineer
476563,Toong,Vrecion,9/12/63,9/24/86,1/1/99,Staff
476573,Toong,Munoz,4/10/64,6/10/85,1/1/99,Staff
476575,Behnaam,Bernardinello,9/8/62,10/23/96,1/1/99,Senior Engineer
476577,Ugo,Chinal,8/25/63,9/12/90,1/1/99,Staff
476579,Randi,Vecchi,8/9/64,9/15/93,1/1/99,Senior Staff
476582,Seongbae,Chappelet,10/31/64,2/10/95,1/1/99,Engineer
476590,Anestis,Gerlach,2/10/63,8/25/98,1/1/99,Staff
476591,Jeong,Setiz,3/21/64,2/21/89,1/1/99,Engineer
476599,Serge,Buchter,3/22/63,6/6/86,1/1/99,Engineer
476613,Remko,Ariola,4/18/64,8/3/95,1/1/99,Senior Engineer
476622,Muneo,Foote,11/14/62,4/25/94,1/1/99,Senior Engineer
476627,Takushi,Cincotta,5/22/64,7/20/97,1/1/99,Engineer
476632,Jaihie,Melski,2/16/62,4/6/88,1/1/99,Staff
476633,Juyoung,Samarati,10/22/63,11/29/95,1/1/99,Staff
476634,JoAnna,Coney,12/1/63,12/22/94,1/1/99,Engineer
476636,Augustine,Walstra,6/24/62,4/5/95,1/1/99,Technique Leader
476645,Gritta,Schade,8/7/64,4/10/95,1/1/99,Staff
476646,Tooru,Nanard,12/6/63,8/8/85,1/1/99,Senior Engineer
476647,Percy,Varker,10/14/64,8/23/93,1/1/99,Senior Staff
476653,Chikara,Pena,6/7/62,3/27/91,1/1/99,Engineer
476658,Suvo,Imataki,6/28/63,3/17/91,1/1/99,Senior Engineer
476659,Foong,Schahn,3/13/62,8/10/97,1/1/99,Staff
476674,Vidar,Karcich,12/28/64,12/6/95,1/1/99,Engineer
476688,Luigi,Usdin,7/6/63,12/10/97,1/1/99,Staff
476695,Adly,Weisert,6/18/63,11/22/98,1/1/99,Engineer
476704,Laurentiu,Lindenbaum,9/25/62,11/24/93,1/1/99,Staff
476710,Toshimo,Arlazarov,4/28/63,6/28/97,1/1/99,Engineer
476716,Kankanahalli,Staelin,6/12/62,6/8/87,1/1/99,Technique Leader
476717,Harngdar,Magliocco,7/19/63,10/7/97,1/1/99,Staff
476734,Nishit,Shokrollahi,2/17/64,2/18/91,1/1/99,Engineer
476737,Kristinn,Katzenelson,8/10/62,3/17/98,1/1/99,Senior Staff
476741,Akhilish,Papastamatiou,6/5/63,7/13/91,1/1/99,Senior Staff
476744,Ioana,Grandbois,11/21/64,3/4/86,1/1/99,Staff
476745,Stella,Sewelson,10/20/62,8/12/87,1/1/99,Staff
476758,Saniya,Azumi,7/25/64,4/6/89,1/1/99,Senior Engineer
476762,Pantung,Sinicrope,8/30/62,1/2/96,1/1/99,Senior Engineer
476764,DeForest,Yoshimura,8/22/63,9/24/92,1/1/99,Engineer
476768,Tzu,Harbusch,3/23/63,6/21/90,1/1/99,Senior Staff
476779,Jaber,Marrakchi,9/25/64,7/27/94,1/1/99,Senior Engineer
476784,Yinghua,Schwaller,12/26/63,10/15/01,1/1/99,Senior Staff
476788,Cedric,Pokrovskii,7/29/63,4/17/87,1/1/99,Technique Leader
476790,Van,Hemaspaandra,7/18/62,8/12/88,1/1/99,Technique Leader
476791,Annemarie,Spelt,4/3/62,8/13/88,1/1/99,Senior Engineer
476792,Toshiko,Kalsbeek,11/14/62,7/30/91,1/1/99,Staff
476800,Genevieve,Carrere,4/22/62,10/6/98,1/1/99,Engineer
476806,Arto,Lieblein,5/4/62,11/23/85,1/1/99,Technique Leader
476811,Khalil,Czap,12/31/64,5/9/00,1/1/99,Senior Staff
476834,Mingzeng,Saoudi,3/14/63,8/5/99,1/1/99,Staff
476843,Paloma,Kolvik,5/8/64,2/6/88,1/1/99,Engineer
476852,Steve,England,3/7/62,10/6/94,1/1/99,Engineer
476855,Theron,Erez,5/12/63,12/29/96,1/1/99,Senior Staff
476859,Luise,Puppo,6/10/62,10/15/86,1/1/99,Staff
476864,Hauke,Akazan,9/7/62,9/1/85,1/1/99,Engineer
476873,Radoslaw,Rajcani,4/29/64,5/15/98,1/1/99,Staff
476885,Yefim,Wolniewicz,3/18/62,1/8/87,1/1/99,Senior Engineer
476890,Behnaam,Preusig,9/2/64,7/16/93,1/1/99,Staff
476900,Takahito,Pezzoli,8/23/62,5/3/86,1/1/99,Staff
476901,Akemi,Hmelo,7/7/64,3/2/88,1/1/99,Senior Staff
476902,Rayond,Tsukune,2/10/64,5/30/89,1/1/99,Senior Staff
476903,Jagoda,Quaggetto,1/12/64,9/11/93,1/1/99,Staff
476912,Chikako,Lubachevsky,9/26/63,12/15/97,1/1/99,Senior Engineer
476920,Dinkar,Heering,11/11/62,3/16/95,1/1/99,Senior Staff
476934,Jeanna,Perez,3/6/63,8/17/98,1/1/99,Staff
476937,Hyuckchul,Liedekerke,12/16/64,1/25/91,1/1/99,Senior Engineer
476946,Francoise,Bahk,7/31/63,10/31/85,1/1/99,Technique Leader
476949,Moty,Ranst,7/1/63,9/13/97,1/1/99,Engineer
476957,Alois,Lamparter,4/28/63,8/9/88,1/1/99,Staff
476960,Yoshimitsu,Waeselynck,3/12/64,1/12/89,1/1/99,Senior Engineer
476973,Gunilla,Zolotykh,5/3/64,7/31/97,1/1/99,Senior Engineer
476978,Shietung,Griswold,7/2/62,3/12/91,1/1/99,Senior Engineer
476981,Ramya,Hammerschmidt,9/17/62,1/28/99,1/1/99,Senior Staff
476995,Naftali,Waymire,10/9/63,11/14/98,1/1/99,Staff
476999,Taisook,Nivat,12/18/62,9/25/91,1/1/99,Engineer
477000,Almudena,Joslin,6/14/62,4/21/95,1/1/99,Senior Engineer
477005,Berthier,Prampolini,3/7/62,7/10/97,1/1/99,Staff
477012,Mayumi,Garigliano,6/10/62,6/15/87,1/1/99,Senior Staff
477016,Fen,Spelt,11/1/64,5/1/93,1/1/99,Senior Staff
477023,Nadjib,Leuchs,6/18/63,2/23/91,1/1/99,Senior Staff
477024,Jingling,Coors,10/9/64,7/22/01,1/1/99,Senior Engineer
477027,Kellie,Hiltgen,12/11/63,2/16/99,1/1/99,Senior Staff
477031,Basil,Francisci,6/1/64,7/9/94,1/1/99,Senior Engineer
477032,Odoardo,Ruther,2/8/64,3/31/87,1/1/99,Senior Engineer
477039,Kristinn,Hebden,4/27/62,2/26/92,1/1/99,Senior Staff
477045,Kendra,Haddadi,4/26/62,6/28/85,1/1/99,Senior Staff
477048,Alassane,Munos,8/21/63,8/6/94,1/1/99,Senior Staff
477056,Mountaz,Genther,11/8/64,7/26/88,1/1/99,Senior Staff
477058,Luerbio,Maquelin,8/30/64,4/1/94,1/1/99,Senior Engineer
477062,Goo,Nivat,7/30/63,10/9/92,1/1/99,Senior Engineer
477063,Chikako,Mandell,2/10/62,1/29/90,1/1/99,Engineer
477067,Iara,Heystek,8/20/63,7/25/87,1/1/99,Engineer
477068,Taizo,Rettelbach,12/18/64,12/17/95,1/1/99,Staff
477070,Karoline,Staelin,5/30/62,6/29/99,1/1/99,Staff
477074,Tiina,Masamoto,4/21/63,8/10/89,1/1/99,Senior Staff
477080,Alenka,Paludetto,3/22/62,1/7/00,1/1/99,Senior Engineer
477082,Haldon,Brattka,11/27/62,6/3/98,1/1/99,Assistant Engineer
477085,Valeri,Uludag,4/3/63,1/26/98,1/1/99,Staff
477086,Girolamo,Rahimi,5/4/62,2/27/90,1/1/99,Technique Leader
477111,Bernice,Marsiglia,8/29/62,7/5/94,1/1/99,Senior Staff
477112,Eran,Kading,6/9/64,4/28/91,1/1/99,Engineer
477120,Froduald,Munos,4/12/63,2/22/89,1/1/99,Staff
477121,Shietung,Pileggi,7/29/62,9/9/90,1/1/99,Senior Engineer
477132,Danai,Clouatre,2/17/63,4/4/86,1/1/99,Staff
477146,Yoshimitsu,Thombley,8/10/64,2/22/91,1/1/99,Senior Staff
477148,Chiradeep,Merle,10/13/62,2/22/98,1/1/99,Staff
477152,Kenton,Hambrick,6/14/62,5/22/99,1/1/99,Engineer
477157,Kenton,Matzat,1/28/63,2/7/86,1/1/99,Senior Engineer
477161,Adil,Thibadeau,11/26/64,7/18/95,1/1/99,Staff
477162,Sastry,Ebeling,7/21/63,6/7/97,1/1/99,Staff
477165,Aluzio,Parascandalo,10/27/64,8/7/86,1/1/99,Senior Engineer
477167,Patricia,Sinicrope,8/4/62,7/9/93,1/1/99,Senior Staff
477175,Wojceich,Simmen,12/6/63,3/1/88,1/1/99,Engineer
477185,Tran,Angel,1/6/63,11/20/94,1/1/99,Engineer
477188,Dipankar,Markovitch,10/16/62,5/13/98,1/1/99,Engineer
477198,Zijian,Spieker,4/18/62,10/15/92,1/1/99,Assistant Engineer
477204,Gift,Clemencon,6/4/62,9/19/87,1/1/99,Senior Engineer
477207,Berry,Pramanik,5/4/62,8/3/86,1/1/99,Engineer
477211,George,Boguraev,5/27/62,10/8/98,1/1/99,Engineer
477215,Arra,Pelz,9/7/64,10/15/97,1/1/99,Staff
477229,Chirstian,Dahlbom,7/23/62,4/3/96,1/1/99,Technique Leader
477240,Kwun,Lichtner,4/3/63,4/6/98,1/1/99,Engineer
477242,Armond,Keohane,8/29/64,8/18/97,1/1/99,Senior Staff
477243,Taiji,Jullig,7/4/62,11/27/85,1/1/99,Staff
477266,Sumali,Velardi,10/28/64,11/5/98,1/1/99,Senior Engineer
477273,Martial,Muhlberg,8/9/62,3/25/99,1/1/99,Senior Staff
477282,Xuejia,Baak,5/13/63,1/10/00,1/1/99,Staff
477286,Hidekazu,Erev,3/19/64,5/17/98,1/1/99,Assistant Engineer
477287,Hongzue,Halevi,4/16/63,1/12/92,1/1/99,Senior Staff
477289,Lihong,Arlazarov,4/1/64,8/27/99,1/1/99,Engineer
477293,Vojin,Mahmud,1/7/63,3/4/01,1/1/99,Senior Engineer
477323,Toshimo,Birrer,4/14/62,7/3/98,1/1/99,Engineer
477329,Kauko,Syang,2/27/63,2/5/90,1/1/99,Senior Engineer
477334,Rosita,Talmor,5/13/62,7/1/91,1/1/99,Senior Staff
477335,Marla,Heuser,12/30/62,9/19/98,1/1/99,Staff
477340,Parto,Ghandeharizadeh,7/25/64,9/1/93,1/1/99,Staff
477343,Turgut,Gniady,9/7/62,8/10/88,1/1/99,Engineer
477350,Terresa,Vigier,1/1/65,7/8/98,1/1/99,Staff
477360,Conal,Kuszyk,9/16/62,12/3/89,1/1/99,Staff
477363,Shakhar,Pocchiola,4/19/63,12/6/87,1/1/99,Senior Engineer
477365,Heng,Siksek,6/17/62,9/14/99,1/1/99,Engineer
477369,Chaitali,Gopalakrishnan,2/6/64,10/28/93,1/1/99,Engineer
477378,Zengping,Munawer,7/31/64,7/26/90,1/1/99,Senior Staff
477384,Olivera,Terlouw,7/29/62,3/7/87,1/1/99,Technique Leader
477391,Nevio,Gladwell,6/23/63,11/26/99,1/1/99,Staff
477394,Supot,Skafidas,1/26/64,12/20/87,1/1/99,Senior Engineer
477398,Yefim,Feldmann,11/14/64,7/19/97,1/1/99,Staff
477404,Khalid,Sewelson,3/18/63,10/1/85,1/1/99,Senior Staff
477409,Guttorm,Openshaw,12/6/62,6/3/99,1/1/99,Senior Engineer
477410,Aluzio,Ginneken,9/15/62,8/28/96,1/1/99,Senior Staff
477411,Mang,Schurmann,11/22/63,2/14/94,1/1/99,Engineer
477417,Arfst,Gente,8/11/62,12/14/93,1/1/99,Senior Staff
477420,Jaihie,Limongiello,5/3/62,2/2/02,1/1/99,Senior Engineer
477421,Yannis,Porotnikoff,1/14/62,9/2/99,1/1/99,Engineer
477425,Hilari,Ranum,1/6/63,9/5/93,1/1/99,Engineer
477431,Nathan,Billawala,6/3/64,9/26/99,1/1/99,Engineer
477433,Barton,Tramer,10/23/62,4/25/98,1/1/99,Engineer
477442,Teunis,Pesch,4/26/64,9/13/96,1/1/99,Senior Engineer
477451,Padma,Dymetman,4/7/63,12/11/88,1/1/99,Senior Engineer
477456,Gao,DiGiano,6/9/62,1/10/94,1/1/99,Senior Engineer
477469,Yefim,Auyong,1/25/63,6/2/94,1/1/99,Senior Staff
477491,Shir,Farris,9/19/64,10/15/96,1/1/99,Assistant Engineer
477511,Saniya,Schwaller,11/19/62,2/16/89,1/1/99,Engineer
477524,Brewster,Erni,5/27/63,9/4/98,1/1/99,Technique Leader
477531,Tadanori,Erde,4/18/63,12/12/92,1/1/99,Senior Staff
477537,Aamod,Sinitsyn,12/9/63,12/20/97,1/1/99,Engineer
477551,Zhenhua,Bratten,7/11/63,9/9/91,1/1/99,Senior Engineer
477556,Weidon,Grabner,10/5/63,11/12/86,1/1/99,Engineer
477559,Kerhong,Junot,12/23/64,7/27/86,1/1/99,Engineer
477562,Sanjit,Perl,3/5/64,9/5/91,1/1/99,Senior Staff
477564,Utz,Mattern,3/3/62,7/25/95,1/1/99,Staff
477578,Marit,Paludetto,1/23/65,9/30/90,1/1/99,Engineer
477579,Mohan,Vecchi,9/7/62,11/28/91,1/1/99,Senior Staff
477607,Hilari,Gluchowski,8/18/63,10/22/97,1/1/99,Senior Engineer
477610,Giao,Levergood,11/16/63,7/24/98,1/1/99,Staff
477611,Kwok,Zeleznik,7/1/64,7/31/85,1/1/99,Senior Staff
477615,Constantino,Raoux,1/22/63,4/16/94,1/1/99,Staff
477627,Jayesh,Cangellaris,8/10/63,9/6/99,1/1/99,Senior Engineer
477643,Yuping,Cannard,6/8/62,12/16/87,1/1/99,Engineer
477648,Gudjon,Fioravanti,10/21/63,5/5/89,1/1/99,Staff
477649,Satoru,Tzvieli,4/18/64,4/25/95,1/1/99,Senior Engineer
477654,Sungwon,Plesums,3/8/63,11/28/96,1/1/99,Engineer
477657,Lihong,Magliocco,12/18/62,1/18/95,1/1/99,Engineer
477660,Hidde,Ranta,10/1/62,6/18/91,1/1/99,Engineer
477662,Masako,Stanger,11/7/64,9/22/89,1/1/99,Engineer
477663,Boriana,Koblitz,6/12/63,2/18/97,1/1/99,Engineer
477680,Erzsebet,Deyuan,8/10/62,12/6/94,1/1/99,Senior Engineer
477683,Volkmar,Gulak,4/22/62,5/4/96,1/1/99,Senior Staff
477688,Niteen,Coullard,3/15/64,4/26/95,1/1/99,Senior Staff
477704,Xiaoheng,Malinowski,10/8/62,9/19/96,1/1/99,Senior Engineer
477705,Goo,Boguraev,6/8/64,4/15/86,1/1/99,Senior Engineer
477716,Emran,Casperson,11/7/64,6/22/01,1/1/99,Engineer
477719,Shunichi,Gulla,5/13/63,1/5/00,1/1/99,Staff
477726,Rayond,Luks,1/19/63,1/11/02,1/1/99,Engineer
477728,Lalit,Waterhouse,11/7/62,5/12/91,1/1/99,Senior Engineer
477741,Karsten,Nivat,10/5/62,3/12/94,1/1/99,Senior Engineer
477749,Mani,Andreotta,2/15/64,10/9/97,1/1/99,Engineer
477766,Cordelia,Keustermans,9/17/62,1/10/98,1/1/99,Senior Engineer
477767,Ipke,Riesenhuber,12/16/63,9/21/86,1/1/99,Senior Engineer
477769,Tremaine,Lorin,7/8/62,1/13/93,1/1/99,Senior Engineer
477776,Seshu,Denny,10/28/64,9/25/96,1/1/99,Assistant Engineer
477782,Nathalie,Bach,6/20/63,9/11/93,1/1/99,Staff
477785,Sven,Vecchi,10/28/64,1/12/98,1/1/99,Engineer
477787,Tetsushi,McConalogue,5/22/63,2/26/86,1/1/99,Senior Engineer
477788,Irena,Lowrie,1/27/64,8/2/98,1/1/99,Assistant Engineer
477792,Ulises,Nishimukai,7/3/62,7/23/97,1/1/99,Senior Staff
477796,Subhada,Feldmann,5/27/63,11/21/85,1/1/99,Senior Engineer
477802,Steen,Serov,5/20/63,6/1/97,1/1/99,Senior Engineer
477803,Khedija,Ananiadou,11/21/62,9/30/97,1/1/99,Staff
477806,Matt,Talmon,9/17/64,5/30/85,1/1/99,Senior Staff
477825,Sham,Benantar,11/5/62,1/9/93,1/1/99,Engineer
477828,Owen,Apsitis,3/20/62,4/22/93,1/1/99,Senior Staff
477830,Nishit,Zuberek,8/15/63,8/7/99,1/1/99,Senior Engineer
477831,Joydip,Bazzichi,3/4/63,4/27/97,1/1/99,Senior Staff
477832,Baoqiu,Benzmuller,11/17/63,8/21/88,1/1/99,Senior Staff
477849,Hairong,Matzke,11/5/63,2/28/95,1/1/99,Senior Staff
477853,Jianwen,Montresor,6/1/62,7/2/85,1/1/99,Senior Engineer
477861,Temple,Ghemri,10/9/64,2/8/94,1/1/99,Senior Staff
477863,Shaunak,Beetstra,1/8/62,12/16/93,1/1/99,Senior Engineer
477865,Nishit,Emiris,1/20/62,5/12/92,1/1/99,Senior Staff
477866,Oguz,Yamaashi,11/4/63,2/14/98,1/1/99,Senior Staff
477876,Gully,Minakawa,5/31/62,9/6/93,1/1/99,Senior Staff
477877,Khun,Cronan,10/11/62,7/26/95,1/1/99,Engineer
477890,Zine,Speer,7/5/63,3/29/88,1/1/99,Engineer
477896,Premsyl,Peternell,12/13/62,5/30/96,1/1/99,Engineer
477902,Mara,Itzigehl,8/21/64,7/8/90,1/1/99,Senior Staff
477903,Dzung,McAlpine,11/12/63,3/18/98,1/1/99,Technique Leader
477904,Kazuhiko,Snedden,4/3/63,8/1/85,1/1/99,Engineer
477911,Arlette,Bratten,8/2/64,12/12/91,1/1/99,Engineer
477916,Petter,Maierhofer,1/24/62,3/3/97,1/1/99,Assistant Engineer
477917,Junsik,Jonsson,8/22/64,3/16/95,1/1/99,Staff
477919,Zsolt,Schmittgen,6/11/64,12/7/88,1/1/99,Senior Staff
477926,Kirk,Bottner,9/17/63,11/14/90,1/1/99,Senior Staff
477927,Chiranjit,Beerel,9/4/64,2/28/98,1/1/99,Senior Staff
477929,Hironobu,Stavenow,1/3/64,7/14/99,1/1/99,Engineer
477939,Gal,Zwicker,11/18/64,10/21/93,1/1/99,Senior Staff
477940,Kellyn,Bain,1/14/62,4/25/92,1/1/99,Staff
477943,Tooru,Marshall,2/1/64,4/25/93,1/1/99,Senior Staff
477948,Annemarie,Rusterholz,9/20/63,1/23/99,1/1/99,Engineer
477950,Weicheng,Bultermann,1/23/63,4/19/94,1/1/99,Engineer
477952,Gurbir,McDermid,5/13/62,5/12/87,1/1/99,Senior Engineer
477957,Hiroyasu,Vieri,8/5/64,9/5/91,1/1/99,Senior Staff
477969,Bluma,Mundy,1/18/65,10/18/91,1/1/99,Senior Engineer
477974,Aram,Ariola,5/29/64,5/28/96,1/1/99,Senior Staff
477975,Nahum,Capobianchi,1/2/63,3/19/99,1/1/99,Senior Engineer
477978,Fei,Suri,6/6/62,3/26/86,1/1/99,Senior Staff
477986,Zissis,Peot,5/1/63,8/17/87,1/1/99,Senior Staff
477991,Kwok,Kusakari,9/8/62,4/6/97,1/1/99,Engineer
477997,Rayond,VanScheik,11/10/62,6/13/89,1/1/99,Senior Engineer
477998,Minghong,Khamsi,4/5/62,9/30/98,1/1/99,Engineer
477999,Kannan,Assaf,4/23/64,1/13/91,1/1/99,Engineer
478007,Fumino,Narahara,1/6/65,9/21/91,1/1/99,Engineer
478008,Weiyi,Waschkowski,7/13/64,1/18/96,1/1/99,Staff
478019,Weicheng,Picci,7/9/63,6/25/88,1/1/99,Senior Engineer
478020,Jaques,Lamparter,7/24/64,4/28/86,1/1/99,Staff
478024,Masaki,Poehlman,11/5/62,2/20/94,1/1/99,Senior Staff
478030,Ymte,Malabarba,2/12/63,10/9/96,1/1/99,Staff
478032,Shih,Monkewich,1/21/64,12/9/95,1/1/99,Engineer
478036,Surveyors,Gist,12/10/62,6/13/85,1/1/99,Senior Engineer
478043,Herbert,Chinen,9/11/63,1/14/95,1/1/99,Engineer
478050,Nechama,Picht,4/2/64,12/4/94,1/1/99,Senior Staff
478064,Huai,Fujisawa,3/13/63,8/12/91,1/1/99,Senior Staff
478068,Chaitali,Baca,4/18/63,1/18/91,1/1/99,Engineer
478074,Moriyoshi,Scallan,2/4/64,8/26/90,1/1/99,Senior Staff
478082,Uma,Magliocco,4/11/62,1/20/99,1/1/99,Engineer
478085,Ronghao,Bottner,6/21/63,3/2/97,1/1/99,Engineer
478087,Maha,Vecchi,6/22/64,4/5/01,1/1/99,Senior Staff
478091,Reinhold,Lundstrom,9/14/63,1/13/97,1/1/99,Senior Engineer
478094,Sushant,Mahmud,6/2/63,5/5/90,1/1/99,Senior Staff
478100,Margo,Schurmann,1/12/62,7/13/94,1/1/99,Senior Engineer
478107,Munenori,Vesna,7/18/63,6/3/02,1/1/99,Staff
478108,Amstein,Strooper,2/27/64,11/8/98,1/1/99,Engineer
478117,Reinhard,Bakhtari,3/19/62,3/1/87,1/1/99,Engineer
478122,Bader,Kisuki,2/9/63,3/9/91,1/1/99,Staff
478123,Radhia,Sudkamp,7/20/62,3/5/92,1/1/99,Senior Engineer
478124,Muzhong,Braccini,12/11/64,4/2/86,1/1/99,Staff
478129,Mikhail,Vieri,10/30/63,1/7/93,1/1/99,Engineer
478154,Jaber,Fontan,6/23/64,11/27/85,1/1/99,Senior Engineer
478162,Mechthild,Alvarado,3/16/63,7/26/87,1/1/99,Technique Leader
478167,Ingemar,Kobuchi,7/10/64,4/21/95,1/1/99,Engineer
478170,Doowon,Schoegge,1/22/65,4/13/95,1/1/99,Engineer
478176,Hironoby,Baer,2/14/64,5/30/92,1/1/99,Staff
478179,Nathan,Bugrara,3/8/64,7/21/95,1/1/99,Senior Staff
478185,Youngkon,Kropf,4/10/63,9/7/94,1/1/99,Senior Staff
478186,Nadjib,Ventosa,1/7/62,11/15/92,1/1/99,Staff
478190,Duangkaew,Erez,1/14/62,4/5/98,1/1/99,Assistant Engineer
478193,Otmar,Prochazka,1/14/62,11/12/89,1/1/99,Senior Staff
478196,KayLiang,Gihr,3/25/63,4/6/98,1/1/99,Senior Staff
478197,Douadi,Jumpertz,7/22/64,1/14/93,1/1/99,Engineer
478203,Martine,Syrzycki,11/15/64,12/21/96,1/1/99,Engineer
478205,Rafail,Wilharm,3/23/63,10/1/91,1/1/99,Assistant Engineer
478208,Suvo,Haumacher,12/13/62,10/4/95,1/1/99,Senior Engineer
478210,Jinya,Dolinsky,10/26/63,12/6/89,1/1/99,Senior Staff
478218,Djenana,Erol,1/2/65,12/3/99,1/1/99,Engineer
478219,Arlette,Matzel,10/5/63,11/25/94,1/1/99,Senior Staff
478228,Xianlong,Morrin,12/23/64,4/7/88,1/1/99,Senior Engineer
478237,Mechthild,Simmen,2/26/64,8/31/93,1/1/99,Engineer
478238,Jovan,Schade,3/1/63,5/23/00,1/1/99,Senior Staff
478244,Tsz,McClurg,7/5/63,1/9/00,1/1/99,Staff
478248,Dmitry,Tanemo,1/18/62,10/20/90,1/1/99,Staff
478252,Mahmut,Marchesini,2/11/62,1/19/93,1/1/99,Senior Engineer
478256,Apostol,Camurati,5/5/64,5/5/98,1/1/99,Senior Staff
478257,Bilhanan,Tokunaga,9/24/62,3/16/85,1/1/99,Senior Engineer
478260,Hongzue,Zaccaria,4/21/63,4/12/88,1/1/99,Senior Engineer
478271,Mingzeng,Peng,10/30/63,2/5/91,1/1/99,Senior Staff
478278,Kazuhiko,Danley,7/31/62,8/4/99,1/1/99,Engineer
478285,Mori,Simkin,1/2/63,7/6/85,1/1/99,Engineer
478288,Theron,Papadias,3/3/64,6/3/94,1/1/99,Senior Staff
478289,Fai,Zobel,1/4/63,5/10/99,1/1/99,Senior Staff
478291,Susumu,Montemayor,12/28/63,3/30/99,1/1/99,Engineer
478294,Adly,Schieder,10/18/63,5/27/97,1/1/99,Senior Engineer
478295,Herb,Liesche,9/11/63,12/7/96,1/1/99,Engineer
478301,Sanjiv,Basawa,2/11/62,1/31/96,1/1/99,Staff
478304,Jordanka,Servi,5/2/64,4/9/91,1/1/99,Engineer
478307,Mrinalini,Casley,7/29/64,9/15/01,1/1/99,Senior Staff
478317,Katsuyuki,Rabehasaina,9/16/63,12/14/98,1/1/99,Senior Engineer
478329,Kasturi,Denny,8/24/62,5/5/90,1/1/99,Senior Engineer
478330,Jahangir,Cannane,5/4/63,11/4/99,1/1/99,Staff
478337,Tetsurou,Sadowski,1/19/62,4/15/98,1/1/99,Staff
478369,Hirochika,Farrow,8/11/64,5/31/91,1/1/99,Senior Engineer
478377,Feipei,Fujisaki,12/31/62,12/24/95,1/1/99,Engineer
478382,Mohit,Caine,9/26/63,8/8/87,1/1/99,Staff
478386,Udo,Cooley,7/5/64,9/18/00,1/1/99,Senior Engineer
478405,Hitofumi,Speek,7/16/62,8/28/98,1/1/99,Engineer
478407,Mitsuyuki,Lipner,1/15/62,11/1/90,1/1/99,Senior Staff
478412,Serap,Schreiter,7/12/64,12/28/88,1/1/99,Senior Staff
478414,Remzi,Berztiss,10/22/62,4/9/93,1/1/99,Senior Engineer
478418,Mohan,Lovengreen,6/28/63,8/22/85,1/1/99,Engineer
478419,Matt,Fortenbacher,10/25/64,6/30/98,1/1/99,Technique Leader
478427,Chuanti,Ranon,1/27/64,3/10/88,1/1/99,Senior Staff
478432,Florian,Beeson,8/10/62,10/30/88,1/1/99,Engineer
478439,Yuichiro,Bale,1/15/65,11/4/97,1/1/99,Technique Leader
478442,Jianwen,Hebert,9/12/64,3/10/97,1/1/99,Engineer
478443,Boutros,Randt,5/2/64,9/26/96,1/1/99,Engineer
478455,Steen,Luef,10/15/64,12/30/86,1/1/99,Staff
478462,Basil,Hebden,12/16/63,9/1/90,1/1/99,Senior Staff
478471,Dzung,Zongker,4/28/64,7/3/89,1/1/99,Engineer
478472,Jiafu,Gulak,2/10/62,5/13/86,1/1/99,Senior Engineer
478475,Ortrun,Christianini,5/6/63,1/26/92,1/1/99,Staff
478482,Koichi,Kinley,7/21/62,3/5/99,1/1/99,Staff
478487,Boalin,Baig,11/6/63,7/9/92,1/1/99,Senior Engineer
478490,Marit,Zeilberger,3/20/63,5/17/98,1/1/99,Staff
478491,Krassimir,Gimarc,11/5/62,5/8/90,1/1/99,Senior Staff
478499,Panayotis,Gist,4/21/64,5/21/01,1/1/99,Senior Engineer
478500,Mats,Andreotta,9/13/63,2/27/89,1/1/99,Senior Staff
478505,Kshitij,Hardjono,11/9/62,7/28/90,1/1/99,Senior Staff
478507,Mang,Belinskaya,12/7/64,11/8/86,1/1/99,Senior Staff
478511,Dannz,Yoshimura,12/25/63,12/21/87,1/1/99,Engineer
478523,Malu,Quadeer,2/12/62,12/8/95,1/1/99,Engineer
478528,Alois,Peroz,3/15/62,3/9/02,1/1/99,Technique Leader
478529,Yinlin,Yemenis,2/3/62,9/27/98,1/1/99,Engineer
478531,Herb,Lunt,9/18/64,2/17/87,1/1/99,Staff
478532,Janalee,Nivat,1/1/62,8/5/86,1/1/99,Technique Leader
478540,Nobuyoshi,Marwedel,6/5/64,3/8/98,1/1/99,Senior Engineer
478542,Zvonko,Guenter,9/10/62,4/29/94,1/1/99,Engineer
478545,Sandeepan,Kolvik,7/23/64,10/6/97,1/1/99,Staff
478551,Debatosh,Ertl,9/12/64,12/24/98,1/1/99,Staff
478564,Hiroyasu,Gente,12/6/62,6/20/99,1/1/99,Engineer
478573,Kristian,Showalter,3/4/63,5/20/88,1/1/99,Engineer
478575,Alejandro,Bernardinello,6/11/64,5/11/89,1/1/99,Senior Staff
478579,Gina,Stamatiou,9/15/64,12/5/97,1/1/99,Staff
478591,Gennadi,Pileggi,7/6/62,1/21/00,1/1/99,Engineer
478592,Katsuo,Hatcliff,6/1/62,8/2/99,1/1/99,Engineer
478595,Behnaam,Karner,8/16/63,2/17/99,1/1/99,Senior Engineer
478596,Kwee,Muntz,11/6/64,11/25/96,1/1/99,Staff
478598,Elvis,Dengi,5/30/62,3/6/90,1/1/99,Senior Staff
478599,Joydip,Deyuan,6/15/62,5/15/92,1/1/99,Staff
478601,Bernt,Melichar,11/11/64,2/27/93,1/1/99,Technique Leader
478612,Tremaine,Zongker,6/18/62,10/3/86,1/1/99,Technique Leader
478618,Ramzi,Matzen,11/26/62,12/12/91,1/1/99,Technique Leader
478621,Shahid,Birnbaum,11/5/63,11/23/90,1/1/99,Senior Staff
478628,Kiam,Lammel,9/27/62,4/18/93,1/1/99,Staff
478640,Khoa,Esposito,2/4/64,12/6/98,1/1/99,Senior Engineer
478641,Pramod,Litvinov,5/5/64,1/4/89,1/1/99,Engineer
478643,Malu,Stenning,11/5/64,2/14/01,1/1/99,Senior Staff
478644,Weicheng,Baek,2/11/62,2/23/91,1/1/99,Senior Staff
478652,Alassane,Angel,3/29/64,8/19/96,1/1/99,Staff
478657,Tomofumi,Kalorkoti,7/2/64,1/25/99,1/1/99,Staff
478668,Yechezkel,Morrin,2/3/62,8/30/97,1/1/99,Staff
478675,Basem,Schade,8/15/64,8/20/86,1/1/99,Senior Staff
478686,Reinhold,Strandh,10/13/62,6/9/96,1/1/99,Senior Engineer
478691,Masamitsu,Pocchiola,12/12/64,3/18/86,1/1/99,Senior Engineer
478694,Bernd,Heyers,7/28/62,11/12/91,1/1/99,Senior Engineer
478695,Subhrajyoti,Honiden,10/26/64,8/7/97,1/1/99,Engineer
478715,Zhensheng,Kroon,11/9/62,8/12/86,1/1/99,Senior Engineer
478717,Ger,Oehlmann,5/28/63,12/19/96,1/1/99,Senior Engineer
478723,Susanna,Samarati,8/8/64,5/26/97,1/1/99,Engineer
478744,Serenella,Braunschweig,2/17/62,4/23/99,1/1/99,Engineer
478749,Hatem,Cmelik,9/24/64,8/7/92,1/1/99,Senior Staff
478752,Chuanti,Matzat,4/28/62,10/18/91,1/1/99,Senior Engineer
478759,Eishiro,Kisuki,2/21/62,3/11/97,1/1/99,Engineer
478768,Arun,Katzenelson,1/3/65,10/28/91,1/1/99,Senior Engineer
478772,Mabo,Vadhan,4/14/64,1/13/89,1/1/99,Technique Leader
478774,Ymte,Staylopatis,5/15/62,6/3/90,1/1/99,Senior Engineer
478777,Limsoon,Zaiane,2/4/64,11/13/98,1/1/99,Technique Leader
478780,Remco,Trogemann,11/10/63,8/1/88,1/1/99,Senior Engineer
478781,Maia,Asser,9/20/63,10/20/90,1/1/99,Senior Engineer
478784,Vishwani,Rathonyi,11/13/64,9/15/86,1/1/99,Engineer
478785,Brendon,Parascandalo,1/5/63,3/14/88,1/1/99,Technique Leader
478791,Yuriy,Herber,10/4/62,12/3/97,1/1/99,Senior Staff
478799,Shaw,Borovoy,1/18/65,5/11/91,1/1/99,Senior Staff
478804,Xiaoshan,Mikschl,10/25/63,6/12/88,1/1/99,Senior Staff
478809,Genki,Decaestecker,11/19/64,8/23/85,1/1/99,Staff
478811,Arra,Middleton,12/29/63,9/16/97,1/1/99,Senior Staff
478817,Halsur,Doering,10/7/64,3/12/86,1/1/99,Engineer
478819,Matk,Gist,6/3/64,6/16/88,1/1/99,Assistant Engineer
478823,Kwangho,Shumilov,11/3/62,1/17/91,1/1/99,Engineer
478824,Koichi,Ressouche,10/14/64,1/12/00,1/1/99,Assistant Engineer
478826,Szabolcs,Siepmann,3/29/63,10/23/95,1/1/99,Staff
478833,Pradeep,Valiente,1/30/65,9/19/92,1/1/99,Engineer
478839,Kwok,Meszaros,3/30/64,2/16/87,1/1/99,Staff
478840,Chuanti,Nannarelli,10/28/62,10/3/97,1/1/99,Senior Engineer
478843,Gregory,Tempesti,6/13/63,1/25/92,1/1/99,Staff
478847,Florian,Luce,9/28/64,4/10/94,1/1/99,Senior Engineer
478854,Brendon,Esposito,11/6/63,6/29/87,1/1/99,Staff
478858,Hidekazu,Perna,1/20/65,11/8/99,1/1/99,Staff
478863,Subbu,Gimarc,3/30/64,12/17/87,1/1/99,Senior Staff
478864,Shugo,Huhdanpaa,4/16/64,5/30/92,1/1/99,Staff
478869,Sahrah,Lammel,1/23/64,3/6/90,1/1/99,Senior Engineer
478882,Rafols,Yoshimura,5/9/62,2/28/98,1/1/99,Staff
478887,Selwyn,Chaudhuri,8/5/62,11/5/90,1/1/99,Engineer
478913,Gennadi,Cmelik,9/27/62,2/7/92,1/1/99,Senior Engineer
478915,Adamantios,Atrawala,10/27/64,6/21/91,1/1/99,Technique Leader
478917,Otilia,Greenaway,6/21/64,11/20/94,1/1/99,Staff
478926,Jayesh,Unni,5/23/64,10/15/93,1/1/99,Senior Staff
478935,Tesuya,Whittlesey,2/1/64,3/14/87,1/1/99,Engineer
478953,JoAnna,Backhouse,4/24/62,11/2/94,1/1/99,Engineer
478954,Munenori,Rullman,11/28/62,6/23/99,1/1/99,Engineer
478955,Takanari,Chelton,11/27/62,12/25/89,1/1/99,Assistant Engineer
478961,Mats,Krone,6/29/62,2/22/90,1/1/99,Staff
478973,Reinhard,Yoshimura,6/2/62,5/5/01,1/1/99,Senior Staff
478975,Kristen,Tasistro,1/23/62,5/29/89,1/1/99,Senior Engineer
478977,Eric,Ligten,8/7/64,11/15/88,1/1/99,Technique Leader
478978,Hatem,Guenter,3/27/62,3/15/97,1/1/99,Senior Staff
478989,Holgard,Orlowska,8/18/63,12/8/98,1/1/99,Staff
478991,Ebru,Sambasivam,12/20/64,2/14/93,1/1/99,Senior Staff
479005,Faiza,Veccia,9/30/62,10/12/88,1/1/99,Engineer
479010,Hausi,Litzkow,10/31/62,3/30/98,1/1/99,Engineer
479013,Maja,Nooteboom,12/1/64,6/26/89,1/1/99,Engineer
479015,Yoshimitsu,Stavenow,12/30/63,6/14/98,1/1/99,Staff
479020,Zvonko,Katalagarianos,10/10/62,11/19/85,1/1/99,Senior Staff
479022,Denis,Olano,8/8/62,3/14/88,1/1/99,Engineer
479024,Ewing,Kalorkoti,1/3/65,12/21/96,1/1/99,Engineer
479030,Bokyung,Stellhorn,1/5/62,1/16/96,1/1/99,Engineer
479036,Gen,Stiles,7/1/63,2/15/94,1/1/99,Senior Staff
479037,Shigenori,Kavraki,11/16/63,12/5/96,1/1/99,Engineer
479047,Mayuri,Flowers,1/26/64,10/25/91,1/1/99,Senior Staff
479052,Goo,Rosenbaum,9/7/63,7/3/85,1/1/99,Technique Leader
479067,Nahum,Wegerle,4/7/64,3/31/95,1/1/99,Staff
479086,Adly,Koshino,2/11/64,10/18/86,1/1/99,Engineer
479089,Hatem,Viele,1/5/63,9/22/86,1/1/99,Senior Staff
479094,Alselm,Cannard,2/9/63,9/14/89,1/1/99,Senior Staff
479095,Sanjiv,Stassinopoulos,11/10/63,5/19/99,1/1/99,Assistant Engineer
479100,Berna,Servi,11/24/63,7/6/97,1/1/99,Engineer
479103,Chinya,Meriste,11/10/63,7/8/99,1/1/99,Engineer
479109,Miomir,Basagni,12/30/62,5/27/90,1/1/99,Senior Engineer
479114,Iara,Peir,1/11/63,10/23/87,1/1/99,Senior Engineer
479121,Oldrich,Passino,10/30/64,3/25/95,1/1/99,Technique Leader
479126,Itzchak,Kugler,1/9/63,12/14/96,1/1/99,Senior Staff
479134,Radhika,Hmelo,11/13/62,9/9/97,1/1/99,Engineer
479136,Duri,Cronin,12/15/62,6/30/87,1/1/99,Senior Staff
479139,Huei,Gimarc,7/9/62,8/25/98,1/1/99,Staff
479140,Francesca,Gustavson,10/19/64,2/4/90,1/1/99,Senior Engineer
479142,Adam,Erie,5/19/63,9/10/94,1/1/99,Senior Engineer
479150,Saddek,Pettit,12/10/63,1/30/97,1/1/99,Engineer
479154,Shirish,Rissanen,6/22/62,1/26/88,1/1/99,Technique Leader
479158,Boguslaw,Herath,10/28/63,4/12/88,1/1/99,Senior Engineer
479164,Basil,Pavlopoulou,3/19/64,1/2/01,1/1/99,Engineer
479168,Serif,Plumb,11/16/63,10/6/92,1/1/99,Senior Engineer
479169,Margo,Janocha,11/9/63,2/24/91,1/1/99,Staff
479176,Thanasis,Penttonen,10/20/62,7/20/88,1/1/99,Senior Engineer
479184,Yunming,Morton,7/13/63,11/21/98,1/1/99,Senior Staff
479186,Chirstian,Warwick,7/7/62,8/14/90,1/1/99,Staff
479195,Emdad,Spieker,2/27/62,4/29/90,1/1/99,Engineer
479206,Aleksander,Eiter,9/9/64,10/1/92,1/1/99,Senior Engineer
479211,Jacqueline,Carrera,1/21/63,5/26/90,1/1/99,Senior Staff
479213,Moriyoshi,Ritcey,5/14/63,11/25/93,1/1/99,Engineer
479215,Felicidad,Sevcikova,11/16/64,7/19/89,1/1/99,Senior Staff
479228,Shigenori,Werthner,11/18/64,11/16/88,1/1/99,Engineer
479230,Mari,Rotem,3/29/62,9/2/00,1/1/99,Engineer
479237,Shaibal,Makrucki,10/7/64,3/26/93,1/1/99,Senior Staff
479238,Howell,Lupu,7/27/62,5/6/02,1/1/99,Staff
479239,Leandro,Navazio,9/24/62,8/26/94,1/1/99,Senior Engineer
479249,Chuanyi,Piazza,9/9/62,10/19/99,1/1/99,Assistant Engineer
479250,Jessie,Zultner,12/18/63,2/9/98,1/1/99,Engineer
479252,Shao,Zeilberger,4/5/63,2/14/88,1/1/99,Senior Staff
479254,Quingbo,Kitai,8/14/63,3/30/92,1/1/99,Staff
479258,Mingdong,Businaro,7/23/63,5/12/94,1/1/99,Senior Staff
479264,Weiru,Sullins,7/20/62,1/6/97,1/1/99,Engineer
479270,Lobel,Comte,11/25/63,5/17/93,1/1/99,Engineer
479272,Weiru,Kawashima,9/10/63,6/5/86,1/1/99,Engineer
479277,JoAnna,Pena,7/17/63,11/29/85,1/1/99,Engineer
479280,Herbert,Vickson,11/2/63,8/30/89,1/1/99,Staff
479284,Arne,Gubsky,4/7/62,1/25/95,1/1/99,Senior Staff
479302,Shawna,Akaboshi,10/5/64,10/13/97,1/1/99,Staff
479309,Mostafa,Montresor,11/9/64,12/24/93,1/1/99,Staff
479317,Surveyors,Piazza,4/23/64,6/2/95,1/1/99,Engineer
479324,Zijian,Kaiser,7/29/64,11/21/87,1/1/99,Senior Staff
479329,Randi,Cardazo,10/4/64,7/28/92,1/1/99,Senior Staff
479330,Danco,Gunderson,7/30/64,8/28/91,1/1/99,Senior Engineer
479331,Eishiro,Haldar,3/25/63,2/7/89,1/1/99,Senior Staff
479332,Monique,Steenbeek,12/21/62,4/8/00,1/1/99,Engineer
479350,Pintsang,Kuzuoka,3/6/63,2/15/93,1/1/99,Senior Engineer
479369,Shigenori,Ananiadou,1/22/63,11/9/94,1/1/99,Senior Staff
479373,Arif,Haraldson,2/27/62,11/17/92,1/1/99,Assistant Engineer
479375,Tsuneo,Munos,1/13/63,7/3/86,1/1/99,Senior Engineer
479377,Phule,Bernardeschi,8/31/63,2/20/88,1/1/99,Senior Staff
479384,Yishai,Selenyi,10/18/62,11/20/99,1/1/99,Engineer
479387,Geoffrey,Ferretti,8/24/63,10/19/86,1/1/99,Senior Engineer
479392,Vasilis,Savasere,6/7/64,9/30/86,1/1/99,Senior Staff
479400,Alenka,Ruemmler,10/3/62,5/23/98,1/1/99,Engineer
479406,Mabry,Wallrath,5/20/64,8/1/97,1/1/99,Senior Engineer
479407,Randi,Tomescu,1/18/65,11/25/86,1/1/99,Engineer
479408,Dinkar,Merel,11/13/63,12/10/01,1/1/99,Senior Staff
479420,Gila,Rettelbach,8/22/63,8/16/91,1/1/99,Senior Staff
479421,Peer,Katiyar,12/21/63,5/8/97,1/1/99,Engineer
479424,Kasidit,Rahier,2/28/64,12/16/92,1/1/99,Assistant Engineer
479427,Sverrir,Thambidurai,8/22/64,4/1/92,1/1/99,Engineer
479440,Phuoc,Bodoff,6/10/62,3/5/97,1/1/99,Senior Engineer
479442,Seshu,Rassart,4/3/64,11/26/90,1/1/99,Senior Engineer
479447,Masasuke,Orlowska,4/15/63,1/10/86,1/1/99,Senior Engineer
479451,Goa,Ballarin,3/23/63,12/25/85,1/1/99,Technique Leader
479453,Mostafa,Chinen,10/16/63,3/31/86,1/1/99,Senior Engineer
479456,Amstein,Kaiser,3/26/64,4/15/86,1/1/99,Engineer
479469,Nalini,Peternell,7/25/64,5/2/86,1/1/99,Engineer
479470,Jeane,VanScheik,4/27/62,5/25/94,1/1/99,Engineer
479476,Rosalyn,Dolinsky,1/24/64,6/15/90,1/1/99,Engineer
479478,Siamak,Rijsenbrij,2/24/64,12/28/00,1/1/99,Senior Engineer
479480,Toshiko,Savasere,3/19/63,3/28/87,1/1/99,Engineer
479482,Adamantios,Dengi,11/16/63,5/6/91,1/1/99,Senior Engineer
479485,Tonny,Erdmenger,11/7/62,5/30/94,1/1/99,Engineer
479486,Geoff,Reghbati,6/14/63,12/10/99,1/1/99,Staff
479495,Dmitry,Montemayor,8/28/62,6/12/87,1/1/99,Engineer
479506,Elzbieta,Foote,8/29/63,8/31/88,1/1/99,Engineer
479507,Phule,Srimani,1/15/64,4/16/89,1/1/99,Senior Staff
479517,Weidon,Albarhamtoshy,5/20/63,9/21/96,1/1/99,Engineer
479530,Ewing,Rubsam,4/24/62,2/3/91,1/1/99,Senior Engineer
479531,Dhritiman,Spell,7/26/64,12/3/98,1/1/99,Staff
479532,Jaroslava,Manderick,9/22/63,7/2/96,1/1/99,Staff
479533,Shih,Jonsson,11/9/63,6/19/95,1/1/99,Senior Engineer
479537,Tomokazu,Solovay,11/30/63,8/22/97,1/1/99,Engineer
479539,Iara,Herber,9/5/63,8/19/92,1/1/99,Senior Engineer
479550,Thanasis,Rosar,11/7/63,2/4/91,1/1/99,Senior Engineer
479555,Idoia,Lieberherr,8/19/64,6/26/99,1/1/99,Engineer
479560,Rosalyn,Sgarro,4/8/64,1/9/88,1/1/99,Senior Staff
479563,Leah,Rosca,4/24/63,12/16/93,1/1/99,Senior Engineer
479568,Niclas,Eldridge,12/1/64,10/4/93,1/1/99,Assistant Engineer
479577,Aleksandar,Pocchiola,4/29/62,12/7/98,1/1/99,Staff
479583,Arlette,Morrey,12/18/63,3/20/86,1/1/99,Senior Staff
479584,Alper,Mersereau,4/28/64,8/13/86,1/1/99,Staff
479587,Leszek,Kugler,7/28/62,8/23/89,1/1/99,Senior Engineer
479601,Kayoko,Bahi,1/19/65,2/19/97,1/1/99,Staff
479611,Adam,Tetzlaff,7/5/62,5/20/96,1/1/99,Staff
479612,Yannik,Curless,6/4/63,7/18/85,1/1/99,Senior Engineer
479614,Eldridge,Pearson,12/1/63,6/7/90,1/1/99,Senior Engineer
479617,Doowon,Bratsberg,7/3/64,10/10/88,1/1/99,Engineer
479621,Lokesh,DasSarma,6/24/62,4/25/88,1/1/99,Engineer
479622,Alejandra,Imataki,11/4/63,1/13/99,1/1/99,Senior Engineer
479623,Jasminko,Arlazarov,11/27/64,1/17/95,1/1/99,Engineer
479630,Kotesh,Poupard,10/30/64,8/9/94,1/1/99,Staff
479632,Faiza,Cochrane,11/16/64,7/3/92,1/1/99,Senior Staff
479635,Aemilian,Guerreiro,12/13/63,9/30/88,1/1/99,Senior Staff
479642,Qiwen,Wixon,7/14/64,10/31/94,1/1/99,Senior Staff
479647,Eldridge,Szmurlo,3/2/64,9/15/98,1/1/99,Engineer
479652,Monique,Brandsma,1/1/63,12/30/91,1/1/99,Senior Staff
479661,Amalendu,Butterworth,8/20/64,5/4/92,1/1/99,Staff
479666,Gaurav,Verspoor,11/4/62,10/2/86,1/1/99,Senior Engineer
479670,Tadanori,Coorg,11/4/62,4/8/98,1/1/99,Senior Staff
479671,Jaideep,Muchinsky,1/20/62,12/15/95,1/1/99,Engineer
479673,Kamakshi,Coorg,4/21/64,10/28/98,1/1/99,Engineer
479681,Baziley,Whitcomb,4/30/64,9/23/99,1/1/99,Senior Staff
479687,Odysseas,Baak,12/29/63,4/29/00,1/1/99,Senior Staff
479691,Ramalingam,Veeraraghavan,11/12/64,10/3/86,1/1/99,Senior Staff
479695,Masamitsu,Murrill,1/6/65,6/23/99,1/1/99,Senior Staff
479697,Munehiko,Swiler,3/3/63,8/23/98,1/1/99,Staff
479703,Baocai,Guting,1/31/62,9/1/99,1/1/99,Staff
479705,Subhrajyoti,Laurillard,2/15/62,12/26/89,1/1/99,Staff
479723,Aamod,Oppitz,5/23/63,10/8/95,1/1/99,Senior Engineer
479726,Marit,Mansanne,1/3/63,9/1/98,1/1/99,Assistant Engineer
479732,Fun,Staylopatis,9/14/63,10/28/88,1/1/99,Engineer
479737,Sanjeeva,Covnot,3/18/64,1/15/94,1/1/99,Senior Engineer
479739,Odoardo,Spell,1/27/63,8/11/97,1/1/99,Senior Staff
479741,Elgin,Shobatake,10/1/64,8/4/98,1/1/99,Staff
479746,Tomokazu,Trumbly,5/28/63,9/15/89,1/1/99,Senior Staff
479752,Haldon,Skafidas,5/21/64,10/8/86,1/1/99,Technique Leader
479754,Martina,Manderick,1/30/62,11/8/87,1/1/99,Staff
479755,Sadegh,Carrera,10/1/63,10/5/94,1/1/99,Senior Staff
479766,Susumu,Neimat,12/15/62,9/28/85,1/1/99,Senior Staff
479767,Taisook,Shackell,7/16/64,6/29/98,1/1/99,Staff
479772,Goa,Oaver,10/17/64,6/11/89,1/1/99,Staff
479777,Sajjad,Milicia,12/18/64,10/22/01,1/1/99,Staff
479787,Zijian,Peac,7/3/62,9/8/94,1/1/99,Senior Engineer
479789,Collette,Kropp,10/17/64,8/10/86,1/1/99,Senior Staff
479798,Luigi,Kolvik,8/20/64,8/11/92,1/1/99,Senior Engineer
479804,Maren,Malinowski,3/1/63,7/10/88,1/1/99,Senior Staff
479805,Youjian,Wixon,10/28/62,5/5/90,1/1/99,Staff
479810,Wanqing,Tsukune,12/29/63,8/24/93,1/1/99,Assistant Engineer
479811,Aram,Babu,7/20/62,12/29/98,1/1/99,Engineer
479816,Martina,Stroustrup,4/3/64,2/20/85,1/1/99,Senior Staff
479822,Poorav,McAffer,8/17/64,4/21/99,1/1/99,Staff
479825,Masato,Ruemmler,5/15/62,5/30/98,1/1/99,Engineer
479827,Marit,DuBourdieux,10/11/64,12/5/95,1/1/99,Staff
479828,Trygve,Menyhert,4/20/63,1/19/95,1/1/99,Staff
479838,Filipe,Bellmore,8/22/64,1/7/00,1/1/99,Senior Engineer
479843,Pranay,Menhoudj,6/15/62,12/3/88,1/1/99,Staff
479845,Angel,Dechter,10/3/62,8/7/89,1/1/99,Engineer
479851,Aleksandar,Kopetz,7/10/62,8/9/96,1/1/99,Staff
479852,Erez,Velasco,6/23/64,5/20/98,1/1/99,Senior Staff
479853,Fusako,Cummings,11/11/62,7/10/99,1/1/99,Engineer
479863,Sushant,Reghbati,11/23/63,9/8/86,1/1/99,Staff
479865,Rosella,Detkin,12/11/62,8/17/99,1/1/99,Staff
479883,Sampalli,Syrzycki,4/17/64,7/21/87,1/1/99,Senior Engineer
479889,Baoqiu,Ramras,6/19/63,11/12/92,1/1/99,Staff
479893,Yechiam,Bahr,8/22/62,2/4/85,1/1/99,Engineer
479895,Sanjit,Buescher,10/12/63,1/7/97,1/1/99,Staff
479900,Herb,Muntz,7/2/63,12/15/94,1/1/99,Staff
479914,Etsuo,Linares,6/29/62,8/19/93,1/1/99,Engineer
479915,Zhongwei,Lorys,12/1/63,10/29/88,1/1/99,Staff
479918,Laurentiu,Azumi,5/20/63,11/7/91,1/1/99,Senior Engineer
479921,Oldrich,Cooley,5/20/62,2/22/96,1/1/99,Senior Staff
479925,Shigenori,DuCasse,11/14/64,3/10/85,1/1/99,Engineer
479928,Licheng,Honglei,2/20/62,11/11/90,1/1/99,Technique Leader
479932,Jayson,Showalter,7/30/64,5/14/92,1/1/99,Senior Staff
479933,Maya,Stanfel,9/12/63,5/1/85,1/1/99,Senior Staff
479939,Menkae,Hinsberger,1/28/63,6/21/94,1/1/99,Senior Engineer
479957,Gita,Fontan,10/30/63,12/13/97,1/1/99,Assistant Engineer
479963,Jeong,Nicolson,2/24/62,6/5/00,1/1/99,Senior Engineer
479969,Emran,Quadeer,4/13/64,9/16/96,1/1/99,Staff
479974,Turgut,Mandell,9/5/63,7/8/02,1/1/99,Staff
479976,Ramalingam,Naumovich,1/4/63,5/27/93,1/1/99,Senior Engineer
479978,Remmert,Wilharm,2/21/63,9/21/91,1/1/99,Engineer
479980,Howell,Kugler,5/11/62,5/15/87,1/1/99,Senior Engineer
479981,Xiadong,Falby,1/30/63,8/2/86,1/1/99,Senior Staff
479987,Jaana,Middleton,3/10/64,2/26/85,1/1/99,Senior Engineer
479992,Mayumi,Krzyzanowski,5/24/64,11/9/92,1/1/99,Technique Leader
479996,Khue,Budinsky,12/27/63,8/19/93,1/1/99,Senior Staff
480005,Jaroslava,Erol,8/6/64,4/9/85,1/1/99,Staff
480007,Akeno,Birjandi,11/5/63,5/1/90,1/1/99,Senior Engineer
480011,Ipke,Riexinger,6/15/62,8/17/86,1/1/99,Senior Engineer
480022,Vincent,McDermid,2/23/62,7/25/87,1/1/99,Senior Engineer
480031,Basant,Pews,2/12/62,5/9/94,1/1/99,Senior Staff
480035,Sukumar,Georg,1/26/65,8/26/90,1/1/99,Staff
480037,Mahendra,Weiland,12/14/63,8/12/95,1/1/99,Staff
480039,Pramod,Naudin,1/15/64,7/5/93,1/1/99,Engineer
480041,Zdislav,Lortz,11/29/64,2/14/92,1/1/99,Engineer
480048,Shih,Puppo,7/17/63,8/2/85,1/1/99,Senior Engineer
480050,Bodh,McConalogue,11/9/62,6/7/86,1/1/99,Senior Engineer
480054,Zhilian,Lorin,7/21/62,3/7/01,1/1/99,Engineer
480056,Yinghua,Stroustrup,3/18/62,12/29/87,1/1/99,Engineer
480057,Hein,Teitelbaum,11/29/62,9/25/86,1/1/99,Senior Staff
480061,Arumugam,Schonegge,10/26/63,12/31/89,1/1/99,Senior Staff
480066,Suebskul,Menhardt,1/31/65,7/26/94,1/1/99,Engineer
480072,Shuji,Ginneken,3/26/64,10/28/86,1/1/99,Senior Staff
480080,Houman,Khalil,7/30/63,11/11/86,1/1/99,Senior Staff
480081,Gadiel,Ermel,7/29/64,10/10/94,1/1/99,Engineer
480088,Martins,Ranum,3/15/62,6/15/92,1/1/99,Technique Leader
480094,Tru,Schrift,10/16/62,1/13/97,1/1/99,Assistant Engineer
480104,Muneo,Ghazalie,11/1/62,11/11/93,1/1/99,Senior Staff
480109,Nahid,Rabehasaina,3/25/62,3/19/89,1/1/99,Staff
480111,Basim,Braunmuhl,9/28/62,10/8/95,1/1/99,Engineer
480113,Bodo,Taubenfeld,8/30/63,4/23/87,1/1/99,Senior Staff
480119,Jeanna,Pocchiola,9/12/62,2/14/89,1/1/99,Staff
480122,Zhigen,Pagter,7/4/63,10/31/92,1/1/99,Senior Staff
480132,Sudhanshu,Akazan,7/9/64,1/26/98,1/1/99,Engineer
480134,Magdalena,Basart,4/3/63,11/12/89,1/1/99,Engineer
480136,Berry,Ginesta,9/6/64,6/6/99,1/1/99,Senior Engineer
480141,Herb,Pena,3/27/64,12/8/86,1/1/99,Senior Staff
480144,Akemi,Grospietsch,10/9/62,7/11/88,1/1/99,Staff
480149,Salvador,Poujol,8/19/63,12/2/92,1/1/99,Engineer
480154,Lobel,Osgood,9/1/62,6/6/88,1/1/99,Engineer
480156,Fen,Cronau,6/1/64,1/1/94,1/1/99,Staff
480163,Bingning,Nourani,11/29/64,3/25/85,1/1/99,Senior Engineer
480164,Yongqiao,Mitina,9/28/62,9/23/88,1/1/99,Senior Engineer
480165,Toshimi,Beausoleil,3/23/63,7/12/89,1/1/99,Engineer
480178,Uinam,Rahier,1/3/65,2/10/91,1/1/99,Senior Staff
480181,Arnd,Berztiss,12/28/64,6/12/99,1/1/99,Engineer
480186,Jungsoon,Guenter,2/6/64,4/1/96,1/1/99,Engineer
480188,Marit,Rindone,2/11/63,8/3/99,1/1/99,Assistant Engineer
480198,Apostol,Glowinski,3/19/62,12/19/99,1/1/99,Assistant Engineer
480204,Valeri,Bressoud,3/13/62,8/4/97,1/1/99,Staff
480209,Chinhyun,Kowalchuk,1/27/62,3/25/87,1/1/99,Staff
480214,Giap,Pileggi,12/8/62,7/25/85,1/1/99,Senior Engineer
480215,Nalini,Schicker,5/9/63,2/28/91,1/1/99,Senior Engineer
480221,Miyeon,Koblitz,2/21/64,8/10/96,1/1/99,Engineer
480235,Taegyun,Hiltgen,11/16/63,10/6/00,1/1/99,Assistant Engineer
480236,Oscar,Peot,2/18/62,8/21/88,1/1/99,Engineer
480238,Flemming,Swiler,4/24/62,9/27/95,1/1/99,Staff
480241,Yannik,Calkin,8/29/63,10/2/93,1/1/99,Engineer
480248,Valter,Verhoeff,10/23/63,4/28/98,1/1/99,Staff
480258,Mark,Fujisaki,4/2/62,9/18/99,1/1/99,Senior Staff
480260,Herbert,Quadeer,6/19/62,1/11/00,1/1/99,Staff
480265,Harjit,Sommen,3/6/62,5/30/92,1/1/99,Senior Staff
480268,Gaurav,Cheshire,1/18/65,3/30/89,1/1/99,Technique Leader
480285,Berhard,Molenaar,11/24/63,1/29/86,1/1/99,Senior Staff
480286,Chrisa,Lorch,11/21/62,6/13/89,1/1/99,Senior Staff
480287,Chrisa,Casperson,7/12/62,12/26/89,1/1/99,Senior Engineer
480291,Shaowei,Vigier,2/4/62,2/8/01,1/1/99,Staff
480293,Guozhong,Krybus,10/3/64,6/24/85,1/1/99,Senior Staff
480295,Chenyi,Cappello,6/15/64,2/3/93,1/1/99,Engineer
480297,Sadun,Standera,11/17/62,8/19/96,1/1/99,Senior Engineer
480300,Tiina,Porenta,4/20/64,9/8/90,1/1/99,Staff
480301,Lucien,Schmittgen,2/20/62,2/5/95,1/1/99,Engineer
480306,Morris,Hebden,4/7/62,10/10/85,1/1/99,Senior Staff
480309,Sadegh,Uludag,9/28/63,8/21/85,1/1/99,Senior Staff
480330,Georgy,Jansch,5/3/64,2/22/96,1/1/99,Senior Staff
480338,Gil,Peternell,2/9/63,7/9/95,1/1/99,Assistant Engineer
480339,Martial,Welham,11/19/63,5/11/85,1/1/99,Staff
480343,Gao,Miake,2/26/63,12/7/90,1/1/99,Engineer
480358,Vishu,Luks,12/30/62,9/10/85,1/1/99,Staff
480365,Licheng,Pokrovskii,3/4/64,5/17/89,1/1/99,Senior Staff
480368,Huiqun,Muchinsky,8/15/62,2/1/00,1/1/99,Staff
480371,Hairong,Merle,8/11/62,9/12/98,1/1/99,Staff
480375,Aimee,Kulisch,11/6/63,9/8/97,1/1/99,Senior Engineer
480395,Xinglin,Kugler,11/10/63,12/6/92,1/1/99,Staff
480399,Conor,DuCasse,1/15/62,8/26/91,1/1/99,Senior Engineer
480403,Kwangjo,Thorelli,5/9/62,12/4/85,1/1/99,Senior Engineer
480407,Deniz,Bennis,1/1/65,6/24/89,1/1/99,Engineer
480408,Teiji,Rodite,2/2/64,4/24/96,1/1/99,Staff
480422,Yuqun,Merks,7/17/63,12/23/93,1/1/99,Staff
480430,Basil,Coombs,3/5/64,4/17/00,1/1/99,Senior Engineer
480435,Foong,Tzvieli,1/27/63,8/4/90,1/1/99,Staff
480441,Saddek,Stavenow,10/26/63,8/14/87,1/1/99,Senior Engineer
480442,Stamatina,Radivojevic,6/13/62,5/16/95,1/1/99,Engineer
480443,Pragnesh,Sommer,11/20/63,6/14/85,1/1/99,Engineer
480446,Basim,Nyanchama,1/22/63,6/18/90,1/1/99,Senior Staff
480452,Toong,Colorni,3/2/63,5/4/95,1/1/99,Assistant Engineer
480454,Patricio,Herbst,7/8/64,4/1/88,1/1/99,Staff
480455,Jouni,Jansen,7/15/62,9/4/98,1/1/99,Staff
480457,Navin,Varker,5/7/63,2/11/99,1/1/99,Staff
480460,Bernice,Isaak,4/16/64,6/15/96,1/1/99,Senior Staff
480467,Yurii,Guting,2/1/64,2/9/92,1/1/99,Staff
480471,Fumiko,Albarhamtoshy,8/23/64,3/6/87,1/1/99,Senior Engineer
480478,Koldo,Boudaillier,9/21/62,12/3/95,1/1/99,Senior Staff
480485,Ravishankar,Piancastelli,7/19/63,2/9/93,1/1/99,Senior Engineer
480487,Dmitri,Taneja,3/6/63,4/17/88,1/1/99,Senior Staff
480489,Alselm,Vingron,7/14/62,3/16/99,1/1/99,Staff
480491,Marsja,Jakobus,12/22/64,7/14/90,1/1/99,Staff
480494,Mari,Narahari,7/30/64,10/10/92,1/1/99,Senior Engineer
480497,Kensyu,Skogmar,6/5/64,12/13/88,1/1/99,Staff
480514,Dharmaraja,Melton,3/25/63,3/29/93,1/1/99,Staff
480517,Luisa,Riesenhuber,2/27/62,7/23/91,1/1/99,Senior Engineer
480523,Mabo,Hashii,10/30/64,7/4/93,1/1/99,Senior Engineer
480525,Shai,McClure,5/7/63,10/18/90,1/1/99,Engineer
480528,Uma,Suppi,3/31/62,8/23/89,1/1/99,Senior Engineer
480530,Giordano,Paciorek,3/9/63,2/4/86,1/1/99,Engineer
480533,Arie,Rebaine,11/10/63,1/9/90,1/1/99,Senior Engineer
480537,Mana,Taubenfeld,10/6/64,1/25/90,1/1/99,Senior Staff
480548,Xiahua,Rindone,9/22/63,4/8/91,1/1/99,Engineer
480555,Tsutomu,Baik,1/17/63,4/22/86,1/1/99,Engineer
480558,Pranay,Mapelli,5/27/63,12/1/97,1/1/99,Engineer
480562,Wojceich,Szilard,9/8/63,8/31/95,1/1/99,Staff
480567,Masako,Vesel,6/13/64,5/16/96,1/1/99,Engineer
480576,Wanqing,Burnard,2/23/62,6/12/97,1/1/99,Engineer
480593,Fei,Socorro,6/4/64,9/9/90,1/1/99,Senior Engineer
480595,Hirochika,Collavizza,11/2/62,9/22/99,1/1/99,Staff
480612,Minghong,Comyn,9/22/62,5/30/97,1/1/99,Senior Staff
480613,Shin,Kalefeld,12/5/64,2/9/92,1/1/99,Technique Leader
480617,Gaurav,Miara,11/19/64,6/28/94,1/1/99,Senior Engineer
480620,Clyde,Ghelli,12/24/63,10/18/97,1/1/99,Engineer
480623,Jayesh,Pauthner,8/10/62,4/8/01,1/1/99,Senior Staff
480636,Sangeeta,Sethi,4/29/63,7/24/91,1/1/99,Engineer
480637,Kamakshi,Rothenberg,8/29/64,6/15/90,1/1/99,Senior Staff
480645,Paloma,Luon,8/24/62,9/8/88,1/1/99,Assistant Engineer
480646,Elgin,Auria,8/4/63,8/3/97,1/1/99,Staff
480654,Hatem,Pardalos,9/30/63,10/30/91,1/1/99,Senior Staff
480655,Yifei,Tsunoo,4/1/64,11/20/94,1/1/99,Senior Engineer
480666,Marlo,Nyanchama,11/16/62,10/6/85,1/1/99,Senior Engineer
480684,Arie,Nollmann,10/30/63,12/31/92,1/1/99,Engineer
480686,Mingsen,Keohane,5/5/62,2/20/94,1/1/99,Staff
480696,Denis,Rusmann,10/4/63,3/22/87,1/1/99,Senior Engineer
480697,Aram,Lammel,3/23/64,6/16/92,1/1/99,Senior Staff
480700,Ymte,Zultner,3/15/64,3/8/98,1/1/99,Engineer
480703,Radoslaw,Gecseg,11/8/63,11/1/01,1/1/99,Senior Staff
480704,Kersti,Mullainathan,10/14/64,5/27/88,1/1/99,Senior Engineer
480706,Sashi,Isaak,11/12/63,3/21/91,1/1/99,Senior Engineer
480708,Djelloul,Swen,9/17/64,10/27/98,1/1/99,Staff
480709,Moheb,Waymire,10/20/64,4/23/96,1/1/99,Engineer
480712,Fayez,Weisert,12/19/64,9/13/95,1/1/99,Senior Engineer
480715,Lena,Karner,10/4/62,9/18/90,1/1/99,Engineer
480716,Mechthild,Cannane,1/18/62,10/9/85,1/1/99,Engineer
480718,Goo,Kandlur,9/3/62,1/3/97,1/1/99,Senior Engineer
480723,Dulce,Thorensen,1/25/64,2/23/86,1/1/99,Technique Leader
480724,Heejo,Shrader,11/18/62,6/26/93,1/1/99,Senior Staff
480729,Tamiya,Gire,4/15/63,5/22/94,1/1/99,Senior Staff
480736,Mabo,Domenig,2/20/64,5/1/96,1/1/99,Staff
480749,Nevin,Mukaidono,10/15/62,4/13/85,1/1/99,Senior Staff
480755,Jaideep,Zucker,4/20/64,7/25/85,1/1/99,Senior Staff
480763,Fumiko,Koblitz,5/11/62,3/30/97,1/1/99,Senior Engineer
480765,Tuval,Rothenberg,12/30/63,3/5/88,1/1/99,Staff
480766,Saeko,Nitta,9/14/63,12/5/93,1/1/99,Staff
480768,Sham,Kossowski,10/18/64,3/28/95,1/1/99,Senior Staff
480779,Katsuo,Bala,11/7/63,4/14/01,1/1/99,Staff
480798,Gennady,McAlpine,3/28/63,1/3/92,1/1/99,Engineer
480805,Sachio,Deyuan,8/24/62,7/10/97,1/1/99,Staff
480808,Byong,Karnin,7/22/64,2/27/89,1/1/99,Staff
480813,Chinho,Condotta,4/20/64,7/15/93,1/1/99,Technique Leader
480819,Cheong,Hashii,2/19/62,5/19/97,1/1/99,Senior Staff
480820,Shunichi,Kambil,12/11/63,6/17/94,1/1/99,Senior Staff
480824,Doohun,Baaleh,3/21/62,10/11/92,1/1/99,Senior Engineer
480836,Marsal,Krohn,12/2/62,7/13/96,1/1/99,Technique Leader
480837,Saniya,Serov,7/28/64,6/22/85,1/1/99,Senior Engineer
480843,Jiakeng,Peck,12/9/63,7/17/91,1/1/99,Senior Engineer
480848,Nevin,Gecsel,12/1/64,10/8/89,1/1/99,Engineer
480860,Kien,Krychniak,7/11/64,9/10/94,1/1/99,Staff
480868,Filipp,Schwaller,7/14/63,4/2/91,1/1/99,Staff
480884,Alassane,Baik,2/22/64,1/1/94,1/1/99,Engineer
480887,Kien,Chepyzhov,3/15/62,4/10/88,1/1/99,Senior Staff
480888,Tesuya,Homond,3/20/64,9/8/85,1/1/99,Engineer
480891,Phillip,Aingworth,9/18/62,12/17/87,1/1/99,Senior Engineer
480894,Marl,Khalil,7/25/64,8/19/97,1/1/99,Senior Engineer
480899,Zine,Schahn,9/13/62,7/7/88,1/1/99,Technique Leader
480900,Gino,Riefers,2/1/62,3/30/97,1/1/99,Staff
480904,Matt,Horswill,7/30/62,1/9/88,1/1/99,Staff
480905,Gaetan,Delgrande,1/27/62,11/21/99,1/1/99,Staff
480911,Jinya,Shanbhogue,11/29/64,7/4/90,1/1/99,Engineer
480912,Jayesh,Chartres,1/24/64,9/27/94,1/1/99,Staff
480914,Piyawadee,Fraisse,2/22/62,6/2/99,1/1/99,Engineer
480919,Tesuya,Czap,9/15/64,3/16/95,1/1/99,Senior Staff
480938,Tze,Waeselynck,4/14/62,12/19/97,1/1/99,Staff
480940,Shigeu,Czaja,1/17/62,12/29/94,1/1/99,Senior Staff
480944,Jacopo,Gaughan,7/13/62,2/9/99,1/1/99,Engineer
480953,Xuejia,Wiegley,2/24/64,3/13/92,1/1/99,Senior Engineer
480957,Thodoros,Benveniste,9/11/62,4/12/85,1/1/99,Staff
480960,Nalini,Rathonyi,2/10/64,3/4/88,1/1/99,Engineer
480961,JoAnne,Crabtree,6/26/62,2/12/00,1/1/99,Senior Engineer
480967,Selwyn,Camarinopoulos,6/27/64,11/5/86,1/1/99,Senior Engineer
480974,Augustine,Yurek,8/13/64,2/1/89,1/1/99,Staff
480977,Yongmin,Frezza,8/8/64,11/22/92,1/1/99,Staff
480978,Petter,Binkley,6/28/62,1/18/97,1/1/99,Engineer
480991,Kien,Borovoy,4/12/64,3/26/92,1/1/99,Senior Staff
480993,Chikako,Parfitt,12/18/62,7/12/91,1/1/99,Senior Staff
481013,Shugo,Nitto,11/21/63,5/17/86,1/1/99,Staff
481015,Domenico,Woycyznski,2/29/64,3/21/95,1/1/99,Engineer
481022,Jianwen,Kaelbling,10/20/63,4/9/95,1/1/99,Staff
481031,Kerhong,Biran,11/3/62,5/26/97,1/1/99,Staff
481032,Kish,Papastamatiou,1/4/64,6/2/94,1/1/99,Assistant Engineer
481042,Shahab,Hofstetter,10/19/64,11/20/99,1/1/99,Engineer
481049,Srinidhi,Pell,11/19/64,1/4/94,1/1/99,Engineer
481050,Weiru,Burnard,1/16/65,10/15/90,1/1/99,Staff
481053,Elgin,Jiafu,10/28/64,4/19/01,1/1/99,Senior Staff
481056,Sachem,Kakkad,11/19/64,6/10/97,1/1/99,Staff
481075,Uriel,Braunmuhl,5/10/62,7/23/85,1/1/99,Senior Staff
481078,Kellie,Simkin,8/18/63,2/2/87,1/1/99,Staff
481081,Weicheng,Farrel,6/15/64,6/6/90,1/1/99,Senior Engineer
481083,Shuji,Poujol,9/25/63,11/5/85,1/1/99,Senior Staff
481085,Slavian,Ramsay,7/6/62,5/21/88,1/1/99,Engineer
481095,Dharmaraja,Gire,7/9/62,9/2/95,1/1/99,Senior Engineer
481099,Along,Sidou,8/27/62,7/19/01,1/1/99,Engineer
481103,Temple,Callaway,4/26/64,5/16/94,1/1/99,Staff
481105,Petter,Zizka,3/25/64,7/18/90,1/1/99,Senior Engineer
481111,Masaki,Tiemann,6/13/64,10/23/99,1/1/99,Engineer
481114,Larisa,Acton,12/31/63,9/12/94,1/1/99,Engineer
481118,Jungsoon,Kalsbeek,9/24/63,9/5/93,1/1/99,Senior Engineer
481120,Kwangho,Terekhov,8/27/64,12/13/99,1/1/99,Engineer
481124,Mara,Khalid,12/27/64,7/8/88,1/1/99,Senior Staff
481130,Gennadi,Hennings,1/9/63,4/2/93,1/1/99,Engineer
481143,Nikolaus,Ramaiah,3/3/64,7/20/91,1/1/99,Senior Engineer
481159,Oscar,Perri,12/25/64,4/26/88,1/1/99,Staff
481167,Uno,Jakobus,2/2/64,11/27/92,1/1/99,Senior Engineer
481169,Vishwani,Zhiwei,2/6/64,5/8/00,1/1/99,Engineer
481173,Shahid,Underwood,4/30/64,6/16/99,1/1/99,Senior Engineer
481184,Guozhong,Plessier,5/20/62,1/11/91,1/1/99,Engineer
481186,Phule,Karunanithi,2/15/62,9/1/87,1/1/99,Staff
481196,Moss,Baumann,4/23/64,8/15/89,1/1/99,Staff
481199,Breannda,Benner,11/30/64,7/29/92,1/1/99,Engineer
481205,Licheng,Chiodo,10/21/63,11/6/93,1/1/99,Engineer
481213,Shigehiro,Haldar,1/8/65,12/14/91,1/1/99,Senior Staff
481214,Manibrata,Standera,10/15/62,6/25/95,1/1/99,Engineer
481230,Shridhar,Parascandalo,8/23/64,5/31/94,1/1/99,Senior Engineer
481233,Khue,Zschoche,2/4/64,2/22/92,1/1/99,Senior Staff
481234,Arif,Collette,6/5/64,9/19/99,1/1/99,Technique Leader
481242,Naftaly,Improta,10/18/62,8/5/94,1/1/99,Engineer
481244,Kellie,Erva,5/13/63,7/27/89,1/1/99,Senior Staff
481247,Tonia,Bednarek,3/6/63,8/28/87,1/1/99,Staff
481259,Toshimitsu,Androutsos,10/26/64,2/4/86,1/1/99,Engineer
481263,Chikara,Straney,7/24/63,11/8/95,1/1/99,Engineer
481272,Chrisa,Baalen,6/14/64,10/7/85,1/1/99,Staff
481282,Masali,Zirintsis,9/13/62,3/5/99,1/1/99,Staff
481283,Hinrich,Zhiwei,4/4/63,4/8/94,1/1/99,Engineer
481299,Kwee,Siepmann,10/22/64,8/20/87,1/1/99,Engineer
481301,Uma,Schneeberger,1/26/64,5/9/96,1/1/99,Senior Staff
481319,Moti,Rusterholz,12/12/63,12/10/90,1/1/99,Senior Engineer
481320,Taisook,Pavlopoulou,11/15/62,5/13/98,1/1/99,Senior Staff
481328,Sungwon,Haddadi,12/19/64,7/7/95,1/1/99,Technique Leader
481330,Odysseas,Asser,3/22/64,5/6/85,1/1/99,Staff
481335,Fun,Bahi,4/15/63,8/1/94,1/1/99,Senior Engineer
481340,Dannz,Matzke,4/11/62,11/7/85,1/1/99,Staff
481344,Godehard,Polupanov,9/22/63,7/20/85,1/1/99,Senior Engineer
481346,Georgy,Cromarty,9/4/62,5/28/92,1/1/99,Senior Engineer
481357,Oguz,Plumb,11/2/64,6/21/90,1/1/99,Staff
481359,Torsten,Covnot,1/8/64,6/11/90,1/1/99,Engineer
481366,Hideo,Magalhaes,6/29/62,2/10/98,1/1/99,Staff
481373,Stella,Emmerich,7/25/62,10/14/92,1/1/99,Senior Staff
481374,Emran,Litzler,9/26/63,2/22/92,1/1/99,Engineer
481383,Weiwu,Yurek,6/10/63,3/20/86,1/1/99,Senior Staff
481390,Martina,Azuma,6/25/63,4/18/94,1/1/99,Technique Leader
481397,Luisa,Chelton,1/31/65,8/13/98,1/1/99,Assistant Engineer
481400,Lijie,Antonisse,6/26/64,11/12/98,1/1/99,Staff
481402,Rasiah,Kriebel,11/6/64,11/7/97,1/1/99,Engineer
481408,Katsuyuki,Suwa,4/25/63,5/17/98,1/1/99,Staff
481409,Bouchung,Rullman,8/23/63,2/8/95,1/1/99,Staff
481424,Shiv,Reinhard,9/16/63,8/12/87,1/1/99,Senior Staff
481427,Kristin,Bakhtari,12/7/62,8/29/99,1/1/99,Senior Engineer
481428,Gully,Underwood,12/8/62,10/10/91,1/1/99,Engineer
481429,Salvador,Mersereau,2/27/63,7/28/97,1/1/99,Senior Engineer
481437,Shichao,Androutsos,2/13/63,6/26/87,1/1/99,Senior Staff
481440,Behnaam,Ratnaker,3/19/62,3/29/99,1/1/99,Staff
481444,Jinxi,Rissland,11/29/63,6/27/98,1/1/99,Senior Engineer
481458,Shuji,Plotkin,1/17/63,7/3/92,1/1/99,Engineer
481461,Aris,Sinicrope,4/14/62,3/6/97,1/1/99,Senior Staff
481463,Dipankar,Chorvat,4/27/64,7/21/89,1/1/99,Staff
481471,Geoff,Suwa,12/25/62,9/23/85,1/1/99,Senior Staff
481472,Bogdan,Zeidenstein,12/21/64,5/23/89,1/1/99,Engineer
481478,Tomofumi,Ducloy,12/31/62,8/16/90,1/1/99,Senior Engineer
481488,Oddvar,Ciolek,3/3/64,5/12/01,1/1/99,Engineer
481509,Mitchel,Highland,10/2/64,2/13/99,1/1/99,Staff
481510,Mantis,Ressouche,8/11/62,4/19/91,1/1/99,Technique Leader
481512,Moheb,Jenevein,8/27/62,2/11/98,1/1/99,Engineer
481533,Premal,Erbe,11/22/64,12/16/92,1/1/99,Senior Engineer
481538,Percy,Szmurlo,7/24/63,9/17/86,1/1/99,Engineer
481539,Tse,Crouzet,11/25/62,11/22/91,1/1/99,Senior Staff
481545,Tokuyasu,Peac,10/7/64,1/29/87,1/1/99,Senior Engineer
481546,Naraig,Tyugu,1/9/64,8/26/97,1/1/99,Assistant Engineer
481552,Jayesh,Axelband,5/16/64,6/30/86,1/1/99,Staff
481564,Leen,Mitchem,10/17/64,5/2/91,1/1/99,Senior Staff
481571,Bodh,Avouris,11/16/63,1/24/01,1/1/99,Engineer
481573,Isaac,Akiyama,8/8/63,5/18/91,1/1/99,Senior Staff
481575,Rosalyn,Panwar,2/7/64,3/15/88,1/1/99,Engineer
481597,Pintsang,Ramsak,10/2/62,10/6/88,1/1/99,Staff
481600,Caolyn,Hitomi,10/3/64,11/25/96,1/1/99,Assistant Engineer
481602,Valeri,Lorie,6/6/63,5/24/98,1/1/99,Engineer
481604,Josyula,Gill,8/16/62,5/23/87,1/1/99,Senior Engineer
481618,Xiaoshan,Szilard,10/31/64,2/17/90,1/1/99,Senior Staff
481619,Troy,Magalhaes,11/5/64,11/30/01,1/1/99,Staff
481620,Rosalie,Einsfeld,7/6/63,11/6/89,1/1/99,Engineer
481627,Sreenivas,Stranks,10/11/62,11/2/94,1/1/99,Staff
481628,Howell,Stiles,5/19/63,9/10/91,1/1/99,Senior Staff
481631,Uno,Encarnacion,2/4/62,5/12/97,1/1/99,Staff
481647,Elvis,Dolinsky,11/11/64,10/25/00,1/1/99,Engineer
481653,Neven,Lorys,5/13/64,11/11/89,1/1/99,Senior Engineer
481659,Yongmao,Beetstra,9/23/63,4/11/88,1/1/99,Engineer
481661,Samphel,Roccetti,5/24/64,11/12/85,1/1/99,Senior Engineer
481662,Rosli,Breugel,2/29/64,10/6/91,1/1/99,Senior Engineer
481665,Zhiwei,Rullman,1/20/62,11/9/96,1/1/99,Senior Staff
481671,Edwin,Zallocco,4/24/63,2/25/89,1/1/99,Senior Staff
481672,Krassimir,Hempstead,8/10/62,4/11/88,1/1/99,Senior Engineer
481681,Koichi,Bahk,4/3/62,1/16/90,1/1/99,Engineer
481688,Muneo,Awdeh,2/16/62,10/7/94,1/1/99,Engineer
481703,Zhigen,Terlouw,10/28/62,5/31/90,1/1/99,Engineer
481711,Mingzeng,Millington,4/27/62,3/18/91,1/1/99,Engineer
481713,Weiru,Varley,3/16/63,1/24/90,1/1/99,Senior Engineer
481720,Tooru,Swift,6/29/62,12/15/95,1/1/99,Engineer
481726,Sasan,Bade,9/23/62,11/22/88,1/1/99,Senior Staff
481732,Uta,Sevcikova,2/13/64,7/2/91,1/1/99,Engineer
481740,Kazunori,Mateescu,1/28/62,6/18/87,1/1/99,Senior Engineer
481742,Kiam,Pokrovskii,4/26/64,12/5/92,1/1/99,Senior Engineer
481744,Berry,Bergere,6/24/64,1/5/89,1/1/99,Senior Staff
481745,Bernice,Georg,5/18/62,6/7/94,1/1/99,Staff
481757,Masako,Einsfeld,6/27/64,7/6/87,1/1/99,Technique Leader
481763,Zissis,Androutsos,7/12/63,7/24/93,1/1/99,Staff
481764,Teiji,Marrakchi,1/27/65,8/26/86,1/1/99,Senior Engineer
481772,Apostol,Rothe,8/2/62,2/8/97,1/1/99,Staff
481773,Gay,Businaro,9/15/64,8/13/97,1/1/99,Senior Engineer
481781,Boguslaw,Montemayor,12/7/64,3/16/94,1/1/99,Senior Staff
481783,Uli,Madeira,11/22/63,5/22/91,1/1/99,Technique Leader
481786,Rafael,Marzano,7/9/63,1/19/91,1/1/99,Senior Engineer
481789,Berto,Rosti,7/19/63,11/18/90,1/1/99,Staff
481790,Haldun,Erie,1/22/65,1/1/99,1/1/99,Senior Engineer
481791,Venkatesan,Tzvieli,6/21/62,12/26/91,1/1/99,Senior Engineer
481792,Basim,Perin,4/7/63,10/17/99,1/1/99,Staff
481799,Sampalli,Maquelin,9/7/63,8/8/95,1/1/99,Senior Staff
481821,Candida,Hainaut,12/4/64,3/1/91,1/1/99,Senior Staff
481823,Keung,DeMori,7/10/64,3/2/95,1/1/99,Staff
481825,Venkatesan,Nastansky,6/10/64,10/2/95,1/1/99,Staff
481830,Apostol,Dulli,5/28/64,9/2/99,1/1/99,Staff
481831,Goetz,Kemmerer,10/4/64,6/13/98,1/1/99,Staff
481834,Siamak,Ferriere,4/7/63,6/4/91,1/1/99,Senior Staff
481835,Honglan,Gulla,12/25/64,3/11/90,1/1/99,Senior Staff
481842,Zissis,Zeleznik,9/5/64,5/22/89,1/1/99,Senior Staff
481844,Arunas,Leivant,2/18/63,3/26/86,1/1/99,Senior Engineer
481848,Akeel,Bernick,12/24/63,7/28/95,1/1/99,Engineer
481849,Mayumi,Krone,1/28/64,5/24/88,1/1/99,Senior Staff
481853,Kamran,Karnin,8/1/63,3/22/88,1/1/99,Senior Engineer
481856,Aran,Ossenbruggen,12/11/63,11/30/93,1/1/99,Senior Staff
481860,Alain,Orlowska,6/13/62,10/24/95,1/1/99,Senior Staff
481862,Subhrajyoti,Katiyar,5/5/62,9/13/89,1/1/99,Staff
481863,Mohammed,Riesenhuber,11/14/62,3/18/94,1/1/99,Staff
481882,Anoosh,Garnick,3/5/62,5/20/97,1/1/99,Engineer
481884,Gurbir,Simkin,12/26/63,11/28/88,1/1/99,Engineer
481887,Danai,Siksek,5/22/64,12/3/86,1/1/99,Senior Staff
481888,Uma,Ermel,2/7/62,2/7/98,1/1/99,Staff
481891,Guttorm,Openshaw,5/28/63,1/20/86,1/1/99,Senior Staff
481898,Shiv,Junet,10/19/62,8/13/95,1/1/99,Senior Engineer
481903,Fayez,Uhrig,8/27/62,7/9/95,1/1/99,Engineer
481908,Peer,Boyle,8/24/63,4/1/86,1/1/99,Senior Engineer
481918,Kagan,Llado,4/27/64,9/30/88,1/1/99,Senior Engineer
481919,Roddy,Vieth,9/1/62,3/24/86,1/1/99,Engineer
481921,Lena,Taubman,9/5/63,12/23/86,1/1/99,Senior Staff
481922,Mani,Baaz,8/27/62,9/20/94,1/1/99,Engineer
481924,Debatosh,Kropatsch,10/24/64,1/7/95,1/1/99,Senior Engineer
481928,Arun,Angelopoulos,5/6/63,10/25/95,1/1/99,Assistant Engineer
481930,Yongmin,Segond,9/25/62,3/16/98,1/1/99,Senior Staff
481933,Christophe,Erdmenger,4/15/63,6/27/92,1/1/99,Senior Engineer
481935,Girolamo,Mapelli,11/30/62,1/20/97,1/1/99,Senior Engineer
481948,Margo,Merks,8/14/63,6/10/88,1/1/99,Senior Staff
481951,Fumitaka,Spell,6/9/62,5/21/86,1/1/99,Engineer
481955,Peer,Angelopoulos,4/19/64,6/30/99,1/1/99,Engineer
481956,Emdad,Lund,3/21/64,11/23/95,1/1/99,Engineer
481958,Zhilian,Serre,2/24/64,9/12/87,1/1/99,Senior Staff
481960,Georg,Wixon,1/20/64,5/23/88,1/1/99,Engineer
481966,Zhilian,Warwick,4/8/63,6/30/89,1/1/99,Engineer
481967,Uwe,Anido,9/21/62,4/26/88,1/1/99,Senior Engineer
481976,Valery,Melton,11/19/63,2/29/88,1/1/99,Senior Staff
481977,Uriel,Shackel,2/6/62,7/4/95,1/1/99,Senior Staff
481980,Stepehn,Akiyama,2/1/63,9/5/97,1/1/99,Staff
481982,Masako,Anick,4/29/62,10/7/87,1/1/99,Senior Engineer
481984,Jayesh,Ambroszkiewicz,12/9/64,11/5/93,1/1/99,Senior Staff
481994,Rutger,Birjandi,10/4/63,6/10/93,1/1/99,Staff
481997,Mana,Dusink,12/17/64,12/6/96,1/1/99,Staff
482002,Dung,Denna,1/18/63,1/9/94,1/1/99,Senior Engineer
482013,Kwangsub,Aloia,11/11/63,4/3/86,1/1/99,Senior Staff
482014,Steve,Ritcey,2/17/62,11/9/89,1/1/99,Assistant Engineer
482018,Bodh,Luon,10/4/62,5/9/94,1/1/99,Senior Engineer
482031,Qiwen,Bazelow,11/20/64,8/26/97,1/1/99,Senior Engineer
482032,Renee,Hooghiemstra,9/8/62,10/4/86,1/1/99,Technique Leader
482034,Sedat,Welham,2/23/62,12/10/95,1/1/99,Engineer
482042,Shan,Luce,8/13/62,8/5/88,1/1/99,Staff
482046,Gio,Ladret,3/5/62,5/1/92,1/1/99,Technique Leader
482047,Rafail,Shihab,11/17/64,1/6/97,1/1/99,Engineer
482051,Shalesh,Tsukuda,7/7/64,9/6/91,1/1/99,Senior Staff
482065,Feixiong,Sudbeck,4/23/64,12/11/85,1/1/99,Engineer
482073,Froduald,Validov,9/24/63,2/13/95,1/1/99,Staff
482081,Roddy,Mahnke,2/2/62,10/28/92,1/1/99,Engineer
482083,Ebbe,Prochazka,4/30/64,9/26/87,1/1/99,Engineer
482089,Etsuo,Byoun,4/1/62,12/1/92,1/1/99,Senior Engineer
482094,Kristen,Schrooten,8/23/64,11/11/92,1/1/99,Staff
482099,Sachio,Panangaden,8/18/63,8/8/92,1/1/99,Engineer
482106,Dinkar,Sambasivam,9/27/62,3/7/98,1/1/99,Engineer
482108,Zejun,Giaccio,7/16/63,8/5/99,1/1/99,Staff
482110,Fatemeh,Parhami,9/11/64,2/14/93,1/1/99,Senior Staff
482113,Bernardo,Perng,7/19/62,1/12/95,1/1/99,Staff
482122,Khosrow,Biran,11/4/64,12/1/90,1/1/99,Senior Staff
482125,Joydip,Vrecion,3/25/63,1/2/99,1/1/99,Senior Engineer
482137,Maya,Cesareni,3/4/64,2/8/85,1/1/99,Staff
482138,Stafford,Guting,6/14/63,10/15/89,1/1/99,Engineer
482141,Boaz,Whitcomb,3/23/62,3/1/98,1/1/99,Engineer
482149,Theron,Menhardt,4/22/62,2/19/97,1/1/99,Staff
482153,Ortrun,Pehl,10/18/63,11/5/97,1/1/99,Engineer
482167,Marit,Auria,9/10/64,10/11/96,1/1/99,Staff
482171,Basil,Huttel,11/22/63,3/24/91,1/1/99,Senior Staff
482176,Francesca,Farrow,9/20/63,7/14/93,1/1/99,Engineer
482179,Nidapan,Duclos,12/23/63,6/12/98,1/1/99,Staff
482181,Serap,Picci,9/1/64,12/23/98,1/1/99,Staff
482185,Suvo,Pramanik,10/24/62,2/16/91,1/1/99,Senior Staff
482193,Jovan,Beausoleil,11/15/62,10/6/91,1/1/99,Senior Staff
482195,Vivian,Thummel,7/22/63,5/28/87,1/1/99,Engineer
482198,Zhilian,Plump,5/19/62,5/16/96,1/1/99,Staff
482201,Kensyu,Coorg,9/2/64,11/18/86,1/1/99,Senior Staff
482206,Christophe,Muntz,2/10/63,8/18/97,1/1/99,Engineer
482208,Rildo,Gide,2/19/63,4/5/00,1/1/99,Senior Staff
482209,Suvo,Vanwelkenhuysen,10/25/63,3/16/91,1/1/99,Staff
482212,Vojin,Detkin,10/24/64,5/24/91,1/1/99,Senior Engineer
482223,Guenter,Honiden,4/21/64,12/27/94,1/1/99,Staff
482224,Mahendra,Rattan,3/11/64,12/25/92,1/1/99,Technique Leader
482228,Gaetan,Greenaway,1/14/62,3/2/99,1/1/99,Staff
482233,Paloma,DeMori,11/25/62,6/8/96,1/1/99,Senior Staff
482239,Anwar,Speel,12/12/64,11/18/86,1/1/99,Senior Engineer
482245,Kendra,Highland,4/22/64,4/7/85,1/1/99,Senior Engineer
482250,Arto,Sidhu,2/11/63,11/22/87,1/1/99,Senior Staff
482253,Uwe,Roccetti,1/26/62,1/19/96,1/1/99,Assistant Engineer
482255,Brendon,Gente,9/12/63,8/30/89,1/1/99,Staff
482259,Berthier,Ranai,9/6/63,8/12/99,1/1/99,Senior Engineer
482262,Carrsten,Milicic,9/18/62,5/21/98,1/1/99,Staff
482264,Kannan,Berstel,4/1/63,11/22/89,1/1/99,Senior Engineer
482265,Karoline,Businaro,12/22/64,1/10/95,1/1/99,Staff
482272,Nalini,Trystram,3/31/64,9/30/85,1/1/99,Senior Staff
482296,Naraig,Gils,8/7/64,1/22/89,1/1/99,Senior Staff
482309,Mizuhito,Lindqvist,6/19/63,2/17/95,1/1/99,Senior Engineer
482310,Sorina,Peral,3/22/63,9/29/89,1/1/99,Staff
482316,Oguz,Lanphier,3/17/64,8/8/91,1/1/99,Senior Engineer
482318,Premal,Suomi,5/23/64,8/12/88,1/1/99,Engineer
482323,Nidapan,Bamford,4/15/62,8/15/98,1/1/99,Engineer
482335,Kwangyoen,Peck,1/26/65,1/16/94,1/1/99,Engineer
482336,Anneke,Tsukuda,3/1/64,8/14/86,1/1/99,Senior Staff
482354,Jayson,Zockler,1/23/65,11/6/99,1/1/99,Staff
482359,Spyrose,Ginneken,4/20/64,4/11/91,1/1/99,Senior Staff
482364,Moss,Aseltine,12/3/64,9/29/89,1/1/99,Senior Engineer
482367,Yaghout,Kadhim,9/28/62,10/4/94,1/1/99,Engineer
482369,Manu,Narahari,1/27/63,2/15/94,1/1/99,Engineer
482370,Werner,Usdin,10/12/64,4/13/89,1/1/99,Senior Staff
482371,Geraldo,Benzaken,7/19/64,7/10/95,1/1/99,Engineer
482373,Mingsen,Decaestecker,5/31/62,10/2/97,1/1/99,Engineer
482380,Torsten,Choobineh,10/12/62,2/18/94,1/1/99,Engineer
482381,Atreyi,Larfeldt,11/26/62,3/7/93,1/1/99,Senior Staff
482385,Minghong,Pelc,11/16/63,11/24/90,1/1/99,Senior Engineer
482390,Miomir,Ishibashi,8/23/62,7/2/91,1/1/99,Engineer
482396,Sanjay,Masada,1/19/62,12/21/86,1/1/99,Technique Leader
482398,Lillian,DuBourdieux,7/28/62,2/21/93,1/1/99,Senior Staff
482401,Stein,Spelt,6/10/62,8/28/98,1/1/99,Engineer
482406,Mohd,Braunschweig,8/26/64,11/16/85,1/1/99,Technique Leader
482409,Shrikanth,Perin,9/13/63,12/30/85,1/1/99,Engineer
482418,Luisa,Moffat,10/26/63,5/2/85,1/1/99,Senior Engineer
482424,Domenick,Bazelow,7/3/63,11/17/98,1/1/99,Staff
482426,Kwun,Roison,8/20/62,2/16/88,1/1/99,Staff
482428,Khaled,Oehlmann,4/6/62,1/6/01,1/1/99,Engineer
482437,Gererd,Bernick,4/11/62,4/6/98,1/1/99,Staff
482442,Sadok,Desikan,8/2/62,5/30/89,1/1/99,Technique Leader
482445,Hironoby,Schaaf,3/23/64,4/13/88,1/1/99,Senior Staff
482462,Krassimir,Suri,5/9/64,11/4/85,1/1/99,Senior Engineer
482463,Theirry,Dayana,4/6/63,2/6/91,1/1/99,Senior Engineer
482464,Genta,Negoita,3/19/62,6/10/91,1/1/99,Senior Staff
482468,JoAnna,Koyama,5/1/62,12/19/93,1/1/99,Staff
482477,Hisao,Pollock,1/11/63,5/14/93,1/1/99,Senior Engineer
482481,Rosalyn,Erol,4/9/62,11/7/92,1/1/99,Engineer
482485,Kazuhisa,Cunliffe,12/8/64,4/19/89,1/1/99,Senior Staff
482489,Guttorm,Antonisse,9/16/62,2/2/91,1/1/99,Senior Engineer
482491,Zdislav,Muhlberg,11/8/63,5/19/98,1/1/99,Staff
482496,Aamer,Heydon,11/17/62,4/7/90,1/1/99,Technique Leader
482500,Pradeep,Etalle,1/31/63,3/31/87,1/1/99,Senior Staff
482505,Faiza,Waschkowski,5/4/62,4/8/97,1/1/99,Staff
482508,Bingning,Streit,12/31/62,9/14/89,1/1/99,Staff
482509,Kinh,Luby,9/12/63,10/27/90,1/1/99,Senior Staff
482511,Peer,Erez,4/27/62,3/25/86,1/1/99,Senior Engineer
482516,Tesuro,Polupanov,1/7/63,9/23/94,1/1/99,Senior Staff
482525,Aksel,Boudaillier,4/29/64,7/22/01,1/1/99,Staff
482528,Abdelaziz,Zastre,2/27/64,7/14/85,1/1/99,Senior Engineer
482530,Doowon,McConalogue,7/23/63,7/25/90,1/1/99,Senior Staff
482533,Ziva,Cyre,6/8/63,4/30/87,1/1/99,Senior Engineer
482536,Kiyomitsu,Socorro,1/31/63,11/5/99,1/1/99,Engineer
482543,Rimli,Kawashimo,3/12/63,11/16/89,1/1/99,Senior Staff
482553,Kerryn,Pelz,5/9/63,12/17/01,1/1/99,Engineer
482554,Fabrizio,Businaro,2/26/64,8/22/87,1/1/99,Senior Staff
482558,Boguslaw,Gustavson,3/6/62,12/7/93,1/1/99,Senior Staff
482567,Erzsebet,Mullainathan,2/15/63,3/5/99,1/1/99,Senior Engineer
482570,Elvia,Alblas,8/25/64,12/3/86,1/1/99,Technique Leader
482589,Takahito,Fairtlough,2/25/63,9/14/99,1/1/99,Engineer
482595,Ramya,Delgrossi,9/17/63,10/6/86,1/1/99,Senior Engineer
482597,Radoslaw,Waleschkowski,4/5/63,8/3/98,1/1/99,Staff
482600,Larisa,Bouloucos,3/22/64,1/8/91,1/1/99,Senior Staff
482605,Yongmin,Steinauer,11/28/63,6/1/85,1/1/99,Senior Engineer
482607,Arunas,Kroha,2/29/64,7/23/95,1/1/99,Senior Staff
482627,Brendon,Camurati,4/30/63,2/27/88,1/1/99,Staff
482636,Hatsukazu,Fargier,1/23/63,7/8/95,1/1/99,Engineer
482638,King,Melski,2/29/64,3/29/96,1/1/99,Staff
482639,Jacopo,Anick,8/12/64,9/5/87,1/1/99,Engineer
482641,Kristin,Hanratty,8/9/63,8/29/86,1/1/99,Senior Engineer
482642,Vugranam,Mahnke,4/27/64,7/19/90,1/1/99,Senior Staff
482644,Fumitaka,Uhrig,11/17/64,11/18/96,1/1/99,Staff
482645,Masato,Jenevein,10/16/62,8/20/93,1/1/99,Staff
482678,Vojin,Sluis,9/18/64,3/25/96,1/1/99,Staff
482680,Toshiki,Herber,5/18/63,6/15/94,1/1/99,Staff
482681,Dannz,Prochazka,8/12/63,6/25/99,1/1/99,Staff
482683,George,Thombley,8/23/63,12/31/89,1/1/99,Senior Staff
482684,Krister,Zielinski,9/7/62,10/13/00,1/1/99,Engineer
482694,Mohamadou,Bernick,3/3/62,11/5/86,1/1/99,Staff
482696,Utz,Servieres,3/23/64,5/13/99,1/1/99,Staff
482699,Tomokazu,Chleq,6/20/63,6/13/95,1/1/99,Engineer
482705,Elzbieta,Chleq,10/5/64,1/31/88,1/1/99,Senior Staff
482706,Howell,Wallrath,1/11/63,2/16/92,1/1/99,Senior Staff
482710,Takahito,Munch,6/11/63,8/26/93,1/1/99,Staff
482728,Roselyn,Lalonde,4/12/63,10/13/99,1/1/99,Engineer
482736,Huican,Noriega,5/27/63,5/22/93,1/1/99,Senior Engineer
482739,Paddy,Turnbull,3/14/63,6/26/93,1/1/99,Senior Staff
482745,Pranas,Peot,11/10/64,5/2/91,1/1/99,Senior Staff
482751,Miomir,Orlowski,7/20/64,3/19/90,1/1/99,Engineer
482755,Jouni,Conia,1/3/65,10/31/94,1/1/99,Senior Staff
482758,Frazer,Roisin,1/19/64,11/17/87,1/1/99,Senior Staff
482767,Khaled,McClurg,1/16/63,9/24/87,1/1/99,Senior Staff
482770,Gen,Brandsma,4/30/63,2/9/88,1/1/99,Senior Engineer
482775,Susanta,Lores,4/17/63,1/1/94,1/1/99,Engineer
482780,Rasiah,Kalsbeek,1/4/63,6/11/95,1/1/99,Engineer
482788,Lokesh,Sudkamp,12/18/63,11/25/90,1/1/99,Staff
482792,Charlene,Passino,6/28/64,4/14/01,1/1/99,Senior Staff
482799,Hidekazu,Orsini,7/22/64,10/21/90,1/1/99,Senior Engineer
482805,Arif,Braunschweig,8/3/62,1/25/90,1/1/99,Engineer
482810,Sadok,Mahmud,10/20/62,10/17/97,1/1/99,Engineer
482815,Beshir,Dredge,11/10/63,9/9/99,1/1/99,Engineer
482817,Gererd,Frijda,3/11/63,1/5/94,1/1/99,Senior Engineer
482821,Brendon,Bazzichi,12/4/63,1/8/02,1/1/99,Staff
482827,Yuguang,Porotnikoff,6/22/63,6/22/96,1/1/99,Engineer
482833,Hideo,Cromarty,8/18/62,11/23/90,1/1/99,Senior Engineer
482850,Beshir,Emden,10/18/64,1/15/91,1/1/99,Technique Leader
482858,Kauko,Kavraki,3/11/62,12/8/92,1/1/99,Senior Staff
482864,Ioana,Krone,7/6/63,12/5/95,1/1/99,Senior Staff
482865,Steve,Rahimi,8/10/64,1/15/96,1/1/99,Technique Leader
482880,Thanasis,Przulj,8/11/63,1/13/92,1/1/99,Engineer
482882,Kasidit,Nitsche,10/10/62,12/22/95,1/1/99,Staff
482885,Shaunak,Brizzi,1/29/65,9/2/88,1/1/99,Assistant Engineer
482898,Fayez,Swick,10/6/62,7/8/96,1/1/99,Technique Leader
482905,Aral,Hebden,1/16/65,9/10/91,1/1/99,Senior Staff
482916,Vasilis,Kisuki,12/15/62,3/21/94,1/1/99,Senior Engineer
482918,Armond,Lieberherr,10/7/64,4/9/99,1/1/99,Technique Leader
482920,Jasminko,Ranai,8/28/63,4/11/99,1/1/99,Engineer
482924,Collette,Perl,10/5/62,8/25/94,1/1/99,Engineer
482928,Changho,Tischendorf,8/1/64,9/7/97,1/1/99,Engineer
482932,Shalesh,Cummings,6/25/62,8/23/91,1/1/99,Senior Staff
482939,Etsuo,Piazza,7/8/62,4/30/95,1/1/99,Engineer
482940,Tremaine,Vanwelkenhuysen,1/31/64,12/18/90,1/1/99,Technique Leader
482943,Sanjiv,Cyre,12/4/63,11/26/91,1/1/99,Engineer
482944,Duke,Journel,1/26/65,10/26/91,1/1/99,Senior Staff
482946,Tetsushi,Coorg,8/20/64,11/21/92,1/1/99,Engineer
482947,Mitchel,Restivo,6/5/63,2/23/02,1/1/99,Senior Engineer
482948,Oddvar,Baja,7/10/64,3/7/94,1/1/99,Engineer
482956,Laurentiu,Fiebach,10/15/64,7/3/01,1/1/99,Staff
482957,Frederique,Badache,12/5/62,4/2/94,1/1/99,Senior Staff
482961,Oscal,Tsukuda,3/24/62,7/9/89,1/1/99,Engineer
482964,Sariel,Schahn,1/21/64,6/30/93,1/1/99,Senior Engineer
482990,Gil,Gewali,10/5/63,1/16/00,1/1/99,Staff
482995,Surveyors,Murillo,6/29/64,12/24/99,1/1/99,Staff
483001,Dinah,Baez,2/23/63,10/12/86,1/1/99,Engineer
483009,Zhongwei,Kobara,8/15/62,3/28/92,1/1/99,Senior Staff
483012,Rosella,Garnier,4/14/64,11/26/96,1/1/99,Senior Engineer
483014,Shigeichiro,Khalid,4/18/63,3/15/90,1/1/99,Senior Staff
483025,Marc,Maierhofer,9/9/62,1/12/90,1/1/99,Senior Engineer
483026,Tse,Ginesta,5/25/63,4/15/90,1/1/99,Senior Staff
483027,Gritta,Molberg,9/21/64,2/2/96,1/1/99,Senior Staff
483031,Augustine,Ducloy,8/18/64,2/10/93,1/1/99,Engineer
483036,Sadok,Krupka,7/30/62,11/25/85,1/1/99,Senior Staff
483040,Ulises,Berztiss,9/6/64,9/19/92,1/1/99,Engineer
483054,Kellyn,Lieberherr,2/23/64,2/16/97,1/1/99,Staff
483061,Martina,Bage,10/16/64,3/1/96,1/1/99,Engineer
483070,Lansing,Bail,10/29/62,5/5/85,1/1/99,Staff
483071,Rildo,Keirsey,7/13/64,7/30/93,1/1/99,Senior Engineer
483086,Taizo,Felcyn,1/31/64,11/18/89,1/1/99,Engineer
483099,Rosalyn,Kalorkoti,10/3/63,6/24/98,1/1/99,Engineer
483101,Marla,Lichtner,10/22/62,4/17/94,1/1/99,Engineer
483119,Shirish,Pettit,12/16/63,12/20/93,1/1/99,Senior Staff
483121,Phuoc,Sanella,4/28/62,7/10/96,1/1/99,Senior Staff
483134,Harngdar,Schueller,7/9/62,3/14/87,1/1/99,Senior Engineer
483137,Youssef,Khalil,11/15/64,10/13/89,1/1/99,Engineer
483138,Gou,Linnainmaa,5/8/63,2/15/96,1/1/99,Senior Engineer
483142,Sreenivas,Keustermans,7/5/62,5/10/96,1/1/99,Engineer
483143,Danny,Naumovich,2/16/62,10/5/91,1/1/99,Senior Engineer
483148,Basem,Zolotykh,10/28/64,4/1/94,1/1/99,Staff
483155,Gregory,Snedden,2/13/63,4/30/00,1/1/99,Senior Staff
483165,Aluzio,Backhouse,7/13/64,1/24/94,1/1/99,Senior Staff
483168,Takanari,Hettesheimer,2/18/62,5/24/93,1/1/99,Senior Engineer
483170,Shigehito,Pashtan,10/18/63,7/28/85,1/1/99,Engineer
483172,Sachin,Sherertz,1/19/64,9/10/93,1/1/99,Engineer
483173,Zongyan,DeMori,6/23/64,10/11/94,1/1/99,Assistant Engineer
483174,Hailing,Schiper,5/16/64,5/20/90,1/1/99,Senior Staff
483179,Shaunak,Aloia,9/11/64,2/24/85,1/1/99,Senior Staff
483181,Adas,Sridhar,8/25/62,11/19/91,1/1/99,Technique Leader
483188,Yuqun,Awdeh,12/4/62,11/7/90,1/1/99,Staff
483192,Steve,Veldwijk,3/4/63,11/29/97,1/1/99,Engineer
483194,Divier,Birrer,5/22/62,5/14/90,1/1/99,Staff
483197,Kazuhide,Vanwelkenhuysen,12/14/64,9/4/88,1/1/99,Senior Staff
483223,Gadiel,Usery,11/29/63,7/29/86,1/1/99,Senior Staff
483232,Youjian,Hoogerwoord,5/20/63,11/30/98,1/1/99,Technique Leader
483236,Nahid,Guting,4/22/64,9/25/92,1/1/99,Senior Staff
483238,Siddarth,Reinhard,12/31/64,5/21/96,1/1/99,Senior Engineer
483239,Duro,Breugel,8/14/64,2/27/95,1/1/99,Senior Engineer
483244,Kazuhide,Kalloufi,6/1/64,5/21/92,1/1/99,Senior Engineer
483254,Kokou,Suwa,5/17/64,7/16/91,1/1/99,Senior Engineer
483259,Toong,Coorg,10/1/63,9/25/98,1/1/99,Senior Engineer
483266,Marie,Stafford,12/30/63,10/10/88,1/1/99,Staff
483279,Lunjin,Wrigley,2/22/64,9/2/87,1/1/99,Engineer
483282,Masoud,Thisen,3/8/62,6/6/88,1/1/99,Staff
483284,Xuejia,Munawer,11/4/62,10/14/00,1/1/99,Engineer
483287,Dmitry,Ghazalie,6/15/63,12/12/85,1/1/99,Engineer
483290,Ashish,Zultner,7/10/62,10/31/99,1/1/99,Engineer
483296,Gift,Brobst,8/30/64,8/21/88,1/1/99,Engineer
483307,Domenico,Merle,4/19/63,8/25/98,1/1/99,Engineer
483309,Dharmaraja,Kaltofen,1/8/62,4/15/91,1/1/99,Engineer
483310,Masamitsu,Heering,9/6/63,12/3/86,1/1/99,Engineer
483316,Khosrow,Ventosa,4/18/64,9/16/99,1/1/99,Engineer
483317,Toney,Gargeya,7/15/64,7/11/91,1/1/99,Senior Engineer
483318,Oldrich,McFarlin,8/18/63,2/16/91,1/1/99,Senior Engineer
483321,Xiaocheng,Verhoeff,11/20/62,6/18/99,1/1/99,Staff
483329,Berthier,Zucker,4/25/62,1/31/90,1/1/99,Senior Engineer
483330,Subir,Boreale,2/5/62,9/19/85,1/1/99,Senior Engineer
483335,Dharmaraja,Soloway,6/9/62,1/31/97,1/1/99,Senior Staff
483337,Remko,Luit,12/26/63,11/28/92,1/1/99,Engineer
483338,Mohammad,Kampfer,3/23/63,4/2/86,1/1/99,Senior Engineer
483344,Gianluca,Swift,12/22/63,8/1/92,1/1/99,Senior Staff
483345,Oddvar,Suomi,6/30/64,6/22/85,1/1/99,Senior Staff
483346,Vivian,Schiper,11/22/64,2/9/92,1/1/99,Senior Engineer
483349,Ortrud,Badache,9/26/64,8/19/89,1/1/99,Staff
483356,Niclas,Glinert,9/11/62,11/30/99,1/1/99,Engineer
483362,Gilbert,Gini,7/12/63,7/2/94,1/1/99,Engineer
483383,Mingdong,Bondorf,8/25/62,12/19/96,1/1/99,Staff
483388,Ziyad,Takanami,12/5/62,11/3/92,1/1/99,Senior Engineer
483391,Kristinn,Simkin,5/21/63,1/3/97,1/1/99,Engineer
483394,Remco,Badr,7/21/64,3/18/89,1/1/99,Senior Staff
483401,Rosita,Pokrovskii,1/10/65,8/3/96,1/1/99,Senior Staff
483412,Gonzalo,Bultermann,6/3/64,11/14/95,1/1/99,Engineer
483418,Berni,Marrakchi,7/11/62,1/24/97,1/1/99,Senior Staff
483423,Sven,Matzel,1/21/64,5/1/95,1/1/99,Staff
483424,Chaitali,Pargaonkar,10/22/64,10/27/90,1/1/99,Senior Staff
483430,Padma,Kalloufi,10/20/63,9/23/86,1/1/99,Engineer
483442,Haldun,Undy,4/8/64,4/24/89,1/1/99,Engineer
483446,LiMin,Serot,1/21/64,4/8/91,1/1/99,Senior Staff
483453,Tadanori,Piancastelli,3/6/62,10/18/85,1/1/99,Engineer
483454,Tsutomu,Wynblatt,6/9/62,2/5/88,1/1/99,Technique Leader
483455,Hideyuki,Cmelik,9/21/62,1/6/91,1/1/99,Senior Staff
483460,Leucio,Stiles,8/22/63,7/14/92,1/1/99,Staff
483468,Tuval,Berstel,1/8/64,8/15/94,1/1/99,Senior Staff
483469,Shao,Kaltofen,3/26/62,11/3/95,1/1/99,Senior Staff
483470,Alois,Srimani,11/23/63,9/6/85,1/1/99,Engineer
483475,Wuxu,Bergere,2/4/64,12/3/89,1/1/99,Staff
483483,Alper,Shigei,9/5/62,12/16/85,1/1/99,Senior Staff
483502,Petter,Lung,1/17/63,5/5/92,1/1/99,Engineer
483506,Masako,Dichev,8/5/63,10/19/96,1/1/99,Senior Engineer
483508,Djelloul,Esposito,4/26/63,9/4/99,1/1/99,Engineer
483510,Shigeaki,Tetzlaff,1/18/63,9/11/90,1/1/99,Senior Staff
483515,Mats,Ushiama,7/16/63,9/29/99,1/1/99,Engineer
483520,Anoosh,Lanteri,6/3/64,8/17/92,1/1/99,Engineer
483523,Arumugam,Bodoff,5/4/63,5/17/93,1/1/99,Assistant Engineer
483535,Uno,Cronan,12/13/64,5/18/98,1/1/99,Engineer
483536,Teiji,Guenter,3/3/62,4/3/01,1/1/99,Senior Engineer
483545,Sadok,Crouzet,4/14/63,8/29/99,1/1/99,Senior Engineer
483548,Djelloul,Rosca,3/9/62,10/22/85,1/1/99,Senior Engineer
483562,Itzchak,Gniady,12/29/64,4/15/97,1/1/99,Technique Leader
483563,Marc,Braunmuhl,5/9/64,11/5/86,1/1/99,Engineer
483575,Raimond,Talmor,12/4/62,1/16/95,1/1/99,Staff
483577,Sarita,Kolinko,4/15/63,3/11/95,1/1/99,Engineer
483579,Duke,Kobuchi,10/1/63,3/20/86,1/1/99,Senior Staff
483583,Dipankar,Hofstetter,12/15/63,11/11/99,1/1/99,Engineer
483585,Mara,Dayang,12/29/62,12/19/97,1/1/99,Engineer
483589,Zijian,Keirsey,5/5/63,11/8/91,1/1/99,Staff
483591,Alair,Ponthieu,7/11/64,3/30/89,1/1/99,Technique Leader
483599,Morrie,Zultner,5/6/64,8/15/86,1/1/99,Senior Staff
483613,Masaki,Thorelli,5/30/63,9/14/88,1/1/99,Senior Staff
483624,Bernardo,Mersereau,9/29/64,3/23/86,1/1/99,Staff
483626,Arvind,Delgrossi,6/23/62,7/21/90,1/1/99,Technique Leader
483630,Mana,Vandervoorde,9/5/63,3/29/95,1/1/99,Engineer
483632,Oscar,Riexinger,7/20/64,5/20/98,1/1/99,Engineer
483638,Kellyn,Baak,10/21/62,1/8/90,1/1/99,Staff
483640,Geoff,Antonisse,7/20/62,1/11/98,1/1/99,Engineer
483646,Ger,Matzke,4/19/63,8/13/86,1/1/99,Engineer
483653,Masami,Feldhoffer,12/4/64,7/27/93,1/1/99,Staff
483654,Bodh,Velardi,4/27/63,5/7/99,1/1/99,Staff
483655,Ingemar,Oberman,6/21/63,12/3/96,1/1/99,Engineer
483664,Mari,Cooman,9/25/64,1/13/94,1/1/99,Senior Staff
483669,Achilleas,Murtafg,6/16/62,5/26/86,1/1/99,Senior Staff
483670,Larisa,Selvestrel,8/19/62,2/6/92,1/1/99,Staff
483674,Jouko,Bage,10/25/62,8/17/96,1/1/99,Staff
483675,Hausi,Kamber,1/22/65,2/16/88,1/1/99,Senior Engineer
483679,Fen,Roison,8/29/63,10/10/86,1/1/99,Senior Engineer
483680,Kiyomitsu,Rosch,1/5/63,12/13/94,1/1/99,Senior Staff
483683,Adam,Munch,1/21/64,7/30/96,1/1/99,Senior Engineer
483686,Mrinalini,Munos,10/21/63,3/26/94,1/1/99,Staff
483689,Lijie,Valiente,12/22/64,3/2/00,1/1/99,Engineer
483696,Ramachenga,Brattka,6/29/64,2/24/98,1/1/99,Engineer
483704,Georg,Pocchiola,10/26/64,2/17/90,1/1/99,Senior Engineer
483705,Jiang,Melton,12/23/63,10/4/96,1/1/99,Engineer
483706,Vasilii,Michaels,7/26/62,10/13/92,1/1/99,Engineer
483720,Aran,Schwaller,12/17/62,11/30/95,1/1/99,Engineer
483721,Shem,Muhlberg,6/8/62,12/12/87,1/1/99,Engineer
483722,Herbert,Kalorkoti,1/11/63,2/14/88,1/1/99,Senior Engineer
483727,Elvia,Fraisse,3/18/62,12/25/93,1/1/99,Senior Staff
483730,Becky,Czaja,4/25/62,10/7/86,1/1/99,Senior Staff
483735,Denny,Casperson,11/27/64,9/23/85,1/1/99,Senior Engineer
483736,Zejun,Heiserman,1/16/64,1/2/89,1/1/99,Engineer
483739,Jiang,Bierbaum,7/8/64,11/23/93,1/1/99,Senior Engineer
483740,Arie,Keirsey,6/18/62,5/5/99,1/1/99,Assistant Engineer
483742,Guangming,Vilarrasa,12/1/64,1/12/93,1/1/99,Senior Engineer
483743,Mabhin,Greenaway,11/24/62,5/9/88,1/1/99,Staff
483746,Kerryn,Hellwagner,10/18/64,8/13/93,1/1/99,Senior Engineer
483751,Arra,Waschkowski,11/29/64,4/21/93,1/1/99,Engineer
483756,JiYoung,Qiwen,3/14/63,4/9/85,1/1/99,Senior Staff
483759,Conrado,Norsworthy,4/18/64,1/29/97,1/1/99,Staff
483762,Elvis,Kitsuregawa,3/18/63,6/17/93,1/1/99,Technique Leader
483769,Chikara,Stamatiou,6/24/63,6/4/86,1/1/99,Staff
483778,Ymte,Dichev,10/19/62,6/17/98,1/1/99,Staff
483783,Abdulla,Harllee,5/13/64,2/8/88,1/1/99,Senior Staff
483784,Amabile,Schonegge,9/23/63,3/29/01,1/1/99,Senior Engineer
483788,Leif,Worfolk,1/17/64,6/10/95,1/1/99,Engineer
483789,Jinya,Picel,3/23/63,5/21/89,1/1/99,Senior Engineer
483793,Sachio,Binkley,4/18/63,1/24/02,1/1/99,Staff
483795,Weijing,Stranks,6/28/64,8/26/97,1/1/99,Engineer
483804,Atreye,Ranum,7/31/64,12/15/93,1/1/99,Senior Staff
483810,Magy,Benner,12/30/64,6/13/96,1/1/99,Engineer
483811,Srinidhi,Rassart,8/1/64,12/9/88,1/1/99,Staff
483812,Bangqing,Bressoud,11/11/64,12/3/86,1/1/99,Senior Engineer
483822,Shao,Tischendorf,8/14/64,8/15/97,1/1/99,Staff
483825,Marek,Mitchem,1/22/65,11/20/92,1/1/99,Senior Engineer
483826,Sedat,Grandbois,12/13/62,12/8/85,1/1/99,Senior Engineer
483827,Xiaoshan,Camurati,12/23/63,5/31/99,1/1/99,Staff
483838,Sham,Kavanagh,1/3/65,12/18/97,1/1/99,Assistant Engineer
483850,Shahaf,Schusler,4/21/62,2/3/86,1/1/99,Senior Engineer
483851,Parto,Collette,5/7/64,12/25/95,1/1/99,Assistant Engineer
483856,Radhika,Luiz,3/28/62,2/28/91,1/1/99,Engineer
483860,Anwar,Luby,3/9/64,6/27/87,1/1/99,Staff
483878,Gou,Lipner,5/16/63,8/31/86,1/1/99,Senior Engineer
483885,Jiakeng,Thiran,11/27/62,11/13/87,1/1/99,Senior Engineer
483886,Tokuyasu,Rissland,7/27/62,11/15/89,1/1/99,Senior Engineer
483913,Constantine,Engberts,9/8/63,4/18/97,1/1/99,Senior Staff
483917,Elvis,Lamba,1/2/64,9/27/89,1/1/99,Engineer
483920,Shaleah,Stroustrup,5/16/63,3/21/85,1/1/99,Engineer
483928,Herb,Ratnakar,11/22/64,12/16/97,1/1/99,Senior Engineer
483941,Tua,Knightly,8/30/62,1/27/00,1/1/99,Staff
483949,Ishfaq,McFarlin,1/19/63,2/27/94,1/1/99,Senior Engineer
483953,Rafols,Varker,11/7/64,12/28/98,1/1/99,Engineer
483958,Manu,Taubenfeld,12/6/62,1/2/00,1/1/99,Engineer
483972,Otilia,Akaboshi,10/10/63,8/19/96,1/1/99,Technique Leader
483975,Yifei,Kornatzky,8/2/64,11/11/96,1/1/99,Engineer
483978,Dung,Tanemo,1/24/65,1/28/90,1/1/99,Senior Staff
483980,Stepehn,Zizka,10/6/63,4/24/85,1/1/99,Senior Staff
483982,Aiichiro,Pelc,6/13/64,2/1/87,1/1/99,Senior Staff
483991,Barun,Morrow,11/9/62,7/27/89,1/1/99,Engineer
483994,Nahum,Stifter,2/10/62,3/27/95,1/1/99,Engineer
484003,Vincent,Irland,1/17/63,5/10/95,1/1/99,Staff
484007,Kwangyoen,Lipner,6/23/63,3/11/88,1/1/99,Senior Staff
484008,Pramod,Matheson,5/6/62,4/28/90,1/1/99,Senior Staff
484009,Eirik,Cronan,3/23/62,9/21/90,1/1/99,Senior Engineer
484014,Idoia,Mullainathan,5/16/64,3/20/89,1/1/99,Senior Staff
484024,Mark,Langford,7/3/62,6/19/87,1/1/99,Staff
484030,Gilbert,Sanella,1/23/63,3/20/88,1/1/99,Assistant Engineer
484038,Ekawit,Servi,2/9/62,6/17/86,1/1/99,Senior Staff
484048,Hyuncheol,Genther,4/30/62,9/7/86,1/1/99,Staff
484054,Pohua,Dayang,6/23/62,10/29/98,1/1/99,Staff
484062,Yagil,Matzen,10/24/63,9/11/96,1/1/99,Senior Staff
484063,Zita,Rindone,7/7/63,9/12/93,1/1/99,Technique Leader
484064,Sangeeta,Bressoud,4/16/62,2/5/95,1/1/99,Technique Leader
484070,Odysseas,Muntz,2/27/63,6/14/86,1/1/99,Senior Staff
484071,Tran,Farris,2/19/64,8/7/95,1/1/99,Technique Leader
484073,Mohammad,Polupanov,7/10/64,7/31/85,1/1/99,Senior Staff
484077,Aran,Lyonns,3/3/62,9/21/95,1/1/99,Engineer
484079,Gill,Jervis,7/22/64,12/20/86,1/1/99,Engineer
484083,Zeljko,Nooteboom,7/28/64,10/20/95,1/1/99,Senior Engineer
484088,Minghong,Michaels,6/23/63,8/19/91,1/1/99,Staff
484095,Sanjai,Trumbly,7/30/62,1/27/89,1/1/99,Senior Engineer
484097,Gita,Falck,5/7/64,10/2/94,1/1/99,Technique Leader
484099,Basem,Brender,1/16/64,5/11/88,1/1/99,Senior Staff
484106,Ohad,Massonet,8/9/64,3/19/96,1/1/99,Engineer
484107,Xiaocheng,Esteva,9/2/63,2/17/89,1/1/99,Staff
484109,Waiman,Docker,7/6/64,10/11/98,1/1/99,Staff
484119,Giri,Bellone,8/18/63,9/5/88,1/1/99,Engineer
484125,Billur,Dengi,11/3/63,3/11/88,1/1/99,Senior Staff
484126,Manton,Lueh,1/5/65,4/7/89,1/1/99,Senior Staff
484127,Shai,Lipner,11/7/64,10/31/91,1/1/99,Senior Staff
484133,Ravishankar,Ritzmann,12/6/63,9/18/95,1/1/99,Staff
484142,Perry,Cooman,1/5/65,4/23/87,1/1/99,Staff
484149,Mahendra,Assaf,7/29/64,3/2/87,1/1/99,Senior Engineer
484159,Limsoon,Woycyznski,1/2/62,6/6/97,1/1/99,Staff
484163,Nahum,Perko,7/26/63,10/26/94,1/1/99,Senior Staff
484167,Toshiki,Biros,7/22/63,2/28/85,1/1/99,Staff
484168,Satoru,Masada,3/25/62,6/7/89,1/1/99,Senior Engineer
484172,Rayond,Rissanen,9/13/63,11/5/91,1/1/99,Senior Engineer
484173,Masato,Piancastelli,9/30/63,3/13/96,1/1/99,Technique Leader
484180,Jovan,Brlek,9/27/62,10/31/92,1/1/99,Engineer
484186,Volkmar,Gerteisen,3/21/62,9/22/94,1/1/99,Engineer
484197,Angus,Honiden,1/7/64,1/19/93,1/1/99,Senior Engineer
484200,Karsten,Luby,2/9/64,5/24/89,1/1/99,Senior Staff
484202,Adhemar,Reeken,1/23/62,11/5/99,1/1/99,Engineer
484204,Dipayan,Pluym,5/22/63,7/19/99,1/1/99,Staff
484212,Xuejia,Munck,5/15/62,1/5/88,1/1/99,Senior Engineer
484213,Mrinalini,Cappelli,1/23/63,10/5/86,1/1/99,Staff
484220,Jamaludin,Auyong,3/9/63,7/24/98,1/1/99,Technique Leader
484223,Mahendra,Underwood,4/12/63,5/6/93,1/1/99,Engineer
484224,Hyuncheol,Jansen,7/31/64,8/1/86,1/1/99,Engineer
484231,Lunjin,Peck,5/15/62,8/7/96,1/1/99,Senior Engineer
484235,Licheng,Syrzycki,5/5/62,1/13/86,1/1/99,Senior Engineer
484237,Sanjoy,Haumacher,2/15/63,12/24/88,1/1/99,Senior Engineer
484241,Guoxiang,Herbst,10/24/62,5/5/01,1/1/99,Senior Engineer
484243,Martijn,Hooghiemstra,5/7/62,3/12/91,1/1/99,Senior Staff
484247,Claudi,Brickell,5/21/62,12/2/94,1/1/99,Staff
484250,Mohammad,Rodiger,7/11/63,1/5/88,1/1/99,Senior Staff
484254,Noritoshi,Murillo,3/13/63,12/3/99,1/1/99,Staff
484265,Sachem,Buescher,11/2/62,12/8/86,1/1/99,Engineer
484268,Takahito,Thiran,6/12/63,11/24/99,1/1/99,Staff
484289,Terresa,Sabnani,3/18/64,11/6/95,1/1/99,Engineer
484292,Shem,Maierhofer,5/5/64,5/26/93,1/1/99,Senior Staff
484300,Souichi,Shimshoni,12/25/63,12/30/86,1/1/99,Senior Engineer
484308,JoAnna,Honiden,12/8/62,8/9/89,1/1/99,Engineer
484310,Kwangyoen,Maraist,8/4/62,8/3/97,1/1/99,Engineer
484313,Garnik,Grospietsch,5/11/62,4/27/95,1/1/99,Engineer
484316,Kazunori,Ranum,4/6/63,6/1/99,1/1/99,Senior Engineer
484322,Duro,Terkki,5/20/62,6/18/96,1/1/99,Engineer
484330,Adly,Hemaspaandra,9/18/63,4/4/93,1/1/99,Senior Staff
484333,Khosrow,Guardalben,9/22/63,12/13/88,1/1/99,Engineer
484335,Ebbe,Thiran,12/16/62,12/22/85,1/1/99,Engineer
484339,Chikara,Jiang,3/16/64,4/24/99,1/1/99,Senior Engineer
484343,Chinho,Bahk,8/24/64,2/15/99,1/1/99,Senior Engineer
484344,Amalendu,Makrucki,9/15/64,6/23/95,1/1/99,Senior Engineer
484346,Uwe,Ducloy,5/6/63,7/15/85,1/1/99,Senior Staff
484353,Kousuke,Bael,2/3/64,2/17/99,1/1/99,Engineer
484360,Jackson,Gecsel,4/2/64,2/27/89,1/1/99,Senior Staff
484373,Nitsan,Hegner,2/22/62,10/5/93,1/1/99,Staff
484392,Juichirou,Gniady,7/18/63,1/31/95,1/1/99,Engineer
484405,Teruyuki,Jakobus,7/6/63,7/27/93,1/1/99,Senior Engineer
484407,Subhada,Szilard,6/26/64,1/10/98,1/1/99,Assistant Engineer
484408,Ingemar,Dulli,7/2/62,10/26/98,1/1/99,Technique Leader
484418,Mihalis,Puppo,6/13/64,8/6/99,1/1/99,Staff
484419,Josyula,Chleq,11/21/63,2/22/98,1/1/99,Staff
484432,Hugh,Fandrianto,9/6/64,4/6/89,1/1/99,Engineer
484442,Mansur,Shrader,8/5/64,11/4/93,1/1/99,Engineer
484443,Troy,Denna,3/5/64,12/9/99,1/1/99,Senior Engineer
484448,Yuqun,Horswill,5/7/62,6/6/97,1/1/99,Senior Staff
484450,Taizo,Kornatzky,10/10/62,9/18/93,1/1/99,Senior Staff
484451,Evgueni,Iivonen,4/12/64,1/4/94,1/1/99,Staff
484453,Arvind,Gajiwala,5/27/63,2/25/88,1/1/99,Senior Engineer
484468,Lobel,Fargier,6/30/62,9/24/92,1/1/99,Staff
484473,Boriana,Anick,12/4/63,4/19/97,1/1/99,Staff
484478,Otilia,Stentiford,3/3/62,8/4/90,1/1/99,Senior Staff
484481,Kwangho,Gunderson,6/26/62,10/21/94,1/1/99,Senior Engineer
484496,Jenwei,Trelles,9/6/62,5/14/89,1/1/99,Technique Leader
484497,Moie,Luga,9/22/62,5/5/89,1/1/99,Senior Engineer
484498,Herbert,Hammerschmidt,1/26/65,8/22/96,1/1/99,Senior Engineer
484501,Lein,Conry,8/16/64,7/2/97,1/1/99,Staff
484507,Golgen,Siegrist,12/19/64,6/26/85,1/1/99,Senior Engineer
484508,Aleksandar,Miara,12/12/62,2/5/01,1/1/99,Engineer
484510,Gay,Falster,10/9/64,6/4/97,1/1/99,Assistant Engineer
484520,Ranga,Gunderson,6/15/64,1/26/96,1/1/99,Staff
484523,Piyawadee,McFarlin,6/6/63,8/2/87,1/1/99,Senior Engineer
484529,Quingbo,Morrey,8/14/64,10/22/93,1/1/99,Senior Engineer
484543,Chirstian,Benantar,2/24/62,8/7/92,1/1/99,Staff
484547,Leszek,Porotnikoff,3/18/64,6/27/95,1/1/99,Engineer
484549,Khue,Glinert,12/13/62,8/19/88,1/1/99,Engineer
484563,Gro,Rosti,6/24/62,2/25/96,1/1/99,Engineer
484576,Shigeaki,Whitcomb,1/8/64,5/24/92,1/1/99,Senior Staff
484577,Macha,Crelier,1/2/63,6/24/85,1/1/99,Senior Staff
484588,Shaibal,Panienski,3/9/64,1/11/90,1/1/99,Senior Staff
484590,Gilbert,Rathonyi,6/12/63,11/25/98,1/1/99,Staff
484601,Gil,Pileggi,12/21/63,12/27/00,1/1/99,Engineer
484603,Remmert,Sooriamurthi,8/20/64,12/22/87,1/1/99,Engineer
484616,Murthy,Olivero,9/2/62,10/26/95,1/1/99,Engineer
484617,Mabry,Maksimenko,6/9/63,3/11/86,1/1/99,Engineer
484620,Vasilis,Boguraev,5/26/64,4/12/99,1/1/99,Staff
484623,Hugo,Krupka,4/2/62,3/2/92,1/1/99,Senior Engineer
484628,Fabrizio,Dichev,12/7/63,6/14/91,1/1/99,Staff
484629,Berni,Cannata,6/20/64,3/10/97,1/1/99,Engineer
484632,Suebskul,Hofting,5/14/62,5/6/87,1/1/99,Staff
484642,Lijia,Chinen,4/9/63,7/19/90,1/1/99,Senior Staff
484644,Oksana,Fargier,12/15/63,5/14/93,1/1/99,Technique Leader
484646,Toshimo,Vidal,9/29/63,5/3/97,1/1/99,Senior Engineer
484647,Atreye,Cronau,2/17/64,6/17/96,1/1/99,Senior Staff
484649,Iara,Rahimi,11/25/63,9/8/98,1/1/99,Staff
484666,Vasilii,Stanfel,3/10/62,12/5/96,1/1/99,Senior Staff
484673,Mandell,Terwilliger,8/12/63,4/13/88,1/1/99,Staff
484677,Divine,Demeyer,11/12/62,4/29/01,1/1/99,Staff
484678,Guttorm,Pelc,2/10/62,2/22/99,1/1/99,Staff
484689,Shay,Seuren,6/19/63,4/26/86,1/1/99,Engineer
484691,Yifei,Marzano,7/4/63,3/16/98,1/1/99,Engineer
484692,Yolla,Heinisuo,4/8/62,2/18/99,1/1/99,Senior Engineer
484699,Shen,Zumaque,12/7/63,11/27/96,1/1/99,Senior Staff
484703,Boguslaw,Litzler,6/18/63,5/12/86,1/1/99,Senior Staff
484706,Amalendu,Varman,7/20/63,4/27/85,1/1/99,Senior Engineer
484710,Alassane,Manderick,2/5/64,10/16/86,1/1/99,Engineer
484715,Jiang,Motley,12/24/63,2/28/86,1/1/99,Senior Staff
484719,Freyja,Limongiello,6/5/62,4/19/85,1/1/99,Senior Staff
484720,Abdulla,Ushiama,6/26/63,9/24/92,1/1/99,Senior Staff
484732,Ramya,Dulin,10/21/62,12/23/99,1/1/99,Engineer
484741,Yuguang,Marakhovsky,9/12/63,8/25/90,1/1/99,Staff
484756,Phule,Ruemmler,1/16/65,8/9/90,1/1/99,Engineer
484757,Tiina,Peternell,11/25/63,5/27/99,1/1/99,Senior Engineer
484759,Chrisa,Marciano,3/23/64,1/11/00,1/1/99,Technique Leader
484761,Fumiko,Selvestrel,10/31/64,2/25/98,1/1/99,Staff
484765,Utz,Merle,12/13/63,1/23/93,1/1/99,Assistant Engineer
484767,Janche,Marshall,10/10/62,8/8/89,1/1/99,Senior Engineer
484780,Shuky,Hutton,1/27/62,7/11/88,1/1/99,Senior Engineer
484786,Vatsa,Munke,9/19/62,7/12/93,1/1/99,Technique Leader
484790,Candido,Bale,2/26/63,1/29/94,1/1/99,Engineer
484802,Christoph,Mahmud,3/28/64,5/28/93,1/1/99,Staff
484822,Shunichi,Vadhan,4/11/62,11/3/85,1/1/99,Senior Engineer
484824,Remmert,Ramsak,3/24/62,3/7/02,1/1/99,Senior Engineer
484830,Terresa,Murtagh,10/17/62,9/1/91,1/1/99,Staff
484831,IEEE,Czap,11/23/63,5/16/85,1/1/99,Senior Staff
484833,Mohamadou,Plesums,4/24/63,1/30/01,1/1/99,Staff
484836,Berto,Eterovic,3/15/62,3/27/97,1/1/99,Staff
484839,Arie,Chinen,2/29/64,11/12/93,1/1/99,Senior Engineer
484843,Lenore,Birsak,5/21/64,1/25/95,1/1/99,Engineer
484848,Dietrich,Babb,9/1/62,6/5/97,1/1/99,Engineer
484854,Uli,Ferriere,2/1/62,9/9/01,1/1/99,Engineer
484863,Moss,Rissland,4/5/64,11/29/93,1/1/99,Technique Leader
484866,Hatem,Alpay,12/4/64,9/13/85,1/1/99,Staff
484872,Thanasis,Felder,5/22/64,4/21/95,1/1/99,Senior Engineer
484876,Yuchang,Fetvedt,1/14/62,2/13/89,1/1/99,Senior Staff
484880,Nikolaos,Conta,2/4/63,12/17/85,1/1/99,Senior Engineer
484883,Becky,Vanwelkenhuysen,1/12/62,4/7/96,1/1/99,Staff
484890,Takushi,Monkewich,1/11/64,1/6/87,1/1/99,Senior Engineer
484894,Taisook,Benveniste,4/16/63,3/31/87,1/1/99,Senior Engineer
484897,Hatim,Koprowski,3/18/64,9/30/88,1/1/99,Engineer
484903,Constantijn,Malinowski,5/2/63,2/9/87,1/1/99,Staff
484908,Willard,Noriega,10/22/62,9/29/99,1/1/99,Staff
484920,Marco,Bridgland,3/11/63,2/9/99,1/1/99,Staff
484923,Zhanqiu,Schaap,2/11/64,11/6/86,1/1/99,Engineer
484925,Tetsushi,Fargier,12/3/64,9/1/95,1/1/99,Assistant Engineer
484930,Tua,Macedo,3/8/63,1/14/00,1/1/99,Engineer
484937,Mara,Halloran,3/3/62,9/1/99,1/1/99,Engineer
484940,Geoff,Loncour,11/28/62,1/27/87,1/1/99,Senior Staff
484942,Gunilla,Begiun,12/8/62,5/14/86,1/1/99,Senior Staff
484944,Snehasis,Velasco,8/20/64,12/16/95,1/1/99,Senior Engineer
484949,Jolita,Gelosh,10/2/63,10/13/88,1/1/99,Senior Staff
484953,Valeri,Lueh,1/24/64,4/8/92,1/1/99,Senior Staff
484954,Abdulah,Hiroyama,1/23/64,4/27/93,1/1/99,Engineer
484960,Shigeu,Zaccaria,10/1/62,11/11/88,1/1/99,Engineer
484961,Shuichi,Kading,9/15/62,7/20/99,1/1/99,Staff
484964,Guiseppe,Frijda,10/4/62,11/28/99,1/1/99,Engineer
484965,Susanta,Kornyak,4/4/64,1/17/87,1/1/99,Staff
484970,Tayeb,Vidal,4/28/62,10/30/85,1/1/99,Engineer
484979,Nishit,Hasham,12/26/63,2/17/87,1/1/99,Engineer
484988,Kshitij,Reeker,11/24/64,12/18/86,1/1/99,Engineer
484995,Zvonko,Lakshmanan,11/4/64,12/4/92,1/1/99,Engineer
485003,Ioana,Khasidashvili,4/3/63,7/6/93,1/1/99,Senior Staff
485005,Marke,Teitelbaum,12/1/62,2/3/90,1/1/99,Senior Staff
485010,Idoia,Nannarelli,11/18/62,6/29/96,1/1/99,Senior Staff
485014,Wonhee,Kalloufi,7/11/63,11/14/94,1/1/99,Technique Leader
485015,Yunming,Thibadeau,10/27/62,12/12/85,1/1/99,Senior Engineer
485019,Zsolt,Peha,5/25/62,6/5/89,1/1/99,Engineer
485028,Keiichiro,Borovoy,3/2/64,7/11/99,1/1/99,Staff
485030,Matk,Tomescu,2/20/62,11/1/93,1/1/99,Engineer
485042,Gad,Millington,12/30/63,1/25/95,1/1/99,Engineer
485050,Weiye,Plumb,7/1/64,11/27/88,1/1/99,Staff
485061,Pramod,Aamodt,6/2/62,12/31/85,1/1/99,Senior Staff
485062,Hitofumi,Spell,3/13/63,1/15/95,1/1/99,Senior Staff
485071,Hairong,Sadowski,11/8/63,12/13/85,1/1/99,Staff
485073,Adas,Coombs,5/4/63,3/26/87,1/1/99,Senior Staff
485074,Kwun,Ashish,7/14/63,1/12/99,1/1/99,Staff
485077,Haldon,Bernini,12/25/64,7/9/98,1/1/99,Engineer
485081,Filipe,Kenevan,10/1/63,5/8/86,1/1/99,Technique Leader
485085,Vugranam,Rahimi,11/27/62,4/4/95,1/1/99,Senior Staff
485091,Karsten,Ozeri,6/12/63,9/2/87,1/1/99,Senior Engineer
485094,Woody,Bernini,3/14/62,10/25/94,1/1/99,Senior Staff
485099,Piyawadee,Chleq,5/28/63,3/3/86,1/1/99,Senior Staff
485100,Chenyi,Mikschl,12/10/63,2/2/99,1/1/99,Senior Engineer
485103,Adel,Kushner,8/2/62,4/8/94,1/1/99,Senior Engineer
485104,Kamran,Bergere,7/2/64,12/31/89,1/1/99,Staff
485108,Mansur,Champarnaud,1/13/62,2/13/98,1/1/99,Technique Leader
485114,Harngdar,Yamaashi,10/28/64,10/9/94,1/1/99,Senior Staff
485119,Peer,Fioravanti,5/2/62,12/17/92,1/1/99,Senior Engineer
485124,Prasadram,Nanard,4/26/62,6/18/96,1/1/99,Staff
485125,Karoline,Barbanera,7/28/63,12/28/97,1/1/99,Senior Engineer
485128,Reuven,Feldmann,6/29/63,4/23/92,1/1/99,Engineer
485129,Jouni,Radwan,3/23/63,8/31/90,1/1/99,Engineer
485131,Sverrir,Buchter,12/14/62,1/13/90,1/1/99,Staff
485133,Rimon,Besancenot,3/6/63,10/1/96,1/1/99,Staff
485139,Lijia,Guardalben,11/21/64,8/22/88,1/1/99,Senior Staff
485144,Oddvar,Openshaw,8/7/62,9/7/89,1/1/99,Senior Staff
485145,Sadegh,Itzfeldt,1/21/64,3/16/94,1/1/99,Senior Staff
485148,Adamantios,Restivo,6/19/64,7/17/86,1/1/99,Senior Staff
485149,Goa,Emmart,12/8/62,3/2/97,1/1/99,Staff
485153,Kazuhito,Middleton,3/29/62,8/11/97,1/1/99,Assistant Engineer
485155,Mitsuyuki,Slobodova,5/11/63,3/8/94,1/1/99,Engineer
485159,Shen,Wynblatt,8/15/63,12/21/96,1/1/99,Engineer
485160,Bedir,Merlo,9/10/63,2/17/00,1/1/99,Technique Leader
485167,Ute,Domenig,3/13/64,7/7/85,1/1/99,Engineer
485169,Willard,Kawashima,7/20/62,8/12/96,1/1/99,Senior Engineer
485174,Ayakannu,Gniady,9/24/64,10/10/94,1/1/99,Engineer
485184,Kousuke,Boissier,8/11/64,8/3/97,1/1/99,Engineer
485206,Padma,Pero,6/14/62,1/15/93,1/1/99,Senior Staff
485210,Ayakannu,Legleitner,5/21/62,9/11/99,1/1/99,Technique Leader
485213,Rosli,Frezza,11/6/62,10/24/91,1/1/99,Senior Engineer
485221,Arco,Menhardt,2/10/62,3/21/93,1/1/99,Senior Staff
485222,Kazuhiro,Kuhnemann,5/17/62,5/6/93,1/1/99,Engineer
485239,Gopalakrishnan,Zizka,9/8/63,6/23/90,1/1/99,Senior Staff
485240,Shigeichiro,Ducloy,8/16/62,8/15/86,1/1/99,Senior Engineer
485241,Jahangir,Riexinger,6/9/64,5/24/99,1/1/99,Senior Staff
485243,Uri,Ressouche,9/20/63,11/27/86,1/1/99,Staff
485249,Saddek,Staelin,12/26/62,4/27/90,1/1/99,Staff
485253,Gladys,Parhami,1/14/65,7/20/96,1/1/99,Senior Staff
485262,Aksel,Spell,12/11/64,11/7/88,1/1/99,Senior Staff
485266,Nadjib,Henseler,12/16/62,9/12/97,1/1/99,Staff
485274,Mara,Heping,12/4/64,3/28/88,1/1/99,Engineer
485276,Jaewoo,Plump,12/7/62,9/22/89,1/1/99,Senior Staff
485277,Felicidad,Minakawa,12/8/64,6/15/92,1/1/99,Senior Staff
485289,Sumali,Smailagic,9/17/63,9/14/93,1/1/99,Senior Staff
485291,Lenore,Leijenhorst,11/23/64,12/27/94,1/1/99,Staff
485294,Xiaoheng,Zaccaria,4/25/64,5/11/96,1/1/99,Senior Engineer
485302,Geoffry,Vuskovic,3/17/62,5/23/91,1/1/99,Senior Staff
485305,Aimee,Hasenauer,1/21/64,9/21/98,1/1/99,Staff
485313,Honglan,Bolsens,6/30/63,10/29/88,1/1/99,Engineer
485322,Lorien,Picaronny,6/9/63,4/23/89,1/1/99,Senior Staff
485326,Jagoda,Hopewell,3/30/63,11/12/92,1/1/99,Senior Staff
485328,Basant,Dichev,12/10/62,9/11/90,1/1/99,Senior Staff
485334,Aiman,Schaap,12/8/63,12/18/91,1/1/99,Staff
485342,Florina,Rissanen,1/28/63,12/10/93,1/1/99,Engineer
485344,Danil,Cannard,8/4/63,1/12/98,1/1/99,Staff
485348,Arno,Hammerschmidt,1/30/63,7/5/96,1/1/99,Senior Staff
485349,Basim,Falco,2/4/64,7/26/99,1/1/99,Engineer
485354,Chaosheng,Senzako,5/14/64,5/2/94,1/1/99,Engineer
485355,Muneo,Homond,12/4/63,5/23/88,1/1/99,Senior Staff
485356,Alselm,Trogemann,3/8/63,12/16/86,1/1/99,Senior Staff
485358,Chenye,Lunn,1/31/63,6/30/02,1/1/99,Senior Engineer
485360,Chriss,Docker,12/2/64,7/13/94,1/1/99,Senior Staff
485361,Yonghoan,Biran,7/27/64,9/18/98,1/1/99,Staff
485370,Qingxiang,McFarlin,10/19/64,9/7/95,1/1/99,Staff
485389,Cristinel,Erdi,7/7/63,12/16/94,1/1/99,Senior Staff
485394,Fusako,Heusch,9/27/62,2/4/99,1/1/99,Staff
485397,Valeri,Colorni,6/6/62,4/22/98,1/1/99,Senior Engineer
485398,Shaowei,Plessier,6/30/63,10/20/01,1/1/99,Senior Engineer
485400,Angel,Conry,12/22/63,11/29/87,1/1/99,Senior Staff
485410,Tamiya,Rusterholz,3/18/62,12/18/92,1/1/99,Senior Engineer
485415,Arto,Nooteboom,12/15/63,10/27/98,1/1/99,Staff
485417,Goa,Veccia,7/10/64,8/28/95,1/1/99,Senior Staff
485419,Pintsang,Perin,2/19/63,12/11/93,1/1/99,Engineer
485426,Chiradeep,Siegrist,5/9/64,8/20/87,1/1/99,Engineer
485427,Dulce,Farrag,5/15/62,6/22/89,1/1/99,Engineer
485431,Pranjal,Shokrollahi,12/24/62,10/30/95,1/1/99,Senior Engineer
485433,Hiroyasu,Denis,8/23/63,1/25/90,1/1/99,Engineer
485438,Kiyotoshi,Roccetti,1/30/63,3/21/96,1/1/99,Engineer
485439,Giordano,Poehlman,12/14/64,6/28/99,1/1/99,Engineer
485441,Brendon,Bahl,6/11/62,9/15/87,1/1/99,Senior Staff
485447,Isaac,Tetzlaff,11/21/64,9/17/92,1/1/99,Senior Staff
485453,Sanjoy,Unno,1/6/62,5/1/87,1/1/99,Staff
485456,Kagan,Merlo,10/29/63,3/10/94,1/1/99,Senior Engineer
485462,Aran,Lamparter,9/13/64,6/11/92,1/1/99,Engineer
485466,Katsuyuki,Cannane,8/22/63,4/9/99,1/1/99,Engineer
485470,Zhongwei,McConalogue,12/3/64,1/5/94,1/1/99,Engineer
485472,Conal,Ernst,1/3/63,8/26/97,1/1/99,Senior Staff
485473,Beshir,Hiyoshi,11/18/62,6/21/96,1/1/99,Engineer
485477,Satyanarayana,Honiden,10/4/63,11/11/90,1/1/99,Senior Engineer
485482,Adas,Cunliffe,12/12/64,2/24/96,1/1/99,Staff
485486,Guenter,Neimat,8/25/64,3/14/96,1/1/99,Senior Staff
485489,Keiichiro,Armand,1/1/65,12/14/86,1/1/99,Senior Engineer
485490,Zengping,Brattka,10/19/63,5/15/99,1/1/99,Staff
485491,Mizuhito,Uhrig,4/27/63,12/23/86,1/1/99,Senior Engineer
485493,Adil,Itzfeldt,1/20/62,9/11/85,1/1/99,Senior Engineer
485498,Adib,Randt,7/14/63,11/8/98,1/1/99,Technique Leader
485499,Cristinel,Percebois,11/3/63,7/21/86,1/1/99,Assistant Engineer
485504,Lene,Michaeli,4/24/63,12/25/95,1/1/99,Engineer
485505,Elliott,Roison,7/20/63,7/11/94,1/1/99,Staff
485510,Odysseas,Heemskerk,11/8/62,2/24/97,1/1/99,Engineer
485514,Georgy,Quaggetto,5/22/62,12/23/91,1/1/99,Senior Staff
485516,Kazuyasu,Anido,6/13/62,2/5/94,1/1/99,Engineer
485522,DAIDA,Bultermann,1/24/63,12/31/99,1/1/99,Senior Staff
485527,Percy,Reghbati,11/4/63,7/9/98,1/1/99,Engineer
485529,Jungsoon,Kaiser,5/3/63,12/12/88,1/1/99,Senior Staff
485532,Kien,Kragelund,5/17/63,3/12/94,1/1/99,Staff
485534,Elgin,Ranta,12/23/62,10/9/95,1/1/99,Staff
485537,Xinyu,Linnainmaa,12/8/64,1/19/92,1/1/99,Senior Staff
485552,Hideo,Esposito,10/12/62,4/10/94,1/1/99,Senior Engineer
485558,Larisa,Hartvigsen,3/25/62,5/28/98,1/1/99,Engineer
485562,Junichi,Shigei,11/9/62,3/15/95,1/1/99,Staff
485565,Prodip,Benzmuller,4/18/62,4/12/88,1/1/99,Senior Staff
485567,Sumant,Azevdeo,7/8/64,10/24/96,1/1/99,Senior Staff
485573,Alper,Perry,7/17/62,9/30/86,1/1/99,Engineer
485575,Sumali,Muchinsky,1/14/64,11/25/88,1/1/99,Technique Leader
485577,Rafael,Menhoudj,1/30/65,4/27/97,1/1/99,Senior Engineer
485579,Munehiro,Iwayama,1/18/65,12/16/86,1/1/99,Engineer
485581,Fumitaka,Hiltgen,4/28/64,6/3/92,1/1/99,Senior Engineer
485582,Heejo,Honglei,11/1/63,5/20/89,1/1/99,Senior Engineer
485592,Kristinn,Bouloucos,12/27/62,2/23/95,1/1/99,Senior Engineer
485595,Susumu,Mukaidono,8/10/64,7/24/92,1/1/99,Engineer
485617,Hailing,Przulj,12/2/63,10/6/90,1/1/99,Senior Staff
485623,Poorav,Cromarty,11/3/62,4/25/97,1/1/99,Engineer
485632,Alselm,Kavvadias,3/14/63,5/12/99,1/1/99,Engineer
485643,Willard,Brickell,9/10/64,12/3/93,1/1/99,Senior Staff
485644,Leucio,Frolund,4/23/62,5/25/97,1/1/99,Engineer
485648,Krister,Bazzichi,4/18/64,10/12/94,1/1/99,Engineer
485653,Radoslaw,Budinsky,5/27/63,5/24/92,1/1/99,Senior Staff
485654,Gil,Schlumberger,10/21/62,4/6/97,1/1/99,Senior Engineer
485655,Gina,Baby,7/18/63,12/18/99,1/1/99,Staff
485658,Alper,Syang,1/25/62,8/1/86,1/1/99,Senior Staff
485661,Elvia,Winter,8/13/62,11/30/90,1/1/99,Senior Staff
485667,Toshimo,Bauknecht,9/16/63,12/2/88,1/1/99,Senior Staff
485673,Yechiam,Eiron,6/8/62,1/8/92,1/1/99,Senior Staff
485682,Alejandro,Candan,11/11/63,3/20/97,1/1/99,Staff
485684,Zijian,Gomatam,8/27/64,9/11/85,1/1/99,Staff
485693,Masako,Camurati,6/8/62,3/6/87,1/1/99,Engineer
485699,Shan,Hasham,11/30/62,4/11/85,1/1/99,Senior Staff
485700,Abdelghani,Terlouw,5/13/62,11/17/88,1/1/99,Staff
485701,Xiaopeng,Panienski,10/24/64,2/16/91,1/1/99,Senior Engineer
485702,Maik,Birke,6/2/63,5/16/92,1/1/99,Senior Engineer
485713,Luisa,Menhardt,6/16/62,11/12/96,1/1/99,Senior Engineer
485725,Mircea,Coney,12/7/64,10/13/98,1/1/99,Staff
485730,Kwangjo,Atchley,3/26/64,9/7/86,1/1/99,Senior Staff
485731,Herbert,Zucker,1/3/62,10/28/93,1/1/99,Assistant Engineer
485734,Goh,Kranzdorf,2/6/63,8/24/00,1/1/99,Technique Leader
485736,Lobel,Bhattacharjee,3/20/62,1/24/91,1/1/99,Engineer
485738,Thanasis,Shigei,10/15/62,1/20/90,1/1/99,Senior Staff
485739,Boutros,Boissier,5/26/64,2/2/85,1/1/99,Senior Staff
485743,Valter,Hedayat,7/27/62,9/7/89,1/1/99,Senior Engineer
485750,Eckart,Iacovou,8/2/63,9/20/86,1/1/99,Senior Staff
485756,Heather,Gammage,8/27/63,1/22/94,1/1/99,Senior Engineer
485758,Lubomir,Melski,4/24/63,1/19/98,1/1/99,Senior Engineer
485762,Hairong,Matzke,1/27/63,4/19/98,1/1/99,Senior Staff
485774,Taisook,Coors,1/3/62,8/23/88,1/1/99,Senior Staff
485775,Mohd,Vural,5/27/64,6/14/89,1/1/99,Senior Engineer
485780,Weiwu,Kuszyk,4/5/62,9/6/93,1/1/99,Senior Staff
485783,Maya,Heuter,10/8/63,3/30/90,1/1/99,Engineer
485785,Kerhong,Gornas,1/18/62,3/6/90,1/1/99,Senior Staff
485788,Ferdinand,Turnbull,10/20/62,10/1/93,1/1/99,Engineer
485793,Phuoc,Honiden,10/21/64,5/11/89,1/1/99,Senior Engineer
485799,Yoshimitsu,Litvinov,1/27/65,11/22/97,1/1/99,Senior Staff
485809,Macha,Bressoud,7/19/64,4/20/00,1/1/99,Staff
485817,Mahmut,Bolotov,1/29/65,2/21/97,1/1/99,Engineer
485821,Youssef,Birta,7/20/64,5/14/93,1/1/99,Senior Engineer
485833,Palash,McFarlin,7/2/63,11/8/98,1/1/99,Technique Leader
485834,Miomir,Kandlur,2/28/63,5/17/86,1/1/99,Staff
485838,Irene,Chinin,5/28/62,7/29/94,1/1/99,Senior Engineer
485839,Mohd,Strooper,5/28/62,1/21/90,1/1/99,Senior Staff
485843,Tonny,Kalsbeek,3/12/64,2/7/86,1/1/99,Engineer
485845,Haldun,Varker,7/12/64,12/24/90,1/1/99,Senior Staff
485848,Mart,Suessmith,12/12/62,5/25/96,1/1/99,Engineer
485852,Noritoshi,Zeleznik,1/21/63,2/15/85,1/1/99,Engineer
485854,Yunming,Baby,3/26/64,5/16/02,1/1/99,Senior Staff
485855,Qiwen,Khalil,2/8/64,8/24/89,1/1/99,Staff
485858,Tesuro,Siprelle,10/16/62,1/12/88,1/1/99,Senior Engineer
485860,Jeanna,Luef,6/3/63,5/14/99,1/1/99,Engineer
485869,Eran,Decleir,6/30/62,11/14/88,1/1/99,Senior Staff
485871,Georgy,Schicker,5/9/62,4/24/93,1/1/99,Senior Engineer
485872,Seshu,Rossi,7/28/64,4/27/97,1/1/99,Staff
485874,Saeed,Serdy,6/16/64,12/27/92,1/1/99,Senior Engineer
485879,Shugo,Waymire,1/10/62,12/19/99,1/1/99,Staff
485896,Hiroyasu,Griswold,1/6/62,7/3/94,1/1/99,Senior Engineer
485902,Sailaja,Berendt,5/3/62,4/21/99,1/1/99,Staff
485906,Conal,Potthoff,4/23/63,2/29/92,1/1/99,Senior Staff
485914,Wuxu,Beausoleil,8/18/62,2/18/96,1/1/99,Engineer
485919,Boalin,Srimani,7/16/63,7/17/89,1/1/99,Assistant Engineer
485921,Aloke,Stellhorn,1/7/63,9/3/98,1/1/99,Engineer
485922,Mari,Camurati,12/19/64,1/24/94,1/1/99,Technique Leader
485928,Shem,Uhrig,2/19/62,7/4/00,1/1/99,Senior Engineer
485941,Macha,Schreiter,5/23/63,4/18/88,1/1/99,Senior Staff
485943,Edwin,Swen,2/12/64,6/19/93,1/1/99,Engineer
485945,Aloke,Mawatari,6/8/63,3/22/95,1/1/99,Engineer
485950,Duri,Kranzdorf,4/14/63,2/14/89,1/1/99,Senior Staff
485951,Guenter,Larfeldt,4/16/63,4/11/92,1/1/99,Engineer
485964,Souichi,Facello,9/14/64,3/11/94,1/1/99,Assistant Engineer
485979,Satyanarayana,Gulla,9/8/64,3/18/85,1/1/99,Senior Staff
485983,Genevieve,Ecklund,10/10/63,11/9/95,1/1/99,Senior Engineer
486000,Zhaofang,Beutelspacher,7/29/63,9/9/90,1/1/99,Engineer
486003,Emran,Lemarechal,7/31/63,11/30/89,1/1/99,Staff
486017,Lakshmi,Hooghiemstra,8/8/64,1/4/93,1/1/99,Senior Engineer
486019,Mario,Busillo,11/13/64,5/2/96,1/1/99,Senior Engineer
486028,Mansur,Pezzoli,11/18/63,10/25/96,1/1/99,Staff
486038,Arfst,Swen,10/8/64,11/22/93,1/1/99,Senior Engineer
486039,Dmitry,Conia,2/23/64,2/8/88,1/1/99,Staff
486045,Marek,Fadgyas,5/11/64,4/9/88,1/1/99,Senior Engineer
486052,Jianhua,Hainaut,11/25/63,2/21/86,1/1/99,Staff
486057,Remmert,Kroon,7/30/64,5/5/95,1/1/99,Engineer
486059,Dzung,Jeong,7/26/62,10/16/97,1/1/99,Engineer
486066,LiMin,Pardalos,9/14/62,9/24/85,1/1/99,Senior Engineer
486068,Yefim,Bernardeschi,1/11/65,6/26/96,1/1/99,Staff
486077,Guozhong,Quittner,5/31/63,7/4/02,1/1/99,Senior Engineer
486082,Guoxiang,Luce,9/28/64,11/6/86,1/1/99,Senior Engineer
486089,Jianhui,Lally,10/5/62,10/9/87,1/1/99,Engineer
486093,Billur,Peng,8/6/63,2/20/95,1/1/99,Senior Staff
486095,Tran,Katzenelson,2/16/62,6/25/94,1/1/99,Senior Staff
486108,Eberhardt,Fontet,9/16/63,11/3/89,1/1/99,Senior Engineer
486111,Rosalyn,Baig,8/9/63,12/10/94,1/1/99,Senior Staff
486126,Shay,Bultermann,7/30/64,3/5/96,1/1/99,Senior Engineer
486127,Jeane,Bratten,10/5/62,6/5/92,1/1/99,Assistant Engineer
486160,Constantijn,Guting,5/11/62,7/9/87,1/1/99,Senior Staff
486163,Khun,Broomell,10/10/63,5/6/01,1/1/99,Senior Engineer
486167,Hilari,Carrera,12/2/64,8/14/96,1/1/99,Engineer
486173,Alair,Ossenbruggen,2/19/64,4/2/88,1/1/99,Senior Staff
486183,Greger,Chandrasekhar,6/18/64,4/29/94,1/1/99,Senior Staff
486185,Tadahiro,Hettesheimer,6/14/62,8/13/87,1/1/99,Senior Staff
486188,Mona,Melter,11/24/63,5/1/86,1/1/99,Engineer
486189,Bingning,Koblick,2/15/64,10/30/88,1/1/99,Senior Engineer
486194,Hyuckchul,Shokrollahi,8/31/64,12/14/98,1/1/99,Staff
486195,Padma,Hooghiemstra,5/8/62,12/21/96,1/1/99,Senior Staff
486224,Francesca,Businaro,3/14/64,3/28/86,1/1/99,Senior Engineer
486233,Mingdong,Ranum,4/30/62,1/23/01,1/1/99,Senior Engineer
486242,Geoffry,Narwekar,2/19/62,12/5/90,1/1/99,Staff
486250,Sedat,Greenaway,10/18/62,8/1/87,1/1/99,Senior Engineer
486255,Hideo,Bugrara,6/2/63,5/11/92,1/1/99,Engineer
486263,Kellyn,Baby,7/16/63,2/10/98,1/1/99,Engineer
486286,Tianruo,Ginesta,12/13/64,1/28/97,1/1/99,Senior Staff
486296,Otmar,Masand,8/9/64,10/11/92,1/1/99,Staff
486303,Chirstian,Ramras,2/20/64,9/25/93,1/1/99,Senior Staff
486310,Phillip,Dratva,10/9/62,11/1/96,1/1/99,Senior Staff
486312,Christophe,Comyn,12/28/64,10/25/97,1/1/99,Staff
486314,Jeong,Fasbender,4/4/64,3/7/90,1/1/99,Staff
486322,Shakhar,Zweizig,2/14/62,9/1/96,1/1/99,Senior Engineer
486325,Persi,Peck,3/27/64,8/13/93,1/1/99,Senior Staff
486326,Przemyslawa,Wilharm,7/16/64,4/7/85,1/1/99,Senior Staff
486330,Masaki,Cyre,7/7/63,11/24/90,1/1/99,Engineer
486332,Kazuhiko,Sidje,2/12/62,8/21/96,1/1/99,Staff
486334,Marsha,Parhami,7/25/64,2/24/97,1/1/99,Engineer
486336,Persi,Engberts,7/5/62,11/11/88,1/1/99,Senior Staff
486339,Shao,Puoti,12/21/62,7/27/91,1/1/99,Senior Engineer
486352,Jianhao,Vesel,8/25/63,1/10/92,1/1/99,Staff
486358,Masamitsu,Vieri,5/6/64,10/14/91,1/1/99,Senior Engineer
486365,Surveyors,Braunmuhl,6/2/62,5/31/92,1/1/99,Engineer
486375,Jacqueline,Niizuma,6/20/63,7/17/95,1/1/99,Engineer
486383,Nobuyoshi,Sinicrope,5/23/62,10/4/85,1/1/99,Senior Staff
486386,Frederique,Neiman,5/4/64,12/29/95,1/1/99,Senior Staff
486391,Kazuyasu,Gilg,6/23/63,12/18/99,1/1/99,Senior Engineer
486403,Gully,Nitsche,2/14/64,3/11/95,1/1/99,Senior Engineer
486408,Arnould,Tsukuda,11/8/63,12/31/96,1/1/99,Staff
486409,Christ,Giveon,2/27/63,9/18/94,1/1/99,Senior Engineer
486413,Shaibal,Marshall,5/24/64,2/19/87,1/1/99,Staff
486415,Collette,Tzvieli,1/15/63,8/24/89,1/1/99,Senior Staff
486418,Cheong,Suomi,4/28/64,2/28/91,1/1/99,Engineer
486421,Jixiang,Heuter,9/19/62,10/30/99,1/1/99,Senior Engineer
486430,Jungsoon,Narlikar,10/10/62,9/25/97,1/1/99,Engineer
486442,Malu,Champarnaud,10/20/62,8/4/85,1/1/99,Staff
486446,Danco,Lally,7/11/63,4/21/92,1/1/99,Senior Engineer
486448,Sachar,Setiz,6/18/63,11/16/91,1/1/99,Staff
486450,Sakthirel,Baar,3/8/64,7/17/91,1/1/99,Technique Leader
486458,Moti,Segond,6/24/62,12/2/96,1/1/99,Engineer
486460,Akeel,Hempstead,7/27/63,8/25/96,1/1/99,Staff
486470,Dante,Suwa,9/5/62,11/22/92,1/1/99,Staff
486478,Gadiel,Stanfel,6/13/64,5/29/91,1/1/99,Senior Staff
486483,Kaijung,Walstra,5/21/64,10/6/98,1/1/99,Senior Staff
486485,Sailaja,Michaels,6/5/63,3/21/89,1/1/99,Engineer
486488,Paddy,Flowers,7/6/63,3/22/85,1/1/99,Staff
486499,Xiaoshan,Foote,11/24/63,12/15/89,1/1/99,Staff
486503,Laurentiu,Crabtree,5/22/64,3/25/99,1/1/99,Staff
486524,Masaki,Waymire,1/12/62,11/20/86,1/1/99,Technique Leader
486529,Remko,Lagarias,3/11/63,3/11/89,1/1/99,Engineer
486554,Ugo,Beutelspacher,6/18/63,1/2/89,1/1/99,Technique Leader
486555,Jacqueline,Jonsson,10/27/64,4/26/91,1/1/99,Senior Engineer
486560,Rafail,Lindqvist,11/13/63,11/23/87,1/1/99,Technique Leader
486564,Lillian,Chandrasekhar,3/24/63,6/29/91,1/1/99,Engineer
486565,Zita,Bellone,3/23/64,3/3/90,1/1/99,Senior Engineer
486580,Kristinn,Woycyznski,11/1/62,8/15/97,1/1/99,Engineer
486590,Utpal,Lanteri,1/6/63,12/19/88,1/1/99,Staff
486597,Nikolaus,Murillo,7/19/64,1/26/98,1/1/99,Engineer
486601,Tokuyasu,Rahier,8/5/63,7/16/90,1/1/99,Engineer
486609,Kyoichi,Gajiwala,4/21/64,11/19/91,1/1/99,Staff
486625,Vincent,Cesareni,9/3/64,1/22/93,1/1/99,Engineer
486636,Haldun,Erbe,11/3/62,7/9/02,1/1/99,Assistant Engineer
486645,Kristof,Pavlopoulou,2/8/64,12/2/85,1/1/99,Staff
486649,Padma,Roccetti,5/22/63,7/5/88,1/1/99,Staff
486654,Kenton,Gopalakrishnan,11/11/62,9/8/89,1/1/99,Senior Staff
486664,Hidekazu,Cooley,3/20/64,10/9/85,1/1/99,Senior Staff
486665,Irena,Schauser,3/4/63,12/18/94,1/1/99,Engineer
486667,Tooru,Zlotek,11/13/63,4/24/92,1/1/99,Senior Staff
486669,Akeel,Rajaraman,9/19/62,10/22/88,1/1/99,Senior Staff
486671,Fatemeh,Conta,10/6/64,9/8/87,1/1/99,Engineer
486672,Macha,Ruther,5/6/63,6/12/94,1/1/99,Senior Staff
486676,Ioana,Coors,8/10/64,10/6/85,1/1/99,Senior Engineer
486696,Bedrich,Kaltofen,2/28/64,4/26/99,1/1/99,Staff
486698,Rildo,Kleiser,3/26/64,8/6/01,1/1/99,Senior Staff
486705,Alair,Tsunoo,10/26/63,5/26/87,1/1/99,Senior Engineer
486707,Lucian,Sudkamp,10/25/63,11/24/98,1/1/99,Engineer
486708,Oksana,Uludag,10/15/62,11/26/89,1/1/99,Engineer
486711,Atreyi,Hashii,8/22/64,2/3/88,1/1/99,Staff
486715,Munehiro,Camarinopoulos,2/20/63,2/25/87,1/1/99,Senior Engineer
486716,Nitsan,Katzenelson,2/13/63,8/31/96,1/1/99,Senior Staff
486717,IEEE,Kalsbeek,5/13/64,11/6/98,1/1/99,Senior Engineer
486723,Salvador,Beutelspacher,12/19/64,7/13/97,1/1/99,Senior Engineer
486728,Vasiliy,Brookner,9/20/63,3/8/99,1/1/99,Staff
486751,Jinpo,Brandsma,2/2/63,5/14/91,1/1/99,Senior Staff
486755,Morris,Usdin,1/21/62,11/1/87,1/1/99,Engineer
486757,Aloke,Chartres,10/19/62,12/22/88,1/1/99,Senior Engineer
486760,Barton,Michaels,8/2/64,8/13/97,1/1/99,Staff
486769,Kazunori,Zyda,10/4/64,11/2/94,1/1/99,Assistant Engineer
486774,Kasidit,Heystek,1/20/62,2/14/93,1/1/99,Senior Staff
486779,Claudi,Schach,3/23/64,4/25/85,1/1/99,Engineer
486785,Elvia,Schiper,11/14/63,10/7/85,1/1/99,Engineer
486804,Koldo,Rosiles,8/4/62,6/3/02,1/1/99,Technique Leader
486808,Geoffrey,Siochi,1/5/65,12/27/98,1/1/99,Senior Engineer
486812,Kiyomitsu,Pleszkun,7/4/62,9/8/91,1/1/99,Senior Engineer
486814,Arun,Stamatiou,6/6/64,10/16/96,1/1/99,Staff
486817,Satoru,Jervis,12/3/63,3/18/92,1/1/99,Senior Engineer
486819,Mack,Marchesini,10/21/62,11/11/91,1/1/99,Senior Engineer
486821,Kazunori,Impagliazzo,12/15/64,5/13/96,1/1/99,Engineer
486833,Mostafa,Puppo,7/7/62,11/14/86,1/1/99,Staff
486844,Soenke,Cusworth,3/30/64,7/8/92,1/1/99,Senior Engineer
486860,Berni,Schnabel,4/3/64,11/24/86,1/1/99,Engineer
486862,Yakkov,Thebaut,10/5/63,8/23/85,1/1/99,Technique Leader
486873,Lunjin,Bridgland,10/17/63,9/10/98,1/1/99,Staff
486878,Stella,Fraisse,3/9/62,12/31/94,1/1/99,Senior Engineer
486882,Yuqun,Edelhoff,1/13/62,12/13/86,1/1/99,Engineer
486884,Heather,Bouloucos,12/11/62,11/1/85,1/1/99,Staff
486890,Duke,Baja,8/4/63,9/4/95,1/1/99,Staff
486892,Samphel,Chappelet,12/5/62,6/7/86,1/1/99,Senior Staff
486897,Gennady,Zyda,3/5/64,4/9/87,1/1/99,Engineer
486904,Arno,Mahnke,2/23/63,1/20/90,1/1/99,Engineer
486906,Shai,Binkley,12/31/63,9/25/95,1/1/99,Engineer
486916,Vidar,Copas,9/4/63,10/5/88,1/1/99,Senior Engineer
486918,Yagil,Remmers,1/18/65,11/1/94,1/1/99,Senior Staff
486950,Jolita,Herath,1/22/64,9/9/99,1/1/99,Engineer
486954,Phillip,Champarnaud,10/21/63,7/26/91,1/1/99,Staff
486956,Matt,Ruemmler,1/1/65,10/14/93,1/1/99,Engineer
486958,Tonny,Kropf,1/6/65,7/30/86,1/1/99,Senior Engineer
486962,Gao,Lanzelotte,3/23/64,8/20/99,1/1/99,Staff
486971,Jiann,Pusterhofer,4/22/64,4/25/96,1/1/99,Senior Engineer
486983,Hitofumi,Luga,12/29/64,1/24/87,1/1/99,Senior Staff
486984,Hailing,Douceur,2/20/62,12/9/88,1/1/99,Senior Staff
486986,Eldridge,Godskesen,6/17/64,9/23/87,1/1/99,Senior Staff
486989,Shmuel,Fujisaki,2/21/64,6/6/85,1/1/99,Engineer
486991,Pasqua,Tetzlaff,12/2/62,3/25/94,1/1/99,Senior Engineer
486994,Kasidit,Birge,5/23/62,4/14/99,1/1/99,Engineer
487008,Zhigen,Raney,1/22/65,5/26/93,1/1/99,Senior Staff
487013,Danel,Morrow,2/5/62,6/10/88,1/1/99,Staff
487025,Pintsang,Adachi,6/7/64,6/27/87,1/1/99,Senior Engineer
487027,Arie,Henseler,5/11/63,10/1/88,1/1/99,Senior Engineer
487030,Adamantios,Pulkowski,3/23/63,7/10/99,1/1/99,Staff
487039,Steve,Syrzycki,3/22/63,9/12/90,1/1/99,Staff
487047,Olivera,Hasham,7/7/62,5/14/92,1/1/99,Staff
487049,Thanasis,Zobel,4/11/62,11/4/98,1/1/99,Engineer
487051,Margo,Senzako,7/27/63,5/13/86,1/1/99,Engineer
487052,Bilhanan,Siprelle,6/16/64,5/27/93,1/1/99,Staff
487065,Vasilis,Borstler,11/23/64,9/2/97,1/1/99,Technique Leader
487068,Saeed,Rosenbaum,4/11/63,7/7/95,1/1/99,Engineer
487069,Uma,Teitelbaum,1/18/64,6/8/93,1/1/99,Senior Staff
487083,Shaibal,Schrooten,2/28/63,12/4/86,1/1/99,Senior Engineer
487085,Marlo,Vendrig,5/23/63,8/3/85,1/1/99,Engineer
487087,Shigenori,Luiz,7/21/62,8/28/94,1/1/99,Engineer
487091,DeForest,Thorelli,6/18/64,1/21/90,1/1/99,Assistant Engineer
487092,Xinyu,Jenevein,5/22/62,2/28/90,1/1/99,Staff
487094,Hercules,Shihab,5/21/64,3/23/95,1/1/99,Senior Engineer
487097,Gen,Lieblein,5/3/64,1/9/00,1/1/99,Staff
487100,Taisook,Peral,9/26/64,3/1/94,1/1/99,Senior Engineer
487104,Tremaine,Ghemri,11/26/62,11/22/96,1/1/99,Senior Staff
487107,Rosine,Tetzlaff,5/16/64,12/12/91,1/1/99,Engineer
487111,Mabhin,Zeilberger,4/12/63,5/16/92,1/1/99,Senior Staff
487113,Constantino,Pettit,9/2/62,7/17/98,1/1/99,Staff
487119,Leaf,Pero,2/26/62,9/23/98,1/1/99,Senior Staff
487126,Vasilis,Rusmann,2/10/64,4/17/01,1/1/99,Engineer
487144,Nahla,Langford,4/10/64,11/7/98,1/1/99,Staff
487148,Tadahiro,Beeson,3/8/63,2/6/85,1/1/99,Senior Engineer
487157,Dekang,Schonegge,7/16/62,1/12/92,1/1/99,Senior Staff
487168,Iara,Weedon,9/4/62,3/26/89,1/1/99,Assistant Engineer
487177,Minghong,Pietracaprina,7/11/63,10/26/93,1/1/99,Senior Engineer
487190,Leen,Kushnir,6/8/62,3/5/85,1/1/99,Engineer
487196,Yonghoan,Gecseg,2/12/64,10/21/99,1/1/99,Engineer
487204,Val,Monkewich,1/6/63,11/24/87,1/1/99,Senior Staff
487206,Mark,Rosay,3/9/62,12/21/90,1/1/99,Senior Staff
487207,Martine,McConalogue,7/4/62,7/29/88,1/1/99,Assistant Engineer
487213,Zhenhua,Vanwelkenhuysen,10/26/63,4/22/94,1/1/99,Engineer
487215,Bodo,Rissanen,4/14/64,7/10/92,1/1/99,Senior Engineer
487221,Goo,Wolniewicz,8/5/63,3/30/99,1/1/99,Staff
487225,Thodoros,Tischendorf,3/19/63,6/4/99,1/1/99,Senior Staff
487230,Macha,Birdsall,2/17/62,10/19/88,1/1/99,Senior Staff
487234,Hilari,Sinitsyn,5/25/62,6/28/94,1/1/99,Staff
487242,Kellyn,Marwedel,10/14/62,7/17/90,1/1/99,Technique Leader
487248,Aria,Marchegay,2/11/62,3/10/89,1/1/99,Senior Engineer
487249,Raimond,Riesenhuber,2/3/63,10/13/00,1/1/99,Senior Engineer
487252,Patricio,McAffer,3/22/63,2/27/88,1/1/99,Engineer
487254,Beshir,Kitsuregawa,1/27/63,8/7/90,1/1/99,Staff
487266,Masami,Ramras,9/29/63,3/21/99,1/1/99,Engineer
487271,Randy,Lichtner,4/5/63,5/23/87,1/1/99,Senior Engineer
487274,Mayuko,Munch,5/22/63,2/10/98,1/1/99,Assistant Engineer
487275,Sivanarayana,Solares,1/9/64,2/26/88,1/1/99,Senior Staff
487290,Gila,Swist,5/20/63,8/30/85,1/1/99,Engineer
487292,Olivera,Ramsey,6/13/64,4/30/98,1/1/99,Staff
487296,Kayoko,Harnett,3/29/63,11/2/97,1/1/99,Staff
487306,Jiong,Warwick,2/24/63,9/1/94,1/1/99,Senior Engineer
487314,Taizo,Sidhu,3/18/63,7/24/91,1/1/99,Senior Engineer
487317,Yongdong,Speek,9/14/64,5/30/97,1/1/99,Staff
487321,Gladys,Kobara,12/12/62,6/1/88,1/1/99,Senior Staff
487334,Navid,Munch,5/31/64,5/2/02,1/1/99,Senior Engineer
487338,Mabo,Nicolson,4/4/62,6/5/98,1/1/99,Staff
487347,Masaru,Pleszkun,11/21/62,12/25/99,1/1/99,Staff
487360,Arra,Marakhovsky,10/19/64,6/2/87,1/1/99,Senior Engineer
487362,Yongmin,Pouyioutas,4/15/62,8/15/94,1/1/99,Staff
487365,Navid,Penttonen,1/10/63,8/7/98,1/1/99,Staff
487367,Shuho,Seuren,6/26/63,8/1/96,1/1/99,Staff
487369,Insup,Syang,12/9/62,7/5/85,1/1/99,Senior Staff
487375,Cullen,Beeson,10/1/64,8/23/98,1/1/99,Staff
487387,Sahrah,Passino,4/24/64,5/12/92,1/1/99,Staff
487388,Toshiko,Sidhu,7/30/64,11/7/86,1/1/99,Engineer
487389,Adhemar,Hardjono,9/1/62,12/14/99,1/1/99,Engineer
487391,Genta,Fujisawa,4/11/64,2/2/89,1/1/99,Senior Staff
487396,Kerryn,Luca,12/28/63,10/28/93,1/1/99,Senior Engineer
487402,Sajjad,Boudaillier,2/18/64,7/21/94,1/1/99,Staff
487410,Niranjan,Chinen,11/11/64,3/6/89,1/1/99,Engineer
487428,Vishv,Gustavson,4/3/62,11/29/85,1/1/99,Senior Staff
487438,Arvind,Chaudhuri,9/16/62,1/10/88,1/1/99,Senior Staff
487439,Kasturi,Wilfing,2/19/62,6/13/98,1/1/99,Senior Engineer
487443,Changho,Miyakawa,7/24/63,6/26/93,1/1/99,Engineer
487447,Mamdouh,Uhrig,7/19/62,9/19/89,1/1/99,Senior Engineer
487451,Souichi,Sridhar,10/29/62,7/9/90,1/1/99,Senior Engineer
487463,Macha,Hasenauer,5/26/63,3/18/99,1/1/99,Engineer
487466,Spyrose,Chaudhury,12/8/63,1/24/02,1/1/99,Senior Engineer
487467,Sumant,Pena,12/2/64,2/17/89,1/1/99,Senior Engineer
487468,Tomoyuki,Garnick,7/19/64,6/5/98,1/1/99,Engineer
487474,Brewster,Barriga,8/15/64,3/22/90,1/1/99,Senior Engineer
487475,Luerbio,Pews,3/1/62,1/14/94,1/1/99,Engineer
487481,Laurentiu,Kroha,4/7/62,3/4/85,1/1/99,Staff
487484,Yuqun,Garnier,7/2/64,11/8/95,1/1/99,Assistant Engineer
487485,Paloma,Erde,9/17/64,11/14/95,1/1/99,Staff
487486,Rafols,Sethi,4/1/64,8/13/92,1/1/99,Engineer
487490,Renee,Spieker,6/17/63,7/17/87,1/1/99,Senior Engineer
487491,Sanjoy,Schnelling,7/8/64,4/27/94,1/1/99,Senior Engineer
487492,Wilmer,Speek,12/28/62,11/18/89,1/1/99,Staff
487505,Uno,Jayawardene,1/20/65,11/2/87,1/1/99,Senior Staff
487509,Izaskun,Burnard,11/25/62,4/25/85,1/1/99,Senior Staff
487515,Hausi,Ratnaker,7/18/62,6/8/01,1/1/99,Engineer
487519,Ewing,Aloia,5/4/63,4/1/97,1/1/99,Senior Staff
487523,Florina,Vitiello,1/26/64,3/26/98,1/1/99,Staff
487524,Subbu,Imataki,8/30/64,6/30/90,1/1/99,Technique Leader
487526,Dhritiman,Qiwen,7/31/63,12/12/85,1/1/99,Engineer
487546,Youngkon,Perko,12/2/64,2/17/96,1/1/99,Staff
487553,Conrado,Verhaegen,1/6/64,12/9/92,1/1/99,Staff
487559,Khedija,Porenta,10/9/62,12/9/88,1/1/99,Engineer
487560,Mariangiola,Businaro,4/1/62,6/7/95,1/1/99,Senior Engineer
487584,Rasiah,Bednarek,6/22/63,6/26/98,1/1/99,Assistant Engineer
487591,Leni,Constantine,5/16/62,4/1/87,1/1/99,Senior Engineer
487598,Alexius,Aamodt,3/3/62,12/30/94,1/1/99,Senior Staff
487603,Georgy,Rosar,10/29/63,6/3/95,1/1/99,Senior Staff
487604,Gladys,Salvesen,7/3/63,5/19/94,1/1/99,Staff
487605,Arno,Erde,5/17/64,11/22/85,1/1/99,Staff
487612,Ranan,Kalafatis,7/5/62,2/7/90,1/1/99,Senior Engineer
487613,Clyde,Brobst,7/16/64,3/29/96,1/1/99,Staff
487621,Suzette,Kading,1/9/62,6/26/99,1/1/99,Technique Leader
487637,Prasadram,Kavraki,2/17/64,7/30/92,1/1/99,Senior Staff
487642,Mizuhito,Lindenbaum,1/5/64,7/14/86,1/1/99,Staff
487658,Boalin,Erdi,8/1/62,11/18/86,1/1/99,Senior Staff
487666,Mooi,Baek,4/2/64,6/15/99,1/1/99,Engineer
487671,Percy,Dechter,10/24/62,10/7/89,1/1/99,Senior Engineer
487682,Pohua,Bardell,10/8/62,5/28/89,1/1/99,Engineer
487685,Erzsebet,Mansanne,7/12/62,9/30/91,1/1/99,Staff
487695,Jiann,Schade,8/19/64,9/14/90,1/1/99,Technique Leader
487701,Susanna,Kitai,5/14/64,5/10/88,1/1/99,Senior Engineer
487715,Elliott,Suppi,8/9/63,6/17/87,1/1/99,Staff
487721,Moto,Marzano,9/19/62,10/21/99,1/1/99,Engineer
487728,Ortrun,Bierbaum,12/30/64,8/25/87,1/1/99,Technique Leader
487730,Rafail,Acton,12/10/64,1/23/92,1/1/99,Senior Engineer
487733,Jaroslava,Pargas,12/19/63,9/12/98,1/1/99,Engineer
487740,Felicidad,Constantine,2/16/62,12/18/98,1/1/99,Engineer
487744,Owen,Zobel,7/2/62,11/1/91,1/1/99,Engineer
487750,Manibrata,Hooghiemstra,9/11/64,3/4/97,1/1/99,Senior Engineer
487759,Yolla,Snedden,3/7/63,1/5/92,1/1/99,Senior Engineer
487760,Arup,Kriebel,1/25/63,3/9/87,1/1/99,Senior Engineer
487769,Cullen,Azumi,7/26/62,5/31/85,1/1/99,Senior Engineer
487772,Jinxi,Kamble,9/13/63,9/10/94,1/1/99,Engineer
487777,Maja,Antonakopoulos,1/5/64,7/20/85,1/1/99,Engineer
487784,Serge,Mitchem,11/7/64,5/19/85,1/1/99,Engineer
487786,Alassane,Sigstam,8/27/62,2/12/90,1/1/99,Senior Staff
487802,Sibyl,Schwaller,9/23/63,1/2/90,1/1/99,Engineer
487813,Prasadram,Ratnakar,1/9/63,3/6/99,1/1/99,Staff
487814,Mari,Debuse,7/30/62,2/23/88,1/1/99,Engineer
487816,Panayotis,Szmurlo,10/19/64,7/26/88,1/1/99,Engineer
487817,Ipke,Erdi,11/9/62,8/29/98,1/1/99,Engineer
487819,Kirk,Azadmanesh,7/4/63,2/12/90,1/1/99,Senior Engineer
487827,Huiqun,Gammage,3/29/64,1/31/87,1/1/99,Engineer
487828,Hitofumi,Rabehasaina,11/28/62,5/13/96,1/1/99,Staff
487829,Yuqun,Broder,12/22/62,12/23/99,1/1/99,Engineer
487832,Gino,Braunschweig,10/28/64,1/21/91,1/1/99,Engineer
487840,Shaibal,Orsini,7/8/62,7/21/96,1/1/99,Senior Engineer
487845,Lidong,Szmurlo,2/20/63,12/11/98,1/1/99,Senior Staff
487854,Spyrose,Ishibashi,5/8/64,5/31/92,1/1/99,Senior Engineer
487868,Erzsebet,Garnier,6/30/62,10/25/93,1/1/99,Staff
487877,Masato,Nannarelli,2/11/64,7/6/90,1/1/99,Senior Staff
487883,Mohamadou,McAlpine,5/21/62,10/4/90,1/1/99,Engineer
487886,Kristin,Peak,3/24/62,12/8/92,1/1/99,Senior Staff
487889,Ute,Qiwen,9/27/62,10/24/89,1/1/99,Senior Engineer
487892,Teruyuki,Karner,1/21/62,2/24/88,1/1/99,Senior Staff
487912,Kshitij,Bisiani,3/30/62,5/4/85,1/1/99,Senior Staff
487918,Tsuneo,Ishibashi,2/23/64,8/21/90,1/1/99,Staff
487919,Takanari,Masaki,5/10/64,3/27/86,1/1/99,Engineer
487927,Dipayan,Schrooten,8/23/63,3/24/99,1/1/99,Staff
487938,Huican,Lodder,8/18/64,12/6/91,1/1/99,Senior Engineer
487945,Arne,Mamelak,3/26/63,5/31/02,1/1/99,Staff
487961,Dulce,Zirintsis,11/23/64,5/9/93,1/1/99,Senior Staff
487966,Shrikanth,Nastansky,1/19/64,7/8/86,1/1/99,Assistant Engineer
487969,Constantino,Whittlesey,11/10/64,7/13/90,1/1/99,Senior Staff
487982,Mizuhito,Baumann,4/8/63,10/3/89,1/1/99,Technique Leader
487988,Ekawit,Schaft,1/5/65,5/20/90,1/1/99,Staff
487997,King,Malabarba,6/10/64,9/3/98,1/1/99,Engineer
487998,Subhash,Serov,8/9/63,4/9/90,1/1/99,Senior Engineer
488002,Kitty,Angelov,10/5/62,3/24/92,1/1/99,Staff
488006,Feipei,Tetzlaff,9/7/62,3/11/86,1/1/99,Engineer
488009,Bluma,Templeman,11/3/64,9/25/99,1/1/99,Engineer
488013,Alenka,Chvatal,6/17/63,5/11/93,1/1/99,Senior Staff
488016,Filipe,Erev,11/9/62,2/1/00,1/1/99,Staff
488017,Deniz,Toyoshima,9/21/62,12/28/95,1/1/99,Senior Staff
488027,Dhritiman,Trogemann,6/19/63,12/12/01,1/1/99,Senior Engineer
488042,Marla,Birge,9/25/62,5/31/93,1/1/99,Senior Engineer
488045,Magdalena,Demian,5/27/64,6/20/95,1/1/99,Engineer
488046,Nitsan,Jansen,6/28/62,11/30/97,1/1/99,Engineer
488051,Izaskun,Olivero,10/10/62,7/12/88,1/1/99,Engineer
488052,Makato,Herber,4/13/62,11/7/91,1/1/99,Senior Engineer
488059,Odysseas,Rajaraman,4/2/62,4/16/96,1/1/99,Engineer
488064,Mihalis,Cooley,4/28/62,2/21/96,1/1/99,Staff
488067,Goo,Marzano,12/1/64,9/5/98,1/1/99,Engineer
488072,Hsiangchu,Servi,8/8/62,12/22/86,1/1/99,Senior Staff
488073,Hidefumi,Berstel,4/28/64,8/10/90,1/1/99,Senior Engineer
488078,Marke,Kawashimo,12/13/64,11/20/88,1/1/99,Staff
488079,Filipe,Bugrara,2/26/64,11/7/88,1/1/99,Senior Staff
488083,Mohd,Pelz,9/29/63,8/15/99,1/1/99,Engineer
488084,Conrado,Bratten,5/29/63,2/24/97,1/1/99,Engineer
488085,Sanjay,Larfeldt,6/2/62,9/12/88,1/1/99,Staff
488087,Fumiko,Ranta,1/5/63,10/3/92,1/1/99,Senior Staff
488095,Francoise,Hegner,1/24/65,12/23/97,1/1/99,Senior Staff
488101,Chandrasekaran,Rusterholz,1/17/62,1/2/97,1/1/99,Engineer
488102,Constantine,Reinhard,3/19/64,4/17/89,1/1/99,Senior Engineer
488107,Francesca,Gimbel,7/24/64,6/12/91,1/1/99,Senior Engineer
488110,Weijing,Baalen,5/8/64,5/6/99,1/1/99,Senior Engineer
488111,Lucien,Giveon,7/23/63,11/23/86,1/1/99,Staff
488122,Falguni,Peak,12/22/62,6/23/95,1/1/99,Engineer
488126,Badri,Schmezko,5/6/62,9/22/96,1/1/99,Staff
488134,Mana,Bisiani,6/3/64,11/21/94,1/1/99,Engineer
488142,Denis,Narlikar,1/5/65,7/1/91,1/1/99,Staff
488148,Chinhyun,Gunderson,9/2/64,12/23/96,1/1/99,Staff
488152,Hisao,Cromarty,12/15/63,9/24/97,1/1/99,Senior Engineer
488156,Toshiki,Iivonen,12/1/64,6/24/89,1/1/99,Senior Staff
488158,Fan,Antonakopoulos,4/21/64,10/26/97,1/1/99,Engineer
488159,Makato,Piveteau,8/27/62,1/22/00,1/1/99,Technique Leader
488165,Ung,Sadowsky,10/28/64,1/7/93,1/1/99,Engineer
488167,Leandro,Basart,3/23/63,2/3/88,1/1/99,Senior Engineer
488170,Laurentiu,Wrigley,3/2/64,8/18/00,1/1/99,Staff
488176,Iara,Bashian,3/5/62,5/23/95,1/1/99,Senior Staff
488179,Cheong,Schaft,7/19/64,4/5/99,1/1/99,Staff
488182,Eldridge,Granlund,11/27/64,9/14/91,1/1/99,Senior Staff
488186,Nidapan,Poupard,7/8/64,9/20/85,1/1/99,Senior Staff
488187,Tesuro,Chinin,6/19/63,5/28/92,1/1/99,Senior Engineer
488190,Mariangiola,Falby,9/27/63,2/23/96,1/1/99,Senior Staff
488195,Arfst,Ranft,11/29/62,3/22/89,1/1/99,Engineer
488199,Branimir,Rosenbaum,12/15/64,12/20/85,1/1/99,Engineer
488202,Shan,Cheshire,10/19/62,4/12/92,1/1/99,Technique Leader
488207,Arra,Ducloy,10/23/64,6/25/91,1/1/99,Technique Leader
488211,Jeanna,Moffat,10/27/64,8/10/90,1/1/99,Staff
488212,Billie,Radivojevic,11/17/63,2/27/89,1/1/99,Engineer
488214,Honesty,Ullian,10/19/63,4/19/92,1/1/99,Engineer
488218,Chikako,Yetim,8/10/64,4/5/94,1/1/99,Engineer
488219,Arra,Smailagic,1/29/62,3/2/97,1/1/99,Engineer
488221,Jaihie,Kavanagh,12/12/62,11/21/94,1/1/99,Staff
488223,Shrikanth,Peck,7/10/64,7/23/96,1/1/99,Senior Engineer
488226,Xiaoqiu,Ullian,9/30/62,6/7/90,1/1/99,Engineer
488231,Iara,Luga,2/3/63,2/24/95,1/1/99,Staff
488232,Mori,Bouloucos,9/11/63,4/7/93,1/1/99,Engineer
488235,Juichirou,Marrakchi,10/9/63,4/19/95,1/1/99,Staff
488236,Kensyu,Erol,11/29/62,11/13/92,1/1/99,Engineer
488239,Basant,Sadowski,1/15/64,2/11/86,1/1/99,Technique Leader
488241,Randi,Perfilyeva,7/6/64,6/25/94,1/1/99,Senior Staff
488250,Ingmar,Schwartzburd,6/30/64,2/13/99,1/1/99,Engineer
488253,Nathalie,Yemenis,7/9/64,4/4/89,1/1/99,Staff
488257,Goncalo,Itzigehl,1/6/63,8/27/97,1/1/99,Staff
488258,Shen,McFarlan,12/4/63,1/24/97,1/1/99,Engineer
488268,Eberhardt,Riefers,6/25/64,10/30/89,1/1/99,Senior Engineer
488272,Shietung,Vidya,11/24/62,3/25/94,1/1/99,Engineer
488285,Sorina,Plessier,10/16/62,3/5/92,1/1/99,Engineer
488292,Mana,Cooke,6/19/63,10/31/91,1/1/99,Engineer
488296,Behnaam,Sherertz,3/30/64,1/19/89,1/1/99,Senior Engineer
488308,Oguz,Warwick,9/22/64,4/20/89,1/1/99,Senior Engineer
488326,Gro,Reistad,2/2/63,4/1/98,1/1/99,Engineer
488341,Charmane,Furedi,4/18/63,2/17/98,1/1/99,Staff
488349,Arnd,Oxenboll,11/13/62,2/6/92,1/1/99,Assistant Engineer
488353,Hilari,Hofmeyr,3/6/62,5/4/96,1/1/99,Engineer
488363,Lucian,Mersereau,1/24/64,6/22/00,1/1/99,Senior Engineer
488372,Gladys,Peris,11/21/62,10/30/87,1/1/99,Staff
488373,Remko,Picaronny,11/1/64,5/9/96,1/1/99,Senior Staff
488374,Sumant,Schahn,2/24/64,10/17/88,1/1/99,Senior Staff
488378,Satoru,Whitcomb,10/2/62,8/4/92,1/1/99,Senior Engineer
488381,Alexius,Laventhal,10/16/63,8/29/01,1/1/99,Senior Staff
488394,Tesuro,Salvesen,6/9/64,9/24/99,1/1/99,Engineer
488397,Taiji,Verhoeff,5/26/63,1/8/96,1/1/99,Engineer
488408,Tesuro,Gewali,6/30/63,11/19/89,1/1/99,Senior Engineer
488411,Shuichi,Cappelletti,12/29/62,9/3/87,1/1/99,Senior Engineer
488422,Marko,Fendler,11/15/64,2/9/97,1/1/99,Staff
488428,Sanjiv,Reeken,7/17/62,3/9/86,1/1/99,Staff
488431,Aria,Tramer,6/4/63,1/17/91,1/1/99,Senior Engineer
488433,Dipankar,Vuskovic,4/1/64,12/8/90,1/1/99,Senior Staff
488439,Tse,Maierhofer,8/7/64,9/1/94,1/1/99,Technique Leader
488443,Kwangjo,Delaune,4/22/63,10/11/89,1/1/99,Senior Engineer
488447,Panayotis,Henseler,11/22/63,8/31/95,1/1/99,Staff
488452,Uli,Falby,1/10/64,10/20/99,1/1/99,Staff
488453,Mrinalini,Vigier,12/19/63,7/23/88,1/1/99,Senior Staff
488462,Subhrajyoti,Demizu,9/24/63,4/2/86,1/1/99,Staff
488469,Sangeeta,Aingworth,10/21/64,1/27/95,1/1/99,Senior Staff
488471,Gunilla,Murtha,3/30/63,4/3/99,1/1/99,Staff
488479,Carrsten,Bisiani,2/28/64,6/19/87,1/1/99,Engineer
488482,Kensyu,Tsunoo,1/30/65,12/5/99,1/1/99,Engineer
488484,Perry,Lubachevsky,9/22/64,1/9/86,1/1/99,Engineer
488488,Arnd,Mahnke,1/23/63,1/20/93,1/1/99,Technique Leader
488489,Bedrich,Rissland,1/24/62,5/17/92,1/1/99,Staff
488507,Marla,Jumpertz,3/3/64,7/8/96,1/1/99,Senior Engineer
488510,Along,Shigei,7/20/63,3/17/98,1/1/99,Staff
488514,Elliott,Tasistro,6/3/62,10/19/93,1/1/99,Senior Engineer
488529,Lubomir,Uhrig,9/8/62,11/26/86,1/1/99,Senior Engineer
488531,Xumin,Dahlbom,6/10/63,11/11/86,1/1/99,Staff
488532,Youngkon,Pezzoli,2/28/64,7/6/86,1/1/99,Engineer
488537,Sungwon,Wuwongse,12/12/62,3/16/98,1/1/99,Staff
488540,Breannda,Maquelin,1/22/65,4/12/96,1/1/99,Senior Staff
488552,Bodh,Straney,7/12/63,11/13/92,1/1/99,Staff
488555,Rosita,Pollacia,5/19/64,2/15/99,1/1/99,Engineer
488556,Cedric,Yetim,7/15/62,6/29/90,1/1/99,Engineer
488582,Kwok,Cmelik,3/16/64,2/12/85,1/1/99,Senior Engineer
488585,Chaosheng,Curless,1/20/63,2/21/88,1/1/99,Senior Engineer
488590,Xuejun,Bednarek,10/13/64,1/10/86,1/1/99,Engineer
488597,Hongzhu,Gewali,9/18/62,4/23/94,1/1/99,Senior Staff
488603,Jaihie,Aseltine,12/28/63,4/26/00,1/1/99,Senior Staff
488606,Shalesh,Azevdeo,8/9/63,1/30/87,1/1/99,Senior Staff
488619,Georgy,Bennis,1/25/65,4/11/98,1/1/99,Engineer
488644,Margareta,Streng,9/24/63,1/22/89,1/1/99,Engineer
488646,Maren,Bojadziev,6/10/62,3/15/94,1/1/99,Engineer
488648,Kazuhira,McFarlan,2/14/63,11/17/98,1/1/99,Engineer
488649,Girolamo,Munro,2/4/62,6/9/94,1/1/99,Engineer
488653,Parto,Osgood,2/4/63,4/6/95,1/1/99,Senior Staff
488655,Shooichi,Ramsak,12/11/62,3/23/86,1/1/99,Senior Staff
488668,Kazuhiko,Raney,7/24/62,8/1/98,1/1/99,Staff
488670,Marsal,Sinicrope,2/8/64,8/20/93,1/1/99,Senior Staff
488671,Marla,Zobel,8/16/62,8/12/87,1/1/99,Senior Staff
488679,Lijia,Swan,7/29/62,1/4/94,1/1/99,Senior Staff
488687,Mahmut,Attimonelli,6/3/63,10/8/86,1/1/99,Senior Staff
488690,Leif,Zhang,12/20/62,3/2/86,1/1/99,Senior Engineer
488693,Jiong,Zultner,1/27/65,3/10/93,1/1/99,Senior Engineer
488694,Tamiya,Zeidenstein,8/4/63,4/16/99,1/1/99,Engineer
488699,Masali,Caine,3/7/64,8/16/96,1/1/99,Senior Staff
488707,Mihalis,Remmers,1/16/65,3/1/90,1/1/99,Staff
488716,Shen,Gyorkos,9/19/62,1/26/92,1/1/99,Engineer
488720,Shaunak,Vrecion,8/12/64,2/18/01,1/1/99,Engineer
488729,Valter,Berztiss,9/7/64,12/9/92,1/1/99,Senior Staff
488743,Gully,Barvinok,3/3/63,9/23/87,1/1/99,Senior Staff
488744,Mikhail,Garrabrants,8/3/63,10/8/99,1/1/99,Engineer
488747,Jinpo,Krzyzanowski,10/17/64,2/26/97,1/1/99,Engineer
488752,Nimmagadda,Baja,1/23/65,2/9/94,1/1/99,Senior Staff
488755,Dannz,Hempstead,4/21/64,7/7/94,1/1/99,Senior Engineer
488763,Naftali,Baja,2/2/64,4/24/86,1/1/99,Staff
488773,Tremaine,Skrikant,5/12/64,3/1/01,1/1/99,Senior Staff
488780,Ayonca,Sewelson,4/30/63,3/21/89,1/1/99,Engineer
488788,Wuxu,Garigliano,1/12/65,9/21/90,1/1/99,Staff
488796,Otmar,Kakkad,1/25/64,7/10/93,1/1/99,Technique Leader
488814,Marsja,Ranum,8/17/64,11/24/87,1/1/99,Staff
488816,Hidde,Servieres,1/30/63,1/30/97,1/1/99,Technique Leader
488839,Niclas,Luders,3/23/62,7/5/91,1/1/99,Senior Staff
488847,Mori,Schmezko,9/2/64,4/9/87,1/1/99,Assistant Engineer
488850,Erzsebet,Scallan,1/12/63,5/19/93,1/1/99,Engineer
488866,Tetsushi,DuBourdieux,12/26/62,9/5/90,1/1/99,Senior Staff
488867,Kellyn,Bazzichi,11/24/64,4/16/93,1/1/99,Senior Engineer
488871,Richara,Roccetti,5/5/64,12/30/97,1/1/99,Staff
488873,Shiv,McAffer,11/19/63,6/6/99,1/1/99,Engineer
488875,Gennadi,Yoshimura,8/24/63,10/4/94,1/1/99,Senior Staff
488879,Armond,Francisci,2/1/63,6/11/98,1/1/99,Staff
488883,Tristan,Vieri,11/23/62,3/13/88,1/1/99,Senior Engineer
488885,Domenico,Melton,11/2/62,3/21/87,1/1/99,Senior Engineer
488893,Genevieve,Begiun,8/19/62,6/19/91,1/1/99,Staff
488897,Lakshmi,Delgrossi,2/4/62,8/26/93,1/1/99,Senior Staff
488906,Miomir,Anandan,11/19/64,9/6/95,1/1/99,Senior Engineer
488917,Serge,Peres,11/18/62,6/27/93,1/1/99,Senior Staff
488923,Tsvetan,Chimia,6/13/64,3/27/86,1/1/99,Senior Staff
488925,Mara,Barvinok,4/22/62,7/26/89,1/1/99,Staff
488930,Dzung,Koshiba,2/16/62,12/11/99,1/1/99,Staff
488931,Arto,Sadowski,7/18/62,11/5/86,1/1/99,Senior Engineer
488935,Miomir,Pettey,3/10/62,10/31/99,1/1/99,Staff
488947,Rafols,Brandsma,12/1/64,5/3/00,1/1/99,Senior Engineer
488953,Jeong,Dichev,1/9/64,3/14/87,1/1/99,Senior Staff
488957,JiYoung,Armand,1/3/63,7/1/85,1/1/99,Engineer
488962,Bikash,Stellhorn,6/21/63,11/14/97,1/1/99,Engineer
488966,Arco,Beilner,11/11/64,11/5/93,1/1/99,Technique Leader
488967,Alexius,Gyimothy,10/2/62,1/29/88,1/1/99,Technique Leader
488978,Munehiro,Cooman,1/5/64,12/10/92,1/1/99,Senior Staff
488984,Kendra,Junet,1/18/65,11/12/92,1/1/99,Senior Staff
488987,Shugo,Sichman,4/19/64,4/28/89,1/1/99,Senior Engineer
488994,Lucian,Tetzlaff,5/25/64,4/27/91,1/1/99,Senior Engineer
488996,Nitsan,Jullig,4/2/62,7/20/90,1/1/99,Senior Staff
488997,Leaf,Schueller,3/1/64,9/10/87,1/1/99,Engineer
489002,Xudong,Nyrup,9/8/64,5/26/86,1/1/99,Technique Leader
489004,Leah,Apsitis,6/20/63,10/2/97,1/1/99,Senior Engineer
489008,Krister,Heydon,6/25/63,8/10/93,1/1/99,Senior Staff
489021,Otilia,Ducloy,10/29/62,8/6/88,1/1/99,Staff
489023,Chuanyi,Kambil,3/19/62,11/7/97,1/1/99,Assistant Engineer
489025,Alper,Openshaw,10/8/64,5/15/88,1/1/99,Engineer
489026,Qiwen,Perfilyeva,5/15/64,10/20/98,1/1/99,Engineer
489029,Koldo,Baak,4/13/63,6/2/93,1/1/99,Staff
489033,Barry,Lindqvist,1/10/63,8/11/88,1/1/99,Engineer
489034,Mechthild,Eiter,7/30/64,1/7/88,1/1/99,Senior Staff
489037,Zita,Kilgore,7/10/64,3/18/93,1/1/99,Senior Engineer
489042,Jasminko,Akiyama,8/31/64,5/1/92,1/1/99,Senior Staff
489044,Christophe,Plessier,12/16/63,5/20/99,1/1/99,Staff
489048,Ramzi,Parhami,4/30/63,12/6/89,1/1/99,Senior Staff
489055,Martijn,Sabnani,1/4/64,9/17/85,1/1/99,Engineer
489062,Hercules,Savasere,12/19/63,3/31/95,1/1/99,Technique Leader
489066,Jeanne,Peron,7/6/64,6/18/94,1/1/99,Engineer
489072,Magy,Redmiles,1/21/63,5/24/87,1/1/99,Engineer
489074,Zengping,Pezzoli,2/16/63,9/25/92,1/1/99,Senior Engineer
489078,Morrie,Mateescu,3/9/64,3/25/93,1/1/99,Senior Engineer
489079,Conrado,Gips,12/3/63,9/20/01,1/1/99,Staff
489082,Anneli,Munos,6/20/64,2/28/86,1/1/99,Engineer
489086,Kish,Anick,7/7/63,10/27/94,1/1/99,Engineer
489096,Xiaobin,Gimarc,7/11/63,8/18/88,1/1/99,Senior Staff
489099,Bedrich,Schauser,1/18/62,7/20/99,1/1/99,Technique Leader
489101,Udaiprakash,Rosenbaum,11/6/64,9/25/91,1/1/99,Staff
489125,Yuping,Portugali,12/3/63,4/24/99,1/1/99,Senior Staff
489132,Eldridge,Zastre,10/18/64,4/9/95,1/1/99,Engineer
489138,Taisook,Erman,11/26/62,2/5/91,1/1/99,Senior Engineer
489145,Caolyn,Luit,10/10/62,7/23/02,1/1/99,Engineer
489155,Oguz,Demri,11/20/62,9/13/98,1/1/99,Engineer
489156,Baocai,Munch,9/9/62,7/1/99,1/1/99,Staff
489165,Otilia,Rosch,8/7/63,3/12/97,1/1/99,Senior Staff
489169,Garnet,Hiraishi,10/26/64,5/19/99,1/1/99,Engineer
489172,Naraig,Broomell,4/11/62,9/3/98,1/1/99,Engineer
489187,Wojceich,Zeidenstein,8/1/63,2/7/93,1/1/99,Engineer
489188,Arunas,Maksimenko,5/18/62,7/6/99,1/1/99,Engineer
489189,Frederique,Beznosov,3/9/62,11/5/88,1/1/99,Senior Engineer
489191,Kish,Danley,4/23/64,8/4/96,1/1/99,Staff
489193,Vishv,Suwa,8/19/64,2/4/90,1/1/99,Technique Leader
489194,Margareta,Flanders,4/5/63,1/24/92,1/1/99,Technique Leader
489199,Adil,Benner,3/14/62,11/28/97,1/1/99,Staff
489208,Ramachenga,Mawatari,6/25/63,6/2/85,1/1/99,Staff
489209,Fumitake,Chepyzhov,8/20/62,7/25/02,1/1/99,Engineer
489217,Kazuhisa,Godskesen,9/7/62,1/11/96,1/1/99,Senior Engineer
489229,Valter,Worfolk,9/23/64,11/13/86,1/1/99,Senior Staff
489230,Angus,Lichtman,3/18/64,2/23/88,1/1/99,Staff
489238,Giap,Shackel,3/19/62,4/29/90,1/1/99,Senior Staff
489239,Arie,Schurmann,4/24/64,12/8/96,1/1/99,Engineer
489242,Wuxu,Bain,3/28/62,6/14/85,1/1/99,Engineer
489244,Leszek,Kawashima,5/2/62,5/4/86,1/1/99,Engineer
489252,Gadiel,Guardalben,5/17/63,10/15/90,1/1/99,Senior Staff
489261,Rasikan,Leaver,2/2/63,5/25/95,1/1/99,Engineer
489262,Mamdouh,Erez,8/25/63,4/26/92,1/1/99,Senior Engineer
489264,Perry,Parhami,2/23/62,7/29/98,1/1/99,Staff
489266,Radhika,Genther,11/24/63,6/22/90,1/1/99,Engineer
489271,Maia,Strehl,5/13/63,10/7/96,1/1/99,Staff
489272,Weidon,Nitsche,7/19/64,6/15/99,1/1/99,Engineer
489273,Radhakrishnan,Sambasivam,5/17/63,6/10/93,1/1/99,Assistant Engineer
489276,Kazuhisa,Baranowski,3/16/62,9/14/88,1/1/99,Senior Engineer
489278,Nectarios,Danner,9/21/62,12/2/88,1/1/99,Staff
489290,Adas,Munke,5/15/64,2/28/94,1/1/99,Senior Engineer
489293,Angel,Nicolson,1/21/63,9/22/97,1/1/99,Engineer
489295,Danil,Heijenga,5/25/64,11/23/87,1/1/99,Staff
489300,Saddek,Quadeer,5/11/62,7/16/96,1/1/99,Engineer
489305,Constantijn,Welham,7/27/64,11/26/98,1/1/99,Staff
489312,Zhaofang,Chorvat,10/16/62,12/9/89,1/1/99,Senior Engineer
489317,Maik,Paciorek,10/16/63,11/5/92,1/1/99,Engineer
489322,Jiong,Grabner,9/15/64,10/30/85,1/1/99,Senior Engineer
489324,King,Shinomoto,6/1/64,12/24/92,1/1/99,Staff
489326,Genta,Constantine,9/11/64,6/18/93,1/1/99,Technique Leader
489338,Moto,Navazio,9/14/64,6/25/93,1/1/99,Engineer
489339,Ebru,Esposito,3/25/62,11/10/89,1/1/99,Engineer
489345,Hisao,VanScheik,3/29/64,12/25/92,1/1/99,Senior Engineer
489347,Shooichi,Eterovic,6/10/63,12/29/98,1/1/99,Senior Engineer
489348,Georg,Puppo,3/4/62,2/3/95,1/1/99,Staff
489357,Marla,Chinal,12/15/64,11/13/92,1/1/99,Senior Staff
489361,Muzhong,Uehara,12/2/62,2/14/88,1/1/99,Senior Staff
489374,Thodoros,Hofstetter,7/30/64,5/4/88,1/1/99,Staff
489385,Xiaoheng,Vesel,1/8/63,10/3/86,1/1/99,Senior Staff
489387,Niranjan,Zolotykh,11/3/64,11/5/87,1/1/99,Staff
489388,Xiadong,Bridgland,12/11/62,5/13/98,1/1/99,Senior Engineer
489390,Honglan,Rosch,5/29/64,6/3/96,1/1/99,Senior Staff
489394,Kwok,Cullers,8/11/63,1/15/93,1/1/99,Senior Staff
489401,Jiafu,Bala,12/22/63,8/31/93,1/1/99,Engineer
489404,Hauke,Swist,9/13/62,12/3/97,1/1/99,Engineer
489406,Jordanka,Muniz,3/17/63,1/25/94,1/1/99,Engineer
489413,Nahum,Kilgour,10/16/62,8/27/98,1/1/99,Engineer
489417,Trygve,Esposito,4/2/64,4/9/90,1/1/99,Senior Engineer
489419,Alain,Haddadi,3/9/63,8/14/85,1/1/99,Senior Engineer
489443,Vishv,Zultner,8/31/62,3/20/93,1/1/99,Senior Staff
489444,Mechthild,Petereit,9/24/63,8/15/88,1/1/99,Staff
489449,Prodip,Pardalos,8/27/64,2/17/99,1/1/99,Staff
489454,Premal,Yetim,1/16/62,5/7/99,1/1/99,Staff
489480,Gadiel,Ambroszkiewicz,12/28/63,6/17/95,1/1/99,Staff
489481,Percy,Beutelspacher,2/10/63,11/5/94,1/1/99,Senior Staff
489487,Marjo,Callaway,10/3/63,12/14/91,1/1/99,Senior Engineer
489491,Jovan,Xiaoshan,12/10/63,7/30/92,1/1/99,Senior Engineer
489497,Kristinn,Cooke,9/24/63,7/3/85,1/1/99,Senior Engineer
489498,Takahito,Demir,10/2/62,9/10/86,1/1/99,Senior Engineer
489510,Frazer,Bolsens,4/2/64,5/21/88,1/1/99,Engineer
489519,Dmitry,Zaccaria,12/4/62,1/1/91,1/1/99,Senior Engineer
489525,Kerhong,Bhattacharjee,2/25/63,3/24/86,1/1/99,Senior Engineer
489537,Vishv,Brendel,9/17/62,8/16/93,1/1/99,Staff
489548,Ronnie,Vandervoorde,4/16/63,7/31/98,1/1/99,Engineer
489549,Mack,Naumovich,6/15/62,2/27/96,1/1/99,Senior Engineer
489550,Inderjeet,Uhrig,3/31/64,10/13/90,1/1/99,Senior Engineer
489555,Nathan,Rosti,10/7/62,1/27/96,1/1/99,Senior Staff
489558,Ulises,Camurati,3/2/62,5/19/97,1/1/99,Technique Leader
489562,Abdulah,Pillow,2/11/64,11/20/95,1/1/99,Senior Engineer
489578,Mahendra,Monkewich,2/26/63,10/20/94,1/1/99,Senior Engineer
489591,Genta,Varman,1/16/64,2/27/89,1/1/99,Senior Engineer
489593,Mihalis,Hainaut,4/9/64,10/31/95,1/1/99,Engineer
489594,Iara,Pluym,7/18/63,3/28/85,1/1/99,Senior Staff
489596,Anestis,Coorg,6/15/63,2/11/91,1/1/99,Engineer
489600,Mario,Onuegbe,3/17/63,10/12/89,1/1/99,Senior Engineer
489603,Mohua,Detkin,5/16/62,10/11/00,1/1/99,Engineer
489621,Kagan,Dechter,6/4/63,11/17/98,1/1/99,Engineer
489627,Boriana,Siksek,3/3/62,12/16/97,1/1/99,Engineer
489629,Dhritiman,Wossner,7/6/64,2/26/99,1/1/99,Senior Staff
489635,Shuichi,Copas,7/31/64,10/27/93,1/1/99,Senior Engineer
489637,Carrsten,Francisci,8/4/64,7/16/97,1/1/99,Staff
489642,Abdulah,Sessa,3/27/63,2/16/93,1/1/99,Senior Engineer
489645,Kristin,Schonegge,8/6/62,2/10/85,1/1/99,Staff
489647,Tomokazu,Bondorf,4/3/64,3/26/90,1/1/99,Staff
489652,Moon,Matheson,7/22/63,10/23/89,1/1/99,Senior Staff
489653,Remko,Manders,2/1/62,3/17/96,1/1/99,Engineer
489678,Xiahua,Ertl,3/1/62,2/1/97,1/1/99,Staff
489679,Arco,Chartres,2/1/63,8/22/88,1/1/99,Senior Engineer
489690,Badri,Olivero,10/8/62,6/21/93,1/1/99,Senior Staff
489695,Magdalena,Valette,4/29/63,8/15/89,1/1/99,Engineer
489700,Bangqing,Denny,11/29/63,6/26/87,1/1/99,Engineer
489713,Yunming,Luca,3/5/64,9/28/91,1/1/99,Staff
489721,Murthy,Herber,9/10/64,9/9/95,1/1/99,Senior Staff
489725,Heejo,Straney,11/20/63,9/13/96,1/1/99,Staff
489727,Sibyl,Choobineh,7/29/64,3/7/91,1/1/99,Staff
489742,Gennadi,McFarlan,10/22/63,4/4/90,1/1/99,Senior Staff
489746,Kazuhiro,Imataki,7/11/62,8/1/00,1/1/99,Senior Engineer
489747,Rafail,Ushiama,10/26/63,1/10/00,1/1/99,Engineer
489748,Vesna,Larfeldt,11/17/62,3/13/90,1/1/99,Staff
489752,Insup,Ginneken,9/29/64,5/11/89,1/1/99,Staff
489754,Guozhong,Keirsey,12/6/63,11/27/97,1/1/99,Staff
489755,Matk,Chorvat,1/14/65,12/4/99,1/1/99,Staff
489756,Kersti,Miculan,1/1/65,6/9/92,1/1/99,Senior Staff
489761,Munehiro,Valette,4/6/63,10/1/87,1/1/99,Engineer
489763,Yuguang,Ambroszkiewicz,1/24/62,7/10/97,1/1/99,Engineer
489768,Conal,Seghrouchni,1/30/63,5/27/93,1/1/99,Senior Engineer
489775,Arvind,Poehlman,8/30/63,2/21/99,1/1/99,Staff
489778,Nahla,Peir,9/3/63,9/14/89,1/1/99,Assistant Engineer
489788,Mary,Birrer,5/16/64,5/6/91,1/1/99,Engineer
489792,Branimir,Cronin,3/2/63,5/11/99,1/1/99,Staff
489794,Boriana,Xiaoshan,6/26/62,6/30/99,1/1/99,Senior Staff
489795,Kwee,Frezza,1/14/62,12/20/97,1/1/99,Engineer
489796,Xinglin,Carrere,5/14/62,6/6/91,1/1/99,Senior Staff
489797,Rimon,Schicker,12/25/64,10/1/90,1/1/99,Senior Staff
489798,Xiaocheng,Wiegley,6/7/62,11/11/99,1/1/99,Engineer
489806,Mohit,Hashii,8/13/64,4/28/93,1/1/99,Staff
489811,Hinrich,Fabrizio,10/30/62,8/13/89,1/1/99,Senior Staff
489816,Yunming,Ranum,3/1/63,11/8/89,1/1/99,Engineer
489821,Nidapan,Butner,5/29/63,9/6/92,1/1/99,Senior Engineer
489827,Ekawit,Baby,4/6/63,10/13/98,1/1/99,Senior Staff
489836,Nevio,Hennings,7/12/62,1/30/93,1/1/99,Senior Engineer
489846,Mariangiola,Stassinopoulos,8/13/63,8/26/88,1/1/99,Senior Engineer
489849,Gennadi,Perly,5/26/64,9/13/94,1/1/99,Staff
489852,Aluzio,Yavatkar,1/7/64,8/24/88,1/1/99,Senior Staff
489854,Reinhard,Chachaty,11/5/63,8/6/91,1/1/99,Senior Staff
489861,Hitofumi,Waterhouse,4/10/62,3/18/96,1/1/99,Staff
489871,Yonghoan,Hartvigsen,4/14/62,11/16/92,1/1/99,Senior Staff
489872,Urs,Marwedel,4/22/63,11/1/85,1/1/99,Senior Staff
489874,Adib,Gewali,3/1/64,7/14/91,1/1/99,Senior Staff
489878,Xinglin,Simmen,6/14/62,8/8/99,1/1/99,Senior Staff
489879,Phillip,Hambrick,12/4/63,2/7/85,1/1/99,Senior Staff
489882,Arunas,Bultermann,5/28/64,6/7/87,1/1/99,Technique Leader
489892,Houman,Gruenwald,5/4/64,1/30/86,1/1/99,Assistant Engineer
489914,Mingzeng,Breugel,10/15/62,4/25/90,1/1/99,Engineer
489920,Nitsan,Kawashimo,4/23/64,4/5/99,1/1/99,Engineer
489925,Leaf,Itschner,5/8/63,1/13/00,1/1/99,Engineer
489927,Deniz,Granlund,12/2/62,4/11/86,1/1/99,Assistant Engineer
489928,Satoru,Janetzko,1/28/65,7/26/97,1/1/99,Assistant Engineer
489929,Jessie,Parfitt,2/19/64,5/12/89,1/1/99,Senior Staff
489932,Kwee,Ramsak,9/20/64,7/8/86,1/1/99,Senior Staff
489937,Weicheng,Wossner,1/4/64,2/4/88,1/1/99,Senior Staff
489955,Wanqing,Hooghiemstra,5/28/62,10/10/97,1/1/99,Staff
489963,Geoffrey,Schade,11/3/62,12/27/88,1/1/99,Senior Staff
489965,Sachem,Unno,9/30/63,10/25/87,1/1/99,Senior Engineer
489966,Susuma,Angel,9/12/62,10/29/85,1/1/99,Assistant Engineer
489971,Kinh,Erev,1/27/63,8/2/98,1/1/99,Engineer
489979,Jingling,Stenning,5/13/63,6/16/85,1/1/99,Staff
489980,Maja,Grospietsch,4/24/64,12/9/91,1/1/99,Staff
489989,Debatosh,Escriba,2/21/62,6/25/89,1/1/99,Senior Staff
489998,Branimir,Sundgren,7/8/63,11/28/90,1/1/99,Senior Staff
489999,Bedir,Munro,8/8/62,3/28/87,1/1/99,Senior Engineer
490008,Maren,Brodal,6/27/62,1/1/92,1/1/99,Engineer
490020,Keiichiro,Janetzko,2/16/62,2/21/95,1/1/99,Staff
490036,Xuedong,Birch,9/5/63,6/20/94,1/1/99,Technique Leader
490038,Heon,Remmele,8/25/62,5/4/99,1/1/99,Engineer
490039,Yinghua,Bade,4/16/64,10/29/96,1/1/99,Staff
490048,Dhritiman,Tyugu,3/9/62,1/11/97,1/1/99,Staff
490049,Xiaoshan,Schwabacher,12/1/64,10/25/92,1/1/99,Senior Engineer
490052,Kiyokazu,Klerer,1/19/62,8/24/97,1/1/99,Engineer
490059,Ayakannu,Andreotta,6/22/64,12/13/99,1/1/99,Engineer
490077,Collette,Munos,5/1/62,12/7/92,1/1/99,Senior Staff
490079,Ayakannu,McFarlan,2/12/62,5/9/90,1/1/99,Staff
490084,Gro,Stenning,7/13/62,7/29/91,1/1/99,Senior Staff
490085,Constantino,Gini,4/16/63,11/14/85,1/1/99,Senior Engineer
490091,Yuchang,Genther,3/27/63,3/5/99,1/1/99,Engineer
490092,Basil,Mateescu,9/28/63,3/27/86,1/1/99,Senior Staff
490097,Hsiangchu,Bolsens,8/19/62,10/23/90,1/1/99,Senior Staff
490105,Takushi,Eiron,11/19/64,3/6/95,1/1/99,Engineer
490108,Leon,Berstel,9/2/64,12/10/85,1/1/99,Senior Engineer
490111,Charlene,Simmel,11/1/63,5/29/97,1/1/99,Engineer
490113,Houman,Servi,8/5/63,5/4/00,1/1/99,Senior Engineer
490116,Arunachalam,Ramsay,11/9/62,8/23/91,1/1/99,Senior Staff
490118,Utz,Matzat,12/14/64,8/7/95,1/1/99,Senior Staff
490124,Elgin,Bala,10/27/64,11/10/89,1/1/99,Staff
490126,Takanari,Sudbeck,12/19/63,10/11/95,1/1/99,Staff
490131,Nahla,Lueh,11/5/63,11/22/87,1/1/99,Engineer
490143,Ottavia,Sifakis,1/14/62,1/5/91,1/1/99,Senior Engineer
490145,Claude,Montresor,12/30/63,5/18/92,1/1/99,Senior Staff
490154,Aloys,Riexinger,3/26/63,3/12/94,1/1/99,Senior Staff
490160,Wojceich,Puppe,5/8/62,10/18/89,1/1/99,Staff
490161,Aamer,Rubsam,1/18/63,11/1/99,1/1/99,Senior Engineer
490167,Owen,Mikschl,4/14/63,3/16/93,1/1/99,Staff
490170,Hatsukazu,Peac,1/25/64,9/19/90,1/1/99,Assistant Engineer
490176,Jouko,Hitomi,3/22/62,10/25/88,1/1/99,Senior Engineer
490177,Lidong,Wielonsky,1/21/62,11/27/89,1/1/99,Senior Engineer
490180,Sampalli,Nollmann,9/29/62,2/16/97,1/1/99,Senior Engineer
490187,Masaru,Lubachevsky,7/8/64,8/18/85,1/1/99,Staff
490188,Rimon,Gils,3/16/63,1/29/88,1/1/99,Senior Staff
490196,Idoia,Bellmore,12/2/64,7/22/98,1/1/99,Staff
490212,Kagan,Awdeh,6/17/63,2/12/93,1/1/99,Senior Engineer
490230,Shim,Picel,7/15/64,8/13/88,1/1/99,Engineer
490236,Aria,Khamsi,7/31/62,7/30/95,1/1/99,Engineer
490247,Murthy,Pleszkun,3/17/64,1/19/98,1/1/99,Staff
490259,Hidefumi,Bottner,6/25/64,8/29/93,1/1/99,Senior Engineer
490261,Teiji,Mamelak,6/18/62,4/5/96,1/1/99,Staff
490262,Kwangsub,Pettit,10/10/62,6/14/93,1/1/99,Engineer
490272,Geoff,Onuegbe,12/4/63,10/18/98,1/1/99,Staff
490283,Jaideep,Shinomoto,4/7/64,1/14/89,1/1/99,Senior Engineer
490284,Mang,Emmart,11/21/64,8/7/86,1/1/99,Senior Staff
490288,Nidapan,Aloisi,2/25/62,10/8/86,1/1/99,Senior Engineer
490291,Teiji,Yurek,12/24/63,9/28/99,1/1/99,Engineer
490294,Jaewon,Zaccaria,8/1/62,9/8/98,1/1/99,Senior Engineer
490300,Filipp,Nivat,10/23/64,4/1/98,1/1/99,Technique Leader
490302,Rajmohan,Aloisi,3/2/62,11/5/99,1/1/99,Engineer
490304,Kiam,Angel,6/18/64,9/22/95,1/1/99,Engineer
490306,Selwyn,Menhoudj,3/9/64,2/21/87,1/1/99,Senior Staff
490307,Oscar,Oaver,5/29/62,8/8/01,1/1/99,Engineer
490314,Marl,Chinen,1/7/63,12/26/93,1/1/99,Staff
490328,Almudena,Seghrouchni,7/17/64,9/28/97,1/1/99,Engineer
490329,Elzbieta,Griswold,7/8/63,3/23/95,1/1/99,Senior Staff
490330,Marko,Nannarelli,1/24/62,12/23/96,1/1/99,Senior Engineer
490347,Gad,Badache,11/5/63,10/25/92,1/1/99,Engineer
490363,Baziley,Walstra,11/3/63,7/25/93,1/1/99,Senior Staff
490366,Koichi,Ecklund,4/9/63,8/7/90,1/1/99,Senior Staff
490369,Susanna,Panangaden,6/29/63,6/6/85,1/1/99,Engineer
490380,Shaleah,Stille,10/29/63,4/4/92,1/1/99,Senior Engineer
490413,Kristin,Braunmuhl,2/14/63,11/28/98,1/1/99,Staff
490421,Bowen,Theuretzbacher,3/10/62,2/16/93,1/1/99,Staff
490427,Teruyuki,Riefers,10/15/64,1/3/95,1/1/99,Senior Staff
490430,Reinhard,Beznosov,7/9/63,2/19/88,1/1/99,Senior Engineer
490432,Fay,Gide,8/7/63,11/7/88,1/1/99,Staff
490439,Maha,Schlegelmilch,2/15/63,6/11/85,1/1/99,Senior Staff
490440,Kenton,Papadias,5/6/62,8/23/89,1/1/99,Staff
490446,Shaibal,Schrift,7/22/63,5/2/99,1/1/99,Staff
490463,Yuping,Coorg,8/10/64,12/22/91,1/1/99,Engineer
490471,Shakhar,Atrawala,10/21/63,1/22/91,1/1/99,Staff
490473,Kasturi,Wuwongse,11/12/64,11/13/97,1/1/99,Staff
490480,Mingsen,Wynblatt,6/21/64,10/23/98,1/1/99,Staff
490498,Kwok,Pokrovskii,11/29/64,12/12/85,1/1/99,Senior Engineer
490500,Fumitaka,Bottner,6/18/62,2/2/85,1/1/99,Staff
490502,Hitofumi,Pettis,10/25/63,3/21/90,1/1/99,Senior Engineer
490506,Beshir,Wissmann,6/27/63,10/24/92,1/1/99,Engineer
490513,Karsten,Krupka,11/15/62,12/2/95,1/1/99,Engineer
490514,Teunis,Shobatake,11/6/62,5/16/95,1/1/99,Engineer
490516,Amalendu,Cannane,5/17/63,3/21/00,1/1/99,Assistant Engineer
490521,Stevo,Ruemmler,11/22/62,7/16/92,1/1/99,Senior Engineer
490523,Tse,Besancenot,4/21/63,12/6/89,1/1/99,Senior Staff
490528,Elrique,Setlzner,7/23/63,1/12/93,1/1/99,Engineer
490540,Shunichi,Linares,4/1/62,7/14/89,1/1/99,Senior Staff
490550,Kwee,Swab,11/3/62,2/26/95,1/1/99,Engineer
490551,Lalit,Lindqvist,1/1/65,11/7/98,1/1/99,Engineer
490557,Luise,Vigier,1/27/65,7/1/94,1/1/99,Senior Engineer
490568,Zita,Reistad,1/1/65,7/23/98,1/1/99,Senior Engineer
490570,Maia,Cichocki,8/14/62,9/19/89,1/1/99,Staff
490573,Ingmar,Cools,1/9/62,9/26/96,1/1/99,Engineer
490576,Honesty,Kaiserswerth,6/29/64,8/13/97,1/1/99,Staff
490585,Yucel,Rassart,10/15/64,7/18/92,1/1/99,Technique Leader
490596,Waiman,Ghelli,12/25/64,6/4/97,1/1/99,Senior Staff
490602,Masami,Marakhovsky,5/29/62,5/12/91,1/1/99,Senior Engineer
490620,Kenton,Leppanen,12/12/63,3/31/97,1/1/99,Engineer
490628,Along,Picht,9/8/64,8/26/92,1/1/99,Staff
490635,Kamran,Aloisi,5/20/63,8/17/99,1/1/99,Senior Engineer
490638,Murthy,Frezza,9/24/64,4/19/89,1/1/99,Senior Engineer
490648,Arne,Azuma,8/29/63,10/28/93,1/1/99,Senior Staff
490657,Pranas,Tokunaga,8/15/63,3/22/90,1/1/99,Engineer
490667,Fox,Unni,10/1/62,10/14/86,1/1/99,Senior Engineer
490672,Arun,Jansch,11/16/63,12/20/93,1/1/99,Senior Staff
490675,Murthy,Famili,6/13/64,10/7/96,1/1/99,Staff
490681,Nathalie,Marciano,5/7/64,1/21/91,1/1/99,Staff
490694,Saddek,Sethi,12/26/64,10/24/96,1/1/99,Engineer
490699,Rosita,Kemmerer,10/29/64,12/27/97,1/1/99,Engineer
490716,Sigeru,Biran,10/21/64,5/27/90,1/1/99,Senior Engineer
490720,Younwoo,Samarati,1/19/65,5/18/02,1/1/99,Senior Engineer
490723,Dekang,Antonisse,5/23/63,6/28/89,1/1/99,Senior Engineer
490728,Kasidit,Zolotykh,7/4/64,2/24/93,1/1/99,Senior Staff
490729,Badri,Schicker,8/20/63,5/23/99,1/1/99,Senior Staff
490735,Aram,Comellas,6/3/63,11/5/95,1/1/99,Engineer
490736,Vasilis,Whittlesey,9/19/64,11/3/98,1/1/99,Engineer
490737,Moni,Sadowsky,9/9/62,7/3/99,1/1/99,Senior Engineer
490738,Duri,Vakili,10/21/64,10/2/91,1/1/99,Senior Staff
490745,Suvo,Sambasivam,2/13/64,4/23/93,1/1/99,Engineer
490747,Shahid,Irland,11/18/64,11/18/98,1/1/99,Staff
490748,Vivian,Cappelletti,3/11/64,12/27/94,1/1/99,Technique Leader
490751,Bedir,Pfau,3/17/63,9/27/85,1/1/99,Senior Engineer
490754,Udaiprakash,Wossner,11/21/63,2/19/87,1/1/99,Senior Staff
490758,Sampalli,Vesna,1/7/62,5/10/99,1/1/99,Engineer
490768,JoAnne,Heering,1/26/63,10/5/97,1/1/99,Staff
490778,Sham,Rosenbaum,10/17/64,6/2/96,1/1/99,Engineer
490781,Reuven,Langford,5/30/63,3/30/99,1/1/99,Staff
490787,Maia,Busillo,4/2/62,11/14/99,1/1/99,Senior Staff
490795,Fusako,Fadgyas,3/24/62,3/7/99,1/1/99,Staff
490798,Shir,Alblas,7/10/63,5/10/86,1/1/99,Senior Staff
490815,Sachin,Usdin,10/10/62,3/25/94,1/1/99,Engineer
490831,Zhongwei,Vickson,4/8/63,9/13/85,1/1/99,Staff
490837,Emran,Janocha,12/5/63,2/18/93,1/1/99,Senior Engineer
490841,Deborah,Kirkerud,12/23/62,9/15/99,1/1/99,Senior Engineer
490845,Danai,Schapiro,12/26/62,4/23/95,1/1/99,Staff
490853,Rance,Chepyzhov,1/8/63,8/18/90,1/1/99,Staff
490862,Guttorm,Heinisuo,12/4/62,11/2/95,1/1/99,Assistant Engineer
490869,Lillian,Auyong,9/7/64,2/4/94,1/1/99,Senior Engineer
490872,Zdislav,Angelopoulos,12/17/64,5/12/88,1/1/99,Engineer
490874,Rajmohan,Broder,6/24/64,8/30/86,1/1/99,Senior Engineer
490879,Naftali,Taubman,3/29/63,7/24/93,1/1/99,Senior Engineer
490884,Somnath,Francisci,2/17/62,3/9/90,1/1/99,Senior Engineer
490887,Mohan,Straney,8/29/62,6/28/86,1/1/99,Engineer
490889,Juichirou,Preusig,1/20/62,1/29/88,1/1/99,Senior Engineer
490892,Dannz,Pepe,7/12/63,6/29/87,1/1/99,Engineer
490899,Kazuhide,Danner,4/17/63,11/8/86,1/1/99,Engineer
490906,Mads,Suomi,1/2/63,11/28/90,1/1/99,Senior Engineer
490910,Breannda,Penttonen,6/28/64,9/29/95,1/1/99,Senior Engineer
490920,Shalesh,Giveon,11/26/63,7/25/89,1/1/99,Senior Staff
490925,Mechthild,Melichar,8/4/62,10/18/87,1/1/99,Engineer
490933,Arve,Cochrane,9/9/62,9/4/93,1/1/99,Senior Staff
490937,Yakichi,Menhardt,1/2/63,2/27/97,1/1/99,Assistant Engineer
490941,Uriel,Kushner,1/15/63,11/14/93,1/1/99,Staff
490943,Falguni,Rothe,2/17/62,12/9/98,1/1/99,Engineer
490953,Luisa,Thiria,2/19/64,6/20/95,1/1/99,Senior Engineer
490956,Gian,Zirintsis,4/28/64,7/30/97,1/1/99,Staff
490961,Zongyan,Beidas,1/3/64,1/23/95,1/1/99,Senior Staff
490968,Shim,Petersohn,5/25/63,9/18/93,1/1/99,Engineer
490974,Goetz,Jiang,3/19/64,3/24/93,1/1/99,Engineer
490980,Mihalis,Matteis,10/16/62,7/8/85,1/1/99,Engineer
490984,Mohan,Gargeya,2/21/64,11/11/93,1/1/99,Senior Staff
490985,Masato,Baby,1/18/63,9/11/86,1/1/99,Engineer
490986,Maya,Mawatari,7/5/62,5/23/85,1/1/99,Engineer
490987,Candido,Raczkowsky,6/26/62,8/5/87,1/1/99,Senior Staff
490993,Marsha,Deverell,1/10/62,12/5/97,1/1/99,Senior Engineer
491007,Shaibal,Benner,7/9/64,6/26/99,1/1/99,Senior Staff
491011,Kannan,Plump,10/28/63,11/27/99,1/1/99,Engineer
491013,Hirochika,Vidal,5/27/64,7/27/98,1/1/99,Engineer
491021,Chaitali,Haddadi,6/4/62,9/18/98,1/1/99,Staff
491026,Khalid,Pietracaprina,12/9/63,12/23/91,1/1/99,Senior Staff
491030,Marl,Lyonns,4/6/62,5/21/87,1/1/99,Senior Engineer
491038,Yucel,Mitsuhashi,5/24/63,8/16/97,1/1/99,Engineer
491046,Mohua,Rullman,7/22/62,8/21/99,1/1/99,Engineer
491059,Mikhail,Pappas,3/9/62,5/18/87,1/1/99,Engineer
491068,Teunis,Boudaillier,3/6/62,6/24/91,1/1/99,Senior Staff
491079,Kwangsub,Keirsey,1/6/65,2/4/92,1/1/99,Senior Engineer
491087,Jeong,Yoshizawa,12/11/64,11/24/92,1/1/99,Engineer
491088,Kwangsub,Peres,5/13/62,4/26/92,1/1/99,Assistant Engineer
491091,Danco,Rajaraman,2/20/63,6/18/00,1/1/99,Senior Engineer
491093,Bogdan,Dehkordi,1/13/63,3/7/98,1/1/99,Staff
491095,Denis,Kuszyk,5/30/62,12/5/92,1/1/99,Senior Staff
491103,Arve,Karner,1/25/62,3/13/90,1/1/99,Senior Staff
491106,Garnik,Koblitz,4/1/62,8/28/87,1/1/99,Senior Staff
491107,Annemarie,Schlenzig,8/5/62,1/4/87,1/1/99,Technique Leader
491114,Maia,Uehara,12/14/64,4/30/85,1/1/99,Staff
491119,Florina,Merli,10/30/62,11/16/97,1/1/99,Engineer
491120,Kwee,Zykh,4/30/63,10/3/86,1/1/99,Staff
491122,Kshitij,Seghrouchni,6/4/64,11/18/88,1/1/99,Staff
491125,Feixiong,Vigier,5/7/64,7/18/95,1/1/99,Senior Staff
491138,Shahid,Waleschkowski,7/21/64,3/6/01,1/1/99,Senior Engineer
491144,Adit,Osgood,2/6/62,5/9/88,1/1/99,Senior Staff
491147,Tonia,Baig,2/17/64,5/29/93,1/1/99,Senior Staff
491154,Rimon,Litzkow,2/20/63,11/16/94,1/1/99,Staff
491162,Panayotis,Hempstead,1/14/65,8/29/94,1/1/99,Senior Engineer
491166,Arfst,England,3/16/62,10/17/94,1/1/99,Staff
491170,Zhenhua,Armand,8/16/64,7/17/85,1/1/99,Senior Staff
491173,Oscar,Yetto,6/18/62,10/13/91,1/1/99,Senior Engineer
491181,Satosi,Schaad,5/15/62,9/20/87,1/1/99,Senior Engineer
491184,Jiafu,Engelmann,4/23/62,7/14/95,1/1/99,Senior Engineer
491186,Waiman,Sevcikova,5/19/63,8/28/89,1/1/99,Senior Engineer
491191,Chiranjit,Biran,4/27/64,5/22/90,1/1/99,Engineer
491205,Ioana,Kuszyk,1/12/64,5/7/00,1/1/99,Staff
491214,Goo,Edelhoff,10/14/64,3/14/96,1/1/99,Engineer
491221,Zhilian,Goldhammer,1/2/63,11/1/90,1/1/99,Technique Leader
491223,Jayesh,Dayang,7/28/62,5/19/95,1/1/99,Senior Engineer
491228,Hilary,Bennet,12/14/64,7/11/90,1/1/99,Senior Engineer
491229,Djelloul,Narahari,3/6/63,12/5/88,1/1/99,Engineer
491236,Malu,Wiegley,7/26/63,11/27/89,1/1/99,Staff
491243,Ipke,Welham,8/26/62,10/23/87,1/1/99,Senior Engineer
491254,Junsik,Anguita,3/18/62,6/4/93,1/1/99,Staff
491256,Martijn,Remmele,2/15/63,10/30/99,1/1/99,Engineer
491260,Adam,Quaggetto,10/10/62,2/6/96,1/1/99,Senior Staff
491265,Akhilish,Lenart,6/21/64,1/21/91,1/1/99,Senior Staff
491268,Genta,Picht,1/8/62,1/19/92,1/1/99,Staff
491271,Valeri,Siochi,1/19/63,9/12/97,1/1/99,Engineer
491273,Claude,Zeleznik,4/2/62,4/20/91,1/1/99,Senior Staff
491277,Tetsushi,Luca,9/13/62,9/14/93,1/1/99,Senior Staff
491292,Apostol,Oberman,5/3/63,7/28/87,1/1/99,Senior Staff
491300,Nevin,Kamble,11/10/64,3/2/86,1/1/99,Technique Leader
491312,Goa,Talmon,10/29/62,2/4/85,1/1/99,Engineer
491316,Jeanne,Zongker,10/26/62,6/28/86,1/1/99,Technique Leader
491320,Paloma,Andreotta,7/24/64,7/21/85,1/1/99,Senior Staff
491327,Sibyl,Peck,12/7/64,2/19/98,1/1/99,Engineer
491336,Tsz,Berztiss,6/24/64,1/26/97,1/1/99,Staff
491341,Nidapan,Nourani,8/15/62,11/25/90,1/1/99,Senior Engineer
491346,Guadalupe,Suwa,6/4/62,4/24/92,1/1/99,Technique Leader
491353,Kshitij,Larfeldt,7/11/62,12/3/93,1/1/99,Technique Leader
491354,Freyja,Tempesti,2/23/62,11/8/85,1/1/99,Technique Leader
491357,Billie,Strehl,8/19/63,9/8/91,1/1/99,Senior Engineer
491361,Leandro,Esteva,7/29/64,1/12/93,1/1/99,Senior Engineer
491366,Rafael,Lupu,6/1/64,8/23/91,1/1/99,Senior Engineer
491372,Dmitry,Cappello,12/13/62,4/2/91,1/1/99,Senior Staff
491376,Kazuyasu,Vickson,4/19/63,6/5/96,1/1/99,Senior Staff
491393,Hyuncheol,Ossenbruggen,5/2/62,11/15/96,1/1/99,Senior Staff
491394,Malu,Sherertz,8/25/62,2/8/91,1/1/99,Engineer
491395,Arto,Ushiama,5/28/62,7/3/91,1/1/99,Senior Staff
491400,Fumiko,Denna,11/22/63,3/10/93,1/1/99,Senior Engineer
491413,Kristina,Zastre,3/3/62,12/28/86,1/1/99,Engineer
491416,Irene,Emiris,12/20/64,5/5/89,1/1/99,Senior Engineer
491418,Fan,Shimshoni,5/29/63,10/31/95,1/1/99,Staff
491421,Dietrich,Fioravanti,6/15/63,10/10/87,1/1/99,Technique Leader
491422,Stafford,Kopetz,7/10/63,1/30/02,1/1/99,Senior Staff
491427,Joydip,Kieras,3/16/64,6/25/98,1/1/99,Senior Engineer
491437,Tzu,Baba,4/18/63,12/28/98,1/1/99,Staff
491441,Lene,Beeson,12/8/64,9/28/89,1/1/99,Senior Staff
491444,KayLiang,Strooper,9/12/63,5/24/86,1/1/99,Senior Staff
491447,Maja,Lampe,8/6/64,2/24/96,1/1/99,Engineer
491448,Torsten,Belinskaya,8/13/62,3/28/97,1/1/99,Engineer
491449,Adas,Vieri,11/19/63,1/1/95,1/1/99,Assistant Engineer
491451,Mahendra,Ambroszkiewicz,11/29/62,4/5/90,1/1/99,Senior Engineer
491454,Abdulla,Esposito,1/5/62,7/27/88,1/1/99,Staff
491460,Sanjai,Chorvat,11/26/62,3/28/85,1/1/99,Senior Staff
491467,Goa,Fontan,5/26/62,12/26/88,1/1/99,Technique Leader
491468,Xiaoqiu,Melski,1/11/62,10/15/87,1/1/99,Technique Leader
491469,Tuval,Jonsson,8/3/64,3/5/99,1/1/99,Engineer
491478,Gill,Varman,1/16/65,6/18/88,1/1/99,Senior Staff
491481,Aiichiro,Liedekerke,12/3/64,12/12/90,1/1/99,Senior Engineer
491482,Yucel,Champarnaud,9/13/62,12/5/88,1/1/99,Senior Engineer
491491,Berhard,Kalafatis,7/9/62,10/29/93,1/1/99,Senior Staff
491511,Zhenhua,Denti,9/15/64,3/10/99,1/1/99,Assistant Engineer
491520,Fumino,Schonegge,7/29/62,6/18/96,1/1/99,Senior Staff
491523,Kwangyoen,Picaronny,6/30/63,9/26/99,1/1/99,Engineer
491527,Sungwon,Rodiger,7/22/63,4/16/89,1/1/99,Senior Staff
491528,Luisa,Duclos,10/1/63,1/20/91,1/1/99,Engineer
491529,Zongyan,Leppanen,4/9/63,5/4/96,1/1/99,Staff
491530,Adil,Goodrum,11/22/62,11/6/85,1/1/99,Senior Engineer
491536,Ymte,Kakkad,7/14/62,10/7/98,1/1/99,Senior Staff
491543,Badri,Kuzuoka,1/31/64,7/4/87,1/1/99,Assistant Engineer
491544,Maren,Fujisawa,12/23/62,12/24/89,1/1/99,Senior Staff
491553,Guther,Nishimukai,10/13/63,2/14/96,1/1/99,Technique Leader
491565,Ramzi,Rosca,3/10/64,8/21/99,1/1/99,Engineer
491567,Rildo,Heinisuo,6/29/64,2/18/93,1/1/99,Senior Engineer
491573,Murthy,Erni,10/25/62,3/18/92,1/1/99,Senior Engineer
491582,Hatsukazu,Talmor,11/7/63,11/16/98,1/1/99,Engineer
491583,Mikhail,Chelton,12/18/63,1/30/88,1/1/99,Senior Staff
491589,Yechezkel,Erez,9/1/63,11/29/87,1/1/99,Staff
491596,Charmane,Pargas,1/21/65,8/3/92,1/1/99,Engineer
491603,Kwee,Stavenow,3/14/63,11/16/99,1/1/99,Staff
491604,Charmane,Eppinger,6/27/62,6/8/95,1/1/99,Staff
491613,Ortrud,Anido,9/17/62,1/29/86,1/1/99,Senior Engineer
491614,Chirstian,Marzano,9/27/64,1/6/94,1/1/99,Senior Staff
491632,Gadiel,Perly,1/1/65,10/20/86,1/1/99,Staff
491633,Zsolt,Bierbaum,10/12/63,3/27/85,1/1/99,Engineer
491639,Toney,Talmon,2/17/64,5/3/97,1/1/99,Staff
491642,Kasturi,Tramer,10/21/62,9/1/91,1/1/99,Senior Staff
491647,Kousuke,Thorelli,11/13/63,2/5/88,1/1/99,Senior Engineer
491651,Turgut,Aumann,11/13/64,3/12/87,1/1/99,Senior Engineer
491653,Minghong,Bardell,4/1/62,5/27/97,1/1/99,Staff
491655,Youjian,Mahmud,6/10/63,5/4/96,1/1/99,Assistant Engineer
491663,Charmane,Luit,9/23/64,10/22/86,1/1/99,Senior Engineer
491671,Kshitij,Kugler,8/31/63,2/10/86,1/1/99,Senior Engineer
491674,Tianruo,Glinert,7/21/63,4/24/98,1/1/99,Staff
491675,Armond,Huxford,3/9/63,10/28/87,1/1/99,Assistant Engineer
491676,Paddy,Schusler,7/17/62,11/7/91,1/1/99,Senior Staff
491677,Leif,Quaggetto,2/20/62,5/29/97,1/1/99,Engineer
491680,Jianhua,Gerlach,4/19/64,2/14/94,1/1/99,Staff
491685,Weiwu,Lund,4/21/63,7/20/85,1/1/99,Staff
491688,Yuchang,Antonakopoulos,3/8/64,5/22/87,1/1/99,Senior Engineer
491690,Marke,Veevers,5/15/62,7/31/85,1/1/99,Senior Engineer
491693,Kotesh,DasSarma,5/24/62,3/5/90,1/1/99,Engineer
491694,Bernd,Horswill,12/23/62,6/14/99,1/1/99,Staff
491699,Hauke,Uhrik,4/8/64,11/14/88,1/1/99,Senior Engineer
491701,Kellyn,Wilharm,4/20/63,10/6/92,1/1/99,Staff
491705,Ramachenga,Gajiwala,1/17/64,1/19/91,1/1/99,Senior Staff
491707,Mingzeng,Zambonelli,4/8/62,12/3/94,1/1/99,Staff
491713,Jaber,Saoudi,3/17/64,3/21/86,1/1/99,Senior Engineer
491717,Hyuncheol,Takanami,11/25/62,9/6/01,1/1/99,Senior Staff
491722,Rasiah,Laventhal,3/20/63,3/1/93,1/1/99,Engineer
491729,Dharmaraja,Baak,10/9/62,10/21/97,1/1/99,Engineer
491731,Shai,Hennings,10/16/64,11/27/93,1/1/99,Senior Staff
491732,Ebru,Denti,7/27/63,9/9/89,1/1/99,Staff
491735,Izaskun,Binkley,8/4/63,8/10/99,1/1/99,Engineer
491749,Vatsa,Gerteisen,2/9/62,3/17/99,1/1/99,Technique Leader
491752,Rafols,Chenoweth,8/8/63,5/15/85,1/1/99,Senior Engineer
491761,Constantino,Cannard,3/5/64,8/6/87,1/1/99,Senior Staff
491762,Masamitsu,Mungall,9/17/64,1/22/86,1/1/99,Engineer
491763,Yurii,Zallocco,3/30/63,4/7/90,1/1/99,Senior Staff
491765,Susanne,Beausoleil,6/21/63,11/19/87,1/1/99,Engineer
491772,Jianhui,Ginesta,1/24/63,1/23/92,1/1/99,Engineer
491774,Wuxu,Zambonelli,9/4/64,8/13/94,1/1/99,Assistant Engineer
491776,Kinh,Puppe,10/1/64,6/13/96,1/1/99,Senior Engineer
491777,Wayne,Uhrik,2/9/64,7/12/90,1/1/99,Senior Engineer
491782,Piyush,Koprowski,10/21/62,10/1/88,1/1/99,Senior Staff
491783,Elliott,Baca,9/7/62,11/11/92,1/1/99,Engineer
491791,Fumitake,Shrader,8/20/64,2/11/85,1/1/99,Engineer
491794,Chuanti,Anick,3/25/63,11/30/92,1/1/99,Senior Staff
491797,Rafail,Keohane,3/16/63,4/20/96,1/1/99,Engineer
491804,Josyula,Swen,2/9/64,11/29/94,1/1/99,Senior Engineer
491812,Alenka,Stroustrup,1/19/64,7/23/99,1/1/99,Senior Staff
491814,Douadi,Katiyar,5/17/62,1/2/88,1/1/99,Engineer
491817,Djelloul,Marquardt,1/25/63,9/16/86,1/1/99,Senior Engineer
491823,Eric,Brodal,10/23/62,11/10/91,1/1/99,Senior Engineer
491825,Valery,Lagarias,4/13/63,11/5/89,1/1/99,Senior Engineer
491829,DeForest,Sanella,11/18/62,9/27/89,1/1/99,Engineer
491835,Hideyuki,Leppanen,7/6/62,11/18/97,1/1/99,Technique Leader
491836,Hinrich,Mitchem,12/7/64,12/20/91,1/1/99,Senior Engineer
491838,Vatsa,Cochrane,3/26/62,12/17/95,1/1/99,Engineer
491840,Chaitali,Nitto,6/9/63,2/28/86,1/1/99,Senior Staff
491841,Pramod,Imataki,1/17/64,7/14/97,1/1/99,Staff
491846,Basant,Merks,11/26/64,7/23/86,1/1/99,Staff
491849,Ute,Gelosh,12/21/62,9/30/93,1/1/99,Engineer
491854,Georgy,Talmon,10/10/64,1/1/98,1/1/99,Engineer
491869,Annemarie,Penz,10/23/62,2/27/86,1/1/99,Senior Engineer
491870,Irena,Schiettecatte,4/8/62,6/19/93,1/1/99,Senior Engineer
491871,Mohamadou,Plavsic,5/14/63,11/23/00,1/1/99,Engineer
491882,Kwangjo,Mandelberg,4/27/62,11/3/91,1/1/99,Senior Engineer
491883,Huican,Chenney,2/28/64,2/7/96,1/1/99,Senior Staff
491884,Parviz,Bharadwaj,2/27/62,10/23/95,1/1/99,Technique Leader
491886,Arun,Emmart,2/13/63,12/24/89,1/1/99,Engineer
491895,Subhrajyoti,Mikschl,2/6/64,2/22/86,1/1/99,Senior Staff
491897,Zhiwei,Ferriere,11/16/62,5/22/94,1/1/99,Senior Engineer
491898,Maia,Siksek,1/9/62,4/20/97,1/1/99,Engineer
491907,Cheong,Swiler,10/12/63,4/2/96,1/1/99,Senior Staff
491911,Yuping,Vidal,2/18/62,11/15/92,1/1/99,Senior Staff
491914,Valeska,Gaughan,8/30/63,6/2/97,1/1/99,Engineer
491916,Flemming,Makrucki,11/27/64,8/12/87,1/1/99,Technique Leader
491932,Ibibia,Krupka,6/11/64,10/20/85,1/1/99,Senior Staff
491935,Matk,Krybus,2/18/64,3/19/95,1/1/99,Senior Engineer
491938,Zvonko,Hagimont,2/15/63,6/20/88,1/1/99,Senior Engineer
491953,Geraldo,Demke,12/9/62,8/2/85,1/1/99,Senior Engineer
491954,Fumino,Roccetti,8/24/62,5/8/92,1/1/99,Senior Engineer
491964,Abdelkader,Nilsson,7/8/62,12/4/94,1/1/99,Engineer
491973,Ronghao,Reistad,10/12/64,10/29/91,1/1/99,Staff
491979,Xinan,Restivo,8/7/63,9/11/97,1/1/99,Engineer
491995,Parviz,Seghrouchni,9/24/63,6/14/91,1/1/99,Senior Staff
491997,Serenella,Schapire,6/1/63,8/6/99,1/1/99,Engineer
491998,Maja,Masand,4/17/62,8/22/92,1/1/99,Senior Staff
492000,Valeska,Cools,1/10/65,12/16/93,1/1/99,Staff
492008,Nectarios,Riesenhuber,9/6/63,8/14/87,1/1/99,Senior Engineer
492011,Florian,Chimia,1/25/62,5/14/87,1/1/99,Staff
492014,DeForest,Khasidashvili,10/23/62,8/15/86,1/1/99,Senior Engineer
492033,Stabislas,Diderrich,12/4/64,8/16/86,1/1/99,Engineer
492036,Basem,Chaudhuri,1/8/62,6/22/87,1/1/99,Senior Staff
492045,Toshimitsu,Kaminger,6/1/63,6/3/93,1/1/99,Engineer
492052,Udo,Ratnakar,1/11/65,11/30/99,1/1/99,Staff
492060,Owen,Rando,6/8/63,12/18/85,1/1/99,Senior Staff
492063,Sanjoy,Guting,3/13/62,6/4/99,1/1/99,Staff
492073,Xiaoheng,Lienhardt,9/1/64,10/22/96,1/1/99,Staff
492075,Paddy,Kandlur,10/29/63,4/23/88,1/1/99,Senior Staff
492081,Chaosheng,Kaltofen,6/17/64,3/23/96,1/1/99,Staff
492082,Sanjeeva,DasSarma,9/30/63,5/2/97,1/1/99,Staff
492083,Collette,Kriebel,7/19/62,3/24/00,1/1/99,Senior Staff
492090,Mooi,Magalhaes,4/29/64,9/10/89,1/1/99,Staff
492104,Shahaf,Crelier,5/19/63,6/30/91,1/1/99,Senior Staff
492109,Giordano,Olivero,11/26/64,10/18/87,1/1/99,Senior Staff
492111,Mong,Gihr,5/2/62,9/18/86,1/1/99,Engineer
492115,Sampalli,Staudhammer,10/11/62,4/4/98,1/1/99,Engineer
492128,Tokuyasu,Scallan,3/21/64,9/6/96,1/1/99,Engineer
492129,Horward,Boudaillier,6/30/63,10/18/87,1/1/99,Engineer
492130,Lihong,Bach,11/4/63,12/25/92,1/1/99,Senior Staff
492132,Mong,Cannane,12/12/63,9/4/85,1/1/99,Senior Staff
492136,Gritta,Harbusch,12/2/62,4/14/87,1/1/99,Engineer
492141,Anestis,Sridhar,11/21/64,12/4/88,1/1/99,Staff
492143,Arun,Conta,3/8/62,1/13/99,1/1/99,Engineer
492149,Collette,Krzyzanowski,2/28/63,8/7/97,1/1/99,Staff
492154,Kerhong,Kalloufi,1/6/63,1/28/86,1/1/99,Senior Engineer
492158,Cristinel,Schonegge,4/24/64,9/17/85,1/1/99,Senior Staff
492159,Huan,Rajcani,6/9/64,10/22/85,1/1/99,Engineer
492164,Ghassan,Birta,3/3/62,4/14/87,1/1/99,Senior Staff
492174,Arve,Fiebach,7/12/64,2/22/88,1/1/99,Staff
492175,Marke,Deyuan,11/22/64,11/5/98,1/1/99,Senior Staff
492176,Shan,Casley,11/10/62,9/30/89,1/1/99,Engineer
492177,Navin,Neiman,10/2/63,10/5/91,1/1/99,Staff
492193,Serif,Francisci,7/1/62,3/1/90,1/1/99,Engineer
492194,Zhonghui,Maierhofer,10/13/64,9/26/99,1/1/99,Senior Staff
492198,Gianluca,England,2/15/63,6/11/86,1/1/99,Senior Engineer
492206,Irena,Muhlberg,7/15/64,2/20/86,1/1/99,Senior Engineer
492207,Tua,Awdeh,8/5/63,10/5/90,1/1/99,Staff
492216,Yuguang,Anger,7/23/64,8/31/85,1/1/99,Engineer
492217,Heekeun,Verhaegen,1/16/65,9/28/91,1/1/99,Senior Engineer
492220,Valter,Varley,7/21/64,5/3/87,1/1/99,Senior Engineer
492229,Sachio,Pelz,2/26/64,11/23/95,1/1/99,Engineer
492242,Narain,Cyne,5/19/63,8/19/97,1/1/99,Engineer
492250,Mohua,Cooman,11/7/64,7/9/99,1/1/99,Senior Staff
492261,Kiam,Iacovou,10/7/64,5/19/98,1/1/99,Staff
492269,Nahid,Menhardt,11/12/64,8/19/85,1/1/99,Senior Engineer
492273,Adib,Conry,7/14/62,10/9/86,1/1/99,Engineer
492276,Parto,Leivant,12/14/63,9/3/98,1/1/99,Senior Staff
492281,Radhakrishnan,Hooghiemstra,3/1/62,6/17/99,1/1/99,Staff
492287,Kwangyoen,Cichocki,5/23/62,11/4/86,1/1/99,Senior Staff
492288,Fumitake,Munro,10/18/64,5/21/90,1/1/99,Senior Staff
492293,Rosine,Ghemri,3/12/62,2/3/99,1/1/99,Assistant Engineer
492310,Jiakeng,Segond,9/23/64,10/25/96,1/1/99,Senior Staff
492315,Hitofumi,Plavsic,11/24/63,5/1/99,1/1/99,Senior Staff
492326,Barna,Yavatkar,3/11/64,9/27/88,1/1/99,Assistant Engineer
492349,Fumitake,Giveon,5/9/62,5/6/94,1/1/99,Senior Staff
492352,Claudi,Grospietsch,9/27/64,12/15/93,1/1/99,Staff
492363,Jianhao,Bouloucos,9/17/64,11/2/94,1/1/99,Engineer
492374,Kellie,Bierbaum,1/7/63,11/16/92,1/1/99,Technique Leader
492379,Bernd,Detkin,7/29/62,7/30/92,1/1/99,Senior Staff
492386,Tadahiko,Beerel,8/18/63,1/27/97,1/1/99,Staff
492398,Hsiangchu,Cummings,5/26/63,11/11/99,1/1/99,Staff
492400,Kousuke,Cyne,6/9/64,4/14/96,1/1/99,Senior Staff
492405,Hironobu,Oehlmann,1/28/64,2/25/85,1/1/99,Senior Staff
492413,Arch,Coney,7/5/62,7/15/88,1/1/99,Senior Staff
492416,Xiaoheng,Brandsma,8/30/63,3/22/92,1/1/99,Engineer
492417,Kauko,Hiroyama,5/17/63,6/16/96,1/1/99,Staff
492422,Aemilian,Detkin,1/19/64,1/29/89,1/1/99,Senior Engineer
492424,Lihong,Ferretti,11/27/64,6/7/89,1/1/99,Senior Staff
492427,Rafail,Henseler,12/18/63,1/25/92,1/1/99,Senior Engineer
492434,Hitomi,Sinitsyn,6/24/64,9/6/89,1/1/99,Senior Staff
492435,Breannda,Merlo,12/24/62,8/27/94,1/1/99,Staff
492441,Stafford,Fraisse,10/1/64,7/7/85,1/1/99,Staff
492444,Basant,Cronan,10/14/62,2/19/88,1/1/99,Senior Staff
492445,Chaoyi,Bain,10/29/62,8/10/86,1/1/99,Staff
492446,Haldun,Gladwell,6/29/63,8/14/90,1/1/99,Staff
492452,Gully,Heping,7/1/64,5/8/88,1/1/99,Senior Engineer
492453,Achilleas,Kavraki,1/1/62,10/10/96,1/1/99,Engineer
492458,Woody,Fetvedt,6/1/62,9/26/93,1/1/99,Technique Leader
492460,Paddy,Stanfel,12/9/64,11/1/86,1/1/99,Staff
492461,Chiranjit,Rahimi,4/27/64,11/4/00,1/1/99,Staff
492462,Niclas,Hammerschmidt,11/3/62,5/31/88,1/1/99,Senior Engineer
492478,Marsha,Cherinka,7/25/62,9/3/85,1/1/99,Staff
492485,Xiahua,Montemayor,11/8/63,1/4/00,1/1/99,Staff
492487,Jouko,Sinicrope,9/23/63,4/26/98,1/1/99,Technique Leader
492492,Ulises,Schreiter,3/29/63,11/7/86,1/1/99,Senior Engineer
492495,Moss,Binkley,1/18/64,9/13/85,1/1/99,Senior Engineer
492497,Seongbin,Liedekerke,1/21/62,9/25/93,1/1/99,Senior Engineer
492503,Zhaofang,Hemaspaandra,11/18/63,2/26/85,1/1/99,Senior Engineer
492507,Mariusz,Claffy,3/27/63,3/10/86,1/1/99,Senior Engineer
492511,Pragnesh,Schmiedel,8/8/62,5/1/93,1/1/99,Senior Engineer
492514,Sreenivas,Suwa,12/29/63,10/7/95,1/1/99,Staff
492517,Barna,Nooteboom,11/24/63,12/18/96,1/1/99,Staff
492518,Berni,Erva,8/15/63,5/9/86,1/1/99,Engineer
492520,Gift,Attimonelli,5/24/64,5/19/89,1/1/99,Technique Leader
492524,Billur,Setlzner,5/28/62,6/1/87,1/1/99,Senior Staff
492526,Kien,Driscoll,2/4/62,6/2/93,1/1/99,Senior Staff
492534,Heon,Pillow,2/27/62,6/7/88,1/1/99,Engineer
492540,Tristan,Khalil,12/16/64,8/3/96,1/1/99,Senior Staff
492545,Miquel,Rouquie,2/6/64,12/9/86,1/1/99,Engineer
492549,Yishay,Tchuente,10/16/63,5/24/00,1/1/99,Engineer
492551,Pranay,Kleiser,3/14/64,2/12/87,1/1/99,Senior Staff
492552,Hailing,Goldhammer,9/7/63,2/8/93,1/1/99,Technique Leader
492557,Frederique,Hofman,7/30/62,9/16/98,1/1/99,Staff
492560,Patricio,Schach,11/22/62,11/28/94,1/1/99,Engineer
492568,Pragnesh,Mungall,2/17/62,11/12/92,1/1/99,Senior Staff
492571,Hugh,Rahimi,7/2/62,2/17/86,1/1/99,Senior Staff
492575,Gianluca,Rousseau,1/8/62,7/6/94,1/1/99,Senior Engineer
492581,Goetz,DuBourdieux,3/10/64,10/1/93,1/1/99,Senior Engineer
492582,Sumant,Stranks,11/29/62,1/18/97,1/1/99,Staff
492591,Nigel,Giveon,7/4/63,1/10/98,1/1/99,Staff
492603,Jiafu,Solovay,4/17/64,8/15/85,1/1/99,Engineer
492606,Junsik,Giaccio,9/4/64,5/21/86,1/1/99,Staff
492610,Eben,Colorni,11/30/63,9/10/97,1/1/99,Staff
492621,Elzbieta,Conte,11/21/62,5/16/87,1/1/99,Senior Engineer
492631,Hatsukazu,Chachaty,2/23/63,6/25/98,1/1/99,Staff
492632,Make,Beetstra,11/15/62,5/13/90,1/1/99,Engineer
492635,Steen,Mansanne,1/14/64,7/19/91,1/1/99,Senior Staff
492636,Franziska,Qiwen,4/28/63,10/18/94,1/1/99,Technique Leader
492637,Ottavia,Lorys,3/21/62,4/8/96,1/1/99,Staff
492639,Sanjoy,Porenta,1/30/65,7/10/97,1/1/99,Engineer
492645,Susumu,Litzkow,5/4/62,4/3/89,1/1/99,Staff
492648,Berhard,Sigstam,9/17/62,5/28/88,1/1/99,Senior Engineer
492668,Parto,Escriba,11/13/64,9/6/87,1/1/99,Senior Staff
492677,Goetz,McAffer,1/26/65,2/5/88,1/1/99,Senior Engineer
492680,Guiseppe,Kawashimo,6/11/62,9/29/97,1/1/99,Senior Staff
492687,Shalesh,Ravishankar,7/25/62,10/26/86,1/1/99,Senior Engineer
492688,Bokyung,Thibadeau,1/9/62,3/9/96,1/1/99,Engineer
492689,Jenwei,Garnham,2/6/62,5/28/92,1/1/99,Engineer
492691,Sreekrishna,Baak,4/6/63,11/5/95,1/1/99,Assistant Engineer
492702,Hein,Chappelet,12/11/62,1/3/02,1/1/99,Staff
492709,Filipe,Wendorf,7/4/62,6/28/98,1/1/99,Senior Engineer
492719,Shaibal,Atrawala,8/17/64,1/27/99,1/1/99,Engineer
492721,Samphel,Perly,5/6/64,2/18/87,1/1/99,Senior Staff
492724,Huican,Koyama,11/9/63,11/24/90,1/1/99,Senior Engineer
492735,Jacopo,Reistad,8/12/64,12/9/96,1/1/99,Senior Staff
492741,Uinam,DasSarma,9/3/63,8/13/93,1/1/99,Senior Engineer
492748,Eishiro,Dulli,10/15/64,1/10/89,1/1/99,Engineer
492752,Bedrich,Krichel,3/15/63,2/7/92,1/1/99,Staff
492766,Thodoros,Murillo,4/7/64,5/31/88,1/1/99,Senior Engineer
492782,Yahiko,Ratnakar,7/10/62,2/16/94,1/1/99,Senior Staff
492783,Oldrich,Hammerschmidt,2/22/62,12/28/91,1/1/99,Senior Staff
492785,Shaibal,Zielinski,12/8/63,10/31/96,1/1/99,Engineer
492788,Shaleah,Peek,8/11/63,5/22/86,1/1/99,Engineer
492789,Hein,Skafidas,12/1/64,4/21/97,1/1/99,Senior Engineer
492791,Odoardo,Papadias,10/26/64,2/2/96,1/1/99,Staff
492796,Oscal,Gadepally,12/22/64,11/9/89,1/1/99,Senior Staff
492802,Muzhong,Gewali,3/16/62,7/6/98,1/1/99,Engineer
492805,Claudi,Farrel,10/3/63,10/6/85,1/1/99,Technique Leader
492807,Shigenori,Cangellaris,9/18/64,10/8/00,1/1/99,Staff
492820,Yakkov,Gide,5/7/63,3/21/97,1/1/99,Staff
492821,Marl,Weisert,5/16/63,5/4/95,1/1/99,Senior Staff
492828,Tooru,Demian,3/2/63,6/16/96,1/1/99,Engineer
492830,Rosine,Bouloucos,5/13/64,1/19/91,1/1/99,Senior Staff
492832,Tadanori,Leppanen,7/4/62,2/2/97,1/1/99,Staff
492834,Gurbir,Collette,7/8/63,11/8/93,1/1/99,Engineer
492837,Tadanori,Ashish,6/2/64,2/9/96,1/1/99,Staff
492841,Takushi,Boudaillier,9/18/64,6/25/95,1/1/99,Engineer
492846,Tayeb,Schneeberger,6/11/64,9/27/91,1/1/99,Engineer
492851,Pintsang,Chvatal,3/20/63,12/5/91,1/1/99,Senior Engineer
492854,Yishay,Reistad,11/16/62,1/19/00,1/1/99,Technique Leader
492861,Shen,Ermel,3/14/64,9/10/94,1/1/99,Staff
492863,Arra,Cronan,3/29/64,5/7/98,1/1/99,Senior Engineer
492872,Garnet,Danley,12/29/62,11/6/89,1/1/99,Senior Staff
492896,Paraskevi,Strandh,2/8/64,9/20/91,1/1/99,Engineer
492897,Atreye,Kemmerer,12/6/63,9/17/88,1/1/99,Senior Engineer
492901,Giordano,Zizka,7/7/63,8/20/86,1/1/99,Engineer
492910,Taisook,Ghemri,10/7/63,5/21/98,1/1/99,Engineer
492919,Khatoun,Baby,5/7/62,4/11/94,1/1/99,Senior Staff
492924,Przemyslawa,Slaats,2/28/64,9/30/86,1/1/99,Technique Leader
492931,Xiadong,Besselaar,3/15/63,4/21/87,1/1/99,Senior Engineer
492933,Xuejia,Masada,12/8/64,8/21/98,1/1/99,Senior Staff
492937,Billie,Highland,6/5/64,11/25/89,1/1/99,Assistant Engineer
492955,Eric,Himler,11/29/62,7/24/87,1/1/99,Engineer
492960,Sarita,Schahn,10/7/64,2/15/95,1/1/99,Staff
492961,Lihong,Griswold,2/27/63,12/19/96,1/1/99,Staff
492968,Ramya,Riexinger,10/12/62,5/30/99,1/1/99,Staff
492971,Khalid,Plumb,8/29/64,6/18/85,1/1/99,Senior Engineer
492973,Yuping,Demos,3/26/64,10/21/85,1/1/99,Senior Engineer
492974,Mats,Murtha,4/10/64,2/15/93,1/1/99,Staff
492975,Nalini,Czaja,9/20/64,11/14/88,1/1/99,Senior Engineer
492978,Marla,Cullers,6/2/62,11/2/98,1/1/99,Senior Engineer
492982,Ortrun,Lipner,8/3/62,8/29/98,1/1/99,Staff
492999,Xinyu,Marzano,2/14/64,6/20/85,1/1/99,Senior Staff
493000,Limsoon,Stifter,1/9/64,10/25/99,1/1/99,Technique Leader
493006,Byong,Sidje,12/16/64,7/2/88,1/1/99,Senior Engineer
493007,Vitaly,Hemaspaandra,2/23/64,8/9/89,1/1/99,Senior Engineer
493011,Goncalo,Smeets,5/23/62,11/15/90,1/1/99,Engineer
493015,Nahla,Eiron,11/9/63,6/8/99,1/1/99,Senior Staff
493019,Woody,Teitelbaum,1/16/62,5/27/86,1/1/99,Senior Staff
493024,Mahmut,Guerreiro,4/19/64,4/8/93,1/1/99,Senior Staff
493025,Toshimitsu,Kamber,5/31/63,5/24/98,1/1/99,Technique Leader
493028,Munir,Swiler,10/30/63,12/15/96,1/1/99,Engineer
493031,Hironoby,Jakobus,1/23/65,7/30/91,1/1/99,Senior Staff
493048,Muzhong,Berztiss,1/31/65,1/23/95,1/1/99,Staff
493049,Horward,Straney,11/27/62,6/17/96,1/1/99,Staff
493051,Abdelghani,Hemaspaandra,5/7/62,1/16/91,1/1/99,Senior Engineer
493052,Shigeaki,Mapelli,6/15/64,4/18/89,1/1/99,Engineer
493069,Marko,Docker,6/22/62,5/19/97,1/1/99,Engineer
493070,Luigi,DuBourdieux,12/14/62,1/20/98,1/1/99,Staff
493072,Jinya,Chinal,6/17/63,1/23/93,1/1/99,Engineer
493076,Fox,Baer,2/27/64,6/6/02,1/1/99,Senior Staff
493078,Kasidit,Bonifati,1/13/62,7/24/95,1/1/99,Staff
493081,Abdelwaheb,Eldridge,2/13/64,8/26/98,1/1/99,Staff
493083,Mohammad,Whitcomb,5/30/64,5/19/90,1/1/99,Senior Staff
493089,Claude,Moffat,1/19/62,5/12/94,1/1/99,Engineer
493096,Sachem,Msuda,1/31/65,4/7/95,1/1/99,Engineer
493098,Debatosh,Vanwelkenhuysen,2/14/64,1/18/97,1/1/99,Engineer
493102,Srinidhi,Aamodt,10/3/62,11/11/93,1/1/99,Staff
493122,Udo,Merli,9/24/62,12/25/95,1/1/99,Staff
493123,Sasan,Spinelli,1/4/64,1/13/91,1/1/99,Senior Engineer
493126,Toney,Percebois,9/7/64,2/20/89,1/1/99,Staff
493131,Akeel,Mamelak,10/27/64,11/10/87,1/1/99,Senior Engineer
493132,Mahmut,Merlo,12/11/62,12/26/99,1/1/99,Staff
493140,Sreenivas,Zhiwei,9/25/63,1/17/86,1/1/99,Engineer
493144,Youssef,Swiss,10/16/63,4/7/92,1/1/99,Senior Engineer
493152,Honglan,Stifter,9/2/64,9/8/91,1/1/99,Senior Engineer
493160,Tze,Chinin,9/12/62,9/22/86,1/1/99,Senior Engineer
493185,Kasturi,Barinka,7/3/64,12/4/91,1/1/99,Engineer
493192,Hideo,Swiss,11/23/63,1/4/95,1/1/99,Engineer
493193,Toney,Rothe,7/22/63,12/30/87,1/1/99,Senior Staff
493195,Jianwen,Plessier,4/1/62,4/6/88,1/1/99,Engineer
493197,Masako,Miara,5/12/63,6/15/98,1/1/99,Senior Engineer
493203,Pragnesh,Gien,12/12/64,1/4/97,1/1/99,Senior Staff
493205,Zhenhua,Kusakabe,9/9/62,11/4/92,1/1/99,Engineer
493206,Zhensheng,Zallocco,6/13/62,7/8/98,1/1/99,Engineer
493207,Shirish,Belinskaya,8/13/63,9/28/87,1/1/99,Engineer
493214,Snehasis,Angelopoulos,6/29/64,8/15/91,1/1/99,Senior Staff
493220,Manohar,Zweizig,4/9/63,5/27/85,1/1/99,Technique Leader
493224,Jovan,Zschoche,1/23/64,8/13/88,1/1/99,Staff
493235,Mart,Fargier,6/2/64,3/28/86,1/1/99,Staff
493236,Florian,Yavatkar,3/23/63,4/23/99,1/1/99,Senior Staff
493245,Yoshimitsu,Bennis,8/5/64,9/30/96,1/1/99,Engineer
493246,Jaber,Muhling,1/25/62,12/8/99,1/1/99,Engineer
493250,Kazuhide,Sichman,4/4/64,3/25/93,1/1/99,Senior Staff
493258,Prasadram,Buescher,4/26/63,11/19/93,1/1/99,Engineer
493272,Nakhoon,Blokdijk,5/2/63,10/25/85,1/1/99,Senior Staff
493273,Shounak,Restivo,12/26/62,1/10/89,1/1/99,Senior Staff
493290,Reinhard,Eiron,9/25/64,9/26/96,1/1/99,Technique Leader
493296,Serap,Mapelli,4/7/63,2/14/01,1/1/99,Senior Engineer
493307,Dannz,Sundgren,9/10/63,1/1/89,1/1/99,Senior Staff
493309,Raimond,Honiden,2/10/64,10/5/90,1/1/99,Senior Staff
493312,Billie,Chappelet,5/30/62,9/8/88,1/1/99,Senior Engineer
493315,Shaunak,Thebaut,3/5/64,9/12/91,1/1/99,Engineer
493319,Zhiwei,Takanami,10/16/64,7/14/88,1/1/99,Engineer
493325,Adly,dAstous,10/18/62,10/1/96,1/1/99,Senior Staff
493333,Owen,Suppi,7/21/64,1/7/97,1/1/99,Staff
493334,Menkae,Bakhtari,4/27/63,1/23/99,1/1/99,Staff
493335,Mooi,Penn,3/2/62,6/27/96,1/1/99,Senior Staff
493338,Harngdar,Rijckaert,12/29/63,2/10/90,1/1/99,Senior Staff
493339,Zhongwei,Lindenbaum,7/2/63,1/21/93,1/1/99,Senior Staff
493345,Marsha,Dayang,4/30/64,11/13/90,1/1/99,Senior Staff
493355,Ziva,Onuegbe,3/11/63,1/19/93,1/1/99,Senior Staff
493365,Matk,Soicher,3/19/62,5/24/96,1/1/99,Engineer
493370,Charlene,Bolsens,10/21/62,7/28/01,1/1/99,Senior Staff
493374,Ymte,Rosiles,8/13/64,8/17/89,1/1/99,Senior Staff
493376,Barton,Stanfel,1/15/63,11/10/95,1/1/99,Senior Staff
493385,Fan,Kulisch,12/24/62,10/15/86,1/1/99,Senior Staff
493390,Perla,DuCasse,8/21/62,10/17/86,1/1/99,Engineer
493396,Ziyad,Garnick,2/18/62,12/19/95,1/1/99,Engineer
493398,Arif,Malinowski,7/5/64,2/7/85,1/1/99,Senior Staff
493399,Zhilian,Peris,8/28/64,1/16/95,1/1/99,Senior Staff
493401,Indrajit,Salinas,1/16/63,8/27/85,1/1/99,Engineer
493406,Boguslaw,Wielonsky,9/11/63,11/12/95,1/1/99,Senior Engineer
493408,Shaz,Pusterhofer,6/26/63,9/4/90,1/1/99,Technique Leader
493416,Marco,Kopetz,4/26/64,8/12/86,1/1/99,Senior Engineer
493417,Rafael,Guerreiro,6/18/62,12/12/95,1/1/99,Senior Engineer
493433,Ziva,Kuszyk,1/16/63,6/2/94,1/1/99,Staff
493437,Valeska,Bondorf,10/1/62,9/16/86,1/1/99,Engineer
493443,Sedat,Sabnani,7/27/64,1/21/90,1/1/99,Senior Engineer
493445,Yinghua,Solovay,3/7/62,3/19/96,1/1/99,Senior Engineer
493452,Eberhardt,Ouhyoung,4/4/63,10/6/87,1/1/99,Engineer
493457,Maren,Jenevein,5/18/64,2/8/91,1/1/99,Senior Staff
493469,Sverrir,Verspoor,3/5/64,2/19/88,1/1/99,Senior Engineer
493471,Shirish,Luce,9/17/63,7/22/93,1/1/99,Staff
493472,Jinpo,Emden,4/28/62,1/28/99,1/1/99,Engineer
493474,Adib,Farrel,4/30/63,7/9/94,1/1/99,Staff
493477,Shigeichiro,Spinelli,4/24/62,2/14/95,1/1/99,Senior Engineer
493496,Sergi,Litvinov,3/16/62,4/17/85,1/1/99,Technique Leader
493499,Moty,Henseler,9/24/63,12/28/98,1/1/99,Engineer
493500,Sastry,Choobineh,3/7/64,7/31/93,1/1/99,Staff
493512,Mingsen,Wursthorn,7/9/64,6/11/86,1/1/99,Senior Engineer
493517,Mayuri,Portugali,1/13/64,6/29/89,1/1/99,Senior Engineer
493520,Yongmao,Sambasivam,3/27/64,5/28/01,1/1/99,Staff
493523,Kiyomitsu,Maierhofer,9/3/62,9/1/97,1/1/99,Engineer
493529,Michaela,Keohane,12/4/63,11/5/01,1/1/99,Staff
493540,Make,Piveteau,7/28/63,5/14/86,1/1/99,Staff
493542,Shigeaki,Wixon,9/15/63,9/22/96,1/1/99,Engineer
493544,Zhonghua,Felder,7/21/64,5/11/91,1/1/99,Senior Engineer
493546,Toshimori,Menhoudj,3/15/62,8/23/91,1/1/99,Technique Leader
493551,Fox,Bridgland,4/11/63,2/18/93,1/1/99,Senior Staff
493552,Radhia,Zuberek,12/21/64,4/1/95,1/1/99,Engineer
493559,Nahla,Kaltofen,1/18/63,10/31/99,1/1/99,Assistant Engineer
493568,Angus,Katiyar,12/11/62,10/3/89,1/1/99,Engineer
493575,Mingsen,Seiwald,8/28/63,11/13/94,1/1/99,Engineer
493580,Xiaoshan,Luby,3/20/64,11/7/96,1/1/99,Engineer
493582,Adin,Greibach,11/9/63,8/23/85,1/1/99,Senior Staff
493584,Rildo,Rusterholz,6/16/63,7/9/89,1/1/99,Engineer
493585,Shaibal,Ramaiah,6/12/63,6/19/86,1/1/99,Technique Leader
493600,Keung,Heusch,1/26/64,6/1/86,1/1/99,Senior Staff
493602,Marsal,Zhang,7/22/64,11/25/89,1/1/99,Senior Staff
493608,Gaetan,Kulisch,9/8/62,6/11/89,1/1/99,Engineer
493614,Renee,Demian,10/5/62,6/17/02,1/1/99,Engineer
493625,Mani,Merli,7/17/64,5/22/93,1/1/99,Senior Staff
493633,Ramya,Papsdorf,2/26/63,7/13/86,1/1/99,Senior Staff
493635,Yuping,Spinelli,11/20/62,2/4/93,1/1/99,Engineer
493645,Adel,Diderrich,2/15/64,2/12/92,1/1/99,Engineer
493657,Babette,Belinskaya,1/19/64,9/13/90,1/1/99,Staff
493658,Gaurav,Ambroszkiewicz,4/7/63,4/15/91,1/1/99,Staff
493672,Cheong,Menyhert,5/29/62,2/27/95,1/1/99,Senior Staff
493684,Mohammad,Gammage,2/9/64,7/22/85,1/1/99,Senior Staff
493686,Anestis,Basart,4/26/64,11/13/98,1/1/99,Engineer
493687,Ekawit,Vecchio,11/12/62,2/18/94,1/1/99,Engineer
493688,Yuriy,Compeau,4/7/63,3/3/98,1/1/99,Engineer
493689,Itzchak,Maliniak,8/4/62,1/17/96,1/1/99,Engineer
493692,Babette,Schlegelmilch,2/7/63,5/2/97,1/1/99,Engineer
493694,Hauke,Billawala,11/23/63,5/7/91,1/1/99,Senior Staff
493699,Dmitry,Masaki,5/2/64,9/19/90,1/1/99,Senior Engineer
493704,Changho,Schlegelmilch,6/27/64,7/12/97,1/1/99,Senior Engineer
493717,Zhaofang,Fontan,9/30/62,8/8/95,1/1/99,Staff
493718,Zeljko,Versino,10/28/64,10/30/95,1/1/99,Staff
493719,Elvis,Binding,9/18/62,5/12/92,1/1/99,Senior Staff
493724,Bilhanan,Plotkin,6/20/62,11/29/94,1/1/99,Senior Engineer
493726,Munehiko,Sadowski,12/1/63,5/20/85,1/1/99,Engineer
493734,Mayumi,Schmiedel,5/21/63,4/19/92,1/1/99,Staff
493737,Boalin,Linares,4/8/64,6/29/99,1/1/99,Staff
493744,Leni,Kropatsch,1/14/65,7/17/97,1/1/99,Senior Engineer
493750,Genki,Wrigley,9/9/64,10/30/92,1/1/99,Staff
493755,Shaowei,Wossner,4/8/64,7/31/93,1/1/99,Staff
493757,Zhonghui,Peroz,2/21/63,11/15/90,1/1/99,Senior Engineer
493760,Heng,Ghazalie,7/22/63,5/24/91,1/1/99,Engineer
493766,Rosli,Lorch,6/26/62,12/1/93,1/1/99,Staff
493769,Atreye,Billingsley,9/16/64,5/23/02,1/1/99,Engineer
493770,Subhrajyoti,Jansch,10/7/62,1/1/87,1/1/99,Senior Engineer
493773,Yonghoan,Quittner,4/5/63,5/13/89,1/1/99,Senior Staff
493774,Uno,Zambonelli,9/21/64,9/12/98,1/1/99,Staff
493776,Mari,Gerteisen,1/22/64,1/23/88,1/1/99,Engineer
493790,Georgy,Serdy,5/24/62,3/8/93,1/1/99,Senior Staff
493796,Bodo,Peha,4/1/63,9/30/98,1/1/99,Engineer
493802,Aamer,Terwilliger,9/18/64,3/19/87,1/1/99,Senior Engineer
493814,Dante,Bain,11/14/64,4/21/88,1/1/99,Staff
493817,Giao,Vidya,3/15/64,11/23/98,1/1/99,Staff
493821,Aiichiro,Legleitner,6/3/63,4/7/88,1/1/99,Senior Engineer
493826,Peer,Roccetti,6/16/63,1/14/91,1/1/99,Senior Engineer
493838,Boutros,Rebaine,3/2/64,3/8/99,1/1/99,Senior Engineer
493858,Teruyuki,Luff,4/8/64,1/25/00,1/1/99,Technique Leader
493859,Jeanne,Tischendorf,6/1/63,7/22/98,1/1/99,Engineer
493860,Mack,Schieder,8/20/63,8/7/88,1/1/99,Senior Engineer
493868,Katsuyuki,Worfolk,3/23/62,3/15/85,1/1/99,Senior Staff
493879,Duangkaew,Anick,5/8/64,11/4/98,1/1/99,Technique Leader
493882,Sachar,Randi,1/11/62,11/8/93,1/1/99,Staff
493883,Jaana,Badache,4/28/63,5/14/85,1/1/99,Engineer
493899,Susanne,Apsitis,12/15/63,8/3/86,1/1/99,Assistant Engineer
493908,Baziley,Sevcikova,3/1/64,12/21/92,1/1/99,Staff
493919,Geraldo,Erol,6/14/64,7/9/87,1/1/99,Senior Engineer
493927,Dipankar,Marsiglia,9/6/63,3/10/02,1/1/99,Senior Engineer
493935,Tetsushi,Wielonsky,12/13/64,9/12/94,1/1/99,Engineer
493937,Volkmar,Alameldin,8/26/63,5/21/88,1/1/99,Senior Engineer
493942,Rasikan,Ferriere,5/3/62,8/6/97,1/1/99,Senior Engineer
493943,Marco,Cronau,11/25/63,1/31/89,1/1/99,Engineer
493951,Vugranam,Sidje,2/21/64,10/19/92,1/1/99,Staff
493953,Srinidhi,Furudate,10/20/63,2/19/88,1/1/99,Staff
493954,Luisa,Puppe,4/2/64,4/2/93,1/1/99,Senior Engineer
493956,Charmane,Matzke,1/22/62,2/17/00,1/1/99,Senior Staff
493958,Renny,Zuberek,7/28/62,4/26/91,1/1/99,Senior Engineer
493960,Guozhong,Vecchi,9/30/63,9/29/98,1/1/99,Staff
493964,Moheb,Couchot,10/27/64,8/12/91,1/1/99,Senior Staff
493969,Charlene,Landherr,3/28/64,10/19/99,1/1/99,Assistant Engineer
493970,Danil,Macedo,12/19/63,8/25/86,1/1/99,Senior Staff
493978,Masali,Rabehasaina,5/4/62,5/15/91,1/1/99,Staff
493983,Jayesh,Diderrich,8/12/63,3/18/87,1/1/99,Senior Staff
493984,Nevio,Fortenbacher,3/3/62,8/30/87,1/1/99,Senior Staff
493987,Perla,Compeau,2/20/63,11/4/87,1/1/99,Staff
493995,Fumiyo,Taubman,3/25/64,5/3/87,1/1/99,Technique Leader
494001,Zhiwei,Escriba,4/27/64,2/28/85,1/1/99,Senior Staff
494004,Sanjeeva,Shimshoni,1/2/62,4/16/85,1/1/99,Senior Staff
494006,Syozo,Fordan,8/22/63,11/7/90,1/1/99,Senior Staff
494011,Hailing,Budinsky,7/3/63,11/10/97,1/1/99,Senior Staff
494013,Sakthirel,Eiter,4/19/62,3/3/96,1/1/99,Senior Staff
494017,Shimshon,Chinal,12/24/62,3/20/87,1/1/99,Engineer
494019,Morrie,Iisaku,1/16/65,5/6/91,1/1/99,Staff
494021,Munenori,Merey,11/27/64,11/25/90,1/1/99,Senior Engineer
494028,Nishit,Pramanik,12/19/63,6/9/92,1/1/99,Engineer
494031,Golgen,Zhiwei,12/13/64,6/9/90,1/1/99,Engineer
494033,Rasiah,Stasinski,7/1/63,4/2/88,1/1/99,Senior Staff
494034,Sachin,Munoz,1/2/62,5/21/02,1/1/99,Engineer
494048,Sachin,Decleir,6/25/64,1/7/94,1/1/99,Engineer
494052,Kwangsub,Versino,8/22/64,5/26/94,1/1/99,Senior Staff
494062,Diederik,Kushnir,1/4/63,11/18/97,1/1/99,Staff
494087,Duro,Schwaller,1/26/62,5/11/89,1/1/99,Assistant Engineer
494088,Phule,Dahlbom,1/10/65,2/6/89,1/1/99,Senior Engineer
494091,Ottavia,Ibel,12/25/63,2/26/99,1/1/99,Staff
494093,Munir,Molenaar,10/26/62,9/8/91,1/1/99,Senior Staff
494098,Hugh,Renear,5/22/63,2/23/90,1/1/99,Senior Engineer
494104,Kazuhito,Munoz,5/6/62,4/30/95,1/1/99,Engineer
494109,Hailing,Underwood,2/15/63,10/16/90,1/1/99,Senior Staff
494119,Srinidhi,Reistad,8/1/62,6/16/97,1/1/99,Staff
494123,Yoshinari,Cairo,7/8/62,5/19/87,1/1/99,Senior Staff
494124,Wojceich,Setia,11/16/64,9/2/95,1/1/99,Senior Engineer
494126,Berna,Angelov,12/17/64,10/30/98,1/1/99,Staff
494134,Suebskul,Vesel,9/3/62,11/23/94,1/1/99,Assistant Engineer
494139,Marek,Siegrist,10/31/62,3/14/89,1/1/99,Senior Engineer
494142,Shay,Brizzi,9/8/63,6/29/95,1/1/99,Senior Engineer
494145,Kwangsub,Erie,2/15/64,3/16/95,1/1/99,Staff
494157,Uno,Heering,6/28/62,12/30/85,1/1/99,Senior Staff
494158,Naftaly,Veccia,8/5/62,8/14/93,1/1/99,Senior Staff
494159,Yongdong,Segond,2/20/62,4/29/96,1/1/99,Senior Staff
494160,Gretta,Luiz,7/23/62,3/22/92,1/1/99,Senior Staff
494165,Jianhao,Luck,7/10/64,4/25/01,1/1/99,Engineer
494175,Mountaz,Veldwijk,11/24/63,1/25/98,1/1/99,Senior Engineer
494177,Guoxiang,Pocchiola,6/25/62,2/20/87,1/1/99,Senior Staff
494182,Tokuyasu,Chinin,8/27/62,8/18/91,1/1/99,Senior Engineer
494184,Doohun,Morrey,8/17/64,11/24/86,1/1/99,Senior Engineer
494188,Billie,Kumaresan,10/21/62,2/27/91,1/1/99,Senior Staff
494192,Woody,Pollock,1/3/63,2/21/95,1/1/99,Engineer
494196,Sven,Hofmeyr,1/9/63,1/20/93,1/1/99,Engineer
494201,Martien,Terwilliger,4/21/62,7/12/88,1/1/99,Senior Engineer
494208,Marko,Camarinopoulos,8/31/64,6/30/86,1/1/99,Engineer
494213,Lucien,Comte,7/18/62,12/11/93,1/1/99,Senior Engineer
494227,Sariel,Rebaine,2/10/62,3/20/92,1/1/99,Senior Staff
494229,Mohd,Uludag,12/22/63,12/7/87,1/1/99,Senior Staff
494232,Serap,Crouzet,3/25/62,11/7/91,1/1/99,Engineer
494237,Chinhyun,Pulkowski,5/1/62,12/15/99,1/1/99,Staff
494241,Sahrah,Pokrovskii,6/8/63,10/30/99,1/1/99,Staff
494247,Alois,DeMori,10/22/63,4/27/95,1/1/99,Senior Engineer
494251,Leon,Maierhofer,12/17/62,1/15/89,1/1/99,Senior Staff
494252,Aleksander,Glowinski,11/10/63,1/15/88,1/1/99,Senior Engineer
494254,Sandeepan,Ranze,8/27/62,2/19/00,1/1/99,Senior Staff
494256,Tooru,Ginesta,3/7/62,12/19/86,1/1/99,Senior Engineer
494261,Dmitry,Wilharm,11/3/63,3/20/93,1/1/99,Senior Staff
494269,Zongyan,Diderrich,2/20/64,8/10/85,1/1/99,Senior Staff
494279,Dipayan,Selvestrel,7/15/64,11/25/97,1/1/99,Staff
494280,Yechezkel,Perry,11/22/64,2/18/88,1/1/99,Senior Engineer
494289,Sadok,Marrakchi,11/24/64,10/4/90,1/1/99,Senior Engineer
494292,Hinrich,Plotkin,4/23/63,8/14/91,1/1/99,Engineer
494296,Bilhanan,Stanfel,9/21/62,7/10/94,1/1/99,Staff
494299,Youngkon,Eppinger,9/29/62,10/19/95,1/1/99,Staff
494304,Maris,Rohrbach,10/6/62,4/20/95,1/1/99,Engineer
494307,Zorica,Serot,9/10/62,8/16/94,1/1/99,Engineer
494310,Khoa,Luft,2/28/64,11/19/97,1/1/99,Engineer
494315,Nakhoon,Flexer,12/18/62,10/15/88,1/1/99,Technique Leader
494318,Prodip,Slobodova,12/11/62,1/27/97,1/1/99,Senior Engineer
494320,Narain,Terwilliger,3/9/62,6/7/93,1/1/99,Engineer
494326,Satosi,Veevers,5/5/62,3/3/86,1/1/99,Staff
494334,Florian,Bennet,1/10/62,10/17/92,1/1/99,Senior Staff
494343,Along,Shokrollahi,2/22/62,3/20/96,1/1/99,Senior Staff
494349,Remco,Silva,7/24/63,3/22/85,1/1/99,Staff
494359,Chanjung,Beidas,5/29/64,11/6/97,1/1/99,Engineer
494367,Fan,Katalagarianos,3/10/63,8/14/89,1/1/99,Technique Leader
494369,Ewing,Bach,5/20/62,11/25/85,1/1/99,Staff
494376,Luigi,Marquardt,12/22/64,1/11/96,1/1/99,Senior Engineer
494382,Pragnesh,Ernst,9/28/64,1/9/00,1/1/99,Senior Engineer
494390,Cheong,Delaune,12/19/64,10/10/99,1/1/99,Senior Engineer
494391,Aram,Famili,1/3/62,6/16/97,1/1/99,Staff
494395,Woody,Krogh,4/7/63,4/18/95,1/1/99,Senior Engineer
494401,Jingling,Schlumberger,6/25/63,1/24/87,1/1/99,Senior Engineer
494405,Angus,Syrotiuk,12/1/64,5/28/92,1/1/99,Senior Staff
494407,Mayumi,Herath,5/1/62,6/18/00,1/1/99,Engineer
494418,Augustine,Nergos,2/18/63,4/13/86,1/1/99,Senior Staff
494431,Fumiyo,Przulj,1/1/62,4/8/89,1/1/99,Senior Staff
494432,Jackson,Krogh,1/25/63,9/23/97,1/1/99,Senior Engineer
494434,Make,Tomescu,11/26/64,2/2/96,1/1/99,Engineer
494436,Weicheng,Zockler,12/7/63,12/23/99,1/1/99,Engineer
494439,Premal,Hambrick,4/23/63,6/3/89,1/1/99,Senior Staff
494440,Chenye,Karlin,10/6/63,9/2/94,1/1/99,Senior Staff
494444,Mabo,Peot,10/29/64,10/25/89,1/1/99,Senior Engineer
494445,Neelam,Henseler,7/14/62,6/26/92,1/1/99,Engineer
494448,Danae,Baja,3/2/64,8/12/86,1/1/99,Senior Staff
494450,Christoph,Frolund,3/19/63,7/29/92,1/1/99,Engineer
494462,Marke,Attimonelli,1/24/63,7/13/90,1/1/99,Engineer
494469,Kazuhito,Viele,8/5/63,8/28/87,1/1/99,Senior Staff
494471,Bouchung,Merlo,9/10/64,9/8/94,1/1/99,Staff
494485,Sariel,Standera,10/27/63,10/2/88,1/1/99,Senior Engineer
494493,Masasuke,Koprowski,1/10/65,11/20/96,1/1/99,Staff
494507,Vatsa,Ferretti,4/22/63,9/15/91,1/1/99,Staff
494509,Jahangir,Ranta,4/27/62,7/22/95,1/1/99,Engineer
494518,Peternela,Mondadori,7/10/64,2/24/93,1/1/99,Senior Engineer
494529,Szabolcs,Vigier,6/11/63,2/22/92,1/1/99,Engineer
494530,Shahaf,Negoita,1/21/63,6/5/98,1/1/99,Staff
494537,Szabolcs,Nicolson,7/4/63,4/8/92,1/1/99,Senior Engineer
494540,Weiwu,Desikan,6/13/63,11/6/92,1/1/99,Senior Engineer
494542,Erzsebet,Bugrara,2/21/62,5/25/96,1/1/99,Engineer
494545,Alassane,Keirsey,7/26/63,1/27/96,1/1/99,Staff
494546,Yolla,Antonakopoulos,8/17/63,4/20/94,1/1/99,Senior Staff
494557,Adit,Cheshire,5/10/62,1/10/91,1/1/99,Staff
494562,Tadanori,Schiettecatte,6/29/62,6/22/87,1/1/99,Staff
494582,Francoise,Christianini,7/14/64,1/2/96,1/1/99,Technique Leader
494604,Seongbae,Bala,9/13/62,4/21/01,1/1/99,Engineer
494605,Basim,Kohling,1/28/64,8/5/97,1/1/99,Staff
494606,Radhakrishnan,Farrar,7/29/62,7/22/98,1/1/99,Engineer
494611,Ingmar,Roisin,7/23/62,5/28/86,1/1/99,Staff
494618,Jackson,Zweizig,4/19/62,7/12/85,1/1/99,Senior Engineer
494620,Shao,Litecky,1/17/63,1/22/90,1/1/99,Staff
494621,Zvonko,Mayerwieser,7/18/62,6/7/93,1/1/99,Senior Engineer
494623,Sariel,Curless,3/2/62,12/19/96,1/1/99,Technique Leader
494649,Hongzhu,Petersohn,12/26/62,8/26/87,1/1/99,Senior Engineer
494652,Aleksandar,Nergos,9/5/63,12/16/92,1/1/99,Senior Engineer
494653,Sailaja,Eastman,11/1/63,1/13/00,1/1/99,Engineer
494655,Adin,Roisin,7/13/64,3/18/96,1/1/99,Technique Leader
494658,Jamaludin,Soicher,9/25/64,8/15/97,1/1/99,Engineer
494668,Sanjit,Masada,1/13/62,2/20/90,1/1/99,Senior Staff
494671,Kasturi,Marakhovsky,3/29/63,1/9/90,1/1/99,Senior Staff
494678,Jiong,Silva,8/13/62,6/10/91,1/1/99,Senior Staff
494680,Niteen,McClure,3/29/62,3/7/97,1/1/99,Senior Engineer
494681,Geoffrey,Dymetman,8/1/62,1/20/97,1/1/99,Staff
494696,Ziva,Frolund,5/22/62,10/27/92,1/1/99,Staff
494703,Gurbir,Perri,6/12/63,5/2/85,1/1/99,Engineer
494709,Adel,Axelband,5/23/64,9/12/94,1/1/99,Engineer
494712,Yucel,Rubsam,7/29/62,11/12/89,1/1/99,Engineer
494716,Serap,Fargier,9/20/62,7/7/93,1/1/99,Senior Engineer
494717,Reinhard,Eiter,2/17/64,12/4/91,1/1/99,Technique Leader
494720,King,Chenoweth,8/9/62,9/25/93,1/1/99,Senior Staff
494729,Duangkaew,Ventosa,12/27/63,9/27/91,1/1/99,Senior Engineer
494733,Udi,Suppi,11/9/64,9/1/90,1/1/99,Staff
494734,Denny,Gammage,6/11/63,1/14/87,1/1/99,Staff
494739,Gift,Keustermans,5/11/64,6/8/95,1/1/99,Engineer
494740,Luisa,Glowinski,3/29/64,3/22/97,1/1/99,Senior Staff
494742,Anyuan,Vural,9/3/63,12/9/98,1/1/99,Engineer
494745,Aruna,Massonet,9/16/62,5/4/94,1/1/99,Engineer
494746,Yaghout,Thiran,6/16/64,4/16/88,1/1/99,Engineer
494749,Barna,Hanabata,5/30/62,8/20/88,1/1/99,Senior Staff
494758,Tzu,Kossowski,3/16/64,7/25/93,1/1/99,Staff
494765,Gennadi,Lanzelotte,9/12/63,10/20/88,1/1/99,Senior Staff
494766,Ziva,Bernardeschi,11/17/62,9/11/92,1/1/99,Technique Leader
494774,Rimon,Swiler,10/22/62,4/17/96,1/1/99,Senior Staff
494786,Renny,Roison,10/19/63,3/11/92,1/1/99,Senior Engineer
494789,Aral,Butner,10/23/62,8/10/94,1/1/99,Staff
494791,Shim,Emden,11/3/63,9/20/95,1/1/99,Staff
494795,Abdulla,Slobodova,12/8/62,1/26/90,1/1/99,Senior Staff
494799,Danil,Michaels,1/17/63,8/31/97,1/1/99,Staff
494817,Rasiah,Smeets,7/30/63,5/21/99,1/1/99,Technique Leader
494818,Genki,Terekhov,3/20/62,7/5/96,1/1/99,Engineer
494824,Masaru,Seuren,11/14/62,4/9/88,1/1/99,Staff
494825,Moheb,Uhrik,2/26/62,7/10/92,1/1/99,Senior Engineer
494826,Trygve,Mansanne,6/15/62,5/10/99,1/1/99,Engineer
494838,Stepehn,Bondorf,6/28/63,4/5/86,1/1/99,Engineer
494840,Masaki,Lueh,8/2/64,12/5/93,1/1/99,Engineer
494843,Brewster,Thimonier,10/23/62,6/4/88,1/1/99,Senior Staff
494847,Georg,Panwar,10/30/63,6/20/97,1/1/99,Staff
494848,Heeju,Melton,7/21/64,11/13/88,1/1/99,Senior Staff
494855,Samphel,Murthy,8/8/63,1/24/97,1/1/99,Staff
494863,Somnath,Deyuan,11/21/63,2/6/89,1/1/99,Staff
494870,Khedija,Douceur,5/24/62,3/22/97,1/1/99,Staff
494874,Kristin,Oberman,2/18/63,7/14/97,1/1/99,Senior Engineer
494876,Kiyotoshi,Gaughan,12/5/62,6/9/90,1/1/99,Senior Staff
494880,Percy,Bouloucos,10/16/64,7/4/89,1/1/99,Senior Staff
494882,Serap,Siksek,4/4/63,12/2/98,1/1/99,Staff
494887,Xudong,Huttel,6/13/63,3/29/85,1/1/99,Senior Staff
494888,Samphel,Dahlbom,10/12/64,12/11/95,1/1/99,Staff
494889,Sanjeeva,Matzen,9/3/64,9/22/93,1/1/99,Senior Engineer
494895,Geoffry,Karner,3/9/62,7/4/94,1/1/99,Senior Engineer
494896,Ibibia,Koyama,7/30/64,8/28/86,1/1/99,Senior Staff
494904,Taiji,Angelopoulos,8/21/62,8/26/89,1/1/99,Engineer
494905,Mary,Kinley,5/9/62,6/24/85,1/1/99,Senior Staff
494920,Limsoon,Kalorkoti,1/3/64,10/6/94,1/1/99,Senior Staff
494921,Odysseas,Slobodova,2/15/64,3/2/95,1/1/99,Senior Staff
494932,Djelloul,Slutz,8/15/64,12/20/85,1/1/99,Staff
494937,Adam,Choobineh,8/22/64,9/3/87,1/1/99,Technique Leader
494943,Kyoichi,Conte,6/10/63,10/7/93,1/1/99,Staff
494955,Rosella,Nitta,4/7/64,12/4/91,1/1/99,Senior Staff
494962,Marsal,Vasanthakumar,2/3/63,10/30/89,1/1/99,Engineer
494965,Domenick,Suri,9/25/62,4/27/02,1/1/99,Engineer
494968,Hiroyasu,Einsfeld,5/6/64,1/8/98,1/1/99,Engineer
494970,Ashish,Glowinski,3/31/62,7/30/96,1/1/99,Senior Engineer
494975,Renny,Doering,1/26/62,1/27/01,1/1/99,Senior Engineer
494980,Arup,Moffat,12/14/63,10/2/96,1/1/99,Engineer
494983,Bartek,Terlouw,4/13/63,4/4/90,1/1/99,Technique Leader
494985,Serenella,Lamma,8/8/62,3/18/94,1/1/99,Engineer
494988,Shir,Granlund,10/16/62,9/21/92,1/1/99,Senior Engineer
494989,Cristinel,Zumaque,12/20/62,6/21/87,1/1/99,Engineer
494994,Yefim,Isard,10/30/62,1/5/94,1/1/99,Senior Staff
494995,Yongmao,Pouyioutas,1/4/65,8/24/89,1/1/99,Staff
495001,Jianhua,Savasere,12/6/62,2/21/92,1/1/99,Senior Staff
495002,Sugwoo,Schieder,7/20/62,7/28/97,1/1/99,Staff
495013,Adit,Marsiglia,6/11/64,7/13/94,1/1/99,Engineer
495016,Palash,Jonsson,9/24/63,4/26/85,1/1/99,Technique Leader
495032,Eberhardt,Coorg,10/6/62,6/27/98,1/1/99,Staff
495034,Zhiwei,Guenter,7/21/63,9/15/88,1/1/99,Senior Engineer
495068,Bartek,Heusch,1/11/64,10/10/92,1/1/99,Engineer
495083,Clyde,Awdeh,1/12/64,11/16/92,1/1/99,Staff
495084,Junichi,Keohane,2/21/63,9/6/96,1/1/99,Engineer
495086,Neven,Valette,4/23/64,6/17/86,1/1/99,Senior Engineer
495089,Brendon,Kenevan,8/19/62,3/13/91,1/1/99,Senior Staff
495092,Hilari,Stafford,7/22/64,9/1/92,1/1/99,Senior Staff
495095,Erzsebet,Oxman,5/21/64,12/9/95,1/1/99,Senior Engineer
495101,Kyoichi,Heystek,1/15/62,2/24/92,1/1/99,Senior Engineer
495103,Martial,Yoshizawa,12/27/62,5/8/89,1/1/99,Senior Staff
495105,Matt,Chimia,2/9/64,11/8/87,1/1/99,Senior Staff
495118,Kristen,Pokrovskii,12/31/63,10/2/90,1/1/99,Senior Staff
495133,Adel,Angelov,4/12/63,8/25/93,1/1/99,Engineer
495141,Satosi,Basagni,2/15/63,2/28/91,1/1/99,Senior Engineer
495149,Gadiel,Azulay,6/20/64,12/21/93,1/1/99,Staff
495151,Chiradeep,Lubachevsky,9/20/63,10/8/91,1/1/99,Engineer
495154,Abdelaziz,Poulakidas,9/11/64,6/17/85,1/1/99,Senior Staff
495163,Marc,Hasham,9/11/64,4/25/87,1/1/99,Engineer
495165,Ziva,Ladret,4/3/63,11/28/97,1/1/99,Engineer
495168,Ewing,Yurek,4/8/63,2/11/00,1/1/99,Senior Engineer
495170,Jasminko,Litzkow,11/9/62,10/6/99,1/1/99,Engineer
495193,Sven,Furudate,5/19/64,6/16/96,1/1/99,Senior Engineer
495194,Aria,Chimia,10/11/62,1/29/92,1/1/99,Staff
495197,Adam,Pehl,11/15/64,5/18/90,1/1/99,Staff
495199,Udi,Compeau,2/24/62,11/7/85,1/1/99,Senior Staff
495200,Clyde,Kopetz,3/25/64,5/5/95,1/1/99,Engineer
495202,Kendra,Chinin,4/24/63,2/16/99,1/1/99,Engineer
495208,Marjo,Oskamp,12/20/64,8/24/96,1/1/99,Senior Staff
495211,Rosine,Matzov,6/13/62,5/24/95,1/1/99,Staff
495227,Tadahiro,Baby,11/24/64,2/17/94,1/1/99,Senior Engineer
495230,Basil,Melichar,9/4/64,12/26/86,1/1/99,Senior Staff
495239,Masami,Krybus,7/19/64,8/4/95,1/1/99,Senior Staff
495241,Hatim,Pelc,2/13/64,9/16/87,1/1/99,Engineer
495263,Ewing,Pluym,7/1/64,7/11/02,1/1/99,Staff
495264,Katsuo,Cincotta,9/25/62,4/10/95,1/1/99,Engineer
495274,Sanjit,Azumi,10/23/64,10/21/89,1/1/99,Senior Staff
495276,Shuky,Peak,6/5/63,6/14/97,1/1/99,Assistant Engineer
495286,Gunilla,Vickson,11/23/62,11/27/98,1/1/99,Staff
495302,Moss,Shanbhogue,7/17/62,12/22/86,1/1/99,Staff
495311,Zito,Beetstra,4/29/62,2/1/93,1/1/99,Senior Staff
495333,Renee,Barinka,7/6/62,4/18/92,1/1/99,Senior Staff
495337,Hausi,Sabnani,5/2/64,3/1/98,1/1/99,Staff
495338,Rildo,Brodal,10/8/63,8/26/90,1/1/99,Senior Engineer
495341,Chriss,Marciano,3/10/63,8/18/93,1/1/99,Staff
495356,Xiaoheng,Falster,6/6/62,5/9/86,1/1/99,Senior Engineer
495360,Djenana,Christ,4/6/63,9/3/90,1/1/99,Engineer
495362,Sushant,Raoux,6/28/64,11/4/92,1/1/99,Senior Engineer
495368,Candido,Heemskerk,10/7/63,5/11/85,1/1/99,Senior Staff
495369,Kersti,Bressoud,4/17/63,1/2/90,1/1/99,Senior Engineer
495371,Koldo,Cherinka,1/25/64,10/28/87,1/1/99,Senior Engineer
495375,Hironobu,Lakshmanan,5/26/63,10/25/95,1/1/99,Engineer
495384,Hisao,Kakkar,8/9/63,2/5/99,1/1/99,Senior Engineer
495386,Garnik,Hiyoshi,7/25/64,3/27/97,1/1/99,Senior Staff
495388,Feiyu,Haldar,7/17/64,10/31/89,1/1/99,Engineer
495391,Sasan,Liesche,4/21/62,2/8/87,1/1/99,Senior Staff
495414,Leni,Fadgyas,5/17/64,3/20/95,1/1/99,Engineer
495420,Serge,Kampfer,6/15/62,8/29/88,1/1/99,Staff
495421,Luerbio,Krohm,6/15/64,10/15/87,1/1/99,Engineer
495423,Gritta,Kroll,6/16/62,5/6/85,1/1/99,Staff
495431,Kiyomitsu,Merey,5/2/63,10/24/98,1/1/99,Engineer
495435,Thanasis,Schlenzig,11/12/62,6/2/97,1/1/99,Staff
495439,Claude,Akaboshi,3/13/64,6/21/92,1/1/99,Staff
495443,Ziya,Conti,4/14/64,12/24/98,1/1/99,Senior Staff
495444,Shunichi,Porotnikoff,9/13/64,5/10/87,1/1/99,Senior Engineer
495455,Ottavia,Basawa,4/15/63,8/8/00,1/1/99,Senior Staff
495462,Duke,Vidya,4/1/64,4/24/85,1/1/99,Senior Engineer
495472,Chenxi,Oberman,8/5/62,4/12/97,1/1/99,Senior Engineer
495474,Aron,Undy,5/28/62,2/14/00,1/1/99,Staff
495475,Martien,Renear,12/30/64,2/27/99,1/1/99,Senior Engineer
495476,Fan,Krider,2/9/64,1/6/93,1/1/99,Senior Staff
495477,Poorav,Gewali,5/14/63,4/20/99,1/1/99,Staff
495483,Tristan,Panwar,2/13/64,4/13/02,1/1/99,Assistant Engineer
495486,Souichi,Hutter,1/16/64,7/1/87,1/1/99,Senior Staff
495494,Baocai,Rosti,9/14/64,4/2/97,1/1/99,Engineer
495495,Piyawadee,Lodder,4/6/62,2/28/86,1/1/99,Senior Staff
495496,Bouchung,Raczkowsky,9/19/64,4/5/95,1/1/99,Senior Staff
495503,Hatsukazu,Baezner,12/10/62,2/9/89,1/1/99,Senior Staff
495508,Yongqiao,Koshino,9/9/64,3/31/94,1/1/99,Staff
495517,Fox,Rosay,12/1/62,5/28/87,1/1/99,Engineer
495524,Somnath,Gyorkos,7/16/62,7/6/93,1/1/99,Staff
495536,Ashish,Hambrick,11/16/63,7/18/98,1/1/99,Staff
495550,Shim,Brookman,5/11/63,12/9/94,1/1/99,Senior Staff
495551,Frederique,Heemskerk,10/7/64,11/13/95,1/1/99,Senior Staff
495555,Narain,Casperson,3/2/64,9/18/89,1/1/99,Staff
495559,Thanasis,Klerer,5/31/62,3/25/89,1/1/99,Senior Staff
495560,Hongzue,Wynblatt,1/15/62,7/13/89,1/1/99,Senior Staff
495563,Marl,Sevcikova,8/18/64,6/4/93,1/1/99,Senior Staff
495567,Subhada,Molberg,6/19/64,12/17/86,1/1/99,Senior Staff
495568,Berthier,Furudate,3/30/64,7/1/85,1/1/99,Staff
495572,Ebru,Hoppenstand,7/25/63,8/21/94,1/1/99,Senior Staff
495578,Souichi,Gladwell,2/1/63,3/15/91,1/1/99,Engineer
495581,Leif,Rubsam,2/7/62,11/30/98,1/1/99,Senior Engineer
495583,Byong,Karner,2/20/64,10/15/93,1/1/99,Senior Staff
495586,Remmert,Slobodova,10/3/63,2/22/94,1/1/99,Senior Staff
495591,Masanao,Stentiford,8/26/62,1/1/92,1/1/99,Senior Staff
495598,Junsik,Bahk,10/8/64,4/13/91,1/1/99,Senior Engineer
495601,Gully,Krohn,5/7/63,10/7/89,1/1/99,Engineer
495609,Collette,Talmor,7/31/62,3/7/91,1/1/99,Senior Staff
495614,Pohua,Litecky,2/18/64,3/24/96,1/1/99,Engineer
495619,Basim,Sidou,7/12/63,9/9/85,1/1/99,Assistant Engineer
495626,Alagu,Provine,1/11/62,3/28/99,1/1/99,Staff
495627,Divine,Herbst,1/4/62,6/24/91,1/1/99,Staff
495639,Marko,Vanwelkenhuysen,10/2/62,10/17/88,1/1/99,Senior Staff
495643,Vatsa,Lorie,6/15/63,11/24/99,1/1/99,Senior Engineer
495646,Berna,Barinka,1/7/62,2/13/89,1/1/99,Engineer
495657,Spyrose,Zeleznik,1/18/62,2/28/95,1/1/99,Engineer
495660,Evgueni,Smailagic,9/19/64,1/26/02,1/1/99,Engineer
495665,Berto,Lyonns,6/8/63,4/22/88,1/1/99,Senior Engineer
495669,Akeel,Swiss,2/14/62,9/8/99,1/1/99,Engineer
495672,Zissis,Sewelson,9/2/62,2/10/85,1/1/99,Staff
495698,Nectarios,Tagansky,7/4/64,3/20/92,1/1/99,Technique Leader
495699,Gro,Kilgour,7/28/62,3/21/01,1/1/99,Senior Staff
495715,Danco,Vasanthakumar,8/30/64,7/6/85,1/1/99,Senior Staff
495728,Divine,Lubachevsky,3/11/64,5/2/85,1/1/99,Senior Staff
495731,Eldridge,Velardi,8/18/63,7/23/97,1/1/99,Engineer
495737,Fumiya,Marquardt,8/15/63,6/13/89,1/1/99,Engineer
495738,Bingning,Schiper,11/5/63,6/10/93,1/1/99,Senior Engineer
495745,Odoardo,Kobara,4/11/62,3/30/92,1/1/99,Engineer
495747,Moto,Saoudi,12/16/62,1/25/91,1/1/99,Staff
495751,Bernardo,Solovay,5/28/64,3/25/95,1/1/99,Senior Staff
495753,Aloys,Belinskaya,6/7/62,8/2/91,1/1/99,Senior Engineer
495757,Sachio,Jahnichen,7/20/63,11/5/00,1/1/99,Senior Engineer
495759,Yagil,Hennebert,3/3/64,11/22/94,1/1/99,Staff
495760,Dzung,Impagliazzo,4/29/64,11/19/87,1/1/99,Senior Engineer
495773,Hiroyasu,Matzke,1/18/64,3/17/99,1/1/99,Engineer
495774,Paloma,Baja,3/12/62,6/27/96,1/1/99,Engineer
495782,Bedrich,Schoegge,2/14/63,2/18/89,1/1/99,Senior Staff
495783,Roddy,Pelc,4/28/64,3/11/99,1/1/99,Staff
495796,Sahrah,Griswold,2/12/62,7/15/85,1/1/99,Staff
495797,Bingning,Porenta,3/17/62,3/26/01,1/1/99,Staff
495798,Dinkar,Sudkamp,8/16/62,4/16/97,1/1/99,Staff
495800,Ugo,Bondorf,4/15/63,12/28/85,1/1/99,Senior Staff
495803,Uri,Conti,10/8/63,5/7/86,1/1/99,Senior Engineer
495810,Kolar,Lorch,2/20/63,2/17/93,1/1/99,Senior Staff
495815,Lidong,Gustavson,5/6/64,4/22/89,1/1/99,Senior Staff
495825,Xiaoheng,Skogmar,6/25/64,11/25/89,1/1/99,Staff
495833,Spyrose,Falck,11/26/63,6/11/91,1/1/99,Engineer
495839,Valdiodio,Pollacia,12/20/63,8/27/93,1/1/99,Staff
495843,Marjo,Hainaut,2/3/62,7/18/96,1/1/99,Engineer
495848,Ayonca,Renear,10/30/63,7/7/95,1/1/99,Senior Staff
495849,Rasikan,Hinsberger,9/28/62,4/23/94,1/1/99,Technique Leader
495852,Shakhar,Picci,12/6/64,1/29/93,1/1/99,Staff
495854,Hideo,Stavenow,7/6/64,4/7/97,1/1/99,Staff
495856,Lubomir,Rubsam,1/9/63,1/15/98,1/1/99,Engineer
495858,Wojceich,Soloway,6/20/63,2/21/85,1/1/99,Technique Leader
495868,Georg,Buchter,12/13/64,6/16/95,1/1/99,Engineer
495877,Rasikan,Serra,8/7/64,11/14/97,1/1/99,Engineer
495881,Rimli,Fujisawa,8/19/62,12/20/99,1/1/99,Engineer
495886,Magy,Kalefeld,10/23/63,11/29/96,1/1/99,Senior Engineer
495891,Shan,Lanphier,6/30/63,6/7/99,1/1/99,Engineer
495897,Karsten,Azevdeo,4/5/62,4/7/90,1/1/99,Technique Leader
495899,Kokou,Hoppenstand,4/30/64,8/13/90,1/1/99,Engineer
495900,Hugh,Kavvadias,9/7/64,12/21/96,1/1/99,Senior Engineer
495904,Dmitri,Schmiedel,6/14/64,2/24/93,1/1/99,Senior Staff
495915,Ulises,Fontan,6/22/64,2/5/95,1/1/99,Senior Engineer
495917,Toshiko,Binding,11/8/62,5/27/86,1/1/99,Assistant Engineer
495920,Adly,Validov,7/31/63,12/23/91,1/1/99,Senior Staff
495921,Takushi,Lyonns,11/28/64,9/8/97,1/1/99,Staff
495924,Randi,Hardjono,11/28/64,1/4/92,1/1/99,Staff
495926,Constantino,Trachtenberg,9/14/64,3/23/88,1/1/99,Senior Staff
495932,Weiwu,Mikschl,11/11/64,8/21/88,1/1/99,Senior Engineer
495934,Dekang,Morton,2/27/64,8/5/97,1/1/99,Senior Engineer
495951,Froduald,Vesna,6/14/63,11/12/96,1/1/99,Staff
495953,Chriss,Krupka,1/23/63,11/28/92,1/1/99,Staff
495957,Goetz,Weisert,10/19/64,2/29/92,1/1/99,Senior Staff
495962,Sham,Provine,2/11/62,7/29/96,1/1/99,Senior Engineer
495966,Danil,Lindqvist,11/30/62,4/14/98,1/1/99,Staff
495968,Kamran,Hofstetter,6/16/64,7/13/00,1/1/99,Engineer
495970,Shuky,Kuzuoka,6/25/63,12/23/92,1/1/99,Senior Engineer
495976,Chaitali,Barriga,7/10/62,11/8/91,1/1/99,Senior Engineer
495981,Parviz,Leaver,11/4/64,4/10/86,1/1/99,Assistant Engineer
495983,Abdelghani,Kawashimo,2/17/62,5/19/94,1/1/99,Senior Engineer
495985,Makato,Buchter,7/6/64,10/30/98,1/1/99,Staff
495986,Shaibal,Stamatiou,3/11/64,6/28/02,1/1/99,Senior Staff
495990,Danai,Keustermans,5/26/62,6/26/92,1/1/99,Senior Engineer
495991,Satyanarayana,Mitina,7/28/62,3/21/89,1/1/99,Engineer
495998,Maja,Lorho,8/8/62,11/15/86,1/1/99,Senior Engineer
496001,Guozhong,Unni,4/18/62,2/28/88,1/1/99,Senior Staff
496004,Caolyn,Antonisse,7/27/64,1/14/91,1/1/99,Senior Engineer
496025,Huei,Prochazka,8/1/64,3/30/98,1/1/99,Staff
496026,Karsten,Lodder,8/7/62,6/25/96,1/1/99,Engineer
496028,Kinh,Bernatsky,9/17/62,8/15/89,1/1/99,Senior Engineer
496029,Muzhong,Krogh,8/20/63,11/22/89,1/1/99,Senior Staff
496030,Barton,Seuren,3/24/64,5/22/90,1/1/99,Senior Engineer
496040,Ayakannu,Furedi,2/17/62,12/30/98,1/1/99,Engineer
496041,Abdulla,Stifter,11/23/63,8/30/89,1/1/99,Senior Staff
496043,Zhonghui,Matzat,5/20/64,4/14/93,1/1/99,Senior Engineer
496048,Yurii,Vilarrasa,10/12/64,1/9/90,1/1/99,Staff
496050,Kiyomitsu,Serna,2/26/64,5/9/87,1/1/99,Engineer
496052,Luigi,Cunliffe,11/11/62,8/23/93,1/1/99,Senior Staff
496061,Tran,Uhrik,1/20/64,8/7/91,1/1/99,Senior Staff
496071,Khatoun,Bernardeschi,1/28/62,10/16/87,1/1/99,Senior Engineer
496079,Bader,Gien,5/5/62,3/7/85,1/1/99,Technique Leader
496086,Odysseas,Delgrande,3/30/63,2/18/88,1/1/99,Staff
496087,Sudharsan,Servi,5/25/64,6/13/89,1/1/99,Staff
496089,Mikhail,Brookman,2/17/64,6/9/90,1/1/99,Technique Leader
496090,Radhia,Woycyznski,5/27/62,7/27/85,1/1/99,Senior Engineer
496096,Kwangsub,Fiebach,1/2/64,7/4/91,1/1/99,Senior Engineer
496100,Pranjal,Reinhard,1/7/65,5/8/95,1/1/99,Staff
496111,Ulises,Savasere,5/30/62,1/30/89,1/1/99,Senior Staff
496130,Arne,Chaudhury,1/4/63,11/4/98,1/1/99,Engineer
496134,Flemming,Masaki,6/25/63,3/31/94,1/1/99,Senior Engineer
496144,Kerhong,Blokdijk,12/3/64,5/8/89,1/1/99,Senior Staff
496149,Tuval,Hebden,4/25/62,7/22/99,1/1/99,Senior Staff
496155,Hironobu,Axelband,4/12/63,7/12/88,1/1/99,Senior Staff
496161,Tonny,Stille,12/1/64,12/19/93,1/1/99,Engineer
496167,Gennady,Antonisse,7/31/64,12/16/87,1/1/99,Engineer
496169,Bernice,Foote,12/18/63,6/22/97,1/1/99,Staff
496172,Przemyslawa,Griswold,3/3/63,3/10/93,1/1/99,Engineer
496175,Xiaoqiang,Tokunaga,1/25/64,3/2/97,1/1/99,Staff
496176,Aleksandar,Teitelbaum,5/19/64,9/7/93,1/1/99,Senior Engineer
496186,Hugh,Wiegley,12/7/62,9/21/97,1/1/99,Engineer
496194,Paddy,Maliniak,1/2/62,8/15/87,1/1/99,Staff
496204,Aleksandar,Oxman,5/27/63,4/10/93,1/1/99,Engineer
496221,Torsten,Brattka,7/3/64,1/11/91,1/1/99,Senior Engineer
496223,Tsvetan,Dahlbom,3/21/64,4/9/95,1/1/99,Senior Engineer
496231,Masaru,Condotta,1/20/63,8/24/87,1/1/99,Staff
496233,Garnet,Marrakchi,7/28/62,7/13/91,1/1/99,Senior Engineer
496237,Ottavia,Heering,6/23/62,4/3/86,1/1/99,Engineer
496247,Gil,Spinelli,10/20/62,10/31/86,1/1/99,Senior Staff
496261,Constantino,Narlikar,12/2/63,2/17/86,1/1/99,Assistant Engineer
496266,Heather,Pluym,12/21/63,1/9/92,1/1/99,Senior Staff
496270,Demos,Morrey,5/30/64,10/6/93,1/1/99,Senior Staff
496271,Dzung,Gornas,2/8/62,9/16/00,1/1/99,Engineer
496272,Susuma,Naumovich,6/23/64,7/21/97,1/1/99,Senior Engineer
496274,Volkmar,Badr,7/27/63,6/24/91,1/1/99,Senior Staff
496275,Rajmohan,Valtorta,8/23/64,6/7/96,1/1/99,Staff
496287,Randi,Angiulli,1/26/62,5/25/93,1/1/99,Senior Engineer
496298,Randy,Peot,9/30/64,7/13/88,1/1/99,Senior Staff
496309,Kiyomitsu,Shiratori,12/23/63,7/20/97,1/1/99,Engineer
496313,Tetsushi,Shobatake,11/19/63,4/17/91,1/1/99,Senior Staff
496314,Khatoun,Peroz,11/22/62,7/8/97,1/1/99,Senior Engineer
496318,Takahiro,Akaboshi,12/4/62,4/10/86,1/1/99,Engineer
496320,Maja,Munke,12/30/64,2/6/94,1/1/99,Senior Staff
496327,Mountaz,Flexer,6/2/62,4/12/91,1/1/99,Engineer
496331,Faiza,Edelhoff,6/22/64,8/12/86,1/1/99,Engineer
496334,Lena,Miyakawa,12/18/64,7/7/91,1/1/99,Senior Engineer
496340,Selwyn,Beznosov,5/18/63,6/16/98,1/1/99,Engineer
496345,Nikolaus,Gyorkos,6/26/64,9/11/95,1/1/99,Staff
496350,Mohd,Ramsay,8/2/64,1/2/96,1/1/99,Senior Staff
496352,Rosine,Farrow,1/3/63,11/25/85,1/1/99,Senior Staff
496353,Hidefumi,Birch,4/15/62,8/20/90,1/1/99,Senior Engineer
496356,Pranav,Begiun,8/14/62,10/28/99,1/1/99,Engineer
496360,Otmar,Penn,6/6/62,9/18/94,1/1/99,Engineer
496361,Kayoko,Barreiro,6/5/62,2/8/89,1/1/99,Staff
496365,Jingling,Keohane,5/30/64,1/20/93,1/1/99,Senior Staff
496374,Augustine,Binding,1/27/64,1/11/89,1/1/99,Engineer
496376,JoAnne,Prochazka,7/2/64,6/1/85,1/1/99,Senior Engineer
496380,Shirish,Nourani,1/27/63,5/6/99,1/1/99,Senior Engineer
496382,Huan,Shihab,12/20/63,2/11/96,1/1/99,Staff
496385,Uriel,Heydon,9/12/62,5/23/99,1/1/99,Senior Staff
496396,Stein,Przulj,6/21/64,11/14/98,1/1/99,Staff
496402,Marie,Skafidas,10/19/64,10/18/93,1/1/99,Engineer
496407,Yunming,Cummings,5/28/62,2/13/98,1/1/99,Engineer
496410,Becky,Dahlbom,1/6/63,3/17/97,1/1/99,Senior Staff
496413,Shigenori,Gimbel,4/16/64,7/24/87,1/1/99,Engineer
496417,Boriana,Senzako,7/4/63,12/1/91,1/1/99,Senior Engineer
496420,Zdislav,Murtagh,1/4/64,4/3/97,1/1/99,Staff
496421,Shim,Heiserman,9/24/62,11/27/91,1/1/99,Senior Staff
496424,Bouchung,Quadeer,12/17/63,7/14/93,1/1/99,Senior Staff
496434,Ranga,Sessa,9/22/63,7/29/01,1/1/99,Senior Engineer
496446,Jinpo,Alpay,9/14/63,8/11/88,1/1/99,Staff
496450,Mori,Kisuki,7/18/63,11/8/94,1/1/99,Staff
496452,Gennady,Garnier,12/29/64,10/9/96,1/1/99,Senior Staff
496455,Kwangyoen,Narwekar,10/15/64,3/30/94,1/1/99,Engineer
496459,Dekang,Peres,3/3/64,12/19/89,1/1/99,Engineer
496482,Shem,Stafford,8/28/64,10/26/89,1/1/99,Senior Staff
496483,Niteen,Benzaken,12/7/62,11/1/91,1/1/99,Senior Engineer
496485,Lucian,Bazelow,5/1/64,1/20/98,1/1/99,Engineer
496490,Collette,Weisert,4/3/64,7/16/97,1/1/99,Engineer
496492,Karoline,Preusig,11/4/63,5/22/02,1/1/99,Senior Engineer
496494,Udo,Kambil,9/3/63,8/17/87,1/1/99,Engineer
496501,Khalil,Denos,8/19/63,2/21/85,1/1/99,Engineer
496508,Jolita,Shanbhogue,7/13/63,6/21/91,1/1/99,Senior Staff
496509,Sakthirel,Cronin,3/30/64,3/2/95,1/1/99,Staff
496513,Chaosheng,Lammel,9/22/63,1/29/94,1/1/99,Engineer
496518,Lihong,Bolsens,1/1/63,11/14/92,1/1/99,Technique Leader
496527,Zissis,Bodoff,8/13/63,9/18/96,1/1/99,Staff
496539,Jianhao,Eiter,6/18/64,1/24/87,1/1/99,Senior Staff
496546,Ashish,Peris,8/4/62,8/23/93,1/1/99,Staff
496547,DAIDA,Hoppenstand,2/6/62,4/10/97,1/1/99,Engineer
496550,Vishu,Andreotta,4/9/63,4/20/96,1/1/99,Engineer
496559,Vishu,Velasco,5/26/64,3/21/96,1/1/99,Staff
496562,Alexius,Schiettecatte,4/19/63,3/11/85,1/1/99,Senior Engineer
496565,Filipe,Sadowski,9/21/64,11/18/87,1/1/99,Senior Engineer
496567,Jianwen,Merli,9/9/62,3/25/89,1/1/99,Senior Engineer
496568,Chuanti,Chorvat,5/9/64,5/11/97,1/1/99,Senior Engineer
496569,Shuky,Kaltofen,1/9/64,2/9/98,1/1/99,Staff
496572,Eldridge,Dusink,2/19/63,10/9/90,1/1/99,Technique Leader
496575,Makato,Kadhim,8/5/64,1/23/94,1/1/99,Technique Leader
496586,Guttorm,Morrey,8/6/64,7/28/86,1/1/99,Senior Staff
496588,Along,Raczkowsky,2/23/63,2/12/85,1/1/99,Senior Engineer
496593,Arvin,Valtorta,5/7/62,5/6/98,1/1/99,Staff
496595,Mohua,Erez,7/31/64,8/28/91,1/1/99,Staff
496600,Atreyi,Imataki,1/27/64,7/13/93,1/1/99,Senior Staff
496601,Alair,Rullman,6/17/63,8/1/89,1/1/99,Engineer
496610,Dinah,Luke,2/18/63,5/28/95,1/1/99,Engineer
496613,Magy,Pavlopoulou,3/12/62,6/18/92,1/1/99,Staff
496631,Khalil,Maksimenko,3/27/64,8/21/94,1/1/99,Senior Staff
496643,Flemming,Junot,12/30/62,1/21/99,1/1/99,Senior Staff
496645,Baoqiu,Rathonyi,7/27/62,4/29/97,1/1/99,Engineer
496650,Arumugam,Aloisi,7/4/63,4/7/92,1/1/99,Senior Staff
496653,Hironobu,Fujisaki,1/13/64,6/10/94,1/1/99,Senior Staff
496654,Tommaso,Collette,6/7/62,4/12/85,1/1/99,Engineer
496692,Kerhong,Skafidas,6/2/63,2/22/89,1/1/99,Senior Staff
496693,Troy,Ermel,12/10/64,4/9/95,1/1/99,Senior Engineer
496694,Khalil,Luke,12/6/62,8/30/88,1/1/99,Staff
496696,Sariel,Bernatsky,1/26/62,5/27/94,1/1/99,Staff
496697,Rutger,Penttonen,7/27/64,4/6/92,1/1/99,Engineer
496701,Rasikan,Ritcey,12/2/64,1/2/87,1/1/99,Staff
496703,Gennadi,Chorvat,6/30/62,9/28/95,1/1/99,Engineer
496711,Goetz,Zschoche,3/4/63,8/16/96,1/1/99,Senior Engineer
496712,Jungsoon,Vasanthakumar,12/23/62,5/10/96,1/1/99,Technique Leader
496724,Gladys,Schrift,4/18/63,3/13/90,1/1/99,Senior Staff
496725,Akeno,Mukaidono,10/10/62,9/26/99,1/1/99,Technique Leader
496726,Hironobu,Albarhamtoshy,1/31/63,12/15/88,1/1/99,Senior Engineer
496732,Barun,Talmon,4/6/63,10/19/92,1/1/99,Staff
496740,Genevieve,Peek,7/29/64,10/7/96,1/1/99,Staff
496742,Amabile,Valette,12/6/62,6/2/86,1/1/99,Senior Engineer
496745,Hidde,Michaeli,8/11/63,12/16/99,1/1/99,Senior Staff
496752,Moni,Leuchs,9/20/64,11/30/94,1/1/99,Senior Staff
496753,Soenke,Syrzycki,11/16/62,1/3/86,1/1/99,Engineer
496755,Susanne,Wilharm,3/20/64,10/24/88,1/1/99,Senior Engineer
496759,Ziyad,Rosch,4/19/62,2/22/97,1/1/99,Staff
496763,TRUE,Roccetti,12/12/62,7/18/87,1/1/99,Staff
496766,Valeska,England,4/12/62,6/18/98,1/1/99,Staff
496787,Chanjung,Gist,2/14/64,12/13/97,1/1/99,Staff
496790,Badri,Guting,1/25/62,5/1/91,1/1/99,Engineer
496793,Xudong,Lemarechal,2/2/64,8/13/88,1/1/99,Staff
496802,Heon,Ranon,11/26/63,4/30/88,1/1/99,Senior Staff
496805,Murthy,Meriste,3/11/62,3/19/88,1/1/99,Assistant Engineer
496810,Xiaobin,Champarnaud,5/31/64,11/9/92,1/1/99,Senior Staff
496815,Uinam,Beutelspacher,3/4/62,7/22/90,1/1/99,Senior Staff
496822,Arno,Bahl,5/11/64,5/25/89,1/1/99,Senior Staff
496824,Tze,Hempstead,8/29/63,1/10/90,1/1/99,Staff
496830,Shakhar,Taneja,7/21/64,6/5/92,1/1/99,Engineer
496841,Pantung,Yurek,2/8/63,1/6/91,1/1/99,Senior Staff
496853,Jixiang,Conti,8/8/64,3/26/96,1/1/99,Senior Engineer
496855,Nitsan,Spieker,1/19/63,4/8/01,1/1/99,Senior Staff
496857,Anoosh,Shiratori,12/27/62,3/17/92,1/1/99,Senior Staff
496874,Kwun,Zaiane,2/9/63,12/2/96,1/1/99,Staff
496877,Qingxiang,Stentiford,8/6/62,3/11/92,1/1/99,Senior Staff
496883,Kenroku,Kieras,2/11/64,11/24/86,1/1/99,Senior Staff
496885,Takushi,Malinowski,8/12/64,2/25/00,1/1/99,Senior Engineer
496895,Gio,Schwaller,4/10/62,4/24/93,1/1/99,Staff
496896,Prasadram,Yemenis,10/5/62,7/5/92,1/1/99,Senior Staff
496899,Maria,Casperson,4/1/64,11/3/87,1/1/99,Engineer
496900,Arvind,Billawala,8/17/63,2/21/91,1/1/99,Senior Engineer
496905,Seongbin,Stroustrup,11/7/63,11/8/93,1/1/99,Engineer
496910,Lillian,Bojadziev,8/31/63,2/24/96,1/1/99,Engineer
496911,Tiina,Decleir,9/25/63,4/29/85,1/1/99,Staff
496914,Pranjal,Taneja,6/11/64,7/3/99,1/1/99,Engineer
496916,Izaskun,Rajaraman,11/26/62,11/18/92,1/1/99,Technique Leader
496922,Rosalyn,Remmers,7/30/62,3/8/92,1/1/99,Senior Engineer
496924,Adamantios,Schapire,1/23/64,4/14/89,1/1/99,Senior Engineer
496925,Mountaz,Birch,3/27/63,2/24/02,1/1/99,Assistant Engineer
496934,Kellyn,Jullig,9/13/62,6/14/86,1/1/99,Staff
496949,Ult,Hardjono,8/27/64,9/24/92,1/1/99,Senior Engineer
496955,Howell,Sidou,8/30/64,6/16/02,1/1/99,Staff
496957,Ulises,Marchegay,8/31/64,10/28/89,1/1/99,Senior Engineer
496958,Evgueni,Kawashimo,11/25/62,6/18/91,1/1/99,Senior Staff
496959,Miomir,Stafford,5/5/63,11/22/99,1/1/99,Assistant Engineer
496964,Nathan,Mandelberg,9/7/64,3/22/02,1/1/99,Senior Staff
496970,Giordano,Maquelin,1/3/65,12/31/99,1/1/99,Senior Engineer
496971,Jianwen,Colorni,2/21/64,11/7/87,1/1/99,Senior Staff
496975,Eckart,Ohori,5/3/62,7/14/88,1/1/99,Senior Staff
496978,Danco,Debuse,1/30/65,9/10/93,1/1/99,Staff
496986,Elrique,Erni,3/11/64,12/8/97,1/1/99,Engineer
496993,Subhrajyoti,Nastansky,8/26/63,4/19/96,1/1/99,Staff
496999,Hsiangchu,Bridgland,3/3/64,9/21/00,1/1/99,Staff
497004,Taisook,Conte,1/27/62,4/2/96,1/1/99,Senior Staff
497007,Oldrich,Adachi,1/23/65,8/9/98,1/1/99,Engineer
497010,Reinhold,Wallrath,8/28/64,5/2/95,1/1/99,Senior Engineer
497014,Abdelghani,Versino,5/21/63,6/4/89,1/1/99,Senior Staff
497017,Arno,Andreotta,12/9/62,4/21/87,1/1/99,Senior Engineer
497018,Serenella,Gomatam,3/20/63,10/5/85,1/1/99,Senior Engineer
497019,Shuky,Rubsam,7/9/64,6/26/96,1/1/99,Engineer
497030,Kayoko,Marchegay,10/16/63,8/28/91,1/1/99,Technique Leader
497035,Rafael,Pettey,5/19/64,2/24/95,1/1/99,Senior Staff
497039,Moie,Spieker,6/23/62,10/25/90,1/1/99,Engineer
497041,Abdelaziz,Bashian,7/31/64,8/3/95,1/1/99,Staff
497043,Toshimo,Maierhofer,5/28/64,10/8/89,1/1/99,Engineer
497048,Claude,Parveen,5/14/64,2/20/89,1/1/99,Senior Engineer
497054,Shridhar,DasSarma,10/31/62,6/25/85,1/1/99,Senior Engineer
497058,Gino,Osgood,10/21/63,4/13/98,1/1/99,Technique Leader
497061,Phuoc,Bardell,2/25/63,10/7/95,1/1/99,Staff
497064,Younwoo,Lipner,11/1/62,5/4/94,1/1/99,Staff
497066,Jianhao,Asrin,7/18/64,2/24/89,1/1/99,Assistant Engineer
497068,Shahar,Birke,12/14/62,4/15/94,1/1/99,Senior Staff
497072,Manton,Ciolek,1/23/62,9/20/86,1/1/99,Senior Staff
497075,Gita,Gihr,1/16/62,1/20/91,1/1/99,Engineer
497079,Fai,Roison,4/7/63,6/4/92,1/1/99,Engineer
497083,Mototsugu,Birta,3/7/63,4/27/87,1/1/99,Senior Staff
497087,Mitsuyuki,Siochi,9/7/62,6/2/91,1/1/99,Senior Engineer
497089,Takahira,Cronin,9/26/62,6/17/95,1/1/99,Senior Engineer
497093,Munehiko,Pepe,2/8/63,11/26/97,1/1/99,Senior Engineer
497102,Pintsang,Engelmann,1/29/62,10/27/94,1/1/99,Engineer
497127,Mohamadou,Gajiwala,4/4/64,10/2/96,1/1/99,Technique Leader
497132,Subhada,Radivojevic,2/5/62,4/9/93,1/1/99,Senior Engineer
497133,Leon,Ramalingam,11/26/64,12/28/87,1/1/99,Senior Engineer
497142,Jaana,Ramamoorthy,11/23/63,12/29/96,1/1/99,Staff
497148,Shalesh,Petersohn,3/28/62,6/19/99,1/1/99,Staff
497152,Rasiah,Brlek,7/3/62,11/14/86,1/1/99,Senior Staff
497154,Yonghoan,Penttonen,10/20/63,4/27/96,1/1/99,Senior Engineer
497155,Aleksander,Thorensen,4/19/64,1/22/94,1/1/99,Staff
497157,Parke,Papastamatiou,7/2/64,7/26/97,1/1/99,Senior Engineer
497161,Mizuhito,Siochi,10/18/64,4/5/91,1/1/99,Senior Staff
497165,Angus,Emmart,10/8/64,8/23/97,1/1/99,Engineer
497167,Godehard,Bazzichi,8/8/64,4/23/85,1/1/99,Staff
497171,Moheb,Lanzelotte,12/24/64,5/6/93,1/1/99,Assistant Engineer
497174,Sanjiv,Bressoud,1/2/65,4/27/93,1/1/99,Engineer
497175,Uinam,Kabayashi,11/2/64,4/14/99,1/1/99,Engineer
497177,Gen,Sullins,10/6/64,12/20/99,1/1/99,Staff
497189,Kazuyasu,Servi,11/12/62,2/8/87,1/1/99,Engineer
497190,Aron,Ghemri,11/19/62,10/28/87,1/1/99,Senior Staff
497193,Surveyors,Picci,6/19/63,11/18/94,1/1/99,Engineer
497199,Guenter,Vitiello,11/22/62,9/22/85,1/1/99,Engineer
497206,Mats,Sinicrope,3/30/62,4/27/01,1/1/99,Senior Engineer
497215,Reuven,DiGiano,11/5/62,9/28/95,1/1/99,Staff
497219,Mingsen,Hardjono,3/4/64,6/8/95,1/1/99,Engineer
497232,Spyrose,Cangellaris,11/1/62,5/21/89,1/1/99,Staff
497233,Mandell,Picco,1/28/64,9/6/93,1/1/99,Senior Staff
497242,Arve,Nilsson,8/23/63,12/30/91,1/1/99,Staff
497243,Jianwen,Kalsbeek,10/13/62,3/31/87,1/1/99,Senior Engineer
497244,Insup,Dusink,8/18/63,7/21/93,1/1/99,Engineer
497248,Piyush,Merel,9/13/64,4/11/98,1/1/99,Senior Staff
497249,Mingdong,Perin,10/30/62,4/18/94,1/1/99,Staff
497251,Ishfaq,Demir,11/11/62,11/7/87,1/1/99,Senior Engineer
497254,Hausi,Harbusch,3/20/64,9/6/91,1/1/99,Senior Staff
497255,Mack,Oxman,11/24/62,5/19/02,1/1/99,Staff
497260,Vishu,Shokrollahi,11/27/62,8/27/98,1/1/99,Engineer
497276,Frazer,Aloia,9/5/64,1/5/89,1/1/99,Senior Engineer
497277,Faiza,Kaltofen,3/4/63,12/12/96,1/1/99,Staff
497282,Werner,Pell,5/10/62,10/12/93,1/1/99,Senior Staff
497294,Oguz,Wolniewicz,3/27/62,4/3/85,1/1/99,Senior Staff
497296,Pranay,Kawashimo,5/7/64,11/25/93,1/1/99,Senior Engineer
497303,Greger,Nanard,3/25/62,2/8/94,1/1/99,Assistant Engineer
497308,Jasminko,Lagarias,9/30/63,3/16/99,1/1/99,Senior Staff
497315,Mariangiola,Hemaspaandra,5/16/64,4/7/90,1/1/99,Staff
497323,Tommaso,Angelov,9/11/64,7/25/94,1/1/99,Staff
497327,Martien,Menhardt,1/4/64,6/9/01,1/1/99,Staff
497329,Clyde,Brlek,12/10/64,2/16/86,1/1/99,Engineer
497332,Olivera,Koprowski,10/28/62,1/18/92,1/1/99,Engineer
497334,Kellyn,Onuegbe,3/5/63,1/6/89,1/1/99,Staff
497336,Sivanarayana,Michaeli,9/2/63,1/15/89,1/1/99,Engineer
497337,DAIDA,Pluym,4/17/63,9/10/88,1/1/99,Senior Engineer
497340,Fayez,Keohane,1/6/65,9/19/90,1/1/99,Senior Staff
497347,Mostafa,Billingsley,12/10/64,9/17/94,1/1/99,Senior Engineer
497357,Pasqua,Rettelbach,8/23/64,8/29/91,1/1/99,Senior Engineer
497358,Ramzi,Shanbhogue,2/7/63,1/16/96,1/1/99,Staff
497366,Arnould,Rathonyi,3/8/64,3/6/97,1/1/99,Engineer
497369,Panayotis,Albarhamtoshy,9/24/62,10/8/92,1/1/99,Senior Engineer
497375,Koichi,Karcich,8/4/64,8/25/95,1/1/99,Technique Leader
497379,Kazunori,Rettelbach,6/6/63,3/19/94,1/1/99,Engineer
497385,Tooru,Rosaz,1/29/63,1/16/96,1/1/99,Engineer
497387,Stepehn,Syrzycki,5/9/64,11/12/88,1/1/99,Senior Staff
497389,Aiichiro,Mateescu,9/6/62,3/25/86,1/1/99,Senior Staff
497391,Paris,Lieblein,1/30/65,5/19/99,1/1/99,Engineer
497393,Subhash,Varman,10/12/62,9/12/93,1/1/99,Staff
497395,Parto,Kruskal,9/6/63,5/13/85,1/1/99,Senior Staff
497399,Gladys,Kolinko,3/8/62,7/1/87,1/1/99,Senior Staff
497401,Bokyung,Reutenauer,2/25/64,2/22/01,1/1/99,Senior Staff
497405,Xinyu,Clouatre,3/3/63,10/23/99,1/1/99,Staff
497406,Arnd,Sadowsky,12/26/64,2/13/97,1/1/99,Assistant Engineer
497407,Sukumar,Dalphin,4/5/62,11/14/97,1/1/99,Staff
497416,Munenori,Rajala,2/24/62,5/16/98,1/1/99,Staff
497422,Stella,Caine,10/28/63,4/18/92,1/1/99,Senior Engineer
497424,Gilbert,Pargaonkar,3/24/62,1/27/97,1/1/99,Senior Engineer
497432,Ghassan,Calkin,11/29/62,2/17/92,1/1/99,Senior Engineer
497435,Isaac,Swan,4/1/64,8/3/92,1/1/99,Senior Engineer
497438,Trygve,Birjandi,9/12/63,11/8/98,1/1/99,Staff
497441,Oldrich,McAlpine,1/16/62,12/8/89,1/1/99,Engineer
497447,Conal,Murtafg,11/26/64,11/28/96,1/1/99,Engineer
497455,Jiakeng,Luby,7/2/62,7/13/98,1/1/99,Staff
497456,Susanna,Kobara,4/9/63,6/18/88,1/1/99,Senior Engineer
497467,Xiong,Juneja,4/17/63,1/23/01,1/1/99,Technique Leader
497478,Yuichiro,Syang,12/22/64,2/1/98,1/1/99,Staff
497486,Lucien,Ferretti,4/3/62,5/7/97,1/1/99,Staff
497490,Fumitake,Ramsay,3/14/63,8/20/99,1/1/99,Senior Staff
497491,Howell,Zwicker,11/23/64,11/27/95,1/1/99,Assistant Engineer
497494,Persi,Emiris,5/22/63,8/14/95,1/1/99,Staff
497497,Taisook,Baby,3/30/64,10/29/91,1/1/99,Engineer
497498,Ekawit,Broomell,12/24/62,2/16/88,1/1/99,Senior Staff
497503,Jiong,Schueller,1/4/64,12/30/93,1/1/99,Senior Engineer
497507,Idoia,Marletta,9/28/63,9/18/95,1/1/99,Staff
497520,Danai,Cappelli,8/26/62,8/20/87,1/1/99,Staff
497530,Zeljko,Karlin,11/18/63,8/25/90,1/1/99,Senior Engineer
497537,Torsten,Monkewich,11/25/62,6/30/00,1/1/99,Engineer
497541,Chuanti,Suri,1/2/64,8/15/90,1/1/99,Engineer
497545,Uno,Morrey,7/16/63,6/9/90,1/1/99,Senior Staff
497557,Khue,Ertl,2/10/62,3/3/93,1/1/99,Technique Leader
497558,Mani,Picaronny,8/19/63,10/5/87,1/1/99,Staff
497571,Geraldo,Schrooten,7/12/63,12/9/98,1/1/99,Staff
497573,Jiann,Rousseau,12/7/63,9/30/97,1/1/99,Staff
497580,Kellyn,Zaumen,6/30/62,6/22/87,1/1/99,Senior Staff
497581,Vidya,Sudbeck,4/27/63,3/3/92,1/1/99,Senior Engineer
497583,Hiroyasu,Marciano,3/5/63,1/8/00,1/1/99,Engineer
497586,Hitomi,Bahi,10/9/64,12/29/99,1/1/99,Staff
497598,Zdislav,Chappelet,12/14/62,12/21/86,1/1/99,Senior Staff
497612,Jaihie,Pews,9/19/63,7/7/89,1/1/99,Senior Engineer
497613,IEEE,Lindenbaum,9/27/63,3/3/96,1/1/99,Staff
497617,Mabhin,Schlenzig,5/25/64,11/28/95,1/1/99,Engineer
497620,Goh,Sichman,6/2/64,1/10/93,1/1/99,Staff
497630,Tzu,Ponthieu,1/3/63,8/28/99,1/1/99,Assistant Engineer
497640,Berna,Schusler,2/14/62,11/20/88,1/1/99,Senior Engineer
497649,Adib,Shokrollahi,2/2/63,2/27/92,1/1/99,Senior Staff
497650,Nakhoon,Itzfeldt,7/3/62,8/29/93,1/1/99,Engineer
497652,Becky,Boudaillier,1/4/63,1/31/97,1/1/99,Staff
497658,Tzvetan,Curless,10/29/62,3/21/98,1/1/99,Engineer
497661,Nahum,Landherr,12/26/63,5/27/93,1/1/99,Senior Staff
497670,Sergi,Benveniste,4/22/63,7/4/89,1/1/99,Engineer
497674,Vishu,Hedayat,8/1/63,6/1/95,1/1/99,Engineer
497681,Izaskun,Angot,8/4/63,2/12/94,1/1/99,Engineer
497683,Bernt,Baak,9/8/62,11/9/86,1/1/99,Engineer
497684,Kauko,Vecchi,3/29/63,7/4/87,1/1/99,Senior Staff
497685,Parke,Gyimothy,10/10/62,10/14/89,1/1/99,Senior Engineer
497692,Temple,Crouzet,5/5/63,1/26/00,1/1/99,Assistant Engineer
497696,Along,Danlos,3/8/64,1/14/99,1/1/99,Staff
497698,Ramzi,Dulin,5/1/63,1/18/99,1/1/99,Staff
497701,Oddvar,Michaels,9/15/64,3/19/88,1/1/99,Senior Engineer
497703,Cordelia,Danecki,5/7/64,11/28/98,1/1/99,Engineer
497704,Oddvar,Shrader,6/12/63,9/19/85,1/1/99,Senior Engineer
497716,Mountaz,Zastre,2/9/64,9/18/93,1/1/99,Senior Staff
497719,Collette,Saoudi,7/27/64,8/11/88,1/1/99,Senior Engineer
497720,Tadahiko,Piancastelli,12/8/64,11/3/87,1/1/99,Engineer
497724,Yakichi,Riesenhuber,1/22/63,8/10/87,1/1/99,Senior Staff
497731,Arra,Turnbull,2/15/62,12/10/87,1/1/99,Engineer
497737,Abdelghani,Luca,3/4/64,4/21/89,1/1/99,Senior Staff
497741,Quingbo,Showalter,12/28/64,5/10/95,1/1/99,Senior Engineer
497753,Jackson,Meszaros,8/3/62,3/22/92,1/1/99,Senior Staff
497754,Josyula,Benaini,4/25/62,5/19/94,1/1/99,Senior Staff
497762,Ferdinand,Buchter,4/14/63,7/5/97,1/1/99,Engineer
497763,Kolar,Bardell,6/29/64,8/11/99,1/1/99,Staff
497765,Saeko,Pauthner,11/14/62,12/9/94,1/1/99,Senior Engineer
497769,Eckart,Krichel,8/7/63,8/20/88,1/1/99,Senior Staff
497776,Perry,Peek,1/29/64,9/4/89,1/1/99,Technique Leader
497777,Van,Tzvieli,1/17/62,2/22/92,1/1/99,Senior Engineer
497778,Remmert,Rosin,12/26/62,11/23/99,1/1/99,Senior Engineer
497785,Shakhar,Stamatiou,5/23/63,3/30/94,1/1/99,Engineer
497790,IEEE,Zastre,2/17/62,8/28/86,1/1/99,Senior Staff
497795,Martien,Poehlman,12/3/62,3/16/87,1/1/99,Senior Engineer
497817,Khatoun,Ramsey,4/24/64,3/14/92,1/1/99,Senior Staff
497835,Shuho,Laurillard,1/29/65,10/6/99,1/1/99,Technique Leader
497841,Adam,Rahimi,3/23/62,5/26/89,1/1/99,Senior Engineer
497842,Fumino,Gustavson,1/20/63,6/21/93,1/1/99,Staff
497849,Kish,Rosay,8/12/63,10/24/91,1/1/99,Staff
497850,Shigeaki,Syrotiuk,5/10/64,6/22/92,1/1/99,Senior Engineer
497862,Horward,Fortenbacher,3/15/62,12/2/89,1/1/99,Senior Staff
497868,Weidon,Roccetti,10/7/63,6/13/97,1/1/99,Staff
497877,Carrsten,Henseler,7/26/62,5/28/92,1/1/99,Engineer
497879,Toshimo,Gustavson,11/2/63,5/23/93,1/1/99,Engineer
497887,Pranjal,Griswold,7/2/64,5/9/95,1/1/99,Staff
497888,Trygve,Verspoor,6/6/64,3/15/98,1/1/99,Staff
497891,Neven,Domenig,12/22/62,8/2/99,1/1/99,Staff
497896,Arco,Schlegelmilch,8/12/64,3/14/87,1/1/99,Staff
497897,Sachio,Kavanagh,5/23/64,3/28/98,1/1/99,Engineer
497902,Adamantios,Brattka,5/8/63,11/1/99,1/1/99,Senior Engineer
497913,Rosine,Sinicrope,2/8/64,9/26/88,1/1/99,Engineer
497936,Ravishankar,Fujisawa,3/1/64,8/7/93,1/1/99,Staff
497939,Eberhardt,Millington,2/27/62,7/21/92,1/1/99,Senior Staff
497940,Dulce,Naudin,5/29/63,7/15/87,1/1/99,Technique Leader
497943,Taisook,Strooper,2/13/62,7/31/97,1/1/99,Senior Engineer
497945,Tsuneo,Baar,11/10/62,11/19/98,1/1/99,Technique Leader
497947,Ekawit,Alpin,8/15/63,6/29/95,1/1/99,Senior Staff
497949,Guiseppe,Compeau,1/10/63,3/31/91,1/1/99,Staff
497951,Barton,Pepe,3/3/63,11/12/89,1/1/99,Engineer
497967,Pintsang,Raney,9/21/62,8/28/96,1/1/99,Senior Engineer
497970,Roded,Erman,2/11/64,6/5/91,1/1/99,Senior Staff
497977,Susanne,Shiratori,11/28/62,2/18/96,1/1/99,Senior Staff
497978,Maia,Brender,7/21/63,9/14/94,1/1/99,Senior Engineer
497986,Tran,Luce,2/23/64,1/28/97,1/1/99,Staff
497991,Yolla,Yurek,12/28/63,7/6/94,1/1/99,Technique Leader
497995,Hidekazu,Bala,9/29/62,1/20/90,1/1/99,Staff
497996,Mostafa,Rassart,3/14/62,6/12/88,1/1/99,Senior Staff
497997,Mari,Mundy,7/12/63,1/13/91,1/1/99,Engineer
498000,Guttorm,Restivo,11/7/64,11/26/95,1/1/99,Engineer
498003,Mohamadou,Steinauer,8/18/62,6/4/95,1/1/99,Senior Staff
498004,Turgut,Felder,3/21/64,7/27/93,1/1/99,Staff
498008,Lalit,Henseler,7/3/62,10/31/92,1/1/99,Senior Staff
498011,Mantis,Skafidas,8/12/63,11/28/85,1/1/99,Senior Engineer
498018,Aemilian,Masaki,1/8/64,6/17/86,1/1/99,Engineer
498034,Khedija,Boyle,11/16/62,5/13/91,1/1/99,Staff
498044,Kazuhiro,Skafidas,8/2/63,8/25/94,1/1/99,Engineer
498045,Utpal,Breugel,1/22/64,4/15/92,1/1/99,Senior Staff
498049,Tonia,Blokdijk,7/21/64,4/28/85,1/1/99,Senior Engineer
498051,Indrajit,Hofman,5/31/64,6/13/91,1/1/99,Senior Staff
498066,Yaghout,Simkin,4/23/62,3/16/87,1/1/99,Senior Staff
498071,Seshu,Plesums,8/6/63,11/28/99,1/1/99,Staff
498073,Leni,Oxenboll,10/5/62,8/1/87,1/1/99,Senior Engineer
498074,Dulce,Hutter,12/4/63,10/31/98,1/1/99,Senior Staff
498081,Suzette,Lichtman,6/24/62,8/1/89,1/1/99,Senior Engineer
498083,Horward,Bouloucos,3/4/63,12/27/97,1/1/99,Engineer
498084,Younwoo,Picco,2/19/62,1/1/99,1/1/99,Senior Staff
498085,Leszek,Panangaden,12/26/63,7/11/97,1/1/99,Staff
498091,Tua,Ciolek,12/1/63,5/19/99,1/1/99,Staff
498098,Gaurav,Zaccaria,4/7/64,7/27/88,1/1/99,Staff
498109,Harjit,Gerteisen,12/4/64,12/15/86,1/1/99,Senior Staff
498110,Piyawadee,Varman,1/24/64,2/22/99,1/1/99,Staff
498111,Kazuhiko,Ushiama,5/20/63,9/2/85,1/1/99,Engineer
498119,Girolamo,Mamelak,10/24/63,11/2/86,1/1/99,Senior Staff
498124,Shakhar,Muniz,6/12/63,7/2/99,1/1/99,Engineer
498126,Cathie,Standera,3/10/62,5/13/94,1/1/99,Senior Staff
498129,Mountaz,Montemayor,9/22/63,7/4/87,1/1/99,Assistant Engineer
498131,Gao,Oxenboll,12/27/64,10/3/88,1/1/99,Assistant Engineer
498134,Hironoby,Fetvedt,7/24/63,3/2/86,1/1/99,Technique Leader
498135,Lihong,Kamble,1/25/64,5/9/85,1/1/99,Senior Staff
498147,Stafford,Bojadziev,7/11/63,8/1/96,1/1/99,Staff
498156,Val,Grospietsch,7/31/63,12/18/99,1/1/99,Senior Engineer
498169,Tetsurou,Kavanagh,12/19/64,7/7/98,1/1/99,Staff
498177,Marsja,Birsak,12/28/62,5/13/97,1/1/99,Senior Staff
498178,Sanjay,Glinert,11/23/62,7/24/88,1/1/99,Senior Staff
498180,Gita,Neiman,9/13/64,11/9/91,1/1/99,Staff
498181,Wojceich,Benner,7/9/62,9/16/89,1/1/99,Senior Engineer
498185,Caolyn,Marciano,1/19/65,6/6/99,1/1/99,Senior Engineer
498189,Saniya,Uhrig,6/14/63,4/19/89,1/1/99,Senior Engineer
498197,Sibyl,Schieder,12/13/62,5/11/99,1/1/99,Technique Leader
498205,Persi,Kalloufi,12/31/64,9/27/90,1/1/99,Senior Staff
498206,Uma,Knightly,4/7/62,10/31/90,1/1/99,Engineer
498209,Amabile,Snedden,6/17/63,12/24/99,1/1/99,Engineer
498217,Saeed,Rosis,4/25/64,5/28/86,1/1/99,Engineer
498218,Vasiliy,Roison,8/28/63,2/12/91,1/1/99,Engineer
498225,Garnet,Gajiwala,9/22/63,11/20/91,1/1/99,Staff
498233,Rafail,Rajcani,12/7/64,5/31/85,1/1/99,Senior Staff
498243,Renee,Farrel,12/24/63,7/25/90,1/1/99,Senior Staff
498249,Poornachandra,Falby,6/12/63,4/12/93,1/1/99,Engineer
498250,Aiman,Czaja,12/9/64,11/22/97,1/1/99,Engineer
498251,Serenella,Murtagh,7/25/64,11/10/95,1/1/99,Staff
498253,Turgut,Kaiserswerth,2/12/63,3/16/93,1/1/99,Technique Leader
498257,Alper,Businaro,7/19/62,6/22/89,1/1/99,Staff
498258,Jahangir,Demir,7/7/62,3/31/88,1/1/99,Senior Staff
498264,Rutger,Randi,2/16/63,9/26/92,1/1/99,Senior Engineer
498273,Moie,Constantine,10/11/64,12/5/90,1/1/99,Senior Engineer
498274,Vojin,Kuhnemann,7/13/62,5/24/90,1/1/99,Senior Engineer
498278,Saeed,Comellas,3/10/64,5/28/85,1/1/99,Technique Leader
498279,Giao,Zeidenstein,8/24/62,12/5/85,1/1/99,Staff
498304,Macha,Quittner,6/19/63,12/2/98,1/1/99,Staff
498319,Jinpo,Harbusch,1/15/64,3/5/86,1/1/99,Senior Staff
498332,Adin,Reinhard,9/10/62,2/7/86,1/1/99,Engineer
498335,Krassimir,Masamoto,8/24/62,12/23/95,1/1/99,Staff
498337,Naraig,Docker,1/30/65,5/17/97,1/1/99,Staff
498345,Shaleah,Peha,4/16/62,12/1/94,1/1/99,Senior Engineer
498355,Fay,Underwood,4/27/63,3/3/86,1/1/99,Staff
498361,Mariangiola,Zizka,2/1/63,5/19/85,1/1/99,Senior Staff
498365,Zhiguo,Zweizig,3/11/63,1/18/94,1/1/99,Engineer
498382,Falguni,Stiles,3/9/64,12/22/95,1/1/99,Assistant Engineer
498384,Rafael,Demir,9/29/63,4/8/86,1/1/99,Senior Staff
498385,Toshimo,Azulay,11/29/63,8/5/90,1/1/99,Engineer
498390,Marjo,Giaccio,8/12/63,4/24/98,1/1/99,Assistant Engineer
498404,Salvador,Plesums,5/14/63,4/28/98,1/1/99,Engineer
498408,Yuchang,Eldridge,4/14/64,3/10/89,1/1/99,Senior Engineer
498412,Chinho,Hagimont,7/16/62,9/22/92,1/1/99,Senior Engineer
498418,Houman,Larfeldt,8/31/62,5/8/97,1/1/99,Assistant Engineer
498420,Shakhar,Lovengreen,11/11/63,5/31/88,1/1/99,Senior Engineer
498426,Chuanyi,Tsukune,10/3/62,9/26/86,1/1/99,Engineer
498427,Lorien,Schade,8/26/64,1/16/96,1/1/99,Engineer
498438,Fox,Unno,8/20/63,6/8/94,1/1/99,Staff
498440,Aral,Gaughan,4/18/64,8/5/92,1/1/99,Staff
498441,Serenella,Neiman,1/17/63,4/19/91,1/1/99,Senior Engineer
498445,Uwe,Simkin,2/29/64,12/24/90,1/1/99,Engineer
498448,Sariel,Cooley,1/31/62,12/27/89,1/1/99,Senior Engineer
498452,Bojan,Cochrane,1/14/64,10/6/93,1/1/99,Engineer
498453,Ravishankar,Chinal,11/30/62,2/18/97,1/1/99,Staff
498455,Christfried,Covnot,8/30/64,2/17/97,1/1/99,Senior Staff
498456,Geraldo,Gerteisen,1/17/65,6/5/87,1/1/99,Staff
498457,Younwoo,Niizuma,3/30/64,5/13/90,1/1/99,Senior Engineer
498473,Arie,Alpay,1/9/63,12/10/92,1/1/99,Staff
498484,Yuriy,Ferriere,9/5/63,9/28/91,1/1/99,Senior Staff
498493,Arra,Flexer,11/8/64,9/29/86,1/1/99,Senior Staff
498520,Harngdar,Rousseau,2/3/64,4/22/94,1/1/99,Senior Engineer
498522,Anwar,Shinomoto,10/23/62,4/1/87,1/1/99,Senior Engineer
498523,Taizo,Anger,8/20/63,2/14/92,1/1/99,Senior Staff
498539,Vincent,Magalhaes,8/30/64,11/4/94,1/1/99,Engineer
498540,Bikash,Saoudi,4/19/62,5/8/91,1/1/99,Senior Staff
498544,Brigham,Crouzet,2/13/64,1/5/99,1/1/99,Senior Engineer
498548,Hugh,Bernatsky,8/23/63,11/19/96,1/1/99,Senior Staff
498554,Munehiko,Iisaka,11/27/64,1/16/97,1/1/99,Staff
498563,Neelam,Brender,7/22/62,9/22/86,1/1/99,Senior Staff
498564,Mohd,Doering,9/18/64,3/16/98,1/1/99,Staff
498567,Nimmagadda,Brookner,6/13/64,7/13/88,1/1/99,Staff
498569,Ranan,Perfilyeva,3/2/64,4/27/99,1/1/99,Engineer
498571,Mona,Schmiedel,12/7/62,9/26/88,1/1/99,Engineer
498579,Yongmao,Shinomoto,9/18/62,4/6/87,1/1/99,Staff
498580,Martial,Schwartzbauer,7/22/63,9/28/88,1/1/99,Staff
498582,Mihalis,Christ,12/20/63,8/29/93,1/1/99,Senior Engineer
498587,Shao,Gecsel,3/8/62,10/24/97,1/1/99,Senior Staff
498602,Jaroslava,Hertweck,10/3/63,6/3/92,1/1/99,Staff
498603,Ziva,Fontet,10/30/63,1/3/00,1/1/99,Engineer
498608,Amalendu,Litvinov,10/15/64,10/6/86,1/1/99,Senior Staff
498615,Ayonca,Lund,9/16/62,3/6/90,1/1/99,Staff
498616,Tru,Suomi,11/29/64,10/18/95,1/1/99,Senior Staff
498620,Zongyan,Grabner,12/22/63,7/15/95,1/1/99,Staff
498624,Berna,Peral,9/8/64,9/3/97,1/1/99,Senior Staff
498631,Herbert,Kalsbeek,1/24/62,6/7/86,1/1/99,Staff
498632,Piyush,Backhouse,2/22/62,9/16/98,1/1/99,Senior Engineer
498634,Heping,Alpin,2/17/64,4/27/97,1/1/99,Senior Staff
498635,Florian,Pezzoli,1/9/65,7/22/88,1/1/99,Senior Staff
498650,Jaques,Danley,6/29/63,5/12/86,1/1/99,Engineer
498651,Djenana,Serre,3/13/62,12/18/90,1/1/99,Senior Staff
498652,Patricia,Bamford,4/30/63,3/31/98,1/1/99,Senior Staff
498668,Shuky,Luon,5/12/62,7/14/92,1/1/99,Engineer
498669,Elvia,Zeilberger,8/19/62,6/9/86,1/1/99,Staff
498677,Aiichiro,Lorin,1/12/63,7/31/88,1/1/99,Staff
498679,Tuval,Back,6/21/62,4/19/94,1/1/99,Staff
498682,Odinaldo,Bierbaum,9/25/64,5/22/91,1/1/99,Senior Staff
498683,Monique,Hennings,12/23/62,5/1/99,1/1/99,Engineer
498690,Cheong,Daescu,10/10/62,1/6/89,1/1/99,Senior Staff
498692,Shigeu,Luef,5/4/64,1/17/95,1/1/99,Engineer
498694,Atreyi,Bernardinello,3/13/62,11/10/95,1/1/99,Engineer
498697,Almudena,Gill,9/21/62,5/22/85,1/1/99,Senior Staff
498701,Ishfaq,Claffy,3/15/62,1/9/88,1/1/99,Engineer
498712,Vidar,Kohling,7/17/64,1/14/87,1/1/99,Staff
498714,Percy,Muniz,5/16/64,5/3/85,1/1/99,Senior Engineer
498715,Ghassan,Ramsey,10/17/63,7/11/97,1/1/99,Senior Staff
498718,Chiranjit,Frolund,3/8/63,1/15/96,1/1/99,Staff
498721,Utpal,Daescu,7/18/64,2/4/94,1/1/99,Senior Engineer
498727,Werner,Beznosov,3/10/63,9/21/99,1/1/99,Assistant Engineer
498730,Shuji,Zultner,8/11/64,4/1/92,1/1/99,Engineer
498732,Kazuhide,Crabtree,11/29/63,6/1/01,1/1/99,Senior Engineer
498739,Vincent,Lorin,8/22/63,11/5/98,1/1/99,Engineer
498740,Paris,Levergood,12/18/63,6/3/01,1/1/99,Engineer
498758,Keiichiro,Scharstein,5/30/64,9/4/99,1/1/99,Staff
498765,Fan,Birke,1/13/64,12/18/98,1/1/99,Staff
498767,Hironobu,Ghandeharizadeh,11/15/64,9/9/00,1/1/99,Engineer
498771,Hideo,Beilner,2/10/64,9/30/95,1/1/99,Senior Engineer
498773,Eckart,Yurek,2/26/62,11/30/89,1/1/99,Senior Staff
498775,Shigeu,Holburn,10/22/64,9/29/89,1/1/99,Senior Engineer
498789,Kannan,Bolsens,9/15/63,11/25/95,1/1/99,Engineer
498790,Kshitij,Sury,7/16/63,6/18/95,1/1/99,Senior Engineer
498791,Magdalena,Hiyoshi,2/21/63,6/17/99,1/1/99,Staff
498802,Xiadong,Shackel,12/19/64,2/14/86,1/1/99,Senior Engineer
498804,Dayanand,Bernick,1/23/63,5/7/98,1/1/99,Technique Leader
498810,Aleksandar,Perry,3/1/63,10/23/89,1/1/99,Senior Engineer
498816,Sachar,Stanfel,1/31/64,12/7/97,1/1/99,Staff
498838,Sanjay,Ciolek,1/16/65,12/13/89,1/1/99,Staff
498843,Basim,Kusakabe,3/22/64,6/9/97,1/1/99,Engineer
498845,Arumugam,Pelc,1/9/65,11/13/99,1/1/99,Senior Engineer
498851,Cordelia,Vadhan,8/25/62,11/19/96,1/1/99,Senior Staff
498853,Nakhoon,Berztiss,3/3/62,5/22/96,1/1/99,Engineer
498872,Pragnesh,Velardi,6/22/63,8/30/93,1/1/99,Senior Staff
498876,Kwangjo,Mellouli,10/20/64,3/26/89,1/1/99,Engineer
498883,Huai,Engberts,8/15/64,3/24/95,1/1/99,Engineer
498886,Kazuhide,Maginnis,10/7/62,4/24/90,1/1/99,Senior Engineer
498889,Arch,Parveen,3/19/62,5/17/92,1/1/99,Senior Staff
498893,Margareta,Rodier,11/30/64,2/9/88,1/1/99,Senior Staff
498895,Wanqing,Clemencon,1/19/63,11/5/91,1/1/99,Engineer
498896,Heng,Billingsley,11/4/63,5/9/96,1/1/99,Assistant Engineer
498902,Urs,Qiwen,3/6/64,4/27/85,1/1/99,Staff
498910,Surveyors,Byoun,3/19/63,2/19/85,1/1/99,Technique Leader
498919,Shay,Rosca,11/22/63,9/26/91,1/1/99,Senior Engineer
498936,Tzvetan,Marshall,11/24/64,3/27/92,1/1/99,Engineer
498948,Teruyuki,Serra,10/9/62,4/17/96,1/1/99,Engineer
498953,Armond,Simkin,3/26/64,2/18/90,1/1/99,Engineer
498955,Nechama,Kandlur,1/13/65,1/16/95,1/1/99,Engineer
498965,Indrajit,Schapiro,11/24/63,4/12/97,1/1/99,Engineer
498968,Leah,Syrzycki,7/5/62,6/12/90,1/1/99,Senior Staff
498979,Toshiko,Lindqvist,3/25/64,5/11/95,1/1/99,Senior Staff
498985,Leandro,Baer,2/20/64,11/11/93,1/1/99,Senior Staff
498991,Eran,Marciano,8/1/62,2/20/88,1/1/99,Engineer
498992,Elliott,Ducloy,10/15/64,11/14/98,1/1/99,Assistant Engineer
498994,Seongbin,Eldridge,8/14/64,5/10/91,1/1/99,Engineer
499001,Debaprosad,Braccini,9/7/63,5/2/90,1/1/99,Senior Staff
499002,Kendra,Gire,8/23/63,2/13/85,1/1/99,Engineer
499004,Hideyuki,Vickson,4/20/63,5/18/93,1/1/99,Senior Engineer
499014,Mitsuyuki,Itschner,8/7/64,5/22/90,1/1/99,Assistant Engineer
499016,Christophe,Brizzi,12/15/63,12/7/98,1/1/99,Staff
499017,Steen,Famili,5/22/62,10/17/93,1/1/99,Staff
499021,Fumiya,Zeleznik,7/15/63,8/11/86,1/1/99,Senior Engineer
499024,Zhiguo,Shumilov,5/7/63,12/11/87,1/1/99,Senior Engineer
499028,Manohar,Wroclawski,11/25/63,8/3/92,1/1/99,Senior Staff
499032,Zhonghui,Zlotek,1/29/62,1/2/95,1/1/99,Staff
499041,Zhanqiu,Feldmann,4/14/64,9/5/90,1/1/99,Senior Engineer
499046,Weiyi,Krzyzanowski,10/13/63,5/6/02,1/1/99,Senior Staff
499053,Lijie,Furudate,10/13/63,7/24/95,1/1/99,Senior Engineer
499057,Zita,Magliocco,5/7/64,1/19/88,1/1/99,Senior Staff
499060,Kamakshi,Conry,7/25/62,6/24/99,1/1/99,Staff
499067,Vasilii,Lalonde,3/1/62,9/22/97,1/1/99,Technique Leader
499069,Kersti,Hegner,6/22/63,11/24/88,1/1/99,Senior Engineer
499074,Weiwu,Tsukuda,4/10/64,4/18/88,1/1/99,Senior Staff
499079,Honesty,Merey,12/17/62,6/25/85,1/1/99,Engineer
499082,Saeed,Speckmann,5/13/62,12/16/87,1/1/99,Senior Engineer
499087,Guiseppe,Juneja,11/12/62,6/9/88,1/1/99,Technique Leader
499089,Mona,Riesenhuber,12/7/64,10/8/86,1/1/99,Engineer
499099,Janche,Meszaros,8/31/63,2/12/90,1/1/99,Staff
499103,Harngdar,Melton,2/3/62,11/15/93,1/1/99,Staff
499105,Tianruo,Ramalingam,2/2/62,8/18/93,1/1/99,Senior Engineer
499115,Goo,Godskesen,9/15/62,9/19/87,1/1/99,Senior Engineer
499119,Shigeichiro,Koyama,2/8/64,7/9/98,1/1/99,Staff
499125,Gadiel,Klyachko,7/16/64,2/2/94,1/1/99,Senior Engineer
499129,Rutger,Perin,9/24/62,6/13/90,1/1/99,Senior Engineer
499135,Gennady,Bahl,8/1/62,2/4/92,1/1/99,Technique Leader
499136,Thodoros,Simkin,11/27/64,6/28/00,1/1/99,Senior Engineer
499148,Uzi,Ravishankar,1/8/62,2/3/98,1/1/99,Engineer
499162,Lidong,Bahl,11/15/62,12/27/89,1/1/99,Engineer
499163,Pranay,Kabayashi,3/2/63,5/4/93,1/1/99,Senior Engineer
499167,Khatoun,Range,3/20/64,2/19/96,1/1/99,Senior Staff
499170,Make,Auyong,11/17/63,10/8/90,1/1/99,Technique Leader
499173,Menkae,Sadowski,8/22/62,1/25/89,1/1/99,Senior Engineer
499174,Odysseas,Zweizig,12/17/63,7/14/92,1/1/99,Engineer
499180,Limsoon,Serdy,11/6/63,4/27/98,1/1/99,Staff
499194,Padma,Delgrange,1/29/65,8/27/99,1/1/99,Senior Staff
499205,Filipp,Brattka,10/1/63,6/2/95,1/1/99,Staff
499210,Chinhyun,Hiyoshi,11/14/62,2/1/95,1/1/99,Senior Staff
499212,Gudjon,Hagimont,12/27/64,10/29/94,1/1/99,Senior Engineer
499214,Mohammed,Cappello,3/7/64,7/26/94,1/1/99,Engineer
499216,Zhensheng,Ranai,10/28/64,8/4/96,1/1/99,Staff
499218,Marl,Percebois,7/31/62,3/29/87,1/1/99,Technique Leader
499226,Radhika,Chiola,2/2/63,5/27/90,1/1/99,Senior Staff
499227,Karsten,Matzov,12/29/64,1/26/88,1/1/99,Engineer
499228,Aram,Cooke,10/15/64,12/24/87,1/1/99,Senior Engineer
499235,Marsha,Gecsei,5/12/63,7/28/87,1/1/99,Senior Staff
499242,Stamatina,Apsitis,12/21/62,4/25/90,1/1/99,Engineer
499243,Temple,Litecky,6/20/62,6/17/93,1/1/99,Engineer
499244,Martien,McAlpine,11/12/62,5/20/92,1/1/99,Engineer
499245,Jungsoon,Brender,9/18/64,2/18/92,1/1/99,Senior Staff
499248,Eran,Percebois,5/1/64,12/26/89,1/1/99,Senior Engineer
499250,Khue,Callaway,4/11/63,4/15/99,1/1/99,Staff
499259,Weiwu,Pardalos,9/23/62,4/25/85,1/1/99,Senior Staff
499260,Danae,Honglei,1/11/65,9/14/98,1/1/99,Engineer
499263,Hidefumi,Kawashima,1/31/63,6/30/97,1/1/99,Senior Engineer
499265,Maria,Lubachevsky,12/9/63,10/23/98,1/1/99,Staff
499281,Lenore,Aloia,3/6/62,5/8/88,1/1/99,Senior Staff
499283,Djenana,Soloway,8/23/62,11/21/97,1/1/99,Assistant Engineer
499285,Nidapan,Birsak,10/6/63,11/5/89,1/1/99,Engineer
499286,Jungsoon,Argence,4/7/63,2/1/97,1/1/99,Staff
499300,Weiru,Walston,1/8/62,9/23/95,1/1/99,Engineer
499302,King,Claffy,12/27/63,12/18/89,1/1/99,Senior Staff
499306,Eishiro,Chelton,10/7/63,11/7/88,1/1/99,Engineer
499314,Satosi,Nyrup,10/10/64,11/12/92,1/1/99,Senior Staff
499320,Angus,Barinka,1/18/62,8/19/86,1/1/99,Senior Staff
499324,Moni,Wolniewicz,2/17/64,5/5/95,1/1/99,Staff
499325,Kensei,Kilgour,8/27/64,8/22/90,1/1/99,Senior Engineer
499335,Tomoyuki,Perna,10/9/64,11/27/91,1/1/99,Senior Staff
499336,Lokesh,Janetzko,6/17/62,1/26/87,1/1/99,Engineer
499340,Sreekrishna,Kaiserswerth,10/26/64,8/31/85,1/1/99,Senior Engineer
499345,Tesuya,Gargeya,3/24/64,11/29/85,1/1/99,Senior Staff
499350,Dung,Khalid,10/2/62,5/23/96,1/1/99,Technique Leader
499354,Kwangjo,Esteva,3/8/62,8/2/89,1/1/99,Senior Engineer
499359,Rosine,Alencar,7/18/62,1/24/88,1/1/99,Engineer
499361,Sandeepan,Solares,1/23/63,1/14/00,1/1/99,Staff
499362,Mayuko,Heyers,8/24/62,7/29/89,1/1/99,Engineer
499367,Makato,Farris,1/8/62,2/17/93,1/1/99,Senior Engineer
499371,Nagui,Denis,4/4/64,5/28/87,1/1/99,Senior Staff
499385,Eishiro,Nishimukai,3/21/62,10/27/93,1/1/99,Staff
499387,Kien,Pfau,8/9/63,9/3/96,1/1/99,Engineer
499392,Rayond,Nollmann,5/18/62,12/31/95,1/1/99,Senior Staff
499396,Parviz,Backhouse,11/19/62,8/28/98,1/1/99,Staff
499398,Vugranam,Chorvat,3/6/64,6/18/92,1/1/99,Senior Engineer
499402,Khalil,Benzaken,8/27/63,5/11/94,1/1/99,Senior Staff
499408,Arif,McFarlan,2/20/62,2/10/90,1/1/99,Assistant Engineer
499412,Georgy,Butner,5/31/62,10/2/89,1/1/99,Staff
499422,Lalit,Itschner,4/17/64,2/10/91,1/1/99,Senior Engineer
499427,Doowon,Oberman,8/31/64,9/8/86,1/1/99,Senior Staff
499428,Garnik,Nanard,4/5/63,5/8/91,1/1/99,Senior Staff
499431,Feiyu,McFarlin,6/2/64,5/28/90,1/1/99,Senior Staff
499433,Fumiyo,Spataro,8/12/64,11/2/88,1/1/99,Senior Staff
499443,Zorica,Kushner,12/30/63,8/9/92,1/1/99,Senior Engineer
499450,Chaosheng,Pargaonkar,4/23/63,5/7/90,1/1/99,Engineer
499452,Sachin,Baja,3/8/62,3/13/93,1/1/99,Engineer
499454,Sachio,Cannane,10/7/63,7/3/00,1/1/99,Staff
499465,Fuqing,Panwar,8/11/64,12/26/98,1/1/99,Staff
499466,Gilbert,Hinsberger,1/12/62,12/4/89,1/1/99,Engineer
499471,Ekawit,Gilg,4/25/62,3/4/97,1/1/99,Engineer
499475,Suvo,Baig,6/18/62,10/3/94,1/1/99,Engineer
499476,Kazunori,Peyn,4/14/63,7/20/99,1/1/99,Staff
499484,Mads,Vigier,6/16/62,12/29/92,1/1/99,Senior Staff
499485,Seongbin,Halloran,8/29/63,9/8/99,1/1/99,Engineer
499487,Felicidad,Hatcliff,8/6/63,9/7/99,1/1/99,Engineer
499488,Candida,Babu,5/9/62,6/13/92,1/1/99,Engineer
499495,Baoqiu,Kakkar,1/14/65,8/30/99,1/1/99,Engineer
499506,Divier,Khasidashvili,6/3/64,8/18/96,1/1/99,Engineer
499507,Mong,Staelin,4/28/62,10/4/96,1/1/99,Technique Leader
499520,Claudi,Bugaenko,5/12/63,7/5/00,1/1/99,Engineer
499521,Basem,Vural,1/31/63,11/8/85,1/1/99,Engineer
499522,Shahid,Beilner,10/6/63,10/10/89,1/1/99,Senior Engineer
499527,Vojin,Turnbull,8/23/63,10/2/90,1/1/99,Senior Engineer
499531,Itzchak,Perri,11/7/63,2/9/91,1/1/99,Senior Staff
499532,Masadi,Collette,7/23/62,12/13/92,1/1/99,Engineer
499534,Arvin,Gulak,1/22/62,9/8/94,1/1/99,Technique Leader
499547,Berto,Flowers,1/26/63,7/25/92,1/1/99,Senior Engineer
499549,Kagan,Veeraraghavan,6/21/64,11/27/95,1/1/99,Staff
499561,Doohun,Bade,7/24/62,2/12/97,1/1/99,Staff
499571,Paraskevi,Zschoche,8/17/62,1/24/93,1/1/99,Senior Engineer
499582,Christoph,McDermid,12/8/64,9/2/94,1/1/99,Engineer
499583,Gregory,Leonhardt,7/3/63,5/13/98,1/1/99,Engineer
499586,Kwangyoen,Siepmann,2/1/62,3/22/95,1/1/99,Engineer
499589,Basim,Bodoff,3/19/63,6/30/97,1/1/99,Staff
499592,Arlette,Dolinsky,9/2/64,6/26/97,1/1/99,Engineer
499594,Shawna,Shihab,8/9/62,4/18/96,1/1/99,Senior Engineer
499598,Mohan,Zaumen,9/28/64,5/13/91,1/1/99,Staff
499599,Duro,Peron,9/19/62,11/30/86,1/1/99,Technique Leader
499601,Satyanarayana,Schmezko,3/21/64,5/15/94,1/1/99,Senior Engineer
499604,Mario,Zschoche,9/6/64,6/30/02,1/1/99,Engineer
499609,Shushma,Farris,3/22/62,2/19/93,1/1/99,Engineer
499610,Kiyokazu,Vernadat,12/28/62,8/29/99,1/1/99,Staff
499621,Jeanna,Khamsi,2/4/62,8/20/93,1/1/99,Engineer
499625,Nechama,Denny,7/2/63,8/30/96,1/1/99,Staff
499639,Joydip,Wilharm,11/19/64,10/14/91,1/1/99,Engineer
499642,Geoffry,Schnelling,1/5/63,4/14/92,1/1/99,Senior Staff
499652,Oddvar,Ushiama,1/16/63,5/19/95,1/1/99,Assistant Engineer
499653,Reuven,Slaats,8/17/63,12/25/96,1/1/99,Senior Staff
499654,Cristinel,Plessier,6/9/64,3/18/94,1/1/99,Engineer
499661,Eric,Demeyer,6/30/63,8/5/94,1/1/99,Senior Staff
499664,Subhada,Ligten,3/1/63,6/24/90,1/1/99,Assistant Engineer
499669,Snehasis,Penn,1/17/64,3/4/97,1/1/99,Engineer
499673,Sailaja,Nyrup,6/29/62,4/14/90,1/1/99,Senior Engineer
499678,Shirish,Petereit,12/5/64,4/11/98,1/1/99,Senior Engineer
499682,Martijn,Foote,10/14/64,7/2/99,1/1/99,Senior Engineer
499686,Tommaso,Panangaden,2/3/63,9/1/95,1/1/99,Assistant Engineer
499691,Sastry,Szmurlo,11/19/64,10/27/95,1/1/99,Staff
499702,Ortrun,Callaway,12/1/64,2/14/93,1/1/99,Senior Engineer
499708,Piyush,Uehara,6/12/62,5/12/93,1/1/99,Senior Staff
499713,Zhiguo,Stroustrup,3/17/63,6/8/91,1/1/99,Senior Engineer
499717,Lucian,Isaak,5/21/62,2/14/95,1/1/99,Staff
499735,Xinglin,Bierbaum,1/9/63,3/31/91,1/1/99,Technique Leader
499748,Wonhee,Harnett,2/19/62,5/3/94,1/1/99,Senior Staff
499752,Palash,Stranks,4/3/64,8/17/97,1/1/99,Staff
499758,Guoxiang,Montresor,1/10/64,11/16/89,1/1/99,Engineer
499772,Thanasis,Guardalben,11/18/62,10/20/89,1/1/99,Technique Leader
499774,Eldridge,Mellouli,11/10/62,8/4/89,1/1/99,Technique Leader
499777,Cheong,Haumacher,10/8/63,6/23/99,1/1/99,Senior Staff
499779,Leaf,Baba,3/13/63,12/22/97,1/1/99,Staff
499792,Ekawit,Sinicrope,2/4/62,8/6/96,1/1/99,Senior Engineer
499794,Saniya,Hettesheimer,11/5/63,8/1/97,1/1/99,Staff
499796,Shigeu,Crouzet,6/11/63,9/14/94,1/1/99,Senior Staff
499799,Howell,Petereit,8/23/62,8/10/89,1/1/99,Senior Staff
499802,Eckart,Vrecion,3/7/62,2/27/93,1/1/99,Senior Staff
499803,Van,Zykh,3/25/63,10/11/91,1/1/99,Engineer
499811,Danae,Sevcikova,8/31/64,9/18/99,1/1/99,Assistant Engineer
499812,Ulf,Mapelli,3/27/62,2/26/98,1/1/99,Technique Leader
499818,Kokou,Angelov,4/10/63,8/1/87,1/1/99,Senior Staff
499831,Van,Jeansoulin,1/20/63,10/17/95,1/1/99,Technique Leader
499832,Takanari,Restivo,5/29/63,2/25/89,1/1/99,Senior Engineer
499840,Troy,Sifakis,8/3/63,12/9/96,1/1/99,Senior Engineer
499841,Deniz,Lundstrom,11/3/62,10/20/99,1/1/99,Staff
499846,Bezalel,Ranon,5/14/63,5/9/00,1/1/99,Engineer
499850,Fumiko,Luke,6/21/64,4/17/87,1/1/99,Staff
499852,JiYoung,Coney,9/17/62,5/24/86,1/1/99,Senior Staff
499856,Yoshinari,Theuretzbacher,11/23/62,4/5/99,1/1/99,Engineer
499857,Leszek,Tempesti,6/5/62,8/15/99,1/1/99,Engineer
499859,Huican,Passafiume,5/20/62,10/3/86,1/1/99,Senior Engineer
499860,Becky,Dahlbom,3/19/63,3/17/89,1/1/99,Senior Staff
499865,Heeju,Mandelberg,6/23/63,12/31/99,1/1/99,Staff
499867,Hidde,Alpin,1/25/62,10/13/88,1/1/99,Engineer
499885,Jagoda,Lanphier,9/21/63,5/9/97,1/1/99,Staff
499887,Kannan,Varley,8/16/64,11/1/97,1/1/99,Staff
499892,Shaunak,Vural,12/26/62,10/5/00,1/1/99,Staff
499895,Raimond,Leuchs,3/27/63,7/12/87,1/1/99,Senior Staff
499896,Gianluca,Rando,7/23/63,5/26/99,1/1/99,Engineer
499899,Mong,Usdin,12/24/63,7/13/90,1/1/99,Senior Staff
499901,Make,Terekhov,9/12/63,4/7/98,1/1/99,Staff
499916,Florina,Cusworth,1/9/62,10/17/99,1/1/99,Senior Engineer
499924,Angus,Swan,6/8/63,8/4/98,1/1/99,Senior Engineer
499931,Remco,Rosar,12/4/64,7/25/94,1/1/99,Assistant Engineer
499935,Ymte,Perelgut,12/18/63,9/27/91,1/1/99,Engineer
499942,April,Foolsday,1/10/63,3/28/98,1/1/99,Technique Leader
499944,Bernd,Baumann,12/18/64,9/10/92,1/1/99,Senior Staff
499949,Krister,Stranks,10/21/62,7/17/91,1/1/99,Engineer
499951,Kasidit,Krohm,8/17/62,6/18/99,1/1/99,Staff
499961,Holgard,Nanard,10/2/62,7/4/88,1/1/99,Senior Engineer
499963,Danny,Lenart,3/14/62,8/7/89,1/1/99,Engineer
499970,Danai,Hedayat,3/25/63,1/9/95,1/1/99,Staff
499973,Lobel,Taubman,6/3/63,2/1/94,1/1/99,Engineer
499976,Guozhong,Felder,8/20/63,12/26/88,1/1/99,Senior Staff
499979,Prasadram,Waleschkowski,10/29/62,8/29/96,1/1/99,Engineer
499985,Gila,Lukaszewicz,12/26/64,2/11/97,1/1/99,Staff
499990,Khaled,Kohling,11/3/63,10/28/99,1/1/99,Engineer
499991,Pohua,Sichman,2/26/62,2/11/97,1/1/99,Staff
499993,DeForest,Mullainathan,6/4/63,4/7/97,1/1/99,Engineer